2019-03-06,24.65,24.35,24.65,23.55,244250
2019-03-07,24.5,24.3,24.5,24.3,196690
2019-03-08,24.4,23.83,24.43,23.55,62680
2019-03-11,24.1,23.79,24.15,23.79,7050
2019-03-12,23.75,23.55,23.75,23.47,83800
2019-03-13,23.55,23.51,23.55,23.17,6878
2019-03-14,23.55,23.52,23.7299,23.49,27286
2019-03-15,23.4356,23.4615,23.55,23.4356,11815
2019-03-18,23.4,23.4,23.5,23.335,42643
2019-03-19,23.39,23.4,23.44,23.33,51310
2019-03-20,24.0,24.49,24.49,23.36,15875
2019-03-21,23.7,23.37,23.7,23.37,23945
2019-03-22,23.35,23.06,23.385,23.06,13428
2019-03-25,23.32,23.1286,23.32,23.02,17817
2019-03-26,23.25,23.05,23.29,23.02,9193
2019-03-27,23.11,23.12,23.23,23.11,11993
2019-03-28,23.1188,23.07,23.1899,23.02,14904
2019-03-29,23.04,23.05,23.1799,23.0194,10532
2019-04-01,23.2085,23.35,23.35,23.1658,26399
2019-04-02,23.4,23.25,23.45,23.16,9327
2019-04-03,23.38,23.29,23.38,23.23,12010
2019-04-04,23.35,23.8,23.81,23.3,18316
2019-04-05,23.9087,23.85,23.95,23.75,3076
2019-04-08,23.82,23.73,23.82,23.5293,12396
2019-04-09,23.65,23.65,23.7139,23.63,3486
2019-04-10,23.65,23.59,23.65,23.4556,5158
2019-04-11,23.72,23.5999,23.7201,23.46,11384
2019-04-12,23.4837,23.5499,23.6,23.303,4057
2019-04-15,23.55,23.4075,23.55,23.3334,4925
2019-04-16,23.41,23.5,23.5,23.3735,15256
2019-04-17,23.3943,23.31,23.5,23.13,17162
2019-04-18,23.21,23.3,23.3,23.1841,8610
2019-04-22,23.3,23.3,23.35,23.1835,13324
2019-04-23,23.21,23.3,23.3,23.21,1600
2019-04-24,23.3,23.29,23.3,23.03,56098
2019-04-25,23.2,23.2,23.2,23.115,13361
2019-04-26,23.2,23.4,23.4,23.2,7599
2019-04-29,23.5,23.48,23.515,23.4,11700
2019-04-30,23.7,23.48,23.7,23.48,3138
2019-05-01,23.51,23.42,23.51,23.3992,7612
2019-05-02,23.53,23.538,23.5651,23.53,1780
2019-05-03,23.48,23.43,23.57,23.4,15955
2019-05-06,23.36,23.5131,23.5131,23.36,1504
2019-05-07,23.4832,23.5,23.5,23.3544,3124
2019-05-08,23.5,23.5,23.5,23.5,397
2019-05-09,23.45,23.47,23.51,23.45,2874
2019-05-10,23.5166,23.35,23.5166,23.29,4426
2019-05-13,23.3138,23.32,23.32,23.3138,1135
2019-05-14,23.35,23.265,23.36,23.2648,1962
2019-05-15,23.2903,23.63,23.63,23.0201,5669
2019-05-16,23.64,23.6376,23.64,23.5027,2310
2019-05-17,23.45,23.62,23.62,22.99,17730
2019-05-20,23.6703,23.5834,23.6703,23.5529,1197
2019-05-21,23.58,23.5495,23.58,23.5495,714
2019-05-22,23.6046,23.49,23.6046,23.17,13011
2019-05-23,23.3,23.2305,23.4799,23.11,14115
2019-05-24,23.49,23.25,23.4995,23.25,3913
2019-05-28,23.37,23.38,23.4644,23.26,4551
2019-05-29,23.37,22.61125,23.41,23.1301,3825
2019-05-30,22.97,22.75,22.97,22.66,11332
2019-05-31,22.75,22.6651,22.75,22.65,4959
2019-06-03,22.59,22.21,22.59,22.2001,7029
2019-06-04,22.3,22.28,22.4094,22.0,18632
2019-06-05,22.04,22.0425,22.2913,21.98,12254
2019-06-06,22.0,21.73,22.0,21.5776,22246
2019-06-07,21.65,21.62,21.8695,21.62,16418
2019-06-10,21.65,21.99,22.0,21.6,11343
2019-06-11,21.99,21.93,21.99,21.75,11914
2019-06-12,21.735,21.818,21.86,21.735,1925
2019-06-13,21.7001,21.83,21.85,21.53,3800
2019-06-14,21.71,21.6979,21.7552,21.5,6000
2019-06-17,21.51,21.54,21.6176,21.51,8191
2019-06-18,21.6,21.58,21.79,21.51,12491
2019-06-19,21.6,21.55,21.6,21.4932,3005
2019-06-20,21.57,21.79,21.8,21.57,27215
2019-06-21,21.75,21.65,21.91,21.534,23013
2019-06-24,21.6522,21.56,21.7884,21.56,4958
2019-06-25,21.55,21.5,21.6379,21.28,6924
2019-06-26,21.55,21.45,21.73,21.45,7301
2019-06-27,21.5743,21.56,21.5743,21.52,3286
2019-06-28,21.55,21.57,21.69,21.53,4440
2019-07-01,21.95,21.75,21.95,21.7,5846
2019-07-02,21.52,21.7392,21.94,21.52,10716
2019-07-03,21.76,21.94,21.94,21.652,17215
2019-07-05,21.93,21.745,21.93,21.745,5500
2019-07-08,21.8198,21.78,22.0899,21.78,5932
2019-07-09,21.7344,21.775,21.93,21.7344,8766
2019-07-10,21.85,21.83,22.02,21.749,13462
2019-07-11,21.9357,21.91,21.9829,21.9,2636
2019-07-12,21.96,21.96,22.003,21.8766,6310
2019-07-15,21.9745,22.0818,22.13,21.955,8565
2019-07-16,22.0644,22.0644,22.0644,22.0644,2000
2019-07-17,22.2,22.23,22.3,22.165,10398
2019-07-18,22.3,22.5,22.5,22.2951,15370
2019-07-19,22.8,22.68,22.8,22.4885,6170
2019-07-22,22.6896,22.7795,22.84,22.59,3883
2019-07-23,22.75,22.95,22.99,22.6554,18420
2019-07-24,23.0,23.0,23.025,22.925,9108
2019-07-25,23.1,23.1,23.1,23.1,2344
2019-07-26,23.06,23.1484,23.23,23.06,5165
2019-07-29,23.23,23.1,23.26,23.07,15603
2019-07-30,23.2132,23.2,23.2547,23.2,1752
2019-07-31,23.34,23.24,23.34,22.81,6014
2019-08-01,23.4,23.38,23.4,23.364,1016
2019-08-02,23.1487,23.3,23.3,23.1353,4569
2019-08-05,23.37,23.02,23.37,23.02,729
2019-08-06,22.99,23.05,23.2915,22.99,9315
2019-08-07,23.13,22.45,23.35,22.45,11528
2019-08-08,22.46,22.68,22.77,22.3301,5603
2019-08-09,22.72,22.2418,22.72,22.215,21396
2019-08-12,22.311,22.3,22.3814,22.27,2425
2019-08-13,22.55,22.6139,22.6139,22.4535,1824
2019-08-14,22.539,22.37,22.539,22.25,4670
2019-08-15,22.63,22.5293,22.63,22.5293,900
2019-08-16,22.535,22.42,22.55,22.3591,2387
2019-08-19,22.5654,22.379,22.6581,22.3336,6372
2019-08-20,22.2574,22.2574,22.2574,22.2574,100
2019-08-21,22.129,22.1804,22.2446,21.92,8155
2019-08-23,21.9626,22.53,22.53,21.9626,4224
2019-08-26,22.2,22.43,22.45,22.13,7920
2019-08-27,22.25,22.2,22.25,22.16,6040
2019-08-28,22.2,22.02,22.28,22.0,4555
2019-08-29,22.083,22.15,22.15,22.083,3064
2019-08-30,22.03,22.99,23.04,22.03,4766
2019-09-03,22.2665,22.06,22.3534,22.05,2454
2019-09-04,22.1145,21.83,22.1145,21.75,5934
2019-09-05,21.83,22.0,22.1608,21.83,2655
2019-09-06,22.25,21.94,22.3,21.7,27197
2019-09-09,21.96,21.96,22.05,21.8,11875
2019-09-10,21.94,21.89,21.98,21.8442,18754
2019-09-11,21.9875,22.0,22.01,21.9548,8510
2019-09-12,21.88,21.9476,22.0168,21.837,36390
2019-09-13,21.929,21.82,21.9708,21.76,12907
2019-09-16,21.98,21.384375,22.0001,21.8793,37786
2019-09-17,21.35,21.45,21.704,21.35,9056
2019-09-18,21.3501,21.291,21.3501,21.0,47417
2019-09-19,21.2999,21.2,21.3,21.07,10355
2019-09-20,21.04,21.17,21.2593,21.04,2348
2019-09-23,21.1,21.14,21.23,21.1,5376
2019-09-24,21.1,21.18,21.2962,21.0,12548
2019-09-25,21.2053,21.3065,21.3065,21.2053,1220
2019-09-26,21.35,21.29,21.37,21.29,1150
2019-09-27,21.17,21.21,21.27,21.17,1437
2019-09-30,21.21,21.24,21.3277,20.8905,17751
2019-10-01,21.33,21.245,21.33,21.23,3071
2019-10-02,21.2332,21.166,21.25,21.166,7959
2019-10-03,21.1007,21.13,21.1767,21.0039,2390
2019-10-04,21.2,21.1132,21.25,21.1132,7503
2019-10-07,21.1,21.005,21.1,21.003,18101
2019-10-08,21.0929,20.9071,21.0929,20.48,14602
2019-10-09,20.98,20.75,21.03,20.69,6940
2019-10-10,20.55,20.9,20.9,20.55,3033
2019-10-11,20.7,20.9,21.043,20.6,7325
2019-10-14,21.0,21.1,21.1,20.91,7943
2019-10-15,21.08,21.27,21.3,21.05,22681
2019-10-16,21.25,21.3,21.3721,21.25,6174
2019-10-17,21.2,21.02,21.3697,21.02,7785
2019-10-18,21.05,21.1972,21.1972,21.05,1442
2019-10-21,21.15,21.2456,21.39,21.15,9980
2019-10-22,21.2,21.26,21.26,21.2,13394
2019-10-23,21.21,21.21,21.21,21.21,171
2019-10-24,21.15,21.3,21.32,21.15,4952
2019-10-25,21.15,21.35,21.4112,21.15,2087
2019-10-28,21.39,21.34,21.3901,21.2758,6434
2019-10-29,21.3574,21.4,21.41,21.26,4691
2019-10-30,21.39,21.38,21.4292,21.35,6679
2019-10-31,21.35,21.35,21.4,21.33,4024
2019-11-01,21.4,21.4,21.4,21.32,8374
2019-11-04,21.35,21.43,21.4416,21.35,3126
2019-11-05,21.38,21.37,21.45,21.37,5485
2019-11-06,21.37,21.4,21.45,21.37,3038
2019-11-07,21.35,21.4224,21.5,21.35,7089
2019-11-08,21.37,21.42,21.45,21.34,5292
2019-11-11,21.5,21.6,21.6,21.5,3042
2019-11-12,21.6,21.9028,21.9595,21.6,6739
2019-11-13,21.71,21.9501,21.96,21.71,4521
2019-11-14,21.9,21.81,21.95,21.81,10508
2019-11-15,21.75,21.8704,21.8704,21.75,2388
2019-11-18,21.76,21.8699,21.8699,21.76,3150
2019-11-19,21.872,21.86,21.88,21.73,3729
2019-11-20,21.7469,21.69,21.7469,21.4426,5211
2019-11-21,21.87,21.7,21.87,21.44,5740
2019-11-22,21.595,21.75,21.7745,21.595,758
2019-11-25,21.75,21.8,21.8,21.5671,4679
2019-11-26,21.8,21.96,21.96,21.8,1683
2019-11-27,21.99,22.0,22.055,21.99,5915
2019-11-29,22.22,22.22,22.22,22.22,199
2019-12-02,22.1,22.18,22.1873,22.0,3363
2019-12-03,22.22,22.18,22.22,22.0,5265
2019-12-04,22.209,22.11,22.209,22.06,9728
2019-12-05,22.11,22.1,22.1454,21.9,7804
2019-12-06,22.1753,22.0,22.1753,21.9,7886
2019-12-09,22.0561,21.9665,22.063,21.951,6688
2019-12-10,21.9948,22.0,22.0,21.9948,400
2019-12-11,22.0,21.95,22.0763,21.95,5434
2019-12-12,21.972,21.634375,22.15,21.93,13950
2019-12-13,21.63,21.62,21.77,21.5,3002
2019-12-16,21.6,21.45,21.61,21.45,8431
2019-12-17,21.516,21.51,21.516,21.51,1516
2019-12-18,21.51,21.573,21.573,21.4101,12004
2019-12-19,21.51,21.445,21.51,21.42,6925
2019-12-20,21.48,21.46,21.48,21.44,8920
2019-12-23,21.43,21.42,21.4999,21.42,13806
2019-12-24,21.41,21.35,21.41,21.33,4705
2019-12-26,21.36,21.4,21.4,21.36,11457
2019-12-27,21.44,21.4456,21.45,21.42,9732
2019-12-30,21.45,21.31,21.6786,21.31,22010
2019-12-31,21.36,21.465,21.6038,21.36,3717
2020-01-02,21.5715,21.64,21.73,21.5459,4071
2020-01-03,21.7277,21.7277,21.7277,21.7277,158
2020-01-06,21.72,21.65,21.72,21.64,4028
2020-01-07,21.73,21.73,21.73,21.72,1509
2020-01-08,21.633,21.628,21.67,21.6061,2509
2020-01-09,21.68,21.71,21.71,21.65,3158
2020-01-10,21.97,22.05,22.07,21.71,16451
2020-01-13,22.04,22.0,22.04,21.77,7265
2020-01-14,22.04,22.02,22.04,21.8938,5597
2020-01-15,22.0272,22.02,22.1426,22.0,11685
2020-01-16,22.0,22.0,22.0499,21.8617,15268
2020-01-17,22.04,22.08,22.3487,22.02,22660
2020-01-21,22.26,22.1286,22.26,22.1,11354
2020-01-22,22.264,22.16,22.264,22.16,1154
2020-01-23,22.35,22.11,22.35,22.11,6990
2020-01-24,22.2603,22.17,22.4,22.17,8654
2020-01-27,22.2,22.15,22.2,22.125,3118
2020-01-28,22.125,22.3,22.4,22.125,6420
2020-01-29,22.4,22.57,22.92,22.4,13166
2020-01-30,22.4,22.52,22.54,22.3,5168
2020-01-31,22.38,22.46,22.5,22.17,3292
2020-02-03,22.32,22.348,22.348,22.32,1460
2020-02-04,22.376,22.65,22.65,22.376,6646
2020-02-05,22.65,22.753,22.8,22.6,4670
2020-02-06,22.8,22.55,22.8,22.55,12921
2020-02-07,22.63,22.6,22.63,22.55,2200
2020-02-10,22.6684,22.6,22.6684,22.528,13400
2020-02-11,22.49,22.5276,22.6,22.45,11261
2020-02-12,22.63,22.5794,22.6482,22.56,5441
2020-02-13,22.465,22.545,22.545,22.465,2136
2020-02-14,22.56,22.6,22.6,22.49,6527
2020-02-18,22.6,22.9899,23.19,22.6,22166
2020-02-19,23.17,23.85,24.71,23.16,19719
2020-02-20,23.507,23.7,23.708,23.507,18875
2020-02-21,23.5404,23.56,23.7897,23.4127,19542
2020-02-24,23.51,23.275,23.5925,23.25,20007
2020-02-25,23.045,22.9502,23.52,22.86,12802
2020-02-26,23.1,22.464375,23.3,22.8593,15191
2020-02-27,22.45,22.29,22.46,21.54,14882
2020-02-28,21.67,22.18,22.18,21.6659,5550
2020-03-02,22.2,22.88,22.88,22.18,2693
2020-03-03,22.8,22.3,22.8,22.3,3060
2020-03-04,22.73,22.73,22.74,22.572,910
2020-03-05,22.55,22.01,22.5501,22.0,8051
2020-03-06,21.95,22.3,22.32,20.99,14961
2020-03-09,21.05,20.6,21.127,20.21,3518
2020-03-10,20.84,20.672,21.0,20.65,4670
2020-03-11,20.19,19.74,20.19,19.075,6945
2020-03-12,18.06,17.2737,18.418,16.2183,11274
2020-03-13,17.4032,16.89,17.4032,16.3502,3330
2020-03-16,15.9999,13.9999,15.9999,13.9999,3227
2020-03-17,14.066,13.07,14.066,12.26,8920
2020-03-18,13.2001,7.74,13.2001,5.06,12573
2020-03-19,7.74,10.07,10.8087,7.5157,39893
2020-03-20,10.5,10.52,10.85,9.47,51248
2020-03-23,9.7185,8.95,9.99,7.5,68357
2020-03-24,9.75,8.0,9.75,8.0,26656
2020-03-25,9.2,11.75,13.05,9.2,47773
2020-03-26,12.81,17.75,18.2755,12.67,34915
2020-03-27,15.42,15.6,15.96,15.0052,21292
2020-03-30,14.93,14.26,15.01,13.9,13810
2020-03-31,14.025,14.71,14.75,13.8242,4654
2020-04-01,12.6163,12.375,12.95,12.2,9441
2020-04-02,12.0,13.1,13.18,11.9001,5961
2020-04-03,12.69,12.15,12.69,11.685,9500
2020-04-06,13.1,14.0465,14.3,13.1,9927
2020-04-07,13.5,14.93,15.09,13.5,13098
2020-04-08,14.4,17.0,17.0,14.4,7576
2020-04-09,17.1,17.1,17.5,16.415,13028
2020-04-13,17.1,17.15,17.3,17.0,1640
2020-04-14,17.75,17.0,17.75,16.53,2750
2020-04-15,16.69,17.0,17.0,15.98,3599
2020-04-16,16.75,16.71,16.75,16.68,729
2020-04-17,16.5,17.49,17.49,16.5,8305
2020-04-20,17.09,16.86,17.1735,16.63,7570
2020-04-21,16.6,17.0,17.0,16.24,1919
2020-04-22,17.0,17.0,17.2,16.9175,10015
2020-04-23,17.23,17.25,17.4999,16.75,5119
2020-04-24,16.81,17.1934,17.1934,16.81,719
2020-04-27,16.81,17.0,17.19,16.81,1290
2020-04-28,16.94,16.99,17.1,16.91,5535
2020-04-29,17.08,17.4,17.4,16.9,12535
2020-04-30,17.44,17.4,17.45,17.4,2131
2020-05-01,17.1,17.41,17.41,16.95,4407
2020-05-04,17.39,17.31,17.39,16.9,1333
2020-05-05,16.85,17.36,17.41,16.85,1593
2020-05-06,17.36,17.37,17.4,16.51,5597
2020-05-07,17.2999,17.3,17.3,17.05,900
2020-05-08,17.1,17.29,17.2995,17.1,1900
2020-05-11,16.9,16.61,16.91,16.5611,5964
2020-05-12,16.85,16.59,16.85,16.25,6083
2020-05-13,16.0,16.2,16.2,15.5,6705
2020-05-14,16.0,15.99,16.09,15.7,5522
2020-05-15,16.61,16.25,16.61,16.25,459
2020-05-18,16.8,16.55,16.9,16.0,4973
2020-05-19,16.53,16.5,16.545,16.362,6726
2020-05-20,15.9249,16.55,16.62,15.61,14285
2020-05-21,16.12,16.45,16.45,16.01,4133
2020-05-22,16.5,16.5,16.5,16.4237,2450
2020-05-26,16.5,16.9001,16.95,16.3,7660
2020-05-27,17.0811,17.19,17.23,16.75,7050
2020-05-28,17.0798,17.45,17.74,17.02,7309
2020-05-29,17.44,17.5,17.67,17.1494,1465
2020-06-01,17.7,17.85,17.85,17.7,6086
2020-06-02,17.8262,18.23,18.23,17.77,10261
2020-06-03,18.23,18.05,18.23,18.0,4017
2020-06-04,17.7275,18.2499,18.25,17.7275,2310
2020-06-05,19.0,20.65,21.11,18.69,27580
2020-06-08,20.02,20.2,20.39,20.0,3118
2020-06-09,20.18,20.67,20.813,19.82,8946
2020-06-10,20.17,20.44,20.47,20.0,13182
2020-06-11,19.825,19.79,19.825,19.0,8384
2020-06-12,19.28,20.45,20.45,19.28,3333
2020-06-15,20.0,20.27,20.27,19.649,5386
2020-06-16,20.34,20.1,20.34,19.99,2150
2020-06-17,20.49,19.654375,20.49,19.95,11993
2020-06-18,19.59,20.13,20.13,19.59,800
2020-06-19,19.55,20.09,20.09,19.55,400
2020-06-22,19.6,19.63,19.8584,19.6,4000
2020-06-23,19.7213,19.72,19.75,19.5,3261
2020-06-24,19.86,19.68,19.884,19.61,5117
2020-06-25,19.7402,19.725,19.75,19.725,996
2020-06-26,19.65,19.85,19.85,19.65,5459
2020-06-29,19.53,19.72,19.85,19.35,16505
2020-06-30,19.61,19.6306,19.65,19.61,1548
2020-07-01,19.6319,19.65,19.65,19.52,2204
2020-07-02,19.575,19.575,19.575,19.575,1064
2020-07-06,19.58,19.692,19.692,19.555,1815
2020-07-07,19.65,19.8001,19.9015,19.65,3754
2020-07-08,19.75,19.75,19.75,19.75,312
2020-07-09,19.65,19.748,19.8531,19.6001,3005
2020-07-10,19.63,19.54,19.63,19.52,3849
2020-07-13,19.6,19.0512,19.6,18.95,3282
2020-07-14,19.0502,18.9,19.0502,18.76,940
2020-07-15,19.458,19.2,19.458,19.2,208
2020-07-16,19.01,19.09,19.2,19.01,1399
2020-07-17,NaN,19.09,NaN,NaN,1399
2020-07-20,18.64,18.92,18.92,18.52,1350
2020-07-21,19.45,19.45,19.45,19.45,260
2020-07-22,18.17,19.3,19.3237,18.17,2989
2020-07-23,19.245,19.35,19.35,19.0,807
2020-07-24,18.99,18.7575,19.25,18.75,3257
2020-07-27,18.99,19.0,19.0,18.98,503
2020-07-28,19.0,19.0,19.0,19.0,200
2020-07-29,19.0,19.0,19.0,18.88,725
2020-07-30,18.88,19.0,19.0,18.88,1424
2020-07-31,19.47,19.34,19.48,19.22,2933
2020-08-03,19.35,19.1001,19.4,19.1,2835
2020-08-04,19.1,19.0,19.1,19.0,364
2020-08-05,19.0,19.185,19.185,18.981,1308
2020-08-06,NaN,19.185,NaN,NaN,91
2020-08-07,19.49,19.49,19.49,19.49,120
2020-08-10,19.41,19.45,19.49,19.22,1662
2020-08-11,19.05,19.01,19.31,19.0,4940
2020-08-12,19.4,19.4,19.4,19.4,195
2020-08-13,19.4,19.2,19.5,19.2,2804
2020-08-14,19.06,19.05,19.06,19.03,502
2020-08-17,19.2725,19.195,19.2725,19.05,2675
2020-08-18,19.3,19.45,19.45,19.16,1164
2020-08-19,19.167,19.3325,19.42,19.167,1128
2020-08-20,19.3,19.25,19.42,19.25,1875
2020-08-21,19.3,19.3,19.3,19.3,174
2020-08-24,19.42,19.4,19.42,19.4,406
2020-08-25,19.3998,19.225,19.3998,19.225,750
2020-08-26,19.2061,19.1355,19.4,19.06,7973
2020-08-27,19.0,19.13,19.172,19.0,763
2020-08-28,19.187,19.3,19.3,19.187,2270
2020-08-31,19.12,19.12,19.275,19.12,1848
2020-09-01,19.05,19.43,19.43,19.05,1080
2020-09-02,19.4,19.1901,19.4,19.08,747
2020-09-03,19.2753,19.31,19.31,19.2753,657
2020-09-04,19.31,19.3,19.31,19.3,590
2020-09-08,19.32,19.395,19.395,19.32,1147
2020-09-09,19.32,19.35,19.43,19.16,2956
2020-09-10,19.35,19.3501,19.3501,19.35,306
2020-09-11,19.46,19.434275,19.95,19.19,5994
2020-09-14,19.65,19.2,19.65,18.95,3352
2020-09-15,19.0,18.75,19.0,18.75,4673
2020-09-16,18.76,18.975,18.975,18.76,439
2020-09-17,18.9898,19.0,19.077,18.75,7376
2020-09-18,18.94,19.19,19.19,18.76,2600
2020-09-21,18.75,19.18,19.18,18.75,703
2020-09-22,19.2,19.0,19.2,19.0,972
2020-09-23,19.06,19.05,19.1999,18.75,8456
2020-09-24,18.8,18.75,18.8,18.75,3670
2020-09-25,18.76,18.935,18.935,18.75,800
2020-09-28,18.92,18.9966,18.9966,18.92,842
2020-09-29,18.83,19.0,19.0,18.83,1100
2020-09-30,18.75,19.04,19.04,18.75,2144
2020-10-01,19.1343,19.0581,19.1343,18.94,701
2020-10-02,18.77,18.95,18.95,18.77,211
2020-10-05,18.98,18.95,18.98,18.75,2236
2020-10-06,19.04,18.925,19.04,18.75,9023
2020-10-07,18.9025,18.9236,18.9236,18.9025,306
2020-10-08,18.75,18.99,18.99,18.75,6021
2020-10-12,18.931,18.75,18.931,18.75,3197
2020-10-13,18.78,18.8,18.8,18.735,1001
2020-10-14,18.76,18.84,18.85,18.75,11200
2020-10-15,18.7,18.7,18.7,18.7,1242
2020-10-16,18.75,18.85,18.85,18.74,3410
2020-10-19,18.76,18.75,18.76,18.75,1225
2020-10-21,18.76,19.04,19.04,18.75,2900
2020-10-22,18.75,18.92,18.92,18.75,400
2020-10-23,NaN,18.92,NaN,NaN,0
2020-10-26,18.8073,18.9,18.9,18.8073,4702
2020-10-27,18.89,18.9,18.9,18.89,303
2020-10-28,18.26,18.86,18.89,18.26,1509
2020-10-29,18.61,18.85,18.89,18.61,4497
2020-10-30,18.6301,18.85,18.85,18.6301,979
2020-11-02,18.85,18.85,18.8875,18.73,17945
2020-11-03,18.85,18.95,18.95,18.85,11254
2020-11-04,NaN,18.95,NaN,NaN,125
2020-11-05,18.93,18.95,18.95,18.93,299
2020-11-06,18.98,19.15,19.15,18.58,7150
2020-11-09,19.14,19.21,19.24,18.6,8309
2020-11-10,19.157,19.0,19.3145,18.7,4904
2020-11-11,19.219,19.219,19.219,19.219,250
2020-11-12,NaN,19.219,NaN,NaN,5
2020-11-13,19.4,19.51,19.52,19.4,3105
2020-11-16,19.55,19.67,19.75,19.5,3146
2020-11-17,19.9501,19.9725,19.9725,19.95,650
2020-11-18,20.0,20.0,20.0,20.0,1005
2020-11-19,19.73,19.95,19.95,19.73,2793
2020-11-20,20.11,19.95,20.11,19.73,3489
2020-11-23,20.24,20.75,22.24,20.24,16852
2020-11-24,20.7,20.7,20.7,20.5235,5178
2020-11-25,20.32,20.04,20.32,20.04,1230
2020-11-27,20.2,21.05,21.1,20.2,623
2020-11-30,21.09,21.26,21.5,20.9975,5415
2020-12-01,21.36,21.25,21.38,21.25,443
2020-12-02,21.0,21.222,21.25,21.0,2205
2020-12-03,21.25,21.25,21.26,20.875,3200
2020-12-04,21.58,21.7,21.7,21.58,1938
2020-12-07,21.52,21.72,21.955,21.396,5550
2020-12-08,21.825,21.8,21.95,21.4,2446
2020-12-09,21.0,21.7,21.7,21.0,3350
2020-12-10,21.26,21.3635,21.41,21.26,1848
2020-12-11,21.29,21.35,21.5,21.29,2622
2020-12-14,21.35,20.894975,21.73,21.25,8381
2020-12-15,21.0001,20.9,21.188,20.87,9483
2020-12-16,21.15,21.023,21.15,21.0,1478
2020-12-17,21.13,21.1,21.13,20.95,4408
2020-12-18,21.2,21.25,21.25,21.1454,2335
2020-12-21,20.8849,20.9,20.95,20.875,2066
2020-12-22,21.0,20.875,21.0,20.76,2292
2020-12-23,21.0,21.0,21.0,21.0,302
2020-12-24,21.0253,21.0,21.0253,21.0,271
2020-12-28,21.01,20.925,21.05,20.8,4269
2020-12-29,20.925,20.7001,20.925,20.7,2549
2020-12-30,20.7501,20.925,20.9999,20.7501,1112
2020-12-31,20.75,21.0,21.0,20.575,3344
2021-01-04,20.82,20.75,20.92,20.5,1836
2021-01-05,NaN,20.75,NaN,NaN,25
2021-01-06,21.05,21.0,21.05,20.895,2105
2021-01-07,21.0,21.15,21.32,20.99,4800
2021-01-08,21.36,21.2,21.36,21.17,896
2021-01-11,21.35,21.36,21.3961,21.0942,2795
2021-01-12,21.1424,21.22,21.22,21.1424,985
2021-01-13,21.22,21.22,21.25,21.22,1261
2021-01-14,21.32,21.35,21.35,21.0,3351
2021-01-15,21.25,21.05,21.2989,21.0101,3229
2021-01-19,21.3965,21.3999,21.3999,21.3965,311
2021-01-20,21.39,21.1,21.39,21.1,555
2021-01-21,21.265,21.5,21.5,21.265,7680
2021-01-22,21.5,21.5,21.5,21.49,1163
2021-01-25,21.5,21.51,21.525,21.49,3845
2021-01-26,21.52,21.55,21.55,21.52,2021
2021-01-27,21.5,21.46,21.525,21.45,3305
2021-01-28,21.6,21.71,21.71,21.6,1176
2021-01-29,NaN,21.71,NaN,NaN,25
2021-02-01,21.72,21.7199,21.72,21.7199,500
2021-02-02,21.73,21.85,21.86,21.7278,1319
2021-02-03,21.835,21.835,21.835,21.835,328
2021-02-04,21.92,21.805,22.0,21.805,2001
2021-02-05,22.0099,21.9899,22.149,21.895,2551
2021-02-08,22.2,22.15,22.2999,22.15,5171
2021-02-09,22.25,22.22,22.29,22.22,3265
2021-02-10,22.2451,22.5,22.5,22.2451,7917
2021-02-11,22.6,22.47,22.6,22.25,3874
2021-02-12,22.5545,22.4,22.5545,22.4,2395
2021-02-16,22.59,22.4998,22.59,22.43,10007
2021-02-17,22.6,22.585,22.6,22.5,7318
2021-02-18,22.76,22.5,22.76,22.45,4594
2021-02-19,22.45,22.63,22.76,22.45,8234
2021-02-22,22.7599,22.7,22.76,22.4001,6818
2021-02-23,22.7,22.6,22.77,22.5,14248
2021-02-24,22.6,21.934475,22.7699,22.4501,5516
2021-02-25,22.29,21.9435,22.29,21.9435,2324
2021-02-26,22.0,22.0,22.01,21.95,2820
2021-03-01,21.7601,22.2,22.26,21.7601,2196
2021-03-02,21.934,22.0,22.2,21.85,8155
2021-03-03,22.24,22.05,22.24,21.96,8581
2021-03-04,22.06,22.09,22.2999,22.06,6665
2021-03-05,22.25,21.97,22.2538,21.97,4917
2021-03-08,21.84,21.96,21.96,21.84,1538
2021-03-09,21.97,22.01,22.1899,21.97,3614
2021-03-10,22.01,22.1302,22.2394,22.0,4000
2021-03-11,22.26,21.93,22.26,21.93,4782
2021-03-12,22.23,22.22,22.25,22.2,1595
2021-03-15,22.22,22.06,22.4972,21.9001,7577
2021-03-16,22.255,22.5,22.51,22.25,8314
2021-03-17,22.54,22.448,22.55,22.3005,5601
2021-03-18,22.3,22.4001,22.45,22.25,6092
2021-03-19,22.3999,22.3601,22.45,22.34,9869
2021-03-22,22.41,22.3985,22.4124,22.25,11310
2021-03-23,22.45,22.5062,22.55,22.345,16956
2021-03-24,22.54,22.85,23.2,22.5071,5392
2021-03-25,22.825,23.0,23.0,22.776,485
2021-03-26,23.2,23.54,23.54,23.2,6737
2021-03-29,23.51,23.5135,23.5135,23.43,9146
2021-03-30,23.49,23.5012,23.51,23.49,4369
2021-03-31,23.51,23.51,23.51,23.365,2140
2021-04-01,23.51,23.6,23.7,23.285,7734
2021-04-05,23.6,23.55,23.6025,23.11,7759
2021-04-06,23.5524,23.59,23.7,23.525,16134
2021-04-07,23.57,23.57,23.6,23.57,2424
2021-04-08,23.6,23.65,23.68,23.5915,10088
2021-04-09,23.8,23.7075,23.8,23.6499,6771
2021-04-12,23.7,23.78,23.9399,23.7,7443
2021-04-13,23.8,23.82,23.8907,23.7995,4698
2021-04-14,23.85,23.79,23.8501,23.78,6785
2021-04-15,23.7999,23.57,23.8,23.57,6540
2021-04-16,23.8,23.7932,23.8,23.7273,3244
2021-04-19,23.75,23.8,23.8,23.75,1726
2021-04-20,23.7495,23.89,23.9,23.7,3950
2021-04-21,23.85,23.8,23.9,23.8,964
2021-04-22,23.8899,23.8899,23.8899,23.8899,163
2021-04-23,23.82,23.89,23.89,23.82,3633
2021-04-26,23.9,24.1305,24.15,23.8999,16933
2021-04-27,24.0746,24.11,24.15,24.045,2139
2021-04-28,24.15,24.5,24.5,24.15,12178
2021-04-29,24.45,24.4001,24.49,24.4001,3814
2021-04-30,24.395,24.395,24.395,24.395,220
2021-05-03,24.49,24.475,24.49,24.4,1409
2021-05-04,24.5,24.4,24.5926,24.3103,8006
2021-05-05,24.4256,24.4,24.42,24.4,835
2021-05-06,24.5,24.375,24.5,24.32,3409
2021-05-07,24.45,24.3699,24.5,24.337,7274
2021-05-10,24.405,24.56,24.75,24.405,7175
2021-05-11,24.6409,24.5,24.655,24.48,2281
2021-05-12,24.46,24.3411,24.48,24.25,2621
2021-05-13,24.3,24.21,24.33,24.21,3159
2021-05-14,24.16,24.3165,24.39,24.14,2923
2021-05-17,24.11,24.3972,24.4,24.11,10232
2021-05-18,24.24,24.65,24.65,24.24,2530
2021-05-19,24.76,24.8,24.82,24.75,2117
2021-05-20,24.75,24.75,24.75,24.75,710
2021-05-21,24.8,24.8,24.8,24.8,1300
2021-05-24,24.8,24.95,24.9928,24.8,8650
2021-05-25,24.9599,24.89,24.9599,24.7,4685
2021-05-26,24.8899,24.9,24.9,24.8514,3031
2021-05-27,24.9,24.8,24.9,24.7994,3503
2021-05-28,24.97,25.0033,25.0033,24.97,8387
2021-06-01,25.34,25.39,25.4,25.2332,3147
2021-06-02,25.4,25.2499,25.4,25.2495,1888
2021-06-03,25.25,25.15,25.25,25.15,3490
2021-06-04,25.15,25.1325,25.15,25.1,1702
2021-06-07,25.15,25.15,25.17,25.14,13263
2021-06-08,25.15,25.1,25.25,24.8,10657
2021-06-09,24.9944,25.16,25.2999,24.9778,8825
2021-06-10,25.23,25.265,25.265,25.1238,2591
2021-06-11,25.3,24.782375,25.3,25.2577,1600
2021-06-14,24.96,24.85,25.09,24.61,11735
2021-06-15,24.84,24.88,24.9801,24.84,1997
2021-06-16,24.78,24.8,24.885,24.77,1894
2021-06-17,24.81,24.8439,24.9185,24.76,5141
2021-06-18,24.78,24.8,24.8,24.75,2857
2021-06-21,24.92,24.86,24.92,24.8467,973
2021-06-22,24.8689,24.835,24.919,24.7517,3951
2021-06-23,24.85,24.9742,24.9742,24.75,5228
2021-06-24,24.9001,24.98,25.0299,24.7501,7701
2021-06-25,25.0,24.9745,25.0001,24.88,1434
2021-06-28,25.06,25.09,25.14,24.895,5532
2021-06-29,25.03,25.14,25.14,25.02,1224
2021-06-30,25.01,25.01,25.01,25.01,318
2021-07-01,25.1256,25.14,25.14,25.12,2609
2021-07-02,25.14,25.25,25.25,25.14,3065
2021-07-06,25.15,25.225,25.4,25.0866,11322
2021-07-07,25.11,25.14,25.355,25.11,1028
2021-07-08,24.86,25.2499,25.25,24.86,3107
2021-07-09,25.3,25.2,25.4,25.2,5601
2021-07-12,25.23,25.23,25.315,25.23,760
2021-07-13,25.39,25.39,25.39,25.39,396
2021-07-14,25.2702,25.2702,25.2702,25.2702,289
2021-07-15,NaN,25.2702,NaN,NaN,65
2021-07-16,25.25,25.26,25.3111,25.25,683
2021-07-19,25.15,25.29,25.4,25.15,2928
2021-07-20,25.3,25.275,25.3,25.225,7475
2021-07-21,25.2835,25.15,25.2985,25.15,1250
2021-07-22,25.17,25.15,25.225,24.9,4604
2021-07-23,25.1809,25.1809,25.1809,25.1809,309
2021-07-26,25.2,25.2,25.2299,25.2,3611
2021-07-27,25.23,25.115,25.23,25.0,1355
2021-07-28,25.1499,25.16,25.16,25.0901,1294
2021-07-29,NaN,25.16,NaN,NaN,35
2021-07-30,25.11,25.11,25.4,25.11,2175
2021-08-02,25.1372,25.185,25.2,25.1372,2929
2021-08-03,NaN,25.185,NaN,NaN,78
2021-08-04,25.215,25.25,25.25,25.215,2379
2021-08-05,25.1801,25.233,25.273,25.17,7879
2021-08-06,25.12,25.0,25.14,25.0,1850
2021-08-09,25.05,25.09,25.2299,25.05,2155
2021-08-10,25.1501,25.06,25.153,25.06,3019
2021-08-11,25.0201,25.0,25.094,25.0,16376
2021-08-12,25.0,25.03,25.09,25.0,10434
2021-08-13,25.05,25.02,25.05,24.97,5772
2021-08-16,25.05,25.1,25.1,24.95,3231
2021-08-17,25.0967,24.92,25.105,24.87,5882
2021-08-18,25.11,25.09,25.11,25.09,3703
2021-08-19,24.99,25.0899,25.0904,24.99,3525
2021-08-20,25.09,25.11,25.11,25.0001,3569
2021-08-23,25.1,25.1867,25.24,25.1,7134
2021-08-24,25.095,25.05,25.19,25.0,2392
2021-08-25,25.12,25.1836,25.19,25.12,2148
2021-08-26,25.1999,25.2,25.2,25.18,1305
2021-08-27,25.2,25.32,25.32,25.2,2562
2021-08-30,25.32,25.37,25.37,25.32,1117
2021-08-31,25.39,25.39,25.4,25.2935,3484
2021-09-01,25.3799,25.39,25.39,25.25,3637
2021-09-02,25.38,25.36,25.38,25.3073,749
2021-09-03,25.39,25.29,25.39,25.29,960
2021-09-07,25.39,25.39,25.39,25.365,1108
2021-09-08,25.39,25.42,25.42,25.06,2869
2021-09-09,25.3,25.3,25.3,25.3,222
2021-09-10,25.38,25.51,25.51,25.38,1147
2021-09-13,25.51,25.55,25.55,25.51,707
2021-09-14,25.4405,25.024375,25.54,25.4405,1687
2021-09-15,25.35,25.1501,25.47,25.15,6038
2021-09-16,25.155,25.17,25.2,25.05,8327
2021-09-17,25.0492,25.0979,25.0979,25.0492,714
2021-09-20,25.05,25.0405,25.0519,25.03,3919
2021-09-21,25.2477,25.2477,25.2477,25.2477,430
2021-09-22,25.11,25.24,25.2593,25.11,5003
2021-09-23,25.175,25.14,25.233,25.1003,4216
2021-09-24,25.1838,25.09,25.2385,24.8801,7008
2021-09-28,25.15,25.19,25.24,25.15,2465
2021-09-29,25.17,25.17,25.525,25.17,2104
2021-09-30,25.265,25.03,25.27,25.01,1758
2021-10-01,25.114,25.0218,25.26,25.0218,3078
2021-10-04,25.15,25.175,25.2,25.15,991
2021-10-05,25.23,25.2,25.23,25.2,1105
2021-10-06,25.26,25.215,25.26,25.215,311
2021-10-07,25.3,25.0,25.3,24.96,2530
2021-10-08,NaN,25.0,NaN,NaN,8
2021-10-11,25.2928,25.099,25.2944,25.099,1709
2021-10-12,25.22,25.58,25.64,25.22,4000
2021-10-13,25.48,25.48,25.48,25.25,1900
2021-10-14,25.35,25.35,25.35,25.35,540
2021-10-15,25.3,25.23,25.3,25.175,3030
2021-10-18,25.1001,25.15,25.25,25.1001,1544
2021-10-19,25.1,25.085,25.1,25.085,711
2021-10-20,25.1444,25.0901,25.24,25.0901,4444
2021-10-21,25.3213,25.3213,25.3213,25.3213,251
2021-10-22,25.2723,25.29,25.29,25.2723,716
2021-10-25,25.25,25.25,25.25,25.25,200
2021-10-26,25.25,25.25,25.25,25.25,100
2021-10-27,25.25,25.25,25.25,25.2409,1985
2021-10-28,25.2084,25.25,25.25,25.2084,769
2021-10-29,25.3,25.3439,25.3439,25.26,428
2021-11-01,25.4799,25.5,25.5,25.4747,3063
2021-11-02,25.45,25.55,25.55,25.25,2773
2021-11-03,25.51,25.52,25.52,25.51,809
2021-11-04,NaN,25.52,NaN,NaN,13
2021-11-05,NaN,25.52,NaN,NaN,1
2021-11-08,25.95,25.54,25.95,25.53,728
2021-11-09,25.58,25.58,25.58,25.58,235
2021-11-10,25.56,25.56,25.56,25.56,185
2021-11-11,25.6,25.6141,25.6141,25.6,470
2021-11-12,25.7298,25.7298,25.7298,25.7298,197
2021-11-15,25.65,25.6501,25.6501,25.65,312
2021-11-16,25.685,25.685,25.685,25.685,111
2021-11-17,25.685,25.685,25.685,25.685,6
2021-11-18,25.705,25.705,25.705,25.705,492
2021-11-19,25.705,25.705,25.705,25.705,101
2021-11-22,25.75,25.83,25.9527,25.7373,2598
2021-11-23,25.93,25.93,25.93,25.93,101
2021-11-24,25.795,25.9,25.9,25.795,1013
2021-11-26,25.9,25.85,25.91,25.85,1164
2021-11-29,25.69,25.85,25.85,25.69,328
2021-11-30,25.9565,25.6701,25.9565,25.67,421
2021-12-01,25.7,25.67,25.7,25.66,1425
2021-12-02,25.67,25.67,25.67,25.67,100
2021-12-03,25.66,25.75,25.75,25.63,1212
2021-12-06,25.49,25.468,25.49,25.46,2033
2021-12-07,25.47,25.46,25.47,25.45,1103
2021-12-08,25.46,25.5038,25.5038,25.46,912
2021-12-09,25.5038,25.5038,25.5038,25.5038,25
2021-12-10,25.48,25.5,25.58,25.48,1444
2021-12-13,25.5664,25.65,25.65,25.5664,1103
2021-12-14,25.65,25.65,25.65,25.65,38
2021-12-15,25.8499,25.52,25.99,25.52,2126
2021-12-16,25.52,25.52,25.52,25.52,1
2021-12-17,25.8791,25.384375,25.91,25.86,2019
2021-12-20,25.3501,25.7163,25.74,25.3501,611
2021-12-21,25.7,25.35,25.7,25.35,1356
2021-12-22,25.35,25.29,25.3597,25.15,3089
2021-12-23,25.29,25.29,25.29,25.29,39
2021-12-27,NaN,25.29,NaN,NaN,1
2021-12-28,25.3,25.3,25.3,25.3,390
2021-12-29,25.36,25.36,25.36,25.36,129
2021-12-30,25.2999,25.21,25.2999,25.17,2010
2021-12-31,25.2192,25.2585,25.3,25.2192,1224
2022-01-03,25.264,25.264,25.264,25.264,2032
2022-01-04,25.16,25.2,25.2,25.15,3470
2022-01-05,25.2,25.17,25.2,25.13,4994
2022-01-06,25.195,25.17,25.195,25.17,432
2022-01-07,25.17,25.17,25.17,25.17,1
2022-01-10,25.12,25.177,25.177,25.05,4759
2022-01-11,25.177,25.177,25.177,25.177,353
2022-01-12,25.2,25.25,25.27,25.0624,4313
2022-01-13,25.25,25.25,25.25,25.25,10
2022-01-14,25.27,25.2899,25.29,25.27,812
2022-01-18,NaN,25.2899,NaN,NaN,116
2022-01-19,25.29,25.1285,25.29,25.1,6819
2022-01-20,25.1,25.0601,25.175,25.06,6850
2022-01-21,25.1011,25.04,25.1011,24.83,3128
2022-01-24,24.9,24.7,24.9999,24.51,6209
2022-01-25,24.6,24.7,24.71,24.6,2100
2022-01-26,24.9499,24.82,24.95,24.8,6500
2022-01-27,24.9,24.91,24.92,24.847,5508
2022-01-28,24.9064,24.9,24.92,24.9,1971
2022-01-31,25.0,24.8,25.0001,24.7196,4152
2022-02-01,24.78,25.02,25.39,24.78,5119
2022-02-02,25.03,25.03,25.03,25.03,301
2022-02-03,24.91,24.82,24.91,24.82,320
2022-02-04,24.82,24.7,24.8947,24.7,2521
2022-02-07,24.98,24.94,25.15,24.75,4819
2022-02-08,24.8501,24.75,24.8525,24.75,3164
2022-02-09,24.75,24.75,24.75,24.75,73
2022-02-10,25.02,24.8,25.02,24.8,1533
2022-02-11,24.71,24.7,25.01,24.7,2807
2022-02-14,24.68,24.62,24.7,24.54,6421
2022-02-15,24.85,24.5,25.0,24.4,2926
2022-02-16,24.75,24.9998,24.9998,24.75,1580
2022-02-17,24.9998,24.9998,24.9998,24.9998,0
2022-02-18,24.88,24.88,24.88,24.88,210
2022-02-22,24.76,24.8,24.8,24.76,561
2022-02-23,24.99,24.95,25.0,24.95,1815
2022-02-24,24.9,24.7,24.9,24.51,4648
2022-02-25,24.58,24.384275,24.8999,24.58,1633
2022-02-28,24.6,24.57,24.7017,24.57,899
2022-03-01,24.3,24.7,24.7,24.3,1095
2022-03-02,24.795,24.89,24.985,24.7002,4787
2022-03-03,24.89,24.9777,25.0273,24.89,1834
2022-03-04,25.09,24.95,25.1121,24.9,3986
2022-03-07,24.95,25.0,25.044,24.95,2430
2022-03-08,25.0698,24.86,25.0698,24.86,1089
2022-03-09,24.705,24.8899,24.89,24.59,4748
2022-03-10,25.05,25.05,25.05,25.05,1889
2022-03-11,25.12,25.05,25.2,25.05,8805
2022-03-14,25.0,24.7,25.0,24.69,1631
2022-03-15,25.2799,24.7201,25.2799,24.7201,1164
2022-03-16,24.75,24.89,24.89,24.75,2683
2022-03-17,24.8335,24.8001,24.8335,24.8,1241
2022-03-18,24.83,24.795,24.83,24.795,740
2022-03-21,24.7501,24.55,24.7501,24.3301,4605
2022-03-23,24.59,24.59,24.6,24.59,864
2022-03-24,24.65,24.675,24.675,24.65,642
2022-03-28,24.71,24.71,24.71,24.71,189
2022-03-29,24.9,24.9,24.9,24.9,467
2022-03-30,24.75,24.88,24.88,24.75,398
2022-03-31,24.9399,24.9399,24.9399,24.9399,337
2022-04-01,24.6501,24.6501,24.6501,24.6501,1000
2022-04-04,24.75,24.67,24.75,24.67,722
2022-04-05,24.7,24.62,24.7001,24.62,1203
2022-04-06,24.55,24.55,24.55,24.55,555
2022-04-07,24.5001,24.5001,24.5672,24.5001,1901
2022-04-08,24.45,24.79,24.79,24.45,1066
2022-04-11,24.8,24.72,24.8,24.72,2373
2022-04-12,24.8,24.6303,24.82,24.6303,4713
2022-04-14,24.84,24.73,24.84,24.6,1431
2022-04-18,24.7136,24.68,24.7136,24.68,4379
2022-04-19,24.6,24.5,24.6,24.5,7319
2022-04-20,24.625,24.5101,24.625,24.5,1328
2022-04-21,24.55,24.56,24.58,24.54,3067
2022-04-22,24.6,24.6499,24.65,24.6,1266
2022-04-25,24.575,24.65,24.65,24.51,5988
2022-04-26,24.65,24.58,24.65,24.58,7500
2022-04-27,24.55,24.5,24.58,24.5,11719
2022-04-28,24.578,24.54,24.58,24.53,13278
2022-04-29,24.54,24.51,24.54,24.5,13847
2022-05-02,24.5,24.53,24.54,24.5,6407
2022-05-03,24.54,24.75,24.8,24.52,8908
2022-05-04,24.75,24.75,24.75,24.75,1936
2022-05-05,24.75,24.5,24.75,24.5,3421
2022-05-06,24.6553,24.55,24.74,24.5,1159
2022-05-09,24.4545,24.47,24.6,24.45,2870
2022-05-10,24.4907,23.7,24.4907,23.7,3332
2022-05-11,23.68,23.4,23.68,23.04,1168
2022-05-12,22.31,21.6812,22.31,20.39,5291
2022-05-13,22.8168,22.7608,22.8999,22.61,2467
2022-05-16,22.85,22.3226,22.85,22.3226,1434
2022-05-17,22.725,22.61,22.725,22.6,650
2022-05-18,22.52,22.7,22.7,22.5,952
2022-05-19,22.8499,22.75,22.8499,22.7346,2699
2022-05-20,22.68,22.68,22.68,22.68,150
2022-05-23,22.6,22.75,22.75,22.6,1816
2022-05-24,22.75,22.8,22.825,22.75,1627
2022-05-25,22.84,22.85,22.9,22.7047,5611
2022-05-26,23.0,23.35,23.35,23.0,1489
2022-05-27,23.4,23.4,23.4,23.4,1181
2022-05-31,23.37,23.38,23.39,23.37,487
2022-06-01,23.4205,23.1419,23.4205,23.1419,476
2022-06-02,23.3,23.5014,23.57,23.3,1582
2022-06-03,23.59,23.59,23.59,23.59,1129
2022-06-06,23.78,23.43,23.78,23.43,4325
2022-06-07,23.56,23.56,23.56,23.56,330
2022-06-08,23.89,23.91,23.91,23.8448,2146
2022-06-09,23.6599,23.64,23.6599,23.5507,1112
2022-06-10,23.62,23.64,23.64,23.62,914
2022-06-13,23.5084,22.894375,23.5084,23.25,11824
2022-06-14,23.03,22.5,23.1088,22.5,4776
2022-06-15,22.46,22.81,22.97,22.46,2302
2022-06-16,22.8,22.37,22.8,22.35,5313
2022-06-17,22.09,22.78,22.79,22.07,1538
2022-06-21,22.4534,22.4182,22.4534,22.4,1535
2022-06-22,22.63,22.43,22.65,22.3001,2889
2022-06-23,22.72,22.59,22.72,22.58,1607
2022-06-24,22.7499,22.7499,22.7499,22.7499,206
2022-06-27,22.6999,22.5,22.7,22.5,2394
2022-06-28,22.31,22.31,22.515,22.31,2823
2022-06-30,22.3,22.0,22.52,22.0,8191
2022-07-01,22.0,21.85,22.0,21.85,1679
2022-07-06,21.52,20.86,21.8499,20.43,15439
2022-07-07,21.21,21.16,21.21,21.0,693
2022-07-08,20.72,20.72,20.72,20.72,156
2022-07-11,20.89,20.9,20.9,20.89,2685
2022-07-12,20.73,20.775,20.89,20.2672,8487
2022-07-13,20.8,21.0,21.1,20.73,3408
2022-07-14,20.9,20.86,20.9,20.8484,1522
2022-07-15,20.5638,20.8502,20.88,20.5638,2442
2022-07-18,20.92,20.89,21.1,20.89,1556
2022-07-19,20.06,20.3,20.66,20.0,17601
2022-07-20,20.5,20.49,20.7525,20.47,3248
2022-07-21,20.7999,20.3,20.7999,20.3,2515
2022-07-22,20.32,20.32,20.33,20.32,578
2022-07-25,20.3,20.38,20.38,20.2,2714
2022-07-26,20.4,20.4,20.4,20.375,5453
2022-07-27,20.8999,20.4,20.8999,20.29,4851
2022-07-28,20.4,20.42,20.7,20.4,1593
2022-07-29,20.85,20.5,20.9,20.4,9440
2022-08-01,20.75,20.715,20.9499,20.65,5553
2022-08-02,20.715,20.64,20.84,20.61,6082
2022-08-03,20.84,20.85,20.9599,20.75,7946
2022-08-04,20.85,20.78,20.85,20.78,7003
2022-08-05,20.75,20.78,20.8,20.75,1097
2022-08-08,20.62,20.7,20.7,20.62,1404
2022-08-09,20.78,20.78,20.78,20.78,125
2022-08-10,20.8866,21.06,21.15,20.8866,16518
2022-08-11,21.2888,21.165,21.2888,21.08,1795
2022-08-12,21.2,21.2,21.2,21.025,8819
2022-08-15,21.07,21.2,21.25,21.07,5976
2022-08-16,21.0986,21.58,21.58,21.0986,9307
2022-08-17,21.3,21.1,21.34,21.0,4942
2022-08-18,20.85,21.03,21.15,20.85,4010
2022-08-19,20.9684,20.8,20.9684,20.78,4107
2022-08-22,20.6,20.7,20.8,20.6,9557
2022-08-23,20.71,20.7,20.83,20.7,42561
2022-08-24,20.82,20.82,20.82,20.82,270
2022-08-25,21.1,21.4,21.4,21.1,990
2022-08-26,21.4001,21.4001,22.32,21.4001,500
2022-08-29,21.87,21.7,21.87,21.7,2282
2022-08-30,21.95,21.93,22.09,21.4,6365
2022-08-31,21.7914,22.04,22.3293,21.75,1796
2022-09-01,21.8,21.6,21.85,21.0101,6147
2022-09-06,21.9,21.9,21.9,21.9,406
2022-09-07,21.505,21.4,21.74,21.4,2487
2022-09-08,21.45,21.37,21.45,21.37,918
2022-09-09,21.38,21.37,21.38,21.37,849
2022-09-12,21.6,21.6,21.76,21.6,525
2022-09-13,21.6001,21.9999,21.9999,21.59,2900
2022-09-14,21.89,21.364375,21.89,21.88,786
2022-09-16,20.86,20.85,21.298,20.7,14859
2022-09-19,20.8,20.12,20.8,19.9,32581
2022-09-20,20.1,20.05,20.1,20.05,1925
2022-09-21,20.05,20.12,20.12,20.05,1611
2022-09-22,20.345,20.18,20.345,20.18,1153
2022-09-23,20.2,20.2001,20.39,20.05,11556
2022-09-26,20.0501,19.6437,20.0501,19.6437,9683
2022-09-27,19.6088,19.0823,19.6088,19.0,9267
2022-09-28,19.45,19.0,19.45,19.0,6623
2022-09-29,19.21,17.84,19.21,17.625,12492
2022-09-30,17.9,18.0001,18.0001,17.9,1849
2022-10-03,17.95,18.27,18.5524,17.6454,4562
2022-10-04,18.32,18.8999,18.98,18.3005,2823
2022-10-05,18.8999,18.99,18.99,18.87,4128
2022-10-06,18.99,19.69,19.69,18.99,1124
2022-10-07,19.4945,19.4945,19.4945,19.4945,1198
2022-10-10,18.9786,19.0783,19.1388,18.9786,529
2022-10-11,19.4,20.0,20.0,19.4,2366
2022-10-12,20.34,19.3517,20.34,19.3517,3693
2022-10-13,19.31,19.35,19.77,19.26,4319
2022-10-17,19.4,19.368,19.48,19.368,1450
2022-10-18,20.24,20.24,20.24,20.24,232
2022-10-19,19.59,20.1493,20.1493,19.5,1964
2022-10-20,19.56,19.6301,19.68,19.56,3154
2022-10-21,19.63,19.9102,19.9102,19.63,3021
2022-10-25,19.63,20.4994,20.4994,19.63,1196
2022-10-26,20.0,20.0,20.0,19.54,5368
2022-10-27,19.7388,19.74,20.0,19.7388,4371
2022-10-31,19.7418,19.928,19.9402,19.7418,643
2022-11-01,20.0,19.9585,20.0,19.8631,1682
2022-11-02,19.91,19.9645,19.9645,19.91,412
2022-11-03,20.1234,20.95,20.95,20.1234,1400
2022-11-04,21.0,21.0,21.0,20.8,1130
2022-11-07,21.78,21.33,21.78,21.33,4293
2022-11-09,21.38,21.3,21.38,21.3,527
2022-11-10,21.25,21.1275,21.25,21.015,1098
2022-11-11,20.95,20.95,20.95,20.95,312
2022-11-14,21.12,21.12,21.12,21.12,209
2022-11-15,21.12,21.0798,21.3,21.0798,1054
2022-11-18,21.4,21.26,21.4,21.26,783
2022-11-21,21.7,21.7,21.7,21.7,1465
2022-11-28,21.7,21.7,21.7,21.63,1596
2022-11-29,21.5104,21.54,21.54,21.5104,715
2022-11-30,21.89,21.8999,21.8999,21.5001,2490
2022-12-02,21.7785,21.88,21.88,21.7785,700
2022-12-06,21.5,21.545,21.7,21.5,3047
2022-12-09,21.68,21.68,21.68,21.68,204
2022-12-12,21.5,21.5,21.5,21.5,165
2022-12-13,21.5,21.5,21.62,21.5,2449
2022-12-14,21.65,21.37,21.69,21.3,2772
2022-12-15,21.0,20.734375,21.345,21.0,4762
2022-12-19,21.73,21.69,21.73,21.365,1883
2022-12-20,21.4017,21.29,21.49,21.25,779
2022-12-21,21.2064,21.3,21.32,21.16,3770
2022-12-22,21.3,21.3,21.3,21.3,811
2022-12-23,20.71,21.1,21.15,20.49,8541
2022-12-27,21.0,21.0,21.1104,21.0,1220
2022-12-30,21.07,21.0899,21.0899,20.87,2051
2023-01-03,20.92,20.92,20.92,20.92,307
2023-01-04,21.145,21.29,21.35,21.03,3457
2023-01-06,21.52,21.29,21.52,21.29,3044
2023-01-09,21.29,21.29,21.29,21.29,1100
2023-01-10,21.3801,21.3801,21.3801,21.3801,191
2023-01-12,21.38,21.4,21.4,21.29,1714
2023-01-13,21.6,21.5,21.6,21.5,553
2023-01-17,20.83,21.4,21.4,20.83,9925
2023-01-18,21.59,21.61,21.61,21.58,795
2023-01-20,21.855,21.98,21.98,21.855,1211
2023-01-23,22.02,21.8943,22.02,21.8943,229
2023-01-24,21.9411,22.45,22.99,21.9411,4383
2023-01-25,22.2112,22.67,22.72,22.2112,3688
2023-01-26,22.67,22.5,22.8,21.9601,2375
2023-01-27,22.5,22.4,22.5,22.4,963
2023-01-30,22.9,22.545,22.9,21.4,2578
2023-01-31,22.57,22.58,22.58,22.57,849
2023-02-01,22.79,22.6302,22.79,22.6302,669
2023-02-02,22.63,22.6,22.63,22.6,833
2023-02-03,22.8,22.8,22.8,22.58,1489
2023-02-06,22.8,22.75,22.81,22.75,1325
2023-02-08,22.2487,22.5,22.5,22.2,3176
2023-02-09,22.5,22.5,22.5,22.4999,1265
2023-02-14,22.73,22.5901,22.73,22.5901,634
2023-02-15,22.59,22.24,22.59,21.55,3260
2023-02-17,22.8,23.74,23.93,22.56,6049
2023-02-21,23.75,23.15,23.75,23.15,1236
2023-02-22,23.4,23.125,23.74,23.125,3541
2023-02-23,23.0,23.0,23.0,23.0,736
2023-02-24,23.0,23.4,23.5,23.0,1103
2023-02-27,23.4,22.884375,23.4,23.4,361
2023-02-28,22.89,22.51,22.9213,22.51,929
2023-03-01,22.62,22.0,22.6201,20.88,12810
2023-03-02,21.51,22.0,22.3459,21.25,11945
2023-03-03,22.27,22.0,22.27,22.0,1724
2023-03-06,22.11,22.59,22.59,22.0,1652
2023-03-07,21.8967,22.25,22.5941,21.8967,4101
2023-03-08,22.01,22.0,22.3,21.8,6724
2023-03-09,21.8,21.51,21.8,20.88,5988
2023-03-10,21.51,21.2535,21.51,21.0,3337
2023-03-13,20.78,21.5,21.5221,20.78,956
2023-03-14,21.7499,21.75,21.75,21.7499,300
2023-03-15,21.9779,21.95,21.9779,21.0549,2600
2023-03-16,21.75,21.7,21.75,21.7,2261
2023-03-21,20.78,20.5601,20.78,20.48,2558
2023-03-22,20.48,20.4,20.4801,19.95,7918
2023-03-23,20.4,20.58,20.58,20.4,1051
2023-03-24,20.25,20.246,20.25,20.205,1700
2023-03-27,20.1641,20.24,20.25,20.1641,3685
2023-03-28,20.1,20.0,20.115,20.0,1150
2023-03-29,20.1,20.19,20.229,20.055,2483
2023-03-30,20.01,20.05,20.05,19.85,2391
2023-03-31,20.18,20.8598,20.86,20.18,3738
2023-04-03,20.75,20.75,20.75,20.75,176
2023-04-04,20.88,21.202,21.202,20.88,1139
2023-04-05,21.25,21.73,21.74,21.25,1748
2023-04-10,21.3,21.25,21.3,21.25,5094
2023-04-11,21.3,21.23,21.3,21.08,1261
2023-04-12,21.59,21.335,21.59,21.0701,705
2023-04-13,21.49,21.5898,21.59,21.49,1010
2023-04-17,21.58,21.0,21.58,21.0,5572
2023-04-18,21.0,21.1,21.1,20.8801,4483
2023-04-20,21.2384,21.2384,21.2384,21.2384,100
2023-04-21,21.24,21.2398,21.24,21.2398,557
2023-04-24,21.3221,21.2112,21.38,21.2112,1200
2023-04-25,21.4999,21.2003,21.5,21.2003,2500
2023-04-26,21.26,21.059,21.26,21.059,4080
2023-04-27,20.89,21.0,21.11,20.8,4463
2023-04-28,20.7,21.48,21.48,20.7,1882
2023-05-01,21.0001,21.0001,21.0001,21.0001,660
2023-05-02,21.0,21.0,21.0,20.85,2845
2023-05-03,20.86,21.0,21.0,20.725,4330
