2020-02-04,25.05,25.01,25.05,24.9,175925
2020-02-05,25.0,24.98,25.51,24.95,7462378
2020-02-06,25.03,25.0,25.04,24.98,1771076
2020-02-07,25.02,24.94,25.04,24.9,920114
2020-02-10,24.96,24.92,25.0,24.91,921834
2020-02-11,24.95,24.95,24.98,24.9,899566
2020-02-12,24.93,24.89,24.99,24.85,910313
2020-02-13,24.96,24.89,24.98,24.89,1016533
2020-02-14,24.9,24.8999,24.94,24.88,684947
2020-02-18,24.96,24.93,24.97,24.93,334857
2020-02-19,24.96,24.93,24.99,24.93,372926
2020-02-20,24.95,25.01,25.01,24.93,292055
2020-02-21,25.01,24.98,25.05,24.98,435821
2020-02-24,24.82,24.78,24.85,24.7,868594
2020-02-25,24.9,24.74,24.9,24.7,466733
2020-02-26,24.74,24.75,24.82,24.74,315180
2020-02-27,24.71,24.49,24.71,24.0,549874
2020-02-28,24.38,24.24,24.38,23.81,3321287
2020-03-02,24.12,24.15,24.34,23.795,510813
2020-03-03,24.21,24.26,24.64,24.15,243726
2020-03-04,24.67,24.72,24.74,24.25,67681
2020-03-05,24.43,24.6,24.62,24.43,211965
2020-03-06,24.35,24.39,24.49,24.07,168757
2020-03-09,24.0,23.85,24.0869,23.02,209977
2020-03-10,24.0,23.5,24.09,23.3529,110466
2020-03-11,23.35,22.27,23.39,22.0,228434
2020-03-12,19.32,17.49,21.01,16.8504,487899
2020-03-13,18.5,17.75,18.864,17.53,330543
2020-03-16,17.5,16.61,17.5907,16.5,796098
2020-03-17,16.8,15.35,17.3,15.23,491838
2020-03-18,14.9,9.87,14.97,8.8,865445
2020-03-19,10.07,15.01,16.125,10.06,1155259
2020-03-20,15.0,14.12,15.98,14.04,813246
2020-03-23,14.35,14.31,14.65,12.77,515949
2020-03-24,14.5,15.54,16.83,14.5,668384
2020-03-25,15.15,16.12,18.87,15.15,419341
2020-03-26,17.01,19.06,20.39,17.01,563895
2020-03-27,18.7,20.25,20.44,18.27,678813
2020-03-30,20.89,18.79,20.89,18.51,568140
2020-03-31,18.4,17.75,18.4,17.75,273462
2020-04-01,17.06,16.89,17.6,16.76,804148
2020-04-02,16.94,18.05,18.08,16.64,502933
2020-04-03,18.55,17.99,18.55,17.03,375686
2020-04-06,18.71,20.52,20.62,18.71,492195
2020-04-07,20.95,20.4,21.1641,20.0548,204361
2020-04-08,20.6,21.19,21.25,20.6,312529
2020-04-09,21.75,21.5,21.82,21.1,643696
2020-04-13,21.79,21.01,21.79,20.2598,322188
2020-04-14,21.1,21.05,21.37,20.735,154285
2020-04-15,20.22,19.99,20.59,19.81,139301
2020-04-16,20.42,20.49,20.49,19.75,63758
2020-04-17,21.37,21.55,21.61,20.65,226709
2020-04-20,21.26,21.2,21.785,21.11,120284
2020-04-21,21.0,21.38,21.5,20.56,130587
2020-04-22,21.74,20.96,21.74,20.91,48035
2020-04-23,20.95,20.92,21.19,20.8,122529
2020-04-24,20.9,20.52,20.93,20.46,156457
2020-04-27,20.6,20.7,20.96,20.54,167332
2020-04-28,20.73,21.25,21.33,20.73,66218
2020-04-29,21.29,21.51,21.59,20.97,261052
2020-04-30,21.03,21.76,21.98,21.03,110436
2020-05-01,21.06,21.45,21.49,21.06,44005
2020-05-04,21.4,21.26,21.63,21.26,58503
2020-05-05,21.36,21.44,21.66,21.31,62968
2020-05-06,21.4,21.47,21.58,21.4,28774
2020-05-07,21.58,21.43,21.79,21.4,64465
2020-05-08,21.6,21.56,21.8,21.52,46065
2020-05-11,21.55,21.27,21.55,21.13,58115
2020-05-12,21.1,20.8,21.53,20.77,168165
2020-05-13,20.8,20.25,20.85,20.0402,153861
2020-05-14,20.2,20.46,20.51,19.6,90924
2020-05-15,20.3,20.5,20.59,20.05,75337
2020-05-18,20.65,20.96,20.96,20.46,55782
2020-05-19,20.94,21.02,21.18,20.776,76635
2020-05-20,21.025,21.19,21.24,20.9821,35857
2020-05-21,21.15,21.16,21.2,20.926,28824
2020-05-22,21.2,21.18,21.2,21.0,19569
2020-05-26,21.28,21.365,21.56,21.28,43026
2020-05-27,21.49,21.43,21.52,21.25,45984
2020-05-28,21.5,21.45,21.53,21.38,57581
2020-05-29,21.48,21.38,21.5,21.35,28507
2020-06-01,21.37,21.45,21.63,21.37,74403
2020-06-02,21.5,21.47,21.51,21.31,45279
2020-06-03,21.51,21.52,21.67,21.5,88983
2020-06-04,21.55,21.48,21.645,21.42,212414
2020-06-05,21.7,21.76,21.856,21.51,231475
2020-06-08,21.95,22.02,22.09,21.79,202067
2020-06-09,22.02,22.0,22.08,21.8359,129103
2020-06-10,22.0,22.06,22.14,21.65,93039
2020-06-11,21.6,21.49,21.71,21.3201,159084
2020-06-12,21.59,21.48,21.89,21.16,159438
2020-06-15,20.63,21.33,21.53,20.46,86055
2020-06-16,21.53,21.5,21.95,21.47,101062
2020-06-17,21.5,21.405,21.5,21.3801,28342
2020-06-18,21.25,21.15,21.32,21.0774,39485
2020-06-19,21.28,21.19,21.33,21.15,42536
2020-06-22,21.06,21.41,21.41,20.95,30322
2020-06-23,21.3792,21.43,21.54,21.35,176813
2020-06-24,21.5,21.46,21.5,21.2,83175
2020-06-25,21.3,21.07,21.3329,21.03,83769
2020-06-26,21.14,21.1099,21.14,20.92,43156
2020-06-29,21.11,21.06,21.11,20.79,54780
2020-06-30,20.57,20.54,21.025,20.5,238769
2020-07-01,20.6,20.78,20.81,20.59,115085
2020-07-02,20.9,20.54,21.01,20.49,101640
2020-07-06,20.855,20.94,20.9519,20.75,256319
2020-07-07,20.85,20.92,20.96,20.8,87943
2020-07-08,20.94,21.28,21.31,20.88,37689
2020-07-09,21.13,21.05,21.246,20.9,31022
2020-07-10,21.1122,21.17,21.25,20.92,79685
2020-07-13,21.27,20.9501,21.34,20.95,74534
2020-07-14,20.95,21.08,21.1,20.93,62828
2020-07-15,21.08,21.4,21.4,21.08,370268
2020-07-16,21.34,21.55,21.62,21.29,139163
2020-07-17,21.47,21.45,21.5592,21.365,29012
2020-07-20,21.46,21.78,21.81,21.46,76773
2020-07-21,21.78,21.99,22.07,21.78,88300
2020-07-22,22.0,21.92,22.018,21.78,18682
2020-07-23,21.95,21.94,22.1,21.93,54451
2020-07-24,21.81,21.81,21.95,21.8,22432
2020-07-27,21.8,22.0,22.08,21.71,40161
2020-07-28,21.9,21.8,22.1,21.75,65679
2020-07-29,21.96,22.08,22.16,21.91,35480
2020-07-30,22.02,22.01,22.2,21.92,37287
2020-07-31,22.12,22.01,22.2,21.96,39793
2020-08-03,22.1,22.18,22.24,22.02,25939
2020-08-04,22.34,22.14,22.34,22.03,30907
2020-08-05,22.205,22.23,22.3,22.16,38872
2020-08-06,22.24,22.35,22.35,22.1,26127
2020-08-07,22.11,22.35,22.4,22.11,30662
2020-08-10,22.35,22.59,22.75,22.29,100645
2020-08-11,22.6,22.59,22.78,22.58,56026
2020-08-12,22.6,22.6,22.66,22.544,27587
2020-08-13,22.57,22.54,22.8,22.45,85084
2020-08-14,22.46,22.65,22.67,22.431,24405
2020-08-17,22.58,22.83,22.83,22.48,19416
2020-08-18,22.79,22.69,22.79,22.6662,47474
2020-08-19,22.64,22.77,22.84,22.61,33375
2020-08-20,22.86,22.89,22.98,22.775,26803
2020-08-21,22.9,22.74,22.99,22.695,28693
2020-08-24,22.88,22.7801,22.88,22.75,31207
2020-08-25,22.68,22.73,22.8204,22.68,41376
2020-08-26,22.8,22.88,23.0,22.73,65290
2020-08-27,22.875,22.89,22.905,22.75,16410
2020-08-28,22.86,22.81,22.9,22.76,17739
2020-08-31,22.75,22.53,22.8423,22.47,69733
2020-09-01,22.62,22.68,22.7588,22.4,36703
2020-09-02,22.6349,22.71,22.8199,22.5,18090
2020-09-03,22.4,22.62,22.65,22.4,41289
2020-09-04,22.64,22.61,22.654,22.5,48447
2020-09-08,22.58,22.58,22.75,22.49,54337
2020-09-09,22.62,22.715,22.73,22.58,36051
2020-09-10,22.6612,22.6,22.75,22.54,48392
2020-09-11,22.6,22.49,22.6746,22.4304,41253
2020-09-14,22.5,22.64,22.7236,22.5,48547
2020-09-15,22.7,22.7,22.75,22.61,26559
2020-09-16,22.75,22.79,22.83,22.7,37003
2020-09-17,22.75,22.8798,22.898,22.75,37584
2020-09-18,22.89,22.91,22.94,22.83,66361
2020-09-21,22.9,22.73,22.9,22.65,60578
2020-09-22,22.83,22.867,22.89,22.66,105545
2020-09-23,22.8,22.6,22.87,22.43,410595
2020-09-24,22.58,22.7,22.72,22.446,122951
2020-09-25,22.7,22.76,22.85,22.69,19977
2020-09-28,22.92,22.88,22.95,22.72,106626
2020-09-29,22.86,22.775,22.87,22.57,35054
2020-09-30,22.4,22.12,22.4381,22.1,92232
2020-10-01,22.15,22.15,22.2,22.05,81519
2020-10-02,22.05,22.01,22.15,21.85,59737
2020-10-05,22.05,21.94,22.15,21.94,33970
2020-10-06,21.99,21.95,22.29,21.9,78212
2020-10-07,21.95,21.97,22.11,21.95,39151
2020-10-08,22.0,22.36,22.45,21.91,72685
2020-10-09,22.35,22.23,22.35,22.07,23646
2020-10-12,22.1832,22.22,22.3,22.15,23350
2020-10-13,22.21,22.17,22.22,22.15,11321
2020-10-14,22.214,22.07,22.214,21.94,44607
2020-10-15,21.94,22.05,22.09,21.94,14107
2020-10-16,22.07,22.25,22.25,21.97,36506
2020-10-19,22.26,22.15,22.26,22.1,56346
2020-10-20,22.1,22.15,22.15,22.09,13530
2020-10-21,22.13,22.1,22.1999,22.06,37296
2020-10-22,22.06,22.0,22.12,21.96,28772
2020-10-23,22.0,22.08,22.18,22.0,63789
2020-10-26,22.03,21.85,22.14,21.75,50318
2020-10-27,22.0,21.88,22.05,21.775,42539
2020-10-28,21.8,21.6,21.88,21.48,104683
2020-10-29,21.6,21.69,21.75,21.5,54112
2020-10-30,21.58,21.65,21.71,21.37,88032
2020-11-02,21.59,21.39,21.758,21.27,70549
2020-11-03,21.35,21.51,21.64,21.29,36295
2020-11-04,21.52,21.6,21.77,21.3801,115036
2020-11-05,21.65,21.82,21.93,21.6,217350
2020-11-06,21.72,21.73,21.93,21.59,76812
2020-11-09,22.09,21.88,22.09,21.77,63799
2020-11-10,21.955,21.86,22.09,21.77,174671
2020-11-11,21.9,21.57,21.96,21.46,72800
2020-11-12,21.59,21.34,21.61,21.29,78217
2020-11-13,21.44,21.45,21.66,21.37,70531
2020-11-16,21.66,21.62,21.789,21.34,272565
2020-11-17,21.7,21.63,21.9,21.5,202487
2020-11-18,21.51,21.74,21.92,21.51,267234
2020-11-19,21.75,21.88,21.98,21.72,133981
2020-11-20,21.8712,21.87,21.94,21.775,70035
2020-11-23,21.9,22.06,22.12,21.86,167827
2020-11-24,22.1144,22.07,22.25,22.02,328767
2020-11-25,22.2,22.27,22.32,21.91,91544
2020-11-27,22.3,22.3,22.38,22.29,40242
2020-11-30,22.49,22.3,22.5,22.27,169223
2020-12-01,22.38,22.31,22.58,22.3,284015
2020-12-02,22.39,22.44,22.4896,22.3,166310
2020-12-03,22.5,22.67,22.73,22.37,115525
2020-12-04,22.7,22.9,22.9,22.603,121128
2020-12-07,22.98,22.9,23.1,22.81,166729
2020-12-08,23.03,23.14,23.15,22.95,79101
2020-12-09,23.14,23.1,23.2,23.0,26969
2020-12-10,23.09,23.0,23.12,22.88,90695
2020-12-11,22.91,23.03,23.09,22.86,132559
2020-12-14,23.1171,22.94,23.1171,22.75,121705
2020-12-15,23.04,23.14,23.15,22.91,79615
2020-12-16,23.1268,23.34,23.34,23.11,80305
2020-12-17,23.45,23.4,23.45,23.09,107857
2020-12-18,23.45,23.49,23.56,23.2,87682
2020-12-21,23.34,23.49,23.49,23.275,40675
2020-12-22,23.4,23.5,23.5,23.27,73025
2020-12-23,23.5,23.47,23.5,23.28,109758
2020-12-24,23.5,23.69,23.69,23.42,50263
2020-12-28,23.69,23.73,23.8,23.646,61510
2020-12-29,23.7,24.02,24.06,23.675,99441
2020-12-30,23.68,23.8,23.915,23.52,128660
2020-12-31,23.75,23.89,23.93,23.6,145495
2021-01-04,23.81,23.74,23.81,23.51,81648
2021-01-05,23.69,23.76,23.89,23.65,77647
2021-01-06,23.68,23.61,23.772,23.49,49096
2021-01-07,23.72,23.77,23.83,23.6,145013
2021-01-08,23.76,23.71,23.78,23.64,41414
2021-01-11,23.68,23.73,23.74,23.61,77100
2021-01-12,23.645,23.67,23.71,23.55,48502
2021-01-13,23.77,23.97,24.0,23.7101,59566
2021-01-14,24.0,24.0,24.09,23.928,57306
2021-01-15,23.96,24.1,24.14,23.885,22465
2021-01-19,24.11,24.2,24.2,23.94,41721
2021-01-20,24.1,24.36,24.45,24.1,49272
2021-01-21,24.38,24.35,24.5,24.19,52626
2021-01-22,24.35,24.28,24.396,24.16,43519
2021-01-25,24.2,24.11,24.28,24.0,139765
2021-01-26,24.17,24.09,24.1829,23.97,58103
2021-01-27,24.0143,23.96,24.08,23.93,69053
2021-01-28,24.05,24.07,24.09,23.84,81793
2021-01-29,24.07,24.0,24.07,23.83,84832
2021-02-01,23.89,23.96,24.13,23.85,57475
2021-02-02,24.0,24.05,24.2,23.9,63484
2021-02-03,24.3,24.07,24.3,23.93,46788
2021-02-04,23.95,24.06,24.1299,23.95,17195
2021-02-05,24.08,24.15,24.25,24.07,41028
2021-02-08,24.1725,24.1,24.24,24.1,55532
2021-02-09,24.15,23.9962,24.15,23.97,39728
2021-02-10,24.035,23.89,24.035,23.76,47166
2021-02-11,23.89,23.84,23.9386,23.74,27204
2021-02-12,23.89,23.75,23.89,23.6801,50995
2021-02-16,23.8716,23.57,23.8716,23.5,36609
2021-02-17,23.7,23.58,23.7999,23.56,44159
2021-02-18,23.64,23.7,23.73,23.575,22416
2021-02-19,23.74,23.65,23.74,23.53,33989
2021-02-22,23.74,23.58,23.74,23.57,27527
2021-02-23,23.5501,23.5999,23.65,23.55,33357
2021-02-24,23.61,23.4,23.6394,23.38,44619
2021-02-25,23.38,23.27,23.47,23.15,112492
2021-02-26,23.26,23.41,23.449,23.1,68059
2021-03-01,23.45,23.45,23.58,23.14,57998
2021-03-02,23.405,23.585,23.6,23.3675,37139
2021-03-03,23.64,23.72,23.72,23.5426,28384
2021-03-04,23.75,23.675,23.75,23.51,47299
2021-03-05,23.74,23.65,23.74,23.56,24025
2021-03-08,23.6,23.62,23.739,23.55,97876
2021-03-09,23.7075,23.7,23.8,23.6626,40701
2021-03-10,23.81,23.75,23.82,23.7,36544
2021-03-11,23.76,23.9,23.9,23.74,22608
2021-03-12,23.82,23.7,23.8899,23.65,63524
2021-03-15,23.81,23.97,23.97,23.69,86456
2021-03-16,23.95,24.07,24.07,23.8,73861
2021-03-17,24.15,23.98,24.15,23.94,99032
2021-03-18,23.98,23.97,24.0,23.82,58935
2021-03-19,23.84,23.95,24.0299,23.84,93595
2021-03-22,24.24,23.92,24.24,23.91,152238
2021-03-23,24.07,23.9,24.1399,23.84,121641
2021-03-24,23.93,23.85,23.97,23.85,120408
2021-03-25,23.89,23.8,23.9399,23.8,108960
2021-03-26,23.9,23.9,23.93,23.8,237852
2021-03-29,23.91,23.85,24.02,23.82,130626
2021-03-30,23.9,23.92,23.97,23.83,136861
2021-03-31,23.74,23.66,23.7864,23.65,151318
2021-04-01,23.78,23.82,23.82,23.7,60391
2021-04-05,23.82,23.87,23.87,23.78,77913
2021-04-06,23.88,24.06,24.07,23.88,62140
2021-04-07,24.03,23.929,24.07,23.9,70858
2021-04-08,23.95,23.91,23.95,23.82,38664
2021-04-09,23.91,23.85,23.91,23.8,34337
2021-04-12,23.8801,23.88,23.896,23.82,63629
2021-04-13,23.9,23.83,23.9,23.82,248250
2021-04-14,23.88,23.8,23.9,23.78,177630
2021-04-15,23.85,23.9,23.93,23.7686,168949
2021-04-16,23.9,23.77,23.9194,23.77,94094
2021-04-19,23.85,23.78,23.8656,23.75,82602
2021-04-20,23.75,23.77,23.86,23.72,50738
2021-04-21,23.73,23.8,23.8448,23.73,25650
2021-04-22,23.8242,23.82,23.87,23.75,64820
2021-04-23,23.91,23.84,23.97,23.8,85433
2021-04-26,23.9673,24.0,24.011,23.86,89820
2021-04-27,24.0673,24.26,24.3021,24.0,93407
2021-04-28,24.1701,24.35,24.37,24.1701,47301
2021-04-29,24.44,24.25,24.44,24.2215,48092
2021-04-30,24.25,24.02,24.3589,24.02,161104
2021-05-03,24.03,24.18,24.24,24.03,106786
2021-05-04,24.29,24.45,24.48,24.2,89154
2021-05-05,24.5824,24.43,24.5824,24.31,37849
2021-05-06,24.418,24.42,24.455,24.31,37086
2021-05-07,24.4,24.57,24.57,24.4,89145
2021-05-10,24.68,24.6,24.68,24.4873,63741
2021-05-11,24.55,24.36,24.55,24.26,65327
2021-05-12,24.36,23.91,24.36,23.87,123381
2021-05-13,24.15,24.18,24.6,24.08,340821
2021-05-14,24.23,24.36,24.4199,24.08,27173
2021-05-17,24.4,24.45,24.45,24.25,56536
2021-05-18,24.472,24.65,24.66,24.3501,41581
2021-05-19,24.64,24.75,24.78,24.52,39772
2021-05-20,24.74,24.76,24.7783,24.6101,34411
2021-05-21,24.77,24.91,24.94,24.671,167709
2021-05-24,24.95,24.78,24.95,24.76,188792
2021-05-25,24.87,24.94,24.94,24.75,60387
2021-05-26,24.94,24.965,24.98,24.85,80061
2021-05-27,24.98,25.01,25.15,24.85,143441
2021-05-28,25.0,25.14,25.147,24.99,118834
2021-06-01,25.05,25.1,25.14,24.86,75649
2021-06-02,25.15,24.99,25.15,24.99,97629
2021-06-03,25.0,25.11,25.15,24.94,232694
2021-06-04,25.15,25.18,25.25,25.1026,68573
2021-06-07,25.25,25.14,25.28,25.1,48433
2021-06-08,25.1999,25.07,25.1999,25.04,50660
2021-06-09,25.2199,25.25,25.28,25.1186,61591
2021-06-10,25.15,25.25,25.27,25.1312,58912
2021-06-11,25.2177,25.15,25.29,25.1011,64342
2021-06-14,25.18,25.15,25.19,25.1,46217
2021-06-15,25.19,25.05,25.19,25.02,61217
2021-06-16,25.16,25.08,25.16,25.015,92546
2021-06-17,25.121,25.07,25.16,25.01,73141
2021-06-18,25.04,25.07,25.14,25.04,31355
2021-06-21,25.06,25.1,25.19,25.06,41406
2021-06-22,25.11,25.06,25.16,25.05,217181
2021-06-23,25.16,25.11,25.22,25.08,37566
2021-06-24,25.18,25.12,25.22,25.11,52491
2021-06-25,25.11,25.1,25.1799,25.09,130195
2021-06-28,25.08,25.06,25.13,25.05,95774
2021-06-29,25.0,24.99,25.18,24.99,128687
2021-06-30,24.75,25.05,25.08,24.7,143638
2021-07-01,25.05,25.06,25.11,24.95,104769
2021-07-02,25.07,25.18,25.19,25.0201,50669
2021-07-06,25.15,25.33,25.33,25.1,51466
2021-07-07,25.288,25.49,25.5,25.288,43512
2021-07-08,25.48,25.37,25.48,25.33,49385
2021-07-09,25.46,25.32,25.478,25.28,47367
2021-07-12,25.46,25.43,25.46,25.3129,32671
2021-07-13,25.44,25.21,25.45,25.21,33293
2021-07-14,25.3,25.33,25.4,25.29,52218
2021-07-15,25.4,25.13,25.4,25.13,31013
2021-07-16,25.26,25.25,25.26,25.16,14598
2021-07-19,25.2,25.01,25.21,24.8994,102636
2021-07-20,24.96,25.13,25.14,24.95,42459
2021-07-21,25.13,25.12,25.14,25.07,52276
2021-07-22,25.15,25.17,25.22,25.14,105313
2021-07-23,25.17,25.175,25.1943,25.15,33614
2021-07-26,25.15,25.2,25.2,25.1036,23303
2021-07-27,25.2,25.19,25.2,25.1,25587
2021-07-28,25.22,25.18,25.22,25.12,30039
2021-07-29,25.2,25.35,25.38,25.13,50863
2021-07-30,25.37,25.4,25.4,25.3,32973
2021-08-02,25.28,25.3,25.4,25.28,68282
2021-08-03,25.25,25.22,25.36,25.22,25938
2021-08-04,25.1619,25.25,25.4,25.1619,54996
2021-08-05,25.19,25.5,25.5,25.19,29789
2021-08-06,25.4492,25.4,25.48,25.34,38194
2021-08-09,25.4,25.32,25.4,25.2697,40771
2021-08-10,25.25,25.2,25.3,25.12,77031
2021-08-11,25.26,25.18,25.29,25.17,20649
2021-08-12,25.17,25.2,25.27,25.14,40784
2021-08-13,25.23,25.23,25.33,25.18,31794
2021-08-16,25.25,25.31,25.31,25.12,98790
2021-08-17,25.1,25.1,25.3,25.04,90136
2021-08-18,25.1184,25.13,25.1589,25.06,33296
2021-08-19,25.13,25.14,25.1692,25.08,24834
2021-08-20,25.15,25.25,25.29,25.13,52733
2021-08-23,25.25,25.27,25.36,25.2207,30823
2021-08-24,25.3,25.42,25.42,25.27,70456
2021-08-25,25.3584,25.42,25.436,25.35,61498
2021-08-26,25.47,25.3528,25.47,25.3001,25412
2021-08-27,25.3699,25.47,25.5,25.3001,17122
2021-08-30,25.4884,25.49,25.5,25.47,38811
2021-08-31,25.49,25.57,25.59,25.3701,109859
2021-09-01,25.55,25.56,25.56,25.44,59585
2021-09-02,25.47,25.5,25.56,25.47,21124
2021-09-03,25.55,25.46,25.55,25.38,11680
2021-09-07,25.6,25.35,25.6,25.35,15930
2021-09-08,25.49,25.47,25.49,25.35,14938
2021-09-09,25.52,25.57,25.64,25.41,33656
2021-09-10,25.54,25.34,25.66,25.34,38288
2021-09-13,25.46,25.61,25.6399,25.46,22496
2021-09-14,25.71,25.44,25.71,25.4091,95392
2021-09-15,25.495,25.47,25.5585,25.41,36370
2021-09-16,25.44,25.5,25.54,25.38,40195
2021-09-17,25.51,25.52,25.5634,25.45,42688
2021-09-20,25.41,25.47,25.53,25.4,20683
2021-09-21,25.5,25.55,25.55,25.4,22412
2021-09-22,25.55,25.52,25.59,25.52,55744
2021-09-23,25.53,25.59,25.59,25.5,16825
2021-09-24,25.5899,25.47,25.59,25.47,14550
2021-09-27,25.5496,25.38,25.5496,25.37,13645
2021-09-28,25.36,25.23,25.42,25.22,64629
2021-09-29,25.3,25.49,25.49,25.28,28200
2021-09-30,25.17,25.24,25.2488,25.15,50807
2021-10-01,25.25,25.15,25.28,25.15,23513
2021-10-04,25.05,25.1,25.15,25.01,32465
2021-10-05,25.1301,25.1,25.2,25.1,30055
2021-10-06,25.1,25.14,25.1778,25.0,33756
2021-10-07,25.19,25.11,25.19,25.05,29623
2021-10-08,25.2,25.13,25.2,24.9141,26948
2021-10-11,25.0,25.07,25.13,25.0,11815
2021-10-12,25.15,25.07,25.16,25.03,11858
2021-10-13,25.16,25.22,25.29,25.12,31811
2021-10-14,25.45,25.5,25.5,25.35,78590
2021-10-15,25.5,25.22,25.5,25.21,45947
2021-10-18,25.11,25.11,25.24,25.11,28123
2021-10-19,25.112,25.26,25.2999,25.112,28660
2021-10-20,25.2,25.32,25.37,25.1341,13278
2021-10-21,25.29,25.3102,25.39,25.29,13432
2021-10-22,25.11,25.3,25.32,25.11,12597
2021-10-25,25.35,25.24,25.35,25.24,42450
2021-10-26,25.39,25.23,25.39,25.21,44822
2021-10-27,25.29,25.47,25.47,25.19,62591
2021-10-28,25.35,25.35,25.4495,25.3411,23229
2021-10-29,25.34,25.33,25.45,25.27,104684
2021-11-01,25.3,25.28,25.38,25.16,34099
2021-11-02,25.41,25.325,25.41,25.2255,25694
2021-11-03,25.29,25.31,25.4099,25.25,54154
2021-11-04,25.39,25.38,25.4,25.29,25801
2021-11-05,25.41,25.4,25.49,25.37,26971
2021-11-08,25.4,25.48,25.48,25.395,14419
2021-11-09,25.41,25.4496,25.45,25.35,9975
2021-11-10,25.4,25.39,25.43,25.33,26315
2021-11-11,25.3,25.44,25.44,25.2,25611
2021-11-12,25.4,25.41,25.48,25.26,20186
2021-11-15,25.48,25.35,25.48,25.24,36679
2021-11-16,25.35,25.2,25.35,25.2,42337
2021-11-17,25.21,25.16,25.235,25.16,15699
2021-11-18,25.15,25.17,25.2,25.1,42655
2021-11-19,25.08,25.16,25.17,25.08,17980
2021-11-22,25.11,25.11,25.18,25.0678,35788
2021-11-23,25.11,25.02,25.11,25.0093,46811
2021-11-24,25.16,25.08,25.2,25.06,44653
2021-11-26,25.05,25.0,25.07,25.0,57527
2021-11-29,25.02,24.97,25.11,24.9,81494
2021-11-30,24.94,24.84,25.1,24.82,78843
2021-12-01,24.99,24.86,25.1,24.85,13900
2021-12-02,24.95,25.0355,25.06,24.9,31577
2021-12-03,25.06,25.1,25.16,24.98,30781
2021-12-06,25.1,24.97,25.1,24.96,162418
2021-12-07,25.05,25.35,25.36,24.97,64581
2021-12-08,25.39,25.36,25.39,25.245,111892
2021-12-09,25.3401,25.3,25.3401,25.2501,18519
2021-12-10,25.25,25.25,25.36,25.21,65031
2021-12-13,25.22,25.32,25.32,25.2001,12166
2021-12-14,25.25,25.07,25.25,25.06,9429
2021-12-15,25.01,25.07,25.1,24.96,33116
2021-12-16,25.22,25.04,25.22,24.95,70676
2021-12-17,25.12,25.13,25.13,25.01,21959
2021-12-20,25.23,25.02,25.23,25.0,36975
2021-12-21,25.11,25.37,25.37,25.0301,25651
2021-12-22,25.3211,25.35,25.54,25.2801,104789
2021-12-23,25.41,25.25,25.41,25.0,69164
2021-12-27,25.25,25.25,25.45,25.22,29778
2021-12-28,25.35,25.37,25.3803,25.28,18935
2021-12-29,25.349,25.39,25.4,25.3,11091
2021-12-30,25.1,25.1,25.1499,25.0501,45324
2021-12-31,25.1,25.26,25.35,25.0661,165956
2022-01-03,25.1706,25.31,25.355,25.1411,23293
2022-01-04,25.31,25.09,25.31,25.05,25928
2022-01-05,25.0929,24.98,25.1499,24.92,27289
2022-01-06,25.0208,25.17,25.17,24.75,52409
2022-01-07,25.0702,25.02,25.11,25.01,24383
2022-01-10,25.0,25.01,25.09,24.94,37015
2022-01-11,24.92,25.14,25.1945,24.9,35622
2022-01-12,25.2,24.99,25.2,24.97,50195
2022-01-13,24.99,24.98,25.14,24.89,73800
2022-01-14,24.98,25.1,25.1,24.9213,66783
2022-01-18,25.0,24.97,25.05,24.95,32739
2022-01-19,25.0,24.92,25.1,24.9175,60062
2022-01-20,25.05,24.75,25.05,24.75,93215
2022-01-21,24.75,24.85,24.899,24.6801,62329
2022-01-24,24.75,24.95,24.95,24.6,49362
2022-01-25,24.91,24.7,24.91,24.651,36150
2022-01-26,24.83,24.64,24.83,24.59,56465
2022-01-27,24.87,24.5,24.87,24.5,123006
2022-01-28,24.51,24.39,24.6729,24.36,87287
2022-01-31,24.26,24.53,24.717,24.2501,46472
2022-02-01,24.65,24.56,24.78,24.465,28268
2022-02-02,24.56,24.18,24.65,24.03,96947
2022-02-03,24.0,23.93,24.0672,23.65,145105
2022-02-04,23.8771,23.65,23.8771,23.48,214254
2022-02-07,23.6,23.75,23.89,23.6,124830
2022-02-08,23.96,23.84,24.0899,23.72,119748
2022-02-09,23.98,23.77,24.0792,23.7491,70563
2022-02-10,23.72,23.66,23.7899,23.5148,104254
2022-02-11,23.67,23.5,23.68,23.28,96566
2022-02-14,23.6,23.4,23.7003,23.3,142902
2022-02-15,23.89,23.5471,23.89,23.45,63779
2022-02-16,23.48,23.5,23.57,23.36,59540
2022-02-17,23.49,23.5,23.65,23.38,53014
2022-02-18,23.58,23.5,23.58,23.41,60643
2022-02-22,23.4,23.47,23.7,23.3,35653
2022-02-23,23.49,23.37,23.55,23.3,66275
2022-02-24,22.95,23.25,23.27,22.77,91806
2022-02-25,23.44,23.5,23.59,23.36,40000
2022-02-28,23.5,23.41,23.6899,23.4,86343
2022-03-01,23.53,23.55,23.6528,23.33,100862
2022-03-02,23.7,23.71,23.71,23.55,52996
2022-03-03,23.75,23.9,24.0,23.73,86584
2022-03-04,23.9,23.78,23.9199,23.7432,51635
2022-03-07,23.84,23.36,23.84,23.26,95645
2022-03-08,23.43,23.35,23.55,23.34,26885
2022-03-09,23.73,23.35,23.73,23.35,30826
2022-03-10,23.35,23.4,23.495,23.34,25740
2022-03-11,23.42,23.33,23.55,23.33,17277
2022-03-14,23.5,23.03,23.5,22.92,76543
2022-03-15,23.1,23.19,23.2999,22.97,21384
2022-03-16,23.33,23.16,23.4488,23.01,90608
2022-03-17,23.04,23.61,23.62,23.04,61675
2022-03-18,23.51,23.67,23.69,23.51,47235
2022-03-21,23.65,23.6,23.68,23.4701,51108
2022-03-22,23.6,23.83,23.84,23.52,30755
2022-03-23,23.62,23.8,23.83,23.62,29585
2022-03-24,23.85,23.76,23.85,23.7,35387
2022-03-25,23.83,23.45,23.83,23.45,76718
2022-03-28,23.5,23.59,23.7799,23.48,84080
2022-03-29,23.66,23.6,23.7499,23.55,53801
2022-03-30,23.616,23.72,23.7887,23.616,42635
2022-03-31,23.37,23.33,23.5,23.33,47207
2022-04-01,23.44,23.38,23.442,23.21,52991
2022-04-04,23.48,23.51,23.6499,23.43,52510
2022-04-05,23.5,23.26,23.54,23.26,69496
2022-04-06,23.2,23.22,23.34,23.12,56119
2022-04-07,23.12,23.06,23.2688,23.06,93378
2022-04-08,23.1,23.1,23.19,23.07,36541
2022-04-11,23.13,23.05,23.14,23.0,95014
2022-04-12,23.1,23.04,23.25,23.0,47503
2022-04-13,23.05,23.16,23.27,23.04,19207
2022-04-14,23.15,22.96,23.18,22.96,48540
2022-04-18,23.11,22.81,23.12,22.81,41697
2022-04-19,22.66,22.66,22.8494,22.65,53443
2022-04-20,22.66,22.82,22.88,22.63,49052
2022-04-21,22.82,23.12,23.12,22.82,65414
2022-04-22,22.97,22.96,23.04,22.94,54079
2022-04-25,22.96,22.96,23.04,22.94,36089
2022-04-26,23.05,22.96,23.055,22.91,23802
2022-04-27,22.99,22.87,23.05,22.82,39947
2022-04-28,22.87,22.87,22.87,22.67,35342
2022-04-29,22.87,23.12,23.15,22.72,117544
2022-05-02,23.0,22.9,23.18,22.8,46093
2022-05-03,23.06,22.76,23.06,22.7,38083
2022-05-04,22.71,22.75,22.87,22.66,32431
2022-05-05,22.66,22.67,22.8299,22.65,29116
2022-05-06,22.7,22.52,22.76,22.48,42479
2022-05-09,22.46,22.15,22.49,22.15,34384
2022-05-10,22.15,22.01,22.37,22.01,36273
2022-05-11,22.02,22.3,22.4,22.02,159329
2022-05-12,22.19,21.6,22.36,21.6,43237
2022-05-13,21.62,21.41,21.875,21.39,56274
2022-05-16,21.41,21.22,21.6899,21.05,76061
2022-05-17,21.5211,21.14,21.545,21.14,63471
2022-05-18,21.1,21.09,21.2741,21.0,33522
2022-05-19,21.0,21.22,21.44,20.98,20394
2022-05-20,21.3673,21.1,21.38,21.0501,28699
2022-05-23,21.34,21.22,21.34,21.0921,51383
2022-05-24,21.18,21.15,21.25,21.05,31737
2022-05-25,21.16,21.26,21.4,21.1558,37037
2022-05-26,21.29,21.65,21.873,21.29,70179
2022-05-27,21.77,22.33,22.39,21.75,67108
2022-05-31,22.4,22.4,22.55,22.0601,107745
2022-06-01,22.5,22.76,22.8,22.42,109373
2022-06-02,22.88,22.78,22.88,22.6,31611
2022-06-03,22.765,22.73,22.93,22.67,20533
2022-06-06,22.89,22.43,22.9,22.37,90834
2022-06-07,22.38,22.32,22.59,22.26,29153
2022-06-08,22.41,22.6,22.6,22.27,28511
2022-06-09,22.455,22.43,22.5397,22.04,40553
2022-06-10,22.3,22.05,22.3,21.7936,61086
2022-06-13,21.85,21.22,21.9,21.13,134012
2022-06-14,21.35,21.46,21.77,21.11,76066
2022-06-15,21.85,21.46,21.85,21.1903,83286
2022-06-16,21.23,20.68,21.23,20.27,121411
2022-06-17,20.61,21.2,21.3818,20.3,257107
2022-06-21,21.08,20.84,21.09,20.72,86652
2022-06-22,20.87,20.84,20.92,20.81,21302
2022-06-23,20.84,20.53,21.06,20.52,89574
2022-06-24,20.74,20.83,20.92,20.62,39683
2022-06-27,21.05,20.76,21.87,20.75,64437
2022-06-28,20.74,20.66,20.99,20.54,32384
2022-06-29,20.62,20.55,20.7399,20.3601,62692
2022-06-30,20.17,20.2,20.51,20.17,72759
2022-07-01,20.08,20.34,20.4815,20.01,83478
2022-07-05,20.32,20.18,20.32,20.095,70488
2022-07-06,20.2,19.79,20.25,19.76,34931
2022-07-07,19.74,20.1,20.11,19.73,48320
2022-07-08,20.09,19.99,20.1899,19.77,42751
2022-07-11,20.06,20.03,20.0658,19.86,63656
2022-07-12,20.0,19.87,20.0832,19.82,52264
2022-07-13,19.8,20.08,20.08,19.75,66940
2022-07-14,20.01,20.0,20.19,19.87,58078
2022-07-15,20.14,20.205,20.33,20.05,33630
2022-07-18,20.2,20.12,20.3988,20.12,35940
2022-07-19,20.2,20.13,20.42,20.12,58504
2022-07-20,20.25,20.5,20.5,20.16,24875
2022-07-21,20.44,20.75,20.75,20.44,21405
2022-07-22,20.75,20.66,20.9769,20.66,35223
2022-07-25,20.74,20.63,20.8,20.54,73861
2022-07-26,20.63,20.5,20.71,20.39,29962
2022-07-27,20.47,20.94,20.94,20.47,19489
2022-07-28,20.7607,21.11,21.11,20.7607,36405
2022-07-29,21.16,22.29,22.29,21.0801,146669
2022-08-01,22.22,21.87,22.34,21.35,104551
2022-08-02,21.76,21.96,21.96,21.5,69097
2022-08-03,21.87,22.08,22.08,21.7,72824
2022-08-04,21.83,22.35,22.35,21.83,83344
2022-08-05,22.2,22.22,22.24,21.8252,64536
2022-08-08,22.09,21.72,22.17,21.72,39374
2022-08-09,21.85,21.59,21.91,21.5,20560
2022-08-10,21.94,21.97,21.97,21.76,12940
2022-08-11,21.96,21.83,21.96,21.77,18486
2022-08-12,21.8038,21.77,21.9,21.61,26765
2022-08-15,21.7,21.79,22.0,21.7,20018
2022-08-16,21.87,21.85,21.87,21.65,30381
2022-08-17,21.83,21.565,21.85,21.53,14695
2022-08-18,21.59,21.57,21.66,21.55,14165
2022-08-19,21.5,21.59,21.65,21.34,28446
2022-08-22,21.5,21.42,21.55,21.3001,22690
2022-08-23,21.38,21.55,21.64,21.08,37752
2022-08-24,21.4,21.7,21.7,21.4,31870
2022-08-25,21.77,21.8,21.85,21.5601,12973
2022-08-26,21.64,21.25,21.74,21.25,14350
2022-08-29,21.48,21.655,21.93,21.4,41513
2022-08-30,21.72,21.72,21.76,21.5239,10348
2022-08-31,21.8,21.46,21.8,21.07,92165
2022-09-01,21.4,21.54,21.5777,21.21,35851
2022-09-02,21.6,21.61,21.65,21.3,23152
2022-09-06,21.59,21.2,21.59,21.08,43903
2022-09-07,21.22,21.13,21.3,21.1,70101
2022-09-08,21.15,21.25,21.45,21.15,58906
2022-09-09,21.48,21.4,21.48,21.3,104222
2022-09-12,21.43,21.7,22.3,21.4,168460
2022-09-13,21.6,21.3,21.6099,21.28,85510
2022-09-14,21.25,21.0,21.3864,20.95,70184
2022-09-15,20.99,20.9,21.0,20.71,68752
2022-09-16,20.82,20.79,20.84,20.61,61839
2022-09-19,20.75,20.76,20.96,20.6,51687
2022-09-20,20.865,20.35,20.865,20.3,50154
2022-09-21,20.53,20.33,20.695,20.3,22847
2022-09-22,20.35,20.22,20.3701,20.03,40144
2022-09-23,20.1,20.15,20.37,19.635,90797
2022-09-26,20.1,19.46,20.14,19.33,91450
2022-09-27,19.46,19.06,19.7127,18.71,73304
2022-09-28,19.07,19.56,19.88,19.07,69935
2022-09-29,19.19,18.99,19.67,18.82,38474
2022-09-30,18.92,19.26,19.37,18.67,191172
2022-10-03,19.23,19.51,19.6638,19.1999,67781
2022-10-04,19.67,19.7,20.09,19.59,45517
2022-10-05,19.8,19.42,19.85,19.22,63317
2022-10-06,19.51,19.18,19.51,19.18,51492
2022-10-07,19.1,18.92,19.1,18.8001,32567
2022-10-10,18.85,18.38,18.85,18.0051,107740
2022-10-11,18.2,18.69,18.69,18.2,147585
2022-10-12,18.75,18.68,18.75,18.45,88349
2022-10-13,18.41,18.56,18.85,18.41,97887
2022-10-14,18.69,18.22,18.69,18.12,25364
2022-10-17,18.22,17.71,18.3,17.71,80117
2022-10-18,17.82,17.78,18.065,17.77,46843
2022-10-19,17.75,17.46,17.77,17.45,90618
2022-10-20,17.36,17.25,17.56,17.16,76147
2022-10-21,17.14,17.17,17.275,16.87,65934
2022-10-24,17.17,17.02,17.3168,16.79,378560
2022-10-25,17.2,17.74,17.7794,17.09,465620
2022-10-26,17.84,18.08,18.25,17.695,160588
2022-10-27,18.09,18.32,18.6,18.0173,66430
2022-10-28,18.31,18.58,18.65,18.2607,139913
2022-10-31,18.56,18.6,18.71,18.28,63475
2022-11-01,18.78,18.43,18.78,18.43,42235
2022-11-02,18.46,18.62,18.89,18.1753,100805
2022-11-03,18.55,18.65,18.7232,18.5,91611
2022-11-04,18.68,18.71,18.9,18.58,65006
2022-11-07,18.71,19.27,19.3,18.71,57871
2022-11-08,19.27,19.74,19.84,19.27,43616
2022-11-09,19.6,19.74,19.76,19.5443,74704
2022-11-10,20.0,19.76,20.3318,19.75,95740
2022-11-11,19.96,20.04,20.1799,19.85,22361
2022-11-14,20.0,20.23,20.23,19.81,76366
2022-11-15,20.25,20.36,20.6899,20.14,68675
2022-11-16,20.4,20.05,20.4,20.02,44498
2022-11-17,20.03,19.6,20.03,19.38,48631
2022-11-18,19.61,19.9,19.94,19.52,76245
2022-11-21,20.05,19.815,20.195,19.7,52638
2022-11-22,19.85,19.97,20.08,19.64,22613
2022-11-23,19.86,20.1,20.153,19.8,19720
2022-11-25,20.1,20.07,20.1739,19.8501,9544
2022-11-28,19.89,19.8252,19.9821,19.75,47205
2022-11-29,19.77,19.67,19.91,19.66,45235
2022-11-30,19.64,20.57,20.89,19.6,118452
2022-12-01,20.43,20.35,20.63,20.13,40833
2022-12-02,20.35,20.33,20.5734,20.18,36617
2022-12-05,20.25,20.23,20.42,20.1308,22931
2022-12-06,20.2,20.17,20.2,19.7051,45536
2022-12-07,20.1,20.05,20.265,19.885,53378
2022-12-08,20.07,19.89,20.07,19.67,57922
2022-12-09,19.68,19.54,19.9285,19.4201,49651
2022-12-12,19.5,19.45,19.6999,19.45,35050
2022-12-13,19.65,19.74,19.86,19.56,57698
2022-12-14,19.74,19.85,19.86,19.61,43247
2022-12-15,19.77,19.6,19.78,19.4964,53079
2022-12-16,19.6,19.86,19.87,19.4,71158
2022-12-19,19.71,19.55,19.9315,19.52,87535
2022-12-20,19.59,19.64,19.667,19.41,82750
2022-12-21,19.72,19.9,20.0816,19.65,53865
2022-12-22,19.825,19.75,19.95,19.7264,60514
2022-12-23,19.75,19.94,19.99,19.7075,58763
2022-12-27,19.95,19.8454,19.95,19.75,31632
2022-12-28,19.81,19.9,19.9398,19.75,34035
2022-12-29,19.58,19.6,19.65,19.38,106201
2022-12-30,19.45,19.28,19.61,19.15,143435
2023-01-03,19.27,19.45,19.45,19.2387,42016
2023-01-04,19.45,19.62,19.78,19.44,29259
2023-01-05,19.57,19.53,19.77,19.5,28853
2023-01-06,19.83,19.99,19.99,19.58,47720
2023-01-09,19.9,20.06,20.0899,19.86,35819
2023-01-10,20.0,20.1,20.12,19.9,36674
2023-01-11,20.15,20.34,20.4,20.128,29276
2023-01-12,20.46,20.36,20.49,20.3001,42611
2023-01-13,20.4,20.3452,20.48,20.32,15666
2023-01-17,20.5,20.52,20.7,20.37,53388
2023-01-18,20.61,20.76,20.79,20.32,56311
2023-01-19,20.62,20.84,20.9809,20.56,19518
2023-01-20,20.88,21.05,21.08,20.8,22722
2023-01-23,21.02,21.48,21.5,21.02,43329
2023-01-24,21.4,21.42,21.5,21.2323,36901
2023-01-25,21.28,21.5,21.5,21.275,30620
2023-01-26,21.49,21.38,21.57,21.346,24902
2023-01-27,21.31,21.44,21.492,21.31,21363
2023-01-30,21.35,21.59,21.59,21.25,29880
2023-01-31,21.58,21.6,21.7,21.34,69800
2023-02-01,21.75,21.45,21.75,21.44,32635
2023-02-02,21.6,21.43,21.7868,21.38,148657
2023-02-03,21.35,21.27,21.4,21.2,16698
2023-02-06,21.35,21.29,21.35,21.155,17151
2023-02-07,21.265,21.255,21.29,21.05,33212
2023-02-08,21.34,21.2866,21.35,21.15,17462
2023-02-09,21.31,21.24,21.4218,21.19,21802
2023-02-10,21.3499,21.2899,21.3554,21.0201,44009
2023-02-13,21.29,21.31,21.33,21.1875,25261
2023-02-14,21.21,21.2,21.3681,21.05,20333
2023-02-15,21.21,21.31,21.3899,21.21,15304
2023-02-16,21.315,21.13,21.359,21.125,48952
2023-02-17,21.2,21.31,21.31,21.11,15097
2023-02-21,21.15,21.0,21.28,20.96,36146
2023-02-22,21.06,21.3,21.43,20.95,54644
2023-02-23,21.36,21.465,21.59,21.3001,53094
2023-02-24,21.37,21.32,21.48,21.28,30112
2023-02-27,21.36,21.33,21.5,21.2,46646
2023-02-28,21.31,21.63,21.63,21.1,77324
2023-03-01,21.47,21.34,21.57,21.17,42594
2023-03-02,21.17,21.1,21.19,20.82,71375
2023-03-03,21.22,21.2753,21.36,21.0942,70393
2023-03-06,21.34,21.42,21.55,21.22,24145
2023-03-07,21.46,21.23,21.55,21.2,17696
2023-03-08,21.36,21.31,21.5,21.2537,26591
2023-03-09,21.42,20.65,21.4499,20.29,103971
2023-03-10,20.56,20.38,20.913,20.1401,48689
2023-03-13,20.05,19.75,20.3547,19.62,145648
2023-03-14,19.95,19.56,20.47,19.5,144771
2023-03-15,19.5,18.9,19.57,18.9,66594
2023-03-16,18.92,19.56,19.58,18.8,185783
2023-03-17,19.54,19.5,19.8,19.26,119250
2023-03-20,19.5,19.55,19.7,19.3229,46044
2023-03-21,19.59,19.63,19.98,19.5,29627
2023-03-22,19.66,19.54,19.97,19.54,53174
2023-03-23,19.48,18.8,19.8666,18.69,43039
2023-03-24,18.86,18.8,19.04,18.31,235011
2023-03-27,18.85,19.04,19.09,18.85,68132
2023-03-28,19.03,19.09,19.27,18.91,31614
2023-03-29,19.1,19.72,19.88,19.09,99268
2023-03-30,19.53,19.58,19.75,19.36,52654
2023-03-31,19.74,19.51,19.92,19.47,153347
2023-04-03,19.69,19.57,19.69,19.37,41066
2023-04-04,19.55,19.34,19.55,19.34,34609
2023-04-05,19.23,19.12,19.38,19.11,78598
2023-04-06,19.2,19.05,19.225,19.0101,42148
2023-04-10,19.07,19.2,19.25,19.03,28888
2023-04-11,19.19,19.3,19.38,19.1,63252
2023-04-12,19.37,19.51,19.6483,19.175,66842
2023-04-13,19.53,19.75,19.79,19.4174,31523
2023-04-14,19.78,20.1,20.1,19.57,40701
2023-04-17,19.82,19.96,20.18,19.82,24919
2023-04-18,20.0,19.73,20.07,19.6701,25675
2023-04-19,19.78,20.0,20.0,19.67,32825
2023-04-20,19.85,19.97,20.15,19.85,160118
2023-04-21,20.01,19.8,20.01,19.78,89776
2023-04-24,19.82,19.94,20.05,19.67,110001
2023-04-25,19.85,19.87,20.02,19.6402,812627
2023-04-26,19.8,19.8377,20.0,19.705,36035
2023-04-27,19.94,20.28,20.3,19.76,46403
2023-04-28,20.29,20.43,20.64,20.22,93071
2023-05-01,20.4,20.16,20.43,20.11,60430
2023-05-02,20.12,19.72,20.31,19.66,79861
2023-05-03,19.65,19.51,20.06,19.51,52772
2023-05-04,19.49,19.51,19.69,19.15,65006
