2020-02-03,9.78,9.85,9.85,9.6275,2200
2020-02-04,9.9269,9.89,9.9269,9.65,10733
2020-02-05,9.75,9.9696,10.0,9.75,15821
2020-02-06,10.0,9.92,10.1501,9.9,5650
2020-02-07,9.64,9.8501,9.88,9.402,2142
2020-02-10,9.9179,9.9179,9.9179,9.9179,100
2020-02-11,10.14,10.122,10.15,9.933,15202
2020-02-12,10.1,10.09,10.1,9.95,4700
2020-02-14,9.79,9.7,9.8695,9.4872,2800
2020-02-19,9.56,9.56,9.56,9.56,100
2020-02-20,9.5,9.35,9.55,9.35,2600
2020-02-21,9.447,9.5827,9.5827,9.35,18252
2020-02-24,9.3893,9.284,9.3893,9.284,1800
2020-02-25,9.3501,8.854,9.3501,8.81,3233
2020-02-26,8.85,8.92,8.92,8.85,2500
2020-02-27,8.7,8.57,8.7,8.37,2620
2020-02-28,8.27,7.87,8.27,7.6715,17771
2020-03-02,7.8,8.24,8.24,7.8,13546
2020-03-03,7.98,7.506,8.0198,7.39,10927
2020-03-04,7.68,8.32,8.32,7.6649,22580
2020-03-05,7.68,7.64,7.87,7.26,15404
2020-03-06,7.4,7.48,7.64,7.17,3450
2020-03-09,7.24,6.35,7.24,5.7486,28686
2020-03-10,6.5,6.79,6.79,6.21,13706
2020-03-11,6.5701,5.6192,6.5854,5.4,23200
2020-03-12,5.44,4.95,5.65,4.667,62429
2020-03-13,5.07,5.0,5.26,4.84,66223
2020-03-16,6.22,5.9111,6.22,5.9,3768
2020-03-17,5.73,6.59,6.69,4.95,39319
2020-03-18,6.39,3.8652,6.39,3.8652,15552
2020-03-19,3.77,4.42,4.97,3.26,21773
2020-03-20,4.4201,4.0,4.52,3.56,9821
2020-03-23,3.9523,4.1,4.19,3.901,5700
2020-03-24,4.111,4.53,4.68,4.111,6128
2020-03-25,4.38,5.05,5.05,4.2,12923
2020-03-26,5.24,5.8295,6.15,5.141,5611
2020-03-27,5.54,5.47,5.6,5.1759,6530
2020-03-30,5.6541,5.59,5.68,5.28,5800
2020-03-31,5.3918,5.33,5.79,5.14,1475
2020-04-01,5.2763,5.03,5.49,5.02,5017
2020-04-02,5.4056,5.34,5.74,4.66,10930
2020-04-03,5.08,4.89,5.125,4.33,18117
2020-04-06,4.95,5.0,5.0,4.95,5670
2020-04-07,5.06,5.2375,5.5,5.05,27780
2020-04-08,5.75,5.99,5.99,5.75,13889
2020-04-09,6.21,6.41,6.42,6.1101,3383
2020-04-13,6.4,6.0901,6.4,6.09,1415
2020-04-14,6.05,6.0326,6.05,6.0326,2000
2020-04-15,6.05,6.05,6.05,6.05,300
2020-04-16,6.24,5.98,6.24,5.54,1605
2020-04-17,5.97,5.9851,6.0,5.2,37336
2020-04-20,5.69,5.8223,5.85,5.39,9907
2020-04-21,5.7252,5.3324,5.7252,5.03,7256
2020-04-22,5.07,5.27,5.75,5.0,15126
2020-04-23,5.01,5.79,5.88,5.0,16060
2020-04-24,5.89,5.82,5.89,5.35,25470
2020-04-27,5.53,6.04,6.04,5.53,27576
2020-04-28,5.96,5.67,6.24,5.67,31874
2020-04-29,5.8294,6.04,6.04,5.68,25746
2020-05-01,5.9,5.7962,5.9,5.6984,9812
2020-05-04,5.9,5.64,5.9,5.64,5200
2020-05-05,5.85,5.7,6.03,5.59,50590
2020-05-06,5.7,5.6837,5.7,5.5,2711
2020-05-07,5.75,5.75,5.75,5.75,1000
2020-05-08,5.6,5.65,5.65,5.6,7600
2020-05-11,5.86,5.0,5.86,4.9202,10239
2020-05-12,5.05,4.53,5.05,4.09,8529
2020-05-13,4.31,3.28,4.31,3.24,12150
2020-05-14,3.3193,3.97,4.15,3.3,20940
2020-05-15,4.0,3.867,4.0002,3.821,13765
2020-05-18,3.8959,4.02,4.7,3.8959,10066
2020-05-19,4.17,4.36,4.55,4.05,18059
2020-05-20,4.68,4.65,4.85,4.47,10623
2020-05-22,4.43,4.5871,4.6,4.43,2900
2020-05-26,4.76,5.1,5.16,4.76,14600
2020-05-27,5.1,5.25,5.4,5.1,52876
2020-05-28,5.45,5.25,5.4502,4.9,18363
2020-05-29,5.0152,4.92,5.0152,4.75,2950
2020-06-01,4.91,5.006,5.1,4.89,13625
2020-06-02,5.1,5.2,5.25,5.0154,27930
2020-06-03,5.35,5.5,5.5,5.325,7500
2020-06-04,5.14,5.18,5.43,5.0,14680
2020-06-05,5.38,5.8,5.9,5.22,25900
2020-06-08,6.0,6.14,6.2,5.97,6450
2020-06-09,5.84,5.89,6.15,5.84,4400
2020-06-10,5.81,5.49,5.81,5.22,9451
2020-06-11,5.05,5.55,5.6,4.59,89015
2020-06-12,5.77,5.65,6.0,5.42,8900
2020-06-15,5.87,6.12,6.15,5.717,5845
2020-06-16,6.36,6.19,6.63,6.1183,3300
2020-06-17,6.0,5.85,6.0241,5.85,40889
2020-06-18,5.12,5.8,5.8,5.12,7962
2020-06-19,5.99,5.42,6.0271,5.42,28156
2020-06-22,5.61,5.8,5.8,5.4686,2976
2020-06-23,5.52,6.0,6.0,5.52,3331
2020-06-24,5.9281,5.656,5.93,4.99,9985
2020-06-25,5.28,5.7,5.7,5.28,5095
2020-06-26,5.86,5.89,5.89,5.85,506
2020-06-29,NaN,5.89,NaN,NaN,55
2020-06-30,5.6277,5.99,5.99,5.6277,9800
2020-07-01,NaN,5.99,NaN,NaN,9800
2020-07-02,NaN,5.99,NaN,NaN,0
2020-07-06,5.7001,5.9,5.91,5.7,6854
2020-07-07,5.64,5.47,5.64,4.84,3429
2020-07-08,5.25,5.5,5.6,5.24,1046
2020-07-09,5.23,5.4,5.4,5.23,200
2020-07-10,5.56,5.94,5.94,5.56,3050
2020-07-13,5.6659,5.76,5.76,5.6659,600
2020-07-14,5.85,5.85,5.85,5.85,100
2020-07-15,5.91,6.0,6.1,5.54,32331
2020-07-16,5.7,5.99,6.07,5.7,4518
2020-07-17,5.7,5.7,5.92,5.56,5230
2020-07-20,5.555,5.59,5.59,5.04,2701
2020-07-21,5.73,5.67,5.78,5.58,1876
2020-07-22,5.393,5.63,5.68,5.24,21200
2020-07-23,5.4,5.67,5.67,5.4,1200
2020-07-24,NaN,5.67,NaN,NaN,1200
2020-07-27,5.69,5.1958,5.69,5.17,3300
2020-07-28,5.051,5.35,5.39,4.977,3800
2020-07-29,5.21,5.4,5.47,5.21,2800
2020-07-30,5.35,5.39,5.45,5.25,12723
2020-07-31,5.28,5.3,5.3,5.25,660
2020-08-03,5.25,5.35,5.37,4.837,7609
2020-08-04,5.43,5.46,5.5,5.43,784
2020-08-05,5.66,5.7,5.7,5.66,4261
2020-08-06,5.42,5.42,5.42,5.42,100
2020-08-07,5.02,5.4,5.4,5.02,1156
2020-08-10,5.69,5.7,5.7,5.5757,1274
2020-08-11,5.7,5.36,5.75,5.36,14150
2020-08-12,5.57,5.22,5.75,5.0748,8954
2020-08-13,5.04,5.22,5.22,4.83,1164
2020-08-14,5.2,5.42,5.42,5.2,2112
2020-08-17,NaN,5.42,NaN,NaN,0
2020-08-18,5.54,5.54,5.54,5.54,101
2020-08-19,NaN,5.54,NaN,NaN,73
2020-08-20,5.27,5.43,5.43,5.1486,1351
2020-08-21,5.1713,5.16,5.29,4.69,5967
2020-08-24,5.24,5.25,5.25,4.98,2672
2020-08-25,5.0,5.21,5.21,4.25,8152
2020-08-26,NaN,5.21,NaN,NaN,11
2020-08-27,4.95,5.24,5.24,4.757,5171
2020-08-28,5.0,5.2,5.2,5.0,2200
2020-08-31,NaN,5.2,NaN,NaN,0
2020-09-01,NaN,5.2,NaN,NaN,0
2020-09-02,5.2,5.38,5.4,4.94,1900
2020-09-03,5.11,5.34,5.34,5.1,5920
2020-09-04,NaN,5.34,NaN,NaN,100
2020-09-08,5.07,5.0,5.23,4.97,800
2020-09-09,5.21,5.16,5.25,5.16,898
2020-09-10,NaN,5.16,NaN,NaN,72
2020-09-11,4.9,4.95,5.12,4.77,14192
2020-09-14,4.72,4.84,4.99,4.62,8436
2020-09-15,4.74,4.74,4.75,4.52,5053
2020-09-16,4.51,4.65,5.13,4.4,29295
2020-09-17,4.7,5.14,5.14,4.6376,4905
2020-09-18,4.89,4.97,5.01,4.79,12416
2020-09-21,4.55,4.87,4.94,4.42,6710
2020-09-22,5.05,5.24,5.24,4.79,9088
2020-09-23,4.909,5.35,5.46,4.909,4820
2020-09-24,5.08,5.36,5.48,4.88,5719
2020-09-25,5.09,5.38,5.38,5.06,1350
2020-09-28,5.58,5.49,5.58,5.427,1770
2020-09-29,5.22,5.42,5.42,5.22,1446
2020-09-30,5.49,5.47,5.49,5.25,1979
2020-10-01,5.2547,5.48,5.48,5.2001,3011
2020-10-02,5.47,5.5,5.5,5.365,3755
2020-10-05,5.5,5.6,5.6,5.4659,14530
2020-10-06,5.73,5.61,5.73,5.41,6281
2020-10-07,5.64,5.5,5.68,5.07,15200
2020-10-08,5.24,5.5,5.5,5.23,1900
2020-10-09,5.24,5.5,5.5,5.24,507
2020-10-12,5.27,5.55,5.55,4.98,4800
2020-10-13,5.06,5.5,5.5,5.06,1580
2020-10-14,5.5,5.5,5.5,5.5,350
2020-10-15,NaN,5.5,NaN,NaN,65
2020-10-20,5.24,5.5,5.5,5.24,1236
2020-10-21,5.03,5.3609,5.5,5.03,5864
2020-10-22,5.1149,5.1337,5.1337,5.1,3000
2020-10-23,5.02,5.02,5.02,5.02,150
2020-10-26,5.01,5.038,5.038,5.01,2240
2020-10-27,NaN,5.038,NaN,NaN,106
2020-10-28,NaN,5.038,NaN,NaN,217
2020-10-29,4.91,4.9899,4.99,4.7763,1095
2020-10-30,4.75,4.53,4.75,4.53,1730
2020-11-02,4.7,4.69,4.87,4.51,16381
2020-11-03,4.85,4.95,4.9899,4.8479,3593
2020-11-04,4.85,4.5691,4.85,4.5691,12100
2020-11-09,4.74,5.2185,5.28,4.74,21661
2020-11-10,4.97,5.09,5.12,4.75,4038
2020-11-11,4.98,4.9,4.98,4.85,1407
2020-11-12,4.9999,5.0,5.0,4.9999,250
2020-11-13,4.9999,4.75,5.1,4.75,4661
2020-11-16,4.9168,4.96,5.14,4.9168,6420
2020-11-17,5.1,5.05,5.1,4.51,12250
2020-11-18,5.146,5.075,5.35,5.0,8550
2020-11-19,4.8201,5.0578,5.0999,4.8201,1739
2020-11-20,4.935,5.0124,5.0124,4.935,702
2020-11-23,5.05,5.2,5.42,5.05,6224
2020-11-24,5.4,5.355,5.4,5.1966,6761
2020-11-25,5.13,5.27,5.2968,5.13,855
2020-11-30,5.3,5.06,5.3,5.06,2975
2020-12-01,5.26,5.72,6.0,5.26,26890
2020-12-02,5.67,5.68,5.68,5.41,2046
2020-12-03,5.68,5.7398,5.7505,5.444,33337
2020-12-04,5.7,5.59,5.7,5.5,2119
2020-12-07,5.25,5.6502,5.6798,5.25,7005
2020-12-08,5.73,6.25,6.25,5.7,6053
2020-12-09,6.1,6.26,6.59,6.1,6002
2020-12-10,6.35,6.5,6.7,6.35,2223
2020-12-11,6.4,6.46,6.46,6.4,1115
2020-12-14,6.71,6.4,6.774,6.27,3613
2020-12-15,6.38,6.4,6.525,6.36,3476
2020-12-16,6.1,6.2,6.24,5.92,4418
2020-12-17,6.4399,5.98,6.4399,5.975,3574
2020-12-18,6.0,6.0,6.0,5.7999,2512
2020-12-21,5.7,5.4,5.7,5.4,1453
2020-12-22,5.18,5.16,5.21,5.16,5710
2020-12-23,5.37,5.49,5.7,5.37,5610
2020-12-24,5.277,5.42,5.42,5.21,2003
2020-12-28,5.51,5.335,5.51,5.25,11020
2020-12-29,5.05,4.86,5.06,4.81,11420
2020-12-30,4.76,4.51,4.8499,4.51,16225
2020-12-31,4.66,4.43,4.67,4.41,25685
2021-01-04,4.55,4.51,4.55,4.3,5200
2021-01-05,4.49,4.6872,4.7,4.49,5200
2021-01-06,4.5,5.16,5.3998,4.5,4475
2021-01-07,4.93,5.3,5.3,4.8401,1800
2021-01-08,5.27,5.28,5.28,4.81,5209
2021-01-11,5.19,4.97,5.21,4.97,1101
2021-01-12,4.92,5.3,5.39,4.92,5692
2021-01-13,5.04,5.0294,5.04,5.0294,200
2021-01-14,5.065,5.065,5.065,5.065,100
2021-01-15,4.9,4.69,4.98,4.69,14940
2021-01-19,4.87,4.87,4.87,4.75,1200
2021-01-20,4.8465,4.8465,4.8465,4.8465,739
2021-01-21,5.02,5.0299,5.07,4.95,20375
2021-01-22,4.94,5.0,5.0,4.94,2207
2021-01-25,4.78,4.815,4.815,4.78,2201
2021-01-27,4.59,4.27,4.59,4.27,14630
2021-01-28,4.43,4.41,4.43,4.27,700
2021-01-29,4.22,4.24,4.3,4.22,1326
2021-02-01,4.37,4.26,4.47,4.26,6883
2021-02-02,4.4174,4.53,4.53,4.4,2401
2021-02-03,4.4,4.38,4.4,4.38,600
2021-02-04,4.38,4.51,4.51,4.38,2902
2021-02-05,4.5378,4.47,4.5378,4.3,3118
2021-02-08,4.5,4.72,4.77,4.5,2365
2021-02-09,4.6,4.8,4.8,4.5,2300
2021-02-10,4.57,4.57,4.57,4.57,100
2021-02-11,4.52,4.6009,4.7,4.48,1700
2021-02-12,4.78,4.81,5.2,4.78,6390
2021-02-16,4.85,4.9,4.9,4.85,800
2021-02-17,5.0,5.225,5.35,4.7967,5559
2021-02-18,5.39,5.17,5.4,5.17,12600
2021-02-19,5.38,5.34,5.38,5.34,535
2021-02-22,5.39,5.3933,5.3933,5.39,2235
2021-02-23,4.96,5.65,5.77,4.95,13584
2021-02-24,5.46,5.72,5.9,5.44,16765
2021-02-25,5.79,5.79,5.79,5.79,500
2021-02-26,5.6,5.5,5.6,5.3,8451
2021-03-01,5.6,5.8,5.8,5.6,3201
2021-03-02,5.9,5.31,5.94,5.31,9317
2021-03-03,5.09,5.25,5.5,5.0,38799
2021-03-05,5.02,5.4,5.41,5.0,4300
2021-03-08,5.22,5.41,5.68,5.06,51643
2021-03-09,5.39,5.5,5.6,5.39,27370
2021-03-10,5.53,5.5,5.8,5.49,43601
2021-03-11,5.26,5.23,5.43,5.03,5001
2021-03-12,5.43,5.27,5.69,5.16,4451
2021-03-15,5.4,5.5,5.7,5.3886,78750
2021-03-16,5.5,5.79,5.79,5.5,1649
2021-03-17,5.5,5.36,5.6,5.36,16400
2021-03-18,5.395,5.35,5.7,5.3,11900
2021-03-19,5.12,5.4,5.4,5.12,2100
2021-03-22,5.15,5.1299,5.15,5.1299,1758
2021-03-23,4.96,4.93,4.96,4.93,3869
2021-03-24,4.945,4.7,5.15,4.6801,10600
2021-03-25,4.57,4.7399,4.7399,4.57,665
2021-03-26,4.8113,4.5301,4.8113,4.4324,18440
2021-03-29,4.45,4.45,4.45,4.45,2240
2021-03-30,4.5214,4.75,4.77,4.45,2165
2021-03-31,4.53,4.53,4.53,4.53,100
2021-04-01,4.605,4.605,4.605,4.605,200
2021-04-05,NaN,4.605,NaN,NaN,100
2021-04-06,4.78,4.7,4.903,4.65,34459
2021-04-07,4.64,4.64,4.64,4.64,1600
2021-04-08,4.46,4.71,4.71,4.45,9902
2021-04-09,4.78,4.867,4.867,4.78,800
2021-04-12,4.63,4.63,4.7,4.63,1200
2021-04-13,4.45,4.4517,4.54,4.45,1650
2021-04-14,4.575,4.5,4.7,4.48,3946
2021-04-15,4.47,4.56,4.57,4.47,1400
2021-04-16,4.47,4.48,4.82,4.42,8958
2021-04-19,4.48,4.48,4.48,4.48,500
2021-04-20,4.371,4.34,4.371,4.2735,2705
2021-04-21,4.325,4.5,4.5,4.325,400
2021-04-22,4.44,4.39,4.5,4.38,3350
2021-04-23,4.56,4.5,4.62,4.4782,5660
2021-04-26,4.67,4.71,4.8,4.6295,2850
2021-04-27,4.81,4.51,4.81,4.5,3017
2021-04-28,4.5,4.76,4.76,4.475,6234
2021-04-29,4.94,4.83,4.94,4.83,1611
2021-04-30,4.84,4.94,4.97,4.21,19309
2021-05-03,4.8599,4.75,4.98,4.69,5116
2021-05-04,4.77,4.8,4.9,4.77,43628
2021-05-05,4.65,4.78,4.82,4.63,1900
2021-05-06,4.71,4.9458,5.0,4.71,11620
2021-05-07,4.64,4.78,4.78,4.6,1153
2021-05-10,4.79,4.0,4.79,3.85,21459
2021-05-11,3.8,3.84,3.96,3.55,14998
2021-05-12,3.65,3.37,3.7,3.19,43881
2021-05-13,3.64,3.55,3.64,3.5,10338
2021-05-14,3.33,3.4,3.58,3.33,3740
2021-05-17,3.23,3.47,3.55,3.1498,46800
2021-05-18,3.3015,3.3,3.4,3.3,11589
2021-05-19,3.25,3.39,3.39,3.15,24185
2021-05-20,3.38,3.45,3.45,3.296,21240
2021-05-21,3.48,3.43,3.52,3.43,2735
2021-05-24,3.463,3.55,3.55,3.347,5604
2021-05-25,3.6,3.5199,3.66,3.5,10344
2021-05-26,3.34,3.32,3.51,3.21,7982
2021-05-27,3.45,3.65,3.7,3.45,14554
2021-05-28,3.79,3.7599,3.8,3.7,13250
2021-06-01,3.77,3.75,3.9,3.75,11378
2021-06-02,3.88,3.88,3.8802,3.88,3530
2021-06-03,3.78,3.8977,3.91,3.78,37338
2021-06-04,3.83,3.83,3.83,3.75,3200
2021-06-07,3.86,3.86,3.91,3.86,3200
2021-06-08,3.9,4.16,4.16,3.805,18565
2021-06-09,4.0,3.9985,4.05,3.9491,37211
2021-06-10,3.9714,3.9,4.1,3.887,7750
2021-06-11,3.83,3.97,4.0,3.83,5800
2021-06-14,3.8,3.79,3.8,3.79,401
2021-06-15,3.79,3.82,3.85,3.7605,3852
2021-06-16,3.95,4.2,4.2,3.94,15230
2021-06-17,4.36,4.0,4.36,4.0,2700
2021-06-18,NaN,4.0,NaN,NaN,51
2021-06-21,3.9,4.0881,4.09,3.89,6350
2021-06-22,4.0781,4.06,4.13,4.06,2100
2021-06-23,3.89,4.09,4.3,3.88,1601
2021-06-24,3.99,3.91,4.0,3.91,5400
2021-06-25,3.97,3.9995,4.055,3.965,10300
2021-06-28,3.89,4.047,4.05,3.85,22917
2021-06-29,4.05,4.01,4.05,3.85,26457
2021-06-30,3.8924,3.7601,3.95,3.7601,3300
2021-07-01,3.91,3.83,3.91,3.83,2145
2021-07-02,3.81,3.75,3.8124,3.75,8000
2021-07-06,3.71,3.5725,3.72,3.55,10963
2021-07-07,3.55,3.57,3.6055,3.55,6750
2021-07-08,3.57,3.5591,3.57,3.4718,2100
2021-07-09,3.59,3.4201,3.6204,3.42,2070
2021-07-12,3.55,3.55,3.59,3.55,1770
2021-07-13,3.53,3.42,3.53,3.42,1240
2021-07-14,3.55,3.6691,3.72,3.5,25681
2021-07-16,3.65,3.45,3.7,3.3701,12332
2021-07-19,3.28,3.48,3.48,3.1,18012
2021-07-20,3.4,3.24,3.4,3.23,11900
2021-07-21,3.37,3.21,3.37,3.21,4807
2021-07-22,3.11,3.0022,3.12,3.0,39900
2021-07-23,2.79,2.98,3.06,2.79,2758
2021-07-26,3.08,3.2,3.2,3.08,1500
2021-07-27,3.261,3.34,3.34,3.215,1965
2021-07-28,3.33,3.3677,3.4,3.17,21000
2021-07-29,3.355,3.41,3.48,3.21,5452
2021-07-30,3.415,3.49,3.49,3.41,15602
2021-08-02,3.46,3.4,3.56,3.4,9710
2021-08-03,3.3301,3.3301,3.3301,3.3301,2012
2021-08-04,3.34,3.4485,3.45,3.33,37006
2021-08-05,3.58,3.4986,3.58,3.41,3726
2021-08-06,3.4,3.29,3.4,2.7,28057
2021-08-09,3.31,3.42,3.42,3.1987,2425
2021-08-10,3.395,3.2,3.53,3.2,4054
2021-08-11,3.05,3.2,3.22,3.05,9400
2021-08-17,3.1999,3.12,3.2,3.12,3512
2021-08-18,3.11,3.12,3.12,3.03,2350
2021-08-19,3.15,3.1013,3.25,3.1013,21240
2021-08-20,3.19,3.13,3.27,3.13,2546
2021-08-23,3.13,3.1299,3.13,3.01,23360
2021-08-24,3.25,3.1799,3.25,3.09,2200
2021-08-25,3.25,3.1,3.25,3.0712,11551
2021-08-26,3.21,3.1,3.21,3.0849,6602
2021-08-27,3.15,3.14,3.1799,3.1397,5400
2021-08-30,3.18,3.07,3.18,3.07,4100
2021-08-31,3.19,2.9933,3.19,2.98,6443
2021-09-01,3.1,3.09,3.1,2.96,32505
2021-09-02,2.991,3.0,3.028,2.95,7027
2021-09-03,2.95,2.94,3.0099,2.94,3480
2021-09-07,3.0199,2.95,3.03,2.95,5561
2021-09-08,2.85,2.9,2.94,2.801,10447
2021-09-09,2.98,2.9,3.0,2.9,4300
2021-09-10,2.88,3.0,3.08,2.8,21708
2021-09-13,3.09,3.02,3.09,2.9001,1331
2021-09-14,3.0,2.92,3.03,2.92,971
2021-09-15,2.955,2.98,3.01,2.955,3308
2021-09-16,2.97,2.9299,2.97,2.9299,5449
2021-09-17,2.9101,2.87,2.9198,2.77,6383
2021-09-20,2.93,2.6501,2.93,2.65,30885
2021-09-21,2.74,2.82,2.82,2.71,2987
2021-09-22,2.91,2.755,2.91,2.755,2300
2021-09-23,2.84,3.33,3.5,2.81,186094
2021-09-24,3.4499,3.63,3.88,3.42,96359
2021-09-27,3.76,3.8499,3.87,3.65,19235
2021-09-28,3.83,3.73,3.83,3.7,23724
2021-09-29,3.77,3.76,3.77,3.7,30341
2021-09-30,3.78,3.78,3.8,3.76,20685
2021-10-01,3.8,3.8,3.8,3.75,14933
2021-10-04,3.75,3.84,3.87,3.73,5130
2021-10-05,3.855,3.925,3.925,3.855,2928
2021-10-06,3.89,3.935,3.95,3.8899,6283
2021-10-07,3.99,3.9998,4.13,3.9851,25075
2021-10-08,4.0,4.03,4.05,4.0,13846
2021-10-11,3.84,4.0,4.01,3.84,8418
2021-10-12,4.0,4.005,4.005,3.98,13450
2021-10-13,3.8901,4.0,4.005,3.8901,17000
2021-10-14,4.1,4.1,4.1,4.1,101
2021-10-15,4.19,4.24,4.27,4.155,21601
2021-10-18,4.2,4.3986,4.45,4.2,11975
2021-10-19,4.35,4.49,4.55,4.35,12500
2021-10-20,4.4916,4.5998,4.66,4.4916,12205
2021-10-21,4.78,4.98,4.98,4.75,11286
2021-10-22,4.93,4.9798,5.16,4.93,10370
2021-10-25,5.01,5.0,5.02,4.99,4997
2021-10-26,5.006,5.15,5.2,5.006,12985
2021-10-27,5.15,5.09,5.34,5.0101,10814
2021-10-28,5.39,5.125,5.39,5.0501,6517
2021-10-29,5.15,5.19,5.19,4.9,18650
2021-11-01,5.08,5.1786,5.2,5.08,3823
2021-11-02,5.02,4.96,5.16,4.96,14239
2021-11-03,4.77,5.19,5.2,4.36,18887
2021-11-04,4.97,4.9,4.97,4.83,2740
2021-11-05,4.9,5.15,5.177,4.9,6934
2021-11-08,5.085,5.01,5.085,5.01,1190
2021-11-09,5.21,4.695,5.21,4.68,3132
2021-11-10,4.6767,4.47,4.84,4.385,3950
2021-11-11,4.45,4.605,4.605,4.45,3462
2021-11-12,4.78,4.81,4.9,4.78,1362
2021-11-15,4.83,4.8101,4.83,4.78,600
2021-11-16,4.98,5.1,5.17,4.98,7473
2021-11-17,5.02,4.794,5.02,4.78,4773
2021-11-18,4.78,4.56,4.78,4.56,2080
2021-11-19,4.59,4.41,4.59,4.41,1082
2021-11-22,4.52,4.72,4.82,4.52,16983
2021-11-23,4.59,4.5,4.59,4.34,2330
2021-11-24,4.4,4.24,4.4,4.01,30291
2021-11-26,4.06,3.9,4.06,3.5785,30811
2021-11-29,3.77,3.73,3.89,3.44,21797
2021-11-30,3.72,3.64,3.75,3.64,7553
2021-12-01,3.64,3.52,3.79,3.52,2718
2021-12-02,3.4563,3.58,3.65,3.4563,16833
2021-12-03,3.49,3.51,3.5199,3.49,2205
2021-12-06,3.51,3.75,3.7511,3.51,3200
2021-12-07,3.9,4.02,4.04,3.9,3680
2021-12-08,3.97,4.0,4.12,3.97,6058
2021-12-09,3.8,3.69,3.82,3.69,4322
2021-12-10,3.7059,3.61,3.7059,3.56,3082
2021-12-13,3.5,3.41,3.5,3.29,1951
2021-12-14,3.35,3.25,3.35,3.25,3063
2021-12-15,3.25,3.51,3.5399,3.17,62320
2021-12-16,3.57,3.45,3.84,3.41,51410
2021-12-17,3.45,3.5089,3.58,3.4,9548
2021-12-20,3.58,3.4,3.58,3.265,40417
2021-12-21,3.51,3.93,3.96,3.51,18351
2021-12-22,3.82,3.85,3.88,3.48,100489
2021-12-23,3.9299,4.12,4.1499,3.78,15778
2021-12-27,4.0,4.17,4.18,3.945,2735
2021-12-28,4.26,4.24,4.26,4.05,4371
2021-12-29,4.29,4.225,4.29,4.225,3861
2021-12-30,4.3,4.32,4.3899,4.2999,4828
2021-12-31,4.33,4.17,4.33,4.0605,29786
2022-01-03,4.29,4.24,4.3198,4.2,33995
2022-01-04,4.33,4.19,4.33,4.1463,9904
2022-01-05,4.2,4.1699,4.2,4.08,2356
2022-01-06,4.17,4.19,4.23,4.1,3999
2022-01-07,4.1001,4.1599,4.1599,3.96,10365
2022-01-10,3.97,3.97,3.97,3.97,200
2022-01-11,4.02,4.0,4.1,4.0,5850
2022-01-12,4.16,4.33,4.33,4.158,19444
2022-01-13,4.33,4.4,4.4699,4.328,5637
2022-01-14,4.2027,4.52,4.52,4.2027,17016
2022-01-18,4.3,4.11,4.3,4.11,10515
2022-01-19,4.195,3.96,4.195,3.96,10635
2022-01-20,3.9693,3.76,4.0,3.76,28024
2022-01-21,3.68,3.38,3.76,3.38,27849
2022-01-24,3.3,3.35,3.3613,3.1099,22782
2022-01-25,3.19,3.38,3.39,3.15,14123
2022-01-26,3.5,3.3,3.63,3.3,4828
2022-01-27,3.32,3.05,3.35,2.988,13445
2022-01-28,3.05,3.11,3.1733,2.9,23743
2022-01-31,3.03,3.17,3.2494,3.01,17881
2022-02-01,3.15,3.34,3.44,3.139,14727
2022-02-02,3.45,3.365,3.45,3.34,7328
2022-02-03,3.34,3.3445,3.35,3.34,11158
2022-02-04,3.45,3.49,3.49,3.3,10900
2022-02-07,3.53,3.58,3.63,3.505,4769
2022-02-08,3.72,4.23,4.23,3.7,13625
2022-02-09,4.03,3.985,4.17,3.9604,4316
2022-02-10,3.97,3.9809,4.28,3.97,7825
2022-02-11,3.99,4.07,4.12,3.97,4416
2022-02-14,4.25,4.005,4.25,3.97,14350
2022-02-15,4.15,4.17,4.23,3.9821,2700
2022-02-16,3.99,3.99,3.99,3.97,2000
2022-02-17,4.06,3.85,4.06,3.79,5089
2022-02-18,3.72,3.63,3.8,3.57,5742
2022-02-22,3.57,3.4199,3.65,3.365,5950
2022-02-23,3.34,3.46,3.46,3.34,4350
2022-02-24,3.25,3.3,3.42,3.2,4258
2022-02-25,3.25,2.9,3.25,2.64,46108
2022-02-28,3.01,2.55,3.13,2.4,28635
2022-03-01,2.48,2.43,2.48,2.28,26450
2022-03-02,2.42,2.56,2.56,2.42,1042
2022-03-03,2.59,2.77,2.795,2.59,13053
2022-03-04,2.75,2.84,2.84,2.52,28210
2022-03-07,2.81,2.61,2.81,2.61,2464
2022-03-08,2.585,2.61,2.71,2.5601,3065
2022-03-09,2.71,2.77,2.98,2.7027,7073
2022-03-10,2.66,2.8512,2.8512,2.58,8559
2022-03-11,2.96,2.6,3.0,2.47,14673
2022-03-14,2.5,2.44,2.51,2.44,9684
2022-03-15,2.4202,2.39,2.45,2.3688,7200
2022-03-16,2.45,3.01,3.13,2.45,14870
2022-03-17,2.86,2.5,2.95,2.5,5334
2022-03-18,2.38,1.3,2.38,0.97,706451
2022-03-21,1.41,1.31,1.43,1.11,39641
2022-03-22,1.27,1.35,1.35,1.2,25611
2022-03-23,1.3501,1.365,1.39,1.34,26042
2022-03-24,1.3514,1.19,1.37,1.19,13319
2022-03-25,1.19,1.07,1.23,1.07,37356
2022-03-28,1.07,1.2,1.39,1.07,61711
2022-03-29,1.1999,1.13,1.2,1.13,5341
2022-03-30,1.2,1.2,1.28,1.1,274034
2022-03-31,1.16,1.16,1.21,1.12,38629
2022-04-04,1.2,1.2,1.22,1.2,3894
2022-04-05,1.2,0.9805,1.25,0.9805,5976
2022-04-06,0.985,0.9883,1.1075,0.985,16914
2022-04-07,0.98,1.01,1.01,0.9699,5024
2022-04-08,0.96,0.92,0.9799,0.910001,12564
2022-04-11,0.9386,0.9386,0.9386,0.9386,1676
2022-04-12,0.9899,1.0901,1.11,0.9899,10549
2022-04-13,1.15,1.15,1.15,1.15,2636
2022-04-14,1.1678,1.1678,1.1678,1.1678,1840
2022-04-18,1.16,1.1499,1.16,1.1499,2129
2022-04-19,1.13,1.13,1.13,1.105,3432
2022-04-20,1.1301,1.14,1.14,1.13,803
2022-04-21,1.07,1.1,1.1,1.01,10884
2022-04-22,1.04,1.05,1.05,0.99,16042
2022-04-26,0.9899,1.0,1.0,0.9899,2085
2022-04-27,0.9401,1.05,1.06,0.8802,12055
2022-04-28,0.9801,1.1,1.1,0.98,1212
2022-04-29,1.05,1.05,1.05,1.05,500
2022-05-02,0.9801,0.99,0.99,0.9801,1812
2022-05-03,0.9851,0.9851,0.9851,0.9851,1300
2022-05-04,0.9852,1.04,1.04,0.8152,49502
2022-05-05,1.0,0.9899,1.0,0.95,6661
2022-05-09,0.95,0.95,0.95,0.95,1000
2022-05-10,0.95,0.8999,0.95,0.8999,14656
2022-05-11,0.9,0.9,0.9,0.9,1400
2022-05-12,0.9,0.9002,0.9002,0.9,1200
2022-05-13,0.94,1.17,1.17,0.89005,9452
2022-05-16,1.15,1.15,1.15,1.15,100
2022-05-17,1.21,1.15,1.25,1.1297,9579
2022-05-18,1.1796,1.26,1.26,1.1796,3404
2022-05-19,1.32,1.3,1.32,1.27,46427
2022-05-20,1.36,1.3,1.36,1.2991,6924
2022-05-23,1.26,1.1801,1.26,1.1801,11010
2022-05-24,1.2108,1.2,1.22,1.18,118449
2022-05-25,1.18,1.25,1.26,1.16,28160
2022-05-26,1.24,1.35,1.37,1.24,10610
2022-05-27,1.3997,1.28,1.3997,1.28,4500
2022-05-31,1.34,1.2496,1.34,1.238,1501
2022-06-01,1.2692,1.2,1.33,1.19,14593
2022-06-02,1.26,1.35,1.3501,1.26,10500
2022-06-03,1.38,1.4,1.4,1.38,22433
2022-06-06,1.45,1.4,1.45,1.4,3500
2022-06-08,1.34,1.34,1.34,1.315,8515
2022-06-09,1.4,1.42,1.42,1.35,26441
2022-06-10,1.36,1.42,1.45,1.36,7495
2022-06-13,1.3989,1.33,1.3989,1.28,3600
2022-06-15,1.25,1.2993,1.2993,1.25,1230
2022-06-16,1.25,1.32,1.32,1.18,8000
2022-06-17,1.3,1.25,1.33,1.25,4030
2022-06-21,1.31,1.2897,1.33,1.17,7636
2022-06-22,1.31,1.32,1.32,1.31,3700
2022-06-23,1.32,1.35,1.36,1.315,48436
2022-06-24,1.26,1.32,1.4,1.26,26647
2022-06-27,1.3,1.28,1.325,1.28,5260
2022-06-28,1.25,1.2,1.25,1.2,2500
2022-06-29,1.23,1.23,1.23,1.23,3931
2022-06-30,1.19,1.31,1.31,1.19,16930
2022-07-01,1.37,1.4025,1.4025,1.3688,2350
2022-07-05,1.42,1.42,1.42,1.42,1400
2022-07-06,1.385,1.48,1.48,1.385,6250
2022-07-07,1.49,1.52,1.52,1.49,1400
2022-07-08,1.6,1.62,1.62,1.52,31334
2022-07-11,1.54,1.45,1.54,1.45,2050
2022-07-12,1.5,1.61,1.635,1.5,34196
2022-07-13,1.53,1.52,1.535,1.52,19070
2022-07-14,1.48,1.5,1.5,1.48,12316
2022-07-15,1.55,1.5489,1.55,1.5489,14368
2022-07-18,1.51,1.6598,1.7,1.46,16596
2022-07-19,1.7199,1.89,1.89,1.7199,11480
2022-07-20,1.89,1.96,1.98,1.81,9959
2022-07-21,1.87,1.78,1.87,1.78,2335
2022-07-25,1.7,1.8,1.815,1.7,5200
2022-07-26,1.8487,1.88,1.88,1.79,500
2022-07-27,1.9,1.905,1.95,1.85,5700
2022-07-28,1.895,1.9795,1.98,1.875,4959
2022-07-29,2.04,1.9,2.04,1.9,15147
2022-08-01,1.81,1.8,1.8218,1.8,1507
2022-08-02,1.87,1.8,1.87,1.8,900
2022-08-03,1.8337,1.87,1.87,1.8337,300
2022-08-05,1.8,1.78,1.81,1.78,2253
2022-08-08,1.7876,1.81,1.81,1.78,1023
2022-08-09,1.87,2.19,2.31,1.87,16615
2022-08-10,2.27,2.43,2.43,2.17,14651
2022-08-11,2.43,2.425,2.51,2.316,42401
2022-08-12,2.49,2.47,2.51,2.3499,36873
2022-08-15,2.51,2.55,2.55,2.38,19221
2022-08-16,2.47,2.38,2.51,2.37,5700
2022-08-17,2.32,2.4,2.4466,2.24,15987
2022-08-18,2.44,2.53,2.565,2.43,3728
2022-08-19,2.45,2.42,2.45,2.42,3813
2022-08-22,2.59,2.5,2.59,2.47,3335
2022-08-23,2.59,2.505,2.59,2.46,7117
2022-08-25,2.59,2.59,2.59,2.59,134
2022-08-26,2.55,2.54,2.55,2.54,1915
2022-08-29,2.59,2.6039,2.607,2.5684,6136
2022-08-30,2.63,2.68,2.74,2.51,27639
2022-08-31,2.6242,2.7,2.7,2.6242,5437
2022-09-01,2.57,2.67,2.7,2.57,8081
2022-09-02,2.54,2.95,3.005,2.54,46729
2022-09-06,2.83,2.88,2.89,2.8,11760
2022-09-07,2.8,3.03,3.03,2.775,16533
2022-09-08,2.92,2.9,2.93,2.9,3535
2022-09-12,2.76,2.69,2.82,2.69,6964
2022-09-14,2.57,2.46,2.57,2.46,1901
2022-09-15,2.493,2.493,2.493,2.493,1000
2022-09-16,2.38,2.87,2.87,2.38,2267
2022-09-20,2.74,2.79,2.805,2.74,9032
2022-09-21,2.705,2.62,2.705,2.62,6900
2022-09-22,2.5,2.59,2.6,2.5,18768
2022-09-23,2.47,2.36,2.47,2.27,8495
2022-09-26,2.26,2.175,2.33,2.17,17193
2022-09-28,2.2199,2.34,2.34,2.1915,3500
2022-09-29,2.23,2.19,2.23,1.9887,11026
2022-09-30,2.22,2.61,2.62,2.22,31187
2022-10-03,2.6,2.5311,2.6,2.5311,734
2022-10-04,2.62,2.66,2.72,2.6,2726
2022-10-05,2.55,2.565,2.565,2.55,602
2022-10-06,2.53,2.57,2.58,2.3123,17783
2022-10-07,2.82,1.6,2.83,1.3,288398
2022-10-10,1.66,1.59,1.76,1.58,123409
2022-10-11,1.51,1.52,1.52,1.4,54132
2022-10-12,1.52,1.49,1.5201,1.43,59535
2022-10-13,1.42,1.45,1.48,1.305,23521
2022-10-14,1.38,1.25,1.38,1.198,14700
2022-10-17,1.31,1.15,1.33,1.105,45558
2022-10-18,1.21,1.1,1.21,1.08,18664
2022-10-19,1.12,1.1,1.12,1.07,15707
2022-10-20,1.0951,1.13,1.16,1.08,26073
2022-10-21,1.1399,1.09,1.14,1.05,14485
2022-10-24,1.05,1.06,1.06,1.02,38120
2022-10-25,1.06,1.075,1.08,1.04,37330
2022-10-26,1.09,1.11,1.11,1.065,46034
2022-10-27,1.08,1.08,1.08,1.065,15985
2022-10-28,1.1,1.1401,1.1401,1.1,10777
2022-10-31,1.2,1.34,1.34,1.17,9773
2022-11-01,1.4,1.3,1.4,1.27,10968
2022-11-02,1.2638,1.1988,1.2638,1.17,3648
2022-11-03,1.13,1.085,1.19,1.085,2040
2022-11-04,1.14,1.14,1.19,1.1,11500
2022-11-07,1.1799,1.11,1.18,1.07,1535
2022-11-08,1.16,1.1201,1.175,1.07,9600
2022-11-09,1.18,1.14,1.3,1.11,14869
2022-11-10,1.165,1.275,1.3,1.165,31047
2022-11-11,1.3,1.25,1.35,1.25,34716
2022-11-14,1.4,1.225,1.43,1.225,20486
2022-11-15,1.26,1.15,1.32,1.15,16052
2022-11-16,1.13,1.13,1.1301,1.13,1401
2022-11-17,1.11,1.23,1.23,1.11,1249
2022-11-18,1.2,1.2,1.2,1.1701,12724
2022-11-21,1.1863,1.2,1.2,1.1863,3273
2022-11-22,1.26,1.25,1.28,1.214,14049
2022-11-23,1.2,1.19,1.2,1.18,2120
2022-11-25,1.24,1.25,1.26,1.24,4737
2022-11-28,1.26,1.25,1.27,1.21,6667
2022-11-29,1.31,1.4464,1.4744,1.2858,79217
2022-11-30,1.5,1.48,1.55,1.4,38814
2022-12-01,1.54,1.52,1.54,1.47,17300
2022-12-02,1.45,1.55,1.6,1.45,63229
2022-12-05,1.55,1.55,1.66,1.44,11078
2022-12-06,1.5212,1.55,1.55,1.5,9800
2022-12-07,1.53,1.4572,1.55,1.43,19370
2022-12-08,1.51,1.52,1.57,1.44,47866
2022-12-09,1.4815,1.43,1.53,1.37,39482
2022-12-12,1.435,1.52,1.61,1.435,61770
2022-12-13,1.58,1.55,1.678,1.5,53655
2022-12-14,1.49,1.49,1.6,1.39,29340
2022-12-15,1.42,1.4,1.425,1.33,34900
2022-12-16,1.33,1.32,1.34,1.248,39401
2022-12-19,1.38,1.4,1.5,1.29,20751
2022-12-20,1.44,1.5,1.61,1.36,100770
2022-12-21,1.5,1.58,1.65,1.4653,63352
2022-12-22,1.565,1.6,1.63,1.47,35676
2022-12-23,1.55,1.6,1.61,1.5105,18630
2022-12-27,1.6,1.65,1.65,1.5934,11829
2022-12-28,1.6122,1.53,1.63,1.4958,19200
2022-12-29,1.59,1.65,1.71,1.59,14090
2022-12-30,1.65,2.03,2.03,1.65,40558
2023-01-03,1.9689,1.64,2.0,1.55,79113
2023-01-04,1.69,1.73,1.79,1.6543,17661
2023-01-05,1.65,1.65,1.68,1.605,12379
2023-01-06,1.65,1.81,1.81,1.65,32214
2023-01-09,1.88,1.73,1.98,1.68,29478
2023-01-10,1.67,1.74,1.77,1.67,14113
2023-01-11,1.665,1.67,1.6799,1.39,40238
2023-01-12,1.6671,1.68,1.77,1.56,18983
2023-01-13,1.72,1.92,1.92,1.72,10887
2023-01-17,1.82,1.8,1.82,1.725,2413
2023-01-18,1.8,1.7099,1.86,1.66,9793
2023-01-19,1.72,1.75,1.79,1.675,7266
2023-01-20,1.7543,1.96,1.96,1.7543,14284
2023-01-23,1.96,1.85,1.98,1.83,134303
2023-01-24,1.85,1.85,1.86,1.795,45108
2023-01-25,1.88,1.851,1.88,1.81,11706
2023-01-26,1.87,1.925,1.95,1.85,37278
2023-01-27,1.94,1.725,1.94,1.69,21512
2023-01-30,1.85,1.28,1.85,1.28,25105
2023-01-31,1.35,1.4526,1.48,1.34,18476
2023-02-01,1.45,1.5,1.5,1.305,20681
2023-02-02,1.4449,1.27,1.48,1.1814,9852
2023-02-03,1.2,1.34,1.35,1.17,3332
2023-02-06,1.29,1.3,1.33,1.16,42216
2023-02-07,1.255,1.35,1.35,1.205,26015
2023-02-08,1.3,1.33,1.35,1.2351,6227
2023-02-09,1.35,1.12,1.35,1.01,23320
2023-02-10,1.14,1.2,1.2,1.1365,36011
2023-02-13,1.1458,1.15,1.1699,1.1458,403
2023-02-14,1.08,1.1,1.1351,1.04,10200
2023-02-15,1.03,1.02,1.0499,0.98,11987
2023-02-16,1.01,1.1,1.1,1.0,12101
2023-02-17,1.065,1.08,1.14,1.05,10416
2023-02-21,1.04,0.9799,1.08,0.95,11358
2023-02-22,1.03,1.01,1.05,1.0092,9920
2023-02-23,1.07,1.14,1.15,1.055,14846
2023-02-24,1.07,1.0201,1.07,1.01,15557
2023-02-27,1.0,0.95,1.05,0.8501,10476
2023-02-28,0.92,0.95,1.0,0.72,32064
2023-03-01,1.0,0.88,1.4,0.86,325830
2023-03-02,0.91,0.84,0.91,0.84,84865
2023-03-03,0.849,0.71,0.849,0.54,59349
2023-03-06,0.7,0.49,0.7,0.49,9264
2023-03-07,0.44,0.44,0.54,0.351,55257
2023-03-08,0.42,0.37,0.42,0.34,18375
2023-03-09,0.35992,0.22,0.35992,0.1976,29603
2023-03-10,0.16,0.2,0.2225,0.1599,15900
2023-03-13,0.14,0.0975,0.14,0.045,56159
2023-03-14,0.12,0.15,0.15,0.1007,21390
2023-03-15,0.09,0.1275,0.13,0.08,11828
2023-03-16,0.070101,0.12,0.12,0.070101,3100
2023-03-17,0.06,0.0575,0.0833,0.0442,30638
2023-03-20,0.0575,0.1,0.112,0.0575,30579
2023-03-21,0.1404,0.12,0.15,0.1125,6619
2023-03-22,0.11,0.0775,0.11,0.06,28891
2023-03-23,0.0875,0.0888,0.0888,0.0516,3023
2023-03-24,0.07,0.072,0.072,0.07,800
2023-03-28,0.064,0.0474,0.0678,0.0406,5500
2023-03-29,0.081,0.04,0.081,0.04,6923
2023-03-30,0.07,0.05,0.07,0.05,432
2023-03-31,0.0595,0.128,0.128,0.0575,34324
2023-04-03,0.13,0.11,0.159999,0.11,11691
2023-04-04,0.16,0.1,0.16,0.0975,12200
2023-04-05,0.105,0.1049,0.105,0.1049,200
2023-04-06,0.0598,0.0898,0.0899,0.03,6102
2023-04-10,0.0898,0.095,0.095,0.071,32333
2023-04-11,0.075,0.13,0.13,0.075,7021
2023-04-12,0.082,0.058,0.082,0.0294,10674
2023-04-13,0.064,0.05,0.0782,0.036,13012
2023-04-14,0.05,0.04,0.06,0.04,4141
2023-04-17,0.0335,0.0221,0.05,0.0221,18245
2023-04-18,0.02765,0.017,0.0291,0.017,13680
2023-04-19,0.022,0.0092,0.022,0.0047,70852
