2020-04-01,15.0,6.92,15.0,5.8,9626584
2020-04-02,7.31,6.21,7.98,6.0,13963679
2020-04-03,6.61,8.06,8.1,6.33,26556803
2020-04-06,8.68,7.3,9.0,7.23,7505157
2020-04-07,7.5,7.3,7.58,7.2,4968786
2020-04-08,7.2,10.03,10.3,7.2,7342846
2020-04-09,10.87,10.79,11.14,10.0,6333414
2020-04-13,10.97,9.5,11.84,9.45,2788938
2020-04-14,10.0,9.66,10.19,9.11,2940264
2020-04-15,9.12,8.89,9.24,8.7,1752299
2020-04-16,8.77,8.54,9.04,8.06,1832172
2020-04-17,8.94,9.47,10.2,8.9,4168578
2020-04-20,9.01,9.76,9.97,8.6,2430254
2020-04-21,9.49,9.31,9.86,9.2701,1927824
2020-04-22,9.56,9.3,9.65,9.29,794450
2020-04-23,9.32,8.82,9.5,8.81,1426392
2020-04-24,8.82,8.04,8.93,7.9,3340898
2020-04-27,8.1,9.15,9.41,8.1,1703917
2020-04-28,9.4,8.2,9.8,7.91,5760860
2020-04-29,8.64,8.81,8.92,8.4,2216178
2020-04-30,8.57,8.72,8.8,8.32,1347981
2020-05-01,8.4,8.55,8.69,8.32,2067647
2020-05-04,8.2,8.88,9.02,8.16,1989359
2020-05-05,8.94,8.84,9.0487,8.512,1855092
2020-05-06,8.75,8.34,8.75,8.3,1836372
2020-05-07,8.47,8.67,8.825,8.41,1224634
2020-05-08,8.74,9.12,9.12,8.6269,1590309
2020-05-11,8.94,8.78,9.1,8.65,909693
2020-05-12,8.85,8.52,9.035,8.5,2538129
2020-05-13,8.49,8.3,8.6,8.23,1212843
2020-05-14,8.13,8.33,8.46,7.79,2273214
2020-05-15,8.21,8.34,8.62,8.0391,1097748
2020-05-18,8.68,9.27,9.3,8.6402,1459812
2020-05-19,9.29,9.29,9.59,8.98,1054366
2020-05-20,9.94,10.5,10.83,9.9,2621470
2020-05-21,10.4,11.28,11.61,10.25,2228335
2020-05-22,11.72,12.84,13.05,11.54,3196753
2020-05-26,14.1,13.05,15.7799,12.78,5366862
2020-05-27,13.44,13.95,14.21,13.31,2587106
2020-05-28,14.51,13.73,14.75,13.53,2098860
2020-05-29,13.5,14.47,14.625,13.33,2453317
2020-06-01,14.41,14.93,15.06,14.02,1263052
2020-06-02,15.13,15.95,16.12,15.09,2019894
2020-06-03,16.6,17.09,17.31,16.16,2419750
2020-06-04,17.25,17.32,17.9,16.63,2690293
2020-06-05,17.8,18.69,18.78,17.6,2022794
2020-06-08,19.48,18.52,19.69,16.27,4424039
2020-06-09,17.5,17.8,18.6,17.15,2174332
2020-06-10,17.46,16.76,17.77,16.555,1696711
2020-06-11,15.0,15.37,16.57,14.71,1637922
2020-06-12,16.5,16.48,17.1899,15.92,1394073
2020-06-15,15.47,16.26,16.59,15.25,2020136
2020-06-16,17.18,16.61,17.18,16.27,1586025
2020-06-17,16.63,15.51,16.7499,15.43,1489521
2020-06-18,15.26,15.74,15.78,15.05,1082994
2020-06-19,15.99,15.4,15.99,15.0801,3837280
2020-06-22,15.44,15.77,16.21,15.335,1365621
2020-06-23,16.03,15.92,16.37,15.753,1037585
2020-06-24,15.71,15.05,15.87,14.69,1509946
2020-06-25,14.92,15.46,15.85,14.75,1318917
2020-06-26,15.22,13.67,15.33,13.56,11774719
2020-06-29,14.03,13.84,14.3,13.5101,1630674
2020-06-30,13.83,13.93,14.13,13.375,1138112
2020-07-01,13.94,13.23,14.16,13.19,1346350
2020-07-02,13.53,13.07,13.76,12.935,1120870
2020-07-06,13.45,14.19,14.25,13.3,1489071
2020-07-07,13.95,14.12,14.44,13.7,1385343
2020-07-08,14.17,14.54,14.65,13.72,1266557
2020-07-09,14.51,14.07,14.61,13.96,1202547
2020-07-10,14.05,14.51,14.56,14.02,726484
2020-07-13,14.75,14.94,15.688,14.69,1379520
2020-07-14,14.81,15.72,15.74,14.5315,1020175
2020-07-15,16.27,16.41,16.5,15.67,1362192
2020-07-16,16.32,16.73,16.92,16.276,1267591
2020-07-17,16.75,16.25,16.88,16.06,747618
2020-07-20,16.04,16.25,16.4,15.81,958211
2020-07-21,16.22,16.79,16.99,16.185,1524159
2020-07-22,16.57,17.21,17.32,16.45,695942
2020-07-23,17.07,16.37,17.2137,16.25,689448
2020-07-24,16.23,16.35,16.45,15.91,481412
2020-07-27,16.42,17.01,17.02,16.06,735147
2020-07-28,16.78,16.75,17.1,16.71,449112
2020-07-29,17.1,16.4,17.1,16.22,874828
2020-07-30,16.0,16.28,16.34,15.69,486718
2020-07-31,16.1,16.29,16.3,15.51,656886
2020-08-03,16.38,17.26,17.26,16.05,1004167
2020-08-04,16.65,17.46,17.59,15.7101,1527557
2020-08-05,17.84,19.64,19.69,17.76,1812594
2020-08-06,19.4,20.34,20.58,19.07,1561724
2020-08-07,20.08,19.95,20.1,18.91,653537
2020-08-10,20.05,21.13,23.1699,20.03,2221960
2020-08-11,21.78,22.11,23.15,21.425,1672191
2020-08-12,22.4,22.76,22.9,22.14,1235435
2020-08-13,22.51,22.13,22.66,21.74,1054092
2020-08-14,21.92,22.1,22.515,21.73,632310
2020-08-17,22.29,22.64,23.1,22.2,1366969
2020-08-18,22.85,23.08,23.29,22.6,948545
2020-08-19,23.12,23.0,23.7,22.87,729229
2020-08-20,22.57,22.94,23.34,22.43,606986
2020-08-21,22.58,22.29,23.22,21.9,463305
2020-08-24,22.49,22.7,22.91,22.32,511331
2020-08-25,22.82,23.05,23.19,22.35,720695
2020-08-26,23.05,22.39,23.59,22.35,494847
2020-08-27,22.48,22.84,22.97,22.01,644108
2020-08-28,22.85,22.97,23.21,22.68,399351
2020-08-31,22.85,22.25,23.05,22.2,1041427
2020-09-01,22.2,22.72,22.88,22.1,532808
2020-09-02,22.72,22.55,22.72,22.05,595643
2020-09-03,22.47,21.86,22.98,21.45,574254
2020-09-04,22.21,21.46,22.23,21.045,612148
2020-09-08,21.0,21.4,22.35,20.85,723653
2020-09-09,22.3,21.15,22.3,20.67,843607
2020-09-10,21.15,19.65,21.15,19.515,852130
2020-09-11,19.83,19.06,19.83,18.93,694534
2020-09-14,20.22,20.34,20.66,19.6,738423
2020-09-15,20.49,20.51,20.74,20.04,418874
2020-09-16,20.54,21.29,21.8,20.21,904774
2020-09-17,20.85,21.18,21.3,20.42,539870
2020-09-18,21.57,21.02,22.35,20.7,2746315
2020-09-21,20.28,19.17,20.3785,19.11,930157
2020-09-22,19.29,18.63,19.56,18.44,585561
2020-09-23,18.95,18.89,20.31,18.74,857213
2020-09-24,18.87,18.78,19.19,18.31,1092676
2020-09-25,18.49,18.3,18.81,18.22,647126
2020-09-28,18.77,20.06,20.21,18.5894,830263
2020-09-29,19.9,19.64,20.14,19.17,451411
2020-09-30,19.6,19.05,20.25,18.69,942355
2020-10-01,19.18,18.83,19.81,18.57,677952
2020-10-02,18.34,19.52,19.8,18.15,579349
2020-10-05,19.73,20.68,20.84,19.59,622936
2020-10-06,20.98,20.37,21.47,20.35,756344
2020-10-07,20.66,21.39,21.75,20.66,936420
2020-10-08,21.56,21.94,22.075,21.23,601719
2020-10-09,22.25,22.67,22.73,21.9,691383
2020-10-12,22.7,22.27,22.8999,22.03,627290
2020-10-13,22.06,21.92,22.34,21.71,629404
2020-10-14,22.0,22.48,22.565,21.97,444958
2020-10-15,21.9,23.15,23.34,21.72,458454
2020-10-16,23.08,23.17,23.56,22.85,537444
2020-10-19,23.23,23.29,23.86,23.18,641529
2020-10-20,23.5,23.76,24.65,23.345,771058
2020-10-21,23.76,23.31,24.05,23.3,373821
2020-10-22,23.44,23.75,23.93,22.78,1057504
2020-10-23,24.04,23.89,24.72,23.56,577124
2020-10-26,23.5,23.44,23.97,23.15,462758
2020-10-27,23.34,23.07,23.49,22.89,380566
2020-10-28,22.36,21.19,22.36,21.15,613922
2020-10-29,20.96,21.91,22.05,20.88,472516
2020-10-30,21.74,21.74,22.5197,21.14,542595
2020-11-02,22.08,22.56,22.62,21.72,399566
2020-11-03,23.09,24.05,24.36,22.61,633499
2020-11-04,23.43,23.54,23.74,21.22,826095
2020-11-05,23.66,25.36,25.98,23.66,936863
2020-11-06,25.26,25.35,26.15,24.495,649989
2020-11-09,27.46,26.22,29.0,26.1,1234428
2020-11-10,26.64,28.19,28.3,26.23,1433530
2020-11-11,28.21,27.93,28.45,26.76,1101207
2020-11-12,27.56,27.2,27.81,26.93,734716
2020-11-13,27.69,28.36,28.51,27.48,837133
2020-11-16,29.12,29.29,29.945,28.72,1112856
2020-11-17,28.84,29.34,29.61,28.46,843607
2020-11-18,29.54,28.41,29.54,28.41,729259
2020-11-19,28.18,28.56,29.1532,28.0425,469508
2020-11-20,28.5,28.07,28.58,27.61,474026
2020-11-23,28.45,28.38,28.89,28.1,878243
2020-11-24,28.76,28.82,29.0,28.42,588487
2020-11-25,28.51,29.25,29.5,27.9603,462240
2020-11-27,29.09,28.75,29.3,28.3219,261765
2020-11-30,28.36,27.51,28.57,27.3,551927
2020-12-01,28.19,29.71,29.98,27.86,1786816
2020-12-02,29.7,29.13,29.7,28.57,576357
2020-12-03,29.21,29.1,29.56,28.82,420712
2020-12-04,29.48,30.9,31.13,29.16,1125830
2020-12-07,30.85,28.81,30.87,28.3101,992940
2020-12-08,28.52,30.57,30.73,28.36,808087
2020-12-09,31.0,30.58,31.59,29.99,989420
2020-12-10,30.31,30.8,31.05,29.7,505873
2020-12-11,30.25,30.29,31.23,30.0,629378
2020-12-14,30.8,30.23,30.8,29.89,753212
2020-12-15,30.79,30.53,30.91,30.08,961258
2020-12-16,30.74,29.89,30.7924,29.43,1099254
2020-12-17,30.2,29.42,30.56,29.14,1276490
2020-12-18,29.66,28.79,29.79,28.64,2155520
2020-12-21,28.15,28.82,28.86,28.02,993520
2020-12-22,28.82,28.46,28.82,28.07,892509
2020-12-23,28.67,28.67,29.1,28.37,724289
2020-12-24,28.66,29.16,29.38,28.335,700247
2020-12-28,29.3,29.21,29.81,28.72,1200557
2020-12-29,28.4,28.86,29.95,28.0381,1475615
2020-12-30,28.94,29.55,30.37,28.94,1711943
2020-12-31,29.54,29.8,30.29,29.02,1983794
2021-01-04,30.33,27.87,30.64,27.8,726812
2021-01-05,27.72,28.95,29.07,27.72,621163
2021-01-06,29.64,30.11,30.79,29.51,1104294
2021-01-07,30.35,29.38,31.59,29.06,938955
2021-01-08,29.46,29.57,30.41,28.8,755660
2021-01-11,28.83,29.24,29.52,28.75,387054
2021-01-12,29.41,29.8,30.17,29.07,1144214
2021-01-13,30.03,29.61,30.345,29.44,418058
2021-01-14,30.0,30.33,30.94,29.85,738995
2021-01-15,29.45,30.29,30.32,29.01,795533
2021-01-19,30.55,30.01,31.1899,29.37,1322341
2021-01-20,30.07,29.82,30.54,29.43,479916
2021-01-21,29.45,28.82,29.7,28.58,731125
2021-01-22,28.29,28.13,28.8,27.96,600513
2021-01-25,27.89,27.5,28.1923,26.04,649611
2021-01-26,27.91,26.44,28.0,26.27,586888
2021-01-27,25.68,24.68,25.68,24.11,983709
2021-01-28,25.31,25.74,26.09,25.0,690970
2021-01-29,25.59,25.2,25.84,24.43,852278
2021-02-01,25.42,26.16,26.31,24.6701,557299
2021-02-02,26.69,26.67,27.22,26.4,537995
2021-02-03,26.43,26.72,27.1503,26.0566,488331
2021-02-04,26.75,26.6,27.425,26.46,1054449
2021-02-05,26.92,26.16,27.11,25.71,997576
2021-02-08,26.45,26.62,27.0941,25.95,695869
2021-02-09,26.48,26.47,26.8,25.7,2715858
2021-02-10,26.52,25.49,27.31,25.45,914738
2021-02-11,25.53,25.5,26.305,25.41,1329029
2021-02-12,25.33,25.9,26.03,25.14,569586
2021-02-16,26.42,25.58,26.658,25.29,914546
2021-02-17,25.51,25.98,26.48,25.39,800553
2021-02-18,25.77,25.03,25.98,24.9,836109
2021-02-19,25.22,25.74,26.15,25.22,754333
2021-02-22,25.65,25.73,26.17,25.35,1359284
2021-02-23,24.5,22.83,25.0,22.22,1985646
2021-02-24,23.03,23.05,23.34,22.275,2693333
2021-02-25,23.05,22.85,23.16,22.3,2051132
2021-02-26,22.87,21.92,23.25,21.8,1961580
2021-03-01,22.26,23.99,24.0,22.26,1088457
2021-03-02,24.48,24.82,25.71,24.48,1339663
2021-03-03,24.88,25.09,25.85,24.31,1136452
2021-03-04,24.59,24.06,25.67,23.31,1582825
2021-03-05,24.51,25.27,25.38,23.86,1131467
2021-03-08,25.39,26.82,26.87,25.05,1271969
2021-03-09,27.0,28.23,28.57,26.66,1889502
2021-03-10,28.35,29.7,29.88,28.29,1565358
2021-03-11,29.94,31.05,31.14,29.85,2526710
2021-03-12,30.99,29.95,31.85,29.83,1454418
2021-03-15,29.6,29.07,30.3662,28.76,1360343
2021-03-16,28.99,28.39,29.659,28.2906,841528
2021-03-17,28.2,29.16,29.2499,27.958,746356
2021-03-18,29.16,27.57,29.95,27.38,1314823
2021-03-19,27.96,27.22,28.13,27.15,2706031
2021-03-22,27.22,26.87,27.64,26.68,727262
2021-03-23,26.31,25.08,26.66,24.85,830149
2021-03-24,25.63,24.81,25.995,24.73,818783
2021-03-25,24.5,25.42,25.75,23.855,1413635
2021-03-26,25.98,25.79,26.54,25.055,874239
2021-03-29,25.72,25.3,26.13,25.28,782386
2021-03-30,25.27,25.66,26.0,25.22,683571
2021-03-31,25.89,25.39,26.38,25.15,934835
2021-04-01,25.58,26.06,26.33,25.38,791623
2021-04-05,26.38,26.76,27.15,25.93,717642
2021-04-06,26.67,26.34,27.04,26.19,582250
2021-04-07,26.27,26.08,26.5161,25.97,440651
2021-04-08,26.18,26.26,26.3,25.375,499181
2021-04-09,26.3,25.93,26.3,25.5659,498823
2021-04-12,25.86,26.45,26.67,25.5,1385271
2021-04-13,26.48,26.35,26.58,25.59,497984
2021-04-14,26.65,27.6,28.13,26.61,542878
2021-04-15,27.83,27.45,27.96,27.12,324569
2021-04-16,27.84,27.7,27.9,27.388,408380
2021-04-19,27.43,26.02,27.6,25.83,1172907
2021-04-20,26.02,25.01,26.14,24.87,670688
2021-04-21,24.63,26.46,26.58,24.16,843135
2021-04-22,26.16,27.44,27.6,26.0,874118
2021-04-23,27.82,27.85,28.18,27.1,1430409
2021-04-26,28.06,27.68,28.8,27.66,543459
2021-04-27,27.58,29.06,29.08,27.41,601860
2021-04-28,29.0,29.92,30.02,28.76,605104
2021-04-29,30.1,29.49,30.1,28.8,881503
2021-04-30,28.97,28.6,29.715,28.52,1037678
2021-05-03,29.1,29.36,29.93,28.681,1872885
2021-05-04,30.0,35.0,35.0,29.97,2979709
2021-05-05,35.18,36.16,36.18,34.55,1010315
2021-05-06,36.23,36.2,36.74,35.6,1191045
2021-05-07,35.89,35.87,36.35,35.52,650780
2021-05-10,36.69,35.4,36.9799,35.34,702084
2021-05-11,34.44,36.44,36.74,34.02,1076185
2021-05-12,36.08,35.24,36.45,34.92,1174841
2021-05-13,35.17,35.62,36.15,35.02,591864
2021-05-14,35.68,35.96,36.0,35.24,474557
2021-05-17,35.64,36.11,36.51,35.36,599492
2021-05-18,36.23,35.56,36.49,35.44,494741
2021-05-19,34.72,34.6,35.03,34.09,630429
2021-05-20,34.6,35.02,35.25,34.17,683573
2021-05-21,35.08,34.85,35.85,34.85,976155
2021-05-24,35.28,35.28,35.63,34.64,681103
2021-05-25,35.21,34.93,35.59,34.44,618514
2021-05-26,35.02,35.34,35.75,34.71,935471
2021-05-27,35.96,35.86,36.8,35.82,1669390
2021-05-28,35.87,36.17,36.4,34.94,600019
2021-06-01,36.52,37.68,38.08,36.25,1304823
2021-06-02,37.5,37.23,37.68,36.345,698935
2021-06-03,36.63,37.09,37.6,35.64,644440
2021-06-04,37.47,37.34,37.68,36.84,891276
2021-06-07,37.49,37.4,37.88,36.87,1152715
2021-06-08,37.43,37.72,38.35,36.81,963784
2021-06-09,37.71,37.39,38.085,37.2329,548075
2021-06-10,37.64,37.03,37.99,36.43,823686
2021-06-11,37.68,38.0,38.49,37.06,574284
2021-06-14,37.54,37.13,37.89,36.97,826776
2021-06-15,36.82,37.8,37.85,36.75,776117
2021-06-16,37.42,37.02,37.75,37.01,1352520
2021-06-17,36.69,35.91,36.95,34.81,1739873
2021-06-18,35.31,34.31,35.65,33.82,2427744
2021-06-21,34.71,35.39,35.95,34.71,1424209
2021-06-22,35.22,35.25,35.49,34.53,1231311
2021-06-23,35.78,35.42,36.2375,35.26,1118061
2021-06-24,35.72,36.72,36.93,35.4534,665441
2021-06-25,36.97,36.26,37.05,36.0001,2158119
2021-06-28,36.18,35.75,36.63,35.6,639482
2021-06-29,36.17,35.96,37.52,35.92,549343
2021-06-30,35.56,35.62,36.5,35.56,518469
2021-07-01,36.11,35.6,36.16,35.36,389691
2021-07-02,35.83,35.7,36.05,35.1701,433548
2021-07-06,35.87,34.73,35.87,34.04,798082
2021-07-07,34.63,34.98,35.51,34.28,587525
2021-07-08,33.92,34.26,35.09,33.6356,536257
2021-07-09,35.09,35.94,36.61,35.0,459735
2021-07-12,35.21,35.95,36.45,35.15,464632
2021-07-13,35.51,34.28,35.94,34.01,866846
2021-07-14,34.6,33.85,35.09,33.64,790246
2021-07-15,33.58,33.27,34.475,33.11,826282
2021-07-16,33.79,32.99,33.88,32.7,515160
2021-07-19,31.78,31.49,32.1,30.7,1083263
2021-07-20,31.63,32.52,33.08,31.25,1200536
2021-07-21,33.16,33.84,34.03,33.04,354257
2021-07-22,33.44,32.73,33.59,32.18,497533
2021-07-23,33.24,33.34,33.45,32.53,284135
2021-07-26,33.71,34.34,34.43,33.33,308108
2021-07-27,33.76,33.87,34.54,33.39,345378
2021-07-28,34.62,34.92,35.48,34.0301,477325
2021-07-29,35.61,36.92,37.23,35.57,575156
2021-07-30,36.58,35.94,37.625,35.71,615786
2021-08-02,36.13,35.42,37.02,35.01,725386
2021-08-03,33.71,34.59,35.05,32.71,874769
2021-08-04,33.71,31.75,34.425,31.74,695314
2021-08-05,31.77,32.99,33.29,31.53,773943
2021-08-06,33.3,33.93,34.17,33.17,755367
2021-08-09,33.46,34.31,34.61,33.09,535240
2021-08-10,35.0,36.1,36.45,34.3,900072
2021-08-11,36.12,36.6,36.77,35.31,705012
2021-08-12,36.47,35.22,36.555,35.0,523449
2021-08-13,35.2,35.53,36.01,35.0,516586
2021-08-16,34.82,34.49,35.13,34.1,528814
2021-08-17,33.91,35.11,35.13,33.73,654334
2021-08-18,34.59,34.89,35.35,34.44,478810
2021-08-19,33.88,34.31,34.78,33.74,591476
2021-08-20,34.49,34.65,35.22,34.0,622276
2021-08-23,35.3,34.46,35.35,34.3,631380
2021-08-24,34.82,35.19,35.48,34.82,503579
2021-08-25,35.22,34.95,35.57,34.91,361401
2021-08-26,34.75,34.32,35.39,34.31,576259
2021-08-27,34.51,35.98,36.55,34.51,699420
2021-08-30,36.38,35.97,36.49,35.64,353128
2021-08-31,35.75,34.49,36.0,34.3,993584
2021-09-01,34.35,35.09,35.57,33.67,605907
2021-09-02,35.43,34.63,35.75,34.63,573209
2021-09-03,34.61,34.28,35.14,34.235,732772
2021-09-07,34.21,35.39,36.475,34.21,871034
2021-09-08,35.19,34.64,35.47,34.49,552878
2021-09-09,34.75,34.78,35.61,34.75,583714
2021-09-10,34.86,34.5,35.61,34.48,659434
2021-09-13,35.02,34.9,35.3899,34.44,716740
2021-09-14,35.0,33.56,35.0,33.51,835978
2021-09-15,33.59,34.85,35.15,33.53,666422
2021-09-16,34.62,32.97,34.88,32.87,685438
2021-09-17,32.98,32.21,33.04,32.21,3295229
2021-09-20,30.9,31.92,32.11,30.7,865740
2021-09-21,32.03,30.99,32.1,30.29,734333
2021-09-22,31.81,31.74,32.35,31.68,496411
2021-09-23,31.86,32.03,32.44,31.76,419507
2021-09-24,31.7,31.13,32.09,31.1,485586
2021-09-27,31.36,32.43,32.8,31.18,453763
2021-09-28,32.43,32.43,32.89,31.63,412531
2021-09-29,32.89,32.59,32.89,31.35,591678
2021-09-30,32.88,31.54,33.25,31.51,512656
2021-10-01,31.89,32.55,32.86,31.76,712227
2021-10-04,32.76,31.66,33.04,31.61,415850
2021-10-05,31.99,31.86,32.1,30.98,753174
2021-10-06,31.16,30.76,31.27,30.11,417548
2021-10-07,31.25,31.86,32.315,31.19,386111
2021-10-08,31.96,31.16,31.97,31.06,268250
2021-10-11,31.62,31.23,32.64,31.23,389900
2021-10-12,31.18,30.9,31.47,30.72,860342
2021-10-13,30.97,31.24,31.32,30.27,450241
2021-10-14,31.8,31.39,32.06,31.11,498923
2021-10-15,32.16,31.73,32.67,31.68,640039
2021-10-18,31.41,31.57,31.675,30.78,628801
2021-10-19,31.08,30.19,31.1,29.91,564030
2021-10-20,29.92,30.55,31.35,29.53,645387
2021-10-21,29.94,29.98,30.03,29.1,618468
2021-10-22,30.17,29.89,30.86,29.63,464588
2021-10-25,30.13,29.54,30.44,29.475,902662
2021-10-26,29.51,29.11,29.94,28.99,1320971
2021-10-27,28.8,29.01,29.81,28.64,1078727
2021-10-28,29.39,30.5,30.5,29.095,703737
2021-10-29,30.35,29.42,30.5,29.225,462241
2021-11-01,29.61,30.54,30.88,29.4623,689138
2021-11-02,28.62,31.73,32.08,28.1,1213692
2021-11-03,31.57,31.33,32.305,30.65,1003973
2021-11-04,31.2,30.78,31.28,30.55,604456
2021-11-05,31.21,32.04,32.49,31.21,657171
2021-11-08,32.66,32.1,32.83,31.89,388162
2021-11-09,31.81,32.0,32.31,31.59,426592
2021-11-10,31.65,30.6,31.87,30.46,613832
2021-11-11,31.03,31.44,31.55,30.844,335203
2021-11-12,31.44,32.09,32.32,31.35,501982
2021-11-15,32.29,31.47,32.44,30.85,713501
2021-11-16,31.06,31.26,31.83,30.751,518219
2021-11-17,31.97,31.57,33.25,31.42,1050652
2021-11-18,31.19,31.53,31.73,30.61,629862
2021-11-19,30.92,29.98,31.18,29.92,547222
2021-11-22,30.0,30.86,31.5,29.77,568212
2021-11-23,31.0,30.89,31.4,30.53,498913
2021-11-24,30.5,30.67,31.03,30.32,382190
2021-11-26,28.93,27.97,29.17,26.94,883942
2021-11-29,28.58,28.29,29.04,27.38,1040688
2021-11-30,27.85,26.72,28.02,26.13,1277601
2021-12-01,27.82,26.78,28.19,26.77,832661
2021-12-02,27.21,28.42,28.69,27.01,780208
2021-12-03,28.44,28.04,28.85,27.651,781659
2021-12-06,28.76,29.26,29.86,28.18,765055
2021-12-07,29.88,28.91,30.21,28.78,640153
2021-12-08,29.11,29.68,29.99,29.1,746881
2021-12-09,29.06,29.84,30.318,28.66,1020239
2021-12-10,31.62,31.26,32.0,30.831,980252
2021-12-13,30.87,30.58,31.255,29.83,769152
2021-12-14,30.8,30.74,31.65,30.41,834258
2021-12-15,30.28,31.27,31.45,29.85,917197
2021-12-16,31.69,31.43,32.12,30.98,1092313
2021-12-17,31.33,32.49,32.97,31.33,4410267
2021-12-20,31.73,31.53,32.26,30.7,951715
2021-12-21,32.03,32.69,33.13,31.995,3100873
2021-12-22,32.91,33.58,33.77,32.7001,745230
2021-12-23,33.73,33.84,34.25,33.55,1520220
2021-12-27,33.67,34.23,34.3,33.205,444836
2021-12-28,34.08,34.18,34.45,33.76,287461
2021-12-29,34.2,33.56,34.345,33.24,354509
2021-12-30,33.34,32.89,33.87,32.84,327407
2021-12-31,32.65,33.01,33.16,32.54,385095
2022-01-03,33.36,33.96,34.445,33.36,932354
2022-01-04,34.42,34.28,34.73,33.84,610007
2022-01-05,34.52,34.65,35.74,34.015,638803
2022-01-06,34.97,34.6,35.25,34.39,392240
2022-01-07,34.68,34.74,35.62,34.54,362403
2022-01-10,34.37,33.82,34.37,33.37,418156
2022-01-11,33.69,33.71,34.04,33.06,354161
2022-01-12,34.11,34.08,34.75,33.65,798335
2022-01-13,34.26,34.86,34.87,34.0,765479
2022-01-14,34.6,34.93,34.94,34.3,853977
2022-01-18,34.68,33.48,34.87,33.38,500560
2022-01-19,33.59,32.69,33.84,32.4,407949
2022-01-20,32.61,32.01,33.51,31.9,748340
2022-01-21,31.63,31.57,32.41,31.01,915028
2022-01-24,30.0,31.17,31.37,29.38,1019269
2022-01-25,30.3,31.64,32.11,29.72,823479
2022-01-26,32.0,31.43,32.66,31.0,505217
2022-01-27,31.44,29.73,31.83,29.56,1025746
2022-01-28,29.6,30.79,30.82,29.17,909540
2022-01-31,30.53,30.93,31.16,30.4,575467
2022-02-01,31.54,31.57,31.8,30.62,574640
2022-02-02,31.41,31.05,31.6516,30.46,525040
2022-02-03,30.64,30.53,31.56,30.49,622869
2022-02-04,30.23,30.68,30.93,30.03,345797
2022-02-07,30.67,30.33,31.29,30.24,557145
2022-02-08,30.62,31.39,31.55,30.62,573039
2022-02-09,31.78,32.32,32.775,31.51,495213
2022-02-10,31.77,32.37,33.05,31.61,761443
2022-02-11,32.16,31.36,32.68,31.0,707568
2022-02-14,31.86,32.14,32.38,31.41,1046556
2022-02-15,32.34,33.04,33.33,32.32,483818
2022-02-16,33.03,33.4,33.44,32.54,1045186
2022-02-17,33.15,32.47,33.39,32.34,528539
2022-02-18,30.63,32.28,32.585,30.4,1302669
2022-02-22,32.54,31.33,32.92,30.66,1300046
2022-02-23,31.84,32.02,32.5904,31.51,903135
2022-02-24,31.21,30.47,31.21,29.17,1603929
2022-02-25,30.5,31.59,31.91,30.2,1210748
2022-02-28,30.44,30.7,31.44,30.44,1640834
2022-03-01,30.45,28.04,30.83,27.87,2141786
2022-03-02,28.53,27.94,28.64,27.49,1969390
2022-03-03,28.09,27.84,28.3,26.68,1533641
2022-03-04,27.33,27.1,27.63,26.02,1614043
2022-03-07,27.11,24.62,27.11,24.61,1143816
2022-03-08,24.55,23.62,25.05,23.55,1983469
2022-03-09,24.14,24.74,25.54,23.68,1332592
2022-03-10,24.55,24.68,25.53,24.495,1042134
2022-03-11,24.86,24.08,25.7951,23.9896,1493806
2022-03-14,24.4,23.77,24.57,23.43,1723717
2022-03-15,23.51,23.08,24.035,22.45,1687209
2022-03-16,23.5,24.16,25.1,23.455,2751385
2022-03-17,24.05,25.44,25.5,23.96,1570143
2022-03-18,25.39,24.98,25.675,24.305,4041707
2022-03-21,25.05,25.78,26.06,25.05,1226738
2022-03-22,26.12,25.33,26.14,25.23,1359041
2022-03-23,25.02,24.9,25.26,24.5,1513187
2022-03-24,24.94,25.46,25.48,24.645,1371702
2022-03-25,25.51,24.94,25.67,24.6114,1370315
2022-03-28,24.6,24.23,24.69,23.93,1274634
2022-03-29,24.72,26.21,26.39,24.34,1986908
2022-03-30,26.32,26.09,26.37,25.75,826649
2022-03-31,25.9,25.62,26.18,25.58,1529474
2022-04-01,26.05,26.33,26.54,25.65,1629274
2022-04-04,26.44,26.07,26.44,25.54,1164004
2022-04-05,26.2,25.62,26.57,25.33,1653419
2022-04-06,25.45,24.93,25.45,24.51,1628563
2022-04-07,24.58,25.16,25.405,24.58,1753053
2022-04-08,25.35,25.01,25.52,24.55,1593532
2022-04-11,25.01,25.01,25.51,24.6646,1277431
2022-04-12,25.41,25.66,25.94,25.34,2037373
2022-04-13,25.7,26.73,26.88,25.7,2494846
2022-04-14,26.58,26.92,27.19,26.27,1598795
2022-04-18,27.11,26.55,27.29,26.4,1079923
2022-04-19,26.4,27.23,27.51,26.3957,1642772
2022-04-20,27.43,27.42,27.7,26.93,1832189
2022-04-21,27.7,26.55,27.79,26.4,1369355
2022-04-22,26.32,25.68,26.59,25.22,1945868
2022-04-25,25.24,25.97,26.26,24.5,1499129
2022-04-26,25.77,24.18,25.855,24.18,1138378
2022-04-27,24.56,24.44,25.065,23.95,1527762
2022-04-28,24.78,26.06,26.13,24.33,699052
2022-04-29,26.02,25.16,26.535,25.02,893889
2022-05-02,25.01,25.46,25.62,24.7,883835
2022-05-03,25.18,26.72,26.95,24.5,1281101
2022-05-04,26.61,27.76,27.98,26.61,1131622
2022-05-05,27.21,25.49,27.37,24.62,1130482
2022-05-06,25.37,26.25,26.5,25.0454,965316
2022-05-09,25.52,26.26,26.5,25.21,1170651
2022-05-10,26.81,25.75,26.97,24.69,1408414
2022-05-11,26.0,26.48,27.84,26.0,1176208
2022-05-12,26.19,26.92,26.92,25.8,1089582
2022-05-13,27.18,26.67,27.71,26.09,1201587
2022-05-16,26.47,27.29,27.38,26.47,870655
2022-05-17,28.0,28.53,28.53,27.9,873089
2022-05-18,28.66,27.59,29.05,27.47,894351
2022-05-19,27.42,26.95,27.73,26.7,777085
2022-05-20,27.26,27.55,27.6,26.55,860462
2022-05-23,28.04,27.65,28.1,27.03,620573
2022-05-24,27.41,27.6,27.76,26.5,632329
2022-05-25,27.63,28.01,28.115,27.14,423765
2022-05-26,28.21,27.94,28.58,27.91,1023585
2022-05-27,28.43,28.04,28.78,28.04,756930
2022-05-31,28.24,28.13,28.48,27.86,956737
2022-06-01,27.85,27.82,28.51,27.1,928941
2022-06-02,28.24,29.01,29.09,28.2,764131
2022-06-03,28.77,28.37,28.855,27.76,686590
2022-06-06,28.5,30.55,30.71,28.301,1005311
2022-06-07,30.56,30.95,31.24,30.32,935416
2022-06-08,30.73,29.75,30.845,29.1625,893040
2022-06-09,29.45,29.28,29.58,28.99,896641
2022-06-10,28.52,28.82,29.22,28.26,1271138
2022-06-13,27.62,29.16,29.98,27.62,1685919
2022-06-14,28.97,27.01,29.23,26.9,1222928
2022-06-15,27.58,27.79,28.13,27.27,791250
2022-06-16,26.99,25.5,27.24,25.21,1225904
2022-06-17,25.66,26.46,26.49,25.13,2765491
2022-06-21,27.35,26.82,27.45,26.27,787004
2022-06-22,25.97,26.23,26.62,25.67,637889
2022-06-23,26.15,25.53,26.16,24.73,898401
2022-06-24,25.57,27.98,28.22,25.4,1560306
2022-06-27,28.3,28.49,28.67,27.7,747258
2022-06-28,28.92,28.47,29.1,28.27,1076197
2022-06-29,28.52,28.05,28.52,27.585,593896
2022-06-30,27.39,28.05,28.66,27.05,578069
2022-07-01,27.66,28.32,28.529,27.56,710578
2022-07-05,27.22,27.79,27.839,26.59,983541
2022-07-06,27.79,28.02,28.14,26.84,677455
2022-07-07,28.51,28.3,29.29,28.1,1025910
2022-07-08,28.1,28.02,28.42,27.23,561705
2022-07-11,27.58,27.52,27.93,27.26,609354
2022-07-12,27.22,28.47,29.63,27.22,949978
2022-07-13,28.21,28.19,28.525,27.91,880353
2022-07-14,27.27,28.02,28.19,27.2,354070
2022-07-15,28.65,28.38,28.65,27.86,611618
2022-07-18,28.89,28.4,29.63,28.32,740917
2022-07-19,28.5,28.24,28.8533,27.42,1202264
2022-07-20,28.0,28.48,28.49,27.64,774341
2022-07-21,28.06,28.85,28.87,27.8,583962
2022-07-22,29.01,28.75,29.055,28.22,553913
2022-07-25,29.22,29.15,29.3,28.76,556705
2022-07-26,28.92,29.21,29.345,28.84,633443
2022-07-27,29.5,29.55,30.25,29.15,947848
2022-07-28,29.9,29.58,30.29,29.28,962494
2022-07-29,29.83,30.21,30.45,29.54,1808699
2022-08-01,29.85,30.42,30.68,29.52,1185060
2022-08-02,29.93,28.06,30.0,26.87,1664448
2022-08-03,28.47,29.22,30.21,28.13,1566125
2022-08-04,29.49,27.65,29.49,27.65,1309128
2022-08-05,27.16,28.54,28.825,26.65,1047807
2022-08-08,28.28,28.27,29.32,27.83,1401643
2022-08-09,28.23,27.35,28.36,26.92,887946
2022-08-10,28.0,28.22,28.68,27.84,1020027
2022-08-11,28.46,27.2,28.81,27.17,721742
2022-08-12,27.37,27.98,28.34,27.15,1105813
2022-08-15,27.41,28.33,28.35,27.2,641820
2022-08-16,28.4,27.82,28.45,27.81,494318
2022-08-17,27.29,27.34,27.51,26.9,498048
2022-08-18,27.4,28.66,28.83,27.25,769533
2022-08-19,28.48,27.22,28.48,27.09,432720
2022-08-22,26.8,26.14,26.89,26.02,573873
2022-08-23,26.32,26.55,27.01,26.32,612364
2022-08-24,26.29,26.97,26.99,26.13,492673
2022-08-25,27.16,27.4,27.78,26.85,542683
2022-08-26,27.6,26.4,27.82,26.21,500248
2022-08-29,26.11,25.76,26.49,25.74,443082
2022-08-30,25.76,25.41,26.23,24.85,645905
2022-08-31,25.33,25.21,25.78,24.8,780098
2022-09-01,24.78,25.04,25.11,24.16,870877
2022-09-02,25.42,25.12,26.09,24.91,663444
2022-09-06,25.33,25.19,25.38,24.69,684268
2022-09-07,24.87,25.28,25.35,24.565,736872
2022-09-08,25.07,26.02,26.47,24.81,848771
2022-09-09,26.42,26.64,26.87,26.23,545711
2022-09-12,26.9,27.56,28.22,26.9,879450
2022-09-13,26.55,26.3,27.43,26.03,539861
2022-09-14,26.05,25.48,26.0999,24.83,942387
2022-09-15,23.24,21.24,23.94,20.97,3926346
2022-09-16,20.82,20.22,20.86,19.795,3424987
2022-09-19,19.79,21.13,21.39,19.79,1463316
2022-09-20,20.45,19.86,20.78,19.61,770470
2022-09-21,20.02,19.19,20.11,19.13,742998
2022-09-22,19.3,18.56,19.44,18.315,760837
2022-09-23,18.06,18.09,18.3,17.56,857748
2022-09-26,17.96,17.0,18.4,16.94,735745
2022-09-27,17.27,17.47,17.8,17.02,984624
2022-09-28,17.46,17.42,17.63,17.18,665036
2022-09-29,17.52,17.28,17.52,16.33,1124158
2022-09-30,17.2,17.04,17.48,16.89,746921
2022-10-03,17.38,18.6,18.91,17.375,1123852
2022-10-04,18.98,19.59,19.66,18.95,672050
2022-10-05,19.05,19.82,19.84,19.045,591179
2022-10-06,19.38,19.64,19.84,19.23,500047
2022-10-07,19.46,19.46,19.89,19.17,972290
2022-10-10,19.55,19.95,20.21,19.43,688912
2022-10-11,19.72,19.87,20.68,19.67,1036605
2022-10-12,19.74,19.75,20.27,19.0,936862
2022-10-13,19.06,20.24,20.57,18.73,842175
2022-10-14,20.42,19.48,20.56,19.201,557257
2022-10-17,20.07,20.04,20.51,19.79,651317
2022-10-18,20.69,20.26,21.18,19.9654,531472
2022-10-19,19.97,19.89,20.17,19.7,391616
2022-10-20,19.71,20.43,20.78,19.68,446617
2022-10-21,20.62,21.05,21.2,20.37,471427
2022-10-24,20.98,21.07,21.27,20.57,380892
2022-10-25,21.0,21.34,21.7,20.71,757738
2022-10-26,21.4,20.6,21.79,20.56,929599
2022-10-27,20.77,20.79,21.175,20.44,549096
2022-10-28,20.77,20.73,21.18,20.315,564825
2022-10-31,20.63,20.76,20.96,20.54,475612
2022-11-01,20.53,20.89,21.73,20.09,1043246
2022-11-02,20.72,18.92,20.89,18.85,799114
2022-11-03,18.52,18.89,19.34,18.35,537048
2022-11-04,19.21,19.66,20.28,19.1,856021
2022-11-07,19.93,19.68,20.19,19.59,950634
2022-11-08,19.81,19.36,19.82,19.07,907844
2022-11-09,19.11,19.3,19.71,18.84,971058
2022-11-10,20.17,20.4,20.59,19.74,2088007
2022-11-11,20.87,20.83,21.43,20.6,1103800
2022-11-14,20.47,20.3,20.87,20.2,753539
2022-11-15,20.84,20.32,20.84,20.18,478732
2022-11-16,20.05,19.87,20.3581,19.47,462673
2022-11-17,20.4,19.98,20.44,19.7,1009151
2022-11-18,20.33,20.21,20.37,19.82,699716
2022-11-21,20.0,20.37,20.54,19.7,497623
2022-11-22,20.49,21.33,21.45,20.38,633458
2022-11-23,21.58,22.69,22.79,21.5,835430
2022-11-25,22.65,22.46,22.9,22.36,295642
2022-11-28,21.98,21.65,22.32,21.58,910663
2022-11-29,21.84,22.51,22.69,21.84,804885
2022-11-30,22.62,23.83,23.88,22.38,916529
2022-12-01,23.7,23.69,24.15,23.61,838236
2022-12-02,23.32,23.73,24.0,23.245,668611
2022-12-05,23.49,22.23,23.67,22.22,716097
2022-12-06,22.4,22.77,22.98,22.4,609226
2022-12-07,22.66,22.18,22.88,22.08,766408
2022-12-08,22.61,22.04,22.95,22.04,779633
2022-12-09,21.86,22.12,22.63,21.75,656922
2022-12-12,22.03,22.57,22.8,21.87,760131
2022-12-13,23.46,22.88,23.56,22.74,916489
2022-12-14,22.7,22.48,22.985,22.28,859520
2022-12-15,21.69,21.14,21.94,21.05,1532359
2022-12-16,20.84,22.02,22.14,20.84,4259868
2022-12-19,22.02,21.1,22.23,20.89,714225
2022-12-20,21.23,21.0,21.43,20.84,746189
2022-12-21,21.31,21.84,22.075,21.0,487141
2022-12-22,21.75,21.3,21.75,20.94,424751
2022-12-23,21.32,21.53,21.54,21.15,296706
2022-12-27,21.61,21.19,21.61,21.12,317123
2022-12-28,21.23,20.53,21.42,20.475,461422
2022-12-29,20.8,21.21,21.22,20.78,418167
2022-12-30,21.01,21.16,21.31,20.91,327826
2023-01-03,21.34,21.19,21.75,20.99,416180
2023-01-04,21.3,21.61,22.09,21.29,696435
2023-01-05,21.62,21.63,21.89,21.19,477451
2023-01-06,21.98,22.41,22.78,21.78,435005
2023-01-09,22.85,22.55,23.29,22.54,579305
2023-01-10,22.5,22.99,23.1,22.36,526048
2023-01-11,23.19,23.1,23.28,22.94,374359
2023-01-12,23.37,23.53,23.6682,22.99,491949
2023-01-13,23.28,23.67,23.75,23.28,576983
2023-01-17,23.67,23.66,24.04,23.58,1190658
2023-01-18,24.07,23.33,24.44,23.09,798639
2023-01-19,23.06,23.0,23.28,22.73,333956
2023-01-20,23.09,23.38,23.59,22.84,508468
2023-01-23,23.4,23.43,23.64,23.205,385178
2023-01-24,23.25,23.27,23.56,22.95,323648
2023-01-25,22.93,23.39,23.44,22.73,484462
2023-01-26,23.58,23.5,23.9475,23.24,700334
2023-01-27,23.41,23.38,23.6,23.19,445037
2023-01-30,23.0,22.94,23.24,22.81,336931
2023-01-31,22.99,23.51,23.78,22.94,1026184
2023-02-01,23.49,24.47,24.68,23.49,731068
2023-02-02,24.51,24.69,24.77,24.21,588913
2023-02-03,24.41,24.85,24.98,24.03,677452
2023-02-06,24.74,23.94,24.81,23.32,571838
2023-02-07,23.91,24.17,24.41,23.83,569155
2023-02-08,23.63,23.38,24.16,23.17,485750
2023-02-09,23.7,22.74,23.72,22.48,646927
2023-02-10,22.56,22.63,22.71,22.12,1160193
2023-02-13,22.64,23.03,23.24,22.55,541340
2023-02-14,22.86,23.63,23.825,22.6,1332717
2023-02-15,23.26,24.17,24.1884,23.2,853578
2023-02-16,23.88,23.96,24.71,23.88,959010
2023-02-17,24.06,24.12,24.34,23.55,907664
2023-02-21,22.81,22.15,24.225,21.94,1269744
2023-02-22,22.36,23.08,23.64,22.22,1060923
2023-02-23,23.09,23.15,23.43,22.69,933507
2023-02-24,22.59,21.83,22.59,21.45,1356543
2023-02-27,22.07,22.13,22.64,21.87,1302622
2023-02-28,21.15,26.44,27.28,20.91,8191388
2023-03-01,26.6,27.03,27.06,26.44,3291332
2023-03-02,26.74,27.77,27.79,26.65,1533016
2023-03-03,27.97,27.2,27.98,26.995,766353
2023-03-06,26.99,27.72,27.74,26.9,1046439
2023-03-07,27.49,27.22,27.86,26.95,1196084
2023-03-08,27.3,27.24,27.38,26.98,527542
2023-03-09,27.17,26.69,27.36,26.21,1412848
2023-03-10,26.61,26.1,27.04,25.79,1212783
2023-03-13,25.575,25.09,26.005,25.08,726232
2023-03-14,26.16,26.72,26.82,25.81,1574870
2023-03-15,25.59,26.53,26.56,25.48,2218368
2023-03-16,25.97,26.84,28.15,25.85,1419532
2023-03-17,26.56,26.59,27.16,26.295,3103275
2023-03-20,26.58,26.86,27.12,25.81,843674
2023-03-21,27.48,27.25,27.87,26.63,1059517
2023-03-22,27.11,26.7,27.8,26.68,781992
2023-03-23,26.96,26.5,27.32,25.98,846991
2023-03-24,26.08,26.59,26.88,25.91,544392
2023-03-27,27.0,27.03,27.268,26.505,1531291
2023-03-28,27.15,26.67,27.27,26.56,419426
2023-03-29,26.98,26.8,27.63,26.43,4192295
2023-03-30,27.17,26.63,27.5,26.49,2970275
2023-03-31,26.97,26.23,27.19,26.15,2240110
2023-04-03,26.31,25.89,26.45,25.515,1816565
2023-04-04,25.76,25.55,25.89,25.11,1347355
2023-04-05,25.375,25.3,25.71,24.88,1213811
2023-04-06,25.26,25.54,25.54,25.05,710171
2023-04-10,25.35,25.9,25.99,25.3,908886
2023-04-11,26.17,25.71,26.23,25.67,389875
2023-04-12,25.52,25.44,25.9,25.22,632353
2023-04-13,25.51,25.65,25.69,25.41,422510
2023-04-14,25.63,25.72,25.75,25.22,747081
2023-04-17,25.8,26.02,26.065,25.54,612738
2023-04-18,26.23,25.93,26.24,25.47,735989
2023-04-19,25.69,25.67,25.96,25.49,678315
2023-04-20,25.37,24.99,25.55,24.82,1012020
2023-04-21,24.75,24.47,24.98,24.325,1950555
2023-04-24,24.28,23.78,24.59,23.78,1126317
2023-04-25,23.49,23.23,23.58,22.72,982970
2023-04-26,23.375,23.4,23.42,22.74,1316669
2023-04-27,23.59,24.25,24.34,23.45,957685
2023-04-28,24.18,24.75,24.77,24.03,1882706
2023-05-01,24.77,24.39,25.095,24.22,649490
2023-05-02,24.06,23.91,24.16,23.49,1113823
2023-05-03,23.98,22.55,24.04,22.35,1361329
2023-05-04,28.62,28.93,28.93,28.52,35185826
2023-05-05,28.93,29.05,29.08,28.88,7671838
2023-05-08,29.05,29.12,29.2198,29.01,8684340
2023-05-09,29.06,29.06,29.135,29.03,3699305
2023-05-10,29.1,29.07,29.19,29.045,1869594
2023-05-11,29.06,29.02,29.17,29.0,2151615
2023-05-12,29.08,28.87,29.08,28.87,4233264
2023-05-15,28.99,28.91,28.99,28.85,4571535
2023-05-16,28.86,28.87,28.94,28.81,3037931
2023-05-17,28.95,28.85,28.97,28.84,3881065
2023-05-18,28.87,28.89,28.925,28.82,1950030
2023-05-19,28.9,28.88,28.91,28.85,2281710
