2017-06-27,114.0,123.75,128.7,113.55,38682
2017-06-28,121.5,118.8,125.55,117.15,9031
2017-06-29,118.5,118.2,119.67,115.65,2931
2017-06-30,118.5,119.25,122.25,115.8,1389
2017-07-03,124.05,120.0,124.05,117.15,1109
2017-07-05,122.25,120.0,122.25,118.2765,2028
2017-07-06,123.0,117.0,123.0,115.8,3217
2017-07-07,118.5,114.3,118.5,114.0,620
2017-07-10,118.05,111.15,118.05,104.1015,3250
2017-07-11,111.0,107.25,113.25,104.25,1500
2017-07-12,105.75,115.35,115.35,105.0,4011
2017-07-13,114.15,112.8,114.39,111.75,1678
2017-07-14,112.35,115.95,115.95,111.75,375
2017-07-17,114.75,111.75,115.5,111.0,2258
2017-07-18,111.0,109.2,113.4,105.15,3306
2017-07-19,108.0,109.05,111.0,107.25,2816
2017-07-20,108.0,110.1,110.9985,108.0,1838
2017-07-21,108.0,107.85,109.5,107.85,1229
2017-07-24,107.7,107.7,108.6,107.7,2047
2017-07-25,108.207,105.15,108.207,102.45,2806
2017-07-26,104.25,105.6,105.75,102.75,1869
2017-07-27,105.0525,104.7,105.3,104.7,2520
2017-07-28,105.12,105.3,105.75,105.0,537
2017-07-31,105.0,100.2,105.5775,100.2,1192
2017-08-01,101.25,102.75,103.5,99.114,2858
2017-08-02,105.75,101.55,107.7,100.6515,3134
2017-08-03,101.25,104.7,104.7,89.052,2202
2017-08-04,100.5,100.5,103.5,99.0,3330
2017-08-07,101.25,100.5,103.3335,100.5,1024
2017-08-08,102.9,101.55,103.3485,100.65,609
2017-08-09,99.975,98.85,99.975,96.6,560
2017-08-10,97.5,99.3,103.05,97.5,1731
2017-08-11,98.7,102.45,102.45,97.344,610
2017-08-14,101.4,101.55,102.75,100.35,526
2017-08-15,101.55,94.35,101.55,94.2,299
2017-08-16,94.65,101.55,101.55,93.75,371
2017-08-17,99.75,100.2,102.6,97.5,1441
2017-08-18,100.5,98.25,100.5,97.05,1067
2017-08-21,97.5,96.3,97.5,94.704,251
2017-08-22,96.0,96.3,96.3,94.5,562
2017-08-23,95.25,99.0,102.0,89.85,2390
2017-08-24,94.95,97.5,97.5,94.05,801
2017-08-25,97.5,95.85,97.65,92.25,2750
2017-08-28,95.25,93.75,97.35,90.75,2124
2017-08-29,92.85,90.0,93.15,89.7,4165
2017-08-30,89.25,93.75,95.7,85.0755,1389
2017-08-31,91.5,87.825,91.5,86.337,1396
2017-09-01,87.15,90.0,90.75,87.15,278
2017-09-05,90.0,90.0,92.85,88.875,3321
2017-09-06,89.4,89.7,92.25,86.25,1993
2017-09-07,90.0,90.0,91.8,88.515,1739
2017-09-08,90.0,91.8,103.5,89.25,2003
2017-09-11,91.8,89.4,93.675,86.85,3082
2017-09-12,87.0,89.7,90.6,87.0,3164
2017-09-13,89.85,90.45,96.0,88.95,5565
2017-09-14,91.95,86.85,95.4,85.35,2839
2017-09-15,103.35,82.65,103.35,82.65,7039
2017-09-18,83.25,83.25,87.45,83.25,2415
2017-09-19,82.8,83.1,86.6655,82.8,2609
2017-09-20,87.3,83.25,87.3,82.5,1621
2017-09-21,82.8,83.1,87.0,82.8,1035
2017-09-22,86.4,81.75,86.4,81.0,745
2017-09-25,79.35,76.2,81.75,75.15,785
2017-09-26,77.85,76.95,85.155,75.3,1243
2017-09-27,76.65,78.6,78.6,74.85,1381
2017-09-28,77.25,77.85,78.0,75.75,596
2017-09-29,76.5,82.95,85.65,76.5,1341
2017-10-02,83.7,82.95,83.7,67.65,1409
2017-10-03,75.75,84.15,86.985,75.75,811
2017-10-04,84.0,83.4,85.5,77.4,637
2017-10-05,83.25,84.6,84.9,83.25,792
2017-10-06,84.0,84.15,85.2,81.3,1944
2017-10-09,80.4,76.8,82.125,76.8,841
2017-10-10,79.65,80.1,82.095,79.65,362
2017-10-11,79.8,78.75,79.8,77.6475,1160
2017-10-12,78.45,78.15,80.1,78.15,168
2017-10-13,78.675,82.05,82.2,77.25,264
2017-10-16,78.15,78.9,82.335,78.15,509
2017-10-17,78.3,77.7,78.375,75.0,1094
2017-10-18,76.5,79.35,81.9,76.5,1026
2017-10-19,76.95,72.0,78.0,71.25,2433
2017-10-20,73.2,68.25,74.457,67.65,1305
2017-10-23,69.138,68.25,76.8,67.5,453
2017-10-24,72.15,62.7,72.15,62.7,1805
2017-10-25,63.3,59.55,65.085,58.725,2634
2017-10-26,60.0,63.75,73.05,60.0,3241
2017-10-27,65.1,69.6,69.9,61.5,2340
2017-10-30,67.65,68.1,84.0,66.45,7003
2017-10-31,69.0,79.8,86.25,66.0,6848
2017-11-01,79.8,74.25,81.0,74.25,2314
2017-11-02,75.0,79.2,81.0,72.3015,6656
2017-11-03,79.2,76.5,83.55,75.75,3175
2017-11-06,77.7,75.0,82.26,74.85,1658
2017-11-07,75.0,71.55,76.35,69.54,635
2017-11-08,71.1,69.9,78.15,68.7,789
2017-11-09,69.15,73.95,76.2,68.85,1776
2017-11-10,69.0,69.45,72.15,68.85,1662
2017-11-13,69.6,65.25,69.6,64.5,1584
2017-11-14,65.55,69.45,69.45,63.75,1727
2017-11-15,70.65,64.35,70.65,63.9,3067
2017-11-16,65.4,63.9,67.5,63.45,2900
2017-11-17,65.85,62.4,67.8,61.65,2933
2017-11-20,62.7,63.3,66.8985,60.75,1514
2017-11-21,63.45,60.6,64.9305,60.45,1865
2017-11-22,63.0,60.6,63.0,60.6,435
2017-11-24,60.0015,59.85,60.81,57.675,1033
2017-11-27,60.15,58.95,62.25,56.25,2818
2017-11-28,59.85,54.75,63.0,52.515,5720
2017-11-29,54.6,56.85,61.5,54.6,563
2017-11-30,57.15,62.4,67.5,54.15,1790
2017-12-01,57.9,62.1,62.1,57.75,1211
2017-12-04,60.9,58.65,63.75,56.25,2098
2017-12-05,57.0,66.75,66.75,57.0,762
2017-12-06,61.8,60.0,61.8,60.0,369
2017-12-07,72.0,60.375,72.0,57.75,1043
2017-12-08,65.7,70.5,74.8455,63.0285,1788
2017-12-11,72.75,73.05,76.977,70.5,3064
2017-12-12,72.6,63.45,76.5,63.15,1586
2017-12-13,61.35,67.2,68.1,61.35,2098
2017-12-14,64.5,70.95,73.35,64.2,3145
2017-12-15,67.5,67.2,69.15,62.7,2810
2017-12-18,67.2,62.25,67.2,60.765,2029
2017-12-19,60.15,58.95,62.418,55.95,5964
2017-12-20,58.95,57.7515,59.7,55.725,3960
2017-12-21,57.765,56.7,59.85,55.65,3153
2017-12-22,56.55,54.75,59.25,53.25,6553
2017-12-26,54.3,54.75,55.95,51.75,2438
2017-12-27,54.0,54.0,57.75,51.0,3039
2017-12-28,56.55,52.95,56.7,51.9105,2818
2017-12-29,52.65,54.3,55.5,52.65,2492
2018-01-02,55.266,57.45,58.5,55.2,2140
2018-01-03,60.6,55.8,60.6,54.15,2208
2018-01-04,54.9,56.7,59.1,54.9,5231
2018-01-05,57.9,57.15,58.2,54.915,483
2018-01-08,55.95,56.4,56.55,55.95,308
2018-01-09,56.85,57.3,57.75,56.4,464
2018-01-10,59.4,57.75,61.65,56.0445,2890
2018-01-11,58.2,57.3,60.45,56.5485,1302
2018-01-12,59.085,59.7,61.65,58.5,777
2018-01-16,59.541,60.3,62.25,57.75,580
2018-01-17,56.25,56.7,60.15,55.8,826
2018-01-18,56.532,56.25,58.65,54.9,1612
2018-01-19,58.512,57.75,58.8,55.5,2576
2018-01-22,57.75,57.0,63.6,54.9,3289
2018-01-23,59.85,57.3,60.0,54.15,1520
2018-01-24,57.15,57.75,57.75,55.416,1508
2018-01-25,58.2075,57.15,58.2075,56.25,812
2018-01-26,56.985,56.25,58.95,55.95,2694
2018-01-29,56.55,58.35,58.35,56.55,295
2018-01-30,61.05,58.05,61.17,56.85,1693
2018-01-31,58.974,56.55,58.974,56.4,630
2018-02-01,58.5,57.0,58.5,56.85,516
2018-02-02,58.05,57.9,65.7,56.4015,594
2018-02-05,58.5,54.6,58.5,54.0,1826
2018-02-06,54.6,55.5,56.0985,54.15,429
2018-02-07,55.2075,59.1,59.1,54.0,2814
2018-02-08,58.5,55.05,62.3505,54.0,1443
2018-02-09,55.8,56.4,56.4,51.0,1896
2018-02-12,58.8,54.6,58.8,53.85,1371
2018-02-13,56.985,56.4,61.65,55.5,1550
2018-02-14,56.85,60.3,61.404,56.85,367
2018-02-15,60.0,63.45,65.664,60.0,2150
2018-02-16,61.65,60.15,67.5,60.15,2645
2018-02-20,64.8,66.45,68.25,58.665,2495
2018-02-21,66.0,75.6,78.0,66.0,2278
2018-02-22,73.5,75.0,75.0,71.4,1242
2018-02-23,75.0,75.15,75.75,72.0,1044
2018-02-26,74.85,80.4,87.0,69.6,5458
2018-02-27,78.405,78.75,85.0365,76.8,2466
2018-02-28,80.1,76.65,80.1,74.052,587
2018-03-01,76.65,75.0,76.65,71.415,550
2018-03-02,75.0,75.75,76.302,72.75,1534
2018-03-05,77.7,75.75,77.8485,71.55,1122
2018-03-06,77.7,73.8,78.0,70.77,1476
2018-03-07,78.0,73.8,78.0,71.25,1426
2018-03-08,74.7,73.2,76.2,71.1,1548
2018-03-09,72.165,72.6,75.75,70.2,1284
2018-03-12,72.072,75.6,75.6,70.5015,506
2018-03-13,74.7,72.0,76.335,70.5,1496
2018-03-14,72.0,81.75,88.5,72.0,6686
2018-03-15,82.05,82.35,88.4985,81.258,1992
2018-03-16,85.05,84.0,85.05,79.65,1233
2018-03-19,83.4,86.25,86.31,83.2515,1345
2018-03-20,84.9,84.0,84.9,82.5,685
2018-03-21,83.1,82.2,83.1,81.75,885
2018-03-22,81.6,81.9,82.3005,81.6,1915
2018-03-23,80.2185,81.75,81.75,79.5015,1622
2018-03-26,82.5,75.0,82.5,73.65,1523
2018-03-27,74.85,65.25,74.85,62.7015,2467
2018-03-28,66.0,67.5,72.0,66.0,1423
2018-03-29,67.35,67.65,68.1,66.15,1283
2018-04-02,64.2435,72.0,72.0,63.75,2024
2018-04-03,70.05,67.8075,81.3,67.8015,4093
2018-04-04,69.0,73.8,76.5,64.665,5404
2018-04-05,77.6115,71.25,77.964,71.25,543
2018-04-06,71.4,71.25,72.585,67.5,1174
2018-04-09,70.5,73.95,77.8425,69.336,6787
2018-04-10,73.2,74.4,74.4,71.019,271
2018-04-11,72.6,72.75,74.55,70.65,528
2018-04-12,70.665,71.55,72.135,68.4,745
2018-04-13,70.65,71.85,73.5,69.696,429
2018-04-16,72.0,69.75,72.0,66.75,1259
2018-04-17,67.65,68.4,68.4,63.0,1485
2018-04-18,66.6,66.0,70.5,61.8,1293
2018-04-19,66.45,66.0,66.45,61.5,866
2018-04-20,65.289,65.265,65.4,64.776,113
2018-04-23,65.25,62.25,65.85,61.65,1948
2018-04-24,60.45,58.302,60.6795,57.6,1938
2018-04-25,59.4,59.25,59.4345,56.25,592
2018-04-26,57.6,59.1,59.1,57.45,1106
2018-04-27,57.9105,57.15,57.9105,52.5,1487
2018-04-30,56.4,56.85,57.45,55.5,496
2018-05-01,56.85,58.05,58.05,56.25,318
2018-05-02,57.2745,59.25,59.25,53.43,660
2018-05-03,59.235,56.25,59.235,56.25,701
2018-05-04,55.8,56.55,58.3845,55.8,952
2018-05-07,57.864,57.45,58.05,57.3,609
2018-05-08,57.465,57.165,57.75,57.165,168
2018-05-09,57.6,57.45,57.6,57.3,173
2018-05-10,57.348,57.15,57.9,57.15,212
2018-05-11,57.15,58.1985,58.1985,57.0015,373
2018-05-14,57.6,57.9,58.5,57.6,532
2018-05-15,57.75,60.0,64.5,57.75,2384
2018-05-16,62.0745,65.55,67.5,61.8,2096
2018-05-17,63.0,65.25,65.25,61.5,629
2018-05-18,65.25,63.75,72.6,62.931,2789
2018-05-21,70.5,61.35,78.0,56.4015,65628
2018-05-22,60.0,53.85,60.75,49.2015,8950
2018-05-23,53.55,54.6,55.95,53.25,1599
2018-05-24,55.05,54.45,56.0685,53.55,4567
2018-05-25,55.05,57.75,57.75,54.3,2612
2018-05-29,57.75,61.5,64.35,54.15,7168
2018-05-30,62.1,59.55,66.45,59.55,3571
2018-05-31,60.0,60.75,63.315,58.5,378
2018-06-01,60.9,63.0,63.0,57.915,2506
2018-06-04,64.4325,63.6,64.4325,59.85,2088
2018-06-05,62.1,64.5,65.1,62.1,1734
2018-06-06,63.75,63.6,68.4,63.438,5644
2018-06-07,64.5,64.35,66.0,61.5,1557
2018-06-08,61.7745,64.5,66.0,61.7745,1252
2018-06-11,65.25,64.05,67.35,62.4,3778
2018-06-12,65.1,60.15,65.25,60.0,2976
2018-06-13,60.9,58.05,62.85,57.75,1760
2018-06-14,58.95,57.75,63.8955,57.75,2150
2018-06-15,58.2,59.1,60.0,57.75,1452
2018-06-18,61.95,58.35,61.95,58.35,404
2018-06-19,58.8,58.65,60.0,58.65,412
2018-06-20,58.5,57.75,61.95,57.45,3476
2018-06-21,58.497,58.65,58.9785,56.022,1103
2018-06-22,56.4,60.3,61.65,55.8,1208
2018-06-25,61.95,56.55,61.95,55.65,2023
2018-06-26,57.15,55.95,58.05,51.867,3448
2018-06-27,55.8,57.7515,58.65,51.75,3593
2018-06-28,59.25,55.5,59.25,51.4065,1229
2018-06-29,51.9,53.7,54.435,51.9,872
2018-07-02,53.25,55.65,57.0,53.25,1404
2018-07-03,55.65,55.218,55.65,55.218,389
2018-07-05,55.35,57.0,57.0,53.25,224
2018-07-06,55.65,54.075,56.685,52.515,619
2018-07-09,53.7,54.9,57.0,53.25,1352
2018-07-10,58.2,52.95,58.2,51.75,1850
2018-07-11,52.7775,55.5,57.0,52.7775,2828
2018-07-12,55.1925,55.35,58.5,52.4985,3119
2018-07-13,58.5,58.95,64.335,58.05,4747
2018-07-16,59.4,60.75,63.4785,59.4,2059
2018-07-17,62.1,63.15,64.485,61.05,3933
2018-07-18,64.296,63.15,64.5,62.25,1296
2018-07-19,63.9,62.4,64.194,62.1075,746
2018-07-20,62.2755,60.9,62.85,60.4665,473
2018-07-23,60.9,59.1,64.185,59.1,991
2018-07-24,59.214,60.15,63.5565,58.95,683
2018-07-25,59.826,62.25,62.25,59.826,668
2018-07-26,60.165,59.7,62.25,59.25,1890
2018-07-27,60.9,59.25,60.9,58.95,430
2018-07-30,60.3,59.1,61.485,59.1,362
2018-07-31,61.2,59.25,61.2,59.25,90
2018-08-01,59.4,59.1,60.0015,57.15,1254
2018-08-02,55.41,48.8985,58.35,45.9,2029
2018-08-03,48.6,50.25,51.9,48.6,483
2018-08-06,49.65,51.15,56.85,48.9,690
2018-08-07,51.6,51.9,55.5,50.25,1306
2018-08-08,52.5,52.95,52.95,52.5,172
2018-08-09,53.25,59.7,60.75,53.25,4075
2018-08-10,58.8,61.2,61.2,56.52,1516
2018-08-13,60.0,59.25,60.3,57.672,1412
2018-08-14,61.5,56.1,61.5,54.15,1357
2018-08-15,56.25,56.85,59.7,54.15,564
2018-08-16,58.2405,55.5,58.2405,54.15,455
2018-08-17,55.8,55.8,55.95,55.8,62
2018-08-20,55.05,55.05,56.475,55.05,458
2018-08-21,54.75,55.65,58.8,54.75,377
2018-08-22,55.65,56.4,57.315,54.75,379
2018-08-23,57.45,57.15,59.7,55.341,548
2018-08-24,60.0,59.6985,60.0,57.4515,343
2018-08-27,57.465,57.45,60.0,57.42,127
2018-08-28,58.287,57.15,59.25,57.0,524
2018-08-29,57.435,55.5,59.025,52.5,1083
2018-08-30,57.0,56.4,57.0,56.4,99
2018-08-31,55.5,53.85,55.8,53.25,338
2018-09-04,54.6,55.5,55.8,53.2515,1152
2018-09-05,53.25,54.0,55.35,53.25,317
2018-09-06,53.5335,53.55,53.55,51.75,514
2018-09-07,52.2,52.5,53.85,50.85,1197
2018-09-10,51.3,50.25,52.65,49.8,501
2018-09-11,51.15,50.7,52.8,50.25,615
2018-09-12,50.4,48.9,51.3,48.75,1054
2018-09-13,51.3,48.15,52.65,44.7,2375
2018-09-14,46.05,49.5,52.8,46.05,588
2018-09-17,48.0,41.25,51.6,39.7515,3243
2018-09-18,42.0,52.95,52.95,35.7,1758
2018-09-19,51.9,49.05,53.4,42.3,692
2018-09-20,48.9,51.15,51.75,48.075,166
2018-09-21,52.35,51.3,52.65,48.0,1091
2018-09-24,50.4,49.05,50.4,45.3,484
2018-09-25,49.5,48.9,52.9485,47.1,975
2018-09-26,48.6,45.75,48.6,45.75,482
2018-09-27,43.5,43.836,45.0,43.5,235
2018-09-28,41.85,42.3,44.6325,40.05,1127
2018-10-01,43.2,41.4,43.8,39.9,909
2018-10-02,39.75,37.5,40.2,36.75,953
2018-10-03,37.9575,37.65,38.4,37.5,639
2018-10-04,37.386,38.025,38.7,37.386,94
2018-10-05,38.7,36.45,42.0,35.9805,3823
2018-10-08,39.0,35.4,41.1,35.4,1503
2018-10-09,37.2,37.5,38.1165,37.2,174
2018-10-10,37.5015,31.5,39.6,31.206,1114
2018-10-11,31.5,50.55,82.5,31.5,88083
2018-10-12,49.5,55.35,67.05,45.6,61969
2018-10-15,55.95,52.5,56.9655,50.25,10313
2018-10-16,51.9,49.5,59.25,48.9,11880
2018-10-17,51.0,52.35,54.4815,49.5,4031
2018-10-18,52.95,57.3,58.107,51.0615,4959
2018-10-19,56.1,54.3,58.674,51.255,3852
2018-10-22,53.7,51.15,57.6,51.15,2002
2018-10-23,51.15,52.3065,54.3,51.0,743
2018-10-24,52.5,49.5945,57.3,48.75,460
2018-10-25,48.9,50.1,52.5,48.9,2059
2018-10-26,49.65,51.9,52.8,49.05,3190
2018-10-29,51.15,51.15,52.8,48.9,2454
2018-10-30,50.55,52.05,52.05,48.9,2811
2018-10-31,51.15,52.95,57.0,49.2,6087
2018-11-01,50.3505,53.25,56.85,50.3505,1362
2018-11-02,52.8,55.05,56.922,52.8,534
2018-11-05,55.65,54.9,57.0,54.0,1279
2018-11-06,52.8,56.0115,59.55,51.9,859
2018-11-07,57.75,61.35,62.25,53.25,2299
2018-11-08,61.65,62.1,62.1,57.45,836
2018-11-09,61.8,62.85,62.85,55.65,1629
2018-11-12,67.5,62.4,67.5,62.4,2449
2018-11-13,75.0,69.45,80.7,63.0,65752
2018-11-14,68.25,74.85,75.0,65.922,17589
2018-11-15,75.6,76.5,77.25,69.9,11358
2018-11-16,75.45,82.8,84.3,75.15,14273
2018-11-19,88.5,84.0,90.0,79.5,18797
2018-11-20,84.0,80.25,84.0,77.25,9043
2018-11-21,80.25,80.85,86.1,72.0,7782
2018-11-23,79.5,82.05,84.3,79.5,966
2018-11-26,84.0,79.5,86.1,79.083,6462
2018-11-27,78.45,76.8,80.7,75.6,6438
2018-11-28,78.15,78.15,81.0,77.4,2468
2018-11-29,79.05,78.6015,79.5,77.475,1238
2018-11-30,77.85,78.15,82.05,77.25,2151
2018-12-03,79.35,79.0905,82.5,78.6,3129
2018-12-04,79.05,74.6175,79.05,72.45,2076
2018-12-06,72.45,73.5,76.65,72.165,2365
2018-12-07,75.0,74.25,75.5355,72.9,1463
2018-12-10,73.65,73.95,74.25,69.3,3122
2018-12-11,73.5,78.75,81.9,72.9,4841
2018-12-12,78.9,75.0,81.3,72.15,6271
2018-12-13,75.6,76.5,80.85,72.6,5419
2018-12-14,77.55,79.2,79.281,75.7635,1385
2018-12-17,76.5,77.55,78.0,72.6,1779
2018-12-18,74.7,75.9,77.8515,67.5,4910
2018-12-19,74.25,72.0,76.5,67.65,2743
2018-12-20,73.95,74.7,75.15,71.25,1574
2018-12-21,74.7,73.8,75.24,68.2515,5034
2018-12-24,74.25,76.5,76.5,70.6245,3771
2018-12-26,75.6,75.15,79.65,73.2,2662
2018-12-27,75.15,78.45,81.9,75.15,1963
2018-12-28,75.3,81.0,87.3285,75.0,2457
2018-12-31,83.25,81.0,85.35,80.1,204
2019-01-02,81.9,83.25,83.7,79.2,1098
2019-01-03,82.05,79.8,83.55,77.4,1094
2019-01-04,79.05,81.9465,84.75,78.3,940
2019-01-07,82.8,81.15,88.5,81.15,5260
2019-01-08,81.45,80.55,82.35,77.25,5454
2019-01-09,81.75,79.5,82.8,77.55,3904
2019-01-10,78.39,80.4,84.0,78.39,2235
2019-01-11,79.05,79.5,81.45,78.45,2186
2019-01-14,79.8,84.75,85.5,79.5,2006
2019-01-15,84.75,90.15,92.9985,84.0,15394
2019-01-16,92.7,95.25,95.25,84.45,7588
2019-01-17,95.25,97.35,99.3,93.45,10025
2019-01-18,98.85,98.85,98.85,93.3,8140
2019-01-22,99.0,93.75,102.2925,93.75,8429
2019-01-23,94.8,95.7,96.4935,85.8,6477
2019-01-24,91.95,90.0,95.364,89.55,3788
2019-01-25,90.0,90.0,93.24,87.15,3493
2019-01-28,87.6,88.35,91.1985,87.3,2891
2019-01-29,88.2,88.5,90.0,87.75,4400
2019-01-30,89.0445,93.3,93.3,88.65,3231
2019-01-31,94.2,91.35,96.9,90.0,1899
2019-02-01,91.212,90.0,95.385,89.4,2511
2019-02-04,89.85,89.4,90.75,88.5,2838
2019-02-05,89.85,90.9,95.1,84.0,4529
2019-02-06,89.361,88.65,90.4305,87.15,1306
2019-02-07,88.5,86.25,89.607,85.65,1223
2019-02-08,88.2,86.25,88.2,85.5,2222
2019-02-11,87.288,87.15,88.755,87.15,1411
2019-02-12,88.2,87.15,89.1,87.15,1494
2019-02-13,88.05,88.8,89.8485,87.75,2029
2019-02-14,88.8,87.9,93.15,87.6,3224
2019-02-15,89.1,87.15,91.2,87.15,4329
2019-02-19,88.05,88.65,89.5485,84.3,2579
2019-02-20,85.2,85.5,88.8,85.2,3761
2019-02-21,84.873,84.15,87.0,81.3,4586
2019-02-22,82.95,82.95,84.696,81.3,683
2019-02-25,83.325,78.75,85.1445,78.15,4151
2019-02-26,81.0,81.6,84.0,78.0,2990
2019-02-27,82.35,82.2,83.6415,76.8,2483
2019-02-28,81.3,83.25,83.25,78.3,906
2019-03-01,83.25,81.0,83.25,78.75,1258
2019-03-04,84.15,84.3,84.75,81.75,2570
2019-03-05,80.55,82.8,85.2,80.049,858
2019-03-06,82.35,79.05,83.85,79.05,833
2019-03-07,81.15,82.5,82.5,78.9,594
2019-03-08,82.5,79.05,84.9,78.9015,1485
2019-03-11,81.15,79.95,86.1,79.7355,1616
2019-03-12,81.6,83.25,86.1,81.6,1317
2019-03-13,85.95,87.75,88.05,83.4,1345
2019-03-14,88.35,82.5,88.35,82.5,1504
2019-03-15,82.95,87.3,87.3,82.35,2280
2019-03-18,87.3,87.0,87.3,83.25,1686
2019-03-19,85.5,82.5,85.5,81.147,3324
2019-03-20,81.405,81.75,82.2765,79.5,1498
2019-03-21,82.65,79.95,83.85,78.9,1530
2019-03-22,81.0,80.7,81.15,78.9015,461
2019-03-25,80.4,82.506,83.2485,80.1015,901
2019-03-26,83.55,77.7,83.55,76.4055,2764
2019-03-27,78.63,76.35,78.63,75.9,1234
2019-03-28,76.5,76.65,79.5,76.5,523
2019-03-29,76.8,71.25,77.628,67.65,2683
2019-04-01,70.05,73.5,77.085,69.3,2688
2019-04-02,73.5,75.75,75.75,73.5,791
2019-04-03,75.75,73.8,76.05,73.35,904
2019-04-04,73.95,73.8,75.5985,73.8,84
2019-04-05,74.55,72.9,74.55,72.75,461
2019-04-08,73.5,73.5,73.5,72.75,167
2019-04-09,73.2,72.4635,73.2,71.4,630
2019-04-10,73.35,73.5,81.0,72.27,4435
2019-04-11,74.25,72.3,75.105,72.15,3264
2019-04-12,73.8,69.0,73.8,69.0,2924
2019-04-15,69.0,68.25,69.75,64.5,1827
2019-04-16,68.25,64.95,71.25,64.95,1436
2019-04-17,68.1,66.3,68.1,64.5,839
2019-04-18,67.2,67.95,69.9,67.2,1157
2019-04-22,67.5,68.25,71.55,66.75,2546
2019-04-23,71.55,68.55,72.0,67.9665,127
2019-04-24,70.05,70.8,75.75,70.05,2472
2019-04-25,71.25,75.63,75.63,71.25,195
2019-04-26,71.4,73.8,74.55,71.4,737
2019-04-29,74.7,72.0,75.75,72.0,1958
2019-04-30,73.125,73.95,75.0,72.75,1756
2019-05-01,73.35,71.55,73.716,70.65,469
2019-05-02,72.0,68.4,72.0135,64.95,1898
2019-05-03,68.25,68.2455,68.7,67.8,261
2019-05-06,67.5,67.5,69.15,66.0,327
2019-05-07,65.85,66.45,68.4,63.75,2598
2019-05-08,65.7,65.475,66.0,64.5,472
2019-05-09,64.65,67.35,67.35,61.95,1329
2019-05-10,66.75,69.6,69.6,63.0,251
2019-05-13,66.75,68.4,69.9,66.0,1311
2019-05-14,67.5,70.05,70.5,67.5,1488
2019-05-15,68.85,70.0755,70.5,68.85,524
2019-05-16,69.45,71.25,71.25,69.45,914
2019-05-17,71.664,70.5,72.75,70.068,828
2019-05-20,71.4,69.45,74.25,69.45,1403
2019-05-21,70.35,72.375,74.235,70.35,1520
2019-05-22,72.15,70.65,73.05,70.3665,981
2019-05-23,70.35,71.85,73.1415,70.05,1048
2019-05-24,71.55,71.199,71.55,70.125,1187
2019-05-28,71.1,73.5,74.85,71.1,1780
2019-05-29,73.65,74.7,74.7,73.35,200
2019-05-30,75.0,75.0,76.8,72.15,2859
2019-05-31,76.05,78.0,78.0,70.95,1274
2019-06-03,83.1,89.7,119.7,82.95,124439
2019-06-04,91.5,94.5,97.5,87.9045,15357
2019-06-05,94.5,98.1,100.5,93.75,7157
2019-06-06,99.0,95.25,99.0,93.318,4595
2019-06-07,95.25,92.25,95.25,90.003,4912
2019-06-10,91.95,91.95,94.0155,90.0,4069
2019-06-11,91.95,87.15,91.95,87.15,1711
2019-06-12,89.1,90.0,90.0,88.2,2443
2019-06-13,90.0,88.65,90.975,87.3105,3711
2019-06-14,89.25,90.0,91.05,87.9,4375
2019-06-17,89.25,88.8945,92.058,87.9,4291
2019-06-18,87.5865,85.35,89.1,78.0,6051
2019-06-19,84.0,84.6,86.7,83.115,1334
2019-06-20,85.5,84.6,86.4,82.914,1937
2019-06-21,83.85,97.95,101.25,83.85,9694
2019-06-24,94.5,90.9,95.85,90.9,4863
2019-06-25,91.2,89.25,95.55,89.25,2606
2019-06-26,89.25,87.15,89.6355,87.15,2270
2019-06-27,88.515,90.0,93.45,88.515,904
2019-06-28,90.072,94.5,94.5,90.0,1039
2019-07-01,94.5,91.35,94.5,90.0,1812
2019-07-02,92.4,90.75,92.5425,90.45,935
2019-07-03,90.6,92.535,94.2,90.6,488
2019-07-05,92.109,93.45,93.6,91.5,1394
2019-07-08,92.109,92.1,93.45,92.1,142
2019-07-09,92.712,91.65,93.15,91.65,798
2019-07-10,91.65,93.45,93.891,90.7515,2639
2019-07-11,94.35,91.05,94.35,91.05,218
2019-07-12,91.2,93.6,93.75,90.0,2251
2019-07-15,92.4,92.1,92.4,89.106,2938
2019-07-16,90.3,91.8,93.0,90.3,331
2019-07-17,90.45,90.75,91.5,89.2515,810
2019-07-18,91.65,89.85,91.65,87.0,670
2019-07-19,90.75,92.7,92.7,89.55,644
2019-07-22,92.7,91.2,92.7,88.5,1542
2019-07-23,90.45,94.5,94.5,88.65,1274
2019-07-24,91.8015,88.8,92.82,88.65,484
2019-07-25,88.65,88.5,90.45,87.9,1597
2019-07-26,89.85,91.65,93.15,88.9425,1450
2019-07-29,90.3,87.3,93.6,87.3,467
2019-07-30,87.75,90.75,91.8,87.75,1357
2019-07-31,90.0,89.25,91.35,89.25,1032
2019-08-01,89.475,87.75,90.3,87.75,565
2019-08-02,87.0,89.7,89.8965,85.65,866
2019-08-05,87.6,83.7,88.05,83.4,2250
2019-08-06,84.6,88.05,89.25,84.6,588
2019-08-07,86.85,85.5,87.45,84.0,195
2019-08-08,86.55,84.15,87.6,84.0,760
2019-08-09,84.45,87.6,87.75,83.4,868
2019-08-12,86.7,89.85,90.0,86.7,509
2019-08-13,90.6,91.95,91.95,89.25,1777
2019-08-14,85.9275,88.65,92.139,85.9275,1380
2019-08-15,90.0,88.125,90.0,85.8,891
2019-08-16,89.4,87.0,89.4,87.0,416
2019-08-19,88.458,89.85,89.85,87.75,1233
2019-08-20,90.0,90.9,91.2,88.182,517
2019-08-21,88.3395,91.05,91.05,87.75,390
2019-08-22,93.0,94.5,94.5,91.5,2637
2019-08-23,93.9,92.55,93.9,89.25,1905
2019-08-26,94.5,93.75,94.5,90.6015,783
2019-08-27,93.585,92.7,93.75,92.4165,444
2019-08-28,92.25,93.45,93.45,91.5,481
2019-08-29,93.735,93.3,93.75,93.3,318
2019-08-30,94.35,94.5,94.5,91.05,944
2019-09-03,93.45,91.2,93.45,90.15,626
2019-09-04,92.7,91.2,94.05,91.2,429
2019-09-05,92.7,91.65,94.2,91.65,537
2019-09-06,93.0,91.65,94.35,91.65,238
2019-09-09,92.4,94.2,94.2,92.4,82
2019-09-10,93.15,93.7575,94.5,92.61,1154
2019-09-11,94.5,94.5,95.25,93.9,1975
2019-09-12,94.5,93.6,95.4,93.45,1975
2019-09-13,93.3,92.7,93.3,92.7,260
2019-09-16,93.0,90.45,93.0,90.45,821
2019-09-17,91.5,90.45,92.55,90.15,629
2019-09-18,91.5,90.9,91.83,90.6,1667
2019-09-19,90.45,90.9,91.35,90.0,1099
2019-09-20,90.6,92.85,92.85,90.0,441
2019-09-23,93.75,91.5,93.75,90.0,1456
2019-09-24,91.5,88.8,91.9485,87.0,1816
2019-09-25,89.25,87.75,89.625,87.3,570
2019-09-26,87.864,88.65,89.4015,87.75,990
2019-09-27,88.8,87.3,88.8,87.3,188
2019-09-30,87.75,89.4,89.4,87.3,458
2019-10-01,90.0,88.5,90.0,87.3825,550
2019-10-02,87.3,85.05,88.35,84.3,2255
2019-10-03,86.4,85.95,87.0,84.75,743
2019-10-04,85.95,85.0725,85.95,84.3,514
2019-10-07,84.3,84.3,85.95,84.0,299
2019-10-08,84.0,82.5,87.3,81.15,1275
2019-10-09,83.55,84.0,85.5,83.4,311
2019-10-10,84.225,81.3,85.05,81.0,1065
2019-10-11,80.7,83.55,83.85,74.85,4129
2019-10-14,82.8,81.45,84.45,80.7,1239
2019-10-15,81.45,79.5,83.4,78.0,1652
2019-10-16,79.5,78.975,79.5,78.375,864
2019-10-17,79.0905,81.45,81.45,74.4375,2883
2019-10-18,79.5,79.35,85.2,79.35,1760
2019-10-21,80.25,87.45,87.45,80.25,1512
2019-10-22,86.85,81.75,87.15,81.75,1704
2019-10-23,82.05,81.75,82.05,76.5,1661
2019-10-24,80.1,82.35,82.35,80.1,221
2019-10-25,80.55,83.55,92.25,78.75,4436
2019-10-28,83.25,83.7,85.35,82.2,906
2019-10-29,84.0,84.75,85.35,83.7,581
2019-10-30,85.8,83.7,86.25,81.1575,493
2019-10-31,83.7,85.95,85.95,80.7,767
2019-11-01,86.25,87.6,87.6,86.25,643
2019-11-04,89.1,86.25,90.0,84.9,1900
2019-11-05,85.35,87.15,90.3,85.35,973
2019-11-06,89.85,87.75,90.9,87.75,2734
2019-11-07,87.3,87.6,90.75,84.75,2741
2019-11-08,87.513,88.05,88.275,86.25,139
2019-11-11,88.5,85.05,88.5,84.3,721
2019-11-12,85.968,87.0,87.15,84.75,1184
2019-11-13,86.6955,84.75,86.6955,84.6,933
2019-11-14,85.467,86.55,86.55,84.9,799
2019-11-15,87.15,87.9,87.9,87.0,1354
2019-11-18,87.9,90.0,93.7485,87.9,3786
2019-11-19,86.706,87.75,92.697,86.55,2818
2019-11-20,86.25,84.45,89.1,84.45,1216
2019-11-21,85.65,88.185,89.85,85.5,1431
2019-11-22,89.6355,90.0,91.05,89.6355,1041
2019-11-25,90.909,89.4,90.909,88.2075,750
2019-11-26,89.4,90.2835,90.45,89.4,463
2019-11-27,90.3,88.965,90.3,88.65,558
2019-11-29,88.5,88.5,88.5,87.027,108
2019-12-02,89.4,90.0,90.0,87.45,413
2019-12-03,90.0,88.95,90.003,86.25,985
2019-12-04,87.0,87.75,89.25,86.25,709
2019-12-05,90.0,90.3,90.546,90.0,971
2019-12-06,90.0,89.1,90.45,89.1,263
2019-12-09,90.75,91.95,91.95,89.7,1729
2019-12-10,90.7425,96.45,97.35,90.7425,6460
2019-12-11,97.5,102.153,102.411,97.5,8545
2019-12-12,103.05,107.4,123.825,102.1515,11836
2019-12-13,108.45,112.5,112.5,108.45,2827
2019-12-16,112.5,109.5,112.5,108.15,1698
2019-12-17,105.324,108.6,109.3215,105.324,912
2019-12-18,108.159,110.85,112.464,108.0,2132
2019-12-19,111.7605,111.6,112.083,111.0735,1183
2019-12-20,110.118,115.2,115.5,109.05,1444
2019-12-23,113.55,115.5,117.9,113.25,2872
2019-12-24,116.85,119.25,119.25,114.675,2183
2019-12-26,117.75,124.35,124.5,116.61,3234
2019-12-27,124.35,138.3,141.75,121.05,8598
2019-12-30,138.75,140.7,146.25,131.25,2987
2019-12-31,140.55,144.0,147.0,139.5,3752
2020-01-02,145.35,133.5,145.35,132.0,4466
2020-01-03,132.15,137.25,139.35,127.95,4701
2020-01-06,135.0,134.475,137.1,127.95,2870
2020-01-07,132.75,133.602,136.65,132.0,1006
2020-01-08,135.15,133.605,135.1515,132.15,2445
2020-01-09,132.9,134.2005,135.4485,132.75,858
2020-01-10,132.0,132.333,133.5,132.0,1360
2020-01-13,132.0,130.11,132.45,128.55,1299
2020-01-14,130.0275,127.8,130.0275,126.0,1936
2020-01-15,127.5,127.5,129.6,126.3,2140
2020-01-16,129.6,131.85,133.425,128.904,2765
2020-01-17,131.85,137.85,137.85,129.75,1715
2020-01-21,137.85,134.7,138.0,131.8665,3410
2020-01-22,132.93,133.95,139.35,132.93,2574
2020-01-23,135.15,133.875,138.9,133.2,2278
2020-01-24,136.8,137.7,138.15,133.35,3041
2020-01-27,135.15,143.55,146.988,134.85,6233
2020-01-28,142.5,148.5,158.25,136.05,8482
2020-01-29,148.35,143.85,148.35,140.2515,3221
2020-01-30,144.0,142.2,144.0,138.15,1747
2020-01-31,141.75,146.85,146.85,139.2,3184
2020-02-03,146.85,153.9,157.2,146.13,5920
2020-02-04,153.9,157.5,157.5,147.75,2497
2020-02-05,155.55,153.9,156.9,145.8825,4591
2020-02-06,155.25,161.25,161.25,154.155,2922
2020-02-07,158.7,165.0,171.9975,156.9,4332
2020-02-10,166.5,169.8,171.6,154.35,4339
2020-02-11,168.0,164.25,168.0,157.65,2775
2020-02-12,163.2,164.7,165.6,156.405,5361
2020-02-13,165.0,160.95,168.0,160.905,4015
2020-02-14,161.1,157.5,164.85,154.65,4406
2020-02-18,156.0,155.85,161.25,152.9805,3214
2020-02-19,154.65,145.8,157.2,143.073,5897
2020-02-20,145.95,150.15,155.925,143.25,2308
2020-02-21,152.1,148.65,152.1,143.55,1734
2020-02-24,146.7,144.75,148.35,141.3,4697
2020-02-25,145.5,134.7,147.75,129.3,20376
2020-02-26,139.35,132.9,144.3,130.95,11641
2020-02-27,130.95,129.0,132.9,111.0,7470
2020-02-28,126.3,133.2,135.9,124.0455,4966
2020-03-02,133.5,130.65,140.55,129.462,3389
2020-03-03,131.55,128.85,140.85,128.4,6482
2020-03-04,129.9,130.8,132.75,129.0,6790
2020-03-05,130.65,130.95,132.6,129.2415,2452
2020-03-06,128.4,129.75,132.0,123.15,5851
2020-03-09,125.55,117.9,125.55,114.06,4525
2020-03-10,119.25,118.8,120.0,114.375,7561
2020-03-11,116.25,111.6,118.95,109.68,6596
2020-03-12,104.7,108.45,111.9,104.7,4263
2020-03-13,112.95,105.45,112.95,93.9,12020
2020-03-16,101.85,104.25,105.0,98.25,5593
2020-03-17,104.7,112.2,113.1,99.15,7437
2020-03-18,109.8,96.6,111.15,94.65,6357
2020-03-19,100.95,103.05,108.0,96.3,5457
2020-03-20,105.15,103.35,108.0,101.25,2755
2020-03-23,103.5,100.5,105.9,90.15,5246
2020-03-24,104.55,105.0,106.2,100.275,1958
2020-03-25,104.85,109.5,114.675,103.8,4850
2020-03-26,111.9,117.0,117.6,111.75,3575
2020-03-27,111.0,115.8,118.2,109.6515,1063
2020-03-30,118.05,126.15,131.85,117.8145,2522
2020-03-31,127.8,134.1,137.0025,127.8,6075
2020-04-01,133.2,129.0,133.5,129.0,1883
2020-04-02,126.9,129.0,138.15,126.6,3272
2020-04-03,129.0,133.35,134.4,126.45,698
2020-04-06,134.85,127.5,136.95,125.832,4350
2020-04-07,126.75,126.6,129.15,123.0,1186
2020-04-08,125.25,124.35,127.05,120.15,2000
2020-04-09,121.5,129.75,132.6,121.125,2484
2020-04-13,132.0,132.0,133.5,126.375,1190
2020-04-14,132.15,133.5,137.25,127.65,2926
2020-04-15,132.6,137.25,138.0,132.6,1055
2020-04-16,138.15,136.8,143.85,136.8,1891
2020-04-17,139.05,141.15,142.2,135.6,2522
2020-04-20,141.15,138.15,143.25,137.847,1966
2020-04-21,138.066,138.6,141.75,133.725,1369
2020-04-22,137.25,139.95,141.6,135.0,3433
2020-04-23,136.5,135.0,139.2,131.55,3763
2020-04-24,137.7,136.2,143.25,136.05,2208
2020-04-27,141.9,134.85,141.9,132.75,5718
2020-04-28,136.35,135.3,138.3,133.65,3198
2020-04-29,137.25,139.65,140.55,133.995,2869
2020-04-30,140.4,142.5,143.1,135.3405,4798
2020-05-01,142.5,142.5,148.5,135.9,4759
2020-05-04,142.5,146.7,151.515,140.3745,5931
2020-05-05,151.65,141.15,153.15,136.716,5627
2020-05-06,140.1,146.1,148.5,140.1,5334
2020-05-07,148.35,146.55,150.0,141.0,6808
2020-05-08,149.55,145.5,152.25,142.5,4555
2020-05-11,144.6,146.55,148.2,138.15,5072
2020-05-12,146.55,150.9,156.6,146.55,4587
2020-05-13,150.9,148.5,154.263,144.45,3004
2020-05-14,145.5,147.15,150.6,140.2605,4232
2020-05-15,146.55,145.8,148.8,142.65,2256
2020-05-18,148.95,151.35,153.4335,144.45,5474
2020-05-19,152.25,155.7,158.7,151.2,3982
2020-05-20,153.9,153.45,162.9,151.65,4779
2020-05-21,155.85,156.75,158.325,153.45,3094
2020-05-22,158.55,160.95,161.7,156.45,2158
2020-05-26,163.5,161.1,168.525,155.25,4653
2020-05-27,160.95,162.75,164.85,156.75,1981
2020-05-28,164.85,166.425,170.25,160.47,4880
2020-05-29,167.1,172.05,177.45,163.1565,6740
2020-06-01,172.05,166.65,174.645,166.5,3550
2020-06-02,166.8,171.3,174.6,165.0,3733
2020-06-03,169.35,170.1,176.25,167.1285,2454
2020-06-04,168.9,166.8,170.8485,163.35,1570
2020-06-05,166.35,168.75,169.5,162.45,3303
2020-06-08,171.9,166.05,172.95,165.15,3866
2020-06-09,167.4,158.4,167.4,158.25,4617
2020-06-10,159.0,160.35,163.1985,156.75,2025
2020-06-11,157.65,154.5,159.78,150.0,3153
2020-06-12,155.25,156.6,160.3485,155.25,1585
2020-06-15,159.0,161.4,165.15,156.0,3497
2020-06-16,163.05,166.05,169.5,162.075,2009
2020-06-17,167.4,163.8,170.4,162.45,2494
2020-06-18,164.25,164.7,168.6,160.0155,1611
2020-06-19,165.0,163.05,166.5,160.95,1995
2020-06-22,162.15,163.5,166.125,162.15,1907
2020-06-23,165.0,164.4,168.9,162.45,3078
2020-06-24,167.25,167.1,169.5,160.05,5178
2020-06-25,168.3,166.95,171.0,162.15,5350
2020-06-26,166.2,161.1,167.85,156.15,50060
2020-06-29,159.75,166.2,166.35,153.15,3454
2020-06-30,163.92,161.55,163.92,158.25,4556
2020-07-01,160.8,157.5,160.95,154.0065,6035
2020-07-02,156.9,157.05,159.75,155.1,5593
2020-07-06,157.8,151.8,157.8,149.1,5417
2020-07-07,156.15,145.5,156.15,144.0015,4699
2020-07-08,145.8,148.5,149.364,145.5,3122
2020-07-09,150.3,146.25,151.95,140.325,5773
2020-07-10,146.25,146.4,149.025,140.4,2407
2020-07-13,144.0,140.55,148.95,140.25,3569
2020-07-14,139.65,144.0,146.475,138.1905,1646
2020-07-15,145.35,148.8,149.55,144.75,2305
2020-07-16,148.05,147.45,148.275,143.4,1354
2020-07-17,147.15,153.6,154.3485,147.15,1945
2020-07-20,154.5,155.1,156.75,150.51,1402
2020-07-21,159.0,158.55,159.6,155.85,2119
2020-07-22,152.55,156.0,157.35,152.55,1833
2020-07-23,156.9,153.6,156.9,153.15,1705
2020-07-24,156.3,154.05,159.8655,153.6,1533
2020-07-27,154.5,157.5,158.55,152.7,2202
2020-07-28,158.4,154.5,158.4,154.5,569
2020-07-29,154.2,159.75,163.8,150.0,4883
2020-07-30,159.0,157.05,159.0,154.0935,537
2020-07-31,156.0015,151.95,158.55,151.5,2841
2020-08-03,151.8,152.7,156.081,151.5015,1214
2020-08-04,152.55,155.25,157.5,151.95,1510
2020-08-05,155.55,155.1,159.3795,152.1,997
2020-08-06,152.85,152.7,154.2405,150.1515,1476
2020-08-07,151.125,154.2,155.1,150.7485,1876
2020-08-10,158.139,161.55,161.55,155.385,860
2020-08-11,161.7,156.45,161.7,154.35,1387
2020-08-12,158.25,157.5,160.5,157.5,823
2020-08-13,158.85,157.05,160.95,156.15,1994
2020-08-14,157.2,158.85,158.85,153.9,344
2020-08-17,158.85,164.7,164.85,158.25,4932
2020-08-18,164.7,175.2,177.75,162.15,6266
2020-08-19,173.7,176.4,177.7515,162.3015,4640
2020-08-20,172.95,180.0,184.125,168.75,4568
2020-08-21,180.15,174.6,180.15,174.0,1558
2020-08-24,174.75,169.5,175.425,168.2205,1202
2020-08-25,170.7,169.5,171.9,168.006,1736
2020-08-26,168.3,169.05,170.85,168.3,1018
2020-08-27,169.8,166.65,171.0,163.05,1467
2020-08-28,166.2,170.4,171.6,166.2,1326
2020-08-31,170.4,166.95,170.4,164.175,2290
2020-09-01,169.05,174.6,175.65,167.1,1528
2020-09-02,174.15,177.9,179.1,165.75,1246
2020-09-03,173.25,175.2,179.6985,172.8,1704
2020-09-04,176.907,171.6,176.907,169.5,1064
2020-09-08,171.0,169.65,171.15,168.3,762
2020-09-09,170.85,175.2,179.0175,170.85,1366
2020-09-10,175.5,169.2,175.5,169.05,1802
2020-09-11,172.2,173.4,176.25,168.15,4012
2020-09-14,175.05,180.9,185.097,173.25,7088
2020-09-15,183.15,179.4,183.15,177.9,3315
2020-09-16,181.65,171.75,181.65,171.6,4303
2020-09-17,170.1,167.4,175.8,163.5,5184
2020-09-18,170.25,172.5,181.35,163.5,5937
2020-09-21,169.5,169.65,172.8,168.0,2945
2020-09-22,170.1,169.65,175.8,167.7,2748
2020-09-23,169.65,166.05,173.6985,165.75,2230
2020-09-24,167.682,163.65,167.775,162.75,996
2020-09-25,162.0,163.8,167.412,162.0,2512
2020-09-28,165.75,163.65,168.15,158.25,9848
2020-09-29,162.15,163.5,167.2485,162.15,2844
2020-09-30,162.45,162.45,163.65,160.5,6483
2020-10-01,163.95,165.15,170.1,159.75,8643
2020-10-02,165.0,164.4,166.344,162.975,5036
2020-10-05,166.35,163.65,169.05,160.5,7073
2020-10-06,164.325,161.4,164.4,157.5,5404
2020-10-07,159.9,164.4,166.5,159.096,7777
2020-10-08,163.8,158.7,166.575,155.4,9868
2020-10-09,161.85,165.6,166.2,158.7,10906
2020-10-12,77.85,67.95,82.5,66.9,451068
2020-10-13,63.075,58.05,63.15,55.05,180988
2020-10-14,58.5,59.7,61.977,58.317,57200
2020-10-15,57.0,58.65,59.1,56.4,33847
2020-10-16,58.5,57.6,58.5,56.25,25681
2020-10-19,58.65,56.85,59.625,56.4,23659
2020-10-20,55.95,54.6,56.706,54.0,19650
2020-10-21,54.75,53.4,55.0395,53.25,22672
2020-10-22,52.5,52.05,52.95,50.7,29233
2020-10-23,52.05,51.9,53.7,51.75,13406
2020-10-26,52.2,48.6,52.5,48.15,17912
2020-10-27,48.45,46.65,49.155,45.9,16260
2020-10-28,45.0,45.9,46.5,42.75,18820
2020-10-29,45.9,47.7,48.6,43.8,7113
2020-10-30,47.85,47.1,48.0,45.3,10238
2020-11-02,45.75,44.25,47.175,43.95,14124
2020-11-03,44.7,47.25,47.85,42.9,13667
2020-11-04,45.9,45.0,48.45,44.4,10776
2020-11-05,45.75,46.5,47.1,45.15,6781
2020-11-06,45.75,45.6,46.95,45.15,8173
2020-11-09,45.9,45.3,46.95,44.55,10651
2020-11-10,46.2,47.1,47.325,44.55,9207
2020-11-11,47.55,48.15,48.3,45.8835,5181
2020-11-12,47.55,48.3,48.75,46.2,7822
2020-11-13,48.9,49.35,52.05,48.75,15749
2020-11-16,50.25,50.55,51.0,48.0,9423
2020-11-17,50.25,49.8,51.3,49.8,5668
2020-11-18,50.25,50.1,50.7,49.8,6858
2020-11-19,50.7,50.4,50.7,48.9,4258
2020-11-20,49.95,50.4,52.0095,49.2,13626
2020-11-23,51.3,49.35,51.9,49.35,10208
2020-11-24,48.273,49.35,50.4,48.0,8292
2020-11-25,49.35,49.95,50.85,48.3,6072
2020-11-27,50.4,51.15,51.6,50.118,6715
2020-11-30,51.9,50.85,52.2,50.25,7991
2020-12-01,52.05,50.1,52.05,49.8,5962
2020-12-02,50.1,50.85,51.75,49.5,4339
2020-12-03,50.85,50.25,52.05,49.95,7825
2020-12-04,50.55,50.55,51.3,49.2,14004
2020-12-07,50.7,51.0,52.2,49.95,13286
2020-12-08,51.0,55.65,56.55,50.55,26918
2020-12-09,56.25,53.55,57.45,52.05,15672
2020-12-10,53.85,55.5,56.0985,52.593,10923
2020-12-11,55.35,54.75,56.4,54.3,4629
2020-12-14,55.95,54.3,56.55,52.5,9828
2020-12-15,55.05,55.05,55.5,54.0,6384
2020-12-16,55.2,55.35,56.25,54.9,4770
2020-12-17,58.8,81.75,93.75,55.5,654347
2020-12-18,73.65,94.35,109.35,71.55,270402
2020-12-21,89.85,98.25,101.4,84.3,52067
2020-12-22,99.45,99.75,100.8,92.2515,36219
2020-12-23,99.75,95.7,105.0,95.4,28156
2020-12-24,95.4,93.45,96.75,90.15,19746
2020-12-28,96.6,93.9,98.55,92.7,17058
2020-12-29,94.8,85.95,94.8,84.9,29303
2020-12-30,86.4,87.0,89.4,85.65,10701
2020-12-31,86.4,89.25,90.3,83.85,11922
2021-01-04,88.5,89.55,90.0,85.35,7457
2021-01-05,90.15,92.1,93.6,87.9,11167
2021-01-06,93.15,93.3,101.6985,90.9,20725
2021-01-07,94.5,96.45,96.75,90.75,13987
2021-01-08,96.3,93.0,99.6045,90.153,13514
2021-01-11,93.0,93.15,95.55,90.9,5331
2021-01-12,93.9,90.45,94.65,88.8,11106
2021-01-13,90.9,92.55,95.1,87.0,11528
2021-01-14,93.6,94.5,96.9,92.4,5318
2021-01-15,94.5,93.45,95.85,91.05,6446
2021-01-19,93.6,93.6,93.75,90.3,7850
2021-01-20,94.5,94.05,95.25,90.0,6301
2021-01-21,94.5,93.9,94.5,91.5,4514
2021-01-22,93.6,94.35,94.5,92.25,3939
2021-01-25,94.35,99.3,101.85,93.6,17295
2021-01-26,99.9,96.3,101.7,95.7,6467
2021-01-27,94.35,93.9,98.1,90.45,7784
2021-01-28,93.75,90.15,94.2,90.0,6112
2021-01-29,90.45,88.8,93.75,87.0,10686
2021-02-01,90.0,93.45,93.6,86.25,4833
2021-02-02,94.35,94.65,94.65,91.125,2985
2021-02-03,94.5,96.75,98.55,94.2,5163
2021-02-04,97.65,97.2,98.5485,93.9,5066
2021-02-05,98.4,97.95,98.4,95.85,10360
2021-02-08,99.0,103.95,104.7,97.5,10859
2021-02-09,103.65,107.55,115.35,103.53,12872
2021-02-10,108.15,102.6,110.7,97.8,5646
2021-02-11,103.95,102.45,105.039,99.0,4590
2021-02-12,101.85,104.55,104.7,99.588,3829
2021-02-16,81.0,80.25,85.35,76.7355,35589
2021-02-17,79.5,84.0,85.005,79.5,9838
2021-02-18,83.4,83.4,86.55,80.5635,6856
2021-02-19,82.95,80.4,85.275,79.65,5998
2021-02-22,80.55,76.8,81.075,75.15,7183
2021-02-23,74.7,73.5,76.65,69.075,7922
2021-02-24,74.7,77.7,78.9,74.7,2783
2021-02-25,76.35,74.1,77.55,73.05,2346
2021-02-26,73.05,70.5,74.25,69.9,5874
2021-03-01,74.55,77.7,79.35,73.0515,5846
2021-03-02,78.6,92.4,109.05,78.15,126686
2021-03-03,92.25,95.85,97.35,81.0,29957
2021-03-04,96.75,88.95,96.75,86.25,11173
2021-03-05,88.8,90.75,91.2,84.15,9121
2021-03-08,90.9,86.1,94.05,84.15,8558
2021-03-09,86.85,85.35,88.128,82.65,10030
2021-03-10,85.5,87.45,89.85,83.25,4222
2021-03-11,91.2,98.25,99.15,91.05,11695
2021-03-12,99.45,102.6,102.75,94.95,7465
2021-03-15,103.35,99.6,103.35,98.85,6318
2021-03-16,104.4,102.15,104.7,99.75,9549
2021-03-17,101.55,102.9,103.35,99.3,3568
2021-03-18,102.0,91.5,103.5,91.5,16520
2021-03-19,92.4,96.45,99.75,92.4,11124
2021-03-22,96.6,93.75,99.0,93.75,9159
2021-03-23,93.0,90.6,95.4,88.65,34272
2021-03-24,93.45,90.75,95.7945,90.15,14682
2021-03-25,91.35,90.3,93.8985,88.5,7792
2021-03-26,91.5,88.2,92.4,87.15,4880
2021-03-29,88.5,84.9,90.225,84.9,6617
2021-03-30,85.95,86.25,87.15,79.65,11534
2021-03-31,87.15,91.05,93.0,86.25,10657
2021-04-01,90.75,91.5,93.9,88.8,14972
2021-04-05,93.9,99.3,102.3,92.25,60329
2021-04-06,99.0,90.75,99.3,89.25,39031
2021-04-07,93.0,94.5,98.4,91.05,31738
2021-04-08,98.1,100.65,100.8,93.15,55082
2021-04-09,101.1,102.9,108.0,96.0,69012
2021-04-12,102.45,106.65,113.1,88.8,203253
2021-04-13,84.0,81.3,90.75,76.65,102010
2021-04-14,78.75,71.55,78.75,67.9515,55102
2021-04-15,72.3,69.75,72.3,67.677,21058
2021-04-16,69.75,68.1,69.75,62.1,21123
2021-04-19,67.5,67.05,68.25,63.75,16521
2021-04-20,66.75,58.65,66.75,58.65,22603
2021-04-21,59.1,68.25,69.45,57.78,31855
2021-04-22,68.4,69.6,72.3,65.7,21926
2021-04-23,70.8,72.0,72.6,67.95,14613
2021-04-26,72.0,73.5,75.9,69.75,17282
2021-04-27,73.5,75.6,77.244,71.85,13084
2021-04-28,75.75,81.9,83.25,73.95,18058
2021-04-29,82.65,78.6,83.55,76.2015,13550
2021-04-30,78.0,76.8,83.55,76.05,19826
2021-05-03,67.2,70.35,77.55,66.75,27463
2021-05-04,69.0,64.2,69.6,63.9,16811
2021-05-05,64.65,63.3,66.0,61.95,14331
2021-05-06,63.6,63.45,63.6,59.475,8508
2021-05-07,64.35,67.8,70.32,64.2,13050
2021-05-10,66.45,63.0,66.45,60.75,7909
2021-05-11,61.05,63.15,67.5,61.05,6105
2021-05-12,63.15,61.35,66.15,61.182,8094
2021-05-13,63.15,62.4,64.479,58.2,15157
2021-05-14,63.0,62.85,63.75,61.95,4529
2021-05-17,61.35,63.0,63.75,61.176,8821
2021-05-18,62.7,65.25,68.4,62.4285,7883
2021-05-19,66.0,67.5,70.65,65.25,9503
2021-05-20,67.35,65.85,67.41,63.45,6440
2021-05-21,66.15,69.6,71.4,64.35,6413
2021-05-24,69.3,68.25,69.921,66.45,4282
2021-05-25,67.8,67.95,70.35,66.6,5229
2021-05-26,66.9,68.7,69.75,65.4,5728
2021-05-27,69.75,76.05,76.5,69.195,10389
2021-05-28,76.05,74.4,77.775,73.5,5630
2021-06-01,75.0,72.75,75.15,71.4,2764
2021-06-02,72.3,70.8,74.1,69.0,6071
2021-06-03,69.9,70.65,72.723,68.25,5750
2021-06-04,70.35,68.85,71.25,66.9,3763
2021-06-07,68.85,67.2,70.65,66.15,8154
2021-06-08,67.5,66.0,68.85,65.4,6594
2021-06-09,65.4,67.5,68.7,65.4,4576
2021-06-10,66.0,65.4,69.6,65.175,13368
2021-06-11,66.0,63.15,66.8685,62.55,12035
2021-06-14,34.35,45.3,46.5,33.3,390173
2021-06-15,41.211,42.0,44.25,39.675,59880
2021-06-16,41.25,40.8,42.675,40.65,23581
2021-06-17,40.05,40.8,42.6,39.075,55599
2021-06-18,40.65,36.15,41.52,35.0145,58985
2021-06-21,37.2,36.9,38.16,36.3,22777
2021-06-22,37.05,36.3,37.5,35.85,11861
2021-06-23,36.6,36.15,37.5,36.0,16775
2021-06-24,37.95,38.4,38.8485,36.45,32558
2021-06-25,38.7,38.55,39.75,37.95,69119
2021-06-28,39.6,39.15,39.75,38.7,10777
2021-06-29,39.3,37.65,39.45,37.65,7456
2021-06-30,37.5,37.65,38.7525,36.9,7896
2021-07-01,37.65,39.75,42.15,37.65,67833
2021-07-02,40.35,37.95,40.35,37.65,11188
2021-07-06,38.25,38.25,39.1485,37.5,13062
2021-07-07,39.45,37.65,39.75,36.9,12481
2021-07-08,36.0,36.45,37.77,35.4,12943
2021-07-09,36.33,35.7,36.9,34.5,26402
2021-07-12,36.3,34.65,36.3,33.75,17118
2021-07-13,33.9,33.15,34.641,33.0,12477
2021-07-14,33.45,31.8,33.7485,30.9,14891
2021-07-15,31.95,31.05,32.85,30.75,8213
2021-07-16,31.2,28.95,31.5,28.35,28612
2021-07-19,28.8,28.8,29.1,27.45,10020
2021-07-20,28.95,30.0,30.75,28.65,8924
2021-07-21,30.3,32.85,33.45,30.3,15111
2021-07-22,32.85,31.35,32.85,30.75,6902
2021-07-23,31.35,29.55,31.35,29.25,6207
2021-07-26,29.25,27.9,29.85,27.0,6804
2021-07-27,27.3,27.75,27.9,26.25,6665
2021-07-28,29.0055,28.35,29.0055,27.15,4596
2021-07-29,28.8,27.45,28.9725,26.85,5659
2021-07-30,27.0,26.85,27.906,26.25,5021
2021-08-02,27.6,27.45,27.6795,26.85,1374
2021-08-03,27.6,27.15,28.05,26.25,7339
2021-08-04,27.6,27.0,27.654,26.7,3002
2021-08-05,27.3,26.1,27.9,25.5,11878
2021-08-06,26.1,26.4,26.7,25.8,3067
2021-08-09,26.52,28.2,28.2,26.3385,5496
2021-08-10,28.05,27.45,28.05,27.0,3327
2021-08-11,27.15,27.15,27.6,27.15,2139
2021-08-12,27.15,26.55,27.3,26.25,4416
2021-08-13,26.25,25.65,26.25,25.5,3069
2021-08-16,25.35,24.45,25.35,24.0705,4698
2021-08-17,23.85,23.55,25.05,23.2545,3459
2021-08-18,23.85,24.9,25.4355,23.7,3977
2021-08-19,24.9,24.75,25.8435,24.15,8456
2021-08-20,24.9,24.6,24.9,24.3,2479
2021-08-23,24.75,24.6,25.35,24.45,2119
2021-08-24,25.05,25.35,25.35,23.9805,4612
2021-08-25,25.35,25.35,26.142,25.1955,3320
2021-08-26,25.9905,25.65,27.15,25.35,3541
2021-08-27,25.35,25.2,25.8,22.95,15236
2021-08-30,25.05,25.8,26.55,24.75,3577
2021-08-31,25.95,27.15,27.6,25.95,5497
2021-09-01,27.45,27.0,27.45,26.115,4589
2021-09-02,27.0,26.7,27.0,25.9515,2906
2021-09-03,27.0,26.1,27.0,26.1,1766
2021-09-07,25.65,24.9,25.7925,24.9,4532
2021-09-08,24.75,25.05,26.4,24.225,8291
2021-09-09,25.35,25.5,26.1,24.924,3940
2021-09-10,25.65,26.25,26.7,24.45,6995
2021-09-13,26.25,26.25,26.7825,25.5,3154
2021-09-14,26.4,25.95,26.4,25.5,1968
2021-09-15,25.65,24.9,25.95,24.3,2803
2021-09-16,24.9,24.9,25.35,24.6,2651
2021-09-17,24.6,24.75,24.75,23.4,8595
2021-09-20,24.3,22.95,24.3,22.5,6935
2021-09-21,22.95,23.25,23.643,22.5,3345
2021-09-22,23.1,22.95,23.4,22.65,3000
2021-09-23,23.1,23.7,23.7,22.8,1099
2021-09-24,24.15,23.4,24.75,22.95,2151
2021-09-27,23.1,24.3,24.75,22.95,3293
2021-09-28,24.6,23.25,24.9,22.95,4512
2021-09-29,22.95,22.2,23.25,21.825,5863
2021-09-30,22.95,22.35,23.25,22.2,2979
2021-10-01,22.65,22.8,22.95,22.5,1580
2021-10-04,23.1,21.45,23.1,21.3,2719
2021-10-05,21.6,20.55,21.6,20.1,3042
2021-10-06,20.4,19.5,20.4,19.05,2856
2021-10-07,19.8,20.25,20.7,19.5,2159
2021-10-08,20.1,19.95,21.0,19.65,1268
2021-10-11,19.8,19.65,20.25,19.5,847
2021-10-12,19.95,19.65,20.25,19.2,2225
2021-10-13,19.2,19.5,20.1,19.2,1813
2021-10-14,19.95,19.425,19.95,19.2,1893
2021-10-15,19.35,19.05,19.8,19.05,3242
2021-10-18,19.35,18.9,19.35,18.75,4762
2021-10-19,18.75,19.2,19.2,18.75,1997
2021-10-20,19.2,19.05,19.35,18.75,2431
2021-10-21,19.35,19.95,19.95,19.266,2725
2021-10-22,19.65,18.9,20.0805,18.75,4208
2021-10-25,20.25,23.7,23.85,20.1975,25676
2021-10-26,24.0,23.25,24.525,22.65,7688
2021-10-27,23.1,23.7,23.85,22.8,3300
2021-10-28,24.0,24.15,24.3,23.55,4188
2021-10-29,24.15,23.7,24.435,23.4,2471
2021-11-01,23.7,23.85,23.91,23.25,2723
2021-11-02,24.15,24.45,24.45,23.25,5340
2021-11-03,24.15,24.3,24.6,24.15,2136
2021-11-04,24.45,24.9,25.2,23.85,3725
2021-11-05,25.2,26.697,26.7,24.429,7040
2021-11-08,24.3,25.8,26.6985,24.3,5421
2021-11-09,26.85,23.7,27.75,22.65,8477
2021-11-10,20.25,19.35,20.7,18.9,117108
2021-11-11,19.05,20.1,20.1,19.05,10298
2021-11-12,19.8,20.7,21.315,19.2,25057
2021-11-15,20.55,20.55,20.607,19.674,12351
2021-11-16,20.1,20.7,20.7,19.8,8622
2021-11-17,20.7,20.4,20.8485,20.259,9430
2021-11-18,20.55,18.9,20.55,18.3,8188
2021-11-19,19.05,18.3,19.719,18.3,4537
2021-11-22,18.6,17.7,18.6,17.25,7554
2021-11-23,17.5515,16.5,18.0,15.8685,8735
2021-11-24,16.05,16.65,16.8,15.3,5964
2021-11-26,15.9,16.65,17.2485,15.9,1537
2021-11-29,18.0,25.5,26.85,17.4,1009161
2021-11-30,21.75,21.15,22.35,18.3,194333
2021-12-01,20.55,19.95,21.75,19.725,33307
2021-12-02,19.65,18.9,20.55,17.25,39512
2021-12-03,18.75,19.65,19.8,18.255,16241
2021-12-06,19.8,17.85,20.4,17.7,39291
2021-12-07,18.0,18.45,19.3485,17.25,16457
2021-12-08,18.15,18.45,18.9,17.55,10052
2021-12-09,18.15,18.75,18.9,17.85,5064
2021-12-10,18.75,19.8,19.8,18.0,14058
2021-12-13,15.9,15.0,15.9,15.0,121563
2021-12-14,15.0,15.3,15.825,15.0,32724
2021-12-15,15.0,13.6515,15.3,13.65,35293
2021-12-16,14.1,14.34,14.3685,13.5,13083
2021-12-17,14.013,13.9515,14.2305,13.5,12069
2021-12-20,14.0565,13.719,14.0565,13.509,10372
2021-12-21,13.815,14.2275,14.466,13.5,13153
2021-12-22,14.1,14.2515,14.55,13.9815,12683
2021-12-23,14.25,15.2985,15.6,14.25,16059
2021-12-27,15.0,14.7,15.0,14.1945,13157
2021-12-28,14.7435,14.346,15.45,13.503,23805
2021-12-29,14.6235,13.311015,14.6235,13.2,26872
2021-12-30,13.305,13.215,13.95,13.2015,23393
2021-12-31,13.215,13.62,13.9485,13.215,10485
2022-01-03,13.65,14.407515,14.7,13.5,4648
2022-01-04,14.55,13.95,14.6985,13.666515,4039
2022-01-05,14.1,13.41,14.28675,13.2795,20687
2022-01-06,13.797,13.44,13.8105,13.2,11783
2022-01-07,13.2405,13.425015,14.0985,13.2345,7117
2022-01-10,13.5,12.8865,13.5,12.75,12751
2022-01-11,12.750015,13.5,14.025,12.750015,11368
2022-01-12,13.5,13.689,14.025,12.765,9514
2022-01-13,13.35,13.2345,14.0205,13.05,4715
2022-01-14,13.2015,13.2,13.647,13.05,7571
2022-01-18,13.35,12.15,13.5,11.85,15935
2022-01-19,12.45,12.447,12.975,12.012,8146
2022-01-20,12.0375,11.025,13.05,10.77,7274
2022-01-21,11.25,10.35,11.324985,9.375735,34632
2022-01-24,9.6,9.5475,10.348485,9.0165,11418
2022-01-25,9.9,10.8,11.7,9.898485,4580
2022-01-26,10.959,10.74,11.448,10.5,4953
2022-01-27,11.232,10.35,11.232,10.35,5380
2022-01-28,10.2,10.65,11.85,9.807,6789
2022-01-31,10.8,10.968,11.1,10.104,6906
2022-02-01,12.7395,11.595,12.7395,10.59,13521
2022-02-02,11.7,11.1225,11.9565,10.845,1353
2022-02-03,10.5165,11.151,11.3055,10.5165,5348
2022-02-04,11.7,11.1945,11.7,10.734,3536
2022-02-07,11.4,10.831515,12.225,10.8,9529
2022-02-08,11.0955,10.9575,11.979,10.8,7241
2022-02-09,11.25,10.6515,11.325,10.2075,18663
2022-02-10,10.6515,8.9235,10.866,7.962,36275
2022-02-11,9.564,9.294,10.95,8.625,27605
2022-02-14,9.2775,9.15,9.888,8.475,31253
2022-02-15,9.15,8.424,9.3,8.4,196
2022-02-16,4.8,4.695,5.85,4.35,420408
2022-02-17,4.35,4.419,4.874985,4.35,94443
2022-02-18,4.35,3.945,4.404,3.7515,48424
2022-02-22,3.9,3.525,3.9435,3.4635,36704
2022-02-23,3.45,3.2265,3.636,3.1815,24849
2022-02-24,3.0,3.675,3.87,3.0,33942
2022-02-25,3.564,3.75,3.926235,3.45,46015
2022-02-28,3.9,5.0985,5.0985,3.4905,251219
2022-03-01,8.4765,9.099,18.75,8.4765,13924440
2022-03-02,9.72,9.9,11.7,8.1,2053842
2022-03-03,8.7015,9.5355,10.0185,8.415,497729
2022-03-04,9.63,12.6345,13.4535,9.3765,1373005
2022-03-07,11.2245,11.475,12.4455,10.56,326983
2022-03-08,9.7965,10.9425,11.249985,9.0,207764
2022-03-09,10.4985,10.194,12.201,9.9,157542
2022-03-10,10.047,10.8915,11.2335,9.945,51722
2022-03-11,11.247,10.6425,14.4,10.2375,272330
2022-03-14,10.185,10.3755,10.5,9.0,44988
2022-03-15,10.1985,10.395,10.95,9.993,34266
2022-03-16,11.1,10.011,11.1,9.1095,80948
2022-03-17,9.75,10.275,10.425,9.4515,27279
2022-03-18,10.314,10.209,11.1,10.209,40816
2022-03-21,9.9165,10.6395,10.8,9.9,54758
2022-03-22,10.2,10.1985,10.65,9.9765,17300
2022-03-23,10.275,10.4775,10.7895,10.05,17584
2022-03-24,10.5,9.666,10.5,9.45,27083
2022-03-25,9.4485,9.219,9.45,9.15,17774
2022-03-28,9.6525,7.275,9.6525,7.0845,58573
2022-03-29,7.377,7.602,7.95,7.3755,17025
2022-03-30,7.5,7.707,7.935,7.5,9363
2022-03-31,7.5,7.2225,7.8543,6.945,15665
2022-04-01,7.2255,6.45,7.35,6.045,19137
2022-04-04,6.7545,6.9495,7.491,6.451515,82853
2022-04-05,7.215,7.0515,7.8645,6.9,76321
2022-04-06,7.05,6.8775,7.2,6.6,17129
2022-04-07,6.855,6.2895,6.875985,6.15,24332
2022-04-08,6.8265,7.2,7.275,6.5595,19290
2022-04-11,6.81,6.2535,7.2045,6.225,31235
2022-04-12,6.093,6.576,7.2,6.075,22432
2022-04-13,7.05,7.38,8.2695,6.576,68093
2022-04-14,7.5,7.203,7.95,7.1175,29541
2022-04-18,7.1355,7.101,7.3515,7.0995,5824
2022-04-19,7.392,7.1265,7.8645,6.975,7934
2022-04-20,7.35,8.3865,8.52,7.0425,42897
2022-04-21,8.25,7.653,8.6625,7.65,29712
2022-04-22,7.9155,7.185,7.9485,7.0605,8544
2022-04-25,7.143,7.1355,7.3005,7.05,12235
2022-04-26,7.0515,6.5175,7.1355,6.1635,13423
2022-04-27,6.225,5.5455,6.495,5.25,82186
2022-04-28,5.7,5.535,5.8215,5.265,21662
2022-04-29,5.535,5.5455,5.685,5.3115,7381
2022-05-02,5.775,5.25,5.775,5.1,7352
2022-05-03,5.25,5.5455,5.67,5.25,5637
2022-05-04,5.1,5.2545,5.67,4.5465,39854
2022-05-05,5.58,5.1015,5.799,4.8765,23232
2022-05-06,5.0835,5.061,5.25,4.8,18159
2022-05-09,5.1,4.7085,5.25,4.101,30195
2022-05-10,4.65,4.6965,4.935,4.512,5838
2022-05-11,4.8,4.77,5.22,4.5,16307
2022-05-12,4.773,4.950015,5.421,4.5015,14076
2022-05-13,4.8,5.07,5.253735,4.53,12013
2022-05-16,4.9185,4.9815,5.07,4.8045,2027
2022-05-17,4.653,5.0685,5.1,4.653,9480
2022-05-18,5.25,4.6935,5.25,4.689,4389
2022-05-19,4.6515,4.6515,5.22,4.563,6414
2022-05-20,4.9485,4.365,4.9485,4.35,6053
2022-05-23,4.365,4.4025,4.8,4.35,14731
2022-05-24,4.485,4.086,4.905,4.05,16893
2022-05-25,4.068,3.8115,4.086,3.7665,14302
2022-05-26,3.984,3.78,4.275,3.78,9102
2022-05-27,3.885,3.903,4.0515,3.78,10028
2022-05-31,4.32,4.2,4.8,3.9075,11524
2022-06-01,3.9015,4.1805,4.785,3.9015,14068
2022-06-02,4.125,4.0575,4.575,4.05,9505
2022-06-03,4.068,4.35,4.35,4.068,4132
2022-06-06,4.071,4.23,4.575,4.071,3148
2022-06-07,4.4415,4.275,4.536,3.9,5798
2022-06-08,3.9,4.1055,4.4685,3.9,15544
2022-06-09,4.1535,4.77,5.001015,3.9015,104431
2022-06-10,4.785,4.1325,5.175,3.9375,38206
2022-06-13,3.75,3.9,4.182,3.75,13330
2022-06-14,3.9705,3.8445,4.3455,3.75,24027
2022-06-15,3.8685,4.02,4.275,3.7545,26592
2022-06-16,3.8115,3.645,3.99,3.42,14538
2022-06-17,3.675,3.75,3.885,3.603,5643
2022-06-21,3.75,3.9,3.9,3.675,9381
2022-06-22,3.9,3.6795,4.02,3.6795,9039
2022-06-23,3.8625,3.7695,3.9,3.6825,3176
2022-06-24,3.7695,3.3,4.0185,3.3,22128
2022-06-27,3.45,3.6255,3.9,3.45,31132
2022-06-28,3.6,3.675,3.825,3.4515,9987
2022-06-29,3.75,4.8525,5.97,3.642,237417
2022-06-30,4.8,4.0395,4.8,3.8955,35449
2022-07-01,4.11,3.783,4.2525,3.759,14528
2022-07-05,3.75,3.9,4.1955,3.622515,7443
2022-07-06,4.0095,3.948,4.0755,3.75,23731
2022-07-07,4.1265,4.269,4.35,3.948,17632
2022-07-08,4.263,4.2195,4.2675,4.065,11162
2022-07-11,4.2,4.272,4.5,4.0515,10322
2022-07-12,4.059,4.1595,4.35,3.834,10947
2022-07-13,3.7845,4.0665,4.2135,3.7845,3044
2022-07-14,3.903,3.9855,4.17,3.9,2430
2022-07-15,3.984,4.0035,4.02,3.975,1352
2022-07-18,4.05,4.83,5.2635,3.765,57771
2022-07-19,6.15,4.5315,6.15,4.2885,26378
2022-07-20,4.5015,4.5915,4.935,4.5,5430
2022-07-21,4.7235,4.65,5.25,4.5,10762
2022-07-22,4.65,4.374,4.662,4.2015,8875
2022-07-25,4.332,4.0635,4.416,4.056,3376
2022-07-26,4.2375,4.0875,4.2375,3.858,5060
2022-07-27,4.2915,4.035,4.2915,3.9,2382
2022-07-28,3.9555,3.8775,4.1616,3.75,14984
2022-07-29,3.8865,3.846,4.185,3.765,8025
2022-08-01,3.534,3.529515,3.9,3.45,15147
2022-08-02,3.744,3.678,3.843015,3.4515,4847
2022-08-03,3.7665,3.918,4.05,3.678,8937
2022-08-04,3.9825,4.0905,4.2,3.796515,10613
2022-08-05,4.23,4.0995,4.23,3.9,3833
2022-08-08,4.1115,4.35,4.4985,3.915,13531
2022-08-09,4.119,4.3185,5.25,4.119,26288
2022-08-10,4.1895,4.4385,4.4805,4.05,7759
2022-08-11,4.44,4.3755,4.44,4.2225,3198
2022-08-12,4.391985,4.335,4.41,4.05,5874
2022-08-15,4.5,4.3845,4.536,4.2,20532
2022-08-16,4.53,4.428,4.53,4.3545,4740
2022-08-17,4.005,4.38,4.4445,4.005,8298
2022-08-18,4.2405,4.0515,4.3095,3.9315,2225
2022-08-19,4.3335,4.227,4.3335,3.9375,3940
2022-08-22,4.05,3.69,4.05,3.68679,15565
2022-08-23,3.75,3.873,4.048485,3.75,4485
2022-08-24,3.861,3.84,3.8715,3.834,1495
2022-08-25,3.75,4.32,4.35,3.705,59805
2022-08-26,3.9825,3.8805,4.3035,3.78,14326
2022-08-29,3.78,3.7665,3.9645,3.7515,6326
2022-08-30,4.35,3.7575,4.35,3.6,14546
2022-08-31,3.8235,3.612,3.828,3.6,6697
2022-09-01,3.3,3.48,3.6225,3.3,12378
2022-09-02,3.608985,3.4185,3.6105,3.0375,2596
2022-09-06,3.15,3.45,3.561,3.15,11782
2022-09-07,3.375,3.381,3.435,3.2625,4730
2022-09-08,3.2445,3.345,5.4,3.2445,223762
2022-09-09,3.6,3.675,3.75,3.15,46215
2022-09-12,3.84,3.4515,3.84,3.3015,25064
2022-09-13,3.336,3.4725,3.6525,3.0195,52041
2022-09-14,3.6525,5.343,8.85,3.3795,4363745
2022-09-15,4.65,4.005,4.65,3.8985,282657
2022-09-16,4.1985,3.918,4.1985,3.48,81036
2022-09-19,3.87,3.225,3.87,3.1515,58043
2022-09-20,3.45,3.366,3.6,3.3,41448
2022-09-21,3.366,3.2055,3.4065,3.15,34835
2022-09-22,3.225,6.6,8.25,3.165,3252927
2022-09-23,6.15,4.5,6.35,3.62,5738615
2022-09-26,4.38,3.52,4.38,3.48,511137
2022-09-27,5.76,7.26,11.12,5.56,58624016
2022-09-28,6.11,6.45,7.9299,6.05,4881288
2022-09-29,6.6,7.25,8.38,6.33,8610004
2022-09-30,7.26,10.08,12.31,7.25,27388000
2022-10-03,13.97,11.51,15.51,11.35,16028652
2022-10-04,14.92,14.5,16.65,12.54,10494683
2022-10-05,10.17,8.47,10.5,8.1197,2725247
2022-10-06,7.6,6.29,8.42,6.14,2708440
2022-10-07,2.475,2.66,3.07,2.45,11909146
2022-10-10,2.73,2.58,2.78,2.2901,2296569
2022-10-11,2.45,2.84,2.99,2.32,3381837
2022-10-12,2.75,2.54,2.75,2.38,2140015
2022-10-13,2.49,2.43,2.8,2.31,4086541
2022-10-14,3.32,3.33,4.06,3.08,55239075
2022-10-17,3.38,3.39,3.75,3.17,10907413
2022-10-18,3.95,3.65,4.24,3.47,22543172
2022-10-19,3.51,3.18,3.53,3.02,3636085
2022-10-20,3.1,3.1,3.35,3.0,1750418
2022-10-21,2.87,2.73,2.92,2.69,1246194
2022-10-24,2.69,2.5,2.7,2.38,1079943
2022-10-25,2.47,2.77,2.86,2.46,1112836
2022-10-26,2.67,2.69,2.79,2.62,639841
2022-10-27,2.62,2.6,2.6934,2.56,454865
2022-10-28,2.58,2.52,2.63,2.45,425952
2022-10-31,2.5,2.39,2.5,2.36,407670
2022-11-01,2.41,2.35,2.47,2.31,377487
2022-11-02,2.35,2.15,2.35,2.12,756080
2022-11-03,2.15,1.99,2.17,1.9784,318921
2022-11-04,1.95,1.78,1.97,1.73,687002
2022-11-07,1.78,1.67,1.7801,1.65,240045
2022-11-08,1.8,1.66,1.92,1.581,1738164
2022-11-09,1.64,1.88,2.08,1.42,3105159
2022-11-10,1.68,2.11,2.1888,1.61,1227832
2022-11-11,2.0,1.89,2.05,1.835,361766
2022-11-14,1.91,1.82,1.91,1.79,283168
2022-11-15,1.75,1.66,1.8,1.64,305147
2022-11-16,1.65,1.79,2.0,1.6107,1309487
2022-11-17,1.66,1.59,1.71,1.53,592104
2022-11-18,1.62,1.53,1.65,1.52,222272
2022-11-21,1.55,1.46,1.55,1.43,208639
2022-11-22,1.46,1.43,1.49,1.3896,187931
2022-11-23,1.46,1.46,1.52,1.42,268073
2022-11-25,1.46,1.41,1.5099,1.36,175924
2022-11-28,1.42,1.37,1.45,1.35,112584
2022-11-29,1.34,1.31,1.44,1.3,215962
2022-11-30,1.3,1.34,1.36,1.24,153940
2022-12-01,1.34,1.42,1.56,1.32,850124
2022-12-02,1.44,1.48,1.53,1.38,273478
2022-12-05,1.54,1.5,1.58,1.465,240860
2022-12-06,1.5,1.52,1.54,1.36,276293
2022-12-07,1.52,1.48,1.5386,1.37,262782
2022-12-08,1.52,1.46,1.52,1.42,204622
2022-12-09,1.46,1.39,1.47,1.35,197022
2022-12-12,1.4,1.37,1.4,1.32,71452
2022-12-13,1.32,1.36,1.39,1.31,118307
2022-12-14,1.3763,1.31,1.3763,1.29,194900
2022-12-15,1.32,1.24,1.3263,1.23,183732
2022-12-16,1.26,1.24,1.3,1.2201,129632
2022-12-19,1.23,1.15,1.25,1.15,113047
2022-12-20,1.16,1.32,1.38,1.14,239382
2022-12-21,1.39,1.46,1.53,1.28,349042
2022-12-22,1.4,1.31,1.78,1.06,1167269
2022-12-23,1.35,1.22,1.397,1.19,329113
2022-12-27,1.2,1.22,1.33,1.2,102683
2022-12-28,1.2,1.16,1.2625,1.12,314949
2022-12-29,1.17,1.2,1.209,1.15,149608
2022-12-30,1.21,1.16,1.2222,1.09,204359
2023-01-03,1.16,1.17,1.1999,1.13,215191
2023-01-04,1.18,1.2,1.2299,1.17,162917
2023-01-05,1.1803,1.27,1.27,1.17,188322
2023-01-06,1.23,1.16,1.2499,1.14,197062
2023-01-09,1.2,1.14,1.2,1.09,140740
2023-01-10,1.13,1.13,1.22,1.12,143676
2023-01-11,1.16,1.17,1.22,1.12,234933
2023-01-12,1.19,1.17,1.19,1.15,102807
2023-01-13,1.2,1.22,1.25,1.1658,164981
2023-01-17,1.25,1.99,2.29,1.25,21007275
2023-01-18,2.16,1.57,2.35,1.57,12894680
2023-01-19,1.56,1.49,1.66,1.44,1282108
2023-01-20,1.42,1.5,1.58,1.345,599099
2023-01-23,1.38,1.59,1.7,1.35,693740
2023-01-24,1.61,1.59,1.6899,1.51,264269
2023-01-25,1.47,1.57,1.59,1.47,206665
2023-01-26,1.52,1.55,1.59,1.52,107494
2023-01-27,1.54,1.38,1.6,1.33,1027052
2023-01-30,1.38,1.32,1.3801,1.32,271537
2023-01-31,1.32,1.38,1.38,1.3,335431
2023-02-01,1.37,1.34,1.3743,1.31,196279
2023-02-02,1.35,1.37,1.3801,1.33,176008
2023-02-03,1.36,1.38,1.435,1.34,249273
2023-02-06,1.36,1.34,1.3899,1.3,189105
2023-02-07,1.34,1.31,1.34,1.3,90214
2023-02-08,1.33,1.29,1.36,1.28,172169
2023-02-09,1.27,1.21,1.32,1.16,290479
2023-02-10,1.2,1.21,1.2401,1.18,98429
2023-02-13,1.23,1.2,1.2369,1.18,70480
2023-02-14,1.1813,1.2,1.2299,1.18,81601
2023-02-15,1.2,1.24,1.27,1.19,86018
2023-02-16,1.2399,1.27,1.2899,1.22,35171
2023-02-17,1.2501,1.24,1.2566,1.2214,29134
2023-02-21,1.23,1.2,1.3,1.185,112183
2023-02-22,1.2,1.16,1.205,1.12,92528
2023-02-23,1.2,1.15,1.2,1.1309,59697
2023-02-24,1.14,1.12,1.18,1.1,126653
2023-02-27,1.14,1.13,1.15,1.11,50111
2023-02-28,1.14,1.11,1.15,1.1,46556
2023-03-01,1.12,1.12,1.14,1.1,121302
2023-03-02,1.27,1.14,1.29,1.06,5382502
2023-03-03,1.12,1.06,1.12,0.983,672740
2023-03-06,1.03,1.07,1.095,1.02,257281
2023-03-07,1.05,1.06,1.0611,1.03,70382
2023-03-08,1.03,1.04,1.09,1.03,2354496
2023-03-09,1.19,1.22,1.31,1.11,6733864
2023-03-10,1.25,1.11,1.25,1.02,1190975
2023-03-13,1.04,1.13,1.2,1.03,581925
2023-03-14,1.12,1.18,1.21,1.1,367957
2023-03-15,1.15,1.17,1.195,1.129,149288
2023-03-16,1.1967,1.15,1.2,1.13,91199
2023-03-17,1.12,1.11,1.12,1.06,200810
2023-03-20,1.12,1.06,1.1399,1.02,127726
2023-03-21,1.05,1.05,1.07,1.04,102136
2023-03-22,1.05,1.06,1.1127,1.02,128542
2023-03-23,1.03,1.05,1.09,1.03,118975
2023-03-24,1.05,1.06,1.09,1.03,122004
2023-03-27,1.06,1.08,1.18,1.0459,144304
2023-03-28,1.07,1.06,1.1,1.04,53435
2023-03-29,1.08,1.1,1.1085,1.07,47793
2023-03-30,1.09,1.1,1.15,1.0801,43864
2023-03-31,1.101,1.165,1.17,1.1,192304
2023-04-03,1.14,1.1801,1.27,1.1104,573850
2023-04-04,1.22,1.25,1.26,1.22,297093
2023-04-05,1.27,1.2899,1.36,1.27,608875
2023-04-06,1.29,1.24,1.33,1.18,282461
2023-04-10,1.24,1.2288,1.3,1.19,221855
2023-04-11,1.2,1.16,1.22,1.15,119397
2023-04-12,1.17,1.14,1.1987,1.1099,133398
2023-04-13,1.13,1.16,1.19,1.12,66858
2023-04-14,1.17,1.09,1.17,1.05,128153
2023-04-17,1.1499,1.15,1.17,1.1101,4463781
2023-04-18,1.22,1.08,1.28,1.05,2483679
2023-04-19,1.06,1.08,1.0905,1.04,378873
2023-04-20,1.04,1.04,1.09,1.0,397877
2023-04-21,1.02,1.03,1.06,1.02,261503
2023-04-24,1.04,0.9744,1.04,0.9601,300353
2023-04-25,0.9602,0.909,0.989899,0.89,455031
2023-04-26,0.89,0.91,0.93,0.89,270216
2023-04-27,0.8741,0.95,0.95,0.8741,617311
2023-04-28,0.9,0.9499,0.95,0.9,180156
2023-05-01,0.9214,0.9835,1.0,0.9003,180375
2023-05-02,0.9835,0.9739,1.03,0.9505,134322
2023-05-03,0.9603,1.01,1.05,0.9603,172500
2023-05-04,0.9848,1.0229,1.0381,0.9804,95386
2023-05-05,1.03,1.02,1.05,0.99,103688
2023-05-08,1.02,1.02,1.04,1.0,62359
2023-05-09,1.03,1.015,1.04,1.0,53849
2023-05-10,1.0,1.04,1.04,1.0,67875
2023-05-11,1.03,1.03,1.04,1.0,72308
2023-05-12,1.03,1.065,1.08,1.01,140147
2023-05-15,1.08,1.07,1.08,1.0201,83959
2023-05-16,1.07,1.07,1.07,1.04,41921
2023-05-17,1.07,1.08,1.08,1.05,68650
2023-05-18,1.06,1.05,1.08,1.05,33302
2023-05-19,1.07,1.065,1.08,1.05,27649
