2021-10-29,14.1,14.8,18.37,14.0,1573558
2021-11-01,14.85,15.3,16.9,14.46,433375
2021-11-02,15.06,17.21,21.0,15.0201,619594
2021-11-03,17.01,17.83,18.72,15.52,197496
2021-11-04,17.82,18.31,19.85,17.5,207681
2021-11-05,19.7213,18.69,21.485,17.2201,212211
2021-11-08,18.5,15.8,20.0483,15.8,274267
2021-11-09,16.05,17.15,17.47,16.05,94359
2021-11-10,17.0,16.26,17.29,16.0,106833
2021-11-11,16.71,17.25,17.69,16.475,86704
2021-11-12,17.23,17.49,18.305,17.0604,85768
2021-11-15,16.8775,20.7,20.84,16.8775,217226
2021-11-16,20.39,24.89,26.16,20.345,234176
2021-11-17,24.88,23.99,25.2175,23.141,147529
2021-11-18,23.83,22.31,24.555,21.78,94645
2021-11-19,22.35,22.5,24.0,21.38,69474
2021-11-22,22.5,19.82,23.17,18.5,121944
2021-11-23,19.82,17.95,21.585,17.02,101936
2021-11-24,18.62,19.99,22.7909,17.7,301179
2021-11-26,19.24,22.62,22.97,18.53,84954
2021-11-29,22.2,17.75,22.2,16.6101,189636
2021-11-30,18.06,17.44,18.75,16.65,47677
2021-12-01,18.0,18.11,18.75,17.2,73055
2021-12-02,17.97,19.14,19.34,17.685,74823
2021-12-03,18.85,18.61,18.99,17.075,54397
2021-12-06,19.0,16.56,19.0,16.04,77025
2021-12-07,16.51,15.7,17.63,15.0,207891
2021-12-08,15.7,16.56,17.15,15.2,149898
2021-12-09,16.98,17.2,17.3485,16.11,52089
2021-12-10,16.0289,17.25,17.3,16.0289,28653
2021-12-13,17.0,16.45,17.21,15.805,59341
2021-12-14,16.465,17.0,17.59,15.84,96383
2021-12-15,17.55,18.26,19.11,16.426,84438
2021-12-16,17.83,18.13,19.27,17.48,120281
2021-12-17,17.94,16.11,18.34,15.25,715332
2021-12-20,15.37,14.76,16.595,13.5,460720
2021-12-21,14.57,15.01,15.23,14.28,126372
2021-12-22,14.99,15.32,15.75,14.92,52398
2021-12-23,15.4,16.04,16.51,15.125,31718
2021-12-27,16.1,17.61,17.61,15.5211,35196
2021-12-28,17.61,16.18,17.99,15.99,34273
2021-12-29,16.14,16.51,16.51,15.75,26767
2021-12-30,16.35,16.62,16.99,15.84,19132
2021-12-31,16.33,16.98,17.26,16.33,28746
2022-01-03,17.32,18.79,18.99,16.925,33630
2022-01-04,18.59,18.94,19.67,18.0101,89592
2022-01-05,18.37,17.3,18.91,17.11,15447
2022-01-06,17.4,18.25,18.3,16.472,12365
2022-01-07,18.61,16.93,18.85,16.73,12533
2022-01-10,17.0,17.73,17.95,16.48,8754
2022-01-11,17.95,17.59,17.95,16.91,10377
2022-01-12,17.87,15.94,17.87,15.94,14158
2022-01-13,16.73,16.45,16.8,15.87,19880
2022-01-14,16.0,16.4,16.4,15.8,18518
2022-01-18,16.39,16.26,16.4,15.8645,8086
2022-01-19,16.66,19.5,19.5,16.38,99280
2022-01-20,19.99,18.16,19.99,17.78,35583
2022-01-21,17.98,17.81,18.34,16.74,24300
2022-01-24,17.51,18.01,18.25,17.3,48724
2022-01-25,18.2,17.87,19.0243,17.71,14443
2022-01-26,18.34,17.69,18.34,17.41,14797
2022-01-27,17.69,17.76,19.09,17.51,9297
2022-01-28,17.85,17.75,18.44,17.58,7162
2022-01-31,18.07,18.25,18.25,17.1533,14021
2022-02-01,18.42,18.22,18.5384,17.355,13206
2022-02-02,18.42,17.81,18.42,17.68,12049
2022-02-03,17.78,18.2,18.4,17.3,42335
2022-02-04,18.2762,18.04,18.2762,17.76,4431
2022-02-07,17.91,19.11,19.23,17.9,14865
2022-02-08,19.0,18.19,19.0,17.85,22982
2022-02-09,17.85,18.11,18.28,17.5,9613
2022-02-10,17.62,18.33,18.97,17.535,12245
2022-02-11,18.38,17.82,18.93,17.63,24482
2022-02-14,17.53,18.56,19.78,17.53,27750
2022-02-15,19.8388,20.99,21.4,18.6,40665
2022-02-16,20.52,21.99,21.99,20.52,22098
2022-02-17,21.99,20.0,22.35,20.0,34403
2022-02-18,19.85,17.9,20.09,17.395,35884
2022-02-22,17.6012,19.16,19.36,17.292,26016
2022-02-23,19.03,19.17,20.2527,18.285,36336
2022-02-24,17.68,19.01,19.415,17.63,16674
2022-02-25,20.5,18.21,20.52,18.1,38546
2022-02-28,18.61,17.9,19.0932,17.5,36420
2022-03-01,18.3033,18.78,19.5342,18.04,29035
2022-03-02,18.59,18.54,18.88,17.485,71273
2022-03-03,18.72,18.35,19.32,17.94,32950
2022-03-04,18.5479,18.99,19.61,17.81,30957
2022-03-07,18.76,18.22,19.46,17.87,33624
2022-03-08,17.95,17.9,19.4,17.85,8811
2022-03-09,18.31,18.94,19.05,18.02,18417
2022-03-10,18.9,19.03,19.19,18.19,22775
2022-03-11,19.43,19.22,20.38,18.82,25952
2022-03-14,19.34,19.83,20.3,18.879,22132
2022-03-15,19.83,21.53,21.9,19.35,21711
2022-03-16,21.9,22.31,23.39,21.23,40827
2022-03-17,21.75,21.06,23.0261,20.665,28129
2022-03-18,22.02,22.0,22.94,19.17,86644
2022-03-21,22.48,21.66,22.98,20.885,47983
2022-03-22,21.39,21.48,22.3901,20.2101,51903
2022-03-23,22.31,20.51,22.31,20.51,112951
2022-03-24,20.18,21.16,21.16,20.18,18335
2022-03-25,21.395,21.17,21.99,20.99,11603
2022-03-28,21.95,23.34,23.34,21.63,9693
2022-03-29,23.82,22.0,24.0796,21.21,28938
2022-03-30,21.73,22.99,23.55,21.075,21707
2022-03-31,22.56,22.0,22.88,21.62,19574
2022-04-01,22.43,21.86,22.68,21.191,14791
2022-04-04,21.89,21.51,22.61,20.3881,42069
2022-04-05,22.95,21.25,22.95,20.735,24305
2022-04-06,21.2,21.0,22.05,20.75,34865
2022-04-07,19.994,19.72,21.18,19.0698,42882
2022-04-08,19.05,19.24,19.755,18.13,79358
2022-04-11,18.79,17.1,18.79,16.33,56515
2022-04-12,18.28,16.96,18.28,16.71,64384
2022-04-13,16.78,18.26,18.46,16.78,28811
2022-04-14,18.26,17.85,19.16,17.08,63686
2022-04-18,17.75,17.51,18.69,16.73,35295
2022-04-19,17.23,17.75,17.98,17.04,20049
2022-04-20,18.19,17.96,18.19,17.39,49329
2022-04-21,17.84,17.13,17.84,16.93,22643
2022-04-22,17.3,16.88,18.02,16.5,46432
2022-04-25,16.62,17.56,17.93,16.51,20564
2022-04-26,17.23,18.04,18.92,16.545,48910
2022-04-27,16.9,16.21,17.455,16.0,86029
2022-04-28,16.22,15.95,16.52,15.25,78546
2022-04-29,15.95,16.96,17.9,15.22,88948
2022-05-02,16.85,17.87,17.87,16.15,20400
2022-05-03,17.64,17.73,17.75,16.79,36339
2022-05-04,17.51,17.92,18.21,16.92,40449
2022-05-05,17.61,17.91,18.06,16.92,64062
2022-05-06,17.62,17.9,18.11,16.63,54893
2022-05-09,17.93,15.94,17.93,15.5,42947
2022-05-10,15.81,16.66,17.27,15.81,60666
2022-05-11,16.35,15.77,16.785,15.25,51807
2022-05-12,15.175,15.63,16.16,15.175,20512
2022-05-13,16.14,16.54,17.7,15.25,69940
2022-05-16,16.73,16.32,17.2,16.0,37331
2022-05-17,16.75,17.05,17.5725,16.545,32776
2022-05-18,16.95,17.2,17.54,16.95,18659
2022-05-19,16.693,17.66,17.97,16.693,63529
2022-05-20,17.94,17.02,18.16,16.07,89624
2022-05-23,16.94,17.28,17.805,16.94,63586
2022-05-24,17.225,16.765,17.225,16.25,63146
2022-05-25,16.36,16.5,16.765,16.25,48070
2022-05-26,16.38,16.48,17.1,16.35,65021
2022-05-27,16.34,17.01,17.27,16.26,57054
2022-05-31,16.81,17.47,17.53,16.7,45320
2022-06-01,17.36,16.41,17.675,16.14,73507
2022-06-02,16.2,17.19,17.23,16.2,63282
2022-06-03,17.33,17.59,18.25,17.28,76928
2022-06-06,17.86,17.49,18.6,17.24,98699
2022-06-07,17.24,16.18,17.793,14.28,142203
2022-06-08,15.95,16.78,16.99,15.695,49863
2022-06-09,16.69,15.07,16.98,14.88,116808
2022-06-10,15.08,15.06,15.38,14.51,148256
2022-06-13,14.94,13.25,15.29,12.565,244712
2022-06-14,13.25,13.18,13.25,12.7901,230259
2022-06-15,13.84,13.72,14.13,13.395,185053
2022-06-16,13.0,12.87,13.49,12.51,174058
2022-06-17,12.98,13.76,14.12,12.44,238932
2022-06-21,14.09,13.2,14.49,12.78,159070
2022-06-22,13.25,13.16,13.47,12.59,172685
2022-06-23,13.69,12.37,14.37,11.98,405988
2022-06-24,12.4,13.31,13.78,12.065,1527943
2022-06-27,13.32,12.91,13.645,12.85,105886
2022-06-28,12.83,12.44,13.04,12.15,117628
2022-06-29,12.5,12.57,12.675,12.02,87775
2022-06-30,12.85,14.17,14.25,12.8,229373
2022-07-01,14.04,14.21,14.64,13.61,104784
2022-07-05,13.92,14.53,14.63,13.795,119667
2022-07-06,14.71,14.41,14.98,14.3,112473
2022-07-07,14.61,15.3,15.56,14.6,81801
2022-07-08,15.08,15.15,15.52,14.885,40328
2022-07-11,15.03,14.38,15.41,14.35,46660
2022-07-12,14.42,14.15,14.55,13.65,38697
2022-07-13,14.06,14.18,14.27,13.77,29240
2022-07-14,14.02,14.03,14.07,13.5,56369
2022-07-15,14.42,14.36,14.71,14.03,55900
2022-07-18,14.57,13.69,14.6,13.59,35015
2022-07-19,14.24,14.74,14.8,14.06,64534
2022-07-20,14.9,13.73,14.94,13.7,50651
2022-07-21,13.64,13.89,14.07,13.41,38649
2022-07-22,13.77,13.6,13.88,13.44,42423
2022-07-25,13.47,13.89,13.97,13.47,17135
2022-07-26,13.89,14.4,14.61,13.76,41735
2022-07-27,14.58,14.27,14.6,14.08,34685
2022-07-28,14.1099,14.13,14.215,14.03,18212
2022-07-29,14.17,14.26,14.49,13.9,33518
2022-08-01,14.12,13.35,14.355,13.27,38533
2022-08-02,13.31,13.66,14.13,13.29,25214
2022-08-03,13.9,14.0,14.45,13.57,77342
2022-08-04,14.18,14.27,14.67,14.15,22247
2022-08-05,14.22,15.41,15.45,14.08,27186
2022-08-08,15.5,16.41,17.0,15.195,65115
2022-08-09,16.39,18.36,19.18,16.33,68333
2022-08-10,18.83,19.08,20.31,18.3036,82748
2022-08-11,19.29,17.44,19.29,17.1,31602
2022-08-12,18.55,18.99,19.37,18.25,52625
2022-08-15,18.89,18.85,19.095,18.55,20171
2022-08-16,18.97,18.58,19.09,18.3,19077
2022-08-17,18.57,20.34,24.83,18.57,224702
2022-08-18,18.05,17.59,18.7,16.525,113973
2022-08-19,17.21,16.39,17.3,15.82,61963
2022-08-22,16.21,15.79,17.18,15.58,27472
2022-08-23,15.63,13.31,16.3,13.21,70455
2022-08-24,14.23,13.16,14.23,12.67,86630
2022-08-25,13.13,13.32,13.79,13.13,30224
2022-08-26,13.49,13.16,13.72,12.81,77592
2022-08-29,12.83,13.25,13.43,12.7871,38451
2022-08-30,13.41,13.26,13.47,12.78,37608
2022-08-31,13.28,13.36,13.38,13.15,22274
2022-09-01,13.15,13.29,13.99,13.15,46484
2022-09-02,13.34,13.1,13.47,13.0,69870
2022-09-06,13.35,13.85,14.49,13.18,90944
2022-09-07,13.71,14.19,14.65,13.43,69642
2022-09-08,14.08,15.71,15.89,13.89,46428
2022-09-09,15.64,15.46,15.86,14.3,51196
2022-09-12,15.7,17.1,17.46,15.26,78052
2022-09-13,17.0,15.51,17.6,15.45,131047
2022-09-14,15.37,14.36,15.41,13.305,97943
2022-09-15,14.27,14.37,14.92,13.94,101700
2022-09-16,13.85,14.96,15.49,13.85,448672
2022-09-19,14.55,15.05,15.06,14.08,59434
2022-09-20,15.23,16.28,16.31,14.98,58779
2022-09-21,16.0,15.45,16.0,15.16,79655
2022-09-22,15.4,14.78,15.4,14.485,55414
2022-09-23,14.755,14.86,15.37,14.58,49983
2022-09-26,14.77,14.64,15.5,14.52,55437
2022-09-27,14.78,15.39,15.42,14.78,35936
2022-09-28,15.5,18.35,19.175,15.4,208687
2022-09-29,18.07,17.24,18.07,16.2,55006
2022-09-30,17.13,18.12,18.6,16.84,102537
2022-10-03,17.95,14.59,17.95,14.27,161661
2022-10-04,14.58,14.13,15.24,13.4301,81265
2022-10-05,13.23,13.9,14.66,13.23,63097
2022-10-06,13.51,13.77,13.91,12.745,66268
2022-10-07,13.52,13.77,14.68,13.34,54957
2022-10-10,13.57,13.78,14.24,13.34,42543
2022-10-11,13.345,13.27,13.98,12.76,69346
2022-10-12,13.34,13.23,13.59,12.95,42981
2022-10-13,13.04,14.49,14.79,13.0,65187
2022-10-14,14.36,13.56,14.36,13.38,56177
2022-10-17,13.87,13.97,14.18,13.62,89489
2022-10-18,14.0,13.39,14.0,13.25,51281
2022-10-19,13.37,12.57,13.5725,12.41,138245
2022-10-20,12.71,12.33,13.24,12.17,41748
2022-10-21,12.62,12.49,12.99,11.77,115029
2022-10-24,12.5,12.79,13.64,12.4999,61112
2022-10-25,13.44,12.75,13.485,12.645,41373
2022-10-26,12.85,12.59,13.425,12.06,38522
2022-10-27,12.99,12.81,13.2,12.6,32114
2022-10-28,13.09,13.0,13.09,12.89,60631
2022-10-31,12.45,12.39,12.645,12.19,68923
2022-11-01,12.53,12.51,12.65,12.25,28386
2022-11-02,12.4,12.33,12.605,12.255,50260
2022-11-03,12.25,12.27,12.49,12.2,15805
2022-11-04,12.13,12.04,12.165,11.37,43971
2022-11-07,12.11,12.15,13.0,11.885,38754
2022-11-08,12.3,12.19,12.935,11.67,53776
2022-11-09,12.04,11.68,12.24,11.52,119915
2022-11-10,12.0,11.9,12.5,11.37,757536
2022-11-11,12.63,12.86,13.1,12.41,75734
2022-11-14,12.77,13.03,13.33,12.77,88924
2022-11-15,13.05,13.6,13.66,12.225,112174
2022-11-16,13.63,13.98,14.0,13.51,119457
2022-11-17,13.86,14.02,14.17,13.22,44077
2022-11-18,14.32,14.12,14.34,13.78,39910
2022-11-21,13.92,13.75,14.23,13.55,37847
2022-11-22,13.72,14.04,14.18,13.72,28837
2022-11-23,14.05,14.08,14.31,14.03,22991
2022-11-25,14.19,13.8,14.19,13.02,12714
2022-11-28,13.77,13.51,13.99,13.3209,18044
2022-11-29,13.4,13.69,14.3228,13.4,15343
2022-11-30,13.84,14.28,14.38,13.26,23678
2022-12-01,11.88,13.42,13.72,11.29,1506957
2022-12-02,13.15,13.12,14.29,13.05,163717
2022-12-05,13.0,12.38,13.22,12.2,67116
2022-12-06,12.37,12.25,12.53,11.98,62626
2022-12-07,12.36,12.43,12.71,12.19,37074
2022-12-08,12.71,12.78,12.92,12.24,65126
2022-12-09,12.78,12.19,12.8782,11.85,42483
2022-12-12,12.21,12.07,12.21,11.35,51060
2022-12-13,12.37,12.07,12.575,11.81,40020
2022-12-14,12.0,12.03,12.23,11.9,39696
2022-12-15,11.79,11.95,12.16,11.79,33808
2022-12-16,11.9,12.17,12.33,11.89,87503
2022-12-19,12.23,11.92,12.23,11.87,58213
2022-12-20,11.92,11.56,11.9595,11.3,52996
2022-12-21,11.64,11.17,11.64,10.975,63906
2022-12-22,10.99,10.93,11.4,10.75,37012
2022-12-23,10.91,10.88,10.99,10.49,32952
2022-12-27,10.86,10.49,10.86,10.45,59539
2022-12-28,10.52,9.86,10.6,9.43,89398
2022-12-29,9.99,10.36,10.48,9.58,31089
2022-12-30,10.2,10.5,10.94,10.2,43236
2023-01-03,10.62,10.67,10.965,10.39,298006
2023-01-04,10.88,10.69,10.88,10.62,41940
2023-01-05,10.5,10.37,10.6,10.0,68899
2023-01-06,10.53,10.5,10.62,10.2,49979
2023-01-09,10.5,10.48,10.6,10.18,181312
2023-01-10,10.52,11.18,11.655,10.41,89009
2023-01-11,11.12,10.89,11.285,10.13,46087
2023-01-12,11.0,10.87,11.05,10.45,161644
2023-01-13,10.87,11.4,11.9528,10.75,117162
2023-01-17,11.41,11.19,11.575,11.08,74043
2023-01-18,11.23,10.45,11.23,10.36,40919
2023-01-19,10.33,10.18,10.37,9.67,83228
2023-01-20,10.33,10.5,10.66,9.85,37388
2023-01-23,10.4921,10.65,10.98,9.58,39750
2023-01-24,10.64,10.5,10.81,10.25,36855
2023-01-25,10.285,10.04,10.53,9.95,97460
2023-01-26,10.14,10.04,10.14,9.93,218667
2023-01-27,10.07,10.07,10.34,9.9601,119442
2023-01-30,10.02,10.58,10.66,10.02,118506
2023-01-31,10.56,10.41,10.61,10.085,111870
2023-02-01,10.215,10.3,10.395,9.83,158337
2023-02-02,10.42,10.25,10.49,10.0,141322
2023-02-03,10.23,10.13,10.42,10.0,120917
2023-02-06,10.2,11.21,11.44,10.2,67903
2023-02-07,11.11,12.11,12.31,11.0,83125
2023-02-08,12.08,11.43,12.08,11.41,88516
2023-02-09,11.63,10.99,11.63,10.9,50743
2023-02-10,11.02,10.74,11.2,10.4,176539
2023-02-13,10.73,10.74,11.095,10.6,61098
2023-02-14,10.72,11.06,11.34,10.6,86061
2023-02-15,11.09,11.15,11.5527,10.8138,36477
2023-02-16,11.1,10.35,11.2,10.3,84381
2023-02-17,10.43,10.34,10.535,10.2,77294
2023-02-21,10.28,10.38,10.96,10.2015,114118
2023-02-22,10.38,10.28,10.42,10.2,84258
2023-02-23,10.29,10.46,10.5775,10.15,89408
2023-02-24,10.27,10.31,10.59,10.22,47000
2023-02-27,10.28,10.07,10.48,10.0,68720
2023-02-28,10.06,9.99,10.31,9.92,77071
2023-03-01,9.98,10.1,10.24,9.94,56951
2023-03-02,9.99,10.01,10.25,9.97,35661
2023-03-03,10.06,10.22,10.38,9.9325,64173
2023-03-06,10.17,10.79,10.79,10.08,83849
2023-03-07,10.67,10.6,10.7763,10.33,88617
2023-03-08,10.6,10.52,10.9,10.06,92705
2023-03-09,10.6,10.0,10.69,9.93,90979
2023-03-10,10.03,10.0,10.1,9.5,276547
2023-03-13,9.95,10.41,10.665,9.95,94063
2023-03-14,10.65,10.31,10.83,10.13,82188
2023-03-15,10.16,10.18,10.2316,9.85,111774
2023-03-16,10.07,10.21,10.305,9.98,163835
2023-03-17,10.25,10.35,10.61,10.0,1039877
2023-03-20,10.35,10.21,10.62,10.05,100339
2023-03-21,10.28,10.48,10.86,10.28,89653
2023-03-22,10.48,10.08,10.79,10.06,101086
2023-03-23,10.1,10.34,10.38,9.5581,635358
2023-03-24,10.31,9.6,10.32,9.42,128559
2023-03-27,9.58,8.9,9.78,8.77,99908
2023-03-28,8.95,9.23,9.44,8.63,122784
2023-03-29,9.28,9.32,9.47,9.15,74177
2023-03-30,9.33,8.88,9.485,8.71,75216
2023-03-31,8.97,9.28,9.4,8.89,126085
2023-04-03,9.28,9.32,9.58,9.225,85401
2023-04-04,9.21,8.66,9.7,8.64,101260
2023-04-05,8.63,8.51,8.73,8.13,90140
2023-04-06,8.6,8.63,9.44,8.49,37411
2023-04-10,8.63,8.63,8.84,8.28,179114
2023-04-11,8.8575,8.83,8.95,8.65,48738
2023-04-12,8.91,8.6,8.95,8.44,101001
2023-04-13,8.57,8.645,8.95,8.54,55631
2023-04-14,8.71,8.7,8.81,8.55,67281
2023-04-17,8.84,8.9,9.07,8.785,47762
2023-04-18,8.99,8.76,8.99,8.7126,36926
2023-04-19,8.71,8.77,8.865,8.51,47426
2023-04-20,8.7,8.7,8.77,8.52,47817
2023-04-21,8.64,8.8,8.85,8.61,87103
2023-04-24,8.9,8.91,9.21,8.75,80760
2023-04-25,8.95,9.05,9.69,8.89,140231
2023-04-26,9.05,9.0,9.16,8.825,71265
2023-04-27,9.07,9.17,9.39,8.93,90233
2023-04-28,9.16,9.04,9.32,8.99,45830
2023-05-01,9.07,9.06,9.125,8.865,132469
2023-05-02,9.06,9.04,9.24,8.94,142617
2023-05-03,9.05,9.09,9.44,8.895,88336
2023-05-04,9.05,9.29,9.48,8.99,63131
