2022-09-29,50.0082,50.2991,50.37,49.8799,40423
2022-09-30,50.36,49.9579,50.71,49.9579,135261
2022-10-03,50.55,51.2111,51.28,50.55,6157
2022-10-04,52.4,53.0064,53.04,52.337,22561
2022-10-05,52.21,52.8342,53.075,52.1475,24060
2022-10-06,52.6965,52.4211,52.9967,52.4211,19963
2022-10-07,52.21,51.2778,52.21,51.1707,14968
2022-10-10,51.53,51.0,51.53,50.71,12295
2022-10-11,50.92,50.7018,51.1899,50.48,16572
2022-10-12,50.88,50.6131,50.88,50.4999,16329
2022-10-13,49.9,51.7696,51.92,49.5076,18084
2022-10-14,52.2,50.61,52.24,50.61,26978
2022-10-17,51.73,51.7943,51.91,51.69,20532
2022-10-18,52.89,52.2635,52.91,52.0,21409
2022-10-19,51.84,51.7747,52.15,51.4799,28662
2022-10-20,52.07,51.484,52.3899,51.38,12567
2022-10-21,51.6,52.5948,52.69,51.465,18076
2022-10-24,52.79,52.8376,52.88,52.37,9804
2022-10-25,53.01,53.7109,53.7109,53.01,15007
2022-10-26,53.51,54.0084,54.47,53.51,27258
2022-10-27,54.25,53.6999,54.39,53.6999,12147
2022-10-28,53.9,54.5963,54.63,53.74,17283
2022-10-31,54.49,54.3978,54.6,54.269,37133
2022-11-01,55.15,54.7073,55.15,54.5,119399
2022-11-02,54.75,53.5502,55.0,53.5502,51264
2022-11-03,53.5,53.2967,53.6,52.9487,48187
2022-11-04,54.6,54.4189,54.73,53.74,11890
2022-11-07,54.99,54.9,55.04,54.5,16448
2022-11-08,55.11,55.386,55.64,54.9,41584
2022-11-09,54.88,54.1095,55.09,54.1095,82186
2022-11-10,55.9,56.72,56.89,55.81,39893
2022-11-11,57.37,57.64,57.67,57.03,61484
2022-11-14,57.4,57.14,57.71,57.09,26385
2022-11-15,58.1,57.53,58.1,57.295,41738
2022-11-16,57.62,56.8991,57.62,56.77,43851
2022-11-17,56.35,56.74,56.77,56.105,40329
2022-11-18,57.46,56.91,57.46,56.7051,32993
2022-11-21,56.98,56.76,56.98,56.36,26677
2022-11-22,57.14,57.67,57.7,57.0596,21663
2022-11-23,57.65,57.82,57.89,57.5,26993
2022-11-25,58.16,58.05,58.16,57.76,37417
2022-11-28,57.74,57.17,57.74,57.0,20345
2022-11-29,57.31,57.37,57.55,57.17,50554
2022-11-30,58.11,58.57,58.7,57.14,24874
2022-12-01,59.15,58.65,59.15,58.45,47294
2022-12-02,57.66,58.74,58.74,57.66,36183
2022-12-05,58.31,57.51,58.42,57.24,36448
2022-12-06,57.68,56.95,57.68,56.6314,49222
2022-12-07,56.83,56.76,57.1,56.69,31150
2022-12-08,56.985,57.07,57.25,56.8891,87451
2022-12-09,57.55,56.6094,57.55,56.6094,43382
2022-12-12,56.89,57.24,57.24,56.542,22696
2022-12-13,59.0,57.7,59.0,57.49,35931
2022-12-14,57.77,57.45,58.015,57.15,14637
2022-12-15,57.1,56.25,57.1,56.0061,52544
2022-12-16,55.84,55.3076,55.84,55.39,29828
2022-12-19,55.46,54.91,55.58,54.7,12137
2022-12-20,55.01,55.06,55.23,54.6801,23792
2022-12-21,55.44,55.88,55.94,55.44,53628
2022-12-22,55.325,55.23,55.325,54.4728,63051
2022-12-23,55.36,55.61,55.61,55.0047,51867
2022-12-27,55.92,55.53,55.94,55.4931,90685
2022-12-28,55.6,54.81,55.73,54.7704,41931
2022-12-29,55.4099,55.74,55.82,55.36,19154
2022-12-30,55.62,55.51,55.62,55.13,36461
2023-01-03,56.03,55.31,56.03,54.94,32662
2023-01-04,55.8,55.89,56.22,55.56,62518
2023-01-05,55.79,55.61,55.83,55.38,28580
2023-01-06,56.0,56.9468,57.04,55.9599,31129
2023-01-09,57.48,56.99,57.69,56.9292,59553
2023-01-10,56.955,57.39,57.39,56.87,48081
2023-01-11,57.79,57.87,57.96,57.54,80075
2023-01-12,58.42,58.4543,58.59,57.685,37038
2023-01-13,58.101,58.7,58.75,58.09,25853
2023-01-17,58.85,58.57,58.98,58.4739,49028
2023-01-18,58.93,57.91,59.08,57.9,74813
2023-01-19,57.4,57.64,57.89,57.31,25318
2023-01-20,57.89,58.46,58.4982,57.64,51472
2023-01-23,58.84,59.09,59.2265,58.54,57739
2023-01-24,59.15,59.05,59.44,58.4427,22612
2023-01-25,58.51,59.2,59.23,58.47,29754
2023-01-26,59.77,59.7,59.77,59.04,48242
2023-01-27,59.21,59.74,59.87,59.21,31292
2023-01-30,59.21,58.99,59.51,58.99,34619
2023-01-31,59.44,59.81,59.81,58.92,15575
2023-02-01,59.73,60.28,60.6718,59.35,13458
2023-02-02,61.04,60.83,61.04,60.38,44137
2023-02-03,60.48,60.28,60.84,60.2,45359
2023-02-06,60.28,59.74,60.28,59.5,57049
2023-02-07,59.88,60.37,60.39,59.4,26209
2023-02-08,60.37,59.81,60.37,59.66,29399
2023-02-09,60.35,59.37,60.37,59.22,57867
2023-02-10,59.55,59.52,59.55,59.1533,21493
2023-02-13,59.89,60.09,60.09,59.49,30538
2023-02-14,60.09,60.1,60.3385,59.52,36823
2023-02-15,60.0,60.09,60.09,59.5347,69065
2023-02-16,59.88,59.62,60.11,59.395,41981
2023-02-17,59.249,59.44,59.47,59.06,32097
2023-02-21,59.3,58.37,59.3,58.3228,50552
2023-02-22,58.66,58.22,58.66,58.04,39804
2023-02-23,58.6443,58.47,58.77,57.9201,71462
2023-02-24,58.02,57.96,58.02,57.5001,27140
2023-02-27,58.51,58.18,58.53,58.18,18092
2023-02-28,58.43,58.0,58.43,58.0,23125
2023-03-01,58.56,58.33,58.56,58.18,32365
2023-03-02,58.25,58.59,58.615,57.8411,41047
2023-03-03,59.08,59.3307,59.36,58.8,14447
2023-03-06,59.65,59.08,59.65,58.99,51845
2023-03-07,58.86,58.17,58.9917,58.08,28588
2023-03-08,58.38,58.28,58.38,57.95,27632
2023-03-09,58.03,57.1,58.31,57.04,25209
2023-03-10,56.79,56.13,57.13,55.92,37550
2023-03-13,55.71,55.4,56.01,54.9,46947
2023-03-14,56.46,56.14,56.56,55.6328,40610
2023-03-15,55.31,54.98,55.31,54.2,49599
2023-03-16,54.65,55.81,55.82,54.32,48242
2023-03-17,55.87,54.92,55.87,54.77,26969
2023-03-20,55.45,55.57,55.75,55.0801,30700
2023-03-21,55.98,56.45,56.5298,55.98,24690
2023-03-22,56.96,55.58,56.96,55.58,22395
2023-03-23,55.85,55.57,56.48,55.21,89787
2023-03-24,55.29,55.5472,55.58,54.825,28931
2023-03-27,56.02,56.01,56.2,55.7,22952
2023-03-28,56.13,56.16,56.17,55.9,16002
2023-03-29,56.64,56.79,56.83,56.54,14488
2023-03-30,57.19,57.07,57.34,57.03,38603
2023-03-31,57.3064,57.8,57.8,57.3064,37624
2023-04-03,57.71,58.16,58.2199,57.71,28575
2023-04-04,58.44,57.57,58.44,57.3231,17666
2023-04-05,57.34,57.29,57.35,56.92,19156
2023-04-06,56.98,57.36,57.45,56.98,31722
2023-04-10,57.5,57.67,57.67,57.14,39506
2023-04-11,57.61,58.04,58.22,57.61,31085
2023-04-12,58.3915,57.89,58.3915,57.85,31285
2023-04-13,58.17,58.52,58.56,58.0321,10827
2023-04-14,58.6699,58.37,58.72,58.0514,19548
2023-04-17,58.2872,58.5,58.5,58.16,11850
2023-04-18,58.71,58.57,58.72,58.3646,24414
2023-04-19,58.61,58.46,58.61,58.1,33194
2023-04-20,58.44,58.2,58.44,57.985,15968
2023-04-21,61.38,58.0311,61.38,57.7001,13171
2023-04-24,58.27,58.18,58.27,57.9937,14293
2023-04-25,58.13,57.02,58.13,57.02,14461
2023-04-26,57.19,56.75,57.21,56.645,15185
2023-04-27,56.95,57.63,57.63,56.91,6258
2023-04-28,57.485,58.09,58.09,57.45,11709
2023-05-01,57.71,58.04,58.3,57.71,27684
2023-05-02,57.5,57.13,57.62,56.75,76429
2023-05-03,57.21,56.92,57.4699,56.87,24521
2023-05-04,57.01,56.45,57.01,56.2606,30414
