2019-09-26,50.29,50.1421,50.29,50.11,5643
2019-09-27,49.92,49.8642,49.92,49.8642,1095
2019-09-30,50.05,50.1448,50.24,50.05,2320
2019-10-01,50.0,49.4781,50.0099,49.4781,3726
2019-10-02,48.85,48.5877,48.85,48.41,1403
2019-10-03,48.24,48.8385,48.8385,48.24,18484
2019-10-04,49.19,49.5462,49.5462,49.19,60740
2019-10-07,49.3954,49.3954,49.3954,49.3954,146
2019-10-08,48.6944,48.5443,48.98,48.5443,23538
2019-10-09,48.87,48.9968,49.04,48.865,105000
2019-10-10,49.0,49.3107,49.48,49.0,24067
2019-10-11,49.84,50.0197,50.33,49.84,3120
2019-10-14,49.93,49.9117,50.0,49.9117,40235
2019-10-15,50.53,50.42,50.5453,50.42,4428
2019-10-16,50.4421,50.304,50.4421,50.29,49161
2019-10-17,50.54,50.5006,50.67,50.401,32578
2019-10-18,50.37,50.3689,50.47,50.22,2420
2019-10-21,50.71,50.6878,50.73,50.65,12530
2019-10-22,50.78,50.5793,50.81,50.5793,6385
2019-10-23,50.61,50.6719,50.6719,50.56,91040
2019-10-24,50.855,50.8248,50.86,50.6401,2475654
2019-10-25,50.93,51.0883,51.12,50.93,2426
2019-10-28,51.3942,51.3838,51.44,51.3497,24476
2019-10-29,51.63,51.3778,51.63,51.31,29589
2019-10-30,51.45,51.3679,51.45,51.1581,6687
2019-10-31,51.0,51.0964,51.0964,50.91,6382
2019-11-01,51.69,51.7427,51.77,51.67,21061
2019-11-04,52.02,52.0762,52.145,52.02,24306
2019-11-05,52.3,52.1046,52.3,52.1046,41337
2019-11-06,52.0,52.0573,52.08,51.9689,23528
2019-11-07,52.43,52.1976,52.45,52.1976,11672
2019-11-08,52.15,52.358,52.358,52.15,43173
2019-11-11,52.2706,52.2852,52.2852,52.24,63664
2019-11-12,52.47,52.39,52.54,52.37,12404
2019-11-13,52.21,52.2808,52.36,52.18,13671
2019-11-14,52.37,52.3612,52.37,52.23,3955
2019-11-15,52.56,52.6673,52.69,52.54,10085
2019-11-18,52.6,52.669,52.74,52.575,21710
2019-11-19,52.548,52.656,52.73,52.548,8654
2019-11-20,52.6,52.4248,53.36,52.17,9414
2019-11-21,52.376,52.3256,52.44,52.29,8619
2019-11-22,52.5076,52.4795,52.5076,52.454,1856
2019-11-25,52.9391,52.9954,53.01,52.9291,3006
2019-11-26,53.01,53.1171,53.1767,53.0,11919
2019-11-27,53.24,53.38,53.38,53.2,4172
2019-11-29,53.14,53.0559,53.29,53.04,9284
2019-12-02,52.97,52.58,52.97,52.58,64753
2019-12-03,52.25,52.16,52.27,51.96,1395
2019-12-04,52.44,52.62,52.75,52.44,16209
2019-12-05,52.56,52.72,52.75,52.5,4836
2019-12-06,53.27,53.26,53.31,53.2137,4254
2019-12-09,53.16,53.1,53.16,53.0488,1168
2019-12-10,53.01,53.1,53.18,53.01,12976
2019-12-11,53.15,53.2161,53.2377,53.05,3717
2019-12-12,53.685,53.82,53.87,53.6,5643
2019-12-13,53.92,53.73,53.92,53.63,10039
2019-12-16,56.0433,53.99,54.32,53.9,11529
2019-12-17,54.19,54.1765,54.22,54.12,10154
2019-12-18,54.12,54.1962,54.2,54.11,33172
2019-12-19,54.23,54.36,54.36,54.21,7789
2019-12-20,54.46,54.6049,54.67,54.46,5965
2019-12-23,54.52,54.44,54.52,54.3606,18542
2019-12-24,54.439,54.4069,54.439,54.4069,2373
2019-12-26,54.56,54.6009,54.63,54.484,3126
2019-12-27,54.72,54.55,54.73,54.54,13493
2019-12-30,54.67,54.3395,54.7,54.28,38109
2019-12-31,54.34,54.4,54.4986,54.29,16595
2020-01-02,54.73,54.7975,55.4,54.462,22863
2020-01-03,54.9,54.58,54.9,54.44,6124
2020-01-06,54.31,54.66,54.66,54.25,5380
2020-01-07,54.54,54.5275,54.6571,54.45,13078
2020-01-08,54.59,54.81,55.075,54.56,11501
2020-01-09,55.04,55.06,55.06,54.88,13168
2020-01-10,55.13,54.8301,55.13,54.81,12733
2020-01-13,55.3,55.224,55.3,54.915,8303
2020-01-14,55.19,55.186,55.405,55.08,12067
2020-01-15,55.2735,55.2159,55.43,55.19,5781
2020-01-16,55.56,55.7506,55.98,55.55,41749
2020-01-17,55.98,55.92,55.98,55.8095,12624
2020-01-21,55.8,55.67,55.8,55.57,18877
2020-01-22,55.7001,55.55,55.77,55.55,21636
2020-01-23,55.63,55.76,55.76,55.25,24134
2020-01-24,55.6928,55.104,55.6928,54.926,19737
2020-01-27,54.28,54.29,54.48,54.13,4546
2020-01-28,54.7801,54.79,54.91,54.78,4431
2020-01-29,54.92,54.74,54.99,54.72,9247
2020-01-30,54.32,54.97,54.97,54.18,31072
2020-01-31,54.63,54.04,56.08,53.6792,49922
2020-02-03,53.99,54.23,55.28,53.99,17769
2020-02-04,54.89,55.1,55.2,54.89,5348
2020-02-05,55.53,55.7042,55.84,55.44,5480
2020-02-06,55.92,55.8805,55.95,55.72,18914
2020-02-07,55.44,55.3,55.58,55.25,33425
2020-02-10,55.2,55.56,55.599,55.2,18681
2020-02-11,55.9,55.91,56.0617,55.8439,5974
2020-02-12,56.17,56.37,56.37,56.123,14566
2020-02-13,56.06,56.33,56.44,56.06,11343
2020-02-14,56.33,56.31,56.33,56.07,52720
2020-02-18,56.46,56.0981,56.46,55.93,21238
2020-02-19,56.09,56.42,56.65,56.09,42641
2020-02-20,56.36,56.31,56.71,55.85,110820
2020-02-21,56.15,55.64,56.15,55.54,22458
2020-02-24,54.13,53.82,54.38,53.63,28834
2020-02-25,53.88,52.05,53.88,51.97,25649
2020-02-26,52.49,51.6721,52.74,51.6552,10021
2020-02-27,51.16,49.6205,51.19,49.6205,80269
2020-02-28,48.2,49.05,49.8,47.655,196151
2020-03-02,49.17,50.9593,50.9593,49.03,52718
2020-03-03,51.45,49.51,51.45,49.32,74516
2020-03-04,50.24,51.3784,51.3784,50.0709,72184
2020-03-05,50.255,49.535,50.52,49.21,57230
2020-03-06,48.63,48.64,48.96,47.68,43336
2020-03-09,45.95,44.6966,46.2,44.3,127493
2020-03-10,46.16,46.5,46.5,44.135,161680
2020-03-11,45.91,44.136,45.91,43.6634,67674
2020-03-12,40.84,39.76,42.0108,39.76,93404
2020-03-13,41.97,43.22,43.3,40.11,112654
2020-03-16,41.85,38.145,41.85,38.145,157669
2020-03-17,38.6,39.92,40.49,37.77,176800
2020-03-18,37.99,37.3196,38.71,35.78,318611
2020-03-19,36.92,38.26,38.94,36.605,293818
2020-03-20,38.75,36.52,38.93,36.4665,243654
2020-03-23,36.66,35.3673,36.66,34.7,219007
2020-03-24,37.02,38.87,40.0,36.92,403977
2020-03-25,39.41,39.41,41.02,38.43,317922
2020-03-26,40.1808,41.97,41.97,40.06,368035
2020-03-27,40.58,40.29,42.86,40.14,260673
2020-03-30,41.0,41.48,41.58,40.185,206590
2020-03-31,41.13,40.8913,41.8,40.66,154078
2020-04-01,40.13,39.02,40.13,38.51,68544
2020-04-02,38.99,39.71,39.97,38.76,65247
2020-04-03,39.96,38.84,39.96,37.9201,178388
2020-04-06,40.75,41.74,41.9499,40.71,71009
2020-04-07,42.38,41.98,43.45,41.98,124909
2020-04-08,42.52,43.49,43.64,42.07,35620
2020-04-09,44.47,44.4,44.83,43.856,96649
2020-04-13,44.4,43.7023,44.4,43.2,78499
2020-04-14,44.4,44.85,45.02,44.35,81770
2020-04-15,43.82,43.58,43.86,43.27,66052
2020-04-16,43.61,43.68,43.9,43.11,83924
2020-04-17,44.7,45.07,45.07,44.5308,25383
2020-04-20,44.18,44.31,45.12,44.18,94144
2020-04-21,43.19,43.04,43.61,42.85,105614
2020-04-22,43.78,43.89,43.992,43.5844,77156
2020-04-23,44.39,44.03,44.655,44.03,45061
2020-04-24,44.3222,44.6469,44.6469,43.98,35787
2020-04-27,45.11,45.63,45.79,45.09,59356
2020-04-28,46.6,45.75,46.61,45.63,42544
2020-04-29,46.64,47.31,47.48,46.64,10894
2020-04-30,46.55,46.45,46.79,46.23,38256
2020-05-01,45.62,45.03,45.62,44.8,110291
2020-05-04,44.405,45.21,45.21,44.405,26414
2020-05-05,45.89,45.56,46.12,45.46,66428
2020-05-06,45.61,45.17,45.61,45.17,16548
2020-05-07,45.69,45.8,46.12,45.69,47953
2020-05-08,46.5,46.81,46.81,46.4781,40256
2020-05-11,46.28,46.67,46.8848,46.28,15724
2020-05-12,46.63,45.59,46.64,45.59,98629
2020-05-13,45.09,44.53,45.221,44.122,114990
2020-05-14,44.31,45.09,45.09,43.415,39229
2020-05-15,44.6,45.25,45.2714,44.6,64475
2020-05-18,46.7244,47.1873,47.34,46.7244,50603
2020-05-19,46.91,46.6,47.35,46.6,22672
2020-05-20,47.2,47.47,47.71,47.2,50903
2020-05-21,47.65,47.265,47.65,47.08,83338
2020-05-22,47.309,47.31,47.42,46.96,106890
2020-05-26,48.46,48.2226,48.64,48.22,16785
2020-05-27,48.87,49.2721,49.2721,48.114,77966
2020-05-28,49.14,48.94,49.61,48.8,84406
2020-05-29,48.85,49.05,49.05,48.28,31257
2020-06-01,49.16,49.32,49.45,49.16,41667
2020-06-02,49.6,49.76,49.78,49.3894,60557
2020-06-03,50.44,50.78,50.83,50.36,38596
2020-06-04,50.72,50.7342,50.98,50.4954,158799
2020-06-05,52.31,52.31,52.72,52.095,92680
2020-06-08,52.74,53.0265,53.03,52.4626,52671
2020-06-09,52.37,52.72,52.74,52.11,176953
2020-06-10,52.33,52.08,52.36,51.65,30553
2020-06-11,50.02,48.43,50.3,48.405,41819
2020-06-12,49.98,49.2044,49.98,48.2,25248
2020-06-15,47.88,49.71,49.96,47.74,107824
2020-06-16,51.1,50.74,51.21,49.98,28536
2020-06-17,51.25,50.33,51.25,50.25,42358
2020-06-18,50.01,50.34,50.5,50.01,34151
2020-06-19,50.85,50.1147,50.95,49.8932,51630
2020-06-22,50.16,49.8169,50.42,49.69,37188
2020-06-23,50.6,49.85,50.81,49.85,101328
2020-06-24,49.95,48.88,49.97,48.6743,34805
2020-06-25,48.48,49.46,49.46,48.48,32875
2020-06-26,49.0935,48.25,49.0935,48.19,11363
2020-06-29,48.39,49.0153,49.0153,48.39,16940
2020-06-30,49.31,49.95,50.04,49.14,51400
2020-07-01,50.21,49.8584,50.21,49.6755,30103
2020-07-02,50.63,50.0703,50.687,50.07,10515
2020-07-06,51.05,50.93,51.1,50.75,22984
2020-07-07,50.54,50.23,50.82,50.21,13051
2020-07-08,50.48,50.57,50.57,50.13,18239
2020-07-09,50.58,50.07,50.58,49.715,22996
2020-07-10,50.2,50.79,50.82,50.1,5877
2020-07-13,51.33,50.42,51.5,50.35,23526
2020-07-14,50.38,51.1,51.12,50.145,44284
2020-07-15,51.82,51.96,51.98,51.412,11115
2020-07-16,51.6278,51.84,51.89,51.58,25701
2020-07-17,51.83,51.8925,52.01,51.67,10939
2020-07-20,51.87,52.12,52.19,51.74,15362
2020-07-21,52.7,52.3773,52.7,52.37,60744
2020-07-22,52.5,52.6834,52.6834,52.45,9103
2020-07-23,52.81,52.26,52.81,52.0481,25395
2020-07-24,51.95,51.7841,51.99,51.6694,21229
2020-07-27,51.87,52.2,52.24,51.87,18340
2020-07-28,52.37,51.76,52.37,51.76,25316
2020-07-29,52.05,52.4656,52.57,52.05,12427
2020-07-30,52.18,52.25,52.31,51.69,5829
2020-07-31,52.49,52.394,52.49,51.815,6362
2020-08-03,52.51,52.98,53.09,52.51,6634
2020-08-04,53.03,53.13,53.13,52.81,19009
2020-08-05,53.54,53.69,53.69,53.4782,17878
2020-08-06,53.7,53.86,53.862,53.51,14025
2020-08-07,53.82,54.14,54.14,53.7757,11493
2020-08-10,54.38,54.4498,54.52,54.14,34635
2020-08-11,54.84,54.1689,54.97,54.114,28245
2020-08-12,55.03,54.8061,55.03,54.6901,26948
2020-08-13,54.99,54.74,54.99,54.6,91930
2020-08-14,54.6732,54.7411,54.89,54.645,25961
2020-08-17,54.93,54.895,54.9899,54.855,19853
2020-08-18,54.6835,54.7803,54.94,54.6835,8513
2020-08-19,54.94,54.67,55.02,54.65,14307
2020-08-20,54.5,54.6151,54.74,54.4402,47092
2020-08-21,54.59,54.706,54.71,54.5232,15656
2020-08-24,55.185,55.43,55.43,55.1401,12999
2020-08-25,55.4472,55.5015,55.53,55.208,19917
2020-08-26,55.7,55.8277,55.88,55.605,27919
2020-08-27,56.23,56.0058,56.23,55.89,17324
2020-08-28,56.42,56.3224,56.42,56.0,38599
2020-08-31,56.3,56.2099,56.31,56.0849,12097
2020-09-01,56.2,56.5769,56.58,56.15,18752
2020-09-02,56.8878,57.4323,57.54,56.87,15591
2020-09-03,57.2169,55.4806,57.2169,55.146,21011
2020-09-04,55.45,55.2034,55.99,53.99,48210
2020-09-08,54.1,53.66,54.3785,53.6504,12988
2020-09-09,54.5533,54.6786,54.92,54.5533,9852
2020-09-10,54.7,53.7829,54.93,53.75,30191
2020-09-11,53.8,53.7742,54.1,53.3828,45419
2020-09-14,54.55,54.67,54.82,54.51,46458
2020-09-15,55.1,54.788,55.12,54.7231,60438
2020-09-16,54.99,54.8,55.44,54.79,49416
2020-09-17,54.0,54.3522,54.49,54.0,20166
2020-09-18,54.44,53.88,54.595,53.695,16280
2020-09-21,53.25,52.7369,53.25,52.4687,18318
2020-09-22,53.0,53.2569,53.2569,52.7085,18163
2020-09-23,53.52,51.9918,53.52,51.98,20487
2020-09-24,51.605,52.1821,52.7001,51.4704,45908
2020-09-25,52.23,52.9097,52.9097,52.23,23033
2020-09-28,53.75,53.92,54.04,53.75,20977
2020-09-29,53.94,53.6269,53.97,53.437,70887
2020-09-30,53.9799,54.08,54.42,53.7434,55234
2020-10-01,54.466,54.38,54.466,54.0797,28077
2020-10-02,53.04,54.1813,54.4189,53.04,14581
2020-10-05,54.8129,55.259,55.46,54.8129,55364
2020-10-06,55.46,54.6559,55.67,54.6559,11108
2020-10-07,55.48,55.6868,55.87,55.371,48181
2020-10-08,56.0137,56.1997,56.26,55.9065,102320
2020-10-09,56.78,56.583,56.78,56.4991,28981
2020-10-12,56.96,57.4035,57.52,56.96,25940
2020-10-13,57.19,57.05,57.2,56.94,23463
2020-10-14,57.34,56.74,57.34,56.7,33749
2020-10-15,56.17,56.89,56.93,56.07,44133
2020-10-16,57.2,56.81,57.3,56.81,28154
2020-10-19,57.3,55.8857,57.3,55.8796,30572
2020-10-20,56.04,56.28,56.7725,56.04,14402
2020-10-21,56.5,56.015,56.54,56.015,30845
2020-10-22,56.22,56.48,56.53,55.9,19081
2020-10-23,56.81,56.7,56.81,56.38,50932
2020-10-26,55.8,55.59,56.0761,55.0657,9606
2020-10-27,55.52,55.23,55.5535,55.23,35324
2020-10-28,54.31,53.45,54.31,53.386,21279
2020-10-29,53.16,54.1838,54.49,53.16,23052
2020-10-30,53.5652,53.45,53.5652,52.9885,31947
2020-11-02,54.19,54.24,54.26,53.8701,15898
2020-11-03,55.0,55.36,55.61,54.9,31819
2020-11-04,55.29,56.05,56.6981,55.29,22610
2020-11-05,57.16,57.37,57.57,57.08,26147
2020-11-06,57.62,57.18,57.62,57.1208,29174
2020-11-09,59.92,58.27,59.92,58.26,146248
2020-11-10,58.79,58.44,58.79,58.1,19561
2020-11-11,59.11,58.64,59.11,58.45,31017
2020-11-12,58.33,57.97,58.515,57.623,18223
2020-11-13,58.67,58.96,58.96,58.4758,13377
2020-11-16,59.5106,59.86,59.86,59.5,27574
2020-11-17,58.96,59.79,59.95,58.96,15680
2020-11-18,60.31,59.19,60.31,59.19,13573
2020-11-19,59.44,59.4821,59.49,58.99,8601
2020-11-20,59.65,59.22,59.65,59.22,37231
2020-11-23,59.73,59.8764,59.9299,59.535,15920
2020-11-24,60.2483,60.9906,61.05,60.2483,20489
2020-11-25,60.7799,60.7629,60.86,60.6186,22898
2020-11-27,60.7801,60.8862,60.92,60.7801,1911
2020-11-30,60.99,60.2501,60.99,60.21,38337
2020-12-01,61.1,61.07,61.285,60.955,31241
2020-12-02,61.0999,61.2,61.21,60.98,29493
2020-12-03,61.2671,61.2239,61.54,61.2239,21398
2020-12-04,61.8511,62.039,62.06,61.8511,21310
2020-12-07,61.95,61.9146,62.015,61.8195,16965
2020-12-08,61.93,62.1955,62.25,61.9142,41458
2020-12-09,62.3,61.8483,62.3914,61.6244,65814
2020-12-10,61.71,61.8823,61.95,61.63,49595
2020-12-11,61.49,61.63,61.7,61.33,25786
2020-12-14,62.2169,61.38,62.2169,61.38,26803
2020-12-15,61.97,62.37,62.37,61.695,23767
2020-12-16,62.94,62.1901,62.94,62.2013,38220
2020-12-17,62.4204,62.6,62.6,62.35,24388
2020-12-18,62.71,62.44,62.71,62.0699,137711
2020-12-21,62.17,62.1566,62.33,61.276,38769
2020-12-22,62.13,62.17,62.37,62.05,18894
2020-12-23,62.17,62.44,62.7,62.17,42517
2020-12-24,62.4675,62.5077,62.53,62.325,38647
2020-12-28,63.2,62.8206,63.2,62.8206,51802
2020-12-29,63.26,62.52,63.26,62.3686,47471
2020-12-30,62.8,62.82,62.9644,62.74,23456
2020-12-31,62.81,63.0,63.12,62.7017,89652
2021-01-04,63.15,62.2,63.15,61.67,50456
2021-01-05,62.38,62.93,63.04,62.315,37967
2021-01-06,63.16,64.0722,64.66,63.16,45171
2021-01-07,64.74,65.0893,65.17,64.74,78620
2021-01-08,65.82,65.18,65.82,64.6034,28302
2021-01-11,64.7999,65.0232,65.29,64.7999,32240
2021-01-12,64.88,65.544,65.56,64.88,26878
2021-01-13,65.56,65.3619,65.6,65.33,68101
2021-01-14,65.53,65.529,65.9,65.529,64680
2021-01-15,65.47,64.8591,65.47,64.76,57813
2021-01-19,65.49,65.43,65.51,65.24,48189
2021-01-20,66.16,66.13,66.19,65.87,39838
2021-01-21,66.03,65.95,66.2,65.86,46273
2021-01-22,65.85,65.9,65.95,65.5045,64562
2021-01-25,66.11,65.87,66.1601,65.18,44777
2021-01-26,66.0594,65.5262,66.0594,65.515,74898
2021-01-27,65.25,63.9,65.25,63.6,87415
2021-01-28,64.55,64.5903,65.08,64.54,78699
2021-01-29,64.49,63.3265,64.49,63.1,146710
2021-02-01,63.95,64.27,64.39,63.43,107109
2021-02-02,64.76,65.13,65.39,64.76,45979
2021-02-03,65.01,65.3,65.52,65.01,97414
2021-02-04,65.69,66.25,66.25,65.48,217796
2021-02-05,66.35,66.63,66.66,66.35,67439
2021-02-08,66.94,67.4,67.46,66.94,68635
2021-02-09,67.38,67.43,67.56,67.21,83091
2021-02-10,67.95,67.43,67.95,67.0043,78847
2021-02-11,67.52,67.48,67.66,67.03,68785
2021-02-12,67.6,67.95,67.96,67.3959,75199
2021-02-16,68.105,67.94,68.37,67.89,66757
2021-02-17,67.55,67.83,67.88,67.32,19862
2021-02-18,67.3,67.3,67.5,67.0,35218
2021-02-19,67.82,67.79,68.04,67.629,44449
2021-02-22,67.58,67.47,67.97,67.45,44665
2021-02-23,67.38,67.55,67.62,66.076,50042
2021-02-24,67.67,68.54,68.56,67.325,35654
2021-02-25,67.91,66.63,68.62,66.5,41314
2021-02-26,67.56,66.51,67.56,65.91,45426
2021-03-01,67.67,68.26,68.455,67.605,76887
2021-03-02,68.0,67.55,68.22,67.55,42592
2021-03-03,67.75,66.93,67.81,66.93,84590
2021-03-04,67.05,65.8,67.26,64.84,856476
2021-03-05,66.29,67.38,67.45,65.2333,53856
2021-03-08,67.75,67.49,68.31,67.3659,1443752
2021-03-09,68.14,68.07,68.53,67.735,153651
2021-03-10,68.26,68.72,68.9892,68.26,51815
2021-03-11,69.42,69.64,69.76,69.125,974976
2021-03-12,69.63,69.8,69.82,69.33,77629
2021-03-15,70.19,70.27,70.27,69.3957,108889
2021-03-16,70.57,69.76,70.57,69.6493,73925
2021-03-17,69.57,70.14,70.22,69.215,61445
2021-03-18,69.72,68.96,70.28,68.86,75015
2021-03-19,69.09,69.05,69.32,68.4,41875
2021-03-22,68.92,68.9458,69.37,68.8898,82506
2021-03-23,69.07,67.78,69.07,67.61,73418
2021-03-24,67.98,67.39,68.64,67.39,59314
2021-03-25,66.89,68.15,68.27,66.65,79375
2021-03-26,68.31,69.4,69.4,68.31,39223
2021-03-29,69.31,68.83,69.42,68.574,54313
2021-03-30,68.78,69.0,69.235,68.56,72938
2021-03-31,69.4,69.36,69.7,69.28,129871
2021-04-01,69.66,70.19,70.19,69.6451,125738
2021-04-05,70.89,70.97,71.0,70.5713,81020
2021-04-06,71.1,70.93,71.2565,70.83,247639
2021-04-07,71.02,70.78,71.04,70.61,77555
2021-04-08,70.84,71.07,71.07,70.595,46289
2021-04-09,71.07,71.52,71.54,71.005,50297
2021-04-12,71.67,71.57,71.67,71.2714,220899
2021-04-13,71.38,71.48,71.6,71.21,46761
2021-04-14,71.38,71.6,72.03,71.38,71124
2021-04-15,71.86,72.15,72.15,71.7631,69458
2021-04-16,72.39,72.42,72.54,72.23,73746
2021-04-19,72.5,72.0,72.5,71.75,845719
2021-04-20,71.75,71.12,71.8257,70.78,208045
2021-04-21,70.99,72.07,72.07,70.99,495141
2021-04-22,72.28,71.47,72.31,71.28,69252
2021-04-23,71.46,72.45,72.68,71.46,43086
2021-04-26,72.72,72.73,72.85,72.62,83155
2021-04-27,72.98,72.86,72.98,72.65,63709
2021-04-28,72.76,72.91,73.13,72.76,65723
2021-04-29,73.33,73.28,73.59,72.69,46968
2021-04-30,73.15,72.55,73.15,72.45,45877
2021-05-03,72.87,72.99,73.18,72.83,28721
2021-05-04,72.47,72.64,72.66,71.89,62607
2021-05-05,72.99,72.83,73.14,72.5981,39131
2021-05-06,72.66,73.31,73.31,72.31,62184
2021-05-07,73.32,73.92,74.04,73.32,146565
2021-05-10,74.24,73.18,74.24,73.16,60942
2021-05-11,72.58,72.53,72.77,71.75,925898
2021-05-12,71.79,70.79,72.4,70.699,111151
2021-05-13,70.9,71.79,72.09,70.77,169054
2021-05-14,72.22,73.09,73.19,72.22,123450
2021-05-17,73.14,73.07,73.14,72.6,73744
2021-05-18,73.04,72.29,73.19,72.28,66581
2021-05-19,71.63,71.93,71.93,70.9501,53562
2021-05-20,72.2,72.45,72.64,71.94,55699
2021-05-21,72.72,72.53,73.1,72.45,66405
2021-05-24,73.06,73.08,73.3,72.77,45717
2021-05-25,73.12,72.59,73.4934,72.59,79243
2021-05-26,72.64,73.13,73.15,72.64,106270
2021-05-27,73.34,73.45,73.5696,73.34,79928
2021-05-28,73.57,73.5,73.61,73.3101,95971
2021-06-01,73.79,73.79,74.015,73.655,88092
2021-06-02,73.58,73.74,73.91,73.58,86897
2021-06-03,73.6,73.5,73.64,73.1,70904
2021-06-04,73.66,73.98,74.05,73.66,51602
2021-06-07,74.0,74.07,74.07,73.84,48708
2021-06-08,74.11,74.23,74.32,73.71,115184
2021-06-09,74.46,73.88,74.46,73.875,77343
2021-06-10,74.18,73.88,74.396,73.75,39213
2021-06-11,74.22,74.21,74.36,73.94,38925
2021-06-14,74.57,74.01,74.57,73.675,60827
2021-06-15,74.01,74.03,74.09,73.69,57902
2021-06-16,73.85,73.65,73.955,73.235,83151
2021-06-17,73.78,72.99,73.78,72.5144,68640
2021-06-18,72.5,71.81,72.5,71.81,57885
2021-06-21,72.05,72.9099,73.1193,72.05,51677
2021-06-22,72.76,73.24,73.409,72.67,82505
2021-06-23,73.25,73.27,73.53,73.23,94374
2021-06-24,73.64,73.87,73.92,73.5384,82165
2021-06-25,74.05,74.23,74.33,74.05,56896
2021-06-28,74.29,74.0,74.29,73.72,70895
2021-06-29,74.07,74.01,74.32,73.925,161902
2021-06-30,73.98,74.21,74.25,73.98,102101
2021-07-01,74.455,74.65,74.7,74.355,73803
2021-07-02,74.74,74.89,74.94,74.5685,49302
2021-07-06,74.97,74.33,74.97,73.89,73059
2021-07-07,74.49,74.41,74.51,73.855,87388
2021-07-08,73.64,73.54,73.99,73.0767,72088
2021-07-09,74.06,74.83,74.86,74.06,55268
2021-07-12,74.81,75.12,75.12,74.56,51721
2021-07-13,74.99,74.5,74.99,74.5,47802
2021-07-14,75.07,74.32,75.11,74.19,73158
2021-07-15,74.03,74.01,74.26,73.661,52505
2021-07-16,74.38,73.27,74.38,73.24,42625
2021-07-19,72.2,72.07,72.2589,71.62,87744
2021-07-20,72.19,73.36,73.65,72.1,60591
2021-07-21,73.72,74.31,74.31,73.72,53360
2021-07-22,74.26,74.12,74.26,73.9121,51851
2021-07-23,74.5,74.79,74.82,74.27,39698
2021-07-26,74.84,75.07,75.0825,74.84,32665
2021-07-27,75.07,74.58,75.07,74.07,79305
2021-07-28,74.8,74.81,75.04,74.4324,49607
2021-07-29,75.1307,75.28,75.499,75.03,39818
2021-07-30,74.75,74.85,75.24,74.7281,38200
2021-08-02,75.26,74.67,75.58,74.64,43984
2021-08-03,74.85,75.38,75.38,74.32,54895
2021-08-04,75.09,74.82,75.15,74.82,196776
2021-08-05,75.04,75.43,75.45,75.04,61237
2021-08-06,75.66,75.74,75.89,75.57,71608
2021-08-09,75.82,75.63,75.82,75.38,62412
2021-08-10,75.79,75.94,76.08,75.73,41850
2021-08-11,76.1,76.33,76.33,75.88,47344
2021-08-12,76.35,76.39,76.4,76.02,59666
2021-08-13,76.49,76.29,76.49,76.1829,61145
2021-08-16,76.0,76.27,76.27,75.6134,78716
2021-08-17,75.76,75.51,75.76,74.8666,39930
2021-08-18,75.28,74.72,75.675,74.71,37961
2021-08-19,74.2001,74.39,74.64,74.0303,27547
2021-08-20,74.55,75.16,75.17,74.46,41212
2021-08-23,75.58,75.94,76.059,75.58,34111
2021-08-24,76.16,76.25,76.42,76.16,45288
2021-08-25,76.36,76.64,76.7995,76.25,67702
2021-08-26,76.68,76.02,76.68,75.96,70610
2021-08-27,76.11,77.01,77.07,76.11,79487
2021-08-30,77.15,77.0,77.23,76.845,51667
2021-08-31,77.0,76.86,77.039,76.7716,62479
2021-09-01,76.93,76.82,77.06,76.73,76874
2021-09-02,77.16,77.19,77.33,77.0,103124
2021-09-03,76.99,77.04,77.13,76.915,89310
2021-09-07,76.95,76.6,76.95,76.56,60545
2021-09-08,76.46,76.29,76.53,75.9718,54483
2021-09-09,76.3,76.13,76.7,76.11,64865
2021-09-10,76.67,75.61,76.67,75.6,74993
2021-09-13,76.11,75.93,76.11,75.5199,70028
2021-09-14,76.25,75.3,76.25,75.1594,80947
2021-09-15,75.55,76.11,76.2,75.2501,210983
2021-09-16,76.21,75.99,76.24,75.55,53633
2021-09-17,76.09,75.43,76.09,75.1933,57793
2021-09-20,74.05,73.7494,74.328,73.1095,99558
2021-09-21,74.32,73.69,74.32,73.44,135235
2021-09-22,74.23,74.52,74.94,74.11,93641
2021-09-23,74.92,75.65,75.97,74.92,113650
2021-09-24,75.53,75.72,75.85,75.37,123997
2021-09-27,75.61,76.06,76.26,75.61,89193
2021-09-28,75.62,74.63,75.6884,74.57,77804
2021-09-29,75.03,74.68,75.05,74.62,73857
2021-09-30,74.79,73.7,75.0,73.7,74056
2021-10-01,74.03,74.63,74.93,73.3913,119418
2021-10-04,74.5,73.89,74.66,73.58,72592
2021-10-05,74.12,74.61,75.02,74.0203,55542
2021-10-06,73.88,74.67,74.67,73.54,64475
2021-10-07,75.26,75.44,75.89,75.26,49176
2021-10-08,75.47,75.31,75.68,75.25,26161
2021-10-11,75.5,74.84,75.85,74.84,153174
2021-10-12,75.1,74.78,75.14,74.63,110933
2021-10-13,75.13,74.95,75.13,74.26,100874
2021-10-14,75.7,76.15,76.24,75.61,44012
2021-10-15,76.72,76.65,76.909,76.62,57252
2021-10-18,76.27,76.94,76.94,76.27,43358
2021-10-19,77.21,77.38,77.41,77.0,69595
2021-10-20,77.4,77.78,77.87,77.4,102244
2021-10-21,77.8,77.89,77.97,77.4509,163674
2021-10-22,77.91,77.91,78.17,77.75,55187
2021-10-25,78.1,78.32,78.4255,77.8819,50144
2021-10-26,78.6,78.18,78.69,78.1212,98305
2021-10-27,78.3,77.34,78.3,77.34,65519
2021-10-28,77.54,78.28,78.31,77.54,164019
2021-11-01,78.74,78.92,78.92,78.4162,59379
2021-11-02,78.87,79.1,79.13,78.8,141862
2021-11-03,78.96,79.8,79.839,78.9506,169534
2021-11-04,79.91,79.88,80.09,79.57,144531
2021-11-05,80.49,80.4,80.68,80.07,60502
2021-11-08,80.75,80.518,80.8,80.42,46132
2021-11-09,80.44,80.32,80.52,80.0291,76882
2021-11-10,80.0,79.57,80.29,79.34,77512
2021-11-11,79.87,79.83,80.01,79.74,67119
2021-11-12,80.19,80.37,80.41,79.8988,48949
2021-11-15,80.66,80.33,80.66,80.2303,61142
2021-11-16,80.27,80.63,80.9,80.27,145430
2021-11-17,80.77,80.16,80.77,80.0523,174534
2021-11-18,80.22,80.3,80.39,79.73,60426
2021-11-19,80.17,79.94,80.3583,79.8897,148880
2021-11-22,80.42,79.96,80.825,79.93,113934
2021-11-23,79.9,80.23,80.3,79.47,60459
2021-11-24,80.1,80.25,80.27,79.67,78657
2021-11-29,79.31,78.87,79.34,78.3964,78417
2021-11-30,78.33,77.18,78.49,77.03,86823
2021-12-01,78.27,76.15,78.78,76.15,134160
2021-12-02,76.4,77.5,77.82,76.0241,193196
2021-12-03,77.88,76.83,77.935,76.16,171456
2021-12-06,77.45,77.85,78.2594,76.96,116122
2021-12-07,78.86,79.41,79.66,78.79,118031
2021-12-08,79.49,79.6,79.72,79.28,93812
2021-12-09,79.44,78.95,79.51,78.93,73007
2021-12-10,79.52,79.5,79.52,78.77,206123
2021-12-13,79.32,78.55,79.4999,78.53,55239
2021-12-14,78.18,78.11,78.57,77.8706,73032
2021-12-15,78.31,78.9392,79.248,77.58,53918
2021-12-16,79.5,78.3,79.5,78.0415,99461
2021-12-17,78.26,77.6,78.35,77.14,111647
2021-12-20,76.93,76.53,76.93,75.75,156540
2021-12-21,77.26,78.14,78.15,77.085,114078
2021-12-22,78.24,78.84,78.84,78.0414,136869
2021-12-23,79.23,79.35,79.58,79.23,134245
2021-12-27,79.55,80.46,80.46,79.5,58568
2021-12-28,80.57,80.32,80.75,80.21,250190
2021-12-29,80.36,80.53,80.65,80.275,117248
2021-12-30,80.51,80.27,80.93,80.21,112194
2021-12-31,80.25,80.16,80.4099,80.1011,75063
2022-01-03,80.29,80.57,80.7083,80.12,102034
2022-01-04,80.93,81.03,81.21,80.72,75895
2022-01-05,80.99,79.47,81.26,79.43,286627
2022-01-06,79.51,79.71,80.13,79.14,148353
2022-01-07,79.78,79.4,80.0059,79.0833,205111
2022-01-10,79.04,79.18,79.22,77.81,171077
2022-01-11,79.24,79.95,79.99,78.67,147265
2022-01-12,80.36,80.06,80.55,79.65,69500
2022-01-13,80.24,79.3,80.49,79.19,149433
2022-01-14,78.87,79.37,79.4,78.51,113233
2022-01-18,78.7,77.81,78.7,77.6585,136792
2022-01-19,78.2,76.86,78.33,76.83,141326
2022-01-20,77.27,75.72,77.94,75.665,138484
2022-01-21,75.64,74.3,76.02,74.26,213679
2022-01-24,73.14,75.01,75.0582,71.7419,321606
2022-01-25,74.28,74.17,75.03,72.86,301531
2022-01-26,75.28,73.84,75.71,73.05,256654
2022-01-27,74.65,73.39,75.26,73.0539,681894
2022-01-28,73.63,74.77,74.82,72.74,154965
2022-01-31,74.7,76.22,76.23,74.6004,164928
2022-02-01,76.4,76.99,77.05,75.92,156402
2022-02-02,77.43,77.49,77.59,76.8,112446
2022-02-03,76.58,75.85,76.94,75.73,227915
2022-02-04,75.9,76.2,76.77,75.39,174838
2022-02-07,76.46,76.08,76.68,75.9,146456
2022-02-08,76.16,76.92,77.0527,75.9,96288
2022-02-09,77.69,78.06,78.08,77.53,130134
2022-02-10,77.38,76.86,78.32,76.4921,418505
2022-02-11,76.89,75.65,77.218,75.4184,151478
2022-02-14,75.49,75.25,75.76,74.7401,147766
2022-02-15,76.05,76.61,76.65,75.93,226137
2022-02-16,76.39,76.73,76.95,76.04,175114
2022-02-17,76.35,75.12,76.35,75.0099,202194
2022-02-18,75.07,74.62,75.43,74.33,207029
2022-02-22,74.3,73.7,74.85,73.16,196228
2022-02-23,74.36,72.52,74.36,72.4,446049
2022-02-24,70.81,73.43,73.52,70.71,347874
2022-02-25,73.61,75.21,75.23,73.452,208647
2022-02-28,74.46,75.22,75.43,74.26,184695
2022-03-01,74.9,73.82,75.38,73.48,433236
2022-03-02,74.38,75.56,75.819,74.38,491064
2022-03-03,76.0,75.15,76.0,74.81,160419
2022-03-04,74.62,74.37,74.62,73.67,344793
2022-03-07,74.24,72.14,74.3999,72.09,297572
2022-03-08,72.17,71.89,73.565,71.73,254849
2022-03-09,73.34,73.6,73.92,72.96,418896
2022-03-10,72.74,73.56,73.65,72.64,141190
2022-03-11,74.13,72.71,74.13,72.64,124209
2022-03-14,73.02,72.08,73.28,71.84,185094
2022-03-15,72.67,73.32,73.42,72.19,293704
2022-03-16,73.96,75.03,75.06,73.37,369496
2022-03-17,74.79,76.0,76.01,74.78,120397
2022-03-18,75.99,76.8,76.8499,75.63,329158
2022-03-21,76.91,76.5552,77.32,76.27,141980
2022-03-22,76.91,77.29,77.43,76.91,221232
2022-03-23,76.89,76.32,77.11,76.32,153997
2022-03-24,76.76,77.28,77.3,76.45,114863
2022-03-25,77.44,77.78,77.78,77.1162,126412
2022-03-28,77.43,77.88,77.93,77.0473,272711
2022-03-29,78.36,78.93,79.07,78.1501,138645
2022-03-30,78.93,78.26,78.95,77.99,191797
2022-03-31,78.26,77.1,78.35,77.07,123753
2022-04-01,77.42,77.24,77.5596,76.6,92897
2022-04-04,77.47,77.62,77.65,77.09,88327
2022-04-05,77.41,76.54,77.86,76.4101,434008
2022-04-06,75.98,75.75,76.06,75.28,107064
2022-04-07,75.73,76.03,76.35,75.035,115045
2022-04-08,76.05,76.08,76.5703,75.7238,123680
2022-04-11,75.75,75.1,75.91,75.0138,200273
2022-04-12,75.68,75.01,76.2695,74.7379,127837
2022-04-13,75.17,76.01,76.08,75.08,184901
2022-04-14,75.98,75.3,76.3,75.3,106101
2022-04-18,75.19,75.34,75.72,75.0172,149407
2022-04-19,75.32,76.56,76.7097,75.32,180807
2022-04-20,76.96,76.75,77.15,76.56,141022
2022-04-21,77.38,75.38,77.5,75.2,287748
2022-04-22,75.1,73.21,75.12,73.14,252518
2022-04-25,72.57,73.5,73.55,71.725,369269
2022-04-26,73.02,71.58,73.12,71.55,200155
2022-04-27,71.84,71.76,72.5276,71.28,250536
2022-04-28,72.53,73.41,73.76,71.62,212924
2022-04-29,73.04,71.01,73.4,70.928,164677
2022-05-02,70.89,71.57,71.6887,69.97,325308
2022-05-03,71.65,72.23,72.57,71.57,430110
2022-05-04,72.41,74.38,74.51,71.8419,311710
2022-05-05,73.79,71.87,73.79,71.1698,427124
2022-05-06,71.6,71.42,71.9386,70.39,526290
2022-05-09,70.29,68.99,70.47,68.66,455859
2022-05-10,70.04,69.04,70.19,68.08,1405290
2022-05-11,69.04,67.99,70.1129,67.88,442446
2022-05-12,67.5,68.11,68.65,66.8126,482754
2022-05-13,68.82,69.73,70.1,68.82,517434
2022-05-16,69.51,69.61,70.23,69.18,385886
2022-05-17,70.75,71.23,71.29,70.21,392356
2022-05-18,70.49,68.43,70.49,68.15,356022
2022-05-19,67.89,68.13,68.91,67.65,658364
2022-05-20,68.69,67.98,68.79,66.44,420449
2022-05-23,68.64,69.3,69.48,68.2881,608812
2022-05-24,68.55,68.63,68.8795,67.4606,481336
2022-05-25,68.36,69.6,69.8949,68.2511,366231
2022-05-26,69.85,71.11,71.44,69.85,319264
2022-05-27,71.46,72.78,72.8,71.46,242064
2022-05-31,72.65,72.2,72.845,71.9,249537
2022-06-01,72.68,71.79,72.8142,71.19,231493
2022-06-02,71.73,73.05,73.05,71.44,270235
2022-06-03,72.43,72.15,72.545,71.905,185481
2022-06-06,72.83,72.48,73.06,72.29,259984
2022-06-07,71.92,73.27,73.33,71.92,201447
2022-06-08,73.1,72.38,73.1763,72.1888,113601
2022-06-09,72.12,70.69,72.1805,70.69,109329
2022-06-10,69.7,68.64,69.7,68.57,218907
2022-06-13,66.86,65.83,67.07,65.5001,613573
2022-06-15,66.35,66.41,67.1476,65.24,808709
2022-06-16,65.14,63.87,65.14,63.35,623965
2022-06-17,63.82,63.577,64.51,63.22,417272
2022-06-21,64.62,65.03,65.32,64.62,582867
2022-06-22,64.07,64.68,65.32,63.99,462135
2022-06-23,65.08,64.96,65.08,64.0789,672540
2022-06-24,65.57,66.99,66.99,65.54,536046
2022-06-27,67.32,67.11,67.5199,66.76,539027
2022-06-28,67.51,66.06,67.9615,65.9973,379505
2022-06-29,66.1,65.66,66.1,65.3318,457353
2022-06-30,64.88,65.04,65.68,64.28,441171
2022-07-01,64.98,65.69,65.79,64.36,462777
2022-07-05,64.75,65.56,65.6,64.0802,305807
2022-07-06,65.64,65.57,65.98,64.86,459881
2022-07-07,66.1,66.828,66.97,66.1,217808
2022-07-08,66.68,66.72,67.0681,66.25,139489
2022-07-11,66.22,65.96,66.38,65.85,207701
2022-07-12,65.9675,65.49,66.19,65.1911,267702
2022-07-13,64.73,65.22,65.6399,64.5195,377597
2022-07-14,64.38,64.8,64.88,63.65,317616
2022-07-15,65.65,66.07,66.09,65.17,662368
2022-07-18,66.72,65.85,66.93,65.625,182614
2022-07-19,66.52,67.73,67.81,66.52,372831
2022-07-20,67.63,68.22,68.38,67.5,377078
2022-07-21,67.92,68.6,68.6,67.383,527565
2022-07-22,68.56,67.89,68.78,67.51,172788
2022-07-25,68.06,68.26,68.36,67.82,227986
2022-07-26,68.13,67.52,68.13,67.36,277710
2022-07-27,68.06,69.16,69.41,68.0,306144
2022-07-28,69.36,69.94,69.98,68.5701,569292
2022-07-29,70.25,71.0,71.15,70.15,159949
2022-08-01,70.57,70.75,70.9754,70.205,203546
2022-08-02,70.5,70.24,71.029,70.02,309126
2022-08-03,70.66,71.07,71.28,70.43,188908
2022-08-04,71.12,70.78,71.12,70.67,236053
2022-08-05,70.06,70.93,70.958,70.06,292997
2022-08-08,71.28,71.05,71.6986,70.88,278547
2022-08-09,71.0,70.68,71.03,70.4994,224493
2022-08-10,71.82,72.24,72.31,71.6962,224111
2022-08-11,72.77,72.57,73.225,72.49,730055
2022-08-12,72.88,73.78,73.78,72.76,185185
2022-08-15,73.32,73.86,73.93,73.156,96017
2022-08-16,73.68,74.13,74.44,73.6791,131744
2022-08-17,73.47,73.53,73.91,73.1,192189
2022-08-18,73.56,73.92,74.05,73.5001,74044
2022-08-19,73.49,72.96,73.5,72.76,77215
2022-08-22,72.21,71.57,72.21,71.39,191296
2022-08-23,71.64,71.61,72.206,71.58,96067
2022-08-24,71.49,71.89,72.059,71.49,86665
2022-08-25,72.18,72.92,72.96,72.0493,372221
2022-08-26,72.92,70.69,72.9745,70.69,184982
2022-08-29,70.2,70.28,70.785,70.017,243374
2022-08-30,70.46,69.31,70.46,69.0,286831
2022-08-31,69.57,68.83,69.6896,68.815,159468
2022-09-01,68.35,68.72,68.75,67.808,214738
2022-09-02,69.52,68.29,69.74,67.99,156770
2022-09-06,68.52,67.85,68.52,67.49,391510
2022-09-07,67.67,68.98,69.1,67.67,260832
2022-09-08,68.59,69.53,69.54,68.47,204021
2022-09-09,70.05,70.72,70.85,70.05,215357
2022-09-12,71.2,71.47,71.65,71.13,423201
2022-09-13,69.91,68.57,70.2,68.34,279598
2022-09-14,68.85,68.82,69.06,68.19,189920
2022-09-15,68.57,68.17,69.02,67.92,226829
2022-09-16,67.6,67.39,67.6,66.78,635036
2022-09-19,66.86,67.7154,68.0472,66.86,226636
2022-09-20,67.14,66.88,67.1658,66.391,280023
2022-09-22,65.87,65.02,65.87,64.94,435677
2022-09-23,64.33,63.59,64.33,62.795,487918
2022-09-26,63.29,62.81,63.995,62.6,588596
2022-09-27,63.53,62.87,63.8122,62.37,561750
2022-09-28,63.16,64.35,64.65,62.92,536376
2022-09-29,63.79,63.14,63.79,62.59,859432
2022-09-30,63.01,62.35,63.7,62.29,538014
2022-10-03,63.16,64.17,64.46,62.9986,1034623
2022-10-04,65.17,66.41,66.41,65.17,389912
2022-10-05,65.71,66.3,66.61,65.26,475287
2022-10-06,66.06,65.8,66.54,65.67,303442
2022-10-07,65.28,64.17,65.28,63.8143,411839
2022-10-10,64.27,63.76,64.36,63.33,337915
2022-10-11,63.46,63.43,64.33,62.94,415188
2022-10-12,63.38,63.25,63.693,63.1793,537228
2022-10-13,62.11,64.94,65.18,61.777,315935
2022-10-14,65.33,63.37,65.48,63.25,384970
2022-10-17,64.54,64.86,65.04,64.5382,508529
2022-10-18,66.16,65.62,66.35,65.0,281333
2022-10-19,65.21,65.08,65.62,64.63,367437
2022-10-20,65.17,64.48,65.74,64.31,307705
2022-10-21,64.48,66.08,66.13,64.43,230777
2022-10-24,66.38,66.81,66.9703,65.9559,211000
2022-10-25,66.8,67.88,67.98,66.8,248329
2022-10-26,67.53,67.76,68.65,67.53,294914
2022-10-27,68.11,67.59,68.46,67.48,236393
2022-10-28,67.77,69.09,69.11,67.7,123518
2022-10-31,68.73,68.81,69.16,68.5801,189037
2022-11-01,69.56,68.83,69.56,68.52,2290708
2022-11-02,68.64,67.11,69.47,67.08,433502
2022-11-03,66.52,66.71,67.1746,66.1066,338715
2022-11-04,67.75,67.65,68.1367,66.6789,204683
2022-11-07,67.97,68.39,68.43,67.49,377191
2022-11-08,68.65,68.72,69.22,68.0,277156
2022-11-09,68.39,67.17,68.47,67.09,212061
2022-11-10,69.54,70.68,70.7001,69.24,174407
2022-11-11,71.0,71.4,71.57,70.7,154587
2022-11-14,71.19,70.83,71.75,70.78,184304
2022-11-15,71.8,71.44,72.02,70.85,446638
2022-11-16,71.13,70.64,71.13,70.54,197881
2022-11-17,69.84,70.42,70.49,69.62,392851
2022-11-18,71.16,70.76,71.16,70.26,169793
2022-11-21,70.48,70.48,70.6488,70.04,598222
2022-11-22,70.77,71.58,71.63,70.77,150184
2022-11-23,71.47,71.85,71.9879,71.37,217641
2022-11-25,71.69,71.91,72.02,71.69,64796
2022-11-28,71.34,70.7,71.52,70.5436,325016
2022-11-29,70.91,70.8,71.09,70.525,177071
2022-11-30,70.96,72.69,72.69,70.3362,244108
2022-12-01,72.81,72.57,72.9621,72.18,234422
2022-12-02,71.76,72.51,72.63,71.75,202916
2022-12-05,71.98,70.88,72.1123,70.67,310267
2022-12-06,71.07,70.01,71.0799,69.6,173420
2022-12-07,69.87,69.85,70.31,69.71,179604
2022-12-08,70.31,70.26,70.5585,69.99,364106
2022-12-09,70.08,69.59,70.35,69.565,228936
2022-12-12,69.65,70.56,70.6,69.55,133601
2022-12-13,72.41,71.03,72.5133,70.63,249090
2022-12-14,71.09,70.348,71.6,70.12,301643
2022-12-15,69.56,68.69,69.56,68.42,238271
2022-12-16,68.1,67.97,68.305,67.4902,329913
2022-12-19,68.04,67.31,68.12,67.0483,332210
2022-12-20,67.33,67.52,67.85,67.12,514698
2022-12-21,68.17,68.66,68.82,67.97,367388
2022-12-22,68.09,67.65,68.09,66.6691,355242
2022-12-23,67.53,68.19,68.19,67.34,238321
2022-12-27,68.12,67.98,68.31,67.78,257228
2022-12-28,67.93,66.98,68.1802,66.98,299083
2022-12-29,67.43,68.22,68.33,67.42,334163
2022-12-30,67.84,68.01,68.04,67.42,316902
2023-01-03,68.43,67.58,68.66,67.1499,217844
2023-01-04,68.02,68.25,68.5701,67.6155,247501
2023-01-05,67.86,67.72,68.04,67.4576,194496
2023-01-06,68.31,69.34,69.5,67.9995,312929
2023-01-09,69.77,69.28,70.2,69.2297,194019
2023-01-10,69.12,69.85,69.86,68.972,203836
2023-01-11,70.17,70.63,70.63,69.98,355667
2023-01-12,70.89,71.0797,71.2812,70.24,210061
2023-01-13,70.49,71.36,71.41,70.41,197707
2023-01-17,71.36,71.17,71.555,71.07,234758
2023-01-18,71.48,70.1,71.6813,70.07,227700
2023-01-19,69.6,69.55,69.93,69.19,163707
2023-01-20,69.86,70.78,70.82,69.5082,225922
2023-01-23,70.99,71.62,71.9588,70.82,219279
2023-01-24,71.35,71.53,72.2225,70.2001,425183
2023-01-25,70.87,71.62,71.66,70.545,509962
2023-01-26,72.03,72.37,72.41,71.5864,178475
2023-01-27,72.23,72.46,72.83,72.135,149465
2023-01-30,71.98,71.57,72.3699,71.5119,236167
2023-01-31,71.7,72.74,72.74,71.6,245163
2023-02-01,72.56,73.43,73.93,72.04,223285
2023-02-02,74.07,74.29,74.4924,73.68,180882
2023-02-03,73.58,73.74,74.47,73.54,202039
2023-02-06,73.32,73.14,73.45,72.89,221001
2023-02-07,73.08,74.03,74.2417,72.76,180203
2023-02-08,73.67,73.18,73.8824,73.14,343021
2023-02-09,73.82,72.48,73.8593,72.35,238103
2023-02-10,72.39,72.83,72.89,72.26,108614
2023-02-13,72.96,73.63,73.66,72.78,468533
2023-02-14,73.39,73.67,74.03,72.92,543791
2023-02-15,73.2,73.89,73.89,73.05,283762
2023-02-16,73.08,73.04,73.81,72.96,291549
2023-02-17,72.71,72.74,72.84,72.29,264647
2023-02-21,72.1,71.21,72.23,71.19,247106
2023-02-22,71.37,71.19,71.61,70.92,427269
2023-02-23,71.75,71.5,71.79,70.71,372964
2023-02-24,70.64,70.93,71.0625,70.3615,242375
2023-02-27,71.5,71.19,71.829,71.02,213345
2023-02-28,71.23,70.97,71.48,70.95,171921
2023-03-01,70.9,70.96,71.23,70.72,320873
2023-03-02,70.57,71.4,71.54,70.44,185039
2023-03-03,71.71,72.44,72.49,71.5,161807
2023-03-06,72.57,72.13,72.7,72.0229,226297
2023-03-07,72.17,71.1,72.17,70.9713,215973
2023-03-08,71.09,71.13,71.36,70.69,173031
2023-03-09,71.2,69.59,71.4702,69.45,426077
2023-03-10,69.37,68.28,69.7195,67.8979,607067
2023-03-13,67.25,67.42,68.425,66.75,690005
2023-03-14,68.76,68.54,69.11,67.7728,321012
2023-03-15,67.36,67.53,67.555,66.57,1606796
2023-03-16,67.16,68.69,68.79,66.8699,905838
2023-03-17,68.59,67.57,68.59,67.33,585910
2023-03-20,67.77,68.35,68.63,67.77,501632
2023-03-21,69.13,69.51,69.62,69.09,275077
2023-03-22,69.56,67.9058,69.93,68.17,1553412
2023-03-23,68.47,67.85,69.06,67.33,645324
2023-03-24,67.47,68.18,68.23,66.96,785179
2023-03-27,68.82,68.64,68.96,68.29,475600
2023-03-28,68.53,68.67,68.77,68.29,386963
2023-03-29,69.27,69.58,69.6084,69.1,695234
2023-03-30,70.02,69.83,70.12,69.54,409903
2023-03-31,69.97,70.88,70.9,69.97,294504
2023-04-03,70.91,71.18,71.34,70.66,269238
2023-04-04,71.41,70.39,71.41,70.07,322413
2023-04-05,70.18,70.16,70.33,69.74,295172
2023-04-06,70.09,70.2393,70.35,69.75,329430
2023-04-10,69.91,70.63,70.63,69.88,282607
2023-04-11,70.86,70.93,71.18,70.7,203169
2023-04-12,71.3,70.6,71.35,70.5164,344516
2023-04-13,70.86,71.36,71.455,70.6325,280573
2023-04-14,71.31,71.23,71.76,70.8,458689
2023-04-17,71.25,71.48,71.48,70.97,348199
2023-04-18,71.72,71.52,71.75,71.25,268104
2023-04-19,71.16,71.51,71.6,71.09,215185
2023-04-20,70.97,71.13,71.41,70.8747,407514
2023-04-21,71.22,71.04,71.22,70.71,240438
2023-04-24,71.02,71.16,71.26,70.85,219498
2023-04-25,70.82,69.79,70.82,69.79,387199
2023-04-26,69.92,69.33,69.9653,69.2,539789
2023-04-27,69.75,70.54,70.58,69.61,182753
2023-04-28,70.35,71.19,71.21,70.35,345321
2023-05-01,71.19,71.18,71.52,71.1026,242868
2023-05-02,71.04,70.11,71.04,69.5,562266
2023-05-03,70.12,69.67,70.7,69.64,521215
2023-05-04,69.46,68.92,69.5,68.68,597399
