2020-10-08,17.32,14.5,18.0,13.75,2043801
2020-10-09,14.03,13.54,14.3921,13.54,91152
2020-10-12,13.97,12.6,13.97,12.6,136245
2020-10-13,12.48,12.25,12.88,12.1,92781
2020-10-14,12.15,12.31,12.8,12.08,73376
2020-10-15,12.35,11.8,12.4,11.475,72475
2020-10-16,11.66,12.0,12.01,11.5,139713
2020-10-19,12.0,11.9,12.5,11.68,35577
2020-10-20,11.86,11.75,12.0,11.615,54328
2020-10-21,11.5,11.38,11.58,11.23,32411
2020-10-22,11.23,11.18,11.37,10.701,63227
2020-10-23,11.48,11.08,11.48,10.96,5552
2020-10-26,11.0,11.1,11.4,11.0,6104
2020-10-27,11.02,11.17,11.225,10.88,15311
2020-10-28,11.09,10.99,11.45,10.7784,23536
2020-10-29,10.815,10.82,10.9,10.64,12040
2020-10-30,10.67,10.98,10.98,10.64,6556
2020-11-02,11.35,11.5,11.5925,11.3278,48528
2020-11-03,11.6,11.99,12.2,11.52,45309
2020-11-04,12.02,11.9,12.35,11.4,32846
2020-11-05,12.0,11.6,12.39,11.55,16213
2020-11-06,11.6,10.77,11.6,10.66,50174
2020-11-09,10.9,11.09,11.5752,10.77,35837
2020-11-10,10.97,11.15,11.69,10.55,90608
2020-11-11,11.5,11.65,11.94,10.95,77255
2020-11-12,11.78,12.22,12.37,11.2501,57094
2020-11-13,12.25,12.25,12.6559,11.75,26037
2020-11-16,12.39,12.85,12.99,11.66,63524
2020-11-17,12.68,13.27,13.4,12.5112,33147
2020-11-18,13.44,12.99,13.44,12.69,36826
2020-11-19,12.4518,12.28,13.4,12.26,39659
2020-11-20,12.81,12.4,13.0,12.32,51624
2020-11-23,12.46,12.33,12.75,11.97,42001
2020-11-24,12.5077,12.23,12.7001,12.08,18294
2020-11-25,12.31,12.91,12.91,11.59,48643
2020-11-27,13.2,13.55,13.88,12.8101,25932
2020-11-30,13.78,13.95,14.315,13.0889,47051
2020-12-01,14.13,14.23,14.605,13.755,16667
2020-12-02,13.775,14.49,14.59,13.775,29554
2020-12-03,14.02,14.82,14.95,14.0,23751
2020-12-04,14.69,14.46,14.99,13.51,19657
2020-12-07,14.8104,13.26,14.93,12.26,58520
2020-12-08,13.035,12.99,13.41,12.76,29561
2020-12-09,13.11,12.51,13.11,12.01,46042
2020-12-10,12.51,13.06,13.26,12.51,40535
2020-12-11,12.81,13.57,13.93,12.77,28451
2020-12-14,13.99,13.94,14.52,12.92,69984
2020-12-15,14.0,13.46,14.0,12.88,24348
2020-12-16,13.71,12.36,13.99,12.36,39738
2020-12-17,12.42,12.59,13.21,12.42,33684
2020-12-18,12.58,12.52,13.9,12.52,269015
2020-12-21,12.83,13.02,13.83,12.13,74870
2020-12-22,13.34,12.52,13.44,12.51,55290
2020-12-23,12.51,12.87,13.2389,12.5,42100
2020-12-24,12.73,12.56,12.965,12.56,4755
2020-12-28,13.37,12.84,13.5,12.69,5182
2020-12-29,13.01,12.73,13.01,12.5,20284
2020-12-30,12.87,12.8,13.38,12.7144,15987
2020-12-31,12.8,13.63,13.75,12.36,49642
2021-01-04,13.52,13.2,13.52,12.85,38773
2021-01-05,13.1172,13.18,13.5,13.01,7959
2021-01-06,13.18,13.9,13.98,13.18,22206
2021-01-07,13.84,14.2,14.8999,13.69,30680
2021-01-08,14.13,14.05,14.69,13.53,130801
2021-01-11,13.38,14.53,14.8802,13.3,27071
2021-01-12,14.64,14.5,14.65,14.19,9622
2021-01-13,14.08,14.5,14.51,14.08,38121
2021-01-14,14.25,15.62,15.97,14.005,29587
2021-01-15,15.42,14.99,15.9,14.91,15148
2021-01-19,14.8,14.41,15.376,14.25,8069
2021-01-20,15.4775,15.71,15.8,14.76,21036
2021-01-21,15.51,14.89,15.51,14.73,6110
2021-01-22,14.89,15.3,15.3,14.89,5876
2021-01-25,15.39,16.0,16.15,14.48,29575
2021-01-26,15.82,15.81,15.88,15.54,5937
2021-01-27,15.55,15.93,18.2,14.64,31274
2021-01-28,16.37,15.96,16.42,15.41,6181
2021-01-29,15.87,16.18,16.716,15.1,9092
2021-02-01,16.17,15.79,16.27,15.52,7306
2021-02-02,15.42,15.48,15.52,15.31,2959
2021-02-03,15.03,16.41,16.5,14.34,15639
2021-02-04,16.24,15.95,16.2469,15.15,6291
2021-02-05,15.52,15.94,16.7,15.52,8179
2021-02-08,16.2,15.96,16.2,15.57,6075
2021-02-09,16.09,15.86,16.37,15.8183,6256
2021-02-10,16.18,15.69,16.68,15.68,9702
2021-02-11,15.65,14.5,16.39,14.5,13965
2021-02-12,15.94,15.58,15.97,15.35,11341
2021-02-16,15.84,15.15,15.84,14.93,12668
2021-02-17,15.445,15.7,15.75,14.52,7496
2021-02-18,14.84,15.6,16.06,14.7341,9166
2021-02-19,15.13,16.3,16.64,15.13,7587
2021-02-22,15.35,15.8,15.94,15.35,4663
2021-02-23,15.33,15.56,15.56,14.5201,30026
2021-02-24,15.4,15.4,15.73,15.0,9289
2021-02-25,15.05,15.32,15.64,15.05,13668
2021-02-26,15.475,15.92,15.96,15.221,6723
2021-03-01,15.46,15.51,15.9199,14.45,24597
2021-03-02,15.4,15.25,15.8,14.52,8053
2021-03-03,15.21,14.97,15.21,14.8,4403
2021-03-04,15.04,14.65,15.295,14.52,9974
2021-03-05,14.65,14.64,14.75,14.52,14121
2021-03-08,14.79,14.53,14.94,14.4,44572
2021-03-09,14.5,14.61,15.01,14.5,48571
2021-03-10,14.51,14.35,14.71,14.27,60299
2021-03-11,14.265,14.26,14.265,14.08,2604
2021-03-12,14.1,13.84,14.11,13.65,6583
2021-03-15,13.83,13.08,14.3,12.7737,11949
2021-03-16,12.93,14.25,14.72,12.93,10800
2021-03-17,13.92,13.92,14.2878,13.92,3917
2021-03-18,13.95,14.12,14.15,13.95,5749
2021-03-19,14.43,16.25,16.25,13.72,33371
2021-03-22,15.83,14.4,15.83,13.99,12557
2021-03-23,14.42,14.41,15.025,14.4,8418
2021-03-24,14.65,14.4,15.185,14.4,16016
2021-03-25,14.09,14.05,14.425,13.99,3508
2021-03-26,14.02,14.68,14.83,14.02,4084
2021-03-29,14.02,13.64,14.47,13.64,2530
2021-03-30,14.67,13.68,14.67,13.65,5159
2021-03-31,14.0,13.82,14.1078,13.7,2372
2021-04-01,13.7698,13.97,14.15,13.75,1943
2021-04-05,13.54,13.67,13.78,13.51,7099
2021-04-06,13.6,13.84,13.84,13.5,4503
2021-04-07,13.97,13.225,14.56,13.01,6787
2021-04-08,13.25,13.2,13.43,13.05,6614
2021-04-09,13.04,13.24,13.26,13.04,3508
2021-04-12,13.04,13.04,13.04,13.04,1934
2021-04-13,13.02,13.06,13.25,13.02,1568
2021-04-14,13.3866,13.06,13.3866,13.06,989
2021-04-15,13.0242,12.98,13.0242,12.98,2538
2021-04-16,13.33,12.9,13.33,12.9,2206
2021-04-19,12.72,12.98,12.98,12.48,11246
2021-04-20,12.93,12.99,12.99,12.75,2535
2021-04-21,12.66,12.66,12.66,12.66,1537
2021-04-22,12.6,12.47,13.185,12.12,2516
2021-04-23,12.02,11.62,12.308,11.61,7274
2021-04-26,11.65,11.85,11.85,11.611,2694
2021-04-27,12.2999,12.05,12.2999,11.48,5091
2021-04-28,12.291,10.66,12.291,10.65,15464
2021-04-29,11.07,10.3,11.07,10.08,17405
2021-04-30,10.32,9.77,10.32,9.63,13027
2021-05-03,9.65,9.66,10.29,9.47,116186
2021-05-04,9.32,9.51,9.84,9.31,17022
2021-05-05,11.0,11.26,11.64,10.0,362462
2021-05-06,11.17,10.87,11.84,10.6,33176
2021-05-07,11.8,11.58,12.39,10.89,19899
2021-05-10,11.18,11.03,11.42,10.81,10305
2021-05-11,10.8,11.01,11.3,10.71,13191
2021-05-12,11.52,10.9,12.02,10.6922,31159
2021-05-13,10.85,10.89,11.6622,10.75,6091
2021-05-14,10.77,11.5,11.5,10.77,5855
2021-05-17,11.765,11.0,11.765,10.82,6443
2021-05-18,11.2463,11.13,11.2463,10.4,154054
2021-05-19,10.64,11.83,12.52,10.49,98261
2021-05-20,11.82,11.58,12.31,11.52,28011
2021-05-21,11.57,11.95,12.025,11.57,10311
2021-05-24,11.85,11.85,12.098,11.71,7275
2021-05-25,11.95,12.13,12.9172,11.81,17897
2021-05-26,12.26,12.34,12.67,11.81,8791
2021-05-27,12.63,12.39,12.68,12.25,7387
2021-05-28,12.45,12.55,12.8312,12.0,18322
2021-06-01,12.74,12.37,12.89,12.296,13966
2021-06-02,12.249,12.56,12.88,12.249,16363
2021-06-03,12.5,12.63,12.84,12.4,13366
2021-06-04,12.494,11.45,12.5811,11.34,24348
2021-06-07,11.45,10.41,11.45,10.0515,22867
2021-06-08,10.51,10.48,11.45,10.2,15801
2021-06-09,10.7,10.98,11.4,10.29,30617
2021-06-10,10.99,11.22,11.4,10.25,22855
2021-06-11,10.86,10.59,10.89,10.375,27417
2021-06-14,10.53,10.17,10.595,10.06,16473
2021-06-15,10.03,9.87,10.27,9.68,11817
2021-06-16,10.13,10.0,10.17,9.54,14770
2021-06-17,10.1,10.42,10.77,9.89,39795
2021-06-18,10.7,10.62,11.0,9.86,24956
2021-06-21,10.49,10.32,10.67,10.2,19347
2021-06-22,10.7307,10.2,10.78,10.02,25611
2021-06-23,9.98,10.38,10.6,9.98,25094
2021-06-24,10.32,10.18,10.48,9.87,17833
2021-06-25,10.11,10.77,10.93,10.01,197005
2021-06-28,11.1,10.56,11.1,10.37,10730
2021-06-29,10.33,10.26,10.5499,10.26,6176
2021-06-30,10.2,9.61,10.3457,9.53,51016
2021-07-01,9.85,9.52,9.99,9.425,4719
2021-07-02,9.64,9.1,9.7849,9.1,14970
2021-07-06,9.6406,8.66,9.6406,8.63,11540
2021-07-07,8.93,8.7,8.9399,8.6201,9207
2021-07-08,8.6364,7.91,8.6364,7.7,19874
2021-07-09,7.91,8.03,8.61,7.91,11236
2021-07-12,7.9,7.7,7.92,7.62,11807
2021-07-13,7.65,7.66,8.05,7.43,42717
2021-07-14,7.9923,7.64,7.9923,7.614,2210
2021-07-15,7.5,7.55,7.6788,7.3,15202
2021-07-16,7.66,7.55,7.8,7.33,8615
2021-07-19,7.73,7.62,7.76,7.53,6848
2021-07-20,7.43,7.56,7.88,7.4,18930
2021-07-21,7.47,7.76,8.31,7.4,33540
2021-07-22,7.73,8.21,8.411,7.73,15269
2021-07-23,8.3,8.64,8.96,7.98,14553
2021-07-26,8.5251,8.645,9.13,8.2267,17281
2021-07-27,8.83,8.55,9.28,8.16,15921
2021-07-28,8.875,8.36,8.875,8.14,10615
2021-07-29,8.47,8.23,8.51,7.48,33543
2021-07-30,8.43,8.49,8.8203,7.9027,14007
2021-08-02,8.5106,8.26,8.58,8.05,4852
2021-08-03,8.23,8.28,8.76,7.99,40737
2021-08-04,8.24,8.23,8.24,8.16,1093
2021-08-05,8.1054,8.048,8.1929,7.67,9273
2021-08-06,8.69,8.12,8.76,7.79,75664
2021-08-09,8.07,8.3,8.79,7.61,69615
2021-08-10,8.1,8.1079,8.45,7.61,40134
2021-08-11,8.49,8.42,8.49,7.999,11184
2021-08-12,7.7379,8.35,8.37,7.7379,4340
2021-08-13,8.0,7.9292,8.245,7.9,2656
2021-08-16,8.27,8.35,8.35,8.27,1155
2021-08-17,7.85,7.74,7.85,7.6752,8019
2021-08-18,7.92,7.96,8.15,7.68,23952
2021-08-19,7.99,7.86,7.99,7.75,7052
2021-08-20,8.042,7.98,8.06,7.7875,17371
2021-08-23,7.85,8.15,8.23,7.85,4244
2021-08-24,8.23,8.15,8.23,8.02,23677
2021-08-25,8.25,8.04,8.4959,8.04,7683
2021-08-26,8.3,8.375,8.49,8.21,15904
2021-08-27,8.39,8.1,8.39,8.1,2388
2021-08-30,8.09,8.18,8.41,8.04,17519
2021-08-31,8.09,8.25,8.25,8.09,6109
2021-09-01,8.08,8.175,8.175,8.0,81546
2021-09-02,8.29,8.35,8.35,8.14,4194
2021-09-03,8.21,8.4,8.45,8.0147,18363
2021-09-07,8.43,8.58,9.1799,8.065,36398
2021-09-08,8.73,9.18,9.35,8.485,52314
2021-09-09,9.02,9.175,9.76,8.96,47525
2021-09-10,9.12,8.99,9.75,8.6,29889
2021-09-13,9.19,8.93,9.37,8.55,55102
2021-09-14,8.84,9.08,9.25,8.84,21098
2021-09-15,9.13,8.8,9.195,8.52,18109
2021-09-16,8.68,9.23,9.33,8.68,29947
2021-09-17,9.06,8.25,9.46,8.25,54692
2021-09-20,8.25,7.45,8.5,7.41,35139
2021-09-21,7.39,7.57,7.825,7.255,8559
2021-09-22,7.72,7.52,8.0,7.5,4446
2021-09-23,7.5605,7.55,7.8,7.55,4407
2021-09-24,7.55,7.68,7.825,7.55,4193
2021-09-27,7.67,7.5,7.67,7.31,11136
2021-09-28,7.5,6.75,7.51,6.6,13505
2021-09-29,6.75,6.75,7.43,6.7236,6103
2021-09-30,6.79,6.955,6.955,6.79,808
2021-10-01,7.0,6.7,7.0,6.61,1291
2021-10-04,6.82,6.57,7.0424,6.53,9311
2021-10-05,6.98,6.54,6.98,6.54,4005
2021-10-06,6.53,6.22,6.53,6.12,61475
2021-10-07,6.23,6.35,6.42,6.09,37276
2021-10-08,6.3,6.405,6.405,6.3,519
2021-10-11,6.17,6.45,6.67,6.17,4532
2021-10-12,6.4,6.3,6.49,6.27,5466
2021-10-13,6.2999,6.09,6.3,5.71,14779
2021-10-14,5.57,5.37,5.726,5.2,34114
2021-10-15,5.56,5.45,5.56,5.37,2675
2021-10-18,5.33,5.5068,5.5068,5.07,13661
2021-10-19,5.56,5.57,5.59,5.38,12955
2021-10-20,5.4255,5.53,5.6,5.4255,2404
2021-10-21,5.72,5.75,6.26,5.7,9900
2021-10-22,5.1776,5.6,5.6,5.1776,9671
2021-10-25,5.34,5.5,5.54,5.21,19487
2021-10-26,5.59,5.96,6.768,5.59,44929
2021-10-27,5.96,5.62,5.99,5.54,13704
2021-10-28,5.62,5.8,5.85,5.35,11092
2021-10-29,5.61,5.8,5.85,5.42,6416
2021-11-01,5.8,5.875,6.0,5.5601,7983
2021-11-02,5.87,6.01,6.08,5.7838,6509
2021-11-03,5.79,5.9613,6.0,5.76,4203
2021-11-04,5.74,5.9737,5.9737,5.74,1889
2021-11-05,5.9958,6.18,6.18,5.955,5566
2021-11-08,6.12,6.3,6.3,6.0,18059
2021-11-09,6.0,6.2,6.2,5.8001,22860
2021-11-10,6.15,5.9,6.25,5.75,15577
2021-11-11,5.8,5.85,6.0,5.73,20426
2021-11-12,6.189,6.2499,6.2499,5.9523,8170
2021-11-15,6.155,6.12,6.25,6.05,4320
2021-11-16,6.0,5.97,6.0,5.2008,11725
2021-11-17,5.92,5.98,6.0,5.92,2186
2021-11-18,6.2,5.97,6.24,5.97,10886
2021-11-19,5.5,5.8,5.972,5.5,5820
2021-11-22,5.84,5.75,6.0,5.68,19195
2021-11-23,5.6,5.44,5.63,5.12,46263
2021-11-24,5.455,5.54,5.54,5.455,501
2021-11-26,5.22,5.22,5.22,5.22,302
2021-11-29,5.295,5.39,5.39,5.295,1501
2021-11-30,5.275,5.02,5.275,4.865,11869
2021-12-01,5.1,4.75,5.1,4.75,40936
2021-12-02,4.64,4.7,4.8839,4.58,4004
2021-12-03,4.5066,4.24,4.65,4.15,8143
2021-12-06,4.37,4.1,4.37,4.1,3023
2021-12-07,4.24,4.5,4.57,4.24,20927
2021-12-08,4.99,5.65,6.03,4.97,192091
2021-12-09,5.9,5.63,6.25,5.545,34161
2021-12-10,5.5604,5.39,5.9585,5.222,43266
2021-12-13,6.54,6.07,6.54,5.22,70086
2021-12-14,5.79,6.1,6.3298,5.79,26395
2021-12-15,5.99,5.87,7.0295,5.75,24626
2021-12-16,5.97,6.49,6.8817,5.77,34579
2021-12-17,6.39,6.6,7.28,6.23,51326
2021-12-20,6.84,6.66,6.87,6.66,4408
2021-12-21,6.76,6.79,7.0,6.69,11489
2021-12-22,6.2447,6.82,7.19,6.2447,8224
2021-12-23,6.82,6.67,7.0699,6.67,7382
2021-12-27,6.82,6.21,6.82,6.188,4130
2021-12-28,6.03,5.47,6.32,5.16,8317
2021-12-29,5.46,5.9,6.08,5.3,7845
2021-12-30,5.29,6.28,6.6,5.29,9918
2021-12-31,5.7381,6.3,6.3,5.7381,7662
2022-01-03,6.07,6.25,6.25,6.0,3407
2022-01-04,6.79,6.75,6.79,6.54,5679
2022-01-05,6.8,6.46,6.8,6.39,4424
2022-01-06,6.32,6.3669,6.89,6.19,3177
2022-01-07,6.44,6.88,6.89,6.3,3756
2022-01-10,5.57,6.27,6.71,5.57,5614
2022-01-11,6.24,6.75,6.75,6.02,2675
2022-01-12,NaN,6.75,NaN,NaN,298
2022-01-13,6.6,6.34,6.6,6.34,1048
2022-01-14,6.32,7.0,7.0,6.32,1073
2022-01-18,6.72,6.375,7.43,6.375,9839
2022-01-19,NaN,6.375,NaN,NaN,776
2022-01-20,7.09,6.33,7.12,6.31,7515
2022-01-21,6.44,6.4001,6.47,5.95,8319
2022-01-24,5.7501,5.4,6.3,5.39,63505
2022-01-25,5.4134,5.68,5.68,5.4134,3258
2022-01-26,5.56,5.46,6.2,5.44,6392
2022-01-27,5.45,5.63,5.69,5.235,5975
2022-01-28,5.35,6.03,6.03,5.21,9435
2022-01-31,5.92,6.3,6.3,5.92,4266
2022-02-01,5.99,6.04,6.28,5.715,5540
2022-02-02,5.75,5.73,6.14,5.73,3808
2022-02-03,5.65,5.72,6.16,5.51,38903
2022-02-04,5.5,5.3,5.97,5.3,8060
2022-02-07,5.52,5.54,5.54,5.52,919
2022-02-08,5.3,5.53,5.53,5.3,1405
2022-02-09,5.38,5.49,5.49,5.38,1029
2022-02-10,5.46,5.4,5.47,5.4,684
2022-02-11,5.43,6.41,6.68,5.43,16694
2022-02-14,6.28,5.99,6.5,5.7,13382
2022-02-15,6.3,6.4221,6.7,6.198,1981
2022-02-16,6.18,6.73,6.99,6.16,13515
2022-02-17,6.87,7.1,7.2027,6.6,10082
2022-02-18,7.172,7.1001,7.19,7.1001,2582
2022-02-22,7.59,7.03,7.59,7.0,9333
2022-02-23,6.93,6.95,7.3,6.77,10151
2022-02-24,6.5,6.81,6.99,6.5,4075
2022-02-25,7.07,7.17,7.17,6.9,3272
2022-02-28,7.56,7.58,7.58,6.975,10604
2022-03-01,7.19,6.96,7.1942,6.955,2935
2022-03-02,6.85,6.69,6.85,6.3579,4651
2022-03-03,6.55,6.0024,6.55,6.0024,3585
2022-03-04,6.0,6.42,6.42,5.13,13900
2022-03-07,6.29,5.4,6.29,5.4,4667
2022-03-08,5.4,5.08,5.56,4.9902,3803
2022-03-09,5.0,5.0502,5.2998,5.0,2906
2022-03-10,5.18,5.33,5.34,5.16,5315
2022-03-11,5.7,4.6,5.7,4.52,9748
2022-03-14,4.96,4.7,4.96,4.52,5477
2022-03-15,4.7,4.5,4.7,4.5,1409
2022-03-16,5.03,4.47,5.03,4.47,3248
2022-03-17,4.52,4.31,4.54,4.31,3405
2022-03-18,4.32,4.72,4.899,4.31,17443
2022-03-21,4.57,4.31,4.6969,4.31,2725
2022-03-22,4.4796,4.55,4.78,4.45,22709
2022-03-23,4.6978,4.959,4.959,4.6978,480
2022-03-24,5.1,4.99,5.12,4.99,2194
2022-03-25,4.92,5.43,5.43,4.92,7646
2022-03-28,5.3303,5.77,5.77,4.94,5704
2022-03-29,5.4671,5.4,5.73,5.1,11149
2022-03-30,5.5635,5.725,5.75,5.2,16429
2022-03-31,5.85,5.95,5.98,5.7,20324
2022-04-01,6.0,6.28,6.88,6.0,17105
2022-04-04,6.25,6.3,7.8899,5.7,128074
2022-04-05,5.8,6.5,6.71,5.59,29448
2022-04-06,6.29,6.49,6.51,6.14,4321
2022-04-07,6.21,6.5,6.6,6.1601,6517
2022-04-08,6.502,6.55,7.1,6.502,11187
2022-04-11,5.91,6.4,6.47,5.9,6554
2022-04-12,6.53,6.2,6.54,6.2,3348
2022-04-13,6.4,6.3,6.4,6.16,2536
2022-04-14,6.31,6.48,6.8,6.31,5107
2022-04-18,6.45,7.41,7.55,6.45,50328
2022-04-19,7.25,6.49,7.25,6.25,20556
2022-04-20,6.47,6.9,7.2113,6.47,23068
2022-04-21,6.92,6.89,7.07,6.52,4655
2022-04-22,6.39,6.57,6.82,6.02,8098
2022-04-25,6.88,6.9,6.95,6.2,7931
2022-04-26,6.95,7.0253,7.39,6.53,30245
2022-04-27,6.8382,6.75,6.95,6.5,5551
2022-04-28,6.47,6.25,6.7878,6.24,6413
2022-04-29,6.09,6.91,6.91,6.0,9965
2022-05-02,6.75,6.4,6.75,6.4,3502
2022-05-03,6.49,6.54,6.54,6.49,2234
2022-05-04,6.58,6.5,6.88,6.5,8163
2022-05-05,6.25,6.36,6.59,6.25,5169
2022-05-06,6.1,6.6,6.655,5.91,8052
2022-05-09,6.35,6.42,6.74,6.09,7075
2022-05-10,6.45,5.75,6.45,5.75,6148
2022-05-11,5.22,5.83,5.86,5.22,7005
2022-05-12,5.48,5.79,5.79,5.3,1585
2022-05-13,6.24,6.205,6.93,5.87,5683
2022-05-16,6.31,6.375,6.375,6.25,6088
2022-05-17,6.27,6.145,6.7,6.1,5028
2022-05-18,6.38,6.35,6.878,6.25,3400
2022-05-19,6.55,6.55,6.55,6.55,939
2022-05-20,6.25,6.2,6.61,6.2,7105
2022-05-23,6.212,6.1,6.52,6.1,5529
2022-05-24,6.002,6.06,6.12,5.7427,3149
2022-05-26,6.09,5.88,6.23,5.75,7111
2022-05-27,6.47,6.29,6.47,5.99,4398
2022-05-31,6.29,6.23,6.29,5.62,34833
2022-06-01,5.63,6.17,6.2,5.63,6140
2022-06-02,6.17,6.41,6.41,6.17,1342
2022-06-03,6.39,6.43,6.43,6.39,480
2022-06-06,6.43,6.35,6.57,6.2,2292
2022-06-07,6.57,6.28,6.57,6.21,3544
2022-06-08,6.48,6.3,6.5,6.22,4265
2022-06-09,6.405,6.405,6.405,6.405,768
2022-06-10,5.66,6.55,6.72,5.66,1334
2022-06-13,6.51,6.245,6.51,5.9,5543
2022-06-14,5.7,6.01,6.58,5.7,1502
2022-06-15,6.55,6.67,6.67,6.47,6138
2022-06-16,6.7705,6.28,6.7705,6.0,27596
2022-06-17,6.06,6.31,6.5,6.06,3420
2022-06-21,6.645,6.39,6.645,6.33,10427
2022-06-22,6.95,6.69,6.99,6.69,17894
2022-06-23,6.9899,6.71,7.085,6.71,8789
2022-06-24,7.0,7.23,7.23,6.75,31754
2022-06-27,7.29,7.0,7.29,6.56,5192
2022-06-28,6.78,6.72,7.17,6.45,26442
2022-06-29,6.91,6.9,7.09,6.72,1958
2022-06-30,7.02,7.07,7.07,7.02,2107
2022-07-01,6.52,6.77,6.77,6.3601,2765
2022-07-05,6.705,6.65,6.705,6.33,5735
2022-07-06,6.26,5.785,6.6,5.785,8349
2022-07-07,5.775,5.725,5.785,5.725,634
2022-07-08,5.69,6.17,6.17,5.65,4610
2022-07-11,6.16,5.91,6.16,5.85,1505
2022-07-12,5.89,6.0875,6.0999,5.72,4412
2022-07-13,6.0,6.12,6.32,5.85,911
2022-07-14,6.0,6.11,6.12,5.69,945
2022-07-15,5.98,6.3,6.3,5.76,2434
2022-07-18,6.8599,6.13,6.8599,6.13,837
2022-07-19,6.42,6.42,6.42,6.42,357
2022-07-20,6.4,6.48,6.48,6.4,594
2022-07-21,6.67,6.25,6.67,6.19,2764
2022-07-25,6.01,6.49,6.5,6.01,902
2022-07-26,6.48,6.15,6.5,6.1001,1685
2022-07-28,6.16,6.49,6.5,6.16,1431
2022-07-29,6.46,6.55,6.55,6.46,636
2022-08-02,6.44,6.6,6.6,6.23,4570
2022-08-03,6.3,6.5,6.75,6.3,2596
2022-08-04,6.72,6.466,6.79,6.41,3815
2022-08-09,6.45,6.45,6.45,6.45,208
2022-08-12,6.4,6.425,6.74,6.4,5040
2022-08-15,6.74,7.35,7.35,6.74,9536
2022-08-16,7.1001,7.12,7.3,7.1,4561
2022-08-17,7.14,7.76,7.86,7.14,3035
2022-08-18,7.29,7.31,7.31,7.288,2489
2022-08-19,7.49,7.15,7.49,7.03,6428
2022-08-23,6.65,6.91,7.05,6.65,2050
2022-08-24,6.2501,7.0,7.46,6.2501,6582
2022-08-25,6.87,6.8,6.93,6.8,993
2022-08-26,6.28,6.69,6.9001,6.28,3240
2022-08-29,6.7001,7.0,7.225,6.7,3954
2022-08-31,7.14,7.3,7.3,7.14,2669
2022-09-02,7.2506,7.0,7.2506,7.0,666
2022-09-06,7.31,7.31,7.31,6.7401,1918
2022-09-07,7.31,6.868,7.31,6.868,1726
2022-09-08,7.31,7.2999,7.31,7.2999,1303
2022-09-09,7.31,7.31,7.31,7.31,1014
2022-09-12,7.31,6.94,7.31,6.94,3174
2022-09-14,7.3,6.85,7.3,6.85,2671
2022-09-15,7.0,7.25,7.25,6.97,3070
2022-09-16,7.0,6.5,7.13,6.5,9230
2022-09-19,6.49,6.7,6.7,6.49,10473
2022-09-21,6.8,6.47,7.23,6.45,5530
2022-09-22,6.4,6.78,6.81,6.385,6745
2022-09-23,6.16,6.955,7.03,6.16,17019
2022-09-26,6.25,6.75,6.79,6.25,4134
2022-09-27,6.6,6.75,7.25,6.6,3562
2022-09-28,6.81,6.43,7.0,6.24,8150
2022-09-29,6.46,6.7,6.88,6.43,5569
2022-09-30,7.28,7.2,7.28,6.61,5851
2022-10-03,6.89,7.1,7.2,6.76,9575
2022-10-04,7.0,6.83,7.31,6.83,1942
2022-10-05,6.7,6.7,6.7,6.7,859
2022-10-06,7.1303,6.9779,7.1303,6.9779,1231
2022-10-07,6.7766,7.01,7.25,6.7766,15600
2022-10-10,7.05,7.31,7.31,7.05,1267
2022-10-11,6.5388,6.9,7.31,6.5388,11542
2022-10-12,6.93,7.29,7.29,6.7,9381
2022-10-13,7.27,7.3,7.3,7.27,470
2022-10-14,7.25,7.31,7.31,7.25,17665
2022-10-17,7.0551,7.2094,7.31,7.0332,9118
2022-10-18,7.31,7.31,7.31,7.31,886
2022-10-19,6.85,7.01,7.31,6.85,2341
2022-10-20,7.15,7.16,7.29,7.14,1151
2022-10-21,6.62,7.0,7.29,6.62,677
2022-10-24,7.2426,7.82,8.23,7.2335,50105
2022-10-25,7.82,7.76,8.0537,7.41,20627
2022-10-26,7.77,8.25,8.8,7.77,12041
2022-10-27,8.4,8.25,8.75,7.75,12875
2022-10-28,8.0,7.5,8.47,7.5,14560
2022-10-31,7.29,8.15,8.2,7.29,6416
2022-11-01,7.83,8.02,8.34,7.5084,9264
2022-11-02,7.98,8.25,8.7953,7.98,3815
2022-11-03,7.8842,8.62,9.01,7.485,13060
2022-11-04,8.34,8.15,8.44,8.03,3597
2022-11-07,8.22,8.22,8.22,8.22,605
2022-11-08,7.4149,8.1,8.1,7.3703,1262
2022-11-10,8.08,8.0,8.1,7.6269,3591
2022-11-11,8.0,8.01,8.01,8.0,677
2022-11-14,8.0,8.1,8.1,7.845,1240
2022-11-15,8.8428,8.2,8.8428,8.2,5570
2022-11-16,7.9999,8.27,8.27,7.9999,498
2022-11-17,8.2,7.64,8.2,7.4845,2804
2022-11-18,7.66,7.5174,7.66,7.363,1336
2022-11-21,7.6,7.565,7.6794,7.565,1063
2022-11-22,7.44,7.3,7.89,7.05,3262
2022-11-23,7.6,7.4,7.66,7.2,13082
2022-11-28,7.71,7.02,8.2794,7.02,6929
2022-11-29,7.7,6.79,7.8704,6.79,24765
2022-11-30,6.72,6.9,7.02,6.44,13470
2022-12-01,4.34,4.1,4.41,3.75,415975
2022-12-02,4.18,4.0,4.18,3.98,105335
2022-12-05,4.0828,3.605,4.1412,3.55,191394
2022-12-06,3.65,3.63,3.69,3.6,86055
2022-12-07,3.61,3.5218,3.61,3.51,74162
2022-12-08,3.61,3.84,3.98,3.55,91402
2022-12-09,3.68,3.59,3.82,3.59,22010
2022-12-12,3.6,3.73,3.73,3.52,13534
2022-12-13,3.85,3.69,3.85,3.63,19974
2022-12-14,3.62,3.64,3.7154,3.61,3348
2022-12-15,3.71,3.7788,3.9,3.61,78573
2022-12-16,3.6899,3.64,3.9462,3.63,56973
2022-12-19,3.71,3.655,3.71,3.5,16959
2022-12-20,3.53,3.54,3.715,3.52,33319
2022-12-21,3.55,3.48,3.75,3.37,89343
2022-12-22,3.58,3.8,4.0,3.58,38049
2022-12-23,3.7029,4.095,4.11,3.7029,29735
2022-12-27,4.0901,4.155,4.2,3.86,17018
2022-12-28,4.0892,3.99,4.1664,3.78,22079
2022-12-29,3.99,4.11,4.2,3.905,34511
2022-12-30,4.0,4.25,4.305,4.0,22884
2023-01-03,4.245,4.03,4.245,4.03,5909
2023-01-04,4.1266,4.085,4.21,4.04,5619
2023-01-05,4.05,4.07,4.19,4.0,17355
2023-01-06,4.1962,4.1,4.1962,4.01,4783
2023-01-09,4.1,3.81,4.1899,3.79,15202
2023-01-10,3.94,3.83,3.94,3.8,28157
2023-01-11,3.825,3.81,3.94,3.81,2056
2023-01-12,3.75,3.9,4.0399,3.75,6011
2023-01-13,4.02,3.91,4.02,3.9,4419
2023-01-17,3.99,3.9,4.1,3.75,36283
2023-01-18,3.9,3.94,4.0999,3.9,23161
2023-01-19,3.92,3.9,4.01,3.7292,14180
2023-01-20,4.05,4.0,4.1,3.9,14710
2023-01-23,4.12,4.3142,4.458,4.05,93578
2023-01-24,4.43,4.79,5.0916,4.2999,159592
2023-01-25,5.0,4.9,5.38,4.81,129248
2023-01-26,5.0,4.41,5.0656,4.25,85829
2023-01-27,4.42,4.46,4.8099,4.42,58771
2023-01-30,4.5941,4.655,4.7199,4.4,24084
2023-01-31,4.7,4.485,4.8548,4.38,62903
2023-02-01,4.55,4.59,4.82,4.41,20264
2023-02-02,4.4751,4.845,5.0827,4.4751,75684
2023-02-03,4.9,4.96,5.05,4.832,78069
2023-02-06,5.0,4.9,5.0,4.84,26123
2023-02-07,4.9,4.85,4.97,4.65,15678
2023-02-08,4.71,4.56,4.89,4.55,18786
2023-02-09,4.71,4.47,4.78,4.27,22151
2023-02-10,4.39,4.3,4.7,4.015,28399
2023-02-13,4.33,4.36,4.5374,4.1536,31947
2023-02-14,4.67,4.165,4.67,4.1,34305
2023-02-15,4.49,4.188,4.49,4.09,9185
2023-02-16,4.15,4.29,4.3627,4.0569,11762
2023-02-17,4.33,4.32,4.34,4.14,14244
2023-02-21,4.2601,4.505,4.54,4.2601,11217
2023-02-22,4.4863,4.52,4.62,4.368,12425
2023-02-23,4.43,4.47,4.5399,4.35,2213
2023-02-24,4.5,4.5,4.5,4.37,7108
2023-02-27,4.1905,4.16,4.73,4.0,54091
2023-02-28,4.04,4.1273,4.355,4.0,22837
2023-03-01,4.31,3.96,4.31,3.92,58688
2023-03-02,3.96,4.13,4.13,3.94,8482
2023-03-03,4.19,4.06,4.2,3.9201,7614
2023-03-06,4.07,4.2282,4.36,4.07,16137
2023-03-07,4.16,4.3,4.42,4.1452,17068
2023-03-08,4.6,4.5,4.6,4.2449,11862
2023-03-09,4.51,4.11,4.51,4.1,15389
2023-03-10,4.28,4.22,4.3,4.002,23984
2023-03-13,4.09,4.17,4.26,3.96,28384
2023-03-14,4.2083,4.2,4.2999,4.0,11918
2023-03-15,4.1,4.15,4.18,4.09,5581
2023-03-16,4.2,4.23,4.25,4.09,7301
2023-03-17,4.34,3.9,4.34,3.9,36020
2023-03-20,1.92,1.45,2.05,1.23,2508608
2023-03-21,1.55,1.22,1.57,1.13,1233302
2023-03-22,1.17,1.19,1.28,1.1,989944
2023-03-23,1.28,1.4,1.7399,1.2,5772529
2023-03-24,1.4,1.47,1.54,1.23,857131
2023-03-27,1.54,1.8,1.95,1.45,1621156
2023-03-28,1.84,1.74,1.89,1.62,322055
2023-03-29,1.75,1.59,1.8756,1.52,297137
2023-03-30,1.72,1.63,1.72,1.59,89797
2023-03-31,1.6,1.51,1.64,1.51,112780
2023-04-03,1.49,1.45,1.51,1.31,129377
2023-04-04,1.41,1.47,1.5,1.25,101607
2023-04-05,1.45,1.41,1.47,1.41,41096
2023-04-06,1.48,1.45,1.5,1.37,32981
2023-04-10,1.42,1.44,1.47,1.4,51798
2023-04-11,1.41,1.41,1.49,1.4,34772
2023-04-12,1.45,1.41,1.45,1.4,43342
2023-04-13,1.41,1.4301,1.5,1.41,36099
2023-04-14,1.48,1.445,1.48,1.43,27021
2023-04-17,1.49,1.45,1.49,1.43,36438
2023-04-18,1.5,1.7398,1.78,1.451,133921
2023-04-19,1.8,1.72,1.8,1.66,60020
2023-04-20,1.8,1.66,1.8,1.6,800319
2023-04-21,1.95,1.94,2.02,1.72,2106578
2023-04-24,1.74,1.91,1.91,1.66,191960
2023-04-25,1.85,1.8,1.85,1.75,96155
2023-04-26,1.76,1.89,1.9,1.7592,82223
2023-04-27,1.8505,1.99,1.99,1.8505,97954
2023-04-28,1.89,2.0,2.0,1.89,50690
2023-05-01,2.0,2.14,2.1799,1.9001,71157
2023-05-02,2.19,2.25,2.32,2.14,77040
2023-05-03,2.2,2.44,2.47,2.2,85669
2023-05-04,2.68,2.47,2.68,2.36,80557
