2011-05-23,1.2,1.2,1.2,1.19,11235
2011-05-24,1.2,1.24,1.24,1.19,41295
2011-05-25,1.24,1.315,1.33,1.24,84575
2011-05-26,1.33,1.325,1.33,1.29,22645
2011-05-27,1.33,1.35,1.4,1.3,22000
2011-05-31,1.33,1.32,1.4,1.32,18900
2011-06-01,1.35,1.35,1.36,1.1,41345
2011-06-02,1.35,1.33,1.43,1.3,22300
2011-06-03,1.25,1.13,1.26,1.13,13100
2011-06-06,1.24,1.17,1.24,1.11,16035
2011-06-07,1.18,1.23,1.24,1.13,52700
2011-06-08,1.2,1.18,1.22,1.18,35500
2011-06-09,1.19,1.2,1.24,1.18,38450
2011-06-10,1.12,1.15,1.19,1.12,19000
2011-06-13,1.15,1.12,1.15,1.12,4350
2011-06-14,1.12,1.1,1.12,1.1,4000
2011-06-15,1.1,1.09,1.1,1.09,5548
2011-06-16,1.08,1.15,1.17,0.86,34000
2011-06-17,0.91,1.05,1.16,0.91,23300
2011-06-20,1.05,1.16,1.16,1.05,1257
2011-06-21,1.05,1.05,1.05,1.05,1000
2011-06-22,1.14,1.18,1.2,1.14,22700
2011-06-23,1.15,1.19,1.19,1.05,20100
2011-06-24,1.15,1.15,1.15,1.06,23750
2011-06-27,1.05,1.05,1.1,0.95,8654
2011-06-28,1.15,1.14,1.19,1.14,23839
2011-06-29,1.14,1.15,1.15,1.1,16900
2011-06-30,1.14,1.14,1.14,1.14,6100
2011-07-01,1.13,1.14,1.14,1.1,16310
2011-07-05,1.14,1.08,1.17,1.08,73911
2011-07-06,1.08,1.05,1.08,1.05,17000
2011-07-07,1.15,1.07,1.15,1.07,15279
2011-07-08,1.06,1.06,1.06,1.06,100
2011-07-11,1.15,1.15,1.15,1.15,200
2011-07-12,1.14,1.01,1.14,1.01,1700
2011-07-13,1.02,1.02,1.02,1.02,3500
2011-07-14,1.05,1.02,1.05,1.02,5000
2011-07-15,1.14,1.14,1.14,1.14,500
2011-07-18,1.03,1.03,1.03,1.03,1500
2011-07-19,1.01,1.06,1.06,1.01,8600
2011-07-20,1.02,1.0,1.02,0.91,4879
2011-07-21,0.99,0.99,1.13,0.99,48000
2011-07-22,0.94,0.94,0.94,0.94,1000
2011-07-26,0.92,0.92,0.92,0.92,2000
2011-07-27,0.9,0.95,0.97,0.9,25250
2011-07-28,0.91,0.95,1.01,0.91,19400
2011-07-29,1.02,1.0,1.02,1.0,19250
2011-08-01,1.0,0.99,1.0,0.91,6400
2011-08-02,1.13,0.99,1.13,0.99,18100
2011-08-03,0.98,0.98,0.98,0.98,7750
2011-08-04,0.9,0.81,0.9,0.81,5700
2011-08-05,0.84,0.97,0.97,0.83,20900
2011-08-08,0.85,0.85,0.85,0.85,250
2011-08-09,0.85,0.92,1.0,0.85,40250
2011-08-10,0.87,1.0,1.0,0.85,10250
2011-08-11,0.92,0.95,0.95,0.92,13550
2011-08-12,0.9,0.9,0.9,0.9,27900
2011-08-15,0.97,1.0,1.0,0.95,7500
2011-08-16,0.9,1.0,1.0,0.9,46650
2011-08-18,0.9,1.22,1.22,0.85,124540
2011-08-19,1.25,1.42,1.75,1.25,185349
2011-08-22,1.43,1.35,1.43,1.35,47800
2011-08-23,1.11,1.3,1.38,1.11,67000
2011-08-24,1.3,1.35,1.35,1.3,12057
2011-08-25,1.35,1.26,1.35,1.26,30585
2011-08-26,1.29,1.3,1.37,1.29,48050
2011-08-29,1.25,1.3,1.3,1.25,18600
2011-08-30,1.3,1.33,1.33,1.18,115700
2011-08-31,1.3,1.35,1.36,1.27,78446
2011-09-01,1.39,1.33,1.4,1.33,52000
2011-09-02,1.33,1.35,1.37,1.25,303650
2011-09-06,1.3,1.27,1.33,1.26,213291
2011-09-07,1.4,1.54,1.54,1.35,64210
2011-09-08,1.3,1.5,1.6,1.3,35460
2011-09-09,1.5,1.5,1.5,1.5,2000
2011-09-12,1.55,1.37,1.57,1.37,39000
2011-09-13,1.4,1.54,1.54,1.4,27655
2011-09-14,1.55,1.75,1.85,1.55,89094
2011-09-15,1.6,1.75,1.75,1.55,112599
2011-09-16,1.75,1.95,1.95,1.75,67035
2011-09-19,1.9,1.75,1.92,1.75,54125
2011-09-20,1.9,1.85,1.95,1.75,75470
2011-09-21,1.9,1.9,1.91,1.86,38050
2011-09-22,1.91,1.83,1.91,1.8,92770
2011-09-23,1.84,1.82,1.91,1.82,78306
2011-09-26,1.85,1.85,1.85,1.85,8000
2011-09-27,1.85,1.9,1.9,1.85,20995
2011-09-28,1.85,1.73,1.9,1.72,14038
2011-09-29,1.73,1.7,1.75,1.7,14750
2011-09-30,1.7,1.73,1.75,1.35,10175
2011-10-03,1.6,1.5,1.6,1.5,1725
2011-10-04,1.5,1.7,1.7,1.5,18000
2011-10-05,1.75,1.75,1.8,1.7,8780
2011-10-06,1.85,1.8,1.85,1.7,43121
2011-10-07,1.65,1.55,1.65,1.5,18100
2011-10-10,1.5,1.65,1.7,1.5,5925
2011-10-11,1.65,1.6,1.65,1.6,4800
2011-10-12,1.6,1.55,1.6,1.44,9200
2011-10-13,1.5,1.5,1.52,1.41,8000
2011-10-14,1.45,1.35,1.5,1.35,7290
2011-10-17,1.35,1.55,1.55,1.35,12400
2011-10-18,1.36,1.31,1.36,1.31,4421
2011-10-19,1.35,1.47,1.48,1.35,11835
2011-10-20,1.53,1.32,1.53,1.32,24100
2011-10-21,1.43,1.43,1.43,1.43,1000
2011-10-24,1.32,1.22,1.32,1.2,12500
2011-10-25,1.25,1.35,1.35,1.25,4300
2011-10-26,1.25,1.22,1.3,1.21,8650
2011-10-27,1.3,1.43,1.43,1.25,14300
2011-10-28,1.32,1.3,1.32,1.3,6600
2011-10-31,1.3,1.27,1.3,1.23,6100
2011-11-01,1.34,1.3,1.34,1.3,1100
2011-11-02,1.24,1.24,1.25,1.24,11615
2011-11-03,1.24,1.3,1.3,1.24,5500
2011-11-04,1.28,1.28,1.28,1.28,100
2011-11-07,1.27,1.19,1.27,1.19,2040
2011-11-08,1.28,1.25,1.3,1.25,12500
2011-11-09,1.27,1.27,1.27,1.27,1500
2011-11-10,1.27,1.3,1.34,1.2,82658
2011-11-11,1.22,1.2,1.22,1.2,42400
2011-11-14,1.25,1.25,1.25,1.25,12500
2011-11-15,1.25,1.45,1.45,1.25,52100
2011-11-16,1.45,1.75,1.83,1.45,59700
2011-11-17,1.75,1.57,1.75,1.57,16500
2011-11-18,1.69,1.74,1.77,1.69,59720
2011-11-21,1.65,1.78,1.78,1.65,16155
2011-11-22,1.7,1.65,1.75,1.65,36100
2011-11-23,1.65,1.6,1.65,1.6,1800
2011-11-25,1.75,1.6,1.75,1.6,9300
2011-11-28,1.65,1.65,1.65,1.65,2000
2011-11-29,1.68,1.64,1.68,1.64,8185
2011-11-30,1.6,1.52,1.65,1.52,17925
2011-12-01,1.52,1.6,1.6,1.52,10300
2011-12-02,1.53,1.7,1.7,1.53,57800
2011-12-05,1.7,1.6,1.71,1.6,8040
2011-12-06,1.6,1.51,1.6,1.47,12360
2011-12-07,1.51,1.37,1.63,1.37,17392
2011-12-08,1.37,1.5,1.5,1.37,21800
2011-12-09,1.5,1.5,1.5,1.5,5000
2011-12-12,1.5,1.45,1.5,1.32,31800
2011-12-13,1.45,1.35,1.45,1.35,1700
2011-12-14,1.45,1.45,1.45,1.45,2000
2011-12-15,1.35,1.35,1.35,1.32,6500
2011-12-16,1.32,1.35,1.4,1.32,6700
2011-12-19,1.35,1.4,1.4,1.35,9000
2011-12-20,1.41,1.4,1.41,1.37,14460
2011-12-21,1.41,1.4,1.41,1.35,5345
2011-12-22,1.4,1.36,1.4,1.33,11492
2011-12-23,1.35,1.35,1.35,1.35,5200
2011-12-27,1.33,1.3,1.33,1.3,13100
2011-12-28,1.3,1.3,1.3,1.18,43350
2011-12-29,1.32,1.25,1.32,1.25,5600
2011-12-30,1.29,1.3,1.33,1.2,13240
2012-01-03,1.3,1.25,1.31,1.25,2500
2012-01-04,1.22,1.29,1.29,1.22,4000
2012-01-05,1.25,1.22,1.25,1.22,6500
2012-01-06,1.23,1.25,1.25,1.19,10650
2012-01-10,1.2,1.15,1.2,1.15,6400
2012-01-11,1.15,1.14,1.15,1.12,3310
2012-01-13,1.15,1.18,1.18,1.15,3800
2012-01-17,1.18,1.18,1.18,1.18,1203
2012-01-18,1.2,1.2,1.2,1.2,1050
2012-01-19,1.15,1.1,1.2,1.1,9000
2012-01-20,1.13,1.07,1.2,1.04,43275
2012-01-23,1.02,1.07,1.19,0.89,49950
2012-01-24,1.1,1.25,1.25,1.1,22900
2012-01-25,1.25,1.2,1.27,1.2,11650
2012-01-26,1.31,1.25,1.31,1.12,22100
2012-01-27,1.31,1.29,1.31,1.28,12550
2012-01-30,1.29,1.28,1.29,1.11,17010
2012-01-31,1.15,1.27,1.27,1.14,13475
2012-02-01,1.15,1.15,1.15,1.11,9866
2012-02-02,1.2,1.2,1.2,1.2,1000
2012-02-03,1.15,1.15,1.15,1.15,800
2012-02-06,1.23,1.15,1.23,1.15,7000
2012-02-07,1.13,1.15,1.15,1.13,12830
2012-02-08,1.1,1.1,1.1,1.07,3700
2012-02-09,1.15,1.11,1.15,1.11,4500
2012-02-10,1.1,1.1,1.1,1.1,800
2012-02-13,1.07,1.01,1.09,0.91,91190
2012-02-14,1.02,1.13,1.17,1.02,15640
2012-02-15,1.13,1.35,1.4,1.13,120750
2012-02-16,1.35,1.44,1.45,1.28,28695
2012-02-17,1.44,1.4,1.49,1.3,40050
2012-02-21,1.4,1.4,1.4,1.4,9450
2012-02-22,1.45,1.46,1.5,1.4,32675
2012-02-23,1.44,1.5,1.5,1.41,10150
2012-02-24,1.45,1.45,1.45,1.45,1650
2012-02-27,1.41,1.19,1.41,1.05,51500
2012-02-28,1.18,1.24,1.27,1.14,49590
2012-02-29,1.2,1.18,1.2,1.1,32100
2012-03-01,1.17,1.25,1.25,1.15,9303
2012-03-02,1.25,1.24,1.25,1.2,3000
2012-03-05,1.25,1.1,1.25,1.1,75750
2012-03-06,1.18,1.1,1.2,1.1,5500
2012-03-07,1.14,1.14,1.14,1.14,2290
2012-03-09,1.18,1.1,1.18,1.1,18250
2012-03-12,1.17,1.18,1.19,1.15,10220
2012-03-13,1.18,1.2,1.2,1.15,9970
2012-03-14,1.17,1.19,1.2,1.15,8250
2012-03-15,1.2,1.3,1.3,1.18,47965
2012-03-16,1.38,1.45,1.5,1.38,47535
2012-03-19,1.45,1.49,1.51,1.45,29260
2012-03-20,1.35,1.5,1.52,1.35,43285
2012-03-21,1.52,1.52,1.52,1.51,15970
2012-03-22,1.52,1.45,1.55,1.45,8500
2012-03-23,1.45,1.47,1.5,1.45,30200
2012-03-26,1.47,1.4,1.47,1.36,5800
2012-03-27,1.21,1.35,1.4,1.21,9947
2012-03-28,1.39,1.4,1.4,1.39,3000
2012-03-29,1.42,1.4,1.42,1.25,19600
2012-03-30,1.42,1.47,1.49,1.35,54190
2012-04-02,1.5,1.39,1.5,1.22,18379
2012-04-03,1.4,1.35,1.4,1.35,10240
2012-04-04,1.35,1.35,1.4,1.35,5590
2012-04-05,1.35,1.35,1.35,1.3,7900
2012-04-09,1.35,1.35,1.35,1.23,13689
2012-04-10,1.34,1.34,1.34,1.34,980
2012-04-11,1.33,1.4,1.45,1.33,55021
2012-04-12,1.4,1.4,1.46,1.32,56300
2012-04-13,1.45,1.43,1.45,1.43,26225
2012-04-16,1.43,1.44,1.45,1.43,16150
2012-04-17,1.45,1.45,1.45,1.44,16301
2012-04-18,1.45,1.45,1.45,1.34,15260
2012-04-19,1.44,1.4,1.44,1.34,30500
2012-04-20,1.39,1.4,1.4,1.39,10000
2012-04-23,1.36,1.35,1.36,1.33,16890
2012-04-24,1.33,1.31,1.4,1.31,21500
2012-04-25,1.34,1.3,1.34,1.3,9800
2012-04-26,1.32,1.34,1.34,1.32,8025
2012-04-27,1.34,1.34,1.34,1.25,23600
2012-04-30,1.33,1.33,1.33,1.33,22000
2012-05-02,1.32,1.3,1.33,1.29,31200
2012-05-03,1.25,1.3,1.32,1.25,4125
2012-05-04,1.27,1.3,1.3,1.27,7950
2012-05-07,1.25,1.25,1.25,1.25,1000
2012-05-08,1.25,1.19,1.25,0.92,48825
2012-05-09,1.15,1.19,1.19,1.15,3940
2012-05-11,1.2,1.12,1.23,1.12,8000
2012-05-14,1.18,1.18,1.2,1.18,11950
2012-05-15,1.18,1.12,1.18,1.12,8000
2012-05-16,1.12,1.15,1.15,1.12,5000
2012-05-17,1.15,1.19,1.25,1.02,35375
2012-05-18,1.15,1.2,1.25,1.05,8420
2012-05-21,1.25,1.22,1.25,1.15,4800
2012-05-22,1.1,1.22,1.22,1.1,18800
2012-05-23,1.21,1.19,1.21,1.19,1800
2012-05-24,1.12,1.21,1.21,1.12,9764
2012-05-25,1.2,1.21,1.21,1.2,5600
2012-05-29,1.11,1.19,1.19,1.11,4000
2012-05-30,1.19,1.19,1.19,1.19,700
2012-05-31,1.19,1.19,1.19,1.19,1000
2012-06-01,1.19,1.1,1.19,1.1,18303
2012-06-05,1.14,1.09,1.14,1.05,1965
2012-06-06,1.01,1.09,1.09,0.86,9150
2012-06-07,1.09,1.068,1.09,1.068,6000
2012-06-08,1.02,1.02,1.02,1.02,548
2012-06-11,0.92,1.04,1.09,0.92,12050
2012-06-14,0.95,1.03,1.03,0.9,21735
2012-06-15,1.01,1.02,1.03,1.01,3950
2012-06-18,1.0,1.0,1.0,1.0,2700
2012-06-19,0.9,1.03,1.03,0.9,9500
2012-06-20,1.0,1.03,1.03,0.95,12997
2012-06-21,0.89,1.03,1.03,0.89,1300
2012-06-22,0.87,1.0,1.08,0.87,3600
2012-06-25,1.0,1.0,1.0,1.0,1000
2012-06-26,1.0,1.0,1.0,1.0,7000
2012-06-27,1.08,1.0,1.08,1.0,5000
2012-06-28,1.01,1.01,1.01,1.01,1000
2012-06-29,1.0,1.0,1.0,1.0,3000
2012-07-02,1.0,1.03,1.08,1.0,34750
2012-07-03,0.85,1.06,1.08,0.85,38874
2012-07-05,1.06,1.03,1.065,1.03,14600
2012-07-06,1.03,1.0,1.08,0.9001,7376
2012-07-09,1.04,1.04,1.04,1.04,300
2012-07-11,1.02,1.02,1.02,1.02,451
2012-07-12,1.0,1.0,1.04,1.0,25100
2012-07-13,0.999,0.999,0.999,0.9001,8650
2012-07-16,0.9001,0.999,0.999,0.9001,1600
2012-07-17,0.999,1.03,1.08,0.999,55285
2012-07-18,1.01,1.05,1.07,1.0,86215
2012-07-19,1.08,1.18,1.25,1.08,46740
2012-07-20,1.2,1.32,1.4,1.2,53396
2012-07-23,1.25,1.41,1.45,1.25,28200
2012-07-24,1.3,1.3,1.35,1.3,11700
2012-07-25,1.35,1.3,1.38,1.3,21150
2012-07-26,1.3,1.39,1.42,1.3,25000
2012-07-27,1.39,1.45,1.5,1.37,48725
2012-07-30,1.45,1.44,1.49,1.44,5600
2012-07-31,1.45,1.45,1.5,1.43,38181
2012-08-01,1.37,1.5,1.5,1.37,40425
2012-08-02,1.5,1.51,1.54,1.5,36935
2012-08-03,1.54,1.52,1.54,1.5,20200
2012-08-06,1.5,1.5,1.5,1.5,7950
2012-08-07,1.45,1.42,1.45,1.4,9156
2012-08-08,1.4,1.52,1.52,1.4,56035
2012-08-09,1.4,1.41,1.52,1.4,31800
2012-08-10,1.41,1.42,1.42,1.41,15500
2012-08-13,1.4,1.42,1.42,1.4,1040
2012-08-14,1.4,1.4,1.44,1.37,20700
2012-08-15,1.4,1.4,1.45,1.4,1700
2012-08-16,1.4,1.38,1.45,1.38,20800
2012-08-17,1.4,1.5,1.5,1.4,39160
2012-08-20,1.5,1.4,1.5,1.4,12850
2012-08-21,1.39,1.45,1.45,1.27,19925
2012-08-22,1.45,1.55,1.55,1.44,117709
2012-08-23,1.5,1.55,1.57,1.5,49360
2012-08-24,1.55,1.7,1.7,1.52,110436
2012-08-27,1.52,1.68,1.68,1.52,18700
2012-08-28,1.6,1.65,1.68,1.55,7140
2012-08-29,1.68,1.65,1.68,1.65,30270
2012-08-30,1.55,1.6,1.6,1.55,20900
2012-08-31,1.6,1.66,1.66,1.56,22400
2012-09-04,1.68,1.55,1.68,1.5,10625
2012-09-05,1.68,1.55,1.68,1.52,1100
2012-09-06,1.53,1.6,1.66,1.5,17720
2012-09-07,1.62,1.6,1.62,1.6,7567
2012-09-10,1.5,1.55,1.55,1.4,16271
2012-09-11,1.55,1.55,1.62,1.55,4450
2012-09-12,1.55,1.55,1.55,1.41,4900
2012-09-13,1.55,1.6,1.6,1.5,25680
2012-09-14,1.64,1.5,1.64,1.5,16638
2012-09-17,1.4,1.43,1.5,1.4,8600
2012-09-18,1.4,1.4,1.4,1.4,11800
2012-09-19,1.43,1.43,1.43,1.43,1000
2012-09-20,1.43,1.48,1.49,1.33,10932
2012-09-21,1.45,1.48,1.48,1.45,10500
2012-09-24,1.46,1.42,1.48,1.42,32520
2012-09-25,1.41,1.48,1.48,1.41,12150
2012-09-26,1.4,1.4,1.4,1.32,5900
2012-09-28,1.41,1.47,1.47,1.35,17050
2012-10-01,1.48,1.4,1.48,1.38,16000
2012-10-02,1.4,1.35,1.4,1.35,18632
2012-10-03,1.4,1.3,1.4,1.3,19470
2012-10-04,1.25,1.23,1.25,1.12,25331
2012-10-05,1.24,1.36,1.36,1.23,19000
2012-10-08,1.3,1.3,1.3,1.21,11800
2012-10-09,1.3,1.25,1.34,1.25,15200
2012-10-10,1.25,1.3,1.3,1.25,14800
2012-10-11,1.3,1.41,1.41,1.3,20380
2012-10-15,1.35,1.4,1.4,1.35,6750
2012-10-16,1.41,1.42,1.42,1.33,8150
2012-10-17,1.41,1.35,1.42,1.35,6665
2012-10-18,1.42,1.43,1.43,1.32,10150
2012-10-19,1.43,1.45,1.45,1.43,5000
2012-10-22,1.4,1.34,1.4,1.32,8100
2012-10-23,1.32,1.3,1.32,1.3,14220
2012-10-24,1.26,1.3,1.3,1.26,1700
2012-10-25,1.35,1.34,1.35,1.34,2900
2012-10-26,1.32,1.35,1.35,1.32,8300
2012-10-31,1.32,1.43,1.43,1.3,17540
2012-11-01,1.36,1.46,1.46,1.36,37450
2012-11-02,1.46,1.5,1.5,1.41,28780
2012-11-05,1.5,1.37,1.5,1.35,30613
2012-11-06,1.34,1.37,1.45,1.3,17460
2012-11-07,1.2,1.38,1.44,1.2,31900
2012-11-08,1.38,1.41,1.41,1.22,20608
2012-11-09,1.41,1.3,1.45,1.28,21800
2012-11-12,1.3,1.33,1.33,1.29,1650
2012-11-13,1.3,1.3,1.33,1.27,12200
2012-11-14,1.3,1.27,1.31,1.27,2400
2012-11-15,1.2,1.35,1.39,1.2,16750
2012-11-16,1.35,1.38,1.42,1.32,47900
2012-11-19,1.42,1.36,1.42,1.35,9444
2012-11-20,1.31,1.29,1.31,1.28,22750
2012-11-21,1.25,1.3,1.3,1.25,1550
2012-11-23,1.28,1.3,1.3,1.28,200
2012-11-26,1.25,1.21,1.26,1.21,18400
2012-11-27,1.21,1.26,1.27,1.21,13947
2012-11-28,1.21,1.2,1.21,1.18,28010
2012-11-29,1.17,1.2,1.29,1.11,39656
2012-11-30,1.13,1.2,1.2,1.13,21746
2012-12-03,1.11,1.15,1.15,1.03,6828
2012-12-04,1.19,1.13,1.19,1.11,9300
2012-12-05,1.11,1.12,1.12,1.11,5700
2012-12-06,1.04,1.04,1.09,1.04,12182
2012-12-07,1.01,1.03,1.03,0.98,35950
2012-12-10,1.01,1.01,1.02,1.01,19715
2012-12-11,1.01,1.07,1.08,1.0,19850
2012-12-12,1.07,1.1,1.1,1.06,69500
2012-12-13,1.09,1.1,1.1,1.09,18158
2012-12-14,1.1,1.05,1.1,1.05,12100
2012-12-17,1.05,1.05,1.05,1.05,5000
2012-12-18,1.09,1.11,1.11,1.09,2000
2012-12-19,1.09,1.05,1.09,1.05,7750
2012-12-20,1.02,0.99,1.02,0.94,45506
2012-12-21,1.0,1.15,1.2,1.0,57165
2012-12-24,1.15,1.2,1.2,1.15,17900
2012-12-26,1.18,1.15,1.18,1.15,2900
2012-12-27,1.12,1.1,1.21,1.08,14800
2012-12-28,1.08,1.19,1.19,1.05,16500
2012-12-31,1.2,1.2,1.22,1.15,13815
2013-01-02,1.11,1.1,1.11,1.07,6800
2013-01-03,1.1,1.11,1.11,1.1,9845
2013-01-04,1.15,1.15,1.15,1.15,2900
2013-01-07,1.15,1.1,1.15,1.07,5750
2013-01-08,1.09,1.07,1.09,1.07,6500
2013-01-09,1.07,1.14,1.14,1.06,5283
2013-01-10,1.1,1.09,1.1,1.09,4160
2013-01-11,1.2,1.24,1.29,1.17,89862
2013-01-14,1.27,1.27,1.27,1.2,19100
2013-01-15,1.25,1.25,1.29,1.16,45475
2013-01-16,1.26,1.27,1.29,1.22,39600
2013-01-17,1.23,1.24,1.26,1.21,17050
2013-01-18,1.22,1.2,1.22,1.2,15750
2013-01-22,1.22,1.2,1.22,1.17,18000
2013-01-23,1.2,1.19,1.22,1.19,28700
2013-01-24,1.18,1.19,1.24,1.16,81200
2013-01-25,1.19,1.19,1.22,1.17,44452
2013-01-28,1.18,1.2,1.21,1.16,40429
2013-01-29,1.2,1.19,1.21,1.17,34460
2013-01-30,1.22,1.22,1.25,1.18,90590
2013-01-31,1.22,1.22,1.24,1.18,88650
2013-02-01,1.22,1.2,1.22,1.18,39080
2013-02-04,1.2,1.17,1.2,1.14,27050
2013-02-05,1.14,1.14,1.17,1.09,14100
2013-02-06,1.1,1.08,1.1,1.03,88950
2013-02-07,1.08,1.08,1.08,1.08,64100
2013-02-08,1.06,1.1,1.1,1.05,20000
2013-02-11,1.1,1.03,1.1,1.03,22100
2013-02-12,1.02,1.08,1.11,1.02,56872
2013-02-13,1.11,1.09,1.11,1.07,46785
2013-02-14,1.11,1.11,1.12,1.1,44150
2013-02-15,1.11,1.05,1.11,1.03,25275
2013-02-19,1.08,1.08,1.08,1.05,22800
2013-02-20,1.08,1.06,1.08,1.06,2100
2013-02-21,1.05,1.05,1.05,1.03,5500
2013-02-22,1.01,0.999,1.04,0.95,48457
2013-02-25,0.99,1.06,1.07,0.99,82900
2013-02-26,1.01,1.05,1.06,1.01,23677
2013-02-27,1.04,1.05,1.05,1.03,9925
2013-02-28,1.03,0.96,1.03,0.96,33500
2013-03-01,0.99,1.0,1.03,0.96,42300
2013-03-04,1.02,1.01,1.03,0.97,5900
2013-03-05,1.0,0.92,1.02,0.92,52400
2013-03-06,0.93,1.0,1.0,0.93,42900
2013-03-07,0.99,1.0,1.0,0.99,9900
2013-03-08,1.0,1.01,1.01,0.96,27100
2013-03-11,1.0,1.0,1.01,1.0,24500
2013-03-12,1.0,0.98,1.0,0.96,25500
2013-03-13,0.98,0.96,0.98,0.96,27500
2013-03-14,0.95,0.95,0.95,0.92,9107
2013-03-15,0.92,1.0,1.0,0.92,36100
2013-03-18,0.92,0.95,0.95,0.92,15820
2013-03-19,0.93,0.93,0.95,0.93,13350
2013-03-20,0.93,0.93,0.94,0.92,25800
2013-03-21,0.93,0.89,0.93,0.85,28930
2013-03-22,0.85,0.95,0.95,0.82,68750
2013-03-25,0.94,0.94,0.95,0.9,20250
2013-03-26,0.9,1.02,1.02,0.9,55127
2013-03-27,0.98,1.2,1.2,0.98,123414
2013-03-28,1.15,1.18,1.22,1.13,65000
2013-04-01,1.14,1.19,1.19,1.13,24200
2013-04-02,1.18,1.1,1.19,1.1,54614
2013-04-03,1.1,1.2,1.2,1.1,118550
2013-04-04,1.19,1.2,1.2,1.15,73300
2013-04-05,1.18,1.18,1.2,1.15,51500
2013-04-08,1.16,1.16,1.19,1.16,118220
2013-04-09,1.18,1.15,1.21,1.14,55675
2013-04-10,1.16,1.24,1.24,1.16,112800
2013-04-11,1.25,1.37,1.44,1.25,205120
2013-04-12,1.37,1.4,1.42,1.25,142972
2013-04-15,1.46,1.5,1.75,1.33,254957
2013-04-16,1.4,1.45,1.53,1.4,77683
2013-04-17,1.4,1.45,1.5,1.35,25127
2013-04-18,1.43,1.45,1.47,1.4,51908
2013-04-19,1.38,1.47,1.53,1.38,168002
2013-04-22,1.45,1.45,1.47,1.4,47805
2013-04-23,1.45,1.54,1.54,1.45,139004
2013-04-24,1.57,1.5,1.57,1.49,91755
2013-04-25,1.49,1.44,1.55,1.4,129860
2013-04-26,1.44,1.44,1.48,1.39,53650
2013-04-29,1.48,1.42,1.52,1.4,23860
2013-04-30,1.39,1.4,1.4,1.35,40812
2013-05-01,1.4,1.42,1.46,1.4,25920
2013-05-02,1.43,1.36,1.43,1.31,18550
2013-05-03,1.3,1.43,1.48,1.3,63721
2013-05-06,1.35,1.36,1.43,1.32,66800
2013-05-07,1.4,1.64,1.68,1.4,240737
2013-05-08,1.51,1.67,1.7,1.51,150968
2013-05-09,1.67,1.92,1.92,1.66,235552
2013-05-10,1.9,2.05,2.05,1.865,149097
2013-05-13,2.05,2.1,2.14,1.93,141226
2013-05-14,2.05,2.2,2.24,2.05,121529
2013-05-15,2.15,2.15,2.29,2.05,152515
2013-05-16,2.15,2.01,2.15,1.95,60857
2013-05-17,2.0,2.15,2.15,1.97,167259
2013-05-20,2.15,2.6,2.71,2.15,278723
2013-05-21,2.5,2.5,2.6,2.4,260167
2013-05-22,2.45,2.33,2.5,2.33,101672
2013-05-23,2.26,2.5,2.5,2.15,78550
2013-05-24,2.51,2.5,2.69,2.48,114425
2013-05-28,2.5,2.4,2.5,2.4,93613
2013-05-29,2.4,2.26,2.4,2.26,76363
2013-05-30,2.4,2.4,2.41,2.35,41177
2013-05-31,2.4,2.28,2.4,2.28,95261
2013-06-03,2.36,2.45,2.55,2.36,154005
2013-06-04,2.45,2.4,2.5,2.35,155725
2013-06-05,2.38,2.74,2.85,2.38,354165
2013-06-06,2.84,2.9,3.0,2.76,180539
2013-06-07,2.95,2.99,2.99,2.85,215377
2013-06-10,2.96,3.17,3.2,2.96,278199
2013-06-11,3.2,3.24,3.25,3.15,161725
2013-06-12,3.25,3.74,3.89,3.23,344151
2013-06-13,3.7,3.5,3.83,3.5,208388
2013-06-14,3.6,3.25,3.6,2.15,745920
2013-06-17,3.33,3.15,3.59,2.74,191952
2013-06-18,3.01,3.03,3.24,2.85,94285
2013-06-19,3.05,3.05,3.09,2.95,56283
2013-06-20,3.09,2.9,3.15,2.62,67650
2013-06-21,2.9,3.04,3.15,2.88,85216
2013-06-24,3.0,2.73,3.08,2.68,114182
2013-06-25,2.8,2.75,2.92,2.53,132351
2013-06-26,2.75,2.55,2.75,2.42,119022
2013-06-27,2.46,2.68,2.74,2.28,149420
2013-07-01,2.74,2.66,2.74,2.65,59290
2013-07-02,2.66,2.9,2.98,2.66,54250
2013-07-03,2.9,2.9,2.96,2.85,48180
2013-07-05,2.92,3.15,3.22,2.92,169400
2013-07-08,3.1,2.91,3.2,2.91,72600
2013-07-09,2.95,2.99,3.02,2.91,142917
2013-07-10,3.01,2.85,3.05,2.85,178375
2013-07-11,2.85,2.64,2.85,2.63,54356
2013-07-12,2.7,2.7,2.78,2.63,44980
2013-07-15,2.72,2.71,2.83,2.68,57143
2013-07-16,2.72,3.03,3.08,2.71,172348
2013-07-17,3.01,2.95,3.05,2.9,67490
2013-07-18,3.0,3.02,3.04,2.81,121674
2013-07-19,3.02,3.02,3.02,2.98,83020
2013-07-22,3.02,2.94,3.02,2.92,59010
2013-07-23,2.94,2.93,2.98,2.9,40253
2013-07-24,2.9,2.86,2.9,2.77,33353
2013-07-25,2.78,2.78,2.82,2.72,47455
2013-07-26,2.82,2.95,2.95,2.78,54176
2013-07-29,3.02,2.95,3.02,2.95,76546
2013-07-30,2.95,2.98,3.01,2.91,52694
2013-07-31,2.98,3.0,3.01,2.93,28547
2013-08-01,2.95,3.0,3.03,2.95,78439
2013-08-02,3.0,3.04,3.05,2.95,90003
2013-08-05,3.03,2.95,3.09,2.93,162810
2013-08-06,2.95,2.95,3.0,2.92,43875
2013-08-07,2.95,2.93,2.95,2.82,15600
2013-08-08,2.94,2.85,2.95,2.84,40262
2013-08-09,2.94,2.78,2.94,2.76,20050
2013-08-12,2.79,2.55,2.79,2.47,132983
2013-08-13,2.63,2.65,2.65,2.54,63234
2013-08-14,2.63,2.8,2.85,2.61,76580
2013-08-15,2.8,2.95,2.95,2.74,61020
2013-08-16,2.92,2.95,2.95,2.8,74584
2013-08-19,2.93,3.16,3.16,2.9,169842
2013-08-20,3.12,3.1,3.15,3.01,57764
2013-08-21,3.09,3.07,3.09,2.97,83385
2013-08-22,3.09,3.01,3.09,2.99,19820
2013-08-23,2.99,3.16,3.16,2.95,133320
2013-08-26,3.15,3.1,3.16,3.06,44201
2013-08-27,3.12,3.02,3.15,3.0,61069
2013-08-28,3.1,3.07,3.1,3.04,32120
2013-08-29,3.08,3.38,3.38,3.08,360474
2013-08-30,3.38,3.4,3.41,3.22,152776
2013-09-03,3.45,3.46,3.5,3.3,95990
2013-09-04,3.36,3.4,3.43,3.28,134761
2013-09-05,3.4,3.38,3.4,3.3,51411
2013-09-06,3.36,3.27,3.36,3.18,99785
2013-09-09,3.3,3.19,3.3,3.15,76724
2013-09-10,3.17,3.1,3.17,3.0,51799
2013-09-11,3.11,3.18,3.2,3.02,81175
2013-09-12,3.18,3.12,3.19,3.06,62252
2013-09-13,3.17,3.1,3.17,3.07,31680
2013-09-16,3.07,2.9,3.17,2.75,119517
2013-09-17,2.9,3.0,3.0,2.78,58803
2013-09-18,3.03,3.0,3.03,2.86,34656
2013-09-19,3.0,2.89,3.0,2.84,150537
2013-09-20,2.9,2.94,2.96,2.83,92593
2013-09-23,2.95,2.9,2.96,2.85,40045
2013-09-24,2.9,2.97,2.99,2.87,107360
2013-09-25,2.97,2.97,2.97,2.92,39927
2013-09-26,2.97,2.9,2.97,2.82,40225
2013-09-27,2.91,2.91,2.95,2.79,81886
2013-09-30,2.87,2.93,2.94,2.78,65996
2013-10-01,3.02,3.16,3.2,2.9,179555
2013-10-02,3.15,3.36,3.36,3.1,325417
2013-10-03,3.3,3.39,3.44,3.3,118008
2013-10-04,3.43,3.34,3.43,3.3,115993
2013-10-07,3.35,3.1,3.35,3.0,67623
2013-10-08,3.1,3.0,3.1,2.91,46290
2013-10-09,3.0,2.96,3.0,2.85,69556
2013-10-10,2.99,2.99,3.1,2.92,73966
2013-10-11,2.94,3.1,3.1,2.94,42157
2013-10-14,3.05,3.15,3.2,3.02,78347
2013-10-15,3.13,3.17,3.19,3.09,106154
2013-10-16,3.15,3.09,3.15,3.08,249939
2013-10-17,3.11,3.08,3.11,3.08,52990
2013-10-18,3.11,3.12,3.14,3.09,57371
2013-10-21,3.15,3.16,3.18,3.11,75144
2013-10-22,3.16,3.11,3.17,3.02,99837
2013-10-23,3.1,3.03,3.1,2.95,145176
2013-10-24,3.07,3.09,3.1,3.04,62330
2013-10-25,3.1,3.15,3.15,3.01,88500
2013-10-28,3.15,3.12,3.15,3.02,38496
2013-10-29,3.12,3.08,3.12,3.04,45555
2013-10-30,3.08,3.05,3.09,3.05,67785
2013-10-31,3.07,3.05,3.07,2.95,106947
2013-11-01,3.05,2.97,3.05,2.95,69837
2013-11-04,3.0,3.0,3.07,2.99,140311
2013-11-05,2.998,3.1,3.12,2.95,146725
2013-11-06,3.08,3.04,3.08,3.0,46924
2013-11-07,3.03,3.02,3.03,3.02,7100
2013-11-08,3.01,3.01,3.02,2.98,51801
2013-11-11,3.0,2.99,3.01,2.98,27000
2013-11-12,3.05,3.0,3.05,2.99,93940
2013-11-13,3.01,2.97,3.05,2.95,51075
2013-11-14,2.96,2.94,2.99,2.87,78259
2013-11-15,2.95,2.96,2.99,2.94,64149
2013-11-18,2.93,2.75,2.93,2.63,195892
2013-11-19,2.74,2.5,2.74,2.16,225224
2013-11-20,2.55,2.39,2.55,2.25,142852
2013-11-21,2.35,2.45,2.5,2.35,71859
2013-11-22,2.5,2.5,2.55,2.36,121338
2013-11-25,2.54,2.52,2.54,2.3,147881
2013-11-26,2.52,2.55,2.64,2.46,86455
2013-11-27,2.53,2.53,2.59,2.46,85180
2013-11-29,2.52,2.49,2.52,2.4,18570
2013-12-02,2.49,2.18,2.49,2.15,248174
2013-12-03,2.18,2.13,2.18,2.05,124325
2013-12-04,2.13,2.0,2.14,1.75,424709
2013-12-05,2.15,2.23,2.25,2.0,126670
2013-12-06,2.23,2.39,2.39,2.23,114104
2013-12-09,2.385,2.45,2.49,2.38,72736
2013-12-10,2.45,2.43,2.47,2.3,36548
2013-12-11,2.42,2.04,2.42,2.0,132999
2013-12-12,2.04,2.22,2.25,2.04,66833
2013-12-13,2.24,2.21,2.24,2.15,88699
2013-12-16,2.24,2.16,2.27,2.13,184765
2013-12-17,2.16,2.2,2.23,2.15,131785
2013-12-18,2.2,2.35,2.35,2.18,231970
2013-12-19,2.26,2.4,2.5,2.26,193493
2013-12-20,2.454,2.42,2.48,2.4,89118
2013-12-23,2.45,2.4,2.48,2.39,30561
2013-12-24,2.41,2.45,2.45,2.3,18725
2013-12-26,2.47,2.55,2.55,2.45,110737
2013-12-27,2.55,2.69,2.93,2.485,128888
2013-12-30,2.85,2.85,2.89,2.65,141411
2013-12-31,2.8,2.72,2.97,2.7,274542
2014-01-02,2.75,2.7,2.85,2.62,56768
2014-01-03,2.72,2.73,2.75,2.61,52212
2014-01-06,2.705,2.75,2.77,2.68,53369
2014-01-07,2.71,2.74,2.78,2.71,46850
2014-01-08,2.715,2.68,2.75,2.68,47589
2014-01-09,2.67,2.72,2.72,2.66,71226
2014-01-10,2.7,2.78,2.79,2.68,117279
2014-01-13,2.75,2.83,2.83,2.7,82703
2014-01-14,2.83,2.9,2.9,2.75,79500
2014-01-15,2.92,3.03,3.1,2.92,204386
2014-01-16,3.04,3.05,3.09,2.98,266986
2014-01-17,3.04,2.94,3.04,2.9,255690
2014-01-21,2.93,2.79,2.93,2.7,114581
2014-01-22,2.73,2.83,2.9,2.73,90395
2014-01-23,2.8,2.89,2.89,2.71,77920
2014-01-24,2.88,2.82,2.88,2.75,107570
2014-01-27,2.82,2.78,2.84,2.76,20193
2014-01-28,2.77,2.75,2.78,2.7,48489
2014-01-29,2.73,2.7,2.75,2.69,28600
2014-01-30,2.7,2.7,2.73,2.64,32497
2014-01-31,2.65,2.63,2.65,2.5,65081
2014-02-03,2.6,2.52,2.6,2.495,37523
2014-02-04,2.52,2.48,2.52,2.16,84647
2014-02-05,2.46,2.65,2.68,2.46,115600
2014-02-06,2.625,2.7,2.75,2.62,52886
2014-02-07,2.69,2.63,2.69,2.55,7851
2014-02-10,2.605,2.6,2.67,2.58,35900
2014-02-11,2.59,2.58,2.65,2.55,79975
2014-02-12,2.59,2.59,2.6,2.51,64740
2014-02-13,2.59,2.7,2.7,2.59,93885
2014-02-14,2.78,2.85,2.88,2.68,218469
2014-02-18,2.84,2.85,2.85,2.7,52560
2014-02-19,2.795,2.68,2.8,2.68,110388
2014-02-20,2.74,2.75,2.75,2.68,36544
2014-02-21,2.68,2.69,2.72,2.65,63769
2014-02-24,2.72,2.75,2.85,2.69,133389
2014-02-25,2.68,2.8,2.8,2.66,66559
2014-02-26,2.8,2.8,2.82,2.72,205011
2014-02-27,2.8,2.99,3.0,2.8,334367
2014-02-28,2.92,3.0,3.03,2.92,133804
2014-03-03,2.96,3.0,3.0,2.9,83612
2014-03-04,3.0,3.0,3.04,2.98,72792
2014-03-05,3.0,3.04,3.1,3.0,174374
2014-03-06,3.05,3.25,3.41,3.04,454354
2014-03-07,3.36,3.25,3.39,3.1,366062
2014-03-10,3.27,3.4,3.43,3.18,195673
2014-03-11,3.4,3.6,3.6,3.4,248434
2014-03-12,3.58,3.52,3.65,3.37,229368
2014-03-13,3.536,3.33,3.536,3.3,254371
2014-03-14,3.33,3.3,3.34,3.2,153202
2014-03-17,3.33,3.25,3.33,3.22,52546
2014-03-18,3.23,3.15,3.24,3.08,124103
2014-03-19,3.17,3.0,3.17,2.85,79146
2014-03-20,3.03,2.91,3.05,2.75,218529
2014-03-21,2.95,2.99,3.16,2.92,134755
2014-03-24,2.97,2.95,3.01,2.85,181057
2014-03-25,2.96,2.7,2.96,2.7,169169
2014-03-26,2.75,2.82,2.85,2.67,84228
2014-03-27,2.825,2.91,2.93,2.65,99290
2014-03-28,2.94,2.85,2.96,2.85,45446
2014-03-31,2.8,2.75,2.82,2.62,106270
2014-04-01,2.72,2.72,2.78,2.59,143009
2014-04-02,2.72,2.86,2.88,2.69,49027
2014-04-03,2.84,2.825,2.84,2.75,22585
2014-04-04,2.83,2.82,2.85,2.82,45897
2014-04-07,2.815,2.7,2.82,2.7,39976
2014-04-08,2.69,2.7,2.74,2.58,50114
2014-04-09,2.7,2.98,2.98,2.7,43293
2014-04-10,3.005,3.0,3.07,2.917,127889
2014-04-11,3.043,3.02,3.05,3.01,24517
2014-04-14,3.02,2.9,3.02,2.87,35752
2014-04-15,2.89,2.83,2.9,2.62,40574
2014-04-16,2.83,2.9,2.9,2.83,10902
2014-04-17,2.9,3.1,3.1,2.9,120360
2014-04-21,3.08,3.03,3.1,2.97,56816
2014-04-22,3.03,3.0,3.03,2.97,46657
2014-04-23,2.95,3.01,3.05,2.95,57445
2014-04-24,3.02,3.06,3.1,3.0,139289
2014-04-25,3.025,3.08,3.1,3.0,58300
2014-04-28,3.05,3.1,3.1,3.01,47738
2014-04-29,3.01,3.0,3.07,2.95,101013
2014-04-30,3.05,3.0,3.05,2.95,65690
2014-05-01,3.0,2.93,3.02,2.83,163820
2014-05-02,2.89,3.02,3.02,2.81,58143
2014-05-05,2.96,2.98,3.01,2.81,59233
2014-05-06,2.98,2.94,3.0,2.89,94464
2014-05-07,2.98,3.0,3.05,2.85,71165
2014-05-08,3.0,3.01,3.02,2.95,44894
2014-05-09,2.975,2.9,3.0,2.9,65638
2014-05-12,2.97,2.9,2.97,2.83,45675
2014-05-13,2.9,2.92,2.92,2.8,63048
2014-05-14,2.81,2.85,2.86,2.62,172490
2014-05-15,2.8,2.75,2.8,2.71,67600
2014-05-16,2.75,2.7,2.76,2.65,53613
2014-05-19,2.7,2.6,2.72,2.6,32947
2014-05-20,2.69,2.7,2.7,2.65,30182
2014-05-21,2.7,2.69,2.7,2.61,47300
2014-05-22,2.69,2.62,2.7,2.6,41570
2014-05-23,2.62,2.65,2.75,2.6,159741
2014-05-27,2.73,2.57,2.73,2.11,170449
2014-05-28,2.55,2.63,2.64,2.32,56450
2014-05-29,2.59,2.6,2.64,2.48,34625
2014-05-30,2.52,2.42,2.52,2.31,48978
2014-06-02,2.35,2.43,2.47,2.35,28450
2014-06-03,2.36,2.4,2.43,2.3,78516
2014-06-04,2.37,2.41,2.41,2.3,43490
2014-06-05,2.465,2.41,2.58,2.38,56051
2014-06-06,2.31,2.35,2.38,2.3,179891
2014-06-09,2.31,2.23,2.31,2.14,0
2014-06-10,2.07,2.09,2.2,1.94,0
2014-06-11,2.03,2.185,2.22,2.01,270710
2014-06-12,2.18,2.25,2.28,2.15,0
2014-06-13,2.25,2.3,2.3,2.24,152345
2014-06-16,2.3,2.21,2.32,2.21,0
2014-06-17,2.27,2.23,2.3,2.21,0
2014-06-18,2.25,2.25,2.3,2.15,99040
2014-06-19,2.29,2.44,2.48,2.29,225617
2014-06-20,2.4,2.39,2.4,2.38,72018
2014-06-23,2.4,2.34,2.4,2.32,100160
2014-06-24,2.31,2.25,2.32,2.19,211890
2014-06-25,2.21,2.23,2.25,2.17,357594
2014-06-26,2.21,2.18,2.25,2.12,111414
2014-06-27,2.28,2.4,2.46,2.25,306262
2014-06-30,2.44,2.45,2.47,2.36,109988
2014-07-01,2.46,2.48,2.5,2.38,161142
2014-07-02,2.43,2.6,2.68,2.43,167853
2014-07-03,2.55,2.65,2.69,2.55,125536
2014-07-07,2.62,2.59,2.66,2.54,88918
2014-07-08,2.57,2.52,2.57,2.45,213669
2014-07-09,2.5,2.45,2.5,2.45,111319
2014-07-10,2.45,2.38,2.46,2.37,22847
2014-07-11,2.38,2.3,2.4,2.21,97773
2014-07-14,2.28,2.29,2.32,2.23,70590
2014-07-15,2.29,2.33,2.35,2.21,104256
2014-07-16,2.26,2.36,2.46,2.25,90999
2014-07-17,2.33,2.38,2.44,2.33,97417
2014-07-18,2.35,2.29,2.35,2.25,49807
2014-07-21,2.25,2.62,2.65,2.22,262048
2014-07-22,2.52,2.67,2.75,2.52,347866
2014-07-23,2.7,2.69,2.7,2.65,146031
2014-07-24,2.7,2.69,2.72,2.65,264679
2014-07-25,2.7,2.54,2.7,2.54,51649
2014-07-28,2.54,2.54,2.55,2.4,57609
2014-07-29,2.54,2.58,2.68,2.51,96681
2014-07-30,2.55,2.5,2.55,2.469,68685
2014-07-31,2.47,2.37,2.47,2.26,57470
2014-08-01,2.349,2.41,2.45,2.26,37052
2014-08-04,2.38,2.31,2.39,2.3,30150
2014-08-05,2.31,2.39,2.4,2.3,71200
2014-08-06,2.3,2.47,2.47,2.26,75281
2014-08-07,2.409,2.44,2.5,2.4,80200
2014-08-08,2.39,2.56,2.59,2.375,129497
2014-08-11,2.59,2.48,2.6,2.41,129425
2014-08-12,2.49,2.53,2.56,2.49,218870
2014-08-13,2.52,2.54,2.54,2.5,134407
2014-08-14,2.51,2.64,2.64,2.51,126786
2014-08-15,2.65,2.61,2.7,2.59,184415
2014-08-18,2.64,2.66,2.71,2.6,202459
2014-08-19,2.65,2.73,2.73,2.63,121401
2014-08-20,2.75,2.8,2.89,2.73,289344
2014-08-21,2.86,3.0,3.0,2.83,546290
2014-08-22,2.97,3.08,3.1,2.81,348512
2014-08-25,3.1,2.96,3.1,2.95,159588
2014-08-26,3.025,3.1,3.15,3.02,645182
2014-08-27,3.1,3.15,3.15,3.0,400176
2014-08-28,3.15,3.12,3.19,3.05,440801
2014-08-29,3.2,3.15,3.2,3.1,436895
2014-09-02,3.15,3.0436,3.15,2.8,310062
2014-09-03,3.0,3.0,3.14,3.0,197543
2014-09-04,3.05,3.04,3.05,2.98,152801
2014-09-05,3.05,3.08,3.08,2.76,343916
2014-09-08,3.09,3.1,3.12,3.0,269193
2014-09-09,3.12,3.018,3.12,2.98,290363
2014-09-10,3.04,3.0,3.11,2.9999,152448
2014-09-11,3.0399,3.1099,3.1101,3.03,195552
2014-09-12,3.12,3.1501,3.177,3.08,340711
2014-09-15,3.1,3.14,3.25,3.1,340087
2014-09-16,3.14,3.07,3.16,3.05,169047
2014-09-17,3.1,3.1,3.1,2.96,261192
2014-09-18,3.1,3.05,3.13,3.0005,160829
2014-09-19,3.08,3.2,3.2,3.0,361323
2014-09-22,3.2,3.37,3.38,3.12,551967
2014-09-23,3.4,3.3,3.4,3.2601,267629
2014-09-24,3.36,3.36,3.4,3.3,280487
2014-09-25,3.39,3.4,3.4,3.32,213909
2014-09-26,3.41,3.52,3.55,3.35,349084
2014-09-29,3.57,3.6,3.6,3.46,240384
2014-09-30,3.6,3.77,3.93,3.5913,713206
2014-10-01,3.69,3.56,3.82,3.17,677448
2014-10-02,3.6,3.3,3.61,3.25,360679
2014-10-03,3.45,3.32,3.45,3.29,156884
2014-10-06,3.35,3.31,3.38,3.31,106056
2014-10-07,3.33,2.99,3.33,2.88,502854
2014-10-08,3.0,3.01,3.03,2.92,369846
2014-10-09,3.0,3.02,3.07,2.95,194091
2014-10-10,2.99,2.88,3.0899,2.62,331925
2014-10-13,2.91,2.755,2.95,2.7,95841
2014-10-14,2.8,2.57,2.8,2.56,180315
2014-10-15,2.57,2.6,2.68,2.38,394793
2014-10-16,2.55,2.54,2.63,2.5001,221405
2014-10-17,2.6,2.67,2.84,2.51,320751
2014-10-20,2.64,2.58,2.68,2.47,228996
2014-10-21,2.6,1.29,2.6,1.0,6692197
2014-10-22,1.61,1.52,1.85,1.33,5026195
2014-10-23,1.38,1.44,1.5,1.34,832386
2014-10-24,1.43,1.476,1.4801,1.3,1219214
2014-10-27,1.46,1.43,1.49,1.35,989222
2014-10-28,1.4,1.4,1.43,1.36,698782
2014-10-29,1.4,1.35,1.42,1.22,485674
2014-10-30,1.35,1.46,1.5,1.3,347305
2014-10-31,1.47,1.53,1.58,1.41,471190
2014-11-03,1.5,1.75,1.82,1.43,675510
2014-11-04,1.71,1.61,1.76,1.57,219350
2014-11-05,1.61,1.505,1.7199,1.455,136440
2014-11-06,1.47,1.5,1.55,1.47,136567
2014-11-07,1.47,1.48,1.54,1.45,70573
2014-11-10,1.45,1.4101,1.5,1.4,103646
2014-11-11,1.39,1.37,1.41,1.31,129752
2014-11-12,1.34,1.31,1.4,1.27,143630
2014-11-13,1.29,1.32,1.3899,1.29,13133
2014-11-14,1.3599,1.3,1.3599,1.27,230653
2014-11-17,1.33,1.17,1.34,1.16,357208
2014-11-18,1.1,1.1899,1.21,1.09,316734
2014-11-19,1.17,1.11,1.2999,1.05,319456
2014-11-20,1.1,1.12,1.19,1.05,273857
2014-11-21,1.11,1.12,1.1711,1.08,491531
2014-11-24,1.13,1.11,1.13,1.08,307979
2014-11-25,1.09,1.11,1.14,1.0843,276175
2014-11-26,1.1,1.18,1.2699,1.1,414910
2014-11-28,1.2,1.1,1.28,1.1,327536
2014-12-01,1.1,1.14,1.18,1.08,163437
2014-12-02,1.17,1.06,1.3,1.05,227197
2014-12-03,1.06,1.01,1.1599,0.94,438529
2014-12-04,1.01,0.99,1.05,0.9601,167284
2014-12-05,0.99,0.879,0.99,0.79,483490
2014-12-08,0.95,0.9099,1.01,0.878,306222
2014-12-09,0.87,0.85,0.975,0.85,174029
2014-12-10,0.85,0.775,0.95,0.75,166990
2014-12-11,0.79,0.7799,0.844,0.7,225119
2014-12-12,0.75,0.75,0.83,0.72,130258
2014-12-15,0.77,0.87,0.9,0.75,518785
2014-12-16,0.87,1.1,1.1,0.85,435601
2014-12-17,1.11,1.39,1.46,1.11,891140
2014-12-18,1.4,1.35,1.4,1.25,301218
2014-12-19,1.32,1.02,1.38,1.02,679561
2014-12-22,1.05,1.2,1.265,1.002,403339
2014-12-23,1.17,1.18,1.29,1.09,258697
2014-12-24,1.17,1.15,1.18,1.1,54819
2014-12-26,1.14,1.11,1.15,1.1,104112
2014-12-29,1.11,1.02,1.1499,1.02,252640
2014-12-30,1.02,1.04,1.1,0.97,560227
2014-12-31,1.02,1.08,1.09,0.9625,356405
2015-01-02,1.06,1.1,1.15,1.06,244411
2015-01-05,1.1,1.07,1.15,1.06,209099
2015-01-06,1.07,1.32,1.39,1.07,555958
2015-01-07,1.31,1.24,1.421,1.16,275357
2015-01-08,1.22,1.38,1.38,1.2,143670
2015-01-09,1.39,1.37,1.39,1.3,163853
2015-01-12,1.34,1.32,1.351,1.24,139484
2015-01-13,1.31,1.39,1.39,1.25,155632
2015-01-14,1.39,1.35,1.55,1.32,555209
2015-01-15,1.36,1.2,1.3799,1.2,131743
2015-01-16,1.21,1.33,1.39,1.21,152312
2015-01-20,1.35,1.25,1.39,1.25,168916
2015-01-21,1.3,1.3,1.35,1.2501,94129
2015-01-22,1.33,1.29,1.33,1.27,55999
2015-01-23,1.32,1.29,1.32,1.2001,118006
2015-01-26,1.29,1.259,1.29,1.23,77937
2015-01-27,1.23,1.22,1.27,1.2,83228
2015-01-28,1.24,1.23,1.27,1.21,112041
2015-01-29,1.23,1.27,1.29,1.2,96885
2015-01-30,1.27,1.25,1.27,1.23,77659
2015-02-02,1.24,1.23,1.27,1.22,134089
2015-02-03,1.23,1.23,1.2699,1.23,165444
2015-02-04,1.25,1.22,1.25,1.2,56433
2015-02-05,1.23,1.22,1.24,1.2,104443
2015-02-06,1.23,1.28,1.3,1.23,207594
2015-02-09,1.29,1.25,1.29,1.21,203438
2015-02-10,1.28,1.26,1.28,1.23,29714
2015-02-11,1.22,1.2,1.221,1.2,61463
2015-02-12,1.2,1.17,1.23,1.05,97670
2015-02-13,1.19,1.26,1.27,1.14,194267
2015-02-17,1.25,1.25,1.27,1.21,59835
2015-02-18,1.26,1.23,1.27,1.21,116665
2015-02-19,1.24,1.21,1.25,1.21,42365
2015-02-20,1.2,1.2199,1.25,1.2,131328
2015-02-23,1.22,1.19,1.2,1.12,60575
2015-02-24,1.2,1.2,1.22,1.17,28143
2015-02-25,1.17,1.22,1.22,1.16,106121
2015-02-26,1.22,1.18,1.22,1.18,29261
2015-02-27,1.18,1.16,1.18,1.15,84893
2015-03-02,1.16,1.16,1.2,1.16,62676
2015-03-03,1.1684,1.1,1.17,1.1,74655
2015-03-04,1.1,1.04,1.1,1.0301,132070
2015-03-05,1.0613,1.01,1.09,1.01,93149
2015-03-06,1.02,1.06,1.1,1.01,46865
2015-03-09,1.03,1.01,1.0628,1.01,39355
2015-03-10,0.98,0.93,1.0099,0.899,171800
2015-03-11,0.95,0.93,0.9999,0.91,81050
2015-03-12,0.96,0.97,1.02,0.91,87367
2015-03-13,0.9596,1.02,1.07,0.95,132262
2015-03-16,1.0,0.99,1.06,0.925,92959
2015-03-17,0.9,0.98,1.03,0.9,117086
2015-03-18,0.9999,1.03,1.1,0.95,151467
2015-03-19,1.05,1.13,1.18,1.04,548880
2015-03-20,1.15,1.13,1.15,1.06,132580
2015-03-23,1.1,1.0,1.1,0.9701,59031
2015-03-24,1.04,1.03,1.05,1.0,68580
2015-03-25,0.98,0.9401,1.0199,0.9101,116845
2015-03-26,0.94,0.9101,1.0191,0.91,64998
2015-03-27,0.94,0.9218,0.95,0.91,22764
2015-03-30,0.92,0.8711,0.93,0.87,152582
2015-03-31,0.87,0.89,1.0,0.7738,188514
2015-04-01,0.9,1.01,1.04,0.88,374717
2015-04-02,1.01,0.9858,1.05,0.93,233040
2015-04-06,0.98,1.11,1.14,0.9786,295097
2015-04-07,1.1,1.01,1.1,1.01,267229
2015-04-08,1.01,1.03,1.08,1.0,182818
2015-04-09,1.06,1.02,1.07,1.0,65946
2015-04-10,1.02,0.98,1.02,0.95,122794
2015-04-13,1.07,0.95,1.07,0.935,161856
2015-04-14,0.95,0.94,0.99,0.94,109201
2015-04-15,0.95,0.98,0.9899,0.91,187734
2015-04-16,0.985,0.9496,0.99,0.93,109364
2015-04-17,0.95,0.9,0.95,0.89,76561
2015-04-20,0.925,0.915,0.925,0.85,62564
2015-04-21,0.915,0.88,0.915,0.86,81441
2015-04-22,0.87,0.8819,0.9,0.86,37547
2015-04-23,0.89,0.8603,0.88,0.83,79746
2015-04-24,0.8602,0.8901,0.92,0.85,117775
2015-04-27,0.89,0.8847,0.91,0.87,52217
2015-04-28,0.89,0.8899,0.9,0.87,75241
2015-04-29,0.86,0.8632,0.8798,0.83,90203
2015-04-30,0.83,0.81,0.8701,0.81,72339
2015-05-01,0.8,0.9,0.9,0.8,128959
2015-05-04,0.87,0.8999,0.9,0.87,55731
2015-05-05,0.8901,0.91,0.91,0.8501,73848
2015-05-06,0.91,0.9439,0.98,0.8701,195272
2015-05-07,0.95,0.9199,0.95,0.91,67341
2015-05-08,0.93,0.9801,1.03,0.9001,190893
2015-05-11,0.99,1.05,1.09,0.96,193928
2015-05-12,1.07,1.028,1.07,0.99,239690
2015-05-13,1.0496,1.0694,1.08,1.02,94820
2015-05-14,1.08,1.21,1.23,1.04,432547
2015-05-15,1.17,1.29,1.36,1.17,383863
2015-05-18,1.29,1.27,1.37,1.21,369846
2015-05-19,1.22,1.31,1.39,1.22,268855
2015-05-20,1.3,1.36,1.39,1.29,227929
2015-05-21,1.38,1.4788,1.54,1.34,578732
2015-05-22,1.45,1.51,1.54,1.42,541628
2015-05-26,1.48,1.505,1.5199,1.411,264855
2015-05-27,1.52,1.5,1.53,1.45,247642
2015-05-28,1.55,1.4632,1.63,1.4503,372318
2015-05-29,1.49,1.53,1.59,1.4,344656
2015-06-01,1.56,1.53,1.5799,1.48,287765
2015-06-02,1.55,1.41,1.56,1.4,506482
2015-06-03,1.44,1.4,1.52,1.38,446538
2015-06-04,1.41,1.339,1.4699,1.22,631120
2015-06-05,1.31,1.29,1.31,1.2,282091
2015-06-08,1.28,1.25,1.28,1.23,259140
2015-06-09,1.24,1.28,1.3,1.24,164379
2015-06-10,1.28,1.26,1.28,1.2201,185878
2015-06-11,1.22,1.27,1.3,1.22,157069
2015-06-12,1.24,1.23,1.26,1.205,222533
2015-06-15,1.21,1.16,1.22,1.15,150007
2015-06-16,1.15,1.03,1.15,1.0,243797
2015-06-17,1.05,1.05,1.07,1.04,196495
2015-06-18,1.05,1.04,1.08,0.99,287759
2015-06-19,1.04,1.08,1.155,0.99,380680
2015-06-22,1.07,1.08,1.1699,1.05,133669
2015-06-23,1.09,1.12,1.13,1.06,154255
2015-06-24,1.11,1.12,1.13,1.06,153753
2015-06-25,1.13,1.29,1.31,1.119,254672
2015-06-26,1.33,1.37,1.38,1.13,712747
2015-06-29,1.33,1.14,1.367,1.05,457450
2015-06-30,1.12,1.09,1.13,1.03,185498
2015-07-01,1.08,1.06,1.09,1.05,157427
2015-07-02,1.05,1.13,1.14,1.05,204446
2015-07-06,1.13,1.08,1.13,1.03,261847
2015-07-07,1.05,1.05,1.07,1.01,267168
2015-07-08,1.03,0.99,1.03,0.99,233025
2015-07-09,1.0,1.07,1.08,1.0,194446
2015-07-10,1.05,1.06,1.09,1.05,203571
2015-07-13,1.08,1.0,1.08,0.99,289882
2015-07-14,0.99,0.92,0.9915,0.9,145020
2015-07-15,0.92,0.95,0.9595,0.87,144182
2015-07-16,0.98,0.96,0.9999,0.89,112309
2015-07-17,0.95,0.93,0.9654,0.8951,85741
2015-07-20,0.88,0.87,0.9765,0.85,99411
2015-07-21,0.879,0.87,0.92,0.85,124570
2015-07-22,0.87,0.92,0.95,0.85,131838
2015-07-23,0.89,0.86,0.95,0.86,192302
2015-07-24,0.86,0.84,0.8999,0.82,83395
2015-07-27,0.84,0.82,0.8698,0.81,102952
2015-07-28,0.8201,0.8051,0.89,0.8051,102961
2015-07-29,0.82,0.88,0.9,0.82,120105
2015-07-30,0.9,0.97,1.01,0.82,306891
2015-07-31,0.97,1.02,1.04,0.91,168280
2015-08-03,1.05,0.945,1.05,0.921,103714
2015-08-04,0.92,0.94,0.99,0.92,109187
2015-08-05,0.91,0.915,0.99,0.85,113444
2015-08-06,0.89,0.8625,0.9499,0.85,74340
2015-08-07,0.86,0.91,0.94,0.86,128974
2015-08-10,0.91,0.86,0.928,0.86,107497
2015-08-11,0.87,0.86,0.91,0.86,103527
2015-08-12,0.91,0.9199,1.0,0.8901,434996
2015-08-13,0.92,0.9,0.9599,0.88,116901
2015-08-14,0.87,0.9223,0.9891,0.87,136211
2015-08-17,0.89,0.87,0.9011,0.87,115430
2015-08-18,0.8603,0.83,0.89,0.761,375200
2015-08-19,0.83,0.8655,0.9004,0.83,69137
2015-08-20,0.88,0.9,0.9,0.86,99928
2015-08-21,0.94,0.84,0.95,0.825,150410
2015-08-24,0.78,0.7602,0.89,0.6,195803
2015-08-25,0.73,0.83,0.85,0.73,183769
2015-08-26,0.85,0.786,0.85,0.76,117353
2015-08-27,0.79,0.79,0.83,0.76,146813
2015-08-28,0.78,0.8,0.82,0.77,151390
2015-08-31,0.81,0.7567,0.81,0.75,116754
2015-09-01,0.76,0.78,0.8,0.76,108213
2015-09-02,0.76,0.921,0.94,0.76,285609
2015-09-03,0.9,0.85,0.9065,0.82,182632
2015-09-04,0.82,0.865,0.94,0.82,735489
2015-09-08,0.87,0.875,0.9289,0.86,134651
2015-09-09,0.8712,0.92,0.9548,0.8712,281406
2015-09-10,0.8818,0.89,0.9417,0.853,131351
2015-09-11,0.85,0.81,0.9,0.81,93355
2015-09-14,0.83,0.78,0.84,0.72,144054
2015-09-15,0.799,0.7505,0.799,0.75,91786
2015-09-16,0.763,0.76,0.763,0.7502,73648
2015-09-17,0.77,0.75,0.8,0.75,104916
2015-09-18,0.73,0.74,0.79,0.7,197690
2015-09-21,0.76,0.72,0.8094,0.7102,67599
2015-09-22,0.7,0.71,0.8,0.7,68723
2015-09-23,0.72,0.7456,0.7599,0.72,42789
2015-09-24,0.74,0.7212,0.8,0.7207,120238
2015-09-25,0.7133,0.7,0.7351,0.68,163788
2015-09-28,0.65,0.66,0.7085,0.65,157155
2015-09-29,0.65,0.625,0.67,0.625,170217
2015-09-30,0.643,0.68,0.7,0.6,155116
2015-10-01,0.65,0.656,0.7,0.6403,154733
2015-10-02,0.7,0.6901,0.7199,0.6601,157794
2015-10-05,0.704,0.7501,0.7997,0.6499,220526
2015-10-06,0.701,0.88,0.9,0.701,422119
2015-10-07,0.84,0.92,0.92,0.7901,239187
2015-10-08,0.93,0.9173,0.95,0.84,194683
2015-10-09,0.87,0.9394,0.9399,0.87,184090
2015-10-12,0.9,0.8502,0.95,0.85,130169
2015-10-13,0.86,0.8906,0.9016,0.86,76496
2015-10-14,0.8606,0.845,0.9,0.8201,89736
2015-10-15,0.8497,0.83,0.85,0.82,118764
2015-10-16,0.827,0.69,0.85,0.69,306957
2015-10-19,0.67,0.6301,0.67,0.62,504553
2015-10-20,0.63,0.64,0.6798,0.6101,202335
2015-10-21,0.6216,0.613,0.6969,0.59,206738
2015-10-22,0.614,0.59,0.63,0.58,101987
2015-10-23,0.6,0.5901,0.6098,0.53,207190
2015-10-26,0.6,0.6278,0.6299,0.56,130303
2015-10-27,0.59,0.63,0.63,0.57,223349
2015-10-28,0.63,0.6601,0.6611,0.61,166930
2015-10-29,0.66,0.74,0.8495,0.63,174372
2015-10-30,0.71,0.63,0.79,0.63,283230
2015-11-02,0.7,0.7002,0.8,0.64,132271
2015-11-03,0.82,0.66,0.82,0.66,162658
2015-11-04,0.6619,0.66,0.7099,0.651,49960
2015-11-05,0.66,0.65,0.68,0.6301,136895
2015-11-06,0.65,0.653,0.69,0.63,61488
2015-11-09,0.6504,0.64,0.699,0.64,149006
2015-11-10,0.642,0.64,0.689,0.63,80057
2015-11-11,0.65,0.65,0.68,0.63,199149
2015-11-12,0.64,0.69,0.71,0.6313,80866
2015-11-13,0.69,0.6604,0.69,0.6402,18084
2015-11-16,0.631,0.64,0.66,0.631,62965
2015-11-17,0.631,0.68,0.68,0.63,66363
2015-11-18,0.68,0.69,0.73,0.6408,178676
2015-11-19,0.69,0.73,0.75,0.69,129976
2015-11-20,0.73,0.6901,0.7497,0.6601,197210
2015-11-23,0.6901,0.74,0.75,0.662,193961
2015-11-24,0.71,0.7021,0.7897,0.7002,435251
2015-11-25,0.7,0.6902,0.77,0.6802,305823
2015-11-27,0.6813,0.6999,0.7001,0.6813,21801
2015-11-30,0.6904,0.7367,0.78,0.651,233001
2015-12-01,0.7549,0.6905,0.7549,0.6904,101103
2015-12-02,0.7,0.66,0.7,0.6521,104531
2015-12-03,0.664,0.64,0.68,0.632,126760
2015-12-04,0.64,0.608,0.6673,0.58,285243
2015-12-07,0.6384,0.544,0.6384,0.54,118250
2015-12-08,0.57,0.5351,0.5895,0.522,130617
2015-12-09,0.53,0.5099,0.54,0.4898,123632
2015-12-10,0.5179,0.5,0.57,0.4811,304028
2015-12-11,0.5,0.4101,0.5,0.4028,188036
2015-12-14,0.4101,0.4101,0.4101,0.4101,0
2015-12-15,0.393,0.4,0.42,0.39,357922
2015-12-16,0.41,0.395,0.42,0.38,240728
2015-12-17,0.39,0.3726,0.4095,0.3701,224282
2015-12-18,0.3601,0.42,0.4625,0.36,421740
2015-12-21,0.42,0.4698,0.4699,0.4,180921
2015-12-22,0.47,0.422,0.4798,0.396,248785
2015-12-23,0.41,0.4119,0.42,0.4,285293
2015-12-24,0.41,0.4,0.4199,0.383,83087
2015-12-28,0.4,0.39,0.4099,0.38,296107
2015-12-29,0.36,0.405,0.41,0.36,240793
2015-12-30,0.4,0.403,0.41,0.38,316693
2015-12-31,0.38,0.5,0.52,0.38,421619
2016-01-04,0.489,0.414,0.489,0.4089,166702
2016-01-05,0.418,0.388,0.43,0.3533,357881
2016-01-06,0.39,0.39,0.41,0.38,287716
2016-01-07,0.3842,0.3874,0.41,0.3626,146812
2016-01-08,0.39,0.363,0.4,0.357,70921
2016-01-11,0.367,0.36,0.386,0.36,386629
2016-01-12,0.3773,0.3499,0.4001,0.33,234450
2016-01-13,0.36,0.32,0.3698,0.32,88216
2016-01-14,0.28,0.34,0.35,0.278,492992
2016-01-15,0.34,0.3,0.341,0.29,515551
2016-01-19,0.31,0.305,0.3197,0.3,87874
2016-01-20,0.3,0.2802,0.3,0.2621,163365
2016-01-21,0.2812,0.3101,0.317,0.2803,151413
2016-01-22,0.317,0.39,0.39,0.31,326037
2016-01-25,0.398,0.3502,0.4,0.34,177049
2016-01-26,0.3485,0.3202,0.35,0.313,184160
2016-01-27,0.3297,0.33,0.36,0.31,100922
2016-01-28,0.312,0.365,0.369,0.312,87936
2016-01-29,0.365,0.36,0.4,0.324,208685
2016-02-01,0.364,0.36,0.38,0.33,104026
2016-02-02,0.352,0.374,0.38,0.35,75992
2016-02-03,0.37,0.362,0.38,0.34,92326
2016-02-04,0.37,0.37,0.385,0.3424,85329
2016-02-05,0.378,0.365,0.38,0.36,75941
2016-02-08,0.36,0.3532,0.3648,0.322,109559
2016-02-09,0.3435,0.314,0.3499,0.314,45184
2016-02-10,0.314,0.314,0.3464,0.314,94184
2016-02-11,0.314,0.3001,0.314,0.3,156141
2016-02-12,0.3,0.2851,0.31,0.255,304869
2016-02-16,0.281,0.3001,0.3201,0.25,298897
2016-02-17,0.25,0.3181,0.3249,0.25,298428
2016-02-18,0.32,0.3001,0.32,0.2761,47696
2016-02-19,0.2831,0.2902,0.31,0.2801,28095
2016-02-22,0.29,0.2602,0.3036,0.25,275665
2016-02-23,0.2732,0.258,0.298,0.23,213999
2016-02-24,0.26,0.23,0.26,0.22,282705
2016-02-25,0.25,0.2399,0.25,0.2015,198917
2016-02-26,0.25,0.218,0.25,0.201,223979
2016-02-29,0.19,0.218,0.21,0.1,3951637
2016-03-01,0.11,0.1147,0.1285,0.095,2049419
2016-03-02,0.1038,0.1035,0.1038,0.08,1355821
2016-03-03,0.0884,0.09,0.0884,0.0884,5000
2016-03-04,0.085,0.049,0.089,0.041,6158359
2016-03-07,0.04,0.072,0.075,0.037,5872368
2016-03-08,0.0802,0.1189,0.23,0.075,21882040
2016-03-09,0.155,0.1751,0.2,0.14,10561563
2016-03-10,0.2,0.18,0.22,0.1527,511
2016-03-11,0.17,0.12,0.175,0.1118,8425523
2016-03-14,0.14,0.1291,0.1597,0.121,4245992
2016-03-15,0.1291,0.107,0.1291,0.1291,4781577
2016-03-16,0.11,0.1041,0.1171,0.09,4484422
2016-03-17,0.105,0.1051,0.114,0.1,2439727
2016-03-18,0.08,0.088,0.099,0.08,6167267
2016-03-21,0.0851,0.106,0.115,0.0762,5543355
2016-03-22,0.05,0.048,0.0847,0.041,23695009
2016-03-23,0.05,0.0501,0.065,0.04,13577856
2016-03-24,0.0501,0.0501,0.0501,0.0501,8971086
2016-04-01,NaN,NaN,NaN,NaN,0
2022-10-17,10.04,10.058,10.058,10.03,582
2022-10-18,10.23,10.19,10.26,10.1,39137
2022-10-19,10.09,10.0971,10.17,10.05,79091
2022-10-20,9.98,10.06,10.2205,9.98,102008
2022-10-21,10.01,10.302,10.302,10.01,77464
2022-10-24,10.4,10.4136,10.46,10.34,25073
2022-10-25,10.41,10.53,10.54,10.41,59023
2022-10-26,10.482,10.53,10.64,10.482,29652
2022-10-27,10.55,10.4108,10.5635,10.4108,84613
2022-10-28,10.4935,10.6772,10.6789,10.48,52602
2022-10-31,10.6,10.608,10.6401,10.5763,40069
2022-11-01,10.672,10.56,10.672,10.52,124391
2022-11-02,10.52,10.34,10.6308,10.34,79287
2022-11-03,10.2274,10.2246,10.2754,10.2246,13512
2022-11-04,10.43,10.3438,10.43,10.21,15514
2022-11-07,10.38,10.49,10.5142,10.38,37210
2022-11-08,10.525,10.537,10.58,10.42,39588
2022-11-09,10.46,10.29,10.4731,10.28,39220
2022-11-10,10.61,10.7711,10.7711,10.56,17831
2022-11-11,10.75,10.8315,10.8315,10.53,129120
2022-11-14,10.83,10.8069,10.9201,10.8069,32489
2022-11-15,10.9,10.88,10.96,10.84,37790
2022-11-16,10.84,10.81,10.8467,10.8,40434
2022-11-17,10.7418,10.83,10.8317,10.72,57027
2022-11-18,10.9,10.87,10.9,10.83,45352
2022-11-21,10.85,10.85,10.88,10.8371,24052
2022-11-22,10.89,11.005,11.005,10.88,71019
2022-11-23,11.01,11.0618,11.0745,11.01,38090
2022-11-25,11.11,11.068,11.11,11.068,692
2022-11-28,11.01,10.92,11.0101,10.9,57499
2022-11-29,10.89,10.9093,10.94,10.865,30270
2022-11-30,10.92,11.215,11.215,10.87,36546
2022-12-01,11.24,11.2359,11.26,11.17,81377
2022-12-02,11.08,11.2048,11.21,11.08,49397
2022-12-05,11.09,10.995,11.15,10.96,129506
2022-12-06,10.94,10.8042,10.97,10.7531,68556
2022-12-07,10.78,10.78,10.81,10.76,45012
2022-12-08,10.82,10.83,10.8663,10.78,94947
2022-12-09,10.82,10.79,10.915,10.79,74817
2022-12-12,10.81,10.98,10.98,10.81,78253
2022-12-13,11.22,11.01,11.245,10.965,86187
2022-12-14,10.99,11.0002,11.12,10.945,46005
2022-12-15,10.83,10.75,10.8301,10.705,54701
2022-12-16,10.68,10.661,10.68,10.6,46664
2022-12-19,10.64,10.56,10.64,10.53,59462
2022-12-20,10.54,10.58,10.6101,10.54,75588
2022-12-21,10.73,10.74,10.7555,10.63,170280
2022-12-22,10.58,10.5706,10.62,10.425,116129
2022-12-23,10.545,10.64,10.64,10.5231,47276
2022-12-27,10.66,10.6,10.66,10.57,128849
2022-12-28,10.58,7.897858,10.64,10.48,123346
2022-12-29,7.96,8.06,8.1,7.921,1256286
2022-12-30,7.88,8.05,8.05,7.88,358742
2023-01-03,8.09,8.03,8.13,7.98,88179
2023-01-04,8.05,8.1,8.17,8.045,240534
2023-01-05,8.08,8.07,8.095,8.04,15741
2023-01-06,8.09,8.22,8.26,8.07,94902
2023-01-09,8.44,8.23,8.44,8.01,2926764
2023-01-10,8.17,8.27,8.27,8.15,504413
2023-01-11,8.25,8.35,8.35,8.235,38966
2023-01-12,8.36,8.36,8.4,8.28,103789
2023-01-13,8.3153,8.4,8.41,8.31,26810
2023-01-17,8.4,8.38,8.43,8.38,62347
2023-01-18,8.38,8.25,8.4,8.25,40802
2023-01-19,8.21,8.1822,8.225,8.174,9856
2023-01-20,8.19,8.32,8.32,8.18,22826
2023-01-23,8.38,8.48,8.4801,8.35,39595
2023-01-24,8.51,8.4673,8.51,8.29,41156
2023-01-25,8.4,8.4653,8.466,8.36,63879
2023-01-26,8.53,8.57,8.57,8.48,91959
2023-01-27,8.58,8.6,8.6401,8.54,23647
2023-01-30,8.57,8.46,8.57,8.46,37358
2023-01-31,8.46,8.5727,8.5727,8.46,29551
2023-02-01,8.56,8.7,8.73,8.53,25513
2023-02-02,8.75,8.81,8.85,8.75,45554
2023-02-03,8.74,8.7502,8.85,8.74,39552
2023-02-06,8.73,8.72,8.7301,8.68,90692
2023-02-07,8.71,8.84,8.84,8.7,25337
2023-02-08,8.76,8.721,8.79,8.72,47449
2023-02-09,8.79,8.6591,8.79,8.6575,71241
2023-02-10,8.65,8.6555,8.66,8.59,33984
2023-02-13,8.65,8.75,8.76,8.64,69974
2023-02-14,8.63,8.81,8.81,8.63,112517
2023-02-15,8.73,8.77,8.78,8.7289,16099
2023-02-16,8.67,8.6616,8.77,8.66,21001
2023-02-17,8.6,8.63,8.65,8.58,35788
2023-02-21,8.56,8.45,8.5876,8.45,16510
2023-02-22,8.48,8.48,8.5,8.44,43830
2023-02-23,8.53,8.53,8.55,8.45,10925
2023-02-24,8.41,8.4483,8.4483,8.395,10812
2023-02-27,8.49,8.5,8.53,8.46,373762
2023-02-28,8.44,8.455,8.485,8.44,28628
2023-03-01,8.45,8.43,8.45,8.39,9443
2023-03-02,8.37,8.438,8.46,8.3409,50058
2023-03-03,8.48,8.6,8.6,8.4701,63456
2023-03-06,8.58,8.58,8.6499,8.58,8809
2023-03-07,8.58,8.4633,8.6,8.45,25493
2023-03-08,8.42,8.46,8.46,8.41,49716
2023-03-09,8.45,8.3,8.49,8.29,40761
2023-03-10,8.29,8.2401,8.34,8.21,13545
2023-03-13,8.18,8.27,8.33,8.15,58532
2023-03-14,8.33,8.4,8.4,8.29,13472
2023-03-15,8.26,8.4,8.4,8.26,36631
2023-03-16,8.33,8.52,8.52,8.325,28569
2023-03-17,8.49,8.44,8.495,8.42,48368
2023-03-20,8.46,8.47,8.51,8.45,68287
2023-03-21,8.57,8.57,8.62,8.55,100472
2023-03-22,8.62,8.49,8.69,8.49,25732
2023-03-23,8.59,8.5607,8.65,8.5,101623
2023-03-24,8.49,8.57,8.57,8.48,22091
2023-03-27,8.625,8.6,8.65,8.59,76940
2023-03-28,8.57,8.57,8.5861,8.535,35171
2023-03-29,8.64,8.692,8.692,8.64,50798
2023-03-30,8.73,8.71,8.75,8.71,68102
2023-03-31,8.74,8.87,8.87,8.74,32643
2023-04-03,8.87,8.94,8.94,8.85,30592
2023-04-04,8.94,8.8802,8.95,8.86,11675
2023-04-05,8.89,8.8893,8.895,8.85,14171
2023-04-06,8.85,8.89,8.92,8.85,20796
2023-04-10,8.84,8.91,8.91,8.84,20345
2023-04-11,8.96,8.9198,8.96,8.9198,5952
2023-04-12,8.94,8.8693,8.96,8.8599,9316
2023-04-13,8.92,8.9793,8.99,8.905,55345
2023-04-14,8.95,8.98,9.035,8.95,45592
2023-04-17,9.02,9.035,9.035,8.98,16786
2023-04-18,9.03,9.04,9.06,9.0083,12690
2023-04-19,8.985,9.0001,9.02,8.985,30237
2023-04-20,8.91,8.9382,8.98,8.9099,21834
2023-04-21,8.93,8.94,8.97,8.92,52751
2023-04-24,8.99,8.9558,8.99,8.93,10642
2023-04-25,8.89,8.8289,8.91,8.82,10161
2023-04-26,8.83,8.7596,8.83,8.74,44450
2023-04-27,8.76,8.98,8.98,8.76,45004
2023-04-28,8.96,9.0609,9.08,8.96,12388
2023-05-01,9.1,9.08,9.1,9.068,69998
2023-05-02,9.04,8.9794,9.07,8.934,32872
2023-05-03,8.98,8.94,9.02,8.93,9519
2023-05-04,8.85,8.8485,8.88,8.83,10963
