2019-08-01,NaN,0.65,NaN,NaN,0
2019-08-02,0.65,1.0,1.2,0.65,157597
2019-08-06,0.98,0.901,1.0,0.901,2000
2019-08-07,0.9,0.8,0.9,0.8,12377
2019-08-08,0.79,0.8,0.79,0.79,161
2019-08-09,0.99,0.99,0.99,0.675,3218
2019-08-12,0.665,0.73,0.7315,0.665,1874
2019-08-14,0.665,0.67,0.67,0.665,1361
2019-08-15,NaN,0.67,NaN,NaN,161
2019-08-19,0.665,0.67,0.67,0.665,6590
2019-08-20,0.665,0.6789,0.6789,0.665,1925
2019-08-21,0.8815,0.95,0.99,0.879,5441
2019-08-23,0.99,0.9866,0.99,0.9866,4084
2019-08-27,0.99,0.99,0.99,0.99,5000
2019-08-28,NaN,0.99,NaN,NaN,55
2019-08-29,0.699363,0.699363,0.699363,0.699363,199
2019-08-30,0.75,0.75,0.75,0.75,1001
2019-09-03,0.975,0.99,0.99,0.9715,3033
2019-09-04,NaN,0.99,NaN,NaN,1
2019-09-05,NaN,0.99,NaN,NaN,2
2019-09-06,NaN,0.99,NaN,NaN,33
2019-09-09,0.99,0.991,0.991,0.9864,5042
2019-09-10,0.766,0.75,0.8,0.75,7200
2019-09-12,NaN,0.75,NaN,NaN,65
2019-09-13,0.7003,0.7003,0.7003,0.7003,542
2019-09-16,NaN,0.7003,NaN,NaN,17
2019-09-17,0.9003,1.38,1.575,0.7503,88463
2019-09-18,1.4,1.2999,1.4,1.25,17067
2019-09-19,1.2,1.2999,1.3,1.08,14774
2019-09-20,0.95,0.75,0.96,0.75,1000
2019-09-24,0.7803,0.945,0.975,0.7803,700
2019-09-25,1.18,1.3,1.47,0.7,5938
2019-10-08,0.91,0.889001,0.91,0.889001,302
2019-10-10,1.18,1.18,1.18,1.18,100
2019-10-15,0.86,0.86,0.86,0.86,202
2019-10-17,1.07,1.26,1.26,0.9999,7670
2019-10-18,1.26,1.26,1.26,1.26,83610
2019-10-28,NaN,1.26,NaN,NaN,52
2019-10-31,1.47,1.47,1.47,1.47,100
2019-11-01,1.44,1.25,1.44,1.25,25900
2019-11-04,1.26,0.9,1.26,0.9,25100
2019-11-06,0.91,0.9,0.9436,0.9,1703
2019-11-12,NaN,0.9,NaN,NaN,51
2019-11-14,NaN,0.9,NaN,NaN,53
2019-11-21,0.9,0.8899,0.9,0.8899,10883
2019-11-22,NaN,0.8899,NaN,NaN,82
2019-11-26,1.46,1.38,1.47,1.0335,1987
2019-11-27,0.9,1.39,1.4,0.8,10439
2019-11-29,1.4,1.4,1.4,1.4,200
2019-12-04,NaN,1.4,NaN,NaN,16
2019-12-17,NaN,1.4,NaN,NaN,1
2019-12-27,0.83,1.04,1.04,0.83,1486
2020-01-03,NaN,1.04,NaN,NaN,100
2020-01-13,1.17,1.4582,1.46,1.17,29297
2020-01-17,1.39,1.39,1.39,1.39,700
2020-01-22,0.95,0.96,0.96,0.95,564
2020-01-24,NaN,0.96,NaN,NaN,76
2020-01-28,0.84,0.81,0.85,0.8,3550
2020-01-30,1.0,1.0,1.0,1.0,100
2020-01-31,1.0,1.0,1.0,1.0,100
2020-02-11,NaN,1.0,NaN,NaN,25
2020-02-24,0.8543,0.85,0.8543,0.85,300
2020-02-25,0.85,0.85,0.85,0.85,500
2020-02-26,NaN,0.85,NaN,NaN,16
2020-03-04,0.85,0.85,0.85,0.85,300
2020-03-05,0.85,0.8459,0.85,0.8459,5342
2020-03-06,0.9,0.896,0.9,0.896,1010
2020-03-11,1.24,1.15,1.24,1.15,800
2020-03-12,NaN,1.15,NaN,NaN,95
2020-03-18,0.8654,1.0,1.08,0.8654,765
2020-03-20,1.04,1.0012,1.04,1.0,1434
2020-03-27,NaN,1.0012,NaN,NaN,0
2020-03-30,0.98,1.0,1.0,0.98,701
2020-03-31,1.0,1.0,1.0,1.0,200
2020-04-02,1.0,1.0,1.0,1.0,500
2020-04-16,NaN,1.0,NaN,NaN,0
2020-04-21,NaN,1.0,NaN,NaN,43
2020-04-24,NaN,1.0,NaN,NaN,0
2020-04-28,0.99,1.5,1.5,0.97,9551
2020-04-29,1.46,1.4565,1.46,1.4565,605
2020-04-30,1.45,1.45,1.45,1.45,300
2020-05-04,1.45,1.5,1.5,1.45,2435
2020-05-05,1.05,1.05,1.05,1.05,120
2020-05-06,0.75,0.75,0.75,0.75,208
2020-05-07,0.8,0.8,0.8,0.8,340
2020-05-08,NaN,0.8,NaN,NaN,0
2020-05-12,0.76,0.76,0.76,0.76,414
2020-05-14,NaN,0.76,NaN,NaN,1
2020-05-15,NaN,0.76,NaN,NaN,0
2020-05-20,NaN,0.76,NaN,NaN,1
2020-05-21,NaN,0.76,NaN,NaN,1
2020-05-26,NaN,0.76,NaN,NaN,1
2020-05-27,NaN,0.76,NaN,NaN,1
2020-06-04,0.77,0.75,0.77,0.75,951
2020-06-05,NaN,0.75,NaN,NaN,0
2020-06-10,0.77,0.75,0.77,0.71,11203
2020-06-16,0.75,0.75,0.75,0.75,500
2020-06-17,0.5308,0.5301,0.56,0.53,2350
2020-06-18,0.6891,0.71,0.71,0.53,9900
2020-06-19,0.852,0.8373,0.852,0.8273,3749
2020-06-23,0.85,0.85,0.85,0.85,2000
2020-06-24,0.8,0.8,0.8,0.64,690
2020-06-26,0.9,0.8,0.9,0.9,1290
2020-07-01,NaN,0.8,NaN,NaN,1
2020-07-08,0.8,0.8,0.8,0.8,299
2020-07-09,0.8,0.85,0.85,0.8,1000
2020-07-13,NaN,0.85,NaN,NaN,1
2020-07-20,0.5524,0.555486,0.555486,0.5524,2952
2020-07-21,NaN,0.555486,NaN,NaN,1
2020-07-24,0.57,0.5701,0.5701,0.57,402
2020-07-28,0.56,0.56,0.56,0.56,205
2020-07-29,NaN,0.56,NaN,NaN,41
2020-07-30,NaN,0.56,NaN,NaN,1
2020-07-31,0.57,0.57,0.57,0.57,500
2020-08-07,0.7396,0.7315,0.7396,0.7315,300
2020-08-14,0.7325,0.7325,0.7325,0.7325,260
2020-08-19,0.7298,0.76,0.76,0.57,2600
2020-08-21,NaN,0.76,NaN,NaN,0
2020-08-24,0.82,0.8,0.84,0.8,600
2020-08-26,0.7,0.7,0.7,0.7,1000
2020-08-27,0.62,0.62,0.62,0.62,1000
2020-08-31,NaN,0.62,NaN,NaN,25
2020-09-01,NaN,0.62,NaN,NaN,75
2020-09-02,0.62,0.62,0.62,0.62,1000
2020-09-08,NaN,0.62,NaN,NaN,25
2020-09-09,NaN,0.62,NaN,NaN,25
2020-09-11,0.63,0.63,0.63,0.63,100
2020-09-18,0.7,0.62,0.7,0.62,3798
2020-09-22,0.75,0.75,0.75,0.75,1000
2020-09-25,0.7,0.6969,0.7,0.6969,1000
2020-10-01,NaN,0.6969,NaN,NaN,57
2020-10-05,NaN,0.6969,NaN,NaN,1
2020-10-07,0.6202,0.6202,0.6202,0.6202,200
2020-10-12,0.62,0.62,0.62,0.62,1500
2020-10-13,0.62,0.62,0.62,0.62,2200
2020-10-15,0.62,0.62,0.6201,0.62,3345
2020-10-22,NaN,0.62,NaN,NaN,26
2020-10-28,0.6448,0.6448,0.6448,0.6448,4000
2020-11-02,NaN,0.6448,NaN,NaN,100
2020-11-03,0.69,0.8,0.8,0.6898,2099
2020-11-05,0.515,0.515,0.515,0.515,214
2020-11-10,0.8,0.8,0.8,0.8,253
2020-11-13,NaN,0.515,NaN,NaN,0
2020-11-16,0.8,0.8,0.8,0.6659,2152
2020-11-17,0.8,1.06,1.5,0.73,5492
2020-11-18,1.5,1.5,1.5,1.5,332
2020-11-19,NaN,1.5,NaN,NaN,106
2020-11-20,1.4,1.168,1.4,1.168,1290
2020-11-23,1.39,1.39,1.39,1.39,617
2020-11-25,1.39,1.39,1.39,1.39,100
2020-11-27,NaN,1.39,NaN,NaN,15
2020-11-30,1.35,1.35,1.35,0.9,1826
2020-12-02,1.35,1.35,1.35,1.35,1000
2020-12-03,NaN,1.35,NaN,NaN,45
2020-12-04,0.9,0.94,1.32,0.9,3158
2020-12-07,0.73,1.1,1.1,0.73,200
2020-12-08,0.9975,0.9975,0.9975,0.9975,536
2020-12-09,0.595,0.96,0.98,0.595,566
2020-12-10,0.97,1.1857,1.35,0.6,3219
2020-12-11,NaN,1.1857,NaN,NaN,28
2020-12-14,1.35,1.23,1.85,0.7422,114734
2020-12-15,1.78,2.387,3.5,1.15,90984
2020-12-16,3.05,2.3861,3.05,1.77,45120
2020-12-17,1.9,1.31,1.9,1.25,29906
2020-12-18,1.3501,1.64,1.64,1.35,8860
2020-12-21,1.63,2.0001,2.2,1.63,4901
2020-12-22,2.0,1.81,2.0,1.7501,9598
2020-12-23,1.8,1.55,1.8,1.31,4914
2020-12-24,1.75,1.59,1.75,1.56,725
2020-12-28,1.62,1.26,1.7,1.26,8600
2020-12-29,1.27,1.33,1.35,1.26,4254
2020-12-30,NaN,1.33,NaN,NaN,195
2020-12-31,1.37,1.54,1.54,1.37,3574
2021-01-04,1.54,1.54,1.54,1.54,150
2021-01-05,1.7,1.7,1.7,1.7,808
2021-01-06,NaN,1.7,NaN,NaN,67
2021-01-07,1.57,1.575,1.5759,1.45,1398
2021-01-08,1.47,1.55,1.67,1.47,559
2021-01-11,1.45,1.466,1.48,1.45,4218
2021-01-12,1.41,1.41,1.43,1.4,1000
2021-01-13,1.39,1.399,1.399,1.39,1638
2021-01-14,1.5,1.65,1.7,1.5,3590
2021-01-15,1.42,1.6,1.6,1.42,1250
2021-01-19,1.5,1.7802,1.7802,1.5,4280
2021-01-20,1.7,1.8,1.8,1.7,2502
2021-01-21,1.8,1.75,1.8,1.75,1594
2021-01-22,1.75,1.7,1.75,1.7,1689
2021-01-25,1.75,1.7,1.75,1.7,845
2021-01-26,1.7,1.7,1.7002,1.7,626
2021-01-27,1.7001,1.7001,1.7001,1.7,20755
2021-01-28,1.42,1.52,1.57,1.39,3066
2021-01-29,1.52,1.51,1.57,1.33,12659
2021-02-01,1.52,1.52,1.52,1.52,3234
2021-02-02,1.4,1.48,1.48,1.4,318
2021-02-03,1.75,1.7001,1.8,1.49,9728
2021-02-04,1.58,1.88,1.95,1.58,26736
2021-02-05,1.72,1.71,1.7336,1.71,1800
2021-02-08,1.89,1.86,1.89,1.76,948
2021-02-09,1.7001,1.7001,1.7001,1.7001,61621
2021-02-10,1.825,1.825,1.825,1.825,633
2021-02-11,2.0,1.71,2.0,1.7,25511
2021-02-12,1.8015,1.8,1.8015,1.7999,3262
2021-02-16,1.8001,1.7001,1.8001,1.7,9568
2021-02-17,1.7,1.42,1.7001,1.25,15490
2021-02-18,NaN,1.42,NaN,NaN,4
2021-02-19,1.5,1.5,1.52,1.38,12494
2021-02-22,1.3,1.48,1.48,1.3,1063
2021-02-23,1.49,1.25,1.49,1.25,3314
2021-02-24,1.4,1.4,1.4,1.4,708
2021-02-25,1.28,1.12,1.28,1.12,13256
2021-02-26,1.4,1.35,1.4,1.25,8840
2021-03-01,1.36,1.3001,1.52,1.3001,1950
2021-03-02,NaN,1.3001,NaN,NaN,11
2021-03-03,NaN,1.3001,NaN,NaN,72
2021-03-04,1.43,1.43,1.43,1.43,675
2021-03-05,1.29,1.2501,1.29,1.25,9300
2021-03-08,1.25,1.27,1.27,1.25,311
2021-03-09,NaN,1.27,NaN,NaN,1
2021-03-11,NaN,1.27,NaN,NaN,40
2021-03-15,1.25,1.2499,1.25,1.2495,7237
2021-03-17,1.17,1.17,1.17,1.17,150
2021-03-19,NaN,1.17,NaN,NaN,0
2021-03-26,1.45,1.45,1.45,1.45,220
2021-03-29,1.17,1.34,1.34,1.16,3611
2021-03-30,1.3499,1.35,1.37,1.3499,1770
2021-03-31,NaN,1.35,NaN,NaN,7
2021-04-01,1.59,1.6,1.6,1.59,1000
2021-04-05,NaN,1.6,NaN,NaN,6
2021-04-06,1.68,1.68,1.68,1.68,1155
2021-04-07,NaN,1.68,NaN,NaN,7
2021-04-09,1.54,1.5,1.54,1.5,600
2021-04-12,1.75,1.85,1.85,1.75,1036
2021-04-13,NaN,1.85,NaN,NaN,43
2021-04-15,NaN,1.85,NaN,NaN,36
2021-04-16,NaN,1.85,NaN,NaN,6
2021-04-21,NaN,1.85,NaN,NaN,8
2021-04-22,NaN,1.85,NaN,NaN,5
2021-04-23,1.26,1.13,1.26,1.0,42173
2021-04-26,1.11,1.01,1.23,1.0,6800
2021-04-27,1.14,1.15,1.15,1.14,2000
2021-04-28,NaN,1.15,NaN,NaN,1
2021-04-29,NaN,1.15,NaN,NaN,4
2021-04-30,1.1,1.1,1.13,1.1,2199
2021-05-03,1.1,1.1,1.1,1.1,399
2021-05-04,1.14,1.19,1.19,1.14,2030
2021-05-05,NaN,1.19,NaN,NaN,6
2021-05-06,1.01,1.1,1.1,1.01,2060
2021-05-07,1.01,0.98,1.01,0.98,1199
2021-05-10,1.1,0.98,1.1,0.98,1834
2021-05-13,NaN,0.98,NaN,NaN,1
2021-05-14,1.12,1.12,1.12,1.12,400
2021-05-17,0.98,0.98,0.98,0.98,184
2021-05-18,1.12,1.12,1.12,1.12,728
2021-05-20,1.16,1.21,1.23,1.0901,4540
2021-05-25,NaN,1.21,NaN,NaN,102
2021-05-26,1.25,1.25,1.25,1.25,105
2021-05-27,1.35,1.45,1.4504,1.35,1295
2021-06-01,1.325,1.2101,1.8,1.2101,7605
2021-06-02,1.36,1.34,1.36,1.34,200
2021-06-04,1.51,1.7998,1.8,1.4999,4952
2021-06-07,1.78,1.91,2.45,1.756,3595
2021-06-09,1.7208,1.7208,1.7208,1.7208,1061
2021-06-10,NaN,1.7208,NaN,NaN,53
2021-06-11,2.45,2.45,2.45,2.45,309
2021-06-14,2.48,0.9801,2.48,0.9801,598
2021-06-15,2.0,1.45,2.59,1.45,11721
2021-06-16,1.4605,1.98,1.98,1.4605,602
2021-06-17,2.2,2.2,2.2,2.2,204
2021-06-18,1.68,2.2,1.68,1.68,107
2021-06-21,NaN,2.2,NaN,NaN,158
2021-06-22,NaN,2.2,NaN,NaN,90
2021-06-23,2.2499,1.59,2.2499,1.58,7061
2021-06-24,1.89,1.36,1.89,1.31,2284
2021-06-25,NaN,1.36,NaN,NaN,100
2021-06-28,1.3701,1.43,1.56,1.3701,9691
2021-06-29,1.52,1.44,1.52,1.44,6401
2021-06-30,1.47,1.469,1.47,1.43,3378
2021-07-01,1.5999,1.6942,1.79,1.5702,4010
2021-07-02,1.68,1.68,1.7542,1.68,700
2021-07-06,1.57,1.65,1.65,1.57,1685
2021-07-08,1.67,1.6,1.6751,1.43,1400
2021-07-09,1.71,1.51,1.83,1.51,2642
2021-07-12,NaN,1.51,NaN,NaN,1
2021-07-14,1.7001,1.5999,1.7075,1.5899,2737
2021-07-15,1.43,1.43,1.43,1.43,1459
2021-07-16,1.64,1.63,1.64,1.63,584
2021-07-19,1.885,1.885,1.885,1.885,550
2021-07-20,NaN,1.885,NaN,NaN,65
2021-07-21,1.81,1.8457,1.8457,1.7701,3376
2021-07-22,1.85,1.6039,1.8547,1.59,1508
2021-07-28,NaN,1.6039,NaN,NaN,62
2021-07-29,NaN,1.6039,NaN,NaN,4
2021-08-04,1.45,1.44,1.45,1.44,1154
2021-08-10,1.46,1.46,1.46,1.46,308
2021-08-11,1.43,1.43,1.43,1.43,2200
2021-08-19,1.43,1.4327,1.4327,1.43,2238
2021-08-24,1.54,1.54,1.54,1.54,100
2021-08-31,1.02,1.02,1.02,1.02,100
2021-09-01,1.55,1.575,1.93,1.401,2007
2021-09-03,1.4,1.4,1.4,1.4,203
2021-09-13,1.75,1.7501,1.7501,1.75,1200
2021-09-17,NaN,1.7501,NaN,NaN,2
2021-09-21,NaN,1.7501,NaN,NaN,10
2021-09-22,1.99,2.01,2.08,1.56,4915
2021-09-23,1.63,1.69,1.81,1.5,3343
2021-09-24,1.52,1.51,1.52,1.5,1305
2021-09-27,NaN,1.51,NaN,NaN,50
2021-09-28,1.6,2.0059,2.01,1.6,4061
2021-09-29,1.7499,1.7499,1.7499,1.7499,177
2021-09-30,1.625,1.625,1.625,1.625,110
2021-10-01,1.61,1.6,1.61,1.6,1145
2021-10-04,2.0,1.8696,2.0,1.8696,300
2021-10-05,NaN,1.8696,NaN,NaN,12
2021-10-06,1.6,1.555,1.6,1.555,14618
2021-10-07,1.12,1.12,1.12,1.12,100
2021-10-08,NaN,1.12,NaN,NaN,1
2021-10-12,1.5355,1.5355,1.5355,1.5355,100
2021-10-18,NaN,1.5355,NaN,NaN,10
2021-10-20,NaN,1.5355,NaN,NaN,10
2021-10-21,1.23,1.21,1.23,1.21,306
2021-10-22,1.4,1.24,1.6,1.23,2500
2021-10-25,1.16,1.335,1.335,1.14,695
2021-10-26,1.2,1.2,1.2,1.2,12405
2021-10-27,1.5205,1.5205,1.5205,1.5205,600
2021-10-28,1.29,1.29,1.29,1.29,5146
2021-10-29,1.8499,1.3999,1.8499,1.3999,350
2021-11-02,1.45,1.44,1.45,1.44,533
2021-11-04,1.23,1.25,1.26,1.195,13716
2021-11-09,NaN,1.25,NaN,NaN,1
2021-11-10,1.82,1.82,1.82,1.82,128
2021-11-11,1.29,1.21,1.545,1.21,6822
2021-11-12,1.26,1.28,1.28,1.26,2000
2021-11-15,1.21,1.21,1.21,1.21,500
2021-11-16,1.21,1.21,1.21,1.21,100
2021-11-18,NaN,1.21,NaN,NaN,50
2021-11-19,1.245,1.22,1.245,1.22,1236
2021-11-23,1.2,1.2,1.2,1.2,520
2021-11-24,NaN,1.2,NaN,NaN,100
2021-11-26,1.1301,1.1834,1.1834,1.1301,600
2021-11-29,1.15,1.12,1.15,1.12,2301
2021-11-30,0.9999,0.9999,0.9999,0.9999,146
2021-12-01,NaN,0.9999,NaN,NaN,10
2021-12-02,1.06,1.01,1.06,1.01,688
2021-12-03,1.05,1.05,1.05,1.05,150
2021-12-06,NaN,1.05,NaN,NaN,10
2021-12-13,NaN,1.05,NaN,NaN,20
2021-12-16,0.1002,0.9155,0.9155,0.1002,230
2021-12-17,NaN,0.9155,NaN,NaN,20
2021-12-21,NaN,0.9155,NaN,NaN,1
2021-12-23,1.3,1.79,1.79,1.3,243
2021-12-27,1.05,1.05,1.05,1.05,306
2021-12-28,1.1,1.1,1.1,1.1,232
2021-12-30,1.12,1.1426,1.1426,1.12,537
2021-12-31,1.06,1.11,1.11,0.5877,8053
2022-01-04,0.8046,0.82,0.9,0.7003,2101
2022-01-10,1.05,1.05,1.05,1.05,343
2022-01-11,1.0931,1.1,1.1,1.0931,200
2022-01-14,0.9,0.9,0.9,0.9,100
2022-01-18,NaN,0.9,NaN,NaN,1
2022-01-19,0.852,0.800101,0.852,0.800101,1199
2022-01-21,0.85,0.8,0.85,0.8,493
2022-01-24,0.8,0.81,0.82,0.8,518
2022-01-27,0.8917,0.8917,0.8917,0.8917,200
2022-01-28,0.2501,0.4263,0.5403,0.2501,6201
2022-01-31,0.6103,0.6103,0.6103,0.6103,100
2022-02-03,0.7653,0.7699,1.0699,0.760201,3717
2022-02-04,0.75,0.75,0.75,0.75,313
2022-02-08,0.74,0.8,0.9899,0.74,5136
2022-02-09,0.79,0.79,0.79,0.79,1044
2022-02-10,0.5512,0.6501,0.6701,0.5512,638
2022-02-14,0.94,0.94,0.94,0.94,113
2022-02-15,0.56,0.56,0.56,0.56,100
2022-02-16,0.7319,0.8014,0.8014,0.7319,316
2022-02-24,0.5808,0.5808,0.5808,0.5404,700
2022-02-28,0.78,0.78,0.78,0.78,103
2022-03-04,0.7692,0.7692,0.7692,0.7692,600
2022-03-07,0.6498,0.6498,0.6498,0.6498,150
2022-03-18,0.6497,0.6497,0.6497,0.649,1205
2022-03-24,0.425,0.3183,0.549,0.2811,8462
2022-03-25,0.26755,0.45,0.450101,0.2479,8534
2022-04-01,0.3001,0.3001,0.3001,0.3001,103
2022-04-05,0.2901,0.29,0.2901,0.29,300
2022-04-11,0.29,0.29,0.29,0.29,200
2022-04-12,0.5,0.5,0.5002,0.480001,1975
2022-04-14,0.74,0.29,0.74,0.29,508
2022-05-16,0.241,0.241,0.241,0.241,100
2022-05-26,0.269,0.455,0.68,0.269,15633
2022-05-27,0.271,0.4765,0.657,0.271,23356
2022-05-31,0.4597,0.5982,0.5985,0.4162,16610
2022-06-01,0.525,0.4165,0.525,0.4165,2307
2022-06-02,0.332,0.5163,0.6002,0.3101,11644
2022-06-03,0.4072,0.46,0.618,0.3801,12829
2022-06-06,0.6545,0.5726,0.6545,0.3235,16541
2022-06-07,0.458,0.387,0.5267,0.387,5406
2022-06-08,0.3441,0.413,0.4505,0.3125,12760
2022-06-09,0.373,0.4444,0.4775,0.3113,18520
2022-06-10,0.4844,0.3201,0.6251,0.311,9997
2022-06-13,0.35,0.34,0.4952,0.3101,18425
2022-06-14,0.3731,0.3721,0.4792,0.3101,15775
2022-06-15,0.4002,0.344,0.4002,0.332,13926
2022-06-16,0.3904,0.3601,0.6492,0.3421,17816
2022-06-17,0.3901,0.443998,0.618599,0.3901,8536
2022-06-21,0.4039,0.3603,0.4039,0.3235,7016
2022-06-22,0.4368,0.3702,0.4625,0.3206,9440
2022-06-23,0.4543,0.3508,0.5975,0.3508,20870
2022-06-24,0.3808,0.37,0.5785,0.37,11319
2022-06-27,0.3995,0.3363,0.3995,0.3204,8850
2022-06-28,0.3601,0.3641,0.4999,0.3302,13618
2022-06-29,0.3943,0.3812,0.5789,0.3245,18587
2022-06-30,0.3501,0.35,0.5223,0.3203,19279
2022-07-01,0.4158,0.3435,0.5984,0.3335,20625
2022-07-05,0.3433,0.3702,0.3811,0.3223,9986
2022-07-06,0.4398,0.3705,0.5017,0.3626,19731
2022-07-07,0.359899,0.3656,0.3656,0.359003,2467
2022-07-08,0.3299,0.3715,0.4001,0.3241,9059
2022-07-11,0.4075,0.3845,0.5848,0.351,14895
2022-07-13,0.4223,0.4,0.5045,0.3201,5250
2022-07-14,0.36,0.24,0.3715,0.2232,16098
2022-07-15,0.24,0.23,0.251,0.23,510
2022-07-18,0.1899,0.1994,0.1994,0.171,730
2022-07-19,0.2497,0.2618,0.4393,0.19,28273
2022-07-20,0.378,0.3221,0.46,0.3016,18475
2022-07-21,0.421,0.3137,0.4528,0.2649,7450
2022-07-22,0.2641,0.2522,0.2641,0.2511,1203
2022-07-26,0.23,0.27,0.27,0.23,800
2022-07-27,0.2267,0.2844,0.2844,0.226,600
2022-07-28,0.2828,0.23,0.31,0.23,643
2022-08-05,0.24,0.24,0.26,0.24,5143
2022-08-08,0.24,0.24,0.24,0.24,400
2022-08-12,0.24,0.24,0.24,0.24,500
2022-08-23,0.41,0.41,0.41,0.41,582
2022-08-24,0.47,0.3998,0.47,0.2207,6803
2022-08-26,0.41,0.41,0.41,0.41,1942
2022-09-22,0.434799,0.4597,0.4597,0.434799,12061
2022-09-23,0.43,0.43,0.43,0.270398,13114
2022-09-26,0.4,0.3999,0.418,0.3999,838
2022-09-29,0.8199,0.83,0.83,0.8199,314
2022-10-11,0.78,0.78,0.78,0.78,258
2022-11-08,0.7799,0.7799,0.7799,0.7799,110
2022-11-11,0.2521,0.5,0.6479,0.2121,9029
2022-11-14,0.4003,0.4647,0.4647,0.4003,2813
2022-11-15,0.6979,0.77,0.77,0.4446,8856
2022-11-16,0.7,0.5377,0.7767,0.5072,10838
2022-11-17,0.4877,0.63,0.63,0.43,4210
2022-11-18,0.5334,0.5647,0.77,0.51,11479
2022-11-21,0.7347,0.5686,0.7799,0.4744,24868
2022-11-22,0.6986,0.7083,0.7409,0.6483,9008
2022-11-23,0.5804,0.6238,0.627,0.5804,1125
2022-11-28,0.5538,0.6138,0.6138,0.5238,332
2022-11-29,0.58,0.58,0.58,0.58,200
2022-11-30,0.5904,0.5404,0.5904,0.5404,306
2022-12-01,0.4706,0.5772,0.7113,0.4504,5852
2022-12-02,0.4696,0.5814,0.5814,0.4664,4739
2022-12-05,0.665,0.62,0.73,0.62,2744
2022-12-06,0.4515,0.5779,0.77,0.4364,7198
2022-12-07,0.468,0.6593,0.7163,0.3562,3785
2022-12-08,0.7238,0.7,0.78,0.6593,4891
2022-12-09,0.46,0.46,0.46,0.46,100
2022-12-12,0.4528,0.484,0.484,0.4136,2618
2022-12-13,0.3507,0.6208,0.9573,0.3507,21128
2022-12-14,0.8499,0.662,0.8789,0.6019,12531
2022-12-15,0.6835,0.6666,0.7159,0.606,1211
2022-12-16,0.6771,0.7031,0.7031,0.6221,811
2022-12-19,0.064,0.569,0.8786,0.064,18067
2022-12-20,0.629,0.6,0.8574,0.56,10126
2022-12-21,0.73,0.7016,0.8743,0.6032,9881
2022-12-22,0.7797,0.657,0.7797,0.657,1403
2022-12-23,0.6446,0.6273,0.6446,0.6273,629
2022-12-27,0.6773,0.6918,0.8391,0.67,2203
2022-12-28,0.5719,0.651,0.651,0.5719,505
2022-12-29,0.766,0.6988,0.8071,0.6988,1510
2022-12-30,0.7388,0.8269,0.8745,0.7388,718
2023-01-03,0.8848,0.8398,0.9379,0.8398,2088
2023-01-04,0.652,0.8919,0.904,0.652,6219
2023-01-06,0.7,0.7895,1.02,0.7,9128
2023-01-09,1.17,0.92,1.31,0.86,4579
2023-01-10,1.0,1.01,1.17,1.0,1916
2023-01-20,1.0,0.92,1.0446,0.6007,3495
2023-01-23,0.82,0.7989,0.82,0.657994,9731
2023-01-24,0.8289,0.742,0.99,0.68,9488
2023-01-25,0.89,0.752,0.89,0.712,1712
2023-01-26,1.03,0.7731,1.03,0.7685,3217
2023-01-30,0.7531,0.75,0.7531,0.74,1380
2023-01-31,0.7742,0.8072,0.8742,0.769,1108
2023-02-01,0.8457,0.7446,0.9273,0.7446,1106
2023-02-03,0.9,0.8004,0.91,0.7184,9104
2023-02-06,0.8669,0.8185,0.97,0.782487,3608
2023-02-08,0.9861,0.78,0.99,0.7487,2927
2023-02-09,0.781,0.8608,0.9013,0.781,903
2023-02-10,0.77,0.77,0.77,0.77,546
2023-02-13,0.835,0.73,0.932,0.7212,1303
2023-02-15,0.85,0.8022,0.85,0.765,905
2023-02-16,0.7622,0.71,0.7622,0.71,255
2023-02-22,0.7022,0.8109,0.9646,0.7022,1864
2023-02-23,0.8109,0.83,0.9073,0.7521,2646
2023-02-24,0.92,0.9212,0.9212,0.92,308
2023-02-27,0.712,1.42,1.74,0.712,625
2023-03-10,1.19,1.01,1.24,0.74,13539
2023-03-13,1.08,0.8636,1.08,0.7842,8368
2023-03-14,0.99,0.99,0.99,0.99,294
2023-03-16,0.9597,0.9888,1.18,0.9499,2986
2023-03-17,1.04,0.9932,1.04,0.9932,214
2023-03-20,1.02,1.02,1.02,1.02,102
2023-03-21,0.9359,0.9359,0.9359,0.9359,203
2023-03-23,0.9945,1.01,1.12,0.9792,1715
2023-03-29,1.19,0.9537,1.19,0.7035,1208
2023-04-03,0.801,0.7515,0.801,0.7515,301
2023-04-04,0.7021,0.88,1.01,0.7021,1309
2023-04-05,0.8,0.8,0.8,0.8,1000
2023-04-06,0.9264,0.86,1.04,0.8362,9049
2023-04-10,1.05,0.87,1.09,0.87,2887
2023-04-11,0.71,0.702,0.71,0.702,274
2023-04-13,0.957,0.957,0.957,0.957,101
2023-04-20,0.8396,0.8399,0.8399,0.7196,2250
2023-04-21,0.72,0.7699,0.7699,0.72,277
2023-05-01,NaN,NaN,NaN,NaN,98
2023-05-02,NaN,NaN,NaN,NaN,1
2023-05-03,NaN,NaN,NaN,NaN,1
2023-05-04,NaN,NaN,NaN,NaN,1
2023-05-10,0.8013,0.8013,0.8013,0.8013,301
2023-05-11,NaN,NaN,NaN,NaN,28
2023-05-12,NaN,NaN,NaN,NaN,2
2023-05-15,0.65,0.954,1.29,0.65,8220
2023-05-16,1.04,0.9932,1.04,0.9932,206
2023-05-17,0.9257,0.9257,0.9257,0.9257,101
2023-05-18,1.21,0.8,1.38,0.8,1809
2023-05-19,0.8065,1.15,1.15,0.8065,806
