2015-10-08,62.25,64.296,64.296,62.25,180
2015-10-09,65.4,65.4,65.4,65.4,4
2015-10-13,60.18,65.7,65.7,60.18,148
2015-10-15,63.0,65.43,65.43,63.0,333
2015-10-19,63.0,63.6,63.6,63.0,283
2015-10-20,63.0,59.7,63.0,59.7,288
2015-10-21,63.0,63.3,63.3,59.01,183
2015-10-22,64.5,60.0,64.5,60.0,57
2015-10-23,60.0,65.4,65.4,60.0,204
2015-10-26,63.0,63.15,63.15,63.0,16
2015-10-27,61.77,61.14,61.77,60.0,255
2015-10-28,61.95,61.95,61.95,61.95,33
2015-10-30,64.8,64.8,64.8,64.8,9
2015-11-02,64.5,64.5,64.5,64.5,28
2015-11-03,63.51,63.51,63.51,63.51,8
2015-11-04,65.34,58.5,68.7,58.5,307
2015-11-06,57.57,57.57,57.57,57.57,160
2015-11-09,57.0,57.0,58.2,57.0,80
2015-11-10,58.2,57.0,58.2,56.1,510
2015-11-18,52.44,52.44,52.44,52.44,10
2015-11-23,50.1,50.1,50.1,50.1,3
2015-11-25,51.0,51.0,51.0,51.0,28
2015-11-30,47.7,47.7,47.7,47.7,31
2015-12-04,50.07,52.2,52.2,48.96,33
2015-12-07,51.69,43.5,51.75,43.5,66
2015-12-08,49.2,49.2,49.2,49.2,3
2015-12-09,45.03,45.03,45.03,45.03,33
2015-12-10,49.17,49.17,49.17,49.17,16
2015-12-18,53.67,47.19,53.67,47.19,48
2015-12-22,52.86,52.86,52.86,52.86,83
2015-12-23,53.7,53.7,53.7,53.7,33
2015-12-28,55.8,55.8,55.8,55.8,133
2015-12-29,57.0,57.0,57.0,57.0,583
2015-12-31,55.11,55.17,55.17,55.11,8
2016-01-04,55.5,52.17,55.5,49.26,42
2016-01-05,49.14,49.14,49.14,49.14,8
2016-02-05,39.0,39.0,39.0,39.0,11
2016-02-08,36.0,36.0,36.0,36.0,21
2016-02-19,33.12,33.12,33.12,33.12,33
2016-03-03,37.2,36.27,37.2,36.27,33
2016-03-04,37.65,37.65,37.65,37.65,66
2016-03-07,NaN,37.65,NaN,NaN,0
2016-03-16,32.79,32.79,32.79,32.79,23
2016-03-17,NaN,32.79,NaN,NaN,0
2016-03-28,27.72,30.93,30.93,27.72,166
2016-03-29,54.06,75.0,93.0,54.06,195
2016-03-30,78.3,61.5,78.3,61.5,75
2016-03-31,64.59,64.59,64.59,64.59,15
2016-04-01,59.49,59.58,59.58,59.49,2
2016-04-04,54.96,54.96,54.96,54.96,3
2016-04-05,63.0,55.65,63.0,55.65,45
2016-04-06,54.06,51.0,54.06,50.85,389
2016-04-07,53.31,54.6,54.6,53.31,103
2016-04-08,52.5,52.32,52.5,48.0,65
2016-04-11,49.05,54.36,54.36,49.05,45
2016-04-12,56.49,56.49,56.49,56.49,5
2016-04-13,56.01,54.84,56.01,54.84,21
2016-04-15,54.0,52.8,54.3,52.8,19
2016-04-18,47.67,47.76,47.76,47.67,109
2016-04-19,48.0,44.49,48.0,44.49,13
2016-04-20,44.49,44.49,44.49,44.49,0
2016-04-21,42.0,42.0,42.0,42.0,16
2016-04-22,42.0,42.0,42.0,42.0,0
2016-05-02,49.2,49.2,49.2,49.2,16
2016-05-03,49.5,49.11,49.5,49.11,5
2016-05-04,49.11,49.11,49.11,49.11,0
2016-05-05,49.11,49.11,49.11,49.11,0
2016-05-06,49.11,49.11,49.11,49.11,0
2016-05-09,49.11,49.11,49.11,49.11,0
2016-05-10,49.11,49.11,49.11,49.11,0
2016-05-11,49.11,49.11,49.11,49.11,0
2016-05-12,49.11,49.11,49.11,49.11,0
2016-05-13,49.11,49.11,49.11,49.11,0
2016-05-19,45.0,45.0,45.0,45.0,10
2016-05-20,45.0,45.0,45.0,45.0,0
2016-05-23,47.7,47.7,47.7,47.7,33
2016-05-24,47.7,47.7,47.7,47.7,0
2016-05-25,47.7,47.7,47.7,47.7,0
2016-05-26,47.7,47.7,47.7,47.7,0
2016-05-27,42.0,36.3,42.0,36.3,3
2016-05-31,36.3,36.3,36.3,36.3,0
2016-06-01,36.3,36.3,36.3,36.3,0
2016-06-02,36.3,36.3,36.3,36.3,0
2016-06-03,36.3,36.3,36.3,36.3,0
2016-06-09,41.88,41.88,41.88,41.88,2
2016-06-10,41.88,41.88,41.88,41.88,0
2016-06-13,43.08,43.08,43.08,43.08,8
2016-06-14,44.13,44.13,44.13,44.13,2
2016-06-15,44.13,44.13,44.13,44.13,0
2016-06-16,44.13,44.13,44.13,44.13,0
2016-06-24,42.0,42.0,42.0,42.0,2
2016-07-01,35.4,35.4,35.4,35.4,1
2016-07-05,35.4,35.4,35.4,35.4,0
2016-07-06,35.4,35.4,35.4,35.4,0
2016-07-07,35.4,35.4,35.4,35.4,0
2016-07-08,35.4,35.4,35.4,35.4,0
2016-07-11,35.4,35.4,35.4,35.4,0
2016-07-12,35.4,35.4,35.4,35.4,0
2016-07-13,35.4,35.4,35.4,35.4,0
2016-07-14,35.4,35.4,35.4,35.4,0
2016-07-15,35.4,35.4,35.4,35.4,0
2016-07-18,35.4,35.4,35.4,35.4,0
2016-07-19,35.4,35.4,35.4,35.4,0
2016-07-20,41.52,41.73,42.0,41.52,32
2016-07-21,43.11,43.11,45.39,43.11,83
2016-07-22,43.11,43.11,43.11,43.11,0
2016-07-25,41.43,42.57,42.57,41.43,25
2016-07-26,42.57,42.57,42.57,42.57,0
2016-07-27,42.57,42.57,42.57,42.57,0
2016-07-28,49.05,49.5,49.5,49.05,33
2016-07-29,53.85,51.0,54.39,51.0,41
2016-08-01,51.0,51.0,51.0,51.0,0
2016-08-02,51.0,51.0,51.0,51.0,0
2016-08-03,51.0,51.0,51.0,51.0,0
2016-08-04,48.96,48.96,48.96,48.96,33
2016-08-05,48.96,48.96,48.96,48.96,0
2016-08-08,49.5,52.5,54.0,48.9,103
2016-08-10,53.43,53.43,53.43,53.43,21
2016-08-11,53.79,53.79,53.79,53.79,16
2016-08-12,53.4,51.9,53.4,51.9,2
2016-08-15,45.9,45.9,45.9,45.9,16
2016-08-22,52.5,56.16,56.16,52.5,51
2016-09-14,49.2,49.2,49.2,49.2,3
2016-09-16,45.18,47.13,47.13,45.18,38
2016-09-22,46.38,48.0,48.9,46.38,103
2016-09-23,46.23,50.7,50.7,46.23,166
2016-09-26,51.9,49.5,54.0,48.36,426
2016-09-27,49.29,49.29,49.29,49.29,1
2016-09-30,53.7,53.7,53.7,53.7,11
2016-10-03,53.7,51.0,53.7,51.0,209
2016-10-07,46.047,46.29,46.29,46.047,23
2016-10-10,44.7,44.7,44.7,44.7,5
2016-10-13,48.0,48.0,48.0,48.0,83
2016-10-26,48.84,48.84,48.84,48.84,1
2016-10-28,49.8,49.8,49.8,49.8,50
2016-11-03,42.0,43.5,43.5,40.86,116
2016-11-07,44.1,44.1,44.1,44.1,10
2016-11-08,39.0,42.0,42.0,39.0,52
2016-11-09,42.0,42.0,42.0,42.0,5
2016-11-11,41.97,44.88,44.88,41.97,104
2016-11-14,42.57,41.85,42.57,41.82,147
2016-11-15,42.0,42.0,42.0,42.0,1
2016-11-17,39.0,39.87,39.87,39.0,253
2016-11-18,34.2,34.2,34.2,34.2,10
2016-11-29,37.5,37.5,37.5,37.5,6
2016-11-30,37.5,37.5,37.5,37.5,20
2016-12-09,39.0,45.0,39.0,39.0,25
2016-12-12,43.26,42.63,43.26,42.63,13
2016-12-15,36.597,40.2,40.2,36.597,56
2016-12-16,39.87,39.87,39.87,39.87,33
2016-12-19,42.0,41.7,42.0,41.7,33
2016-12-20,45.3,45.3,45.3,42.0,61
2016-12-21,45.9,46.2,46.2,45.9,83
2016-12-22,44.1,44.1,44.1,44.1,6
2016-12-23,43.98,43.98,43.98,43.98,3
2016-12-27,42.81,49.8,49.8,42.81,31
2016-12-28,45.0,45.0,45.0,45.0,16
2017-01-05,43.8,43.8,43.8,43.8,3
2017-01-06,45.6,45.6,45.6,45.6,10
2017-01-09,45.0,48.0,50.4,45.0,168
2017-01-10,46.98,46.95,46.98,46.95,323
2017-01-17,46.2,44.28,46.2,44.28,271
2017-01-18,40.65,43.5,43.5,40.65,229
2017-01-20,45.0,43.47,45.0,43.47,38
2017-01-23,38.88,38.88,38.88,38.88,33
2017-01-25,42.6,44.37,44.37,42.6,41
2017-02-07,38.4,38.4,38.4,38.4,8
2017-02-08,39.0,39.0,39.0,39.0,8
2017-02-09,43.8,43.44,43.8,43.44,41
2017-02-10,49.38,49.8,49.8,49.38,6
2017-02-14,49.0038,49.0038,49.0038,49.0038,62
2017-02-16,48.0,48.03,48.03,48.0,43
2017-02-17,49.32,50.7,50.7,49.32,64
2017-02-21,48.0,48.0,48.0,48.0,16
2017-02-23,40.8,42.0,42.0,39.9,320
2017-02-24,44.25,44.25,44.25,44.25,33
2017-02-27,46.5,46.5,46.5,46.5,33
2017-02-28,45.87,45.87,45.87,45.87,3
2017-03-03,51.9,49.5,51.9,47.49,199
2017-03-07,52.38,53.13,53.13,52.38,50
2017-03-08,53.31,52.92,53.31,52.92,123
2017-03-15,54.0,53.1,54.0,53.1,35
2017-03-16,51.3,51.0,51.3,50.1,91
2017-03-21,52.98,52.98,52.98,52.98,33
2017-03-22,51.57,51.57,51.57,51.57,6
2017-03-27,46.56,46.56,46.56,46.56,33
2017-04-03,45.6,48.0,48.0,45.6,76
2017-04-05,45.3,45.3,45.3,45.3,46
2017-04-07,43.86,43.5,43.86,43.5,33
2017-04-10,44.4,44.4,44.4,44.4,50
2017-04-12,40.2,40.26,40.26,40.2,15
2017-04-17,45.0,45.6,45.6,45.0,50
2017-04-25,42.3,43.5,43.5,43.5,47
2017-04-26,42.0,39.0,39.0,39.0,13
2017-05-01,39.0,39.0,39.0,39.0,24
2017-05-03,38.79,38.79,38.79,38.79,16
2017-05-08,42.21,41.97,42.21,41.97,10
2017-05-17,39.0,39.0,39.0,39.0,16
2017-05-18,40.23,40.23,40.23,40.23,33
2017-05-19,40.53,41.4,41.4,41.4,33
2017-05-25,37.59,37.59,37.59,37.59,10
2017-05-30,39.0,39.0,39.0,39.0,0
2017-05-31,39.3,39.3,39.3,39.3,21
2017-06-07,40.41,40.41,40.41,40.41,133
2017-06-15,39.0,42.0,42.0,42.0,16
2017-06-16,41.7,41.7,41.7,41.7,30
2017-06-19,40.8,39.78,40.8,39.78,33
2017-06-20,42.0,42.0,42.0,42.0,1
2017-06-21,40.62,41.7,41.7,37.5,24
2017-06-22,41.37,41.37,41.37,41.37,0
2017-07-07,39.0,39.0,39.0,39.0,16
2017-08-04,40.8,40.8,40.8,40.8,16
2017-08-10,39.0,35.61,39.0,35.61,91
2017-08-16,40.227,42.0,42.0,40.227,19
2017-08-23,41.01,42.45,42.48,41.01,58
2017-08-25,43.77,43.86,43.86,43.77,2
2017-08-28,39.0,39.0,39.0,39.0,118
2017-08-30,40.5,41.04,41.04,40.5,34
2017-09-01,41.841,41.04,42.99,41.04,159
2017-09-07,39.45,40.68,40.68,39.45,33
2017-09-11,40.71,41.94,41.94,40.71,51
2017-09-12,41.67,41.97,41.97,41.67,75
2017-09-13,41.07,41.448,41.76,40.26,216
2017-09-14,41.46,41.46,41.46,41.46,3
2017-09-18,41.58,41.58,41.58,41.58,1
2017-09-25,33.45,33.45,33.45,33.45,51
2017-09-26,34.56,33.0,35.25,33.0,117
2017-09-27,33.36,33.75,33.75,33.36,50
2017-10-05,31.5,31.5,31.5,31.5,366
2017-10-09,32.925,32.925,32.925,32.925,6
2017-10-11,33.0,33.75,33.75,33.0,43
2017-10-13,33.0,33.0,33.0,33.0,33
2017-10-16,31.5,33.9,33.9,31.5,35
2017-10-18,33.3,33.3,33.3,33.3,21
2017-10-23,36.21,36.21,36.21,36.21,1
2017-10-24,33.0,34.5,34.5,33.0,23
2017-10-26,31.11,31.11,31.11,31.11,33
2017-10-27,30.9,30.9,30.9,30.9,0
2017-10-30,33.0,33.0,36.63,30.93,139
2017-11-01,35.25,35.55,39.0,35.25,390
2017-11-02,35.67,36.15,36.15,35.67,90
2017-11-06,34.47,36.3,36.3,34.47,38
2017-11-08,35.94,33.9,37.8,33.9,3
2017-11-10,33.9,33.9,33.9,33.9,6
2017-11-13,33.6,35.7,35.7,33.6,40
2017-11-14,36.51,36.51,36.9,36.51,58
2017-11-16,32.37,33.0,33.0,32.37,50
2017-11-17,30.39,32.7,32.7,30.39,66
2017-11-27,31.41,32.4,32.4,31.41,39
2017-12-01,32.7,32.7,32.7,32.7,2
2017-12-04,30.39,33.12,33.12,30.39,12
2017-12-05,30.0,30.0,30.0,30.0,3
2017-12-06,30.15,30.15,30.15,30.15,8
2017-12-07,27.69,27.69,27.69,27.69,2
2017-12-08,32.7,32.7,32.7,32.7,6
2017-12-11,32.13,32.13,32.13,32.13,1
2017-12-12,33.0,33.0,33.0,33.0,4
2017-12-13,35.61,41.61,41.61,35.61,216
2017-12-14,39.0,40.98,40.98,39.0,16
2017-12-18,38.46,41.64,41.64,38.46,117
2017-12-19,37.86,37.86,37.86,37.86,26
2017-12-20,37.5,37.5,37.5,37.5,1
2017-12-22,36.45,37.74,37.74,36.45,86
2017-12-26,33.0,33.0,33.0,33.0,233
2017-12-27,33.0,31.26,33.0,31.26,18
2017-12-28,35.13,30.09,35.13,30.09,7
2018-01-02,36.0,36.0,36.0,36.0,70
2018-01-03,37.71,36.0,38.91,36.0,180
2018-01-04,34.14,35.34,35.97,32.25,378
2018-01-05,35.73,36.0,36.0,32.4,111
2018-01-08,33.8457,35.7,36.0,33.8457,201
2018-01-09,36.06,35.4,36.06,34.89,195
2018-01-11,31.68,35.01,35.01,31.68,58
2018-01-12,33.594,35.1,35.1,33.594,30
2018-01-16,35.04,35.04,35.04,35.04,73
2018-01-22,33.72,33.99,33.99,33.66,150
2018-01-24,32.79,34.5,34.5,32.79,429
2018-01-29,32.82,31.2,32.82,29.55,365
2018-01-30,32.82,32.82,32.82,32.82,13
2018-01-31,31.5,31.5,31.5,31.5,213
2018-02-01,31.68,29.7,31.68,29.7,20
2018-02-02,28.2,29.7,29.7,28.2,10
2018-02-05,26.85,28.83,28.83,26.85,35
2018-02-06,27.0,27.0,27.0,27.0,75
2018-02-07,26.7,26.7,26.7,26.7,3
2018-02-15,27.87,27.57,27.87,26.7,30
2018-02-21,30.0,30.0,30.0,30.0,16
2018-02-23,29.97,29.97,29.97,29.97,0
2018-02-27,28.29,29.46,29.46,28.29,176
2018-02-28,28.53,24.96,28.53,24.96,36
2018-03-02,27.96,26.97,27.96,26.97,100
2018-03-08,28.71,28.71,28.71,28.71,33
2018-03-09,29.7,29.7,29.7,29.7,0
2018-03-14,31.8,31.8,31.8,31.8,10
2018-03-15,31.5,31.5,31.5,31.5,90
2018-03-19,31.02,29.85,31.02,29.85,123
2018-03-21,29.49,29.49,29.49,29.49,2
2018-03-23,29.97,26.4,29.97,26.4,101
2018-03-26,29.7,29.7,29.7,29.7,18
2018-03-27,28.38,29.946,29.946,28.38,5
2018-03-28,29.4,27.54,29.4,27.54,38
2018-03-29,32.67,32.67,32.67,32.67,6
2018-04-02,30.87,31.5,31.5,30.87,25
2018-04-03,32.7,33.99,33.99,32.7,67
2018-04-04,33.0,32.19,33.0,29.19,239
2018-04-09,32.4,32.4,32.4,32.4,1
2018-04-11,28.2,28.2,28.2,28.2,66
2018-04-12,30.0,31.74,31.74,30.0,350
2018-04-13,33.0,31.71,33.0,31.71,6
2018-04-16,29.04,27.42,31.62,27.42,312
2018-04-19,28.557,27.84,30.285,27.84,57
2018-04-20,27.48,27.48,27.48,27.48,18
2018-04-23,25.5,25.5,25.5,25.5,33
2018-04-24,21.666,21.666,21.666,21.666,6
2018-04-25,28.35,28.35,28.35,28.35,1
2018-05-01,22.56,22.11,22.56,22.11,13
2018-05-02,23.67,23.67,23.67,23.67,2
2018-05-03,23.61,21.42,23.61,21.42,13
2018-05-07,22.14,24.51,24.87,22.14,10
2018-05-08,23.7,22.8,24.69,22.8,39
2018-05-10,23.73,23.73,23.73,23.73,5
2018-05-11,25.41,25.41,25.41,25.41,3
2018-05-16,25.17,24.93,25.17,24.93,23
2018-05-18,21.33,20.4,21.33,20.4,100
2018-05-22,20.898,24.45,24.45,20.898,4
2018-05-24,24.6,27.6,27.6,24.6,18
2018-05-29,31.17,30.72,31.17,30.72,37
2018-05-30,26.82,26.82,26.82,26.82,10
2018-05-31,26.58,26.58,26.58,26.58,5
2018-06-01,29.52,29.52,29.52,29.52,2
2018-06-04,29.37,29.37,29.37,29.34,170
2018-06-05,29.16,29.16,29.16,29.16,100
2018-06-07,34.587,33.45,34.587,33.45,10
2018-06-08,35.25,36.69,36.96,35.25,105
2018-06-11,38.043,35.4,38.043,35.4,70
2018-06-12,36.0,36.0,36.0,36.0,66
2018-06-13,33.0,34.05,35.1,33.0,375
2018-06-14,34.5,34.5,34.5,33.96,100
2018-06-15,34.2,34.2,34.5,34.2,131
2018-06-18,32.88,32.88,32.88,32.88,3
2018-06-19,34.5,39.6,40.5,34.5,779
2018-06-20,38.4,38.4,38.4,38.4,16
2018-06-21,38.4,38.4,38.4,38.4,3
2018-06-22,39.0,39.0,39.0,39.0,3
2018-06-25,39.0,36.84,39.0,36.84,160
2018-06-26,33.48,36.84,36.84,33.48,28
2018-06-27,36.45,35.01,36.45,33.3,188
2018-06-28,36.57,36.57,36.57,36.57,3
2018-06-29,36.03,36.15,36.15,36.0,160
2018-07-05,37.74,37.74,37.74,36.0,49
2018-07-06,37.83,36.12,37.83,36.12,6
2018-07-09,35.49,35.49,35.49,35.49,3
2018-07-11,33.75,33.6,34.5,33.6,11
2018-07-12,34.2,32.1,34.2,32.1,73
2018-07-13,31.92,32.55,32.55,31.92,4
2018-07-17,33.78,33.57,33.78,33.24,91
2018-07-18,33.45,33.45,33.45,33.45,1
2018-07-19,33.6558,33.57,33.6558,33.57,122
2018-07-20,33.18,33.18,33.18,33.18,1
2018-07-23,34.5,34.5,34.5,34.5,366
2018-07-24,33.12,33.12,33.12,33.12,1
2018-07-25,32.61,32.61,32.61,32.61,5
2018-07-26,33.888,31.5,33.888,31.5,24
2018-07-27,30.96,30.96,30.96,30.96,66
2018-07-30,33.03,33.03,33.03,33.03,1
2018-07-31,30.273,30.273,30.273,30.273,33
2018-08-01,29.97,29.13,32.7,29.13,190
2018-08-02,33.45,33.03,33.45,33.03,33
2018-08-06,30.0,30.0,30.0,30.0,30
2018-08-07,34.23,34.08,34.23,34.08,104
2018-08-08,30.6,30.6,30.6,30.6,41
2018-08-10,34.35,34.35,34.35,34.35,3
2018-08-13,31.965,31.965,31.965,31.965,3
2018-08-14,32.88,32.88,32.88,32.88,2
2018-08-15,33.6,32.73,33.6,31.95,44
2018-08-16,32.67,32.67,32.67,32.67,6
2018-08-20,33.0,31.02,33.0,31.02,38
2018-08-21,31.68,31.68,31.68,31.68,7
2018-08-22,31.68,29.7,31.68,29.7,76
2018-08-23,27.24,27.24,27.24,27.24,8
2018-08-24,29.97,30.72,30.72,29.97,196
2018-08-28,30.6,27.3,30.6,27.3,39
2018-08-29,28.62,28.62,28.62,28.62,156
2018-08-30,28.5,28.5,29.436,28.5,86
2018-09-05,24.6,28.2,28.2,24.6,143
2018-09-11,30.0,30.0,30.0,30.0,83
2018-09-13,30.0,30.0,30.0,30.0,3
2018-09-14,30.0,30.0,30.0,30.0,3
2018-09-17,30.0,30.0,30.0,30.0,3
2018-09-18,26.7,26.7,26.7,26.7,152
2018-09-19,30.0,28.08,30.0,28.08,65
2018-09-20,30.0,30.0,30.0,30.0,368
2018-09-21,34.74,34.47,34.74,33.9,15
2018-09-24,34.5,30.213,35.175,30.213,56
2018-09-26,35.286,34.11,35.286,34.11,4
2018-09-27,38.4,30.6,38.4,30.6,141
2018-09-28,32.07,29.79,32.07,29.79,4
2018-10-02,31.95,28.05,31.95,28.05,11
2018-10-03,31.8,28.8,31.8,28.8,271
2018-10-04,29.49,28.14,29.49,28.14,40
2018-10-10,29.46,29.46,29.46,29.46,3
2018-10-11,27.9,26.49,27.9,26.49,144
2018-10-12,24.402,24.402,24.402,24.402,100
2018-10-18,27.0,27.0,27.0,27.0,111
2018-10-23,25.8,23.31,25.8,23.31,45
2018-10-24,27.27,25.5,27.27,25.2,427
2018-10-25,24.9,24.9,24.9,24.9,156
2018-10-26,27.0,25.98,27.0,25.98,6
2018-10-29,25.77,25.92,25.92,25.77,21
2018-10-30,27.81,24.9,27.81,24.9,534
2018-11-01,24.0,24.9,25.59,24.0,208
2018-11-06,24.9,24.9,24.9,24.9,33
2018-11-08,26.7,24.9,26.79,24.9,272
2018-11-13,23.04,26.7,26.7,23.04,40
2018-11-15,24.66,24.66,24.66,24.66,3
2018-11-16,27.6,27.9,27.9,27.336,71
2018-11-19,26.4,26.82,26.82,26.4,13
2018-11-20,26.7,26.1,26.7,26.1,20
2018-11-21,25.887,25.887,25.887,25.887,3
2018-11-23,23.4,25.491,25.491,23.4,20
2018-11-26,22.425,22.425,22.425,22.425,9
2018-11-28,24.3,23.1,24.3,23.1,93
2018-11-29,23.4,24.3,24.3,23.4,119
2018-12-03,21.99,24.24,24.24,21.99,44
2018-12-04,25.5,23.43,25.5,22.719,50
2018-12-06,27.33,23.466,24.66,23.454,76
2018-12-07,20.7,20.7,20.7,20.7,1
2018-12-10,24.0,24.0,24.0,24.0,33
2018-12-11,22.5,22.8,22.8,22.5,46
2018-12-12,21.18,23.1,23.1,21.18,220
2018-12-13,21.0,21.75,21.75,20.55,10
2018-12-14,18.81,18.81,18.81,18.81,10
2018-12-17,19.44,22.2,22.2,19.38,36
2018-12-18,20.88,20.7,20.88,20.7,30
2018-12-19,21.0,17.565,21.0,17.565,103
2018-12-20,15.87,15.87,15.87,15.87,8
2018-12-21,18.0,18.0,18.0,18.0,83
2018-12-26,19.32,19.32,19.32,19.32,3
2018-12-27,19.5,14.85,19.5,14.85,469
2018-12-28,15.72,15.6,15.72,15.6,250
2018-12-31,16.623,15.75,16.623,15.75,36
2019-01-02,19.11,19.11,19.11,19.11,6
2019-01-03,20.085,20.085,20.085,20.085,20
2019-01-04,18.21,19.8,19.8,18.21,6
2019-01-09,21.75,21.21,21.75,21.21,338
2019-01-10,21.0,21.0,21.0,21.0,6
2019-01-11,20.961,17.9475,20.961,17.9475,26
2019-01-15,18.06,17.6736,18.312,17.64,690
2019-01-16,19.65,19.02,19.98,19.02,101
2019-01-22,18.78,18.78,18.78,18.78,5
2019-01-23,19.77,19.77,19.77,19.77,2
2019-01-24,19.89,19.89,19.89,19.89,1
2019-01-30,20.76,20.1,21.6,20.1,29
2019-01-31,21.3,21.3,21.3,21.3,2
2019-02-01,21.3,21.3,21.3,21.3,4
2019-02-04,20.91,20.91,20.91,20.91,13
2019-02-05,19.08,18.351,19.4019,18.351,30
2019-02-08,18.87,20.7,20.7,18.87,68
2019-02-11,20.67,21.0,21.0,20.67,11
2019-02-13,23.88,23.85,23.88,22.05,668
2019-02-14,23.25,22.23,23.28,22.17,95
2019-02-15,21.84,21.84,21.84,21.84,18
2019-02-19,23.01,22.5,23.04,22.5,41
2019-02-20,23.55,24.27,24.27,23.55,60
2019-02-21,22.5,23.07,23.07,22.5,5
2019-02-22,23.934,23.934,23.934,23.934,16
2019-02-25,23.295,23.295,23.295,23.295,1
2019-02-26,23.04,22.41,23.04,21.3,7
2019-02-27,25.05,23.9505,26.7,23.868,169
2019-02-28,23.55,22.806,23.55,22.806,68
2019-03-04,21.9,22.005,22.005,21.9,33
2019-03-05,23.91,22.2375,23.91,22.2375,5
2019-03-06,26.55,26.01,27.0,26.01,22
2019-03-07,24.93,25.47,26.01,24.93,65
2019-03-08,25.47,25.47,25.47,25.47,6
2019-03-12,25.8,25.8,26.58,25.8,14
2019-03-13,26.67,24.3,26.67,24.3,39
2019-03-18,27.72,25.26,27.72,25.26,379
2019-03-19,28.62,28.8,28.8,28.62,165
2019-03-20,28.47,26.0925,29.505,26.0925,33
2019-03-21,28.5,24.33,28.5,24.33,314
2019-03-22,26.07,26.07,26.07,26.07,5
2019-03-25,24.9,24.93,25.2,24.0,180
2019-03-26,25.689,25.716,26.37,24.645,114
2019-03-27,27.0,27.6,27.6,26.04,694
2019-03-28,27.0,26.52,27.0,26.52,6
2019-03-29,26.16,25.59,26.16,25.59,111
2019-04-01,27.552,29.91,29.91,23.7,65
2019-04-02,32.0673,30.93,38.07,30.93,272
2019-04-03,30.96,25.8,32.7,24.735,1978
2019-04-04,24.36,26.886,27.555,24.1785,211
2019-04-05,26.34,26.76,27.9,24.03,1059
2019-04-08,27.0,22.08,27.6,22.08,159
2019-04-09,22.5,22.5,22.5,22.5,16
2019-04-10,23.94,23.97,24.0,23.94,116
2019-04-12,24.0,21.99,24.42,21.0,733
2019-04-15,22.152,24.45,24.45,22.152,12
2019-04-16,24.36,24.36,24.36,24.36,2
2019-04-17,23.67,23.1,23.67,23.1,41
2019-04-18,23.4,22.5,23.4,21.0,165
2019-04-22,22.23,20.76,22.47,20.76,40
2019-04-23,20.745,20.43,21.3,20.43,67
2019-04-24,21.54,17.46,22.2,17.46,187
2019-04-25,18.12,17.796,18.99,17.796,68
2019-04-26,19.8,19.29,19.8,19.29,157
2019-04-29,17.49,17.49,17.49,17.49,11
2019-04-30,19.71,16.89,20.67,16.89,135
2019-05-01,18.45,19.29,20.67,17.001,52
2019-05-02,20.4,19.8,20.4,19.8,9
2019-05-06,18.12,18.12,18.12,18.12,33
2019-05-07,18.99,18.99,18.99,18.99,3
2019-05-10,18.435,18.3909,18.435,17.907,21
2019-05-13,16.38,18.0,18.0,16.38,27
2019-05-14,20.79,20.82,20.94,19.6938,25
2019-05-15,21.21,17.73,21.21,17.73,69
2019-05-17,19.83,19.83,19.83,19.83,16
2019-05-21,20.88,19.185,20.88,17.73,70
2019-05-22,19.32,19.32,19.32,19.32,33
2019-05-23,21.0,21.3,21.9,21.0,450
2019-05-28,21.78,22.035,23.19,21.78,13
2019-05-29,21.645,21.645,21.645,21.645,33
2019-05-30,21.15,22.56,22.56,21.15,18
2019-05-31,22.59,22.59,22.59,22.59,26
2019-06-03,22.56,22.8,22.8,22.56,35
2019-06-04,22.95,22.02,22.95,18.6,13
2019-06-05,20.88,20.88,20.88,20.88,13
2019-06-06,20.88,20.88,20.88,20.88,10
2019-06-07,19.8,21.612,21.612,19.8,100
2019-06-11,22.5,20.7,22.5,20.7,8
2019-06-12,19.53,19.47,20.4,19.47,17
2019-06-13,19.8,19.8,19.8,19.8,33
2019-06-14,19.8,21.198,21.198,19.8,10
2019-06-17,21.9,21.9,21.9,21.9,19
2019-06-18,21.9,20.22,21.9,20.22,79
2019-06-19,19.86,19.86,19.86,19.86,100
2019-06-20,17.7,19.104,19.104,17.7,168
2019-06-21,18.93,18.93,18.93,18.93,6
2019-06-24,19.8,19.38,19.8,19.38,30
2019-06-25,18.57,18.57,18.57,18.57,11
2019-06-26,21.0,21.0,21.0,21.0,10
2019-06-27,20.22,20.22,20.22,20.22,2
2019-07-01,18.0,16.8,18.0,16.8,23
2019-07-02,20.4,20.4,20.4,20.4,2
2019-07-05,19.5,19.5,19.5,19.5,56
2019-07-09,19.8,19.8,19.8,19.8,2
2019-07-10,15.63,15.63,15.63,15.63,16
2019-07-11,16.5,16.5,16.5,16.5,8
2019-07-15,16.5,16.425,17.61,16.425,535
2019-07-16,15.54,16.83,16.83,15.54,49
2019-07-17,16.92,16.92,16.92,16.92,5
2019-07-18,17.7,15.75,17.877,15.75,286
2019-07-19,17.22,18.0,18.0,17.22,39
2019-07-23,18.828,16.95,18.828,16.95,104
2019-07-24,17.46,16.8,17.46,16.8,36
2019-07-25,16.5,18.159,18.159,16.5,23
2019-07-29,17.13,16.74,17.13,15.45,35
2019-07-30,17.475,16.74,17.475,16.74,289
2019-07-31,13.791,14.4,14.4,13.791,101
2019-08-02,14.37,14.37,14.37,14.37,33
2019-08-05,12.3,12.3,12.3,12.3,1
2019-08-06,17.01,17.01,17.01,17.01,1
2019-08-07,17.04,16.11,17.04,16.11,10
2019-08-08,13.26,13.26,13.26,13.26,83
2019-08-09,12.975,12.975,12.975,12.975,5
2019-08-12,12.9,12.9,12.9,12.9,11
2019-08-13,15.0,15.54,15.54,15.0,36
2019-08-16,13.86,12.0,13.86,12.0,49
2019-08-19,15.3,14.28,15.3,14.28,20
2019-08-20,14.7,12.0,14.7,12.0,6
2019-08-27,15.6,12.03,16.5,12.03,197
2019-08-29,15.0,13.8,15.45,13.8,26
2019-08-30,14.4,14.97,14.97,14.4,11
2019-09-03,15.3,15.0,15.3,15.0,207
2019-09-04,15.03,13.95,15.03,13.95,3
2019-09-10,14.1,15.0,15.0,13.71,690
2019-09-11,15.0,11.73,15.0,11.73,38
2019-09-13,13.65,14.622,15.27,13.65,19
2019-09-16,15.0,16.05,16.77,15.0,1045
2019-09-17,16.8,14.43,16.8,14.43,8
2019-09-19,20.43,18.72,24.0,15.3,1304
2019-09-20,18.0,16.5,18.0,14.25,841
2019-09-23,13.77,13.632,14.76,13.632,90
2019-09-24,15.0,15.0,15.0,15.0,5
2019-09-25,15.816,15.0,15.816,12.03,514
2019-09-26,15.0,15.0,15.0,15.0,3
2019-09-30,13.515,13.515,13.515,13.515,17
2019-10-01,15.801,15.0,15.801,15.0,38
2019-10-02,11.7,11.7,11.7,11.7,60
2019-10-03,13.8,14.25,14.25,13.8,104
2019-10-07,14.4,13.59,14.4,11.37,50
2019-10-08,9.81,13.5,13.5,9.81,175
2019-10-09,11.25,11.253,11.7,10.2,298
2019-10-10,10.5,9.9,11.565,9.9,156
2019-10-11,9.9,9.9,9.9,9.9,3
2019-10-14,10.95,9.0,10.95,9.0,79
2019-10-15,9.03,9.0,9.03,9.0,33
2019-10-17,9.0,9.0,9.0,9.0,13
2019-10-23,10.8,10.62,10.8,9.63,303
2019-10-24,12.0,12.0,12.0,12.0,60
2019-10-25,11.04,12.24,12.54,11.04,115
2019-10-28,12.06,12.57,12.57,12.06,296
2019-10-29,12.6,13.11,13.11,12.6,66
2019-10-30,12.96,13.11,13.11,12.96,77
2019-10-31,11.985,12.93,12.93,11.22,48
2019-11-04,13.11,13.11,13.11,13.11,33
2019-11-05,12.0,12.0,12.0,12.0,6
2019-11-06,11.982,11.07,11.982,11.07,73
2019-11-07,12.0,11.07,12.0,11.07,39
2019-11-08,12.0,12.0,12.0,12.0,13
2019-11-11,11.07,11.1,11.1,11.07,100
2019-11-12,12.0,13.08,13.08,12.0,173
2019-11-13,13.65,12.294,13.65,12.294,13
2019-11-14,9.87,11.7,11.7,9.435,603
2019-11-15,11.346,11.346,11.346,11.346,1
2019-11-18,10.95,10.95,10.95,10.95,70
2019-11-25,11.64,9.0,11.64,9.0,28
2019-11-26,10.5,10.5,10.5,10.5,166
2019-11-27,8.55,10.53,10.761,7.14,460
2019-11-29,10.749,10.749,10.749,10.749,487
2019-12-02,9.84,10.7175,10.7175,7.14,122
2019-12-03,9.9,9.0,10.749,9.0,753
2019-12-04,9.87,9.87,9.87,9.87,1
2019-12-05,9.9,9.9,10.5,8.7,320
2019-12-06,9.8052,9.6,9.8052,9.6,116
2019-12-09,9.9,9.9,9.9,9.9,333
2019-12-10,10.5,10.8,11.7,10.5,827
2019-12-11,11.01,10.5,11.01,10.5,37
2019-12-12,13.6569,11.88,13.6569,11.28,433
2019-12-13,14.4,12.9,14.4,11.73,726
2019-12-16,13.2,13.5,13.5,11.502,2011
2019-12-17,10.8,12.0,12.747,10.8,1412
2019-12-18,12.0,12.21,12.21,9.9,813
2019-12-19,12.0,12.87,12.9,10.95,720
2019-12-24,12.0,10.8,15.876,8.4,3389
2019-12-26,10.8,10.8,10.8,9.9,109
2019-12-27,10.8,9.75,10.8,9.174,30
2019-12-30,9.3,8.58,9.3,8.58,115
2019-12-31,6.7365,9.84,9.9,6.7365,974
2020-01-03,9.26,9.26,9.26,9.2015,531
2020-01-06,NaN,9.26,NaN,NaN,99
2020-01-07,9.26,9.42,9.42,9.26,655
2020-01-08,9.2,9.165,9.2,9.165,398
2020-01-09,8.79,8.99,8.99,8.7405,532
2020-01-10,NaN,8.99,NaN,NaN,46
2020-01-13,12.252238,12.725,13.15,12.252238,867
2020-01-14,13.24,13.26848,14.3099,12.62,901
2020-01-15,12.80406,12.80406,12.80406,12.80406,214
2020-01-16,11.851,11.851,11.851,11.851,205
2020-01-17,11.85,12.2,12.2,11.85,788
2020-01-21,11.85,12.82,12.82,11.85,453
2020-01-22,12.839,12.75,12.839,12.75,857
2020-01-23,NaN,12.75,NaN,NaN,25
2020-01-24,12.75,12.89,12.89,12.75,333
2020-01-27,13.125,14.49,14.49,13.125,1355
2020-01-28,13.65,15.2,15.2,13.641,2008
2020-01-29,NaN,0.0328,NaN,NaN,32
2020-01-30,14.0,17.4299,17.44,14.0,3502
2020-01-31,17.4,18.3574,18.3574,17.4,1015
2020-02-03,18.53,18.95,19.2,18.53,1203
2020-02-04,18.8236,19.95,20.36,18.8236,2887
2020-02-06,NaN,19.95,NaN,NaN,113
2020-02-07,18.8056,18.807,18.807,18.8056,1220
2020-02-10,19.25,19.25,19.25,19.25,326
2020-02-11,NaN,19.25,NaN,NaN,2
2020-02-13,NaN,19.25,NaN,NaN,15
2020-02-14,18.22,18.22,18.22,18.22,290
2020-02-18,17.4914,18.0,18.0,17.4914,924
2020-02-19,NaN,18.0,NaN,NaN,73
2020-02-21,16.825,17.39,18.16,16.825,1686
2020-02-24,17.5,17.5,17.5,17.5,203
2020-02-25,16.6913,16.6913,16.6913,16.6913,108
2020-02-26,16.49,16.49,16.49,16.49,1000
2020-02-27,17.0,17.5,17.5,17.0,730
2020-03-02,15.69,15.2971,15.69,15.2934,810
2020-03-03,15.1,15.29,15.29,15.1,476
2020-03-05,NaN,15.29,NaN,NaN,120
2020-03-06,NaN,15.29,NaN,NaN,30
2020-03-09,13.2748,13.95,13.98,13.2748,440
2020-03-10,13.01,13.01,13.01,13.01,210
2020-03-11,NaN,13.01,NaN,NaN,230
2020-03-12,9.56,13.01,9.56,9.38,420
2020-03-16,NaN,13.01,NaN,NaN,0
2020-03-17,7.75,7.625,7.77,7.625,329
2020-03-18,8.35661,8.35661,8.35661,8.35661,1026
2020-03-19,7.52,7.49,7.54,7.49,545
2020-03-20,6.96,6.96,6.96,6.96,500
2020-03-23,NaN,6.96,NaN,NaN,0
2020-03-25,5.99,5.8,5.99,5.75,1046
2020-03-26,7.0245,7.74,7.74,7.0,2243
2020-03-27,NaN,7.74,NaN,NaN,0
2020-03-30,7.6942,7.6942,7.6942,7.6942,171
2020-03-31,8.0,7.68,8.0,7.68,431
2020-04-01,7.01,7.01,7.01,7.01,314
2020-04-02,6.99672,6.02,6.99672,6.02,517
2020-04-03,7.0,7.0,7.0,7.0,604
2020-04-07,NaN,7.0,NaN,NaN,0
2020-04-08,7.84,7.8,7.84,7.8,400
2020-04-09,7.8,7.81,7.86,7.8,500
2020-04-13,NaN,7.81,NaN,NaN,0
2020-04-14,9.35,10.08,12.9476,9.35,5336
2020-04-15,9.94879,9.67,9.94879,9.67,748
2020-04-16,NaN,9.67,NaN,NaN,0
2020-04-17,NaN,9.67,NaN,NaN,0
2020-04-20,8.57,8.8405,9.22,8.52093,2001
2020-04-21,NaN,8.8405,NaN,NaN,43
2020-04-22,8.3,8.3,8.3,8.3,100
2020-04-23,8.30465,8.3,8.30465,8.3,275
2020-04-24,8.2832,8.2832,8.2832,8.2832,220
2020-04-27,8.5005,8.5005,8.5005,8.5005,100
2020-04-28,NaN,8.5005,NaN,NaN,100
2020-04-29,7.96049,8.0016,8.0016,7.96049,300
2020-04-30,NaN,8.0016,NaN,NaN,182
2020-05-01,NaN,8.0016,NaN,NaN,0
2020-05-04,7.8079,7.8008,7.8079,7.8008,217
2020-05-05,7.54,7.54,7.56,7.54,800
2020-05-07,NaN,7.54,NaN,NaN,4
2020-05-08,7.15,7.13,7.15,7.13,240
2020-05-11,6.77936,6.32615,6.77936,6.32615,1463
2020-05-13,NaN,6.32615,NaN,NaN,121
2020-05-14,6.25,6.2515,6.3,6.25,737
2020-05-15,NaN,6.2515,NaN,NaN,0
2020-05-18,6.3,6.3,6.3,6.3,175
2020-05-19,6.3,6.8406,6.8406,6.3,658
2020-05-20,7.0,7.0,7.0,7.0,304
2020-05-21,6.28,6.28,6.28,6.28,700
2020-05-22,6.9,6.85339,6.9291,6.85339,618
2020-05-26,7.24643,7.21,7.24643,6.95999,548
2020-05-27,7.05499,6.86,7.05499,6.86,1111
2020-05-28,7.5135,7.5135,7.5135,7.5135,399
2020-05-29,7.27,7.24,7.28,7.24,1219
2020-06-01,6.85,6.79,6.85,6.79,256
2020-06-04,6.75,6.75,6.75,6.75,440
2020-06-09,NaN,6.75,NaN,NaN,52
2020-06-10,7.09,7.09,7.09,7.09,300
2020-06-11,NaN,7.09,NaN,NaN,5
2020-06-16,7.09,7.09,7.09,7.09,200
2020-06-17,6.56,6.56,6.56,6.56,500
2020-06-19,NaN,6.56,NaN,NaN,0
2020-06-22,6.51,6.51,6.51,6.51,605
2020-06-23,6.47466,6.08,6.47466,6.08,2354
2020-06-24,5.77,5.77,5.77,5.77,507
2020-06-25,NaN,5.77,NaN,NaN,1
2020-06-26,5.64965,5.64965,5.64965,5.64965,103
2020-06-29,5.61,5.61,5.61,5.61,100
2020-06-30,4.855,4.855,4.855,4.855,101
2020-07-01,4.5,4.1,4.5,4.1,1896
2020-07-02,4.55,4.55,4.55,4.55,250
2020-07-06,NaN,4.55,NaN,NaN,108
2020-07-07,4.55,4.55,4.55,4.55,1100
2020-07-08,4.859,4.859,4.859,4.859,200
2020-07-09,4.91,4.91,4.91,4.91,100
2020-07-10,NaN,4.91,NaN,NaN,0
2020-07-13,4.39,4.32,4.39,4.32,205
2020-07-14,4.52,4.71,4.71,4.52,400
2020-07-15,4.645,4.25,4.645,4.25,325
2020-07-16,4.21,4.06,4.21,4.06,299
2020-07-17,4.28,5.11,5.11,4.28,4825
2020-07-20,4.43,4.35,4.43,4.35,3200
2020-07-21,4.96,4.96,4.96,4.96,100
2020-07-22,4.3,4.56,4.56,4.3,644
2020-07-24,4.3475,4.3475,4.3475,4.3475,325
2020-07-27,4.45,4.5,4.5,4.21,1250
2020-07-28,4.95,6.15,7.31,4.95,7874
2020-07-29,7.19525,7.19525,7.19525,7.19525,701
2020-08-04,7.1247,7.25,7.25,7.1236,2000
2020-08-06,NaN,7.25,NaN,NaN,2
2020-08-10,6.58361,6.58361,6.58361,6.58361,110
2020-08-11,6.2,5.65,6.2,5.65,1283
2020-08-14,5.46,5.46268,5.46268,5.46,1050
2020-08-17,NaN,5.46268,NaN,NaN,101
2020-08-19,NaN,5.46268,NaN,NaN,40
2020-08-25,5.5,5.5,5.5,5.5,500
2020-08-26,5.4644,5.4644,5.4644,5.4644,499
2020-08-27,5.8,5.8,5.8,5.8,400
2020-08-31,5.63,5.63,5.63,5.63,200
2020-09-03,NaN,5.63,NaN,NaN,50
2020-09-04,4.96,4.96,4.96,4.96,100
2020-09-08,4.71,4.8,4.8,4.71,1207
2020-09-11,4.64,4.64,4.64,4.64,500
2020-09-14,4.5,4.5,4.5,4.5,165
2020-09-15,4.68,4.84,4.84,4.68,550
2020-09-16,NaN,4.84,NaN,NaN,10
2020-09-17,4.43,4.43,4.43,4.43,398
2020-09-18,4.54,4.5284,4.54,4.5284,500
2020-09-22,4.506,4.506,4.506,4.506,387
2020-09-23,NaN,4.506,NaN,NaN,10
2020-09-24,4.3,4.3,4.3,4.3,916
2020-09-25,4.32,4.3119,4.32,4.3119,600
2020-10-05,NaN,4.3119,NaN,NaN,13
2020-10-12,3.25,3.25,3.25,3.25,200
2020-10-16,4.178,3.77846,4.178,3.77846,352
2020-10-19,4.1799,4.1799,4.1799,4.1799,200
2020-10-20,NaN,4.1799,NaN,NaN,50
2020-10-22,3.825,3.825,3.825,3.825,100
2020-10-23,3.794,3.794,3.794,3.794,151
2020-10-26,3.75,3.83,3.83,3.75,416
2020-10-27,3.9753,4.1292,4.13,3.9445,3546
2020-10-28,3.75,4.1,4.1,3.75,430
2020-10-29,NaN,4.1,NaN,NaN,5
2020-10-30,NaN,4.1,NaN,NaN,0
2020-11-02,3.77,3.765,3.77,3.765,460
2020-11-04,4.1,4.1,4.25,4.1,2361
2020-11-05,4.2,4.21,4.21,4.2,1442
2020-11-06,NaN,4.21,NaN,NaN,0
2020-11-09,NaN,4.21,NaN,NaN,99
2020-11-10,NaN,4.21,NaN,NaN,30
2020-11-11,3.97043,3.99,3.99,3.97043,800
2020-11-20,3.89,3.858,3.89,3.858,1666
2020-11-24,NaN,3.858,NaN,NaN,84
2020-11-27,NaN,3.858,NaN,NaN,0
2020-11-30,3.7705,3.6906,3.7705,3.6906,1071
2020-12-01,3.86,3.86,3.86,3.86,260
2020-12-02,4.09,4.1,4.11,4.09,1070
2020-12-03,3.8322,3.8322,3.8322,3.8322,1000
2020-12-04,4.0,3.78,4.0,3.78,307
2020-12-07,3.72,3.5206,3.72,3.5206,740
2020-12-08,3.77611,3.81,3.81,3.76,580
2020-12-09,NaN,3.81,NaN,NaN,33
2020-12-10,3.81,4.34,4.34,3.81,6729
2020-12-11,4.10332,3.77,4.10332,3.51,4277
2020-12-14,3.69,3.64,3.93,3.52347,2337
2020-12-15,3.57,4.325,4.33,3.57,1414
2020-12-16,4.71,4.2307,4.71,4.2307,1198
2020-12-17,3.84,3.8434,3.8434,3.84,521
2020-12-22,3.482,3.482,3.482,3.482,150
2020-12-23,3.93621,4.145,4.2095,3.93621,1920
2020-12-24,NaN,4.145,NaN,NaN,0
2020-12-28,5.34,5.34,5.34,5.34,627
2020-12-29,4.45583,4.08499,4.78,4.08499,1033
2020-12-30,NaN,4.08499,NaN,NaN,66
2020-12-31,4.2151,4.17,4.5,4.12,645
2021-01-05,4.439,4.8116,4.81243,4.439,1118
2021-01-06,NaN,4.8116,NaN,NaN,6
2021-01-07,5.5,5.90882,5.90882,5.5,2070
2021-01-11,5.2147,5.2147,5.2147,5.2147,100
2021-01-12,6.0536,5.43,6.0536,5.43,1668
2021-01-15,5.51,5.51,5.51,5.51,866
2021-01-19,5.5,5.5,5.5,5.5,245
2021-01-20,5.26199,5.18,5.26199,5.18,2300
2021-01-21,NaN,5.18,NaN,NaN,10
2021-01-22,NaN,5.18,NaN,NaN,0
2021-01-25,NaN,5.18,NaN,NaN,90
2021-01-27,5.14642,5.14,5.15,5.14,420
2021-01-28,4.75,4.75,4.75,4.75,142
2021-01-29,NaN,4.75,NaN,NaN,0
2021-02-01,3.66999,3.88211,3.89,3.51,3254
2021-02-02,NaN,3.88211,NaN,NaN,20
2021-02-03,4.29,4.67,4.67,4.29,2199
2021-02-04,NaN,4.67,NaN,NaN,11
2021-02-05,4.1901,4.03,4.1901,4.03,1500
2021-02-08,4.05,3.99226,4.07066,3.99226,462
2021-02-09,4.39,4.33,4.39,4.33,1002
2021-02-10,NaN,4.33,NaN,NaN,72
2021-02-11,4.33,4.5,4.5,4.27,3962
2021-02-12,4.7069,4.798,4.798,4.7069,5672
2021-02-16,4.89,5.22,5.2841,4.89,4389
2021-02-17,5.23,5.47,5.47,4.9405,3585
2021-02-18,5.55,5.34,5.55,5.14,1803
2021-02-19,5.59,6.16908,6.16908,5.59,554
2021-02-22,6.2,6.0293,6.3492,6.0293,2571
2021-02-23,6.018,5.95,6.018,5.95,2095
2021-02-24,4.24,3.9,4.24,3.4,2545226
2021-02-25,3.88,3.7,3.95,3.55,975940
2021-02-26,3.65,3.4,3.715,3.32,2661227
2021-03-01,3.85,3.85,3.92,3.61,2948023
2021-03-02,3.58,3.52,3.8,3.33,1343016
2021-03-03,3.65,3.54,3.85,3.38,929879
2021-03-04,3.46,3.15,3.47,2.9,683427
2021-03-05,3.3,3.22,3.3399,2.89,766173
2021-03-08,3.23,3.15,3.37,3.08,464613
2021-03-09,3.36,3.4099,3.57,3.15,730928
2021-03-10,3.48,3.43,3.58,3.26,428788
2021-03-11,3.51,3.71,3.84,3.35,927904
2021-03-12,3.54,3.74,3.7899,3.52,482395
2021-03-15,3.95,4.01,4.23,3.77,1535550
2021-03-16,3.95,3.85,4.08,3.71,923680
2021-03-17,3.85,4.01,4.17,3.72,737361
2021-03-18,4.0,3.88,4.05,3.8,345299
2021-03-19,3.84,3.93,3.95,3.6,452755
2021-03-22,3.9,3.9136,3.92,3.75,198416
2021-03-23,3.85,3.75,3.91,3.73,252906
2021-03-24,3.68,3.4,3.73,3.3,356836
2021-03-25,3.09,3.35,3.4,2.96,488521
2021-03-26,3.47,3.48,3.75,3.3801,527806
2021-03-29,3.45,3.55,3.66,3.36,245035
2021-03-30,3.46,3.5679,3.64,3.36,198451
2021-03-31,3.64,3.86,3.93,3.61,552787
2021-04-01,3.81,3.8,3.85,3.65,296171
2021-04-05,3.91,4.23,4.35,3.85,1981933
2021-04-06,4.24,4.36,4.57,4.24,1823781
2021-04-07,4.46,4.33,4.46,4.12,1016488
2021-04-08,4.3724,4.38,4.6498,4.02,2821132
2021-04-09,4.48,5.21,5.21,4.4,7042910
2021-04-12,5.301,3.92,5.35,3.64,12954250
2021-04-13,3.54,3.61,3.8,3.41,2023903
2021-04-14,3.5,3.2,3.57,3.17,1680463
2021-04-15,3.26,3.24,3.37,3.16,759933
2021-04-16,3.24,3.26,3.3149,3.11,561361
2021-04-19,3.27,3.12,3.29,3.02,438422
2021-04-20,3.07,2.89,3.09,2.8149,562744
2021-04-21,2.85,3.03,3.08,2.8401,540816
2021-04-22,3.09,2.97,3.1,2.93,591590
2021-04-23,3.01,3.28,3.31,2.95,608048
2021-04-26,3.4,3.43,3.45,3.31,581035
2021-04-27,3.5675,3.53,3.67,3.4,496276
2021-04-28,3.5,3.63,3.6938,3.3,926209
2021-04-29,3.69,3.465,3.69,3.4,337410
2021-04-30,3.49,3.69,3.95,3.36,3979669
2021-05-03,3.9,3.82,4.0,3.7,1461751
2021-05-04,3.7,3.44,3.8,3.35,639512
2021-05-05,3.52,3.39,3.582,3.31,293981
2021-05-06,3.37,3.15,3.3899,3.11,454137
2021-05-07,3.23,3.3,3.39,3.2,279375
2021-05-10,3.31,3.185,3.3599,3.15,203818
2021-05-11,3.13,3.23,3.3,3.03,279534
2021-05-12,3.19,3.21,3.3099,3.16,198603
2021-05-13,3.21,3.08,3.3386,3.0611,256363
2021-05-14,3.1,3.16,3.22,3.1,272161
2021-05-17,3.15,3.15,3.25,3.06,262492
2021-05-18,3.1,3.08,3.1665,3.06,328709
2021-05-19,2.94,2.97,3.03,2.82,391300
2021-05-20,2.96,3.12,3.19,2.93,285834
2021-05-21,3.14,3.08,3.2,3.03,320327
2021-05-24,3.08,3.1,3.14,3.0,327389
2021-05-25,3.13,3.15,3.18,3.01,324087
2021-05-26,3.15,3.14,3.16,3.08,269144
2021-05-27,3.16,3.16,3.22,3.0912,248599
2021-05-28,3.28,3.27,3.34,3.16,179566
2021-06-01,3.25,3.18,3.3225,3.14,258354
2021-06-02,6.61,6.18,9.0,5.66,146762750
2021-06-03,6.29,6.05,7.5,5.52,13223849
2021-06-04,5.81,5.15,5.83,5.0,4086234
2021-06-07,5.25,5.57,5.68,5.16,2797163
2021-06-08,5.59,5.15,5.8,5.0,2195223
2021-06-09,5.2561,5.84,6.39,5.11,7424189
2021-06-10,5.93,5.79,6.13,5.54,2910505
2021-06-11,5.94,5.72,5.98,5.47,1926694
2021-06-14,5.79,5.53,5.79,5.35,1424294
2021-06-15,5.48,6.03,6.22,5.4188,2141438
2021-06-16,6.65,6.57,7.58,6.33,19776360
2021-06-17,5.755,5.65,5.98,5.4,2506921
2021-06-18,5.54,5.48,5.74,5.46,682803
2021-06-21,5.48,5.06,5.69,5.01,1480790
2021-06-22,5.12,5.28,5.3941,5.1,456436
2021-06-23,5.4,5.52,5.6,5.22,742599
2021-06-24,5.64,5.94,5.94,5.55,1069779
2021-06-25,5.54,5.37,5.6,5.25,1934079
2021-06-28,5.5,5.39,5.6,5.35,822997
2021-06-29,5.48,5.24,5.57,5.2,1045183
2021-06-30,5.3,5.33,5.7,5.16,1252027
2021-07-01,5.35,4.95,5.38,4.89,1306817
2021-07-02,4.9576,5.0,5.1,4.61,1510200
2021-07-06,5.04,4.86,5.23,4.76,1319752
2021-07-07,4.7,5.2,5.25,4.62,1400044
2021-07-08,5.15,4.76,5.18,4.66,1308999
2021-07-09,4.97,5.63,6.44,4.9,7583189
2021-07-12,5.55,5.82,5.93,5.4,2461080
2021-07-13,5.96,5.85,6.8,5.56,11271378
2021-07-14,5.85,5.29,6.04,5.0,2037947
2021-07-15,5.19,4.91,5.28,4.75,1317425
2021-07-16,4.84,4.76,5.09,4.66,964642
2021-07-19,4.71,4.51,4.89,4.36,983033
2021-07-20,4.52,4.54,4.55,4.31,793296
2021-07-21,4.46,4.65,4.7,4.4144,385296
2021-07-22,4.56,4.4,4.68,4.3,739184
2021-07-23,4.47,4.45,4.4744,4.25,533712
2021-07-26,4.4,4.73,4.89,4.4,676331
2021-07-27,4.64,4.43,4.7826,4.41,438634
2021-07-28,4.502,4.93,5.08,4.37,1006791
2021-07-29,4.89,5.49,5.58,4.8892,2676100
2021-07-30,5.4,5.08,5.4,4.92,1335486
2021-08-02,5.15,5.23,5.4388,5.045,957844
2021-08-03,5.23,5.31,5.39,4.86,1960775
2021-08-04,5.32,5.02,6.1536,4.93,14214211
2021-08-05,4.96,5.17,5.2096,4.64,2047312
2021-08-06,5.16,5.79,5.88,5.0,3041901
2021-08-09,5.92,5.67,6.14,5.56,3134382
2021-08-10,5.65,5.95,5.97,5.5,1417860
2021-08-11,6.0,6.15,6.15,5.88,1515824
2021-08-12,6.13,6.15,6.38,5.69,2262146
2021-08-13,6.06,6.0,6.1303,5.94,927633
2021-08-16,5.917,5.29,5.917,5.28,1584515
2021-08-17,5.41,5.28,5.53,5.26,812322
2021-08-18,5.42,5.7,5.85,5.21,1273299
2021-08-19,6.09,5.16,6.37,5.09,4842012
2021-08-20,5.2,5.21,5.3,5.13,563504
2021-08-23,5.24,5.46,5.52,5.19,380040
2021-08-24,5.51,5.58,5.655,5.4,356558
2021-08-25,5.61,6.03,6.08,5.47,1018957
2021-08-26,5.93,6.09,6.27,5.7744,1075632
2021-08-27,6.1,6.41,6.49,6.0138,1567647
2021-08-30,6.5,6.79,6.955,6.41,1350074
2021-08-31,6.85,6.79,7.21,6.47,3498819
2021-09-01,6.65,6.72,6.93,6.4124,3152097
2021-09-02,6.62,6.88,6.89,6.49,999689
2021-09-03,6.79,6.9,7.05,6.72,960739
2021-09-07,6.83,6.71,6.83,6.41,899987
2021-09-08,6.86,7.33,7.44,6.62,2079457
2021-09-09,7.51,7.73,8.5,7.4,12815474
2021-09-10,7.52,7.55,8.14,7.1,2989557
2021-09-13,7.6,7.71,7.85,7.2414,1870288
2021-09-14,7.71,7.3,7.71,7.25,1260918
2021-09-15,7.37,7.17,7.4054,6.85,1657119
2021-09-16,7.09,7.56,7.7,7.022,1535565
2021-09-17,7.54,7.86,7.87,7.22,1507017
2021-09-20,7.5,7.17,7.68,7.0301,1795141
2021-09-21,7.26,7.51,7.62,7.09,2025474
2021-09-22,7.71,8.03,8.28,7.38,5341648
2021-09-23,8.1739,8.28,8.53,8.0,3203881
2021-09-24,8.2,9.19,9.45,8.12,10049423
2021-09-27,9.2,8.89,9.23,8.2001,2790505
2021-09-28,8.5386,9.28,9.5,8.51,3434659
2021-09-29,9.3,8.0,9.3,7.82,4943314
2021-09-30,8.05,8.1,8.55,7.95,2352613
2021-10-01,8.02,8.14,8.3,7.31,2785841
2021-10-04,8.01,7.43,8.14,7.34,1353794
2021-10-05,7.49,7.47,7.7599,7.36,1415095
2021-10-06,7.2,7.15,7.43,6.91,1134275
2021-10-07,7.25,7.32,7.59,7.2,860267
2021-10-08,7.32,7.24,7.39,7.0401,773474
2021-10-11,7.06,7.1,7.3977,7.05,661226
2021-10-12,7.12,8.23,8.38,7.1114,2568316
2021-10-13,8.1,7.85,8.49,7.8,2024649
2021-10-14,7.95,7.77,8.15,7.63,1193856
2021-10-15,7.85,8.19,8.2693,7.8,747938
2021-10-18,8.1,7.85,8.11,7.75,531112
2021-10-19,7.97,7.85,7.9999,7.74,505825
2021-10-20,7.89,7.71,7.92,7.44,1085269
2021-10-21,7.7,7.63,7.9442,7.56,667816
2021-10-22,7.6,7.39,7.6325,7.24,799688
2021-10-25,7.35,7.64,7.69,7.15,732289
2021-10-26,7.77,7.87,8.0,7.6,1117738
2021-10-27,7.8,7.79,7.91,7.5,574320
2021-10-28,7.7,7.76,7.91,7.6,340113
2021-10-29,7.7,7.95,8.21,7.68,949282
2021-11-01,7.95,8.04,8.13,7.85,294086
2021-11-02,8.2,8.8,8.9631,8.05,2654157
2021-11-03,8.75,8.86,9.08,8.4,1449641
2021-11-04,8.9,9.85,10.22,8.6866,3804674
2021-11-05,9.7546,10.05,10.43,9.25,1839962
2021-11-08,10.05,10.07,10.39,9.76,1291146
2021-11-09,9.89,9.71,10.11,9.58,692973
2021-11-10,9.57,9.46,9.98,9.331,1027441
2021-11-11,9.46,10.09,10.27,9.46,1070349
2021-11-12,10.2,10.05,10.5,9.95,1046414
2021-11-15,9.98,9.53,10.17,9.5,648574
2021-11-16,9.45,9.75,9.98,9.4,800379
2021-11-17,9.65,10.1,10.48,9.5,1852962
2021-11-18,10.06,10.1,10.2499,9.85,853448
2021-11-19,10.25,10.61,10.7,10.05,1650065
2021-11-22,10.61,10.11,10.72,10.0,1249576
2021-11-23,9.9,10.19,10.3299,9.76,818818
2021-11-24,10.17,10.21,10.35,9.82,765396
2021-11-26,9.9507,10.2,10.2898,9.55,940369
2021-11-29,10.275,10.16,10.56,9.96,1014717
2021-11-30,10.19,9.84,10.32,8.95,2213551
2021-12-01,9.9388,9.98,12.47,9.72,18665515
2021-12-02,9.73,10.06,10.47,9.25,1681857
2021-12-03,10.06,9.18,10.0777,9.0,2154949
2021-12-06,9.1444,9.53,9.83,8.09,2163513
2021-12-07,9.51,9.42,10.0422,9.32,923339
2021-12-08,9.61,9.36,9.97,9.21,1166890
2021-12-09,9.4,8.87,10.1299,8.68,3346768
2021-12-10,8.28,7.9,8.5599,7.8,2748576
2021-12-13,7.7156,7.3,8.01,7.06,2414218
2021-12-14,7.3,7.5,7.646,7.17,764174
2021-12-15,7.4,7.99,8.06,7.2,994710
2021-12-16,8.74,8.3,9.04,8.1,7486802
2021-12-17,8.24,8.56,8.7005,8.11,964531
2021-12-20,8.39,8.19,8.45,8.0274,482196
2021-12-21,8.14,8.99,9.1,8.14,958980
2021-12-22,8.84,9.0,9.19,8.7,664320
2021-12-23,8.86,9.3,9.43,8.86,665205
2021-12-27,9.59,8.83,9.59,8.8,487455
2021-12-28,8.78,8.5,9.09,8.39,719293
2021-12-29,8.41,8.55,8.68,8.15,335437
2021-12-30,8.43,8.35,8.68,8.32,285696
2021-12-31,8.42,8.28,8.52,8.21,185783
2022-01-03,8.43,8.71,8.89,8.12,520197
2022-01-04,8.75,8.67,8.85,8.46,510384
2022-01-05,8.65,8.57,8.86,8.39,985692
2022-01-06,8.37,8.23,8.53,7.85,625239
2022-01-07,8.11,8.47,8.59,7.96,662074
2022-01-10,8.2,8.18,8.2999,7.88,563670
2022-01-11,8.2,8.28,8.3259,7.975,449516
2022-01-12,8.3,8.09,8.33,8.0,370610
2022-01-13,8.0812,8.12,8.25,7.8138,736484
2022-01-14,8.0,8.45,8.45,7.95,659012
2022-01-18,8.28,8.26,8.72,8.085,781565
2022-01-19,8.25,8.03,8.45,7.96,673605
2022-01-20,8.06,8.08,8.4,8.0101,476707
2022-01-21,8.0,7.16,8.0499,7.07,1609471
2022-01-24,6.29,6.5,6.6499,5.41,3423241
2022-01-25,6.28,6.26,6.48,6.0,959483
2022-01-26,6.35,6.07,6.77,5.95,1406147
2022-01-27,6.18,6.12,6.32,5.94,612400
2022-01-28,6.07,5.91,6.19,5.64,1481561
2022-01-31,5.89,6.32,6.46,5.8507,381030
2022-02-01,6.38,6.62,6.88,6.2,413262
2022-02-02,6.64,6.48,6.882,6.23,739256
2022-02-03,6.23,6.36,6.88,6.23,318513
2022-02-04,6.4,6.64,6.76,6.34,176982
2022-02-07,6.61,7.17,7.355,6.5501,553674
2022-02-08,7.12,7.45,7.45,7.02,600818
2022-02-09,7.5,7.95,7.98,7.47,404809
2022-02-10,7.9,7.84,8.18,7.7123,890504
2022-02-11,7.75,7.56,8.11,7.36,436036
2022-02-14,7.9,7.49,8.15,7.37,459123
2022-02-15,7.71,7.66,7.7899,7.51,264285
2022-02-16,7.75,7.9,7.95,7.48,361295
2022-02-17,7.77,8.12,8.13,7.77,377016
2022-02-18,8.12,7.94,8.16,7.71,308816
2022-02-22,7.7,7.02,7.855,7.0,500419
2022-02-23,7.15,7.22,7.57,7.14,316527
2022-02-24,6.9,7.66,7.71,6.71,549690
2022-02-25,7.68,7.7,7.75,7.38,447391
2022-02-28,7.58,7.63,7.9,7.4083,219146
2022-03-01,7.68,7.51,7.78,7.35,105527
2022-03-02,7.48,7.74,7.96,7.4069,334357
2022-03-03,7.75,7.45,7.84,7.41,101998
2022-03-04,7.57,7.19,7.57,7.0,433046
2022-03-07,7.12,7.04,7.2724,6.96,230568
2022-03-08,7.1,7.26,7.39,6.68,479011
2022-03-09,7.22,7.6,8.07,7.22,741945
2022-03-10,7.5,8.11,8.2332,7.41,704711
2022-03-11,8.5,8.44,8.59,8.15,667885
2022-03-14,8.43,8.09,8.43,7.76,371058
2022-03-15,8.17,8.05,8.17,7.79,259893
2022-03-16,7.94,8.44,8.46,7.94,265016
2022-03-17,8.38,8.65,8.79,8.228,274741
2022-03-18,8.51,8.97,9.17,8.51,482975
2022-03-21,8.88,8.59,8.9073,8.49,327990
2022-03-22,8.5,8.97,9.04,8.5,396204
2022-03-23,8.99,9.1,9.22,8.7,553326
2022-03-24,9.0,9.37,9.55,9.0,397994
2022-03-25,9.55,9.62,9.75,9.235,356167
2022-03-28,9.43,10.06,10.1691,9.4,682087
2022-03-29,10.02,9.9,10.2,9.56,522395
2022-03-30,9.9,9.9,10.11,9.76,333566
2022-03-31,9.77,10.14,10.28,9.685,404660
2022-04-01,10.14,10.35,10.45,9.8,561535
2022-04-04,10.18,10.48,10.76,10.18,622225
2022-04-05,10.5,10.51,10.8,10.33,357228
2022-04-06,10.47,10.72,10.79,10.12,363111
2022-04-07,11.0,11.12,11.36,10.6605,2587470
2022-04-08,11.14,11.9,12.09,10.8229,1814074
2022-04-11,11.8,11.68,11.8999,11.3,767504
2022-04-12,11.55,9.91,11.8,8.9,4349697
2022-04-13,11.0,9.03,11.25,8.48,17446204
2022-04-14,8.41,8.61,8.88,8.06,1570786
2022-04-18,8.71,7.65,8.77,7.39,1584410
2022-04-19,7.85,7.86,8.34,7.7172,449890
2022-04-20,7.82,7.91,8.01,7.5886,239280
2022-04-21,7.85,7.28,8.01,7.275,705269
2022-04-22,7.2,7.45,7.5,7.18,389747
2022-04-25,7.28,7.09,7.75,6.97,578577
2022-04-26,7.04,6.56,7.2,6.56,570125
2022-04-27,6.7,6.42,6.84,6.35,477354
2022-04-28,6.43,6.69,6.75,6.28,361972
2022-04-29,6.72,6.96,7.33,6.69,360486
2022-05-02,6.89,6.96,7.0727,6.68,282850
2022-05-03,6.96,6.63,7.04,6.5387,206216
2022-05-04,6.58,6.75,6.815,6.37,220151
2022-05-05,6.65,6.32,6.66,6.21,319822
2022-05-06,6.24,5.94,6.32,5.91,413844
2022-05-09,5.69,5.16,5.88,5.12,547111
2022-05-10,5.25,5.16,5.5699,4.93,443436
2022-05-11,4.96,4.51,5.31,4.35,891146
2022-05-12,4.37,4.28,4.9,4.06,524134
2022-05-13,4.34,4.94,5.17,4.34,531394
2022-05-16,4.95,4.47,5.21,4.445,284043
2022-05-17,4.61,5.07,5.3095,4.61,446964
2022-05-18,4.91,4.71,5.09,4.55,233326
2022-05-19,4.7,4.87,5.0396,4.5097,382775
2022-05-20,5.01,5.0,5.09,4.735,418438
2022-05-23,5.0,4.78,5.06,4.72,218938
2022-05-24,4.73,4.56,4.9,4.5,591365
2022-05-25,4.55,4.84,5.0,4.53,229579
2022-05-26,4.87,5.01,5.18,4.78,231813
2022-05-27,5.1,4.88,5.12,4.8,256991
2022-05-31,4.88,5.01,5.13,4.8,114905
2022-06-01,5.09,5.01,5.16,4.7541,219195
2022-06-02,5.0,5.1,5.39,4.86,338685
2022-06-03,5.05,5.44,5.45,5.05,161782
2022-06-06,5.45,5.84,5.87,5.17,290518
2022-06-07,5.79,6.11,6.21,5.65,243673
2022-06-08,6.15,5.99,6.22,5.69,249835
2022-06-09,5.94,5.73,6.11,5.635,239572
2022-06-10,5.81,6.18,6.29,5.61,379283
2022-06-13,5.89,5.93,6.139,5.7,376471
2022-06-14,5.91,5.86,6.13,5.73,387353
2022-06-15,5.94,6.47,6.8,5.94,2092917
2022-06-16,6.21,5.63,6.31,5.45,718302
2022-06-17,5.72,5.59,5.93,5.4653,694313
2022-06-21,5.68,5.52,5.88,5.5,170243
2022-06-22,5.43,5.58,5.78,5.38,155196
2022-06-23,5.58,5.61,5.92,5.46,511049
2022-06-24,5.67,6.23,6.38,5.67,1158650
2022-06-27,6.26,6.48,6.54,5.97,338274
2022-06-28,6.45,6.25,6.45,6.17,165511
2022-06-29,6.29,6.08,6.49,6.01,660509
2022-06-30,5.91,5.77,6.17,5.6,447116
2022-07-01,5.75,6.08,6.14,5.7329,208755
2022-07-05,6.07,6.21,6.48,6.01,426029
2022-07-06,6.19,5.95,6.2305,5.8,350258
2022-07-07,5.94,6.01,6.13,5.92,142561
2022-07-08,6.04,6.03,6.2283,6.0,118351
2022-07-11,5.9,5.94,6.12,5.9,207964
2022-07-12,6.0,5.81,6.05,5.78,189211
2022-07-13,5.75,5.97,6.11,5.75,198966
2022-07-14,5.9,5.95,6.1796,5.78,379944
2022-07-15,6.04,6.08,6.1,5.86,84226
2022-07-18,6.05,6.01,6.27,5.98,242805
2022-07-19,6.15,6.22,6.54,5.98,376503
2022-07-20,6.26,6.4,6.67,6.26,390802
2022-07-21,6.45,6.49,6.54,6.33,132241
2022-07-22,6.49,6.45,6.5,6.28,128230
2022-07-25,6.5,6.43,6.5,6.34,97106
2022-07-26,6.4,6.3,6.4,6.3,59770
2022-07-27,6.35,6.48,6.6,6.3023,237583
2022-07-28,6.56,6.45,6.57,6.2001,262877
2022-07-29,6.45,6.5,6.63,6.37,194988
2022-08-01,6.5,6.41,6.72,6.32,347111
2022-08-02,6.38,6.56,6.57,6.31,224107
2022-08-03,6.56,6.58,6.7873,6.3794,742626
2022-08-04,6.82,6.7,7.0,6.56,957357
2022-08-05,6.72,6.62,6.8,6.44,361349
2022-08-08,6.63,6.61,6.69,6.4203,390884
2022-08-09,6.54,6.46,6.55,6.27,270630
2022-08-10,6.5,6.53,6.6,6.3659,288209
2022-08-11,6.55,6.4,6.6,6.28,212010
2022-08-12,6.4,6.53,6.7,6.24,243899
2022-08-15,6.46,6.89,6.915,6.42,246762
2022-08-16,6.98,6.8,6.99,6.62,216758
2022-08-17,6.67,6.79,6.939,6.58,179849
2022-08-18,6.74,7.04,7.16,6.74,590049
2022-08-19,6.88,7.07,7.115,6.8201,311177
2022-08-22,7.05,6.86,7.09,6.82,212189
2022-08-23,6.79,7.02,7.15,6.71,573604
2022-08-24,7.0,6.99,7.14,6.91,375297
2022-08-25,7.01,7.09,7.22,6.89,352292
2022-08-26,7.13,7.02,7.22,6.93,367220
2022-08-29,6.9881,6.96,7.03,6.85,195726
2022-08-30,7.0,7.06,7.13,6.83,413285
2022-08-31,7.08,7.77,7.85,7.06,601137
2022-09-01,7.72,8.09,8.2658,7.56,565171
2022-09-02,8.18,8.1,8.22,7.78,298990
2022-09-06,8.06,8.05,8.2,7.8496,372788
2022-09-07,8.05,8.1,8.33,8.0,476522
2022-09-08,8.12,8.31,8.35,8.01,429109
2022-09-09,8.35,8.07,8.37,8.05,374983
2022-09-12,8.09,8.05,8.23,7.9372,450545
2022-09-13,8.13,8.06,8.29,7.97,416652
2022-09-14,8.04,8.1,8.27,7.95,258316
2022-09-15,8.06,8.07,8.19,8.01,174498
2022-09-16,8.0,8.01,8.1367,7.87,794736
2022-09-19,7.98,6.17,8.09,5.8,3538092
2022-09-20,6.26,6.2,6.57,6.0501,618500
2022-09-21,6.13,6.01,6.28,5.93,594152
2022-09-22,6.1,6.05,6.15,5.9,591880
2022-09-23,6.03,5.86,6.05,5.83,454734
2022-09-26,5.82,5.62,5.91,5.62,347695
2022-09-27,5.67,5.71,5.975,5.64,250891
2022-09-28,5.85,5.94,6.0,5.741,288987
2022-09-29,5.95,5.37,5.95,5.3601,270128
2022-09-30,5.31,5.62,5.84,5.31,372996
2022-10-03,5.66,5.8,5.9,5.55,151860
2022-10-04,5.8,5.92,6.01,5.75,264044
2022-10-05,6.04,6.12,6.23,5.83,381409
2022-10-06,6.07,5.96,6.1999,5.9401,232406
2022-10-07,5.92,5.95,6.09,5.91,150992
2022-10-10,5.98,5.83,5.99,5.63,171333
2022-10-11,5.88,5.96,6.0571,5.72,167910
2022-10-12,5.95,6.3,6.37,5.9113,215828
2022-10-13,6.07,6.61,6.65,5.92,387682
2022-10-14,6.59,6.61,6.76,6.5201,137096
2022-10-17,6.72,6.73,6.79,6.56,185729
2022-10-18,6.7,6.2,6.78,6.1001,326479
2022-10-19,6.15,5.85,6.29,5.73,256391
2022-10-20,5.93,6.23,6.31,5.915,249624
2022-10-21,6.3,6.21,6.3696,6.01,421824
2022-10-24,6.18,5.84,6.21,5.42,773236
2022-10-25,5.88,5.35,6.09,5.1601,776698
2022-10-26,5.42,5.5,5.7,5.38,165925
2022-10-27,5.48,5.25,5.57,5.04,435631
2022-10-28,5.25,5.43,5.51,5.06,309577
2022-10-31,5.42,5.5,5.57,5.35,143947
2022-11-01,5.69,5.33,5.74,5.295,254510
2022-11-02,5.27,5.35,5.63,5.27,171135
2022-11-03,5.3,5.64,5.8,5.2901,131970
2022-11-04,5.73,5.74,5.7635,5.5666,115187
2022-11-07,5.73,6.15,6.28,5.6685,372243
2022-11-08,6.11,6.1,6.24,6.0,286728
2022-11-09,6.03,5.57,6.048,5.5101,279230
2022-11-10,5.9,5.87,6.06,5.4108,904498
2022-11-11,5.95,5.75,6.04,5.67,145977
2022-11-14,5.84,5.58,5.84,5.56,92630
2022-11-15,5.57,5.49,5.77,5.41,192938
2022-11-16,5.56,5.67,5.78,5.35,237090
2022-11-17,5.67,5.69,5.89,5.55,146314
2022-11-18,5.7,5.64,5.7845,5.5,120189
2022-11-21,5.56,5.67,5.7499,5.51,68294
2022-11-22,5.61,5.55,5.65,5.42,85120
2022-11-23,5.51,5.68,5.775,5.45,105256
2022-11-25,5.76,5.81,5.81,5.6001,33512
2022-11-28,5.66,5.66,5.8,5.4999,87977
2022-11-29,5.7,5.62,5.8499,5.47,179289
2022-11-30,5.56,5.37,5.65,5.18,442780
2022-12-01,5.38,5.59,5.66,5.25,354042
2022-12-02,5.53,5.53,5.7,5.31,92514
2022-12-05,5.43,5.81,5.88,5.43,133134
2022-12-06,5.7631,5.9,6.0,5.6461,169627
2022-12-07,5.79,5.64,5.8684,5.56,97026
2022-12-08,5.71,5.77,5.9442,5.4,422468
2022-12-09,5.75,5.7,5.7899,5.57,218157
2022-12-12,5.62,5.85,5.93,5.5117,166274
2022-12-13,5.79,5.89,5.93,5.685,163444
2022-12-14,5.9,5.81,5.9,5.6901,186198
2022-12-15,5.81,5.62,5.81,5.565,169360
2022-12-16,5.62,5.75,5.8,5.62,179831
2022-12-19,5.69,5.44,5.7,5.204,232872
2022-12-20,5.32,5.27,5.6,5.2,112184
2022-12-21,5.4,5.1,5.43,5.1,152526
2022-12-22,5.1,4.75,5.15,4.27,520550
2022-12-23,4.61,4.6,4.97,4.52,125861
2022-12-27,4.53,4.28,4.62,4.27,148119
2022-12-28,4.23,4.545,4.68,4.23,149120
2022-12-29,4.64,4.5,4.78,4.41,140374
2022-12-30,4.57,4.37,4.57,4.25,171903
2023-01-03,4.47,4.59,4.62,4.35,143840
2023-01-04,4.65,5.23,5.27,4.6267,280948
2023-01-05,5.28,5.32,5.66,5.17,524444
2023-01-06,5.43,5.37,5.5,5.3,159744
2023-01-09,5.5,5.51,5.62,5.35,87616
2023-01-10,5.53,6.04,6.19,5.51,357485
2023-01-11,5.92,6.5,6.76,5.76,456102
2023-01-12,6.57,6.57,6.93,6.42,289719
2023-01-13,6.43,6.65,6.7,6.43,169023
2023-01-17,6.96,6.94,7.1149,6.75,287110
2023-01-18,6.91,6.45,7.14,6.31,376446
2023-01-19,6.28,7.05,7.19,6.1815,541975
2023-01-20,7.05,7.04,7.22,6.87,231372
2023-01-23,7.0,7.44,7.49,7.0,660633
2023-01-24,7.5,7.415,7.65,7.26,305118
2023-01-25,7.45,7.18,7.5,7.165,147643
2023-01-26,7.35,7.53,7.73,7.2205,187065
2023-01-27,7.53,7.55,7.82,7.51,191380
2023-01-30,7.58,7.37,7.67,7.27,128875
2023-01-31,7.45,7.48,7.8,7.26,169394
2023-02-01,7.37,7.47,7.54,7.33,98279
2023-02-02,7.52,6.83,7.5818,6.745,310813
2023-02-03,6.83,7.07,7.3,6.83,135582
2023-02-06,7.07,7.23,7.26,6.88,124441
2023-02-07,7.3,6.96,7.35,6.92,82883
2023-02-08,7.14,7.0,7.2699,6.85,131637
2023-02-09,7.11,7.18,7.2,7.0,153857
2023-02-10,7.23,6.83,7.28,6.81,133273
2023-02-13,6.83,6.8,6.91,6.62,147504
2023-02-14,6.67,7.63,7.69,6.67,457432
2023-02-15,7.75,7.99,8.08,7.52,479539
2023-02-16,8.0,7.57,8.1,7.48,493974
2023-02-17,7.52,7.37,7.685,7.27,347162
2023-02-21,7.26,6.86,7.7399,6.81,237232
2023-02-22,6.8,7.36,7.4,6.75,209720
2023-02-23,7.32,7.21,7.38,6.95,215504
2023-02-24,7.07,7.16,7.33,6.9,222322
2023-02-27,7.14,6.95,7.26,6.81,110939
2023-02-28,6.83,7.08,7.12,6.75,118483
2023-03-01,7.17,7.17,7.49,7.0,189401
2023-03-02,7.04,7.15,7.3,6.94,80227
2023-03-03,7.18,7.44,7.5,7.14,219809
2023-03-06,7.5,7.33,7.6,7.25,69476
2023-03-07,7.36,7.19,7.45,7.15,93527
2023-03-08,7.19,6.9773,7.3382,6.94,82049
2023-03-09,6.95,6.27,6.98,6.17,444059
2023-03-10,6.63,6.12,6.7399,6.11,152096
2023-03-13,6.07,6.78,6.97,6.06,374020
2023-03-14,6.79,7.0,7.11,6.76,111800
2023-03-15,6.92,7.0,7.045,6.69,84133
2023-03-16,7.23,7.17,7.23,6.9262,93532
2023-03-17,7.17,7.02,7.17,6.85,51251
2023-03-20,7.0,6.99,7.09,6.81,25519
2023-03-21,7.07,6.78,7.13,6.78,32786
2023-03-22,6.76,6.75,6.97,6.63,68275
2023-03-23,6.82,6.84,7.01,6.6,63252
2023-03-24,6.8,6.94,6.98,6.7001,85956
2023-03-27,6.91,7.17,7.24,6.8003,151782
2023-03-28,7.06,6.92,7.18,6.85,39514
2023-03-29,6.92,7.12,7.3,6.86,79514
2023-03-30,7.35,7.17,7.44,6.8,117872
2023-03-31,7.3,7.45,7.49,7.1468,158999
2023-04-03,7.42,7.21,7.75,7.2,92811
2023-04-04,7.31,7.06,7.31,6.92,44399
2023-04-05,7.02,7.17,7.21,6.9,47356
2023-04-06,7.03,7.05,7.2,6.99,46034
2023-04-10,7.31,7.3,7.35,6.9,93623
2023-04-11,7.4,7.05,7.4,6.97,133952
2023-04-12,7.13,7.14,7.39,6.96,58737
2023-04-13,7.33,7.09,7.38,7.05,128719
2023-04-14,7.2,7.2,7.33,7.1,349729
2023-04-17,7.4,7.58,7.66,7.15,381492
2023-04-18,7.65,7.24,7.67,7.07,167613
2023-04-19,7.33,7.2,7.33,6.97,112951
2023-04-20,7.2,7.25,7.33,7.12,56709
2023-04-21,7.2,7.35,7.4,7.1271,109234
2023-04-24,7.31,7.14,7.33,7.1,92714
2023-04-25,7.12,6.91,7.25,6.88,206732
2023-04-26,6.89,6.99,7.32,6.89,137553
2023-04-27,6.98,7.11,7.17,6.8,100123
2023-04-28,7.02,7.44,7.5,7.01,110736
2023-05-01,7.44,7.1,7.58,7.08,129348
2023-05-02,7.1232,6.94,7.17,6.9,78778
2023-05-03,6.95,7.06,7.1362,6.9,40264
2023-05-04,6.96,7.0,7.11,6.9355,48762
