2021-06-08,25.05,25.45,25.55,24.95,1197100
2021-06-09,25.49,25.55,25.75,25.35,1209659
2021-06-10,25.52,25.79,25.79,25.47,271142
2021-06-11,25.65,25.73,25.99,25.45,144937
2021-06-14,25.84,25.4,25.84,25.35,93918
2021-06-15,25.42,25.4,25.54,25.2,297954
2021-06-16,25.72,25.4,25.72,25.22,111789
2021-06-17,25.32,25.4,25.65,25.32,143403
2021-06-18,25.4,25.42,25.57,25.393,222546
2021-06-21,25.46,25.4,25.5,25.36,117943
2021-06-22,25.41,25.52,25.6,25.4,401459
2021-06-23,25.58,25.61,25.7,25.57,232254
2021-06-24,25.7,25.67,25.75,25.65,343578
2021-06-25,25.7,25.68,25.73,25.54,131403
2021-06-28,25.68,25.59,25.68,25.55,152829
2021-06-29,25.43,25.59,25.63,25.43,174743
2021-06-30,25.6,25.48,25.65,25.48,1045741
2021-07-01,25.48,25.45,25.55,25.45,168374
2021-07-02,25.48,25.5,25.55,25.45,155868
2021-07-06,25.53,25.52,25.53,25.45,136077
2021-07-07,25.45,25.59,25.59,25.45,101210
2021-07-08,25.5,25.55,25.59,25.5,126825
2021-07-09,25.62,25.6,25.62,25.535,117052
2021-07-12,25.68,25.64,25.68,25.6,97340
2021-07-13,25.65,25.6624,25.67,25.62,193505
2021-07-14,25.7,25.55025,25.74,25.62,41632
2021-07-15,25.58,25.65,25.69,25.58,49221
2021-07-16,25.65,25.89,25.99,25.65,607964
2021-07-19,25.71,25.76,25.89,25.7,58597
2021-07-20,25.76,25.85,25.86,25.76,62073
2021-07-21,25.85,25.89,25.908,25.82,22214
2021-07-22,25.91,25.75,25.91,25.71,55376
2021-07-23,25.78,25.82,25.86,25.77,20826
2021-07-26,25.84,25.86,25.9,25.82,20570
2021-07-27,25.86,25.76,25.86,25.69,24306
2021-07-28,25.8,25.93,25.93,25.76,99028
2021-07-29,25.93,25.86,26.28,25.85,74666
2021-07-30,25.94,25.93,25.95,25.88,32035
2021-08-02,25.95,25.97,26.05,25.91,16021
2021-08-03,26.03,26.02,26.11,25.96,19322
2021-08-04,26.06,26.01,26.1,26.01,15653
2021-08-05,26.1,25.98,26.1,25.8819,41563
2021-08-06,25.98,26.06,26.06,25.918,96333
2021-08-09,26.06,26.01,26.06,25.95,27489
2021-08-10,26.0,25.93,26.0,25.675,37653
2021-08-11,25.95,25.89,26.04,25.89,15807
2021-08-12,25.89,25.89,25.96,25.8825,15248
2021-08-13,25.94,25.91,25.95,25.88,26892
2021-08-16,25.93,25.87,25.93,25.87,6322
2021-08-17,25.85,25.81,25.85,25.785,9961
2021-08-18,25.82,25.81,25.82,25.7,11151
2021-08-19,25.81,25.71,25.81,25.7,19452
2021-08-20,25.66,25.8,25.88,25.66,18984
2021-08-23,25.88,25.95,25.9891,25.8011,11418
2021-08-24,25.99,26.0,26.0,25.96,13376
2021-08-25,26.0,26.02,26.08,25.98,14380
2021-08-26,26.09,25.98,26.09,25.87,10807
2021-08-27,25.98,25.95,26.09,25.91,61645
2021-08-30,26.01,25.95,26.07,25.9,27191
2021-08-31,25.95,25.92,25.95,25.86,29167
2021-09-01,26.06,26.17,26.17,25.98,20647
2021-09-02,26.21,26.3,26.34,26.175,59069
2021-09-03,26.33,26.2,26.33,26.13,16832
2021-09-07,26.2,25.9,26.2,25.86,25339
2021-09-08,25.99,25.94,26.0,25.865,9771
2021-09-09,25.98,25.95,26.025,25.9,15996
2021-09-10,26.0,25.94,26.0,25.88,12760
2021-09-13,25.85,26.0,26.0,25.85,53207
2021-09-14,25.995,26.05,26.05,25.9,51500
2021-09-15,26.05,26.2,26.27,26.0,22303
2021-09-16,26.26,26.17,26.3,26.13,89107
2021-09-17,26.18,26.14,26.274,26.14,28718
2021-09-20,26.06,26.01,26.07,25.97,21304
2021-09-21,26.09,26.04,26.15,26.02,32238
2021-09-22,26.06,26.1,26.16,26.015,44266
2021-09-23,26.15,26.0,26.15,25.89,17766
2021-09-24,25.85,25.85,25.9,25.77,21182
2021-09-27,25.78,25.71,25.88,25.65,30329
2021-09-28,25.63,25.43,25.65,25.32,54738
2021-09-29,25.43,25.66,25.775,25.43,97976
2021-09-30,25.72,25.53,25.77,25.51,92373
2021-10-01,25.66,25.63,25.71,25.56,16707
2021-10-04,25.68,25.59,25.705,25.43,98505
2021-10-05,25.6,25.56,25.7,25.51,72040
2021-10-06,25.52,25.59,25.62,25.48,200985
2021-10-07,25.53,25.55,25.59,25.49,69737
2021-10-08,25.68,25.63,25.68,25.52,25536
2021-10-11,25.63,25.64,25.6836,25.5,72969
2021-10-12,25.59,25.755,25.755,25.59,8260
2021-10-13,25.79,25.91,25.98,25.79,17316
2021-10-14,26.05,25.8065,26.17,26.03,12504
2021-10-15,25.91,25.96,25.96,25.8,37453
2021-10-18,25.91,25.83,25.91,25.71,23402
2021-10-19,25.83,25.81,25.89,25.73,19330
2021-10-20,25.84,25.91,25.97,25.8001,27678
2021-10-21,25.91,25.98,26.06,25.8101,16571
2021-10-22,26.07,26.0,26.09,25.95,20950
2021-10-25,26.04,26.02,26.04,25.9,12530
2021-10-26,26.08,25.9896,26.08,25.9743,12103
2021-10-27,26.05,25.99,26.05,25.99,10177
2021-10-28,25.98,26.05,26.07,25.98,18427
2021-10-29,26.01,26.0,26.08,26.0,13911
2021-11-01,26.0,26.06,26.075,26.0,16878
2021-11-02,26.1,26.06,26.1,26.05,19426
2021-11-03,26.1,26.104,26.1647,26.05,35796
2021-11-04,26.17,26.08,26.26,26.05,16716
2021-11-05,26.24,26.27,26.2799,26.1544,7093
2021-11-08,26.27,26.05,26.27,26.05,16002
2021-11-09,26.21,26.03,26.21,26.0,9486
2021-11-10,26.03,25.94,26.03,25.84,6292
2021-11-11,26.0,25.9,26.0,25.895,8571
2021-11-12,25.94,25.85,25.94,25.82,5285
2021-11-15,25.85,25.73,25.85,25.68,12705
2021-11-16,25.73,25.65,25.8,25.65,6950
2021-11-17,25.6,25.78,25.8167,25.4696,15688
2021-11-18,25.89,25.2,25.89,25.17,74611
2021-11-19,25.25,25.235,25.3,25.1,132976
2021-11-22,25.28,25.15,25.35,25.14,17451
2021-11-23,25.14,25.01,25.16,24.96,18441
2021-11-24,25.06,25.11,25.18,25.0028,18274
2021-11-26,25.03,25.03,25.04,24.9406,3756
2021-11-29,25.12,25.09,25.12,25.05,17299
2021-11-30,25.14,25.01,25.14,24.81,15495
2021-12-01,25.16,25.1,25.24,24.97,100040
2021-12-02,25.18,24.95,25.18,24.95,40713
2021-12-03,25.0,25.1,25.1,25.0,14035
2021-12-06,25.12,25.2111,25.24,25.05,15583
2021-12-07,25.29,25.23,25.31,25.12,63616
2021-12-08,25.24,25.22,25.24,25.1,18374
2021-12-09,25.22,25.2762,25.32,25.1715,39238
2021-12-10,25.4,25.24,25.58,25.22,9894
2021-12-13,25.28,25.22,25.28,25.182,12745
2021-12-14,25.13,25.27,25.29,25.11,11298
2021-12-15,25.15,25.23,25.27,25.1,23120
2021-12-16,25.33,25.49,25.5,25.2669,8359
2021-12-17,25.48,25.365,25.5,25.24,7630
2021-12-20,25.3,25.41,25.45,25.3,27502
2021-12-21,25.45,25.47,25.53,25.44,4733
2021-12-22,25.5,25.72,25.92,25.5,45119
2021-12-23,25.75,25.88,25.9099,25.6972,5526
2021-12-27,25.88,25.95,25.95,25.68,8868
2021-12-28,25.95,25.99,25.99,25.85,4037
2021-12-29,25.99,26.05,26.11,25.895,15188
2021-12-30,26.05,26.09,26.11,25.85,21322
2021-12-31,26.12,26.11,26.14,26.105,6956
2022-01-03,26.04,25.98,26.04,25.92,7197
2022-01-04,25.97,25.8986,25.97,25.7454,8204
2022-01-05,25.93,25.62,25.97,25.59,17754
2022-01-06,25.5,25.7,25.75,25.4,20945
2022-01-07,25.84,25.58,25.84,25.58,7844
2022-01-10,25.76,25.46,25.76,25.45,29119
2022-01-11,25.54,25.54,25.6363,25.54,14607
2022-01-12,25.66,25.59,25.68,25.53,7721
2022-01-13,25.67,25.4265,25.85,25.61,9186
2022-01-14,25.63,25.51,25.63,25.4138,7270
2022-01-18,25.51,25.23,25.51,25.1858,13510
2022-01-19,25.4,25.25,25.41,25.21,4942
2022-01-20,25.43,25.22,25.43,25.22,9081
2022-01-21,25.28,25.14,25.28,25.0701,34569
2022-01-24,25.26,25.16,25.26,24.89,13109
2022-01-25,25.29,25.1,25.29,25.0616,3212
2022-01-26,25.28,24.57,25.28,24.4,58818
2022-01-27,24.59,23.1,24.68,22.9,257531
2022-01-28,23.25,23.02,23.5688,22.92,61718
2022-01-31,23.08,23.62,23.62,23.05,51929
2022-02-01,23.68,23.6,23.73,23.51,53412
2022-02-02,23.69,23.41,23.69,23.41,42171
2022-02-03,23.37,23.49,23.53,23.15,47278
2022-02-04,23.34,23.38,23.4593,23.0925,84581
2022-02-07,23.41,23.46,23.58,23.33,26949
2022-02-08,23.57,23.218,23.57,22.97,32484
2022-02-09,23.3,23.32,23.43,23.25,38960
2022-02-10,23.29,22.84,23.29,22.58,50312
2022-02-11,22.98,22.7,22.98,22.65,39905
2022-02-14,22.81,22.3,22.81,22.11,32463
2022-02-15,22.44,22.35,22.6676,22.21,32303
2022-02-16,22.44,22.61,22.61,22.397,9949
2022-02-17,22.78,22.7495,22.92,22.68,14750
2022-02-18,22.85,22.7156,22.98,22.65,16985
2022-02-22,22.81,22.69,22.8319,22.6,19286
2022-02-23,22.79,22.59,22.79,22.59,20326
2022-02-24,22.5,22.77,22.77,22.16,17744
2022-02-25,22.85,23.15,23.15,22.85,10110
2022-02-28,23.13,23.34,23.5307,23.09,37960
2022-03-01,23.36,23.34,23.5,23.155,10661
2022-03-02,23.19,23.31,23.61,23.15,27087
2022-03-03,23.38,23.5,23.57,23.37,8999
2022-03-04,23.66,23.4049,23.66,23.2454,7566
2022-03-07,23.46,22.97,23.46,22.875,59297
2022-03-08,23.08,23.15,23.155,22.98,17511
2022-03-09,23.26,23.42,23.62,23.14,29700
2022-03-10,23.49,22.85,23.49,22.66,35885
2022-03-11,22.95,22.65,22.9733,22.65,14328
2022-03-14,22.69,22.19,22.69,21.9,23606
2022-03-15,22.29,22.3,22.37,22.2,16337
2022-03-16,22.51,22.58,22.65,22.27,10333
2022-03-17,22.65,22.77,22.9965,22.65,14486
2022-03-18,22.88,22.9,22.9828,22.8702,1426
2022-03-21,22.9,22.61,22.99,22.61,3694
2022-03-22,22.7,22.56,22.7,22.47,9207
2022-03-23,22.65,22.5235,22.65,22.44,13022
2022-03-24,22.67,22.52,22.67,22.49,53983
2022-03-25,22.57,22.22,22.57,22.115,7381
2022-03-28,22.37,22.38,22.39,22.22,5471
2022-03-29,22.62,22.72,22.72,22.475,5768
2022-03-30,22.76,22.8994,23.005,22.76,18291
2022-03-31,23.02,22.88,23.25,22.88,4628
2022-04-01,23.06,22.8137,23.06,22.55,9752
2022-04-04,22.96,22.74,22.96,22.66,8708
2022-04-05,22.83,22.4,22.83,22.39,14117
2022-04-06,22.42,22.32,22.42,22.1,10881
2022-04-07,22.29,22.365,22.48,22.29,4572
2022-04-08,22.43,22.24,22.43,22.15,10148
2022-04-11,22.24,21.78,22.24,21.78,13212
2022-04-12,21.84,21.66,21.84,21.44,22368
2022-04-13,21.81,21.4965,21.81,21.65,7595
2022-04-14,21.31,21.6,21.71,21.27,46438
2022-04-18,21.68,21.88,21.88,21.68,14686
2022-04-19,21.88,21.72,21.88,21.63,7038
2022-04-20,21.93,21.66,21.93,21.61,109880
2022-04-21,21.77,21.1758,21.77,21.17,10551
2022-04-22,21.23,20.55,21.23,20.47,34824
2022-04-25,20.55,20.39,20.59,20.3151,21440
2022-04-26,20.5,20.4,20.56,20.32,7229
2022-04-27,20.51,19.94,20.52,19.8685,19192
2022-04-28,19.98,19.95,20.0,19.64,21633
2022-04-29,19.89,19.88,20.1145,19.61,29925
2022-05-02,20.06,19.5,20.14,19.29,17905
2022-05-03,19.66,19.46,19.66,19.31,5943
2022-05-04,19.33,19.87,19.95,19.11,27490
2022-05-05,19.73,19.44,19.73,19.07,14961
2022-05-06,19.39,19.17,19.43,19.09,25842
2022-05-09,19.04,18.94,19.05,18.75,19937
2022-05-10,19.39,19.21,19.47,19.0674,15380
2022-05-11,19.27,19.195,19.345,19.1,11643
2022-05-12,19.32,19.15,19.3599,19.09,112250
2022-05-13,19.16,19.2918,19.37,19.15,25094
2022-05-16,19.43,19.43,19.43,19.1,44761
2022-05-17,19.53,19.25,19.5637,19.25,34982
2022-05-18,19.29,19.05,19.29,19.0,52650
2022-05-19,19.22,19.19,19.22,18.97,8952
2022-05-20,19.32,19.14,19.33,18.96,17827
2022-05-23,19.23,19.1,19.24,19.05,10317
2022-05-24,19.14,19.1,19.22,19.09,31244
2022-05-25,19.22,19.37,19.4,19.11,107730
2022-05-26,19.46,19.55,19.73,19.46,77530
2022-05-27,19.67,19.95,20.06,19.67,49552
2022-05-31,19.88,19.73,19.88,19.56,34005
2022-06-01,19.87,19.67,19.87,19.48,12031
2022-06-02,19.72,19.68,19.8,19.51,23704
2022-06-03,19.64,19.64,19.64,19.4196,4969
2022-06-06,19.7,19.59,19.7,19.55,6590
2022-06-07,19.6,19.77,19.77,19.475,3713
2022-06-08,19.83,19.84,20.02,19.72,8198
2022-06-09,19.93,19.55,19.93,19.53,11086
2022-06-10,19.47,19.15,19.47,18.8802,15193
2022-06-13,19.14,18.52,19.14,18.25,10045
2022-06-14,18.69,18.4,18.69,18.37,9908
2022-06-15,18.5,18.8804,18.9,18.28,25438
2022-06-16,18.5,18.53,18.68,18.32,14811
2022-06-17,18.64,18.6,18.6597,18.3953,5678
2022-06-21,18.74,18.7901,18.8315,18.74,3291
2022-06-22,18.84,18.65,18.84,18.65,6710
2022-06-23,18.85,18.8185,18.85,18.62,2633
2022-06-24,18.92,18.93,18.95,18.79,2698
2022-06-27,18.82,18.82,19.08,18.82,9180
2022-06-28,19.21,18.8497,19.21,18.8301,3898
2022-06-29,19.22,18.77,19.22,18.7,12041
2022-06-30,18.84,18.76,18.94,18.67,8075
2022-07-01,18.99,19.118,19.13,18.95,5254
2022-07-05,19.01,19.0798,19.12,18.93,6816
2022-07-06,19.29,19.15,19.29,19.02,8687
2022-07-07,19.25,19.24,19.32,19.21,15079
2022-07-08,19.3,19.59,19.59,19.2,9620
2022-07-11,19.59,19.83,19.83,19.57,9901
2022-07-12,19.85,19.73,19.89,19.71,13661
2022-07-13,19.78,19.5676,19.78,19.3889,4311
2022-07-14,19.73,19.3065,19.74,19.55,8668
2022-07-15,19.45,19.35,19.56,19.3,7824
2022-07-18,19.31,19.36,19.5,19.31,3516
2022-07-19,19.52,19.515,19.63,19.48,10784
2022-07-20,19.63,19.6,19.7,19.6,11985
2022-07-21,19.64,19.8,19.8,19.64,841
2022-07-22,19.92,19.8601,19.92,19.8,12074
2022-07-25,19.97,19.8,19.97,19.714,25583
2022-07-26,19.8,19.7856,19.8,19.7574,1583
2022-07-27,19.88,19.75,19.88,19.75,16907
2022-07-28,19.92,19.8,19.92,19.8,29032
2022-07-29,19.9,19.8,20.08,19.6,73314
2022-08-01,19.9,19.95,20.49,19.9,49166
2022-08-02,19.95,20.15,20.5,19.9336,90130
2022-08-03,20.34,20.5,20.61,20.2692,29096
2022-08-04,20.54,20.44,20.55,20.38,25933
2022-08-05,20.38,20.27,20.38,20.15,3651
2022-08-08,20.33,20.25,20.41,20.15,13149
2022-08-09,20.25,19.98,20.25,19.8,8388
2022-08-10,20.1,20.05,20.37,20.05,27252
2022-08-11,20.21,20.03,20.2262,19.98,8218
2022-08-12,20.09,20.02,20.09,19.97,28401
2022-08-15,20.09,20.05,20.092,19.88,13516
2022-08-16,20.09,19.98,20.09,19.89,10683
2022-08-17,19.94,19.6,19.94,19.5401,12657
2022-08-18,19.73,19.72,19.76,19.58,15343
2022-08-19,19.62,19.5697,19.62,19.33,5512
2022-08-22,19.52,19.25,19.52,19.17,13564
2022-08-23,19.35,18.79,19.43,18.3,20856
2022-08-24,18.85,18.9,19.0828,18.68,45050
2022-08-25,19.05,19.21,19.22,18.8926,13239
2022-08-26,19.28,19.24,19.3314,18.93,52015
2022-08-29,19.32,19.263,19.47,19.05,46019
2022-08-30,19.45,19.02,19.45,19.0,8341
2022-08-31,19.16,18.73,19.34,18.73,10822
2022-09-01,18.67,18.75,18.9291,18.5,11556
2022-09-02,18.96,19.018,19.02,18.6064,20364
2022-09-06,19.06,18.84,19.1882,18.72,4052
2022-09-07,19.05,18.9,19.05,18.8,5645
2022-09-08,19.0,18.67,19.0117,18.67,7488
2022-09-09,18.73,19.1,19.23,18.73,17443
2022-09-12,19.1,19.1,19.25,19.0,14764
2022-09-13,18.92,19.03,19.12,18.835,13420
2022-09-14,18.86,19.12,19.14,18.86,5291
2022-09-15,19.12,18.9,19.12,18.86,5856
2022-09-16,18.77,18.88,18.9999,18.77,5616
2022-09-19,19.04,18.781,19.04,18.61,5952
2022-09-20,18.87,18.75,18.8791,18.6422,6666
2022-09-21,18.87,18.9,19.14,18.85,12276
2022-09-22,19.0,18.67,19.0593,18.53,12007
2022-09-23,18.71,18.13,18.71,17.85,35657
2022-09-26,18.22,17.87,18.22,17.85,9980
2022-09-27,18.02,17.89,18.0648,17.85,7318
2022-09-28,18.1,17.96,18.261,17.8654,25998
2022-09-29,17.93,17.59,18.0,17.27,65524
2022-09-30,17.73,17.74,17.8,17.42,150602
2022-10-03,17.82,18.03,18.05,17.82,92834
2022-10-04,18.2,18.04,18.2,17.915,48915
2022-10-05,17.99,18.19,18.19,17.81,14035
2022-10-06,18.19,17.9905,18.19,17.98,13426
2022-10-07,17.98,17.71,17.98,17.7,8821
2022-10-10,17.88,17.64,17.93,17.64,9879
2022-10-11,17.73,17.57,17.75,17.35,15332
2022-10-12,17.69,17.5,17.69,17.44,42266
2022-10-13,17.33,17.0765,17.5916,17.32,39546
2022-10-14,17.02,17.09,17.2499,17.0,21075
2022-10-17,17.28,17.17,17.34,17.09,5585
2022-10-18,17.38,17.2,17.4,17.1,12117
2022-10-19,17.23,17.08,17.23,16.72,16799
2022-10-20,17.15,16.85,17.15,16.77,10885
2022-10-21,16.86,16.62,16.86,16.61,44246
2022-10-24,16.56,16.75,16.755,16.56,8869
2022-10-25,16.91,16.98,17.045,16.73,11182
2022-10-26,17.03,16.975,17.0957,16.9101,13729
2022-10-27,17.1,17.0,17.155,17.0,6916
2022-10-28,17.12,17.13,17.17,17.0,3475
2022-10-31,17.14,17.0,17.16,16.91,4129
2022-11-01,17.28,16.76,17.33,16.76,10048
2022-11-02,17.03,16.89,17.05,16.775,13658
2022-11-03,16.76,16.77,16.82,16.67,7844
2022-11-04,16.86,16.7135,16.87,16.63,6906
2022-11-07,16.76,16.73,16.7977,16.56,11547
2022-11-08,16.73,17.065,17.065,16.6067,17026
2022-11-09,17.22,16.8607,17.22,16.65,14675
2022-11-10,17.14,17.95,18.0099,17.14,22351
2022-11-11,18.01,17.79,18.22,17.77,18927
2022-11-14,18.06,17.57,18.06,17.5568,6890
2022-11-15,17.55,17.99,18.28,17.55,22173
2022-11-16,17.95,18.2,18.45,17.95,15500
2022-11-17,18.23,17.94,18.2745,17.88,4969
2022-11-18,18.13,18.05,18.13,17.88,5258
2022-11-21,18.11,17.83,18.11,17.8,4039
2022-11-22,17.99,17.84,17.99,17.8048,6242
2022-11-23,17.93,18.01,18.06,17.8163,3833
2022-11-25,18.07,18.0585,18.13,18.0585,2881
2022-11-28,18.13,17.8,18.13,17.74,7948
2022-11-29,17.94,17.61,17.94,17.605,10440
2022-11-30,17.71,17.94,18.005,17.68,15005
2022-12-01,18.03,18.39,18.4,18.0,11585
2022-12-02,18.35,18.15,18.35,17.9951,63352
2022-12-05,18.34,17.91,18.44,17.91,6240
2022-12-06,18.08,17.85,18.17,17.75,26582
2022-12-07,18.04,18.06,18.06,17.9233,7206
2022-12-08,18.08,18.0337,18.1141,17.9001,3388
2022-12-09,18.08,17.865,18.08,17.79,6376
2022-12-12,17.8,17.7,17.8,17.6,9976
2022-12-13,18.03,18.01,18.3199,17.91,13315
2022-12-14,18.08,17.9609,18.1543,17.95,6272
2022-12-15,18.03,17.87,18.07,17.74,25296
2022-12-16,17.76,18.05,18.05,17.5601,10049
2022-12-19,18.1,17.84,18.135,17.72,60211
2022-12-20,17.93,17.49,17.93,17.49,47701
2022-12-21,17.64,17.64,17.75,17.6,16186
2022-12-22,17.65,17.4239,17.66,17.33,46927
2022-12-23,17.5,17.4334,17.7,17.3001,14731
2022-12-27,17.29,17.27,17.39,16.97,43009
2022-12-28,17.42,17.11,17.42,16.9602,27366
2022-12-29,17.22,17.19,17.33,17.01,51683
2022-12-30,17.24,17.41,17.41,17.03,18560
2023-01-03,17.62,17.39,17.62,17.14,3367
2023-01-04,17.54,17.44,17.85,17.41,6516
2023-01-05,17.56,17.75,17.86,17.56,6662
2023-01-06,17.83,18.27,18.27,17.83,22019
2023-01-09,18.34,18.24,18.34,18.135,8512
2023-01-10,18.26,18.4,18.4,18.11,8313
2023-01-11,18.53,18.415,18.54,18.3,4929
2023-01-12,18.6,18.2911,18.64,18.4,8475
2023-01-13,18.32,18.44,18.44,18.2769,13651
2023-01-17,18.46,18.58,18.71,18.24,22779
2023-01-18,18.83,18.7,18.9277,18.58,11410
2023-01-19,18.76,18.7,18.77,18.51,47343
2023-01-20,18.8,18.79,18.815,18.5958,11634
2023-01-23,18.9,18.7998,18.9199,18.63,7098
2023-01-24,18.65,18.85,18.94,18.57,8568
2023-01-25,18.89,18.79,18.89,18.76,47513
2023-01-26,19.0,18.899,19.0,18.8342,24391
2023-01-27,18.94,18.78,19.0,18.78,14588
2023-01-30,18.88,18.83,18.98,18.75,11857
2023-01-31,18.94,18.95,19.1,18.85,22383
2023-02-01,19.05,19.1,19.1,18.85,43777
2023-02-02,19.25,19.28,19.42,18.9501,13906
2023-02-03,19.2,19.18,19.23,19.02,3897
2023-02-06,19.02,18.93,19.04,18.8398,6140
2023-02-07,19.0,18.8028,19.0,18.6909,8464
2023-02-08,18.7,18.93,18.97,18.655,26122
2023-02-09,19.01,19.0764,19.13,18.8401,10482
2023-02-10,19.08,19.0062,19.08,18.88,4187
2023-02-13,19.07,19.0382,19.1007,19.035,4673
2023-02-14,19.18,19.15,19.18,18.92,2920
2023-02-15,19.13,19.0639,19.1499,18.89,5884
2023-02-16,19.12,18.8,19.12,18.7516,5321
2023-02-17,18.92,18.9,18.92,18.8,9622
2023-02-21,18.88,18.3272,18.88,18.3101,13168
2023-02-22,18.54,18.7,18.71,18.36,15900
2023-02-23,18.72,18.81,18.81,18.6185,5716
2023-02-24,18.78,18.651,18.81,18.58,3521
2023-02-27,18.81,18.86,18.86,18.81,531
2023-02-28,18.85,19.15,19.15,18.82,20068
2023-03-01,19.15,18.96,19.15,18.95,2903
2023-03-02,19.08,18.8132,19.08,18.7557,1457
2023-03-03,18.9,19.07,19.07,18.75,3059
2023-03-06,19.09,18.92,19.11,18.92,10311
2023-03-07,19.04,19.05,19.22,18.9195,19156
2023-03-08,18.93,19.0799,19.1599,18.93,3870
2023-03-09,19.12,18.45,19.12,18.405,12248
2023-03-10,18.45,17.7,18.65,17.51,13925
2023-03-13,12.05,13.2,15.21,12.0,131813
2023-03-14,16.0,15.1899,16.27,15.0,77015
2023-03-15,14.8,14.8699,14.97,13.21,90330
2023-03-16,13.92,16.15,16.3799,13.92,35861
2023-03-17,16.25,15.94,17.1156,15.5447,32939
2023-03-20,16.0,15.91,16.515,15.76,31923
2023-03-21,16.44,16.85,17.0,16.44,20426
2023-03-22,17.0,16.7,17.02,16.2501,12729
2023-03-23,16.8,16.14,16.8,16.05,12875
2023-03-24,16.05,16.03,16.25,15.635,51338
2023-03-27,16.18,16.37,16.67,16.1,9479
2023-03-28,16.6,16.42,16.8,16.31,17943
2023-03-29,17.08,16.385,17.08,16.3001,16409
2023-03-30,16.59,16.525,17.3014,16.4401,15135
2023-03-31,16.68,16.53,16.74,16.4447,19412
2023-04-03,16.64,16.38,16.64,16.25,10543
2023-04-04,16.53,16.53,16.53,16.25,5776
2023-04-05,16.64,16.25,16.64,16.25,13117
2023-04-06,16.5,16.4998,16.5,16.415,2270
2023-04-10,16.33,16.37,16.65,16.3,3958
2023-04-11,16.58,16.53,16.58,16.26,9798
2023-04-12,16.67,16.2365,16.7299,16.25,4427
2023-04-13,16.34,16.47,16.51,16.23,4498
2023-04-14,16.32,16.3,16.5399,16.3,12498
2023-04-17,16.3,16.425,16.4712,16.27,5928
2023-04-18,16.33,16.25,16.42,16.225,4009
2023-04-19,16.28,16.21,16.28,15.94,11775
2023-04-20,16.04,16.25,16.4127,15.96,7740
2023-04-21,16.36,16.39,16.76,16.35,65255
2023-04-24,16.42,16.25,16.7099,16.25,7292
2023-04-25,16.15,15.83,16.2556,15.8201,6390
2023-04-26,15.83,15.66,16.0,15.64,8958
2023-04-27,15.66,15.7447,16.0399,15.6,12808
2023-04-28,15.8,15.66,15.8,15.17,66261
2023-05-01,15.69,15.0999,15.69,14.72,34794
2023-05-02,15.22,13.61,15.22,13.22,109851
2023-05-03,13.76,13.7,14.38,13.67,34424
2023-05-04,13.79,12.71,13.79,12.12,58272
