2021-09-23,13.0,17.12,18.23,12.65,7955818
2021-09-24,16.5,15.22,16.89,15.2,1529935
2021-09-27,15.62,14.22,15.69,14.0,955846
2021-09-28,14.0,13.74,14.95,13.67,864544
2021-09-29,13.86,13.0,14.2194,12.8,656541
2021-09-30,12.79,13.4,13.63,12.35,424645
2021-10-01,13.4,13.59,13.76,12.735,447230
2021-10-04,13.85,13.16,14.15,12.83,393141
2021-10-05,13.16,12.96,13.39,12.88,487475
2021-10-06,12.83,12.59,13.32,12.5,510940
2021-10-07,12.68,13.04,13.56,12.68,226972
2021-10-08,13.04,12.23,13.076,12.02,230293
2021-10-11,12.1,10.73,12.5,10.63,962628
2021-10-12,11.2213,11.89,12.89,11.0,844083
2021-10-13,11.82,11.78,12.4351,11.522,308324
2021-10-14,11.64,12.95,13.05,11.6,383988
2021-10-15,12.95,13.73,13.85,12.6413,482249
2021-10-18,13.72,13.55,13.83,12.72,418214
2021-10-19,13.45,13.14,13.5,12.72,226952
2021-10-20,13.14,12.88,13.3673,12.44,302505
2021-10-21,12.8,12.63,12.8,12.4,141163
2021-10-22,12.57,12.28,12.63,12.08,152078
2021-10-25,12.08,12.13,12.46,11.5686,402406
2021-10-26,12.12,11.67,12.3694,11.41,284062
2021-10-27,11.67,11.57,11.99,11.15,204187
2021-10-28,11.55,12.04,12.1,11.2,220479
2021-10-29,12.0,12.13,12.52,11.71,162269
2021-11-01,12.21,13.32,13.605,12.13,383407
2021-11-02,13.48,13.05,13.5916,12.83,265361
2021-11-03,13.09,14.03,14.28,12.95,289119
2021-11-04,14.2,14.25,14.75,14.041,229066
2021-11-05,14.25,13.9,14.3,13.51,202783
2021-11-08,14.02,14.39,14.75,13.765,331338
2021-11-09,14.44,14.49,14.98,13.95,481224
2021-11-10,14.5,13.82,14.84,13.0,340238
2021-11-11,13.98,14.15,15.24,13.52,432127
2021-11-12,15.2,18.49,19.25,14.88,3918294
2021-11-15,18.88,18.79,20.39,18.57,1222216
2021-11-16,19.05,19.18,19.87,18.66,553749
2021-11-17,19.2,18.94,20.0,18.341,323586
2021-11-18,18.97,17.07,19.6,17.02,445863
2021-11-19,16.99,17.29,18.49,16.75,257521
2021-11-22,17.63,16.65,18.0813,16.5,309748
2021-11-23,17.01,16.12,17.02,15.04,502304
2021-11-24,16.32,17.05,17.1241,15.85,331459
2021-11-26,16.67,16.61,16.91,16.24,85822
2021-11-29,16.73,15.81,16.925,15.05,368490
2021-11-30,15.61,15.89,16.0799,14.88,329002
2021-12-01,16.07,16.66,17.48,16.07,274517
2021-12-02,16.42,16.62,16.79,15.8312,163066
2021-12-03,16.62,16.23,16.62,15.71,225052
2021-12-06,16.23,16.96,17.12,15.69,367049
2021-12-07,17.33,18.39,18.85,17.26,399620
2021-12-08,18.18,19.47,19.5,18.0203,319558
2021-12-09,19.6,18.85,19.96,18.0837,243503
2021-12-10,18.63,18.08,18.94,17.43,252627
2021-12-13,17.98,16.55,17.98,16.5,288787
2021-12-14,16.18,15.81,16.6,15.07,302543
2021-12-15,15.86,16.02,16.24,15.06,381783
2021-12-16,16.43,14.74,16.73,14.46,469924
2021-12-17,14.46,15.16,15.92,14.07,917955
2021-12-20,15.0,14.51,15.14,13.8225,522222
2021-12-21,14.76,14.94,15.08,14.21,415814
2021-12-22,15.0,15.34,15.54,14.6,146743
2021-12-23,15.66,16.05,16.28,15.09,125076
2021-12-27,16.16,16.44,16.5,15.7,167841
2021-12-28,16.4,16.6,17.06,16.02,267321
2021-12-29,16.5,16.31,17.0,16.06,222956
2021-12-30,16.47,17.66,17.66,16.47,258746
2021-12-31,17.6,18.06,18.19,17.26,217339
2022-01-03,18.32,18.23,18.75,17.74,198628
2022-01-04,18.0,18.49,18.76,17.11,297059
2022-01-05,18.26,16.77,18.6,16.6,208801
2022-01-06,16.88,16.59,16.88,16.0,110214
2022-01-07,16.42,17.83,17.9,16.3154,182305
2022-01-10,17.52,17.38,17.7,15.76,429100
2022-01-11,17.15,16.72,17.68,16.49,270493
2022-01-12,16.7,14.71,16.7,14.57,527194
2022-01-13,14.99,13.93,14.99,13.74,504265
2022-01-14,13.73,12.42,13.7934,11.84,1296398
2022-01-18,12.32,11.41,12.38,10.78,1200178
2022-01-19,11.48,11.36,11.88,10.6901,807233
2022-01-20,11.71,12.02,12.139,11.3,790261
2022-01-21,11.79,10.65,11.98,10.55,501174
2022-01-24,10.19,10.82,11.58,9.875,761302
2022-01-25,10.7,10.87,10.979,10.281,236884
2022-01-26,11.13,11.45,11.62,11.111,367893
2022-01-27,11.6,11.68,11.97,11.37,535585
2022-01-28,11.8761,12.41,12.44,11.19,368777
2022-01-31,12.4,13.24,13.25,12.4,305216
2022-02-01,13.24,12.77,13.49,12.39,266088
2022-02-02,13.03,11.84,13.03,11.77,195897
2022-02-03,11.43,11.36,12.24,11.34,149543
2022-02-04,11.34,11.97,12.12,11.28,133651
2022-02-07,12.12,12.44,12.79,11.84,178843
2022-02-08,12.44,12.44,12.645,12.06,121605
2022-02-09,12.68,12.47,13.1,12.41,116921
2022-02-10,12.47,12.44,13.1,12.16,198184
2022-02-11,12.44,12.11,12.915,12.0,225051
2022-02-14,12.02,11.73,12.315,11.65,153030
2022-02-15,11.94,12.12,12.22,11.86,112438
2022-02-16,12.0,11.93,12.13,11.5,195863
2022-02-17,11.64,11.66,12.24,11.53,179534
2022-02-18,11.66,11.46,12.057,11.13,206154
2022-02-22,11.22,9.69,11.29,9.46,538494
2022-02-23,9.94,9.43,10.229,9.37,181530
2022-02-24,8.9,9.55,9.6276,8.58,365997
2022-02-25,9.61,9.33,9.885,8.86,293953
2022-02-28,9.29,9.1,9.52,8.79,205396
2022-03-01,9.01,8.76,9.18,8.54,266838
2022-03-02,8.83,9.23,9.23,8.47,224188
2022-03-03,9.43,8.49,9.44,8.44,429204
2022-03-04,8.58,8.0,8.58,7.8,299492
2022-03-07,8.07,7.34,8.095,7.22,217086
2022-03-08,7.33,7.42,7.96,7.11,234732
2022-03-09,7.52,7.78,8.08,7.45,203320
2022-03-10,7.73,7.81,7.98,7.51,104663
2022-03-11,7.93,7.71,7.955,7.35,215188
2022-03-14,7.71,7.78,8.0299,7.35,301733
2022-03-15,7.81,8.16,8.5465,7.72,332078
2022-03-16,8.55,9.81,9.81,8.51,865504
2022-03-17,10.42,10.08,10.43,9.02,850742
2022-03-18,10.05,10.46,10.72,10.01,351439
2022-03-21,10.46,10.3,10.892,9.93,254697
2022-03-22,10.41,10.56,11.21,10.4,353546
2022-03-23,10.56,9.99,10.99,9.87,174740
2022-03-24,10.03,10.26,10.58,9.93,145035
2022-03-25,10.27,10.06,10.27,9.7434,91806
2022-03-28,9.98,9.72,9.98,9.35,109741
2022-03-29,9.83,10.52,10.53,9.56,139019
2022-03-30,10.49,10.34,10.7,10.2426,90469
2022-03-31,10.3,10.29,10.73,9.88,245788
2022-04-01,10.32,9.13,10.32,9.1,284649
2022-04-04,9.34,9.68,9.69,9.18,129689
2022-04-05,9.74,9.32,9.76,9.055,155365
2022-04-06,9.05,9.05,9.13,8.69,117522
2022-04-07,9.04,8.7,9.2799,8.54,143003
2022-04-08,8.74,8.92,9.12,8.45,80127
2022-04-11,8.81,8.75,9.2898,8.72,131047
2022-04-12,8.82,8.66,9.2,8.61,171360
2022-04-13,8.69,8.77,8.98,8.6889,46789
2022-04-14,8.81,8.35,8.88,8.3,74922
2022-04-18,8.28,8.29,8.37,7.87,143500
2022-04-19,8.29,8.44,8.66,8.29,142439
2022-04-20,8.6,8.41,8.625,8.23,134336
2022-04-21,8.58,8.34,8.66,8.18,89178
2022-04-22,8.19,7.89,8.31,7.85,59770
2022-04-25,7.78,8.15,8.37,7.78,54244
2022-04-26,8.09,7.85,8.22,7.7,75711
2022-04-27,7.85,7.08,8.03,7.07,223460
2022-04-28,7.23,8.35,8.55,7.21,209878
2022-04-29,8.41,7.7,8.41,7.6,152668
2022-05-02,7.57,7.94,8.17,7.4474,193588
2022-05-03,7.94,7.78,8.045,7.61,83713
2022-05-04,7.79,8.31,8.31,7.5,101846
2022-05-05,8.15,7.97,8.4688,7.83,65420
2022-05-06,7.78,7.64,7.995,7.3,81815
2022-05-09,7.43,7.2,7.66,7.15,61533
2022-05-10,7.56,6.83,7.56,6.55,295925
2022-05-11,7.01,6.46,7.39,6.33,120108
2022-05-12,6.3,6.75,7.1688,6.3,154935
2022-05-13,5.98,4.48,5.98,4.46,2286694
2022-05-16,4.68,4.02,4.75,3.96,1560974
2022-05-17,4.06,3.97,4.19,3.91,903366
2022-05-18,4.01,3.82,4.02,3.6,695995
2022-05-19,3.75,4.12,4.16,3.66,586574
2022-05-20,4.15,3.95,4.15,3.72,616505
2022-05-23,4.03,4.03,4.12,3.78,398760
2022-05-24,3.91,3.94,4.05,3.8,317165
2022-05-25,3.88,4.22,4.3,3.88,327061
2022-05-26,4.3,4.46,4.49,4.09,631543
2022-05-27,4.54,4.5,4.58,4.34,226650
2022-05-31,4.53,4.55,4.59,4.31,332569
2022-06-01,4.62,4.54,4.78,4.52,312236
2022-06-02,4.64,4.77,4.78,4.48,339249
2022-06-03,4.65,4.8,4.85,4.65,327358
2022-06-06,4.86,5.0,5.04,4.75,296237
2022-06-07,4.99,5.05,5.15,4.84,158033
2022-06-08,5.02,5.41,5.43,4.99,197846
2022-06-09,5.45,5.14,5.45,5.03,218452
2022-06-10,4.96,5.01,5.11,4.8,200323
2022-06-13,4.7,4.72,4.7881,4.51,183344
2022-06-14,4.72,4.88,4.9,4.57,146734
2022-06-15,4.97,5.11,5.21,4.73,238269
2022-06-16,4.97,4.52,4.999,4.47,274039
2022-06-17,4.66,4.7,4.82,4.52,251235
2022-06-21,4.76,4.65,4.85,4.6,271701
2022-06-22,4.57,4.46,4.79,4.38,275967
2022-06-23,4.51,4.75,4.88,4.49,208198
2022-06-24,4.76,5.24,5.28,4.76,199394
2022-06-27,5.31,5.05,5.35,4.905,100469
2022-06-28,5.05,4.94,5.1033,4.85,105344
2022-06-29,4.94,4.86,4.98,4.79,131177
2022-06-30,4.95,4.75,4.95,4.65,186406
2022-07-01,4.76,4.52,4.8,4.5,162589
2022-07-05,4.5,4.53,4.57,4.36,170671
2022-07-06,4.6,4.35,4.6,4.35,137742
2022-07-07,4.44,4.53,4.57,4.4,126373
2022-07-08,4.5,4.41,4.61,4.36,106545
2022-07-11,4.36,4.59,4.6999,4.22,881772
2022-07-12,4.62,4.6,4.79,4.515,99625
2022-07-13,4.54,4.61,4.63,4.4,50533
2022-07-14,4.54,4.75,4.78,4.54,62977
2022-07-15,4.89,4.94,4.98,4.715,138493
2022-07-18,5.0,5.26,5.38,4.9201,191199
2022-07-19,5.3,5.63,5.71,5.26,124461
2022-07-20,5.63,6.36,6.49,5.59,322428
2022-07-21,6.56,6.21,6.56,6.13,196895
2022-07-22,6.04,5.98,6.15,5.89,156518
2022-07-25,5.96,5.96,6.24,5.76,74551
2022-07-26,5.86,5.21,5.86,5.19,123802
2022-07-27,5.38,5.51,5.57,5.18,75773
2022-07-28,5.51,5.795,5.85,5.44,90130
2022-07-29,5.9,6.26,6.48,5.83,210498
2022-08-01,6.22,6.5,6.71,6.1,114176
2022-08-02,6.5,6.4,6.5933,6.36,85493
2022-08-03,6.44,6.59,6.74,6.3317,76495
2022-08-04,6.61,6.68,6.8597,6.515,62628
2022-08-05,6.35,6.67,6.7241,6.2702,98480
2022-08-08,6.79,7.18,7.21,6.6501,111028
2022-08-09,7.1,6.0,7.1,6.0,159593
2022-08-10,6.26,6.63,6.69,6.13,123605
2022-08-11,6.78,6.45,6.88,6.42,205948
2022-08-12,6.76,8.21,8.48,6.72,792691
2022-08-15,8.23,8.12,8.5,7.975,205623
2022-08-16,8.18,8.35,8.45,7.95,197153
2022-08-17,8.3,8.1,8.3,7.95,154456
2022-08-18,8.0,8.0,8.11,7.86,167277
2022-08-19,7.72,7.94,8.0,7.4501,204852
2022-08-22,7.82,7.91,7.92,7.4502,120829
2022-08-23,7.81,7.54,8.05,7.5,93136
2022-08-24,7.46,7.9,7.93,7.37,57563
2022-08-25,8.02,8.21,8.27,7.69,84455
2022-08-26,8.18,7.71,8.2431,7.66,96903
2022-08-29,7.55,7.66,7.97,7.55,45003
2022-08-30,7.79,7.92,7.97,7.62,139484
2022-08-31,7.92,7.4,7.96,7.34,77298
2022-09-01,7.33,7.19,7.35,7.01,155704
2022-09-02,7.33,6.92,7.33,6.81,53566
2022-09-06,6.92,6.83,7.12,6.75,54520
2022-09-07,6.83,7.0,7.01,6.72,60497
2022-09-08,6.94,6.86,6.95,6.79,38161
2022-09-09,6.88,7.13,7.28,6.88,67957
2022-09-12,7.2,7.32,7.56,7.1,87222
2022-09-13,7.0,6.89,7.335,6.87,69225
2022-09-14,6.96,6.77,6.96,6.7,43926
2022-09-15,6.77,6.83,7.15,6.72,42830
2022-09-16,6.87,6.86,6.89,6.685,73808
2022-09-19,6.69,6.77,6.93,6.63,93491
2022-09-20,6.69,6.73,6.82,6.5683,79855
2022-09-21,6.72,6.82,7.07,6.62,60681
2022-09-22,6.79,6.51,6.81,6.4672,68553
2022-09-23,6.27,6.2,6.51,6.04,126321
2022-09-26,6.1,5.94,6.49,5.93,61943
2022-09-27,6.11,6.09,6.345,5.96,40966
2022-09-28,6.14,6.12,6.5051,6.03,33363
2022-09-29,6.07,5.68,6.19,5.58,44454
2022-09-30,5.75,5.73,5.9,5.46,64632
2022-10-03,5.82,5.96,6.1,5.8,30158
2022-10-04,6.17,6.21,6.315,6.01,49108
2022-10-05,6.04,6.15,6.21,5.9374,19339
2022-10-06,6.1,5.93,6.24,5.93,22875
2022-10-07,5.97,5.76,5.97,5.6,39073
2022-10-10,5.85,5.54,5.88,5.4401,88251
2022-10-11,5.47,5.76,5.96,5.33,52248
2022-10-12,5.73,5.79,5.84,5.5,29673
2022-10-13,5.68,5.81,5.8827,5.49,69502
2022-10-14,6.96,6.72,7.85,6.45,1415501
2022-10-17,7.37,7.89,8.06,7.1215,564002
2022-10-18,8.35,8.28,8.3878,7.8025,307789
2022-10-19,8.38,7.79,8.5,7.75,208424
2022-10-20,7.76,8.08,8.4,7.76,159295
2022-10-21,8.27,8.58,8.8,8.01,186668
2022-10-24,8.78,9.07,9.445,8.7,292737
2022-10-25,9.2,8.82,9.27,8.71,228854
2022-10-26,8.96,8.51,8.97,8.51,210836
2022-10-27,8.51,8.15,8.86,8.055,175310
2022-10-28,8.01,8.29,8.37,7.8,141343
2022-10-31,8.23,8.01,8.6311,8.01,63561
2022-11-01,8.04,7.8,8.13,7.78,103229
2022-11-02,7.75,7.465,7.9536,7.4268,80257
2022-11-03,7.29,7.7,7.85,7.28,52106
2022-11-04,7.87,7.48,7.96,7.3,72216
2022-11-07,7.48,7.56,7.615,7.32,66883
2022-11-08,7.75,7.69,7.85,7.44,47030
2022-11-09,7.67,7.51,7.78,7.38,83607
2022-11-10,8.0,8.04,8.27,7.79,204732
2022-11-11,7.0,5.98,7.016,5.4,1108019
2022-11-14,6.12,6.44,6.61,6.02,392024
2022-11-15,6.5,6.31,6.55,6.06,265373
2022-11-16,6.19,6.0,6.19,5.9,190659
2022-11-17,5.91,5.65,5.999,5.51,220912
2022-11-18,5.66,5.19,5.84,5.0,479244
2022-11-21,5.1,5.09,5.21,5.03,165462
2022-11-22,5.09,5.22,5.25,5.07,121074
2022-11-23,5.21,5.0,5.2871,5.0,119505
2022-11-25,5.07,5.03,5.0809,4.9515,72944
2022-11-28,5.09,4.94,5.22,4.9,133345
2022-11-29,4.89,5.09,5.2,4.8461,126203
2022-11-30,5.2,5.28,5.29,4.9919,127861
2022-12-01,5.25,5.1,5.43,5.06,88898
2022-12-02,4.95,5.13,5.17,4.95,77357
2022-12-05,5.14,4.92,5.14,4.87,118640
2022-12-06,4.88,4.63,4.9499,4.56,183436
2022-12-07,4.7,4.61,4.85,4.59,137365
2022-12-08,4.56,4.73,4.82,4.5571,97549
2022-12-09,4.74,4.82,4.99,4.65,121061
2022-12-12,4.81,4.67,4.8697,4.61,126449
2022-12-13,4.91,4.66,4.94,4.63,117408
2022-12-14,4.62,4.55,4.6817,4.5,119446
2022-12-15,4.5,4.56,4.66,4.41,135284
2022-12-16,4.44,4.27,4.505,4.24,152432
2022-12-19,4.27,4.07,4.3679,4.03,126791
2022-12-20,4.05,3.98,4.13,3.94,145233
2022-12-21,4.0,4.11,4.2,3.895,134856
2022-12-22,4.09,4.0,4.096,3.89,113613
2022-12-23,4.0,4.09,4.15,3.91,42208
2022-12-27,3.99,3.93,4.05,3.86,133636
2022-12-28,3.94,4.4,4.44,3.93,363514
2022-12-29,4.44,4.13,4.5385,4.03,235233
2022-12-30,4.09,4.31,4.35,4.0815,115587
2023-01-03,4.24,4.05,4.3486,4.01,163117
2023-01-04,4.09,4.21,4.32,3.97,164554
2023-01-05,4.09,4.1,4.13,4.03,40818
2023-01-06,4.07,4.15,4.24,4.07,96426
2023-01-09,4.15,4.32,4.4499,4.15,82247
2023-01-10,4.28,4.41,4.43,4.26,44888
2023-01-11,4.45,4.57,4.6,4.45,59158
2023-01-12,4.62,4.64,4.64,4.46,58939
2023-01-13,4.62,4.55,4.72,4.51,78441
2023-01-17,4.5,4.64,4.67,4.49,64389
2023-01-18,4.64,4.51,4.78,4.51,88116
2023-01-19,4.42,4.29,4.4997,4.27,94059
2023-01-20,4.29,4.52,4.6,4.2501,67016
2023-01-23,4.74,4.73,4.74,4.55,156797
2023-01-24,4.65,4.64,4.83,4.62,27932
2023-01-25,4.61,4.69,4.69,4.45,70005
2023-01-26,4.7,4.56,4.75,4.48,58112
2023-01-27,4.51,4.66,4.79,4.51,105373
2023-01-30,4.59,4.57,4.75,4.55,91290
2023-01-31,4.59,4.8,4.855,4.57,77993
2023-02-01,4.82,5.19,5.23,4.74,138877
2023-02-02,5.3,5.51,5.71,5.201,235182
2023-02-03,5.34,5.54,5.875,5.23,175621
2023-02-06,5.48,5.43,5.59,5.355,59051
2023-02-07,5.35,5.41,5.4917,5.1,132520
2023-02-08,5.48,5.47,5.5435,5.33,68764
2023-02-09,5.58,5.55,5.85,5.48,71844
2023-02-10,5.46,5.4,5.53,5.25,67896
2023-02-13,5.51,5.61,5.65,5.4,58824
2023-02-14,5.61,5.63,5.67,5.4382,28691
2023-02-15,5.64,5.92,5.96,5.62,62248
2023-02-16,5.94,5.53,5.94,5.36,158113
2023-02-17,5.5,5.5,5.69,5.35,48130
2023-02-21,5.33,5.11,5.46,5.11,46288
2023-02-22,5.05,5.08,5.21,5.0,65116
2023-02-23,5.09,5.15,5.25,5.0,67954
2023-02-24,5.1,5.14,5.1469,5.03,30046
2023-02-27,5.14,5.12,5.27,5.0501,34635
2023-02-28,5.09,5.15,5.23,5.0501,28333
2023-03-01,5.12,5.0,5.24,4.96,44153
2023-03-02,4.99,4.94,4.99,4.86,29563
2023-03-03,4.94,5.14,5.15,4.8917,56657
2023-03-06,5.18,5.25,5.4,5.0411,62824
2023-03-07,5.23,4.9,5.27,4.85,98063
2023-03-08,4.87,4.89,4.9526,4.78,44254
2023-03-09,4.79,4.58,4.9,4.52,75043
2023-03-10,4.55,4.35,4.68,4.22,60928
2023-03-13,4.21,4.25,4.53,4.16,64731
2023-03-14,4.31,4.26,4.605,4.17,133815
2023-03-15,4.17,4.36,4.5,4.17,177673
2023-03-16,3.92,3.89,4.08,3.8,328334
2023-03-17,4.04,3.92,4.1,3.85,144904
2023-03-20,3.95,3.71,4.0,3.68,120556
2023-03-21,3.84,3.81,3.86,3.66,190216
2023-03-22,3.81,3.68,3.8302,3.64,96524
2023-03-23,3.72,3.51,3.8299,3.5,162050
2023-03-24,3.52,3.51,3.63,3.45,132299
2023-03-27,3.52,3.53,3.6,3.45,60808
2023-03-28,3.6,3.71,3.71,3.5501,88851
2023-03-29,3.75,3.63,3.77,3.58,93603
2023-03-30,3.66,3.73,3.77,3.6186,76575
2023-03-31,3.8,3.91,3.96,3.7121,63739
2023-04-03,3.94,3.89,4.0385,3.84,51776
2023-04-04,3.85,3.86,3.89,3.76,51547
2023-04-05,3.85,3.69,3.85,3.6,64891
2023-04-06,3.63,3.77,3.94,3.61,90824
2023-04-10,3.75,3.89,3.92,3.73,59865
2023-04-11,3.89,3.95,4.12,3.88,52080
2023-04-12,4.04,3.93,4.04,3.85,46097
2023-04-13,3.9,3.93,4.0099,3.855,66745
2023-04-14,3.9,3.76,3.9484,3.72,61031
2023-04-17,3.74,3.78,3.9,3.73,50175
2023-04-18,3.81,3.67,3.89,3.66,58295
2023-04-19,3.65,3.82,3.835,3.65,37380
2023-04-20,3.65,3.62,3.8,3.55,92617
2023-04-21,3.62,3.73,3.8,3.62,41718
2023-04-24,3.7,3.8,3.83,3.57,59633
2023-04-25,3.7,3.71,3.81,3.7,40838
2023-04-26,3.8,3.76,3.8,3.7,46441
2023-04-27,3.75,3.87,3.95,3.7061,72828
2023-04-28,3.89,4.18,4.1952,3.87,86133
2023-05-01,4.15,3.83,4.21,3.78,60854
2023-05-02,3.85,3.84,3.86,3.7,35349
2023-05-03,3.8,3.76,3.95,3.76,38245
2023-05-04,3.76,3.63,3.8107,3.58,37015
