2022-03-08,25.369,25.3422,25.64,25.3422,7107
2022-03-09,25.62,25.7636,25.87,25.62,44173
2022-03-10,25.67,25.7165,25.75,25.4913,17410
2022-03-11,25.6319,25.4687,25.6785,25.4687,5513
2022-03-14,25.67,25.3178,25.67,25.3178,360
2022-03-15,25.47,25.7306,25.75,25.47,11566
2022-03-16,25.98,26.0853,26.099,25.9475,13367
2022-03-17,26.23,26.3401,26.3401,26.14,4646
2022-03-18,26.409,26.5728,26.5728,26.385,1536
2022-03-21,26.6,26.5554,26.645,26.5554,2232
2022-03-22,26.7461,26.7568,26.7568,26.7425,270
2022-03-23,26.72,26.5742,26.749,26.5742,5178
2022-03-24,26.75,26.7938,26.7938,26.75,2432
2022-03-25,27.59,26.867,27.59,26.7702,8934
2022-03-28,26.89,26.9731,26.9731,26.7701,1112
2022-03-29,27.1,27.2082,27.24,27.09,7521
2022-03-30,27.1355,27.0718,27.18,27.0718,15716
2022-03-31,26.9901,26.8944,27.0609,26.8944,8072
2022-04-01,26.89,26.8859,26.89,26.75,20711
2022-04-04,26.9,26.996,27.04,26.9,8297
2022-04-05,27.02,26.7606,27.02,26.7606,6107
2022-04-06,26.54,26.6062,26.678,26.49,13600
2022-04-07,26.61,26.6743,26.8,26.59,7566
2022-04-08,26.74,26.6416,26.74,26.6416,2980
2022-04-11,26.52,26.3584,26.53,26.34,61738
2022-04-12,26.48,26.2939,26.54,26.24,62105
2022-04-13,26.45,26.5237,26.55,26.435,38858
2022-04-14,26.52,26.2679,26.54,26.2679,42617
2022-04-18,26.29,26.24,26.33,26.21,11491
2022-04-19,26.27,26.5844,26.64,26.27,4132
2022-04-20,26.72,26.5366,26.72,26.5062,28534
2022-04-21,26.66,26.2536,26.66,26.2536,8337
2022-04-22,25.96,25.7303,25.96,25.7303,4767
2022-04-25,25.71,25.7011,25.71,25.46,10393
2022-04-26,25.4805,25.3309,25.54,25.3309,5903
2022-04-27,25.37,25.335,25.6,25.2501,14288
2022-04-28,25.5,25.7599,25.82,25.429,5720
2022-04-29,25.63,25.052,25.63,25.052,16124
2022-05-02,25.09,25.124,25.13,24.8515,7738
2022-05-03,25.19,25.2355,25.31,25.1807,9245
2022-05-04,25.1874,25.73,25.73,25.1874,1346
2022-05-05,25.259,25.0585,25.27,24.9,17900
2022-05-06,24.82,25.0207,25.1028,24.82,8600
2022-05-09,24.66,24.4279,24.66,24.4279,3712
2022-05-10,24.78,24.4662,24.78,24.345,6794
2022-05-11,24.6281,24.167,24.6281,24.167,4189
2022-05-12,23.96,24.132,24.1705,23.959,14454
2022-05-13,24.66,24.6083,24.66,24.4961,5337
2022-05-16,24.69,24.5819,24.69,24.54,7006
2022-05-17,24.7929,24.8984,24.949,24.7001,5079
2022-05-18,24.74,24.1868,24.74,24.1696,8704
2022-05-19,24.1,24.0926,24.24,24.0,2115
2022-05-20,24.22,24.0706,24.22,23.7573,8867
2022-05-23,24.3,24.3945,24.4101,24.22,5436
2022-05-24,24.26,24.3134,24.329,24.02,24670
2022-05-25,24.37,24.4446,24.558,24.25,11357
2022-05-26,24.84,24.796,24.8889,24.7688,10467
2022-05-27,25.01,25.2011,25.2011,25.01,3970
2022-05-31,25.07,25.1288,25.27,25.07,10596
2022-06-01,25.0197,25.0358,25.14,24.93,78989
2022-06-02,25.12,25.3234,25.3234,25.12,12213
2022-06-03,25.06,25.0846,25.13,25.02,7665
2022-06-06,25.31,25.1139,25.31,25.09,4354
2022-06-07,24.98,25.2843,25.3,24.98,53457
2022-06-08,25.1963,25.0876,25.2399,25.0876,103384
2022-06-09,25.13,24.6904,25.13,24.6904,22853
2022-06-10,24.31,24.1529,24.35,24.15,49905
2022-06-13,23.69,23.386,23.69,23.34,5262
2022-06-14,23.43,23.3279,23.44,23.24,4359
2022-06-15,23.5,23.66,23.66,23.46,1073
2022-06-16,23.0587,23.0061,23.06,23.0061,3206
2022-06-17,23.11,23.0806,23.16,22.9981,23414
2022-06-21,23.509,23.4764,23.54,23.4764,26161
2022-06-22,23.395,23.4937,23.62,23.395,3247
2022-06-23,23.629,23.6212,23.66,23.47,23535
2022-06-24,23.99,24.135,24.135,23.97,27512
2022-06-27,24.12,24.0933,24.2145,24.09,29148
2022-06-28,23.91,23.748,23.9377,23.748,13793
2022-06-29,23.71,23.7416,23.75,23.71,5895
2022-06-30,23.6,23.5365,23.66,23.5365,7874
2022-07-01,23.45,23.67,23.68,23.45,3301
2022-07-05,23.3566,23.7302,23.74,23.315,3459
2022-07-06,23.89,23.7903,23.94,23.7829,5359
2022-07-07,23.99,24.0479,24.1,23.9789,2329
2022-07-08,24.0,24.0447,24.13,23.965,10156
2022-07-11,23.8369,23.817,23.89,23.817,5729
2022-07-12,23.71,23.6841,23.72,23.63,4313
2022-07-13,23.62,23.6191,23.66,23.6191,39675
2022-07-14,23.39,23.5552,23.5552,23.39,771
2022-07-15,23.69,23.858,23.858,23.69,5782
2022-07-18,23.9701,23.7397,24.0599,23.72,5029
2022-07-19,24.04,24.1876,24.2299,24.04,27248
2022-07-20,24.31,24.3013,24.36,24.3013,13582
2022-07-21,24.26,24.4654,24.479,24.26,2341
2022-07-22,24.4088,24.3056,24.4088,24.29,9175
2022-07-25,24.32,24.3244,24.34,24.29,4531
2022-07-26,24.26,24.1593,24.29,24.15,3983
2022-07-27,24.4099,24.5985,24.5985,24.3897,5737
2022-07-28,24.67,24.82,24.83,24.66,10833
2022-07-29,24.965,25.0096,25.045,24.965,6945
2022-08-01,25.0,24.9602,25.04,24.89,15190
2022-08-02,24.81,24.884,25.015,24.81,28090
2022-08-03,25.01,25.1121,25.17,25.01,1766
2022-08-04,25.09,25.0647,25.12,25.0365,11332
2022-08-05,25.02,25.0388,25.0388,25.02,362
2022-08-08,25.17,25.0222,25.17,25.0222,11760
2022-08-09,24.92,24.9651,24.9651,24.92,771
2022-08-10,25.23,25.2951,25.2951,25.23,238
2022-08-11,25.3866,25.2935,25.429,25.26,5273
2022-08-12,25.33,25.5373,25.58,25.33,3762
2022-08-15,25.47,25.6039,25.6039,25.47,14001
2022-08-16,25.5401,25.6453,25.7,25.5401,4469
2022-08-17,25.53,25.5584,25.59,25.505,7881
2022-08-18,25.555,25.5861,25.5929,25.555,3111
2022-08-19,25.46,25.4215,25.46,25.4197,1387
2022-08-22,25.13,25.075,25.13,25.05,407
2022-08-23,25.0594,25.0594,25.0594,25.0594,106
2022-08-24,25.0,25.125,25.17,25.0,39849
2022-08-25,25.1238,25.3191,25.3191,25.1238,3226
2022-08-26,25.26,24.8085,25.26,24.8085,1655
2022-08-29,24.71,24.719,24.79,24.68,8474
2022-08-30,24.68,24.4785,24.68,24.4506,364
2022-08-31,24.49,24.3974,24.49,24.3974,3997
2022-09-01,24.4058,24.4058,24.4058,24.4058,51
2022-09-02,24.5701,24.2264,24.625,24.22,6779
2022-09-06,24.275,24.1568,24.275,24.1568,726
2022-09-07,24.47,24.4848,24.4848,24.47,475
2022-09-08,24.565,24.5826,24.5826,24.515,1290
2022-09-09,24.88,24.8453,24.89,24.8453,838
2022-09-12,25.0,24.9895,25.0,24.9311,710
2022-09-13,24.499,24.2469,24.499,24.2469,5144
2022-09-14,24.33,24.304,24.33,24.21,4346
2022-09-15,24.18,24.1343,24.3265,24.1343,6933
2022-09-16,23.8572,24.05,24.06,23.8572,1126
2022-09-19,24.045,24.1252,24.1252,23.98,13820
2022-09-20,23.9,23.9365,23.94,23.9,352
2022-09-21,24.12,23.668,24.12,23.668,20342
2022-09-22,23.64,23.44,23.64,23.44,17934
2022-09-23,23.28,23.1549,23.28,23.02,6581
2022-09-26,23.0,23.0283,23.06,23.0,519
2022-09-27,23.21,22.9707,23.21,22.9573,1264
2022-09-28,23.28,23.3369,23.3369,23.28,1192
2022-09-29,23.2,22.9469,23.2,22.81,25684
2022-09-30,23.05,22.7093,23.05,22.7093,15148
2022-10-03,23.04,23.1342,23.2399,23.04,3987
2022-10-04,23.5842,23.6509,23.6509,23.5531,1404
2022-10-05,23.53,23.6149,23.66,23.4892,1697
2022-10-06,23.5656,23.4563,23.5656,23.44,3639
2022-10-07,23.09,22.99,23.09,22.92,2010
2022-10-10,22.78,22.8424,22.8472,22.77,6474
2022-10-11,22.75,22.7049,22.75,22.7049,502
2022-10-12,22.7,22.6662,22.795,22.6662,11010
2022-10-13,22.33,23.0885,23.0885,22.33,1183
2022-10-14,23.24,22.6728,23.24,22.6728,3504
2022-10-17,23.18,23.1056,23.18,23.08,4417
2022-10-18,23.35,23.35,23.35,23.35,318
2022-10-19,23.32,23.1797,23.32,23.1797,554
2022-10-20,23.11,23.0804,23.11,23.0804,417
2022-10-21,23.34,23.46,23.46,23.305,775
2022-10-24,23.66,23.6436,23.72,23.602,2703
2022-10-25,23.85,23.9324,23.97,23.7881,4950
2022-10-26,23.92,23.8324,24.04,23.78,8417
2022-10-27,23.9,23.7242,23.91,23.7242,5887
2022-10-28,23.83,24.1644,24.195,23.83,2620
2022-10-31,24.08,24.073,24.13,24.0401,1552
2022-11-01,24.17,24.002,24.17,23.9626,11002
2022-11-02,23.895,23.5636,24.15,23.5636,3384
2022-11-03,23.35,23.3755,23.48,23.35,2928
2022-11-04,23.49,23.5916,23.62,23.49,901
2022-11-07,23.7865,23.778,23.7865,23.75,441
2022-11-08,23.94,23.8831,23.94,23.8831,711
2022-11-09,23.74,23.5192,23.74,23.5192,694
2022-11-10,24.479,24.4601,24.48,24.4601,605
2022-11-11,24.4903,24.6272,24.69,24.4903,9646
2022-11-14,24.6182,24.5007,24.622,24.5007,6620
2022-11-15,24.72,24.6317,24.72,24.63,1468
2022-11-16,24.55,24.5331,24.55,24.5331,2091
2022-11-17,24.46,24.4468,24.52,24.34,1123
2022-11-18,24.54,24.5491,24.62,24.4706,1309
2022-11-21,24.475,24.5147,24.54,24.43,7123
2022-11-22,24.7,24.7628,24.7628,24.7,2359
2022-11-23,24.8,24.8618,24.93,24.7101,3147
2022-11-25,24.8702,24.8702,24.8702,24.8702,0
2022-11-28,24.6685,24.5901,24.6685,24.5901,531
2022-11-29,24.51,24.5691,24.61,24.51,7328
2022-11-30,24.4806,25.0864,25.09,24.4806,7955
2022-12-01,25.1314,25.1132,25.1314,25.1132,1002
2022-12-02,24.9745,25.1055,25.17,24.9745,12924
2022-12-05,24.987,24.7883,24.987,24.73,2188
2022-12-06,24.64,24.5197,24.65,24.4957,1643
2022-12-07,24.478,24.4918,24.52,24.43,12822
2022-12-08,24.6387,24.6304,24.69,24.6,5647
2022-12-09,24.65,24.5158,24.7,24.5158,1898
2022-12-12,24.57,24.7482,24.77,24.57,4776
2022-12-13,24.89,24.9136,24.999,24.89,24380
2022-12-14,24.98,24.8297,25.1,24.8297,20170
2022-12-15,24.3501,24.3274,24.39,24.26,16765
2022-12-16,24.13,24.1739,24.1739,24.02,5953
2022-12-19,24.04,23.9762,24.04,23.87,4195
2022-12-20,24.03,23.9949,24.03,23.96,664
2022-12-21,24.28,24.2652,24.28,24.2301,5346
2022-12-22,23.86,23.9901,23.9901,23.86,937
2022-12-23,24.0,24.1174,24.12,24.0,3730
2022-12-27,24.08,24.0691,24.09,24.05,6985
2022-12-28,24.06,23.8263,24.075,23.8263,6746
2022-12-29,24.01,24.1504,24.18,24.01,2497
2022-12-30,24.015,24.0873,24.0873,23.88,2881
2023-01-03,23.97,24.0216,24.0216,23.88,3952
2023-01-04,24.07,24.0893,24.15,24.06,1270
2023-01-05,24.0,23.9336,24.0,23.915,2555
2023-01-06,24.2,24.3652,24.41,24.2,543
2023-01-09,24.5999,24.3558,24.5999,24.3558,7543
2023-01-10,24.35,24.4594,24.47,24.2626,42931
2023-01-11,24.59,24.76,24.76,24.59,2670
2023-01-12,24.64,24.7911,24.85,24.64,2631
2023-01-13,24.79,24.8849,24.9,24.78,11208
2023-01-17,24.91,24.8305,24.91,24.8305,1209
2023-01-18,24.91,24.5397,24.91,24.5397,4685
2023-01-19,24.42,24.3988,24.5399,24.35,10423
2023-01-20,24.515,24.7583,24.7583,24.515,5072
2023-01-23,24.92,24.9979,25.075,24.92,3783
2023-01-24,24.91,24.9735,25.03,24.9,2895
2023-01-25,24.73,24.9481,24.97,24.65,1458
2023-01-26,25.13,25.162,25.162,25.07,3020
2023-01-27,25.23,25.2455,25.3099,25.21,7722
2023-01-30,25.15,24.9684,25.15,24.9684,672
2023-01-31,25.015,25.2566,25.2566,25.015,4404
2023-02-01,25.18,25.4123,25.49,25.18,1086
2023-02-02,25.63,25.63,25.69,25.63,3034
2023-02-03,25.63,25.4574,25.63,25.4001,2893
2023-02-06,25.4,25.3388,25.4,25.3361,613
2023-02-07,25.32,25.5984,25.5984,25.32,636
2023-02-08,25.56,25.3849,25.56,25.3849,2641
2023-02-09,25.34,25.2256,25.34,25.21,1356
2023-02-10,25.21,25.2614,25.2614,25.21,2416
2023-02-13,25.369,25.4396,25.4396,25.369,2332
2023-02-14,25.455,25.4824,25.5,25.455,2194
2023-02-15,25.46,25.5041,25.53,25.46,485
2023-02-16,25.35,25.2769,25.44,25.2769,1177
2023-02-17,25.09,25.2278,25.2278,25.09,2950
2023-02-21,24.9927,24.8695,25.02,24.86,11624
2023-02-22,24.8724,24.8315,24.89,24.8315,1765
2023-02-23,24.76,24.9507,24.9507,24.76,856
2023-02-24,24.725,24.7515,24.815,24.725,2244
2023-02-27,24.88,24.8144,24.88,24.8144,3326
2023-02-28,24.81,24.7936,24.86,24.7301,5419
2023-03-01,24.61,24.5973,24.64,24.5692,9568
2023-03-02,24.7,24.7386,24.7386,24.67,1693
2023-03-03,24.92,25.0142,25.0142,24.92,1192
2023-03-06,25.05,25.03,25.05,25.02,978
2023-03-07,24.8107,24.7729,24.8107,24.7729,1375
2023-03-08,24.81,24.7812,24.826,24.69,4197
2023-03-09,24.4572,24.4572,24.4572,24.4572,70
2023-03-10,24.38,24.1985,24.43,24.1985,13317
2023-03-13,24.23,24.2374,24.41,24.23,487
2023-03-14,24.36,24.4925,24.4925,24.36,364
2023-03-15,24.3089,24.3615,24.3615,24.245,5992
2023-03-16,24.399,24.6877,24.7,24.399,2090
2023-03-17,24.4939,24.4939,24.4939,24.4939,65
2023-03-20,24.6,24.6616,24.6616,24.6,392
2023-03-21,24.85,24.8981,24.9,24.85,2143
2023-03-22,24.6633,24.6633,24.6633,24.6633,104
2023-03-23,23.2,24.6824,24.89,23.2,1328
2023-03-24,24.68,24.749,24.749,24.68,200
2023-03-27,24.8453,24.808,24.9099,24.808,1691
2023-03-28,24.79,24.7746,24.79,24.7746,311
2023-03-29,24.964,25.0369,25.0369,24.94,3204
2023-03-30,25.1,25.129,25.15,25.045,14071
2023-03-31,25.21,25.4001,25.4001,25.21,4604
2023-04-03,25.4184,25.462,25.49,25.4184,1128
2023-04-04,25.4,25.3647,25.43,25.3334,2587
2023-04-05,25.359,25.3223,25.36,25.3223,551
2023-04-06,25.36,25.3943,25.3943,25.36,1902
2023-04-10,25.15,25.3988,25.3988,25.15,10111
2023-04-11,25.4699,25.4147,25.4699,25.4147,2457
2023-04-12,25.44,25.3254,25.5,25.324,2202
2023-04-13,25.41,25.5901,25.5901,25.41,2393
2023-04-14,25.48,25.5571,25.5571,25.48,590
2023-04-17,25.5401,25.6178,25.6178,25.54,2679
2023-04-18,25.6699,25.6513,25.68,25.57,26572
2023-04-19,25.66,25.6354,25.69,25.62,4587
2023-04-20,25.54,25.5376,25.54,25.5376,270
2023-04-21,25.5599,25.5677,25.62,25.505,3211
2023-04-24,25.54,25.5514,25.57,25.54,3830
2023-04-25,25.48,25.3036,25.48,25.3036,1107
2023-04-26,25.38,25.2427,25.38,25.23,588
2023-04-27,25.38,25.577,25.63,25.375,2884
2023-04-28,25.73,25.7366,25.76,25.72,4639
2023-05-01,25.7892,25.7486,25.7892,25.7486,1123
2023-05-02,25.63,25.5525,25.63,25.44,3672
2023-05-03,25.61,25.4107,25.64,25.39,28129
2023-05-04,25.35,25.2619,25.35,25.22,16179
2023-05-05,25.53,25.6044,25.7,25.445,41582
2023-05-08,25.61,25.6149,25.65,25.57,3665
2023-05-09,25.53,25.5419,25.6,25.51,9670
2023-05-10,25.58,25.686,25.69,25.536,12415
2023-05-11,25.92,25.65,25.92,25.6,1987
2023-05-12,25.47,25.5862,25.5862,25.47,3250
2023-05-15,25.6,25.6378,25.6378,25.6,711
2023-05-16,25.55,25.5322,25.62,25.5322,596
2023-05-17,25.54,25.7561,25.7561,25.54,8133
2023-05-18,25.7417,25.925,25.925,25.7417,4918
2023-05-19,25.94,25.9115,25.94,25.82,5534
