2021-11-12,5.2,4.55,5.25,4.27,424655
2021-11-15,4.3,4.49,4.49,4.3,123179
2021-11-16,4.31,4.08,4.35,4.03,78137
2021-11-17,4.05,4.23,4.4,4.05,113386
2021-11-18,4.26,4.2,4.3,4.06,27723
2021-11-19,4.1499,4.12,4.295,4.05,24572
2021-11-22,4.08,4.18,4.18,4.05,24924
2021-11-23,4.08,4.14,4.3,4.05,12656
2021-11-24,4.05,4.29,4.3,3.9,56503
2021-11-26,4.24,4.14,4.28,4.05,29790
2021-11-29,4.24,4.2999,4.2999,4.1027,3137
2021-11-30,4.29,4.27,4.29,4.1,16474
2021-12-01,4.27,4.19,4.27,4.08,11995
2021-12-02,4.2578,4.25,4.2578,4.2,3968
2021-12-03,4.26,4.2,4.29,4.2,12895
2021-12-06,4.1727,4.28,4.28,4.17,12293
2021-12-07,4.28,4.46,4.47,4.23,8461
2021-12-08,4.23,4.5,4.5899,4.06,23352
2021-12-09,4.55,4.3399,4.55,4.26,32073
2021-12-10,4.3,4.25,4.35,4.2,15759
2021-12-13,4.26,4.5752,4.6,4.25,40311
2021-12-14,4.5,4.41,4.6,4.11,14962
2021-12-15,4.32,4.09,4.32,4.0501,8563
2021-12-16,4.09,3.9677,4.108,3.9677,12721
2021-12-17,4.0,3.975,4.0,3.93,4786
2021-12-20,3.9699,3.81,3.97,3.8,11275
2021-12-21,3.8745,3.58,3.8745,3.5,6904
2021-12-22,3.91,3.7301,3.91,3.73,905
2021-12-23,3.75,3.84,3.891,3.7,10623
2021-12-27,3.8,3.51,3.8,3.5,13118
2021-12-28,3.5,3.22,3.5499,3.22,12959
2021-12-29,3.18,3.49,3.96,3.01,33640
2021-12-30,3.27,3.1501,3.49,3.05,31545
2021-12-31,3.12,2.9524,3.2961,2.87,32861
2022-01-03,3.01,3.1,3.1,3.01,13647
2022-01-04,3.01,2.93,3.01,2.92,4561
2022-01-05,2.96,2.96,3.37,2.96,19598
2022-01-06,2.9201,3.03,3.03,2.9201,1344
2022-01-07,2.88,3.11,3.4186,2.88,5189
2022-01-10,3.01,3.04,3.04,2.91,1563
2022-01-11,3.0699,3.27,3.27,3.06,16360
2022-01-12,3.34,3.28,4.95,3.22,3349945
2022-01-13,3.17,3.06,3.2999,2.96,88599
2022-01-14,2.92,3.07,3.18,2.85,31436
2022-01-18,3.13,3.41,3.44,3.13,72658
2022-01-19,3.31,3.34,3.4,3.3,7725
2022-01-20,3.37,2.85,3.3702,2.585,216359
2022-01-21,2.89,2.468,3.34,2.22,526818
2022-01-24,3.8,3.1,3.92,2.4,10458299
2022-01-25,3.25,3.03,3.33,2.68,1450172
2022-01-26,2.88,2.72,3.01,2.62,266031
2022-01-27,2.69,2.81,2.89,2.36,329735
2022-01-28,2.65,2.48,2.685,2.33,107303
2022-01-31,2.47,2.4,2.548,2.27,62547
2022-02-01,2.35,2.44,2.55,2.25,67331
2022-02-02,2.4,2.56,2.83,2.28,186003
2022-02-03,2.44,2.555,2.63,2.44,24654
2022-02-04,2.47,2.5956,2.6065,2.42,13564
2022-02-07,2.46,2.4713,2.57,2.4483,14295
2022-02-08,2.43,2.48,2.61,2.42,36406
2022-02-09,2.41,2.57,2.57,2.38,38545
2022-02-10,2.53,2.55,2.65,2.45,33158
2022-02-11,2.5745,2.45,2.58,2.4101,18912
2022-02-14,2.46,2.32,2.46,2.29,14624
2022-02-15,2.3106,2.15,2.3106,1.98,170150
2022-02-16,2.15,2.23,2.255,2.15,27506
2022-02-17,2.17,2.1,2.2749,2.0501,24650
2022-02-18,2.1692,2.22,2.3,2.11,13454
2022-02-22,2.25,1.95,2.25,1.95,25974
2022-02-23,2.0,1.97,2.07,1.96,33804
2022-02-24,1.89,1.8301,1.96,1.79,33399
2022-02-25,1.84,2.1,2.14,1.84,28233
2022-02-28,2.1,2.12,2.12,1.97,36405
2022-03-01,2.0,2.07,2.07,2.0,28375
2022-03-02,2.05,2.05,2.09,1.87,15247
2022-03-03,2.03,2.12,2.3199,1.9,58512
2022-03-04,2.1288,2.03,2.229,1.9798,15536
2022-03-07,1.95,2.2,2.2,1.94,20783
2022-03-08,1.9496,2.07,2.07,1.9496,10298
2022-03-09,2.01,2.05,2.1,1.91,37507
2022-03-10,2.0,2.24,2.57,2.0,219891
2022-03-11,2.28,2.34,2.515,2.107,88756
2022-03-14,2.18,2.12,2.27,2.11,66738
2022-03-15,2.12,2.375,2.4,2.09,64346
2022-03-16,2.4,2.53,2.55,2.3,40814
2022-03-17,2.32,2.49,2.685,2.32,66224
2022-03-18,2.52,1.55,2.605,1.55,87798
2022-03-21,2.26,2.15,2.45,2.0,434799
2022-03-22,2.12,2.13,2.15,2.06,63162
2022-03-23,2.12,2.07,2.13,2.0,85912
2022-03-24,2.055,2.04,2.19,2.01,57008
2022-03-25,2.0001,2.15,2.17,2.0001,32105
2022-03-28,2.09,2.18,2.27,2.0822,14456
2022-03-29,2.27,2.38,2.41,2.2,28852
2022-03-30,2.39,2.4,2.45,2.38,9648
2022-03-31,2.4,2.61,2.63,2.2401,73045
2022-04-01,2.57,2.57,2.74,2.4621,47018
2022-04-04,2.51,2.47,2.62,2.4116,38135
2022-04-05,2.41,3.1,3.3,2.41,1083463
2022-04-06,3.1,3.29,3.3919,3.05,164040
2022-04-07,3.22,2.475,3.74,2.39,1893949
2022-04-08,2.53,2.3,2.63,2.25,159020
2022-04-11,2.33,2.042,2.58,2.0,238358
2022-04-12,2.03,1.99,2.08,1.97,58371
2022-04-13,1.95,2.25,2.29,1.95,48362
2022-04-14,2.2,2.19,2.2139,2.1,9248
2022-04-18,2.1502,2.13,2.1502,2.06,7488
2022-04-19,2.12,2.3,2.36,2.08,31134
2022-04-20,2.26,2.24,2.28,2.1658,9428
2022-04-21,2.24,2.15,2.24,2.1,6669
2022-04-22,2.1399,2.26,2.3,2.1399,2279
2022-04-25,2.11,2.1,2.16,2.1,5853
2022-04-26,2.1,2.225,2.225,2.0582,4524
2022-04-27,2.1104,2.15,2.16,2.01,7473
2022-04-28,2.13,2.12,2.13,2.05,7223
2022-04-29,2.09,2.09,2.09,2.05,1384
2022-05-02,2.1,2.16,2.16,2.075,7005
2022-05-03,2.16,2.1,2.23,2.09,33031
2022-05-04,2.15,2.13,2.27,2.1172,2085
2022-05-05,2.11,2.25,2.25,2.11,1982
2022-05-06,2.13,2.13,2.13,2.13,1112
2022-05-09,2.24,2.1,2.24,2.1,17162
2022-05-10,2.1,2.22,2.28,2.1,5748
2022-05-11,2.1001,2.2,2.2,2.1,9903
2022-05-12,2.09,2.23,2.65,2.09,187800
2022-05-13,2.48,2.18,2.52,1.975,29934
2022-05-16,2.18,2.12,2.18,2.11,2264
2022-05-17,2.08,2.09,2.09,2.08,1838
2022-05-18,2.0188,2.0579,2.0579,2.0188,1116
2022-05-19,2.16,2.18,2.18,2.1,5708
2022-05-20,2.12,2.16,2.28,2.1,22881
2022-05-23,2.17,2.12,2.4799,2.0805,52470
2022-05-24,2.07,2.29,2.3699,2.01,3407
2022-05-25,2.1,2.11,2.15,2.1,763
2022-05-26,2.1872,2.33,2.56,2.1872,53115
2022-05-27,2.33,2.35,2.59,2.285,43303
2022-05-31,2.53,2.66,2.66,2.3397,34377
2022-06-01,2.7,2.51,2.7,2.49,8416
2022-06-02,2.51,2.47,2.5297,2.36,5885
2022-06-03,2.4,2.2901,2.4719,2.23,6762
2022-06-06,2.46,2.695,2.76,2.44,32372
2022-06-07,2.75,2.56,2.75,2.52,3825
2022-06-08,2.53,2.8,2.8079,2.5001,4549
2022-06-09,2.7095,2.7,2.787,2.7,2420
2022-06-10,2.75,2.475,2.75,2.42,12908
2022-06-13,2.41,2.49,2.49,2.25,6947
2022-06-14,2.47,2.8,2.82,2.47,6684
2022-06-15,2.53,2.61,2.73,2.53,6643
2022-06-16,2.35,2.44,2.7,2.31,11839
2022-06-17,2.44,2.37,2.6394,2.31,155624
2022-06-21,2.49,2.76,3.03,2.49,116718
2022-06-22,2.85,2.31,2.85,2.11,66670
2022-06-23,2.41,2.38,2.4499,2.3748,10810
2022-06-24,2.33,2.355,2.5218,2.33,1141
2022-06-27,2.25,2.41,2.5,2.25,6312
2022-06-28,2.44,2.7,2.72,2.44,16684
2022-06-29,2.5032,2.5,2.63,2.43,10044
2022-06-30,2.64,2.64,2.64,2.64,587
2022-07-05,2.5,2.56,2.56,2.5,708
2022-07-06,2.49,2.49,2.49,2.49,461
2022-07-07,2.68,2.6199,2.68,2.5,1676
2022-07-08,2.64,2.64,2.64,2.64,501
2022-07-11,2.51,2.64,2.64,2.51,453
2022-07-12,2.39,2.49,2.49,2.3,1927
2022-07-13,2.4401,2.55,2.55,2.4401,603
2022-07-19,2.42,2.6,2.68,2.42,1065
2022-07-20,2.47,2.19,2.53,2.15,8905
2022-07-21,2.2,2.2073,2.58,2.15,20026
2022-07-22,2.15,2.14,2.4,2.14,33003
2022-07-25,2.2,2.22,2.2399,2.18,3664
2022-07-26,2.2,2.24,2.25,2.19,1579
2022-07-27,2.2,2.14,2.21,2.1,41372
2022-07-28,2.25,2.1127,2.25,2.1127,4534
2022-07-29,2.2,2.21,2.44,2.1,46344
2022-08-01,2.24,2.18,2.24,2.12,2869
2022-08-02,2.1999,2.32,2.39,2.18,35738
2022-08-03,2.2878,2.26,2.2878,2.26,692
2022-08-04,2.45,2.39,2.45,2.26,7163
2022-08-05,2.3737,2.3737,2.3737,2.3737,227
2022-08-08,2.25,2.3127,2.4384,2.25,6360
2022-08-09,2.3,2.25,2.31,2.25,3195
2022-08-10,2.3,2.39,2.425,2.27,8764
2022-08-11,2.39,2.3268,2.39,2.3268,1441
2022-08-12,2.33,2.2832,2.42,2.2815,2762
2022-08-15,2.28,2.29,2.3,2.26,1421
2022-08-16,2.3,2.35,2.35,2.25,39285
2022-08-17,2.39,2.25,2.39,2.25,5986
2022-08-18,2.25,2.25,2.25,2.25,614
2022-08-19,2.29,2.25,2.29,2.25,11336
2022-08-22,2.39,2.39,2.39,2.39,280
2022-08-23,2.42,2.39,2.42,2.33,776
2022-08-24,2.25,2.39,2.39,2.1,2689
2022-08-26,2.25,2.35,2.3851,2.25,1528
2022-08-30,2.3,2.1897,2.3,2.12,1697
2022-08-31,2.12,2.2,2.2499,2.1,4098
2022-09-01,2.11,2.1,2.1872,2.1,13889
2022-09-02,2.11,2.19,2.22,2.1,21814
2022-09-06,2.12,2.2791,2.2791,2.101,2448
2022-09-07,2.49,2.39,2.49,2.27,1682
2022-09-08,2.4,2.37,2.4,2.255,1703
2022-09-09,2.13,2.39,2.39,2.13,2309
2022-09-12,2.2,2.2,2.2,2.2,931
2022-09-13,2.39,2.33,2.39,2.17,2825
2022-09-14,2.12,2.23,2.31,2.12,3373
2022-09-15,2.33,2.31,2.33,2.12,4934
2022-09-16,2.11,2.17,2.29,2.11,3495
2022-09-19,2.17,2.24,2.24,2.17,3164
2022-09-20,2.2334,2.12,2.2334,2.1,7155
2022-09-21,2.27,2.27,2.27,2.27,772
2022-09-22,2.1,2.1,2.195,2.1,4601
2022-09-23,2.1,2.1,2.1,2.1,1420
2022-09-26,2.1,2.1,2.1,2.1,5308
2022-09-29,2.37,2.35,2.37,2.141,576
2022-09-30,2.11,2.1,2.25,2.1,4529
2022-10-03,2.1,2.12,2.1329,2.1,3492
2022-10-04,2.23,2.23,2.23,2.23,556
2022-10-05,2.29,2.3,2.3,2.28,4273
2022-10-06,2.25,2.1192,2.25,2.1192,1002
2022-10-07,2.11,2.13,2.35,2.11,1479
2022-10-10,2.1256,2.1256,2.1256,2.1256,392
2022-10-11,2.19,2.05,2.19,2.025,8102
2022-10-13,1.96,2.0621,2.0621,1.9,1132
2022-10-14,2.04,2.0046,2.04,1.79,11667
2022-10-17,1.81,1.965,1.965,1.74,2340
2022-10-18,1.9912,1.99,1.9912,1.99,1064
2022-10-19,2.0,2.0,2.0,2.0,617
2022-10-20,1.8433,2.03,2.03,1.8433,1416
2022-10-21,1.9,2.0,2.0199,1.9,2025
2022-10-25,2.0,2.15,2.15,2.0,7958
2022-10-26,2.33,2.15,2.33,2.15,713
2022-10-27,2.32,2.33,2.3499,2.2,5242
2022-10-28,1.8701,2.29,2.29,1.8701,635
2022-10-31,2.35,2.39,2.39,2.35,1380
2022-11-01,2.36,2.4,2.4,2.27,8873
2022-11-02,2.28,2.4054,2.4054,1.9901,10138
2022-11-03,2.4,2.39,2.4,2.39,1244
2022-11-04,2.19,2.3698,2.3698,2.01,9207
2022-11-07,2.3,2.3,2.3,2.3,125
2022-11-10,2.1359,2.23,2.27,2.04,3927
2022-11-11,2.0101,2.08,2.1612,2.0101,8154
2022-11-14,2.0,2.07,2.07,2.0,2316
2022-11-15,2.07,2.0,2.07,2.0,2621
2022-11-16,2.0001,2.0,2.105,2.0,6884
2022-11-17,2.0,1.72,2.0,1.7,4448
2022-11-18,1.5001,2.0,2.0,1.5001,8265
2022-11-21,2.2,2.03,2.2,2.03,886
2022-11-22,1.97,1.98,1.98,1.97,513
2022-11-23,1.785,1.9656,1.9656,1.785,518
2022-11-25,2.2404,2.09,2.2404,2.07,658
2022-12-01,2.33,2.02,2.33,1.98,4826
2022-12-07,1.6,2.0,2.1,1.6,3521
2022-12-08,2.05,1.75,2.05,1.75,6027
2022-12-09,1.895,2.0,2.0,1.895,13181
2022-12-12,1.82,2.0725,2.0725,1.77,1559
2022-12-13,1.86,2.04,2.04,1.81,5670
2022-12-14,1.83,1.83,1.83,1.83,300
2022-12-16,1.95,1.9,1.95,1.83,1274
2022-12-19,1.85,1.92,1.92,1.75,2129
2022-12-20,1.75,1.9479,1.96,1.61,12175
2022-12-21,1.825,1.9,1.9,1.7,3326
2022-12-22,1.7001,1.73,1.9599,1.7,7211
2022-12-23,1.65,1.71,1.7999,1.6339,2844
2022-12-27,1.57,1.6473,1.7,1.55,1782
2022-12-28,1.6799,1.64,1.68,1.5653,87959
2022-12-29,1.6827,1.8038,1.8038,1.62,3817
2022-12-30,1.7,1.8281,1.8281,1.61,18137
2023-01-03,1.742,1.8,1.8,1.65,4095
2023-01-05,1.68,1.81,1.81,1.68,2185
2023-01-09,1.71,1.69,1.778,1.69,3985
2023-01-11,1.7,1.6401,1.7,1.6401,1421
2023-01-12,1.6,1.8597,1.8597,1.6,150638
2023-01-13,1.6438,1.815,1.8899,1.63,1519
2023-01-17,1.81,1.805,1.89,1.7,14337
2023-01-18,1.88,1.89,1.89,1.87,4180
2023-01-20,1.85,1.9084,1.9084,1.85,1069
2023-01-23,2.0,1.87,2.0,1.77,30951
2023-01-24,1.88,1.89,1.915,1.85,5264
2023-01-26,1.825,1.73,1.825,1.71,5183
2023-01-27,1.9,1.81,1.9,1.81,746
2023-01-30,1.94,1.94,1.94,1.94,485
2023-01-31,1.82,1.82,1.88,1.82,419
2023-02-01,2.01,1.71,2.01,1.7,18361
2023-02-02,1.9081,1.7101,1.9081,1.7101,1335
2023-02-03,1.7468,1.75,1.75,1.7468,668
2023-02-06,1.805,1.805,1.805,1.805,383
2023-02-07,1.86,1.67,1.87,1.67,7361
2023-02-08,1.71,1.71,1.71,1.71,534
2023-02-09,1.9092,1.7398,1.9092,1.7398,1194
2023-02-14,1.7892,1.846,1.846,1.7727,910
2023-02-23,1.63,1.85,1.85,1.5501,8815
2023-02-24,1.96,2.2,2.2,1.96,31891
2023-02-27,2.16,2.3,2.4,2.15,17100
2023-02-28,2.2,2.1,2.2795,2.08,5486
2023-03-01,1.8,2.0,2.0,1.74,2645
2023-03-02,2.1,2.12,2.12,2.1,2972
2023-03-03,2.195,2.23,2.24,2.0506,965
2023-03-07,2.2,2.2,2.2,2.2,493
2023-03-08,2.085,2.085,2.085,2.085,134
2023-03-09,2.18,2.3,2.37,2.18,8132
2023-03-10,2.39,2.49,2.49,2.39,6140
2023-03-13,2.59,2.75,2.75,2.4116,5388
2023-03-14,2.75,2.605,2.75,2.48,1519
2023-03-16,2.473,2.473,2.473,2.473,347
2023-03-17,2.5,2.85,2.9,2.5,10875
2023-03-20,2.9,2.965,3.0,2.75,4790
2023-03-21,2.9899,2.95,2.99,2.95,1898
2023-03-22,2.7,2.87,2.87,2.7,1194
2023-03-23,2.7001,2.75,2.7501,2.7001,3730
2023-03-24,2.76,3.0,3.0,2.725,14012
2023-03-27,2.99,2.85,2.99,2.85,2278
2023-03-28,2.6936,2.85,2.85,2.54,4299
2023-03-29,2.5701,2.85,2.85,2.5701,6860
2023-03-30,2.6365,2.95,2.95,2.62,2784
2023-04-03,2.69,2.83,2.94,2.69,1208
2023-04-04,2.63,2.55,2.63,2.55,3223
2023-04-05,2.8634,2.65,2.8634,2.65,319
2023-04-06,2.6023,2.5,2.6023,2.5,452
2023-04-10,2.69,2.69,2.69,2.69,262
2023-04-11,2.6,2.85,2.85,2.5,3550
2023-04-12,2.8,2.74,2.83,2.74,1353
2023-04-13,2.4,2.59,2.59,2.26,1732
2023-04-14,2.3201,2.3407,2.49,2.3201,871
2023-04-17,2.35,2.35,2.35,2.35,755
2023-04-18,2.29,2.4,2.4,2.29,386
2023-04-19,2.8,2.9,2.95,2.8,8193
2023-04-20,2.9,2.78,2.9,2.78,731
2023-04-24,2.78,2.51,2.78,2.51,1871
2023-04-25,2.57,2.51,2.75,2.49,2339
2023-04-26,2.76,2.85,2.85,2.74,3536
2023-04-27,2.65,2.67,2.67,2.65,391
2023-04-28,2.87,2.92,2.92,2.87,1759
2023-05-01,2.71,2.73,2.73,2.71,370
2023-05-02,2.54,2.78,2.78,2.52,1467
2023-05-03,2.675,2.57,2.68,2.57,624
2023-05-04,NaN,NaN,NaN,NaN,100
