2019-11-14,7280.0,9800.0,12600.0,7280.0,2
2019-11-15,9800.0,8843.8,10080.0,8843.8,44
2019-11-18,8400.0,8470.0,8820.0,8400.0,45
2019-11-19,7700.0,7350.0,7700.0,7000.0,4
2019-11-20,8162.0,7714.0,8162.0,7350.0,10
2019-11-21,7728.0,6314.0,7728.0,6314.0,85
2019-11-22,5768.0,6272.0,6776.0,5040.0,416
2019-11-25,5012.0,6384.0,6440.0,4998.0,106
2019-11-26,6664.0,9604.0,11774.0,6446.72,496
2019-11-27,9954.0,7840.0,10808.0,7280.0,476
2019-11-29,7756.0,7518.0,7980.0,7280.0,101
2019-12-02,7644.0,7560.0,7938.0,7154.0,182
2019-12-03,7490.0,7910.0,8113.0,7112.0,72
2019-12-04,8162.0,8092.0,8624.0,7700.0,170
2019-12-05,8190.0,8862.0,9548.0,8029.0,200
2019-12-06,8974.0,9338.0,9534.0,8750.0,187
2019-12-09,9450.0,8750.0,9450.0,8540.0,88
2019-12-10,8750.0,8946.0,9170.0,8569.4,216
2019-12-11,8946.0,8610.0,8954.96,8442.0,122
2019-12-12,8624.0,8820.0,8904.0,8414.0,50
2019-12-13,8890.0,8470.0,8890.0,8260.0,115
2019-12-16,8470.0,8610.0,8946.0,8400.0,69
2019-12-17,8582.0,8260.0,9156.0,8204.0,118
2019-12-18,8218.0,7644.0,8260.0,7462.0,171
2019-12-19,7700.0,7840.0,8288.0,7444.92,71
2019-12-20,7854.0,8008.0,8202.6,7714.0,122
2019-12-23,7882.0,9688.0,10148.32,7882.0,169
2019-12-24,9800.0,9380.0,9906.82,8932.0,33
2019-12-26,9324.0,10080.0,10311.0,9002.0,94
2019-12-27,10192.0,10136.0,11591.86,10080.0,151
2019-12-30,10150.0,9772.0,10668.0,9464.0,55
2019-12-31,9744.0,9688.0,10108.0,9660.0,44
2020-01-02,9730.0,9142.0,9730.0,8904.0,93
2020-01-03,9100.0,9870.0,10010.0,8680.0,84
2020-01-06,9898.0,9520.0,9995.86,8890.0,159
2020-01-07,9520.0,9674.0,9730.0,8904.0,26
2020-01-08,9520.0,9814.0,10149.86,9520.0,49
2020-01-09,9786.0,9772.0,9954.0,9422.0,59
2020-01-10,9968.0,10136.0,10500.0,9800.0,187
2020-01-13,10234.0,10948.0,11130.0,10150.0,171
2020-01-14,11130.0,10262.0,11130.0,10220.0,51
2020-01-15,10737.16,9660.0,10737.16,9338.0,89
2020-01-16,9800.0,10458.0,10652.88,9800.0,49
2020-01-17,10486.0,10332.0,10934.0,10094.0,48
2020-01-21,10332.0,9856.0,11130.0,9800.0,82
2020-01-22,11116.0,11942.0,12600.0,10767.54,553
2020-01-23,12824.0,11844.0,13440.0,11816.0,325
2020-01-24,12054.0,11627.0,12684.0,10500.0,89
2020-01-27,11480.0,11914.0,12768.0,11214.0,101
2020-01-28,12334.0,12166.0,12706.82,12040.0,94
2020-01-29,12712.0,12152.0,12972.68,11718.0,96
2020-01-30,12152.0,12026.0,12432.0,11709.32,97
2020-01-31,12026.0,11718.0,12180.0,11425.54,92
2020-02-03,12124.0,11844.0,12264.0,11424.0,93
2020-02-04,11914.0,11886.0,12262.04,11690.0,76
2020-02-05,11900.0,12922.0,13440.0,11508.0,151
2020-02-06,13146.0,12740.0,13252.54,12614.0,99
2020-02-07,12880.0,12600.0,13160.0,12474.0,87
2020-02-10,12614.0,11718.0,12932.64,11329.78,137
2020-02-11,11662.0,11438.0,11830.0,10710.0,164
2020-02-12,11298.0,11620.0,11956.0,11298.0,86
2020-02-13,11564.0,11970.0,12434.66,11564.0,98
2020-02-14,11914.0,11522.0,12155.5,11480.0,113
2020-02-18,11886.0,11732.0,12281.92,11494.0,201
2020-02-19,12180.0,10976.0,12558.0,10976.0,401
2020-02-20,11676.0,11198.6,11830.0,10444.0,859
2020-02-21,13790.0,12824.0,14196.0,12124.0,5658
2020-02-24,12180.0,12530.0,13440.0,11914.0,1028
2020-02-25,12852.0,11200.0,12950.0,11158.0,700
2020-02-26,11438.0,10164.0,11438.0,9702.0,604
2020-02-27,9884.0,9408.0,9940.0,8561.0,421
2020-02-28,8792.0,9772.0,10332.0,8680.0,500
2020-03-02,9940.0,9786.0,10331.86,9450.0,342
2020-03-03,9800.0,9100.0,9912.0,8848.0,275
2020-03-04,9240.0,10654.0,11087.86,9184.0,520
2020-03-05,10640.0,10010.0,10836.0,9716.0,169
2020-03-06,9506.0,9016.0,9753.8,8946.0,395
2020-03-09,8344.0,7770.0,8372.0,7623.0,239
2020-03-10,8204.0,7798.0,8650.74,6993.0,288
2020-03-11,7546.0,6916.0,7791.0,6874.0,192
2020-03-12,6174.0,6216.0,6846.0,5918.78,302
2020-03-13,6790.0,5894.0,6888.0,5614.0,212
2020-03-16,5600.0,5796.0,6370.0,5152.0,144
2020-03-17,5838.0,7028.0,7420.0,5838.0,203
2020-03-18,6678.0,5908.0,6986.0,5670.0,127
2020-03-19,5908.0,6496.0,7602.0,5908.0,128
2020-03-20,6650.0,5950.0,6790.0,5712.0,162
2020-03-23,6006.0,6118.0,6272.0,5600.0,113
2020-03-24,4186.0,3178.0,4186.0,3024.0,3082
2020-03-25,3290.0,3276.0,3416.0,3080.0,903
2020-03-26,3290.0,3640.0,3696.0,3122.0,1535
2020-03-27,3640.0,3710.0,3906.0,3430.0,764
2020-03-30,3850.0,3500.0,3892.0,3416.0,677
2020-03-31,3444.0,3472.0,3598.0,3206.0,749
2020-04-01,3458.0,3206.0,3500.0,3192.0,453
2020-04-02,3178.0,3080.0,3416.0,3038.0,527
2020-04-03,3108.0,3080.0,3360.0,3052.0,516
2020-04-06,3262.0,3332.0,3528.0,3150.0,692
2020-04-07,3514.0,3346.0,3612.0,3332.0,515
2020-04-08,3374.0,3360.0,3542.0,3220.0,512
2020-04-09,3514.0,3367.0,3528.0,3360.0,299
2020-04-13,3402.0,3290.0,3500.0,3080.0,293
2020-04-14,3430.0,3290.0,3444.0,3234.0,313
2020-04-15,3206.0,3346.0,3388.0,3150.0,294
2020-04-16,3360.0,3290.0,3387.86,3164.0,324
2020-04-17,3346.0,3276.0,3429.86,3241.0,220
2020-04-20,3276.0,3346.0,3458.0,3262.0,416
2020-04-21,3346.0,3458.0,3500.0,3290.0,377
2020-04-22,3556.0,3710.0,4004.0,3472.0,1029
2020-04-23,3780.0,3892.0,4046.0,3640.0,1095
2020-04-24,3976.0,4046.0,4242.0,3822.0,1121
2020-04-27,4158.0,4382.0,4424.0,3990.0,1504
2020-04-28,4452.0,4774.0,4872.0,4382.0,1278
2020-04-29,4956.0,4557.0,4956.0,4270.0,1070
2020-04-30,4438.0,4305.0,4592.0,4228.0,487
2020-05-01,4242.0,4382.0,4536.0,4074.0,603
2020-05-04,4354.0,4480.0,4578.0,4270.0,663
2020-05-05,4550.0,4466.0,4760.0,4354.0,685
2020-05-06,4438.0,4270.0,4480.0,4074.0,443
2020-05-07,4284.0,4172.0,4326.0,4088.0,403
2020-05-08,4088.0,4242.0,4354.0,4060.0,429
2020-05-11,4284.0,4270.0,4335.1,4088.0,527
2020-05-12,4340.0,4900.0,5432.0,4326.0,1379
2020-05-13,4900.0,5082.0,5460.0,4900.0,1029
2020-05-14,5166.0,4844.0,5178.18,4760.0,552
2020-05-15,5138.0,6076.0,6930.0,4914.0,3564
2020-05-18,6300.0,5880.0,6440.0,5404.0,1801
2020-05-19,5726.0,5614.0,5894.0,5600.0,360
2020-05-20,5628.0,5684.0,5964.0,5628.0,526
2020-05-21,5740.0,5572.0,5782.0,5418.0,355
2020-05-22,5600.0,5642.0,5726.0,5390.0,324
2020-05-26,6090.0,6104.0,6300.0,5880.0,746
2020-05-27,6342.0,6328.0,6621.86,6020.0,634
2020-05-28,6328.0,6146.0,6580.0,6118.0,431
2020-05-29,6118.0,5950.0,6176.24,5740.0,451
2020-06-01,5950.0,5740.0,6118.0,5698.0,364
2020-06-02,5810.0,5516.0,5810.0,5292.0,513
2020-06-03,5586.0,5628.0,5810.0,5516.0,370
2020-06-04,5572.0,5208.0,5572.0,5068.28,1009
2020-06-05,5572.0,5530.0,5600.0,5180.0,393
2020-06-08,5796.0,5992.0,6356.0,5754.0,1152
2020-06-09,5894.0,5824.0,6160.0,5754.0,406
2020-06-10,5894.0,5670.0,5922.0,5488.14,461
2020-06-11,5418.0,5110.0,5586.0,4998.0,696
2020-06-12,5278.0,4984.0,5362.0,4928.0,581
2020-06-15,5250.0,5530.0,5698.0,5040.0,636
2020-06-16,5824.0,5474.0,5852.0,5460.0,380
2020-06-17,5558.0,5446.0,5768.0,5418.0,469
2020-06-18,5376.0,5670.0,5712.0,5348.0,365
2020-06-19,5754.0,5306.0,5866.0,5306.0,467
2020-06-22,5642.0,5292.0,5656.0,5250.0,405
2020-06-23,5320.0,5306.0,5502.0,5180.0,396
2020-06-24,5334.0,5348.0,5460.0,4914.0,507
2020-06-25,5558.0,6006.0,6065.78,5362.0,988
2020-06-26,6020.0,6272.0,6552.0,5768.0,2079
2020-06-29,6622.0,6104.0,6622.0,5908.0,734
2020-06-30,6118.0,5810.0,6188.0,5418.0,563
2020-07-01,5810.0,5712.0,5838.0,5600.0,282
2020-07-02,5866.0,5600.0,5866.0,5530.0,279
2020-07-06,5600.0,5166.0,5600.0,4984.0,776
2020-07-07,5166.0,5236.0,5460.0,5166.0,232
2020-07-08,5180.0,5110.0,5417.86,5054.0,312
2020-07-09,5110.0,4942.0,5166.0,4802.0,424
2020-07-10,4914.0,4942.0,5012.0,4760.0,323
2020-07-13,4956.0,4970.0,5123.86,4900.0,188
2020-07-14,4984.0,4718.0,5124.0,4648.0,392
2020-07-15,4760.0,4662.0,4942.0,4522.0,336
2020-07-16,4578.0,4774.0,4816.0,4578.0,188
2020-07-17,4718.0,4830.0,4924.5,4704.0,206
2020-07-20,5166.0,4956.0,5166.0,4830.0,394
2020-07-21,4844.0,4788.0,5109.86,4788.0,245
2020-07-22,4802.0,4830.0,4900.0,4620.0,234
2020-07-23,4830.0,4704.0,4886.0,4648.0,214
2020-07-24,4620.0,4620.0,4788.0,4578.0,370
2020-07-27,4522.0,4522.0,4662.0,4508.0,298
2020-07-28,4522.0,4578.0,4620.0,4494.0,170
2020-07-29,4564.0,4410.0,4606.0,4368.0,276
2020-07-30,4368.0,4578.0,4578.0,4326.0,242
2020-07-31,4718.0,4928.0,5012.0,4487.0,420
2020-08-03,4872.0,5068.0,5250.0,4847.64,455
2020-08-04,5096.0,5054.0,5180.0,4914.0,121
2020-08-05,5054.0,4914.0,5138.0,4830.0,125
2020-08-06,4914.0,4872.0,5390.0,4858.0,195
2020-08-07,4914.0,4816.0,5053.86,4746.0,177
2020-08-10,4634.0,3864.0,4662.0,3752.0,1496
2020-08-11,3934.0,3878.0,4130.0,3724.0,422
2020-08-12,3696.0,3458.0,3850.0,3430.0,567
2020-08-13,3500.0,3598.0,3695.86,3500.0,261
2020-08-14,3668.0,3682.0,3798.76,3611.72,163
2020-08-17,3822.0,3822.0,3864.0,3514.0,198
2020-08-18,3850.0,3976.0,4018.0,3850.0,193
2020-08-19,3990.0,4074.0,4158.0,3934.0,248
2020-08-20,4060.0,4242.0,4270.0,4018.14,218
2020-08-21,4158.0,4130.0,4368.0,4060.0,264
2020-08-24,4088.0,3948.0,4172.0,3710.0,277
2020-08-25,3962.0,4067.0,4088.0,3878.0,630
2020-08-26,4186.0,4200.0,4326.0,3878.0,575
2020-08-27,4158.0,4018.0,4158.0,3892.0,150
2020-08-28,3962.0,3892.0,3990.0,3752.0,159
2020-08-31,3794.0,3920.0,4018.0,3766.0,156
2020-09-01,3920.0,4256.0,4256.0,3794.0,435
2020-09-02,4424.0,5390.0,5516.0,4368.0,2672
2020-09-03,5026.0,4984.0,5320.0,4634.0,623
2020-09-04,4886.0,4634.0,5180.0,4284.0,516
2020-09-08,4536.0,4312.0,4634.0,4291.0,264
2020-09-09,4354.0,4466.0,4480.0,4270.0,181
2020-09-10,4494.0,4564.0,4746.0,4284.0,206
2020-09-11,4620.0,4424.0,4634.0,4256.0,197
2020-09-14,4536.0,4592.0,4634.0,4466.0,119
2020-09-15,4690.0,4788.0,5026.0,4606.0,302
2020-09-16,4928.0,4760.0,4997.86,4760.0,184
2020-09-17,4690.0,4760.0,4900.0,4620.0,92
2020-09-18,4774.0,4830.0,4984.0,4774.0,144
2020-09-21,4774.0,4522.0,4781.0,4424.0,161
2020-09-22,4704.0,4690.0,4760.0,4452.0,125
2020-09-23,4648.0,4410.0,4648.0,4270.0,268
2020-09-24,4396.0,4270.0,4480.0,4186.0,156
2020-09-25,4228.0,4214.0,4368.0,4130.0,113
2020-09-28,4242.0,4144.0,4326.0,3920.0,179
2020-09-29,4060.0,3920.0,4123.0,3850.0,254
2020-09-30,3906.0,3878.0,4073.86,3878.0,192
2020-10-01,3990.0,3808.0,4013.8,3752.0,208
2020-10-02,3752.0,4018.0,4018.0,3668.0,178
2020-10-05,4004.0,3850.0,4004.0,3794.0,154
2020-10-06,3962.0,3850.0,3976.0,3808.0,172
2020-10-07,3836.0,3948.0,3975.86,3822.0,103
2020-10-08,3976.0,4060.0,4088.0,3923.78,103
2020-10-09,4060.0,4004.0,4079.46,3976.0,87
2020-10-12,3990.0,4004.0,4060.0,3864.0,133
2020-10-13,3962.0,3906.0,3990.0,3808.0,140
2020-10-14,3864.0,3780.0,3934.0,3752.0,119
2020-10-15,3808.0,3766.0,3886.68,3668.0,103
2020-10-16,3892.0,3766.0,3892.0,3696.0,132
2020-10-19,3766.0,3696.0,3864.0,3640.0,128
2020-10-20,2450.0,2212.0,2506.0,2198.0,5405
2020-10-21,2198.0,1988.0,2198.0,1904.0,2998
2020-10-22,1974.0,2114.0,2170.0,1904.0,1200
2020-10-23,2156.0,2044.0,2156.0,1960.0,817
2020-10-26,2002.0,1806.0,2016.0,1778.0,1696
2020-10-27,1834.0,1694.0,1834.0,1666.0,1143
2020-10-28,1610.0,1484.0,1610.0,1463.0,1895
2020-10-29,1498.0,1582.0,1757.0,1428.0,2633
2020-10-30,1582.0,1526.0,1596.0,1428.0,845
2020-11-02,1526.0,1610.0,1610.0,1442.0,492
2020-11-03,1610.0,1624.0,1652.0,1554.0,511
2020-11-04,1540.0,1610.0,1680.0,1540.0,307
2020-11-05,1624.0,1624.0,1666.0,1582.0,524
2020-11-06,1638.0,1666.0,1680.0,1554.0,444
2020-11-09,1722.0,1540.0,1722.0,1442.0,1969
2020-11-10,1568.0,1396.92,1608.6,1358.0,1670
2020-11-11,1442.0,1442.0,1442.0,1400.0,662
2020-11-12,1442.0,1484.0,1526.0,1400.0,575
2020-11-13,1512.0,1540.0,1582.0,1456.0,620
2020-11-16,1596.0,1582.0,1662.64,1554.0,560
2020-11-17,1596.0,1652.0,1680.0,1582.7,572
2020-11-18,1666.0,1540.0,1680.0,1512.0,897
2020-11-19,1582.0,1470.0,1582.0,1428.0,1592
2020-11-20,1512.0,1484.0,1512.0,1442.0,859
2020-11-23,1484.0,1470.0,1540.0,1456.0,1502
2020-11-24,1456.0,1526.0,1540.0,1428.0,1908
2020-11-25,1568.0,1568.0,1568.0,1526.0,1438
2020-11-27,1568.0,1610.0,1624.0,1568.0,807
2020-11-30,1666.0,1610.0,1666.0,1540.0,1397
2020-12-01,1680.0,1624.0,1736.0,1582.0,1439
2020-12-02,1582.0,1568.0,1610.0,1540.0,878
2020-12-03,1596.0,1736.0,1792.0,1554.0,4155
2020-12-04,1778.0,1638.0,1792.0,1610.0,2585
2020-12-07,1666.0,1596.0,1680.0,1568.0,1806
2020-12-08,1610.0,1582.0,1610.0,1484.0,7529
2020-12-09,1610.0,1596.0,1708.0,1540.0,4465
2020-12-10,1540.0,1554.0,1568.0,1498.0,1891
2020-12-11,1540.0,1582.0,1596.0,1526.0,1714
2020-12-14,1582.0,1526.0,1610.0,1505.0,2045
2020-12-15,1526.0,1470.0,1568.0,1456.0,2752
2020-12-16,1498.0,1456.0,1512.0,1428.0,2188
2020-12-17,1386.0,1391.6,1428.0,1372.0,3270
2020-12-18,1386.28,1365.0,1414.0,1365.0,1853
2020-12-21,1386.0,1363.6,1400.0,1358.0,1392
2020-12-22,1386.0,1398.32,1400.0,1358.0,1930
2020-12-23,1414.0,1498.0,1526.0,1400.0,3190
2020-12-24,1498.0,1470.0,1498.0,1442.0,1054
2020-12-28,1519.0,1442.0,1554.0,1414.0,1757
2020-12-29,1435.0,1428.0,1442.0,1379.0,1907
2020-12-30,1400.0,1414.0,1427.58,1386.7,2312
2020-12-31,1456.0,1414.0,1456.0,1388.8,2118
2021-01-04,1414.0,1414.0,1414.0,1379.0,1791
2021-01-05,1428.0,1399.86,1428.0,1388.1,6232
2021-01-06,1470.0,1554.0,1638.0,1428.0,8618
2021-01-07,1666.0,1596.0,1666.0,1526.0,4472
2021-01-08,1652.0,1638.0,1652.0,1568.0,3669
2021-01-11,1722.0,1820.0,1890.0,1708.0,10366
2021-01-12,1974.0,1904.0,2016.0,1820.0,6680
2021-01-13,1918.0,1848.0,1932.0,1695.82,3786
2021-01-14,1806.0,1862.0,1890.0,1778.0,2418
2021-01-15,1834.0,1820.0,1918.0,1792.0,2369
2021-01-19,1848.0,2072.0,2128.0,1834.0,7172
2021-01-20,2170.98,2380.0,2478.0,2030.0,6622
2021-01-21,2408.0,2198.0,2590.0,2044.0,7756
2021-01-22,2114.0,2044.0,2142.0,1946.0,5810
2021-01-25,2100.0,2058.0,2198.0,2002.0,4647
2021-01-26,2156.0,2114.0,2184.0,2072.0,4045
2021-01-27,1961.4,1890.0,2044.0,1694.0,6780
2021-01-28,1904.0,1904.0,2002.0,1750.0,4800
2021-01-29,1918.0,1862.0,1918.0,1792.0,2783
2021-02-01,1890.0,1848.0,1890.0,1764.0,2476
2021-02-02,1820.0,1988.0,2072.0,1806.0,4233
2021-02-03,2030.0,2114.0,2268.0,2002.0,5714
2021-02-04,2212.0,2184.0,2282.0,2100.0,3338
2021-02-05,2240.0,2240.0,2282.0,2184.0,3258
2021-02-08,2478.0,2380.0,2954.0,2310.0,24317
2021-02-09,2814.0,2716.0,2968.0,2604.0,15539
2021-02-10,2800.0,2730.0,2884.0,2436.0,10466
2021-02-11,2800.0,2604.0,2800.0,2506.0,4456
2021-02-12,2534.0,2674.0,2884.0,2450.0,6793
2021-02-16,2632.0,2478.0,2744.0,2450.0,8172
2021-02-17,2506.0,2352.0,2534.0,2254.0,6358
2021-02-18,2296.0,2226.0,2331.0,2142.0,3932
2021-02-19,2268.0,2352.0,2408.0,2259.6,2723
2021-02-22,2345.0,2170.0,2408.0,2114.0,3805
2021-02-23,2072.0,2016.0,2086.0,1778.0,4716
2021-02-24,2058.0,2100.0,2198.0,2030.0,2748
2021-02-25,2072.0,1960.0,2114.0,1904.0,3393
2021-02-26,1904.0,1890.0,2002.0,1806.0,2586
2021-03-01,1960.0,2002.0,2030.0,1918.0,1927
2021-03-02,1974.0,1890.0,2058.0,1890.0,2367
2021-03-03,1974.0,1820.0,1974.0,1792.0,2048
2021-03-04,1792.0,1673.0,1792.0,1610.0,3844
2021-03-05,1638.0,1708.0,1708.0,1470.0,2485
2021-03-08,1694.0,1694.0,1820.0,1638.0,1622
2021-03-09,1750.0,1792.0,1820.0,1680.0,1588
2021-03-10,1820.0,1834.0,1932.0,1764.0,2657
2021-03-11,1890.0,1918.0,1932.0,1845.48,1221
2021-03-12,1876.0,1960.0,1960.0,1820.0,960
2021-03-15,1974.0,1960.0,2030.0,1911.0,1505
2021-03-16,1988.0,1960.0,2100.0,1918.0,2435
2021-03-17,2016.0,2114.0,2128.0,1974.0,3518
2021-03-18,2044.0,2030.0,2212.0,1890.0,3210
2021-03-19,2016.0,2198.0,2212.0,1960.0,3217
2021-03-22,2156.0,2156.0,2170.0,2044.0,2206
2021-03-23,2128.0,2002.0,2128.0,1932.0,2098
2021-03-24,1974.0,1890.0,2023.28,1890.0,1231
2021-03-25,1848.0,1862.0,1960.0,1764.0,1177
2021-03-26,1876.0,1876.0,1890.0,1820.0,672
2021-03-29,1834.0,1722.0,1876.0,1694.0,1095
2021-03-30,1694.0,1792.0,1806.0,1638.0,1008
2021-03-31,1834.0,1806.0,1890.0,1764.0,1141
2021-04-01,1834.0,1876.0,1876.0,1806.0,613
2021-04-05,1897.28,1778.0,1897.28,1750.0,1226
2021-04-06,1750.0,1750.0,1778.0,1708.0,720
2021-04-07,1792.0,1736.0,1818.6,1722.0,927
2021-04-08,1750.0,1750.0,1757.0,1666.0,996
2021-04-09,1708.0,1638.0,1708.0,1610.0,1459
2021-04-12,1610.0,1512.0,1638.0,1498.0,1686
2021-04-13,1470.0,1540.0,1582.0,1467.9,1343
2021-04-14,1540.0,1582.0,1624.0,1512.0,824
2021-04-15,1666.0,1484.0,1666.0,1484.0,893
2021-04-16,1484.0,1498.0,1512.0,1414.0,1206
2021-04-19,1456.0,1470.0,1498.0,1414.0,674
2021-04-20,1470.0,1414.0,1484.0,1400.0,1032
2021-04-21,1395.66,1484.0,1498.0,1386.0,848
2021-04-22,1498.0,1512.0,1540.0,1429.82,797
2021-04-23,1540.0,1498.0,1540.0,1470.0,586
2021-04-26,1526.0,1610.0,1624.0,1519.0,1021
2021-04-27,1624.0,1526.0,1652.0,1512.0,1074
2021-04-28,1526.0,1568.0,1582.0,1485.54,640
2021-04-29,1568.0,1610.0,1624.28,1498.0,1263
2021-04-30,1596.0,1582.0,1596.0,1498.0,2166
2021-05-03,1598.1,1554.0,1624.0,1512.0,1224
2021-05-04,1540.0,1470.0,1554.0,1414.0,2158
2021-05-05,1414.0,1271.2,1474.76,1260.0,4557
2021-05-06,1274.0,1164.1,1300.6,1121.54,3265
2021-05-07,1164.8,1236.34,1260.0,1134.0,1440
2021-05-10,1232.0,1159.48,1238.86,1148.0,927
2021-05-11,1064.0,1149.26,1187.76,1050.0,794
2021-05-12,1148.14,1119.72,1190.0,1092.0,1387
2021-05-13,1105.86,1071.0,1148.0,1064.0,1136
2021-05-14,1077.86,1134.14,1176.0,1071.0,742
2021-05-17,1148.0,1173.48,1223.88,1147.86,663
2021-05-18,1218.0,1246.0,1274.0,1204.0,824
2021-05-19,1210.16,1211.0,1245.86,1148.0,444
2021-05-20,1204.0,1221.78,1272.46,1177.54,503
2021-05-21,1246.0,1191.4,1246.0,1191.4,403
2021-05-24,1191.4,1178.8,1232.0,1176.0,508
2021-05-25,1178.8,1176.0,1217.3,1176.0,282
2021-05-26,1176.0,1177.4,1211.0,1162.0,570
2021-05-27,1190.0,1288.0,1314.88,1183.14,1029
2021-05-28,1246.0,1264.2,1308.86,1233.12,338
2021-06-01,1246.0,1204.0,1260.0,1190.0,1354
2021-06-02,1192.38,1203.44,1239.0,1177.1088,1178
2021-06-03,1176.0,1098.3,1190.0,1081.514,3826
2021-06-04,1106.0,1073.8,1130.5,1057.0,2758
2021-06-07,1084.86,1086.4,1106.0,1077.44,2364
2021-06-08,1123.5,1103.2,1147.72,1089.2,2893
2021-06-09,1134.0,1189.58,1218.0,1120.0,4011
2021-06-10,1176.0,1148.0,1217.3,1127.14,1498
2021-06-11,1148.0,1182.86,1197.7,1148.0,1034
2021-06-14,1188.6,1166.9,1188.6,1149.4,1176
2021-06-15,1157.8,1110.48,1168.86,1092.7,1922
2021-06-16,1120.0,1100.4,1120.0,1070.86,1505
2021-06-17,1106.0,1098.02,1120.0,1085.0,715
2021-06-18,1099.56,1092.56,1113.0,1071.0,941
2021-06-21,1106.0,1071.0,1109.5,1066.1,1712
2021-06-22,1071.0,1063.72,1078.0,1058.4,878
2021-06-23,1071.0,1078.14,1094.24,1071.0,556
2021-06-24,1089.9,1138.2,1148.0,1078.14,1913
2021-06-25,1134.0,1155.0,1172.36,1113.14,2884
2021-06-28,1162.0,1134.0,1188.46,1133.86,1145
2021-06-29,1134.0,1095.36,1153.46,1092.28,795
2021-06-30,1100.12,1064.98,1106.0,1053.5,2035
2021-07-01,1091.16,1076.74,1092.0,1050.0,1529
2021-07-02,1076.6,1071.0,1076.8464,1022.0,1931
2021-07-06,1071.28,1019.2,1082.2,985.46,1996
2021-07-07,1003.1,968.66,1022.0,924.0,1791
2021-07-08,931.84,947.66,960.26,896.0,929
2021-07-09,950.74,980.0,1013.18,932.96,756
2021-07-12,980.0,978.6,993.9986,952.14,340
2021-07-13,980.0,932.82,980.0,927.22,792
2021-07-14,910.0,868.14,916.86,864.78,1123
2021-07-15,861.7,873.88,895.16,852.6,699
2021-07-16,910.0,857.92,910.0,856.94,695
2021-07-19,818.02,840.42,849.24,801.92,793
2021-07-20,826.0,868.0,908.6,826.0,597
2021-07-21,914.76,938.14,952.0,901.04,444
2021-07-22,924.0,938.0,938.14,908.46,440
2021-07-23,966.0,890.4,972.58,882.0,494
2021-07-26,873.32,857.36,917.28,854.14,516
2021-07-27,854.0,830.06,863.66,812.0,695
2021-07-28,840.0,868.42,876.68,833.9814,440
2021-07-29,868.0,843.36,879.06,840.28,458
2021-07-30,863.66,854.28,874.72,854.0,375
2021-08-02,854.0,868.7,881.58,854.0,370
2021-08-03,882.0,856.66,894.32,840.84,506
2021-08-04,868.0,842.24,868.0,840.0,522
2021-08-05,826.0,784.0,837.48,756.7,2872
2021-08-06,770.0,769.02,796.5986,760.2,1134
2021-08-09,772.94,777.0,788.06,757.96,1159
2021-08-10,777.0,765.66,785.68,763.84,521
2021-08-11,758.8,779.8,779.8,735.42,973
2021-08-12,777.0,770.7,777.0,728.28,2024
2021-08-13,791.0,738.64,809.06,732.76,2427
2021-08-16,756.0,806.54,937.72,719.88,20157
2021-08-17,773.92,804.3,875.98,728.0,6574
2021-08-18,778.12,742.0,793.1,728.0,3107
2021-08-19,742.0,735.56,755.86,728.0,1327
2021-08-20,728.0,709.8,735.546,702.8,1484
2021-08-23,714.0,733.6,753.9,710.64,1529
2021-08-24,940.1,901.46,994.0,819.0,32836
2021-08-25,951.86,952.0,973.0,882.56,7134
2021-08-26,910.98,943.32,959.0,886.34,2089
2021-08-27,923.58,847.28,924.0,827.68,3968
2021-08-30,840.0,854.42,867.16,829.5,963
2021-08-31,848.4,882.0,894.04,841.54,3123
2021-09-01,976.64,993.72,1064.0,947.24,15667
2021-09-02,970.62,998.34,1006.32,955.36,2252
2021-09-03,994.0,981.4,1012.2,967.26,1326
2021-09-07,992.04,990.5,1001.0,962.36,1116
2021-09-08,994.0,958.72,994.0,919.66,1206
2021-09-09,946.4,964.88,966.0,927.5,797
2021-09-10,931.0,977.62,994.0,931.0,1118
2021-09-13,987.98,945.7,987.98,938.0,823
2021-09-14,933.24,867.58,933.8,854.0,1337
2021-09-15,868.0,861.14,876.4,847.42,681
2021-09-16,854.84,846.86,865.06,840.42,541
2021-09-17,847.0,838.74,862.96,816.2,893
2021-09-20,813.4,789.6,825.72,784.0,784
2021-09-21,799.68,787.36,810.6,787.36,551
2021-09-22,791.0,813.4,823.2,787.08,458
2021-09-23,826.0,841.4,850.78,798.0,531
2021-09-24,854.0,848.4,882.0,826.0,725
2021-09-27,854.28,847.14,877.52,827.4,606
2021-09-28,862.26,823.2,865.76,812.14,409
2021-09-29,828.8,800.94,839.86,798.0,531
2021-09-30,799.4,789.6,799.4,770.0,891
2021-10-01,798.0,789.6,803.88,770.0,466
2021-10-04,784.0,770.0,799.4,742.0,695
2021-10-05,770.0,756.0,783.86,742.0,462
2021-10-06,742.0,745.22,762.7914,728.0,406
2021-10-07,742.0,743.54,772.8,742.0,324
2021-10-08,754.6,784.0,795.9,742.42,626
2021-10-11,781.2,772.24,794.36,770.0,271
2021-10-12,770.0,773.78,784.0,756.7,348
2021-10-13,784.0,817.6,840.0,775.6,1317
2021-10-14,826.0,798.0,835.8,795.2,387
2021-10-15,802.48,777.0,804.16,770.0,404
2021-10-18,776.3,763.98,777.5586,756.98,360
2021-10-19,756.98,755.86,767.9,745.78,312
2021-10-20,756.0,770.28,781.886,746.34,245
2021-10-21,768.32,768.46,779.94,756.0,279
2021-10-22,763.0,730.94,763.0,728.0,680
2021-10-25,740.6,781.34,812.0,731.3614,1049
2021-10-26,784.0,756.28,786.142,742.0,565
2021-10-27,812.0,790.16,896.0,770.56,4347
2021-10-28,794.08,792.12,825.72,784.0,1132
2021-10-29,769.44,730.8,770.0,728.0,1281
2021-11-01,765.52,754.46,767.2,742.0,834
2021-11-02,754.46,770.0,770.0,732.2,473
2021-11-03,763.98,789.6,789.6,758.8,564
2021-11-04,749.0,740.46,763.0,730.8,1447
2021-11-05,736.4,743.12,751.8,736.4,488
2021-11-08,751.8,760.06,770.0,742.14,706
2021-11-09,750.12,758.1,769.86,742.0,411
2021-11-10,742.0,727.44,756.0,714.0,781
2021-11-11,752.78,709.66,754.4586,700.0,1158
2021-11-12,715.54,720.58,721.0,702.8,806
2021-11-15,728.0,698.32,728.0,686.0,1027
2021-11-16,693.0,668.5,696.5,644.0,1741
2021-11-17,662.06,657.86,677.74,650.02,1072
2021-11-18,652.4,608.02,671.7186,588.0,1964
2021-11-19,597.24,595.0,616.0,595.0,713
2021-11-22,602.0,560.0,602.0,532.0,1835
2021-11-23,546.0,560.0,573.86,546.0,622
2021-11-24,564.76,584.64,588.0,547.4,777
2021-11-26,560.0,554.4,581.0,533.4,615
2021-11-29,560.0,553.14,580.86,546.0,758
2021-11-30,549.5,527.24,567.0,507.08,1088
2021-12-01,532.0,494.2,532.0,491.4,692
2021-12-02,502.32,503.72,504.0,475.44,885
2021-12-03,495.6,462.28,501.34,452.76,1030
2021-12-06,441.28,483.0,490.0,439.39,574
2021-12-07,504.0,497.14,528.08,490.0,891
2021-12-08,516.6,529.76,540.4,492.8,975
2021-12-09,545.3,518.28,545.8586,518.14,276
2021-12-10,532.0,477.96,546.0,468.5058,727
2021-12-13,476.0,472.64,493.22,462.7,486
2021-12-14,463.4,466.2,488.18,463.4,289
2021-12-15,469.28,430.78,471.8,423.5,1522
2021-12-16,447.44,475.86,528.36,441.0,2020
2021-12-17,462.0,485.8,495.18,448.14,777
2021-12-20,459.34,477.54,494.9,455.0,495
2021-12-21,494.9,468.3,504.0,455.98,555
2021-12-22,476.0,491.4,501.2,469.0,497
2021-12-23,470.68,478.8,488.46,469.0,537
2021-12-27,473.62,445.2,474.6,436.8,1007
2021-12-28,341.6,347.62,363.58,329.98,9260
2021-12-29,336.0,312.9,337.4,312.2,3725
2021-12-30,315.7,312.9,327.6,312.9,3033
2021-12-31,319.34,306.88,322.7,296.94,3086
2022-01-03,320.32,322.0,322.0,305.2,2656
2022-01-04,327.04,338.52,392.7,310.38,25667
2022-01-05,331.52,305.76,333.06,300.02,4935
2022-01-06,305.9,294.14,314.86,286.58,3227
2022-01-07,290.64,292.6,303.38,287.0,1555
2022-01-10,291.9,289.1,307.44,268.1,3552
2022-01-11,289.38,304.22,314.3,287.0,1715
2022-01-12,308.0,296.8,308.7,295.26,684
2022-01-13,303.1,277.2,303.1,274.4,1721
2022-01-14,294.0,282.52,294.0,271.6,1474
2022-01-18,280.0,285.32,306.3186,252.0,2301
2022-01-19,266.0,274.96,300.86,266.0,4173
2022-01-20,347.2,283.22,403.2,280.42,53713
2022-01-21,270.48,273.0,280.0,253.54,7614
2022-01-24,254.8,252.0,269.22,226.8,4857
2022-01-25,240.8,270.9,278.46,237.86,2603
2022-01-26,280.14,254.8,294.0,249.76,3511
2022-01-27,249.48,234.08,261.3786,231.42,2399
2022-01-28,234.5,243.32,244.3,231.0,1567
2022-01-31,243.04,260.82,265.58,240.8,2537
2022-02-01,274.68,291.06,293.72,261.8,2820
2022-02-02,294.0,294.14,306.46,273.84,3110
2022-02-03,293.86,272.3,293.86,267.54,1111
2022-02-04,285.32,275.66,285.32,263.76,1437
2022-02-07,291.06,273.42,291.06,268.8,1217
2022-02-08,266.0,270.06,276.5,254.94,1055
2022-02-09,277.2,274.26,280.0,266.0,852
2022-02-10,266.0,263.76,269.92,254.8,1217
2022-02-11,275.52,243.32,275.52,241.5,1642
2022-02-14,249.2,249.62,255.08,243.74,959
2022-02-15,250.6,251.3,257.7386,248.64,1063
2022-02-16,227.2,184.0,234.0,171.2,20883
2022-02-17,185.2,199.2,216.0,184.8,17374
2022-02-18,196.8,169.2,196.8,166.6,7001
2022-02-22,168.8,169.2,175.2,164.0,4351
2022-02-23,168.0,155.2,170.0,152.0,4794
2022-02-24,150.4,175.2,177.2,144.12,7658
2022-02-25,78.8,70.8,82.0,69.6,155646
2022-02-28,70.8,75.6,76.4,68.4,54606
2022-03-01,76.4,73.2,78.0,68.0,33128
2022-03-02,76.0,74.8,76.4,72.0,18495
2022-03-03,74.4,71.6,75.6,71.2,13447
2022-03-04,71.2,68.8,73.996,66.0,15261
2022-03-07,70.0,63.2,70.184,62.4,17576
2022-03-08,64.0,64.8,65.596,59.6,22314
2022-03-09,67.6,74.4,83.2,66.0,66678
2022-03-10,73.6,72.0,73.6,67.972,8830
2022-03-11,70.4,65.6,72.0,64.0,10507
2022-03-14,67.2,64.0,69.2,62.0,9160
2022-03-15,65.2,64.8,66.8,62.4,9103
2022-03-16,66.8,69.6,70.6,64.4,9942
2022-03-17,70.0,73.6,75.2,68.4,9396
2022-03-18,73.2,75.2,77.6,72.0,8598
2022-03-21,75.6,79.6,82.0,74.804,14406
2022-03-22,80.4,82.0,84.8,80.14,8279
2022-03-23,84.0,88.0,91.2,82.0,16393
2022-03-24,89.2,80.0,89.6,77.8,10821
2022-03-25,79.2,73.6,80.744,73.6,8276
2022-03-28,76.0,68.4,76.0,67.04,7966
2022-03-29,68.4,72.4,72.8,68.4,6563
2022-03-30,71.2,73.2,76.8,71.2,9596
2022-03-31,72.8,70.8,73.2,70.0,6801
2022-04-01,70.8,69.2,72.8,68.356,4769
2022-04-04,73.2,72.4,73.2,68.8,5802
2022-04-05,72.8,72.0,75.328,69.6,8617
2022-04-06,70.8,69.6,70.8,67.2,3710
2022-04-07,69.6,70.0,71.6,66.804,2780
2022-04-08,70.0,71.6,73.2,68.4,2612
2022-04-11,74.0,71.2,74.0,68.4,2985
2022-04-12,71.2,70.0,74.0,69.2,3822
2022-04-13,69.6,74.8,74.8,68.804,4608
2022-04-14,73.6,73.2,76.4,72.6,3125
2022-04-18,73.6,69.6,74.4,68.4,4430
2022-04-19,71.6,73.2,73.6,67.6,1862
2022-04-20,73.6,71.6,74.4,70.4,1994
2022-04-21,72.4,67.2,72.4,66.0,3256
2022-04-22,67.2,64.8,68.396,63.2,3701
2022-04-25,65.6,62.8,65.6,60.4,1986
2022-04-26,60.8,58.804,63.6,58.4,3189
2022-04-27,59.2,61.2,61.6,58.8,2844
2022-04-28,61.6,60.0,61.6,55.2,4643
2022-04-29,61.2,61.2,62.76,59.0,1378
2022-05-02,60.8,64.8,65.2,60.004,2014
2022-05-03,65.6,66.4,66.4,61.904,1542
2022-05-04,66.8,69.6,70.8,62.8,3919
2022-05-05,60.4,57.6,64.1,56.0,8227
2022-05-06,58.4,52.0,58.4,50.0,6038
2022-05-09,50.0,46.4,50.4,46.0,3071
2022-05-10,46.8,45.6,48.4,43.6,2380
2022-05-11,45.2,40.8,47.2,40.4,4056
2022-05-12,40.0,39.848,42.8,37.6,4572
2022-05-13,41.2,44.4,44.8,41.2,3159
2022-05-16,47.2,47.2,47.6,44.4,2602
2022-05-17,48.0,47.2,50.0,46.8,2280
2022-05-18,33.6,32.32,34.124,31.2,47968
2022-05-19,31.04,32.028,32.596,30.444,10941
2022-05-20,32.78,30.404,32.78,29.44,9404
2022-05-23,30.8,30.4,31.124,28.8,10786
2022-05-24,30.008,28.784,30.4,28.0,3878
2022-05-25,28.408,29.6,30.16,28.4,6103
2022-05-26,28.872,29.988,30.8,28.872,2958
2022-05-27,28.0,30.248,31.12,28.0,4848
2022-05-31,30.8,30.4,31.2,29.652,3950
2022-06-01,30.94,31.8,32.8,30.44,8477
2022-06-02,31.8,31.012,31.92,30.424,2563
2022-06-03,31.2,30.8,32.0,30.48,2470
2022-06-06,31.92,28.94,31.92,28.504,6670
2022-06-07,29.716,28.74,29.72,28.196,5468
2022-06-08,29.52,29.6,29.756,28.96,2455
2022-06-09,29.2,29.08,29.68,28.74592,4213
2022-06-10,29.16,28.892,29.28,28.004,2740
2022-06-13,28.4,27.24,28.4,26.828,2424
2022-06-14,27.2,28.4,28.796,26.8,2617
2022-06-15,28.36,30.4,31.2,27.676,3054
2022-06-16,30.0,30.4,30.4,29.2,1614
2022-06-17,30.4,29.916,31.872,26.8,5810
2022-06-21,29.02,30.692,30.692,28.84,3226
2022-06-22,30.4,29.448,31.788,29.448,2827
2022-06-23,30.012,30.4,31.2,29.88,2402
2022-06-24,31.2,30.564,31.6,30.08,4678
2022-06-27,31.11604,32.8,35.6,30.524,9375
2022-06-28,31.816,34.252,34.736,31.816,10029
2022-06-29,35.2,33.196,35.2,32.12,4320
2022-06-30,32.572,33.8,34.236,31.2,3563
2022-07-01,33.308,33.388,34.8,32.364,765
2022-07-05,33.388,32.968,33.39596,31.24404,1118
2022-07-06,33.912,33.516,34.4,31.604,814
2022-07-07,34.316,34.54,35.512,33.22,2781
2022-07-08,35.8,34.9,35.8,34.4,1773
2022-07-11,35.2,34.564,35.2,34.08404,979
2022-07-12,34.40004,34.288,35.2,34.092,902
2022-07-13,33.772,33.476,34.4,33.2,1232
2022-07-14,33.308,32.428,34.4,32.012,1881
2022-07-15,32.404,30.504,32.404,30.496,3150
2022-07-18,31.324,29.02,31.324,28.4,6017
2022-07-19,30.8,29.6,30.8,29.02,1347
2022-07-20,30.4,29.64,30.784,29.6,1237
2022-07-21,29.804,29.76,30.388,29.248,1864
2022-07-22,29.6,29.2,30.036,28.6,1499
2022-07-25,28.4,29.28,30.19996,28.4,1288
2022-07-26,28.0,28.08,30.2,27.8,1379
2022-07-27,28.6,28.804,30.196,28.404,1719
2022-07-28,30.2,28.092,30.2,28.0,2182
2022-07-29,29.4,28.108,29.4,27.812,2450
2022-08-01,27.604,28.224,29.15196,26.812,1633
2022-08-02,29.152,28.724,29.992,28.12392,3278
2022-08-03,29.26,30.928,31.87196,29.26,16279
2022-08-04,30.4,30.224,31.67196,30.0,6410
2022-08-05,30.6,29.8,30.6,28.912,3526
2022-08-08,30.4,30.4,30.804,29.608,2291
2022-08-09,30.4,31.6,32.76796,30.00004,5559
2022-08-10,32.8,30.404,32.8,30.04,6020
2022-08-11,30.752,30.648,31.692,30.04,5745
2022-08-12,30.684,30.164,31.59996,30.084,3045
2022-08-15,30.4,30.0,31.2,29.856,2244
2022-08-16,30.4,29.932,30.4,29.0,3868
2022-08-17,30.0,28.916,30.4,28.804,2155
2022-08-18,28.404,28.78,29.204,28.04,2779
2022-08-19,28.88,28.8,30.056,28.08,1512
2022-08-22,28.8,27.0,29.32,26.812,9302
2022-08-23,26.8,25.06,27.2,24.52,9747
2022-08-24,23.804,23.64804,24.804,23.56,11522
2022-08-25,23.0,22.424,23.59596,21.28,24690
2022-08-26,34.8,25.6,37.72,22.908,662027
2022-08-29,23.64,21.816,23.9,21.6,68659
2022-08-30,13.084,12.42,14.128,12.3,540040
2022-08-31,12.856,13.04,13.716,12.48,133249
2022-09-01,14.0,13.6,15.2,12.884,129863
2022-09-02,13.712,13.02,14.48,12.84,58965
2022-09-06,13.232,12.048,13.232,12.04,56329
2022-09-07,12.876,13.596,13.956,12.564,97394
2022-09-08,13.6,12.752,13.6,12.404,40241
2022-09-09,12.988,13.368,13.6,12.2,38442
2022-09-12,13.488,13.2,13.592,12.844,22154
2022-09-13,12.8,12.88,13.31596,12.48,22077
2022-09-14,12.92,13.296,15.2,12.91804,244167
2022-09-15,13.58,13.168,13.6,12.8,46426
2022-09-16,13.4,12.4,13.48,12.4,62554
2022-09-19,12.4,12.156,12.896,12.0,24015
2022-09-20,12.608,11.096,12.608,10.296,50176
2022-09-21,11.34,11.2,11.79996,10.82,17268
2022-09-22,11.008,10.676,11.19996,10.04,25037
2022-09-23,10.4,10.4,11.0,10.0,22830
2022-09-26,10.172,10.052,10.60404,10.0,12924
2022-09-27,10.204,10.2,10.664,9.64,16801
2022-09-28,9.992,9.64,10.10004,9.4,18008
2022-09-29,10.0,9.212,10.112,9.2,9337
2022-09-30,9.54,9.836,10.0,8.8,16699
2022-10-03,9.7,9.588,9.756,9.04,11553
2022-10-04,9.3,10.2,10.2,9.244,31157
2022-10-05,10.6,10.664,12.24,9.648,58139
2022-10-06,10.72,10.012,10.928,10.0,20994
2022-10-07,10.04,9.136,10.392,8.0,29698
2022-10-10,8.4,8.232,9.604,8.0,20988
2022-10-11,8.38,8.72,9.18,8.16,14047
2022-10-12,9.2,9.08,9.2,8.296,14613
2022-10-13,8.8,8.72,8.98804,8.296,11906
2022-10-14,8.8,8.636,8.8,8.404,6593
2022-10-17,8.2,7.96,9.0,6.68,52349
2022-10-18,8.196,8.16,8.404,7.6,20328
2022-10-19,8.128,8.0,8.4,7.344,16962
2022-10-20,7.98,7.74,8.1,7.368,11169
2022-10-21,7.6,7.46,8.156,7.2,8452
2022-10-24,9.04,7.956,9.2,7.004,35189
2022-10-25,7.6,8.084,8.32,7.6,17812
2022-10-26,7.6,7.752,8.24,7.6,14586
2022-10-27,8.232,8.24,8.84,7.684,22059
2022-10-28,9.164,8.108,9.19596,8.0,16492
2022-10-31,8.364,8.172,8.364,8.0,9475
2022-11-01,7.244,7.94,8.28,7.244,15969
2022-11-02,7.668,7.652,8.264,7.6,6387
2022-11-03,7.844,7.756,8.4,7.64,9736
2022-11-04,8.38,7.8,8.38,7.744,3412
2022-11-07,7.652,7.432,7.99596,6.884,10422
2022-11-08,7.4,7.092,7.94,6.88,12703
2022-11-09,6.568,5.48,6.596,5.312,42800
2022-11-10,5.48,5.604,5.956,5.28,23857
2022-11-11,5.92,5.764,5.956,5.4,10160
2022-11-14,5.764,6.0,6.54,5.6,13801
2022-11-15,5.68,6.592,6.7,5.68,31028
2022-11-16,6.7,6.36,7.2,6.0,51273
2022-11-17,6.356,5.708,6.356,5.6,11596
2022-11-18,5.6,5.412,5.964,5.28,11079
2022-11-21,5.52,5.532,5.7,5.316,6975
2022-11-22,5.6,5.6,5.876,5.24,6918
2022-11-23,5.548,5.952,6.8,5.288,17128
2022-11-25,6.0,5.576,6.0,5.288,10265
2022-11-28,5.2,4.924,5.568,4.84,24581
2022-11-29,4.956,5.572,5.8,4.956,47883
2022-11-30,5.92,5.82,7.64,5.204,188198
2022-12-01,5.83,4.5,5.83,4.5,427248
2022-12-02,4.45,4.39,5.0,4.08,454572
2022-12-05,4.39,3.7,4.39,3.65,102171
2022-12-06,3.7,3.47,3.77,3.315,115453
2022-12-07,3.48,3.37,4.17,3.3501,271756
2022-12-08,3.51,4.07,4.3,3.15,1706276
2022-12-09,5.4,5.2,6.5799,4.81,23317841
2022-12-12,4.39,3.79,4.6799,3.63,1215880
2022-12-13,3.59,3.11,3.79,3.06,811974
2022-12-14,2.98,2.55,2.98,2.42,677885
2022-12-15,2.59,2.57,2.72,2.32,385686
2022-12-16,2.52,1.94,2.57,1.65,544924
2022-12-19,1.89,1.8616,1.99,1.55,468610
2022-12-20,2.27,2.01,2.7499,1.67,6099795
2022-12-21,1.96,2.26,2.35,1.941,697616
2022-12-22,2.27,2.75,3.13,2.25,1330700
2022-12-23,2.7,2.3,2.7799,2.27,296863
2022-12-27,2.37,2.18,2.37,2.05,133731
2022-12-28,2.11,2.3,2.31,2.0,456708
2022-12-29,4.2,3.59,4.85,3.17,31518277
2022-12-30,3.56,3.18,3.66,3.15,1889077
2023-01-03,2.95,3.46,3.86,2.65,2143747
2023-01-04,3.22,3.47,3.59,2.95,591130
2023-01-05,3.5,3.27,3.5,3.03,417957
2023-01-06,3.05,3.02,3.1,2.8,342401
2023-01-09,2.99,3.28,3.32,2.89,465174
2023-01-10,3.25,3.6,3.74,3.12,406036
2023-01-11,3.51,3.45,3.64,3.32,178369
2023-01-12,3.35,3.06,3.5,3.02,228877
2023-01-13,3.12,3.4,3.62,3.06,275561
2023-01-17,3.44,3.49,3.5499,3.24,192913
2023-01-18,3.56,3.31,3.5899,3.31,151610
2023-01-19,3.24,3.05,3.3899,3.05,106505
2023-01-20,3.07,3.19,3.47,3.04,260060
2023-01-23,3.31,3.15,3.31,3.0,159264
2023-01-24,6.12,4.17,6.89,4.05,47735182
2023-01-25,3.93,3.45,3.93,3.3818,1891249
2023-01-26,3.33,3.08,3.45,3.03,864248
2023-01-27,3.05,3.02,3.25,3.0,554019
2023-01-30,3.0,3.01,3.16,2.82,383732
2023-01-31,3.01,2.95,3.05,2.91,258994
2023-02-01,3.02,3.11,3.19,2.8701,454768
2023-02-02,3.08,3.28,3.32,2.99,448095
2023-02-03,3.37,3.4,3.74,3.23,935398
2023-02-06,3.4,3.29,3.4,3.16,291326
2023-02-07,3.21,3.41,3.44,3.11,336631
2023-02-08,3.47,3.25,3.47,3.2001,180815
2023-02-09,3.31,2.99,3.31,2.95,216741
2023-02-10,2.91,2.8,2.9539,2.66,241147
2023-02-13,2.83,2.51,2.83,2.49,261718
2023-02-14,2.51,2.57,2.6465,2.42,174727
2023-02-15,2.74,3.08,3.15,2.6104,216485
2023-02-16,3.04,2.8,3.04,2.77,106598
2023-02-17,2.69,2.88,2.88,2.6249,74991
2023-02-21,2.95,2.65,2.95,2.63,97691
2023-02-22,2.72,2.53,2.72,2.51,85411
2023-02-23,2.52,2.23,2.5799,2.23,283132
2023-02-24,2.24,2.24,2.29,2.1899,83556
2023-02-27,2.27,2.21,2.27,2.17,66187
2023-02-28,2.18,2.2,2.2599,2.18,40608
2023-03-01,2.22,2.04,2.22,1.96,100473
2023-03-02,2.02,1.84,2.02,1.8101,133319
2023-03-03,1.81,1.78,1.91,1.77,178465
2023-03-06,1.74,1.76,1.77,1.64,86133
2023-03-07,1.86,1.74,1.86,1.676,79282
2023-03-08,1.72,1.73,1.76,1.68,40908
2023-03-09,1.7,1.6,1.72,1.55,107830
2023-03-10,1.51,1.36,1.5865,1.3,154657
2023-03-13,1.38,1.37,1.4,1.33,64816
2023-03-14,1.39,1.39,1.43,1.35,88060
2023-03-15,1.39,1.33,1.43,1.25,108329
2023-03-16,1.29,1.92,2.1499,1.29,9697024
2023-03-17,1.76,1.79,1.9,1.545,1360401
2023-03-20,1.81,1.62,1.8308,1.56,188518
2023-03-21,1.59,1.6099,1.7099,1.56,148044
2023-03-22,1.56,1.58,1.66,1.56,116750
2023-03-23,1.57,1.56,1.59,1.5,80906
2023-03-24,1.52,1.55,1.682,1.514,92572
2023-03-27,1.8,1.94,2.09,1.57,6147960
2023-03-28,2.0,1.79,2.07,1.57,1218692
2023-03-29,1.73,1.7,1.74,1.56,290053
2023-03-30,1.65,1.71,1.7821,1.65,196959
2023-03-31,1.67,1.7,1.76,1.6601,154406
2023-04-03,1.66,1.58,1.73,1.56,73714
2023-04-04,1.59,1.55,1.65,1.52,112381
2023-04-05,1.52,1.52,1.58,1.5,53079
2023-04-06,1.5,1.62,1.6899,1.5,183965
2023-04-10,1.61,1.56,1.66,1.55,41360
2023-04-11,1.55,1.5948,1.62,1.55,26863
2023-04-12,1.57,1.57,1.61,1.5505,22685
2023-04-13,1.55,1.6003,1.66,1.55,43608
2023-04-14,1.58,1.68,1.82,1.57,353697
2023-04-17,1.66,1.8,1.965,1.66,607128
2023-04-18,1.8,2.37,2.49,1.7601,2822200
2023-04-19,2.22,2.18,2.26,2.0,542525
2023-04-20,2.11,2.44,2.58,2.0601,933233
2023-04-21,2.45,2.45,2.67,2.4,489635
2023-04-24,2.38,1.88,2.3808,1.7947,469498
2023-04-25,3.08,2.09,3.4699,2.02,34099089
2023-04-26,1.73,1.77,1.85,1.4501,2485403
2023-04-27,0.8496,0.7825,0.91,0.76,4800866
2023-04-28,0.775,0.768,0.7825,0.7401,1085243
2023-05-01,0.788,0.7651,0.788,0.71,535294
2023-05-02,0.7675,0.7301,0.7799,0.73,397918
2023-05-03,0.73,0.76,0.77,0.7007,422861
2023-05-04,0.795,0.7803,0.795,0.765,222748
2023-05-05,0.7812,0.7599,0.79,0.7354,248586
2023-05-08,0.77,0.765,0.77,0.743,264206
2023-05-09,0.75,0.7457,0.7629,0.7221,376209
2023-05-10,0.7587,0.7299,0.765,0.71,567538
2023-05-11,0.7202,0.68,0.73,0.65,388209
2023-05-12,0.7,0.678,0.7084,0.65,229368
2023-05-15,0.65,0.631,0.6911,0.6138,267962
2023-05-16,0.65,0.628,0.65,0.5897,216681
2023-05-17,0.6169,0.634,0.638,0.6025,122041
2023-05-18,0.63,0.64,0.64,0.62,117440
2023-05-19,0.64,0.6375,0.64,0.62,195927
