2021-02-12,11.42,11.29,11.45,11.0,12688527
2021-02-16,12.05,11.65,12.07,11.36,3215914
2021-02-17,12.0,11.91,12.1425,11.73,1181336
2021-02-18,11.99,11.88,12.0,11.75,1074713
2021-02-19,11.89,12.05,12.1,11.82,1198010
2021-02-22,12.22,12.63,12.97,12.2,1110056
2021-02-23,11.75,11.9499,12.2,11.1,1419632
2021-02-24,11.75,11.6,12.29,11.5,643260
2021-02-25,11.5,10.83,11.58,10.8,636439
2021-02-26,11.0,10.95,11.1,10.6,1152955
2021-03-01,11.15,10.8,11.18,10.7,707474
2021-03-02,10.76,10.66,10.84,10.45,516072
2021-03-03,10.67,10.66,10.67,10.41,749150
2021-03-04,10.4,10.5,10.63,10.23,808825
2021-03-05,10.5,10.66,10.89,10.35,402680
2021-03-08,10.81,10.61,10.81,10.5101,115653
2021-03-09,10.62,10.6,10.7,10.58,182016
2021-03-10,10.69,10.6,10.69,10.45,304008
2021-03-11,10.69,10.6,10.75,10.53,119121
2021-03-12,10.54,10.55,10.6114,10.45,45411
2021-03-15,10.53,10.55,10.61,10.4816,1913749
2021-03-16,10.5,10.53,10.75,10.5,51801
2021-03-17,10.51,10.48,10.52,10.31,195285
2021-03-18,10.35,10.4,10.4886,10.31,246191
2021-03-19,10.25,10.47,10.49,10.25,237869
2021-03-22,10.4,10.45,10.55,10.38,245259
2021-03-23,10.49,10.2,10.49,10.16,350541
2021-03-24,10.2,10.0503,10.225,10.05,120019
2021-03-25,9.95,10.16,10.18,9.9,322498
2021-03-26,10.1,10.2928,10.45,10.1,94262
2021-03-29,10.12,10.21,10.39,10.01,140609
2021-03-30,10.1,10.08,10.1,10.0,846346
2021-03-31,10.01,10.06,10.08,10.01,98174
2021-04-01,10.02,10.1,10.19,10.01,157771
2021-04-05,10.02,10.1501,10.25,10.02,37027
2021-04-06,10.11,10.3367,10.4,10.11,61208
2021-04-07,10.21,10.34,10.39,10.21,35475
2021-04-08,10.25,10.4,10.4,10.25,44381
2021-04-09,10.3893,10.4,10.47,10.3,57118
2021-04-12,10.35,10.26,10.38,10.21,77386
2021-04-13,10.2,10.33,10.33,10.2,36798
2021-04-14,10.18,10.3,10.35,10.18,1759191
2021-04-15,10.3,10.29,10.34,10.19,653110
2021-04-16,10.12,10.205,10.25,10.12,36001
2021-04-19,10.1,10.12,10.225,10.1,64835
2021-04-20,10.1,10.1294,10.2,10.1,69199
2021-04-21,10.1,10.19,10.22,10.06,90298
2021-04-22,10.14,10.24,10.26,10.1301,13166
2021-04-23,10.15,10.17,10.24,10.15,9558
2021-04-26,10.2,10.22,10.23,10.12,482996
2021-04-27,10.13,10.25,10.3,10.13,69657
2021-04-28,10.19,10.3,10.32,10.19,18081
2021-04-29,10.2,10.3,10.32,10.2,16019
2021-04-30,10.3,10.24,10.3092,10.24,7277
2021-05-03,10.21,10.35,10.42,10.21,15361
2021-05-04,10.28,10.29,10.6,10.24,21861
2021-05-05,10.29,10.26,10.3213,10.19,7990
2021-05-06,10.21,10.3,10.3094,10.17,96695
2021-05-07,10.25,10.32,10.4,10.25,47891
2021-05-10,10.32,10.29,10.34,10.22,46443
2021-05-11,10.08,10.13,10.21,10.06,589589
2021-05-12,10.1,10.13,10.13,10.05,90242
2021-05-13,10.04,10.07,10.15,10.04,148345
2021-05-14,10.29,10.01,10.29,10.01,101892
2021-05-17,10.0,10.04,10.06,10.0,51294
2021-05-18,9.96,10.07,10.0701,9.96,15832
2021-05-19,10.0,10.01,10.09,10.0,481691
2021-05-20,10.01,10.05,10.05,10.01,114460
2021-05-21,10.05,10.1,10.1,10.01,17745
2021-05-24,10.25,10.07,10.25,10.03,69688
2021-05-25,10.08,10.06,10.08,10.03,52749
2021-05-26,10.01,10.04,10.04,10.01,15984
2021-05-27,10.02,10.0,10.04,9.98,1133148
2021-05-28,10.01,10.04,10.08,10.0,289294
2021-06-01,10.03,10.03,10.08,10.01,79662
2021-06-02,9.98,10.05,10.05,9.98,516497
2021-06-03,10.0,10.01,10.05,10.0,117142
2021-06-04,10.0,10.08,10.08,9.99,334567
2021-06-07,10.055,10.1,10.11,10.05,26235
2021-06-08,10.05,10.14,10.14,10.05,20592
2021-06-09,10.09,10.19,10.22,10.09,40750
2021-06-10,10.23,10.28,10.31,10.19,17443
2021-06-11,10.25,10.35,10.35,10.2247,24103
2021-06-14,10.34,10.29,10.38,10.26,10444
2021-06-15,10.3,10.245,10.3,10.23,6225
2021-06-16,10.13,10.17,10.29,10.13,23485
2021-06-17,10.01,10.16,10.196,10.01,16853
2021-06-18,10.16,10.12,10.1601,10.12,18367
2021-06-21,10.1413,10.1101,10.1506,10.1,4147
2021-06-22,10.11,10.1008,10.16,10.09,28387
2021-06-23,10.1,10.07,10.145,10.06,17331
2021-06-24,10.0801,10.0531,10.1001,10.01,19448
2021-06-25,10.02,10.04,10.085,10.02,17162
2021-06-28,10.02,10.0607,10.09,10.02,10176
2021-06-29,10.115,10.09,10.115,10.05,4056
2021-06-30,10.058,10.12,10.12,10.04,10471
2021-07-01,10.05,10.15,10.15,10.05,10561
2021-07-02,10.06,10.14,10.16,10.06,3470
2021-07-06,10.08,10.1924,10.2,10.08,6441
2021-07-07,10.13,10.32,10.32,10.13,18081
2021-07-08,10.17,10.25,10.29,10.17,3407
2021-07-09,10.2,10.235,10.25,10.2,9318
2021-07-12,10.22,10.3,10.31,10.211,6528
2021-07-13,10.23,10.265,10.3,10.23,6403
2021-07-14,10.3,10.28,10.3,10.235,4177
2021-07-15,10.16,10.29,10.29,10.16,7913
2021-07-16,10.3,10.35,10.35,10.2,60060
2021-07-19,10.27,10.21,10.27,10.2,19154
2021-07-20,10.2001,10.25,10.2599,10.2,4288
2021-07-21,10.2,10.2109,10.2255,10.2,5660
2021-07-22,10.1,10.2181,10.25,10.1,3906
2021-07-23,10.07,10.25,10.25,10.07,2175
2021-07-26,10.2101,10.26,10.26,10.21,28187
2021-07-27,10.25,10.205,10.25,10.2,4349
2021-07-28,10.11,10.215,10.23,10.11,11009
2021-07-29,10.1901,10.19,10.25,10.19,32278
2021-07-30,10.18,10.17,10.18,10.17,24013
2021-08-02,10.21,10.1291,10.27,10.12,63093
2021-08-03,10.2,10.11,10.2,10.09,14380
2021-08-04,10.05,10.095,10.11,10.05,40999
2021-08-05,10.1032,10.08,10.11,10.07,5496
2021-08-06,10.03,10.08,10.1,10.03,6536
2021-08-09,10.14,10.1,10.2,10.075,24783
2021-08-10,10.08,10.07,10.08,10.07,3847
2021-08-11,10.07,10.11,10.11,10.0201,11303
2021-08-12,10.085,10.05,10.085,10.0201,3691
2021-08-13,10.03,10.06,10.075,10.02,118471
2021-08-16,10.05,10.03,10.08,10.02,7460
2021-08-17,10.0,10.01,10.04,9.99,12250
2021-08-18,9.99,10.0,10.0,9.95,6514
2021-08-19,9.95,9.96,9.9766,9.95,20021
2021-08-20,9.95,9.99,9.99,9.94,28296
2021-08-23,9.93,9.92,9.95,9.88,26558
2021-08-24,9.9,9.9,9.95,9.8601,8998
2021-08-25,9.9,9.95,9.99,9.9,19842
2021-08-26,9.95,9.95,9.95,9.925,16998
2021-08-27,9.9,9.95,9.971,9.9,2335
2021-08-30,9.87,9.95,9.95,9.87,15852
2021-08-31,9.92,10.0,10.0,9.91,20523
2021-09-01,9.95,10.03,10.03,9.94,58286
2021-09-02,9.95,9.995,10.0,9.95,2121
2021-09-03,9.95,10.03,10.03,9.95,16063
2021-09-07,9.95,10.055,10.055,9.95,6033
2021-09-08,10.05,10.05,10.05,10.0,1992
2021-09-09,10.0201,10.036,10.05,10.0201,3478
2021-09-10,10.05,10.05,10.06,10.03,9968
2021-09-13,10.03,10.05,10.05,10.01,32849
2021-09-14,9.96,10.055,10.055,9.96,10184
2021-09-15,10.02,10.0007,10.035,10.0,7867
2021-09-16,10.0,10.01,10.02,10.0,8054
2021-09-17,10.0235,10.02,10.055,10.016,3904
2021-09-20,10.0005,9.98,10.0005,9.95,6344
2021-09-21,9.95,10.0004,10.02,9.95,7247
2021-09-22,9.94,10.015,10.015,9.92,3340
2021-09-23,10.01,10.0009,10.01,10.0,2433
2021-09-24,9.97,9.9883,10.0,9.97,4593
2021-09-27,9.93,10.02,10.02,9.93,5302
2021-09-28,9.95,9.96,9.98,9.92,2770
2021-09-29,9.977,9.98,10.02,9.965,10846
2021-09-30,9.99,10.04,10.04,9.95,4433
2021-10-01,9.98,9.99,10.019,9.97,3835
2021-10-04,9.99,9.98,9.99,9.96,6650
2021-10-05,9.98,10.0,10.0,9.96,1970
2021-10-06,9.93,9.98,10.0,9.93,6957
2021-10-07,10.01,10.005,10.01,9.98,1856
2021-10-08,9.9644,10.045,10.06,9.96,6702
2021-10-11,10.0,10.0036,10.09,9.99,2458
2021-10-12,10.0,10.005,10.005,10.0,2311
2021-10-13,9.92,10.05,10.05,9.92,6029
2021-10-14,9.95,10.01,10.035,9.95,2828
2021-10-15,10.0,10.02,10.02,10.0,3419
2021-10-18,10.0,10.03,10.03,10.0,4624
2021-10-19,9.96,10.05,10.05,9.96,4106
2021-10-20,10.0,10.06,10.06,10.0,56825
2021-10-21,10.01,10.04,10.06,10.01,7966
2021-10-22,10.0,10.009,10.01,10.0,4844
2021-10-25,9.95,10.06,10.06,9.95,7190
2021-10-26,10.06,10.09,10.09,10.03,16433
2021-10-27,10.06,10.1041,10.12,10.0303,21275
2021-10-28,10.09,10.09,10.09,10.0601,5659
2021-10-29,10.04,10.0873,10.11,10.04,7297
2021-11-01,10.03,10.15,10.15,10.03,18140
2021-11-02,10.15,10.11,10.15,10.1,18096
2021-11-03,10.06,10.11,10.14,10.06,38440
2021-11-04,10.06,10.16,10.16,10.06,21322
2021-11-05,10.13,10.1366,10.1599,10.1,6845
2021-11-08,10.08,10.1,10.1456,10.08,5587
2021-11-09,10.16,10.125,10.16,10.09,5453
2021-11-10,10.06,10.09,10.12,10.06,7817
2021-11-11,10.04,10.11,10.15,10.04,12406
2021-11-12,10.11,10.07,10.12,10.07,34284
2021-11-15,10.06,10.08,10.11,10.06,9653
2021-11-16,10.06,10.09,10.12,10.06,217875
2021-11-17,10.06,10.1,10.12,10.06,52907
2021-11-18,10.06,10.1107,10.14,10.06,34156
2021-11-19,10.07,10.16,10.16,10.07,7167
2021-11-22,10.09,10.14,10.16,10.09,557931
2021-11-23,10.08,10.11,10.16,10.08,8301
2021-11-24,10.1,10.1001,10.14,10.1,12863
2021-11-26,10.06,10.0976,10.1,10.06,2475
2021-11-29,10.07,10.07,10.0999,10.07,10369
2021-11-30,10.06,10.08,10.15,10.06,829436
2021-12-01,10.08,10.09,10.13,10.07,1820850
2021-12-02,10.06,10.09,10.0992,10.06,6262
2021-12-03,10.06,10.0601,10.075,10.06,29587
2021-12-06,10.06,10.04,10.07,10.04,95036
2021-12-07,10.04,10.05,10.06,10.04,10420
2021-12-08,10.0,10.1,10.1,10.0,110514
2021-12-09,10.0505,10.1,10.1,10.04,8847
2021-12-10,10.05,10.1,10.105,10.05,7817
2021-12-13,10.04,10.07,10.08,10.04,8398
2021-12-14,10.07,10.05,10.08,10.0252,1555
2021-12-15,10.01,10.065,10.11,10.01,56837
2021-12-16,10.11,10.105,10.11,10.07,1751
2021-12-17,10.1,10.09,10.1068,10.07,8518
2021-12-20,10.04,10.04,10.08,10.02,10359
2021-12-21,10.0526,10.01,10.0526,10.01,54200
2021-12-22,9.95,10.0,10.02,9.95,84569
2021-12-23,9.9733,9.9502,9.98,9.95,12776
2021-12-27,9.97,9.97,9.99,9.965,8592
2021-12-28,9.9663,10.03,10.0448,9.9501,17953
2021-12-29,9.9713,10.0,10.0,9.96,19300
2021-12-30,9.9501,9.95,9.9707,9.95,19486
2021-12-31,9.9502,9.96,9.988,9.95,5592
2022-01-03,10.02,9.95,10.02,9.95,942
2022-01-04,9.96,9.965,9.97,9.95,2928
2022-01-05,9.95,9.98,9.985,9.95,14642
2022-01-06,9.97,9.98,9.985,9.965,14415
2022-01-07,9.95,9.99,9.99,9.95,11063
2022-01-10,9.95,9.995,10.0,9.95,6915
2022-01-11,9.95,9.97,9.99,9.95,18055
2022-01-12,9.97,9.97,9.97,9.97,921
2022-01-13,9.97,9.96,9.9701,9.95,10213
2022-01-14,9.96,9.98,9.98,9.9503,2816
2022-01-18,9.95,9.95,9.9557,9.95,11927
2022-01-19,9.9,9.98,9.98,9.9,2640
2022-01-20,9.95,9.985,10.0,9.95,3547
2022-01-21,9.96,9.922,9.9646,9.922,22329
2022-01-24,9.88,9.88,9.92,9.88,31418
2022-01-25,10.0,9.8812,10.0,9.88,9865
2022-01-26,9.87,9.89,9.9,9.87,1874
2022-01-27,9.89,9.94,9.96,9.89,4715
2022-01-28,9.89,9.93,9.95,9.89,6200
2022-01-31,9.9,9.9127,9.9349,9.9,9270
2022-02-01,9.92,9.9597,9.96,9.9,15135
2022-02-02,9.91,9.95,9.95,9.91,1921
2022-02-03,9.9,9.935,9.97,9.9,2047
2022-02-04,9.9,9.9,9.945,9.9,6112
2022-02-07,9.9,9.93,9.93,9.9,2036
2022-02-08,9.9,9.9,9.9001,9.9,4006
2022-02-09,9.9001,9.88,9.9001,9.88,1790
2022-02-10,9.85,9.89,9.89,9.85,3350
2022-02-11,9.9,9.88,9.9,9.88,8151
2022-02-14,9.86,9.88,9.88,9.86,10764
2022-02-15,9.88,9.89,9.89,9.88,1031
2022-02-16,9.86,9.86,9.88,9.86,1450
2022-02-17,9.87,9.9,9.93,9.86,16158
2022-02-18,9.8501,9.9,9.905,9.8501,3744
2022-02-22,9.92,9.9264,9.9283,9.92,1421
2022-02-23,9.92,9.8847,9.92,9.88,62842
2022-02-24,9.85,9.87,9.89,9.85,6635
2022-02-25,9.87,9.88,9.89,9.86,5245
2022-02-28,9.85,9.87,9.88,9.85,1845
2022-03-01,9.86,9.87,9.89,9.86,14297
2022-03-02,9.866,9.866,9.866,9.866,351
2022-03-03,9.85,9.9,9.9001,9.85,23376
2022-03-04,9.85,9.9,9.91,9.84,5239
2022-03-07,9.9,9.9,9.9001,9.9,6066
2022-03-08,9.85,9.9,9.9001,9.85,26273
2022-03-09,9.9,9.9,9.9,9.85,47797
2022-03-10,9.9,9.9,9.9,9.9,91
2022-03-11,9.83,9.9,9.9,9.83,10371
2022-03-14,9.86,9.86,9.87,9.84,4027
2022-03-15,9.9,9.8375,9.9,9.82,7476
2022-03-16,9.85,9.8505,9.87,9.85,1923
2022-03-17,9.85,9.875,9.875,9.85,490
2022-03-18,9.85,9.8801,9.894,9.85,1825
2022-03-21,9.8801,9.88,9.8801,9.88,818
2022-03-22,9.8801,9.895,9.895,9.8801,1260
2022-03-23,9.89,9.9,9.9,9.885,15248
2022-03-24,9.9,9.91,9.91,9.9,3732
2022-03-25,9.9002,9.9002,9.9002,9.9002,296
2022-03-28,9.85,9.91,9.91,9.85,862
2022-03-29,9.92,9.92,9.92,9.92,717
2022-03-30,9.91,9.9,9.91,9.9,6572
2022-03-31,9.86,9.9238,9.9238,9.86,1600
2022-04-01,9.9101,9.936,9.94,9.91,2250
2022-04-04,9.92,9.92,9.9246,9.92,694
2022-04-05,9.85,9.92,9.95,9.85,5242
2022-04-06,9.9203,9.9201,9.9499,9.9201,983
2022-04-07,9.9,9.94,9.94,9.9,1550
2022-04-08,9.92,9.95,9.95,9.92,8649
2022-04-11,9.87,9.96,9.96,9.87,400
2022-04-12,9.89,9.93,9.95,9.89,4412
2022-04-13,9.92,9.945,9.945,9.92,525
2022-04-14,9.89,9.93,9.94,9.89,386174
2022-04-18,9.94,9.94,9.94,9.94,10950
2022-04-19,9.9521,9.9521,9.9521,9.9521,384
2022-04-21,9.95,9.95,9.96,9.95,14916
2022-04-22,9.95,9.95,9.955,9.95,5119
2022-04-25,9.97,9.955,10.0,9.95,2497
2022-04-26,9.88,9.925,9.94,9.88,784
2022-04-27,9.88,9.93,9.955,9.88,9915
2022-04-28,9.93,9.93,9.965,9.91,5142
2022-04-29,9.91,9.92,9.9202,9.91,7972
2022-05-02,9.91,9.93,9.93,9.91,13582
2022-05-03,9.91,9.9264,9.9264,9.91,635
2022-05-04,9.9101,9.91,9.935,9.91,1255
2022-05-05,9.9,9.91,9.9212,9.9,3697
2022-05-06,9.91,9.91,9.955,9.91,1273
2022-05-09,9.87,9.905,9.9141,9.87,64066
2022-05-10,9.88,9.84,9.8944,9.84,14210
2022-05-11,9.84,9.83,9.85,9.83,12412
2022-05-12,9.88,9.82,9.88,9.81,8831
2022-05-13,9.9,9.82,9.9,9.81,14043
2022-05-16,9.82,9.8227,9.8227,9.82,460
2022-05-17,9.8,9.8103,9.855,9.8,328269
2022-05-18,9.8,9.81,9.83,9.8,706
2022-05-19,9.8,9.81,9.8101,9.8,2255
2022-05-20,9.81,9.81,9.82,9.81,6089
2022-05-23,9.8,9.82,9.8246,9.8,6545
2022-05-24,9.82,9.8001,9.9,9.8001,2405
2022-05-25,9.8,9.82,9.8439,9.8,944
2022-05-26,9.8303,9.8303,9.8303,9.8303,539
2022-05-27,9.8412,9.84,9.8412,9.8277,2637
2022-05-31,9.81,9.84,9.84,9.8,1574
2022-06-01,9.84,9.84,9.8401,9.84,22078
2022-06-02,9.8001,9.85,9.85,9.8001,835
2022-06-03,9.83,9.8401,9.8401,9.83,27766
2022-06-06,9.84,9.84,9.84,9.835,30900
2022-06-07,9.8109,9.83,9.84,9.8109,6100
2022-06-08,9.81,9.854,9.854,9.81,831
2022-06-10,9.85,9.84,9.85,9.84,382
2022-06-13,9.81,9.86,9.86,9.81,4611
2022-06-15,9.81,9.8422,9.8422,9.81,4608
2022-06-16,9.8301,9.84,9.84,9.83,5941
2022-06-17,9.8,9.84,9.84,9.8,33654
2022-06-21,9.77,9.82,9.84,9.77,6995
2022-06-22,9.82,9.83,9.84,9.82,7875
2022-06-23,9.81,9.85,9.85,9.8,800
2022-06-24,9.83,9.83,9.83,9.83,690
2022-06-27,9.83,9.84,9.85,9.83,8105
2022-06-28,9.84,9.845,9.85,9.83,4357
2022-06-29,9.77,9.85,9.85,9.77,1350
2022-06-30,9.77,9.85,9.85,9.77,11252
2022-07-01,9.85,9.8301,9.85,9.8301,603
2022-07-05,9.85,9.84,9.85,9.84,1560
2022-07-06,9.84,9.84,9.84,9.84,442
2022-07-07,9.83,9.83,9.835,9.83,908
2022-07-08,9.79,9.85,9.85,9.79,2133
2022-07-11,9.84,9.85,9.85,9.84,400
2022-07-12,9.85,9.85,9.86,9.85,1534
2022-07-13,9.8,9.83,9.84,9.8,3400
2022-07-14,9.82,9.82,9.82,9.82,780
2022-07-15,9.8331,9.8331,9.8331,9.8331,1000
2022-07-18,9.82,9.82,9.82,9.79,625
2022-07-19,9.83,9.85,9.85,9.83,12103
2022-07-20,9.85,9.85,9.85,9.84,6030
2022-07-21,9.86,9.85,9.86,9.84,4508
2022-07-22,9.86,9.86,9.86,9.86,1625
2022-07-25,9.86,9.86,9.86,9.86,1155
2022-07-26,9.86,9.85,9.86,9.83,2328
2022-07-27,9.86,9.87,9.87,9.84,852
2022-07-29,9.79,9.84,9.89,9.79,9931
2022-08-01,9.79,9.9,9.9,9.79,600
2022-08-02,9.85,9.86,9.86,9.84,1015
2022-08-03,9.87,9.875,9.875,9.87,856
2022-08-04,9.83,9.85,9.86,9.83,1825
2022-08-05,9.85,9.86,9.86,9.85,2163
2022-08-08,9.86,9.86,9.86,9.86,508
2022-08-09,9.87,9.86,9.875,9.86,5743
2022-08-10,9.9,9.9,9.9,9.89,2099
2022-08-11,9.83,9.8901,9.92,9.83,1150
2022-08-12,9.95,9.95,9.95,9.925,245
2022-08-15,9.95,9.89,9.95,9.87,1407
2022-08-16,9.84,9.88,9.88,9.84,10347
2022-08-17,9.95,9.9,9.95,9.9,402
2022-08-19,9.95,9.85,9.95,9.85,5652
2022-08-23,9.86,9.86,9.86,9.86,104
2022-08-24,9.82,9.87,9.87,9.82,350
2022-08-25,9.95,9.88,9.95,9.86,1026
2022-08-26,9.88,9.87,9.88,9.87,451
2022-08-29,9.78,9.87,9.87,9.78,900
2022-08-30,9.84,9.87,9.87,9.84,1225
2022-08-31,9.84,9.9,9.9,9.83,600
2022-09-01,9.85,9.89,9.89,9.85,201
2022-09-02,9.85,9.83,9.89,9.83,2656
2022-09-06,9.83,9.85,9.85,9.81,5721
2022-09-07,9.84,9.85,9.85,9.8206,3047
2022-09-09,9.87,9.87,9.87,9.87,59138
2022-09-12,9.82,9.8562,9.88,9.82,6381
2022-09-13,9.82,9.88,9.88,9.82,660
2022-09-14,9.865,9.85,9.865,9.85,1151
2022-09-15,9.85,9.85,9.8545,9.85,1095
2022-09-19,9.8,9.86,9.86,9.8,977
2022-09-20,9.8581,9.88,9.88,9.85,11704
2022-09-21,9.88,9.88,9.88,9.88,127
2022-09-22,9.88,9.9,9.9,9.85,53300
2022-09-23,9.8357,9.9,9.9,9.8357,1600
2022-09-26,9.85,9.9,9.9,9.85,9537
2022-09-29,9.94,9.94,9.94,9.94,179
2022-09-30,9.86,9.88,9.88,9.86,718
2022-10-03,9.86,9.84,9.86,9.82,74637
2022-10-04,9.84,9.86,9.86,9.84,32612
2022-10-06,9.86,9.86,9.87,9.86,1625
2022-10-07,9.88,9.86,9.88,9.86,1115
2022-10-10,9.86,9.87,9.87,9.86,900
2022-10-11,9.87,9.8507,9.87,9.8507,2025
2022-10-13,9.88,9.88,9.89,9.87,3766
2022-10-14,9.8801,9.9,9.9,9.8801,1330
2022-10-17,9.9,9.9018,9.9018,9.9,4431
2022-10-18,9.9,9.91,9.91,9.9,1822
2022-10-19,9.92,9.91,9.92,9.91,2866
2022-10-20,9.94,9.91,9.96,9.91,10080
2022-10-21,9.91,9.91,9.9141,9.91,1430
2022-10-24,9.91,9.91,9.91,9.91,800
2022-10-25,9.82,9.9,9.925,9.82,17761
2022-10-26,9.93,9.92,9.93,9.92,4953
2022-10-27,9.93,9.94,9.94,9.93,4870
2022-10-28,9.94,9.94,9.94,9.94,109
2022-10-31,9.93,9.93,9.93,9.93,181
2022-11-01,9.945,9.945,9.945,9.945,108
2022-11-02,9.9501,9.9501,9.9501,9.95,2434
2022-11-03,9.95,9.95,9.95,9.95,905
2022-11-04,9.95,9.95,9.9502,9.95,7971
2022-11-07,9.95,9.95,9.95,9.95,427
2022-11-08,9.95,9.955,9.96,9.94,130549
2022-11-09,9.95,9.9542,9.9542,9.95,1405
2022-11-10,9.95,9.95,9.96,9.95,61019
2022-11-11,9.98,9.98,9.98,9.95,6755
2022-11-14,9.95,9.95,9.96,9.95,74524
2022-11-15,9.95,9.9501,9.9501,9.95,605
2022-11-16,9.95,9.96,9.96,9.94,82428
2022-11-17,9.96,9.965,9.965,9.95,1201
2022-11-18,9.96,9.9601,9.9601,9.96,724
2022-11-21,9.96,9.96,9.97,9.96,1652
2022-11-22,9.9601,9.96,9.97,9.96,1252
2022-11-28,9.97,9.9684,9.98,9.9684,446
2022-11-29,9.96,9.96,9.9601,9.96,2995
2022-11-30,9.97,9.97,9.975,9.97,1998
2022-12-01,9.98,9.98,9.9845,9.97,53297
2022-12-02,9.98,9.9842,9.9842,9.98,2837
2022-12-05,9.98,9.98,9.9801,9.98,27047
2022-12-06,9.98,9.99,9.99,9.98,6678
2022-12-07,9.98,9.9801,9.9801,9.98,1500
2022-12-08,9.98,9.99,9.99,9.98,76200
2022-12-09,9.97,9.9701,9.9701,9.97,1075
2022-12-12,9.97,9.97,9.985,9.97,1630
2022-12-13,9.86,9.97,9.98,9.86,1060
2022-12-15,9.97,9.97,9.98,9.97,11688
2022-12-19,9.8392,10.0,10.01,9.8392,4096
2022-12-20,10.06,9.97,10.06,9.85,103807
2022-12-21,9.85,9.95,10.0,9.85,943
2022-12-22,9.9,9.93,9.97,9.9,24660
2022-12-23,9.94,9.9201,9.94,9.92,1331
2022-12-27,9.93,9.97,9.97,9.93,139493
2022-12-28,9.97,9.99,10.0,9.97,2549
2022-12-29,10.0,10.0,10.0201,9.99,20880
2022-12-30,9.9801,9.9901,10.034,9.98,2570
2023-01-03,9.995,9.99,9.995,9.99,6686
2023-01-04,9.98,10.0001,10.01,9.98,7810
2023-01-05,10.01,10.0,10.01,10.0,251550
2023-01-09,10.0,10.0182,10.0182,10.0,550
2023-01-10,10.01,10.01,10.01,10.0,500111
2023-01-11,10.04,10.02,10.05,10.02,15698
2023-01-12,10.01,10.01,10.0101,10.01,2050
2023-01-13,10.0298,10.0298,10.0298,10.0298,150
2023-01-17,10.01,10.01,10.01,10.01,343
2023-01-20,10.02,10.0227,10.0227,10.015,3666
2023-01-23,10.02,10.03,10.04,10.02,19884
2023-01-24,9.54,10.03,10.03,9.54,725
2023-01-25,10.03,10.03,10.03,10.03,50000
2023-01-27,10.0201,10.0201,10.0201,10.0201,175
2023-01-30,10.02,10.04,10.04,10.02,503275
2023-01-31,10.04,10.0405,10.05,10.03,508325
2023-02-01,10.03,10.04,10.04,10.03,7212
2023-02-02,10.03,10.1,10.1,10.03,1546
2023-02-03,10.03,10.03,10.03,10.03,13474
2023-02-06,10.0393,10.0393,10.0393,10.0393,130
2023-02-07,10.0501,10.0501,10.0501,10.0501,246
2023-02-08,10.05,10.05,10.05,10.05,786
2023-02-09,10.05,10.06,10.06,10.05,8404
2023-02-10,10.05,10.04,10.05,10.04,52000
2023-02-13,10.04,10.052,10.056,10.04,61200
2023-02-14,10.04,10.04,10.04,10.04,239
2023-02-15,10.0793,10.07,10.0793,10.07,1100
2023-02-16,10.08,10.075,10.08,10.0688,1778
2023-02-17,10.05,10.05,10.05,10.05,144
2023-02-21,10.06,10.06,10.06,10.05,3557
2023-02-22,10.05,10.0519,10.0519,10.05,800
2023-02-23,10.05,10.05,10.05,10.05,100
2023-02-24,10.04,10.04,10.04,10.04,886
2023-03-01,10.05,10.05,10.0501,10.05,1919
2023-03-02,10.0624,10.06,10.0624,10.06,511
2023-03-03,10.0501,10.08,10.08,10.0501,450
2023-03-06,10.05,10.0501,10.0501,10.05,636
2023-03-07,10.05,10.05,10.06,10.05,1700
2023-03-08,10.07,10.08,10.08,10.05,1400
2023-03-09,10.07,10.07,10.07,10.07,2585
2023-03-10,10.0604,10.095,10.095,10.0604,1184
2023-03-14,10.09,10.09,10.09,10.09,1643
2023-03-15,10.07,10.09,10.0933,10.07,7368
2023-03-17,10.09,10.0945,10.0945,10.09,1100
2023-03-20,10.09,10.0987,10.0987,10.09,1000
2023-03-21,10.14,10.1,10.14,10.1,360
2023-03-22,10.1,10.11,10.11,10.1,700
2023-03-23,10.09,10.09,10.09,10.09,100
2023-03-24,10.1,10.1,10.1,10.1,102
2023-03-27,10.11,10.11,10.11,10.11,200
2023-03-28,10.11,10.11,10.11,10.11,502
2023-03-29,10.1,10.11,10.1262,10.1,2700
2023-03-30,10.12,10.11,10.12,10.11,7593
2023-04-03,10.11,10.11,10.1101,10.11,32200
2023-04-04,10.15,10.11,10.15,10.11,3937
2023-04-06,10.11,10.11,10.11,10.11,1397
2023-04-10,10.1,10.163,10.163,10.1,485
2023-04-11,10.1,10.11,10.11,10.1,2200
2023-04-13,10.1,10.11,10.11,10.1,1270
2023-04-14,10.1,10.14,10.14,10.1,7917
2023-04-17,10.1,10.14,10.14,10.1,15383
2023-04-18,10.14,10.15,10.155,10.14,150950
2023-04-19,10.1527,10.15,10.1527,10.15,700
2023-04-20,10.15,10.15,10.16,10.15,15357
2023-04-21,10.15,10.15,10.1501,10.15,11925
2023-04-24,10.15,10.15,10.15,10.15,353126
2023-04-25,10.15,10.1623,10.1623,10.15,2316
2023-04-26,10.16,10.175,10.175,10.16,15084
2023-04-27,10.16,10.16,10.1601,10.16,4272
2023-04-28,10.16,10.16,10.16,10.16,4628
2023-05-01,10.17,10.17,10.1745,10.17,1000
2023-05-02,10.1699,10.17,10.17,10.1699,1956
2023-05-03,10.16,10.16,10.16,10.16,535
2023-05-04,9.15,10.12,10.12,9.14,8271
