2021-06-30,24.56,24.8,25.0,24.56,75020
2021-07-01,24.95,24.94,25.03,24.81,171803
2021-07-02,24.95,24.96,24.97,24.85,99503
2021-07-06,24.95,24.95,24.98,24.92,39120
2021-07-07,25.0,24.95,25.0,24.86,40885
2021-07-08,24.91,24.93,24.95,24.85,23444
2021-07-09,24.9,24.96,25.0624,24.9,264972
2021-07-12,25.1,24.93,25.1,24.93,31262
2021-07-13,24.95,24.9,25.0,24.9,39701
2021-07-14,24.92,24.92,25.0,24.9,10699
2021-07-15,24.9,24.84,24.9,24.84,17010
2021-07-16,24.94,24.9,24.94,24.85,25843
2021-07-19,24.9,24.7,24.9,24.7,36283
2021-07-20,24.86,24.79,24.86,24.7,28471
2021-07-21,24.8298,24.8,24.89,24.75,19077
2021-07-22,24.8,24.8721,24.8721,24.8,3615
2021-07-23,24.9,24.99,25.0,24.88,2924
2021-07-26,24.925,24.97,25.02,24.925,203878
2021-07-27,24.96,24.915,25.0,24.86,6140
2021-07-28,24.9713,24.9,24.9713,24.9,10022
2021-07-29,24.95,24.9,24.95,24.9,18037
2021-07-30,24.94,24.91,24.94,24.9,8483
2021-08-02,24.91,24.9,24.95,24.9,7467
2021-08-03,25.0,24.91,25.0,24.9,5752
2021-08-04,24.9,24.9,24.95,24.9,6400
2021-08-05,24.98,24.9,24.985,24.8801,3131
2021-08-06,24.97,24.95,24.97,24.91,1735
2021-08-09,24.8788,24.88,25.0,24.85,1620
2021-08-10,24.9,24.94,24.95,24.8,6672
2021-08-11,24.8,24.9,24.9,24.8,5960
2021-08-12,24.93,24.9,24.93,24.84,4161
2021-08-13,24.95,24.9788,25.0,24.837,13745
2021-08-16,24.98,25.01,25.03,24.9792,13573
2021-08-17,25.0,25.03,25.08,25.0,7296
2021-08-18,25.004,25.01,25.01,25.0,3195
2021-08-19,25.0,25.0999,25.1,25.0,19870
2021-08-20,25.01,25.01,25.02,25.01,1005
2021-08-23,25.0001,25.005,25.02,25.0,12692
2021-08-24,25.0099,25.0,25.01,25.0,3002
2021-08-25,25.1,25.0,25.1,25.0,4159
2021-08-26,25.0,25.05,25.05,25.0,25582
2021-08-27,25.01,25.01,25.01,25.01,868
2021-08-30,25.05,25.02,25.05,25.02,1712
2021-08-31,25.02,25.008,25.02,25.0,5444
2021-09-01,25.01,25.0011,25.01,25.0,1880
2021-09-02,25.06,25.01,25.22,25.0,22351
2021-09-03,25.01,25.01,25.01,25.0,5224
2021-09-07,25.15,25.0,25.15,25.0,13115
2021-09-08,25.0,25.01,25.01,25.0,9741
2021-09-09,25.01,25.0,25.01,25.0,15378
2021-09-10,25.01,25.0,25.01,25.0,4318
2021-09-13,25.014,25.01,25.05,24.99,24795
2021-09-14,25.01,25.0,25.01,25.0,6135
2021-09-15,25.01,25.0003,25.01,25.0,10021
2021-09-16,25.0,25.01,25.1,25.0,4539
2021-09-17,25.01,25.01,25.01,25.0,7371
2021-09-20,25.0,25.0,25.01,25.0,2206
2021-09-21,25.18,25.0082,25.18,24.91,5951
2021-09-22,25.0219,24.91,25.0219,24.9,13575
2021-09-23,25.0,24.9997,25.0,24.9997,450
2021-09-24,24.9,24.8,24.9,24.8,2288
2021-09-27,24.88,24.99,24.99,24.85,2473
2021-09-28,24.95,24.95,24.95,24.9499,3462
2021-09-29,24.97,24.8389,25.04,24.8223,4630
2021-09-30,24.985,25.01,25.05,24.95,48325
2021-10-01,25.05,25.01,25.05,24.91,17160
2021-10-04,24.8,24.65,24.8537,24.55,3902
2021-10-05,24.68,24.55,24.7,24.55,5025
2021-10-06,24.5,24.6799,24.6799,24.5,3006
2021-10-07,24.6792,24.5946,24.68,24.45,4556
2021-10-08,24.5948,24.58,24.5948,24.58,514
2021-10-11,24.45,24.4,24.6233,24.4,2462
2021-10-12,24.45,24.5,24.54,24.4,1893
2021-10-13,24.5,24.6,24.7268,24.5,2210
2021-10-14,24.72,24.8,24.8,24.6,3334
2021-10-15,24.79,24.78,24.9499,24.78,1435
2021-10-18,24.51,24.834,24.834,24.51,1112
2021-10-19,24.43,24.5835,24.5835,24.43,4171
2021-10-20,24.79,24.505,24.79,24.505,3532
2021-10-21,24.79,24.17,24.79,24.15,14802
2021-10-22,24.17,24.5,24.5,24.17,10436
2021-10-25,24.3092,24.2,24.35,24.2,8910
2021-10-26,24.2,24.2,24.22,24.2,6969
2021-10-27,24.1999,24.05,24.1999,24.05,3444
2021-10-28,24.05,23.45,24.05,23.25,10865
2021-10-29,23.42,23.04,23.45,22.91,8441
2021-11-01,23.25,23.1612,23.25,23.08,5486
2021-11-02,23.08,23.005,23.1187,23.0,5171
2021-11-03,23.045,23.0448,23.1339,23.01,3819
2021-11-04,23.04,23.08,23.08,23.04,758
2021-11-05,23.0645,23.0676,23.16,23.01,2395
2021-11-08,23.19,22.9968,23.2,22.98,16077
2021-11-09,22.98,22.98,22.9867,22.98,3477
2021-11-10,22.91,22.88,22.9877,22.88,2986
2021-11-11,22.9,23.0,23.3899,22.88,12234
2021-11-12,23.0,23.2274,23.32,23.0,5053
2021-11-15,23.01,23.0,23.1815,23.0,1876
2021-11-16,23.0,22.7801,23.0,22.75,12800
2021-11-17,22.75,22.7216,22.83,22.7,11124
2021-11-18,22.6588,22.18,22.7,22.18,18468
2021-11-19,22.18,21.5,22.18,21.5,5487
2021-11-22,21.77,20.5001,21.8,20.5001,3874
2021-11-23,20.52,19.5,20.52,18.61,7515
2021-11-24,19.5,19.0,19.5,18.95,12688
2021-11-26,19.0,18.9,19.5,18.9,9958
2021-11-29,19.0,19.02,19.5,19.0,10626
2021-11-30,19.0001,19.5954,19.5954,19.0,16149
2021-12-01,20.4307,20.5,20.5,20.25,965
2021-12-02,20.5,20.01,20.5125,20.01,1377
2021-12-03,20.0,19.5,20.1064,19.0,7906
2021-12-06,19.2,19.49,19.5,19.0,12176
2021-12-07,19.27,19.5,19.7,19.03,19153
2021-12-08,19.2001,19.159,19.75,19.0,7670
2021-12-09,19.01,19.0,19.235,19.0,11432
2021-12-10,19.0,19.31,19.46,19.0,7106
2021-12-13,19.0738,19.15,19.15,19.0738,450
2021-12-14,19.0,19.0,19.1822,19.0,11607
2021-12-15,19.0,19.07,19.07,19.0,11329
2021-12-16,19.0,18.84,19.01,18.745,24696
2021-12-17,18.8,18.6,18.83,18.5,32353
2021-12-20,18.5775,18.0435,18.5775,17.665,16642
2021-12-21,18.0,17.6163,18.0,17.5,18453
2021-12-22,17.5,17.3012,17.55,17.25,15812
2021-12-23,17.25,17.24,17.29,17.1101,50660
2021-12-27,17.24,17.1,17.24,17.0,24523
2021-12-28,17.012,17.0,17.1,17.0,10254
2021-12-29,17.02,16.7,17.92,16.52,15723
2021-12-30,16.75,16.77,17.04,16.25,40334
2021-12-31,16.8466,16.75,17.04,16.5,18480
2022-01-03,16.7,16.7,16.7,16.65,1781
2022-01-04,16.26,17.505,18.1016,16.26,3187
2022-01-05,17.27,16.75,17.29,16.75,3075
2022-01-06,17.0,16.895,17.0,16.8,1008
2022-01-07,16.9,16.77,16.9421,16.75,4398
2022-01-10,16.75,16.75,17.05,16.75,4569
2022-01-11,17.0,16.99,17.0,16.75,1707
2022-01-12,16.9602,16.96,16.9602,16.96,200
2022-01-13,17.0999,16.92,17.0999,16.92,506
2022-01-14,16.95,16.8781,16.95,16.8781,423
2022-01-18,16.94,16.0,16.94,15.84,6587
2022-01-19,16.0,15.5,16.0,15.45,2640
2022-01-20,15.25,15.0,15.3,14.02,65491
2022-01-21,15.0,15.0,16.0,14.9101,13272
2022-01-24,14.91,14.5,14.91,14.49,15822
2022-01-25,14.2365,14.0,15.5,13.99,28690
2022-01-26,14.0,13.51,14.35,13.5,22583
2022-01-27,13.51,13.38,13.51,13.3,13366
2022-01-28,13.2,13.16,13.2,13.01,19178
2022-01-31,13.18,13.01,13.5,13.0,12778
2022-02-01,13.01,13.0,13.01,12.9,13323
2022-02-02,13.3545,12.9526,13.3545,12.9,2524
2022-02-03,12.91,13.01,13.01,12.91,1579
2022-02-04,13.0,13.0122,13.03,13.0,1310
2022-02-07,13.47,13.47,13.47,13.47,212
2022-02-08,13.48,13.4555,13.48,13.4555,1206
2022-02-09,13.4487,13.4135,13.4487,13.2127,1053
2022-02-10,13.46,13.4,13.5,13.0,5959
2022-02-11,13.5,13.75,14.49,13.499,1506
2022-02-16,14.4709,14.75,14.75,14.4709,1305
2022-02-17,14.8479,14.75,14.9876,14.75,589
2022-02-18,14.465,14.465,14.465,14.465,406
2022-02-22,14.48,14.0947,14.6916,14.0947,1425
2022-02-23,14.99,14.84,14.99,13.3,5106
2022-02-24,13.494,13.494,13.494,13.494,217
2022-02-25,13.6229,13.6229,13.6229,13.6229,404
2022-02-28,13.54,13.54,13.54,13.54,204
2022-03-01,13.54,13.49,13.55,13.31,7833
2022-03-03,13.31,13.25,13.36,13.25,10889
2022-03-04,13.08,13.025,13.1,13.025,12179
2022-03-07,13.06,13.0,13.1,13.0,4513
2022-03-08,13.01,13.05,13.05,13.0,2146
2022-03-10,13.49,13.42,14.05,13.2501,2502
2022-03-11,13.27,13.0,13.27,13.0,4200
2022-03-14,13.0,12.88,13.0,12.8,21588
2022-03-15,12.82,12.7,12.82,12.7,4192
2022-03-16,12.7,12.5133,12.7,12.5133,2042
2022-03-21,13.97,14.7,14.75,13.8909,5326
2022-03-22,14.98,15.74,15.88,14.96,2522
2022-03-23,15.78,15.255,16.0,15.255,3344
2022-03-24,14.39,15.125,15.98,14.39,933
2022-03-25,14.38,14.38,14.38,14.38,1026
2022-03-29,15.99,16.255,17.1,15.5,4557
2022-03-30,17.1,17.135,17.3,17.1,1098
2022-03-31,17.2499,17.3,17.3,17.2,5136
2022-04-01,17.7097,17.3054,17.7097,17.3054,532
2022-04-04,18.0,18.0,18.0,18.0,200
2022-04-05,17.9,16.2,18.0,16.2,681
2022-04-06,17.5,17.4267,17.5,16.58,669
2022-04-07,17.6,18.0,18.0,17.6,8476
2022-04-08,17.74,17.7,17.74,17.6946,3358
2022-04-11,17.4,17.75,17.75,17.2848,2404
2022-04-12,17.055,17.75,17.75,17.055,733
2022-04-13,17.7059,18.0,18.0,17.7059,2764
2022-04-14,17.75,18.0,18.0,17.75,1621
2022-04-18,18.0,18.0,18.0,18.0,1563
2022-04-19,18.0,18.0,18.0,17.7277,4394
2022-04-20,17.56,17.12,17.56,17.12,2198
2022-04-21,16.85,16.38,16.85,16.38,766
2022-04-22,16.6445,16.72,17.6,16.4931,1148
2022-04-25,17.39,17.5,17.8,17.39,603
2022-04-26,17.05,17.0,17.2,16.85,1709
2022-04-27,17.0,17.182,17.182,16.85,402
2022-04-28,16.3501,16.3501,16.3501,16.3501,598
2022-04-29,16.66,16.66,16.66,16.66,597
2022-05-02,17.075,17.075,17.075,17.075,323
2022-05-03,16.7,17.637,17.637,16.7,471
2022-05-04,16.83,17.38,17.38,16.83,428
2022-05-05,16.37,16.6126,16.6126,16.37,725
2022-05-06,17.3015,17.3015,17.3015,17.3015,127
2022-05-09,17.0729,17.0729,17.0729,17.0729,318
2022-05-11,16.35,16.35,16.35,16.35,236
2022-05-12,15.38,15.0,15.38,14.5,1053
2022-05-13,14.8998,14.8998,14.8998,14.8998,128
2022-05-16,13.81,13.9923,13.9923,13.81,472
2022-05-17,14.01,14.92,14.9247,14.01,1249
2022-05-18,14.23,14.7,14.83,14.23,346
2022-05-19,15.84,15.84,15.84,15.73,526
2022-05-20,15.9116,16.7261,16.7261,15.9116,1015
2022-05-23,15.84,16.27,16.27,15.84,723
2022-05-25,14.95,16.32,16.32,14.95,879
2022-05-26,15.69,16.75,16.75,15.6244,998
2022-05-27,16.93,16.98,16.98,16.8286,2393
2022-05-31,16.9799,16.98,16.98,16.9799,1003
2022-06-01,16.23,16.8134,16.8134,16.23,408
2022-06-02,16.25,16.78,16.8596,16.25,954
2022-06-03,16.3,16.73,16.73,16.3,282
2022-06-07,16.36,16.75,16.75,16.36,292
2022-06-08,15.6616,15.6,15.6616,15.58,5756
2022-06-13,15.0,14.75,15.0,14.55,2939
2022-06-14,14.7,16.16,16.16,14.7,628
2022-06-15,16.7,16.7,16.8,16.03,853
2022-06-16,16.85,16.95,16.95,16.85,781
2022-06-17,16.95,15.76,16.95,15.43,3841
2022-06-21,16.9299,15.89,16.9299,15.89,438
2022-06-22,15.82,15.28,15.82,15.28,1299
2022-06-23,15.9,16.0,16.72,15.89,1142
2022-06-24,16.0,17.5,17.96,15.775,13496
2022-06-27,18.0,17.4866,18.0,16.0001,7020
2022-06-28,17.8,17.3,17.9156,17.3,3507
2022-06-29,18.0,17.0,18.0,16.4875,3875
2022-06-30,17.94,18.0,18.0,17.0,6038
2022-07-01,18.0,17.97,18.0,17.45,2326
2022-07-05,17.75,16.66,17.75,16.66,1643
2022-07-06,17.1563,17.16,17.16,17.1563,503
2022-07-12,17.1104,16.72,17.1104,16.72,401
2022-07-13,16.65,16.18,16.65,15.55,3488
2022-07-14,15.99,15.7396,16.36,14.46,10770
2022-07-15,16.19,16.85,16.85,16.19,1597
2022-07-19,16.26,15.7579,17.33,15.7579,3167
2022-07-20,16.0,17.1,17.83,16.0,10560
2022-07-21,17.1,16.65,17.2,16.52,6209
2022-07-22,16.71,16.61,16.71,16.61,5750
2022-07-26,16.97,16.09,16.97,16.09,870
2022-07-27,16.7394,16.7394,16.7394,16.7394,701
2022-07-28,16.7463,16.7463,16.7463,16.7463,280
2022-08-01,17.0,17.71,17.99,16.975,7243
2022-08-02,17.9,17.9999,18.0,17.9,7504
2022-08-03,17.92,17.95,18.0,17.92,2855
2022-08-05,17.5,17.61,17.61,17.3,2161
2022-08-08,17.65,17.65,17.65,17.65,245
2022-08-10,17.8,17.0,17.8,16.9477,3130
2022-08-12,17.94,17.94,17.94,17.94,873
2022-08-15,17.95,17.6,18.1,17.6,7546
2022-08-16,17.8,17.99,18.0,17.8,1914
2022-08-17,17.81,17.99,18.0,17.81,1898
2022-08-19,17.73,17.73,17.73,17.73,170
2022-08-23,17.37,17.95,17.95,17.37,1535
2022-08-25,17.51,17.86,17.978,17.51,1313
2022-08-26,18.305,18.0,18.305,18.0,679
2022-08-29,17.88,16.9368,17.95,16.9368,1196
2022-08-30,17.39,17.39,17.39,16.186,3265
2022-09-01,17.45,17.45,17.45,17.45,183
2022-09-02,17.19,17.15,17.19,17.15,964
2022-09-06,15.8601,17.0,17.0,15.8601,2145
2022-09-07,16.97,16.97,16.97,16.97,647
2022-09-08,15.4359,15.4359,15.4359,15.4359,377
2022-09-09,16.17,15.41,16.17,15.41,1081
2022-09-12,15.81,17.08,17.31,15.81,9153
2022-09-14,15.98,15.97,15.98,15.97,362
2022-09-15,16.17,16.145,16.17,16.145,319
2022-09-16,16.25,15.6167,17.0,15.6167,4994
2022-09-19,15.65,15.5,15.65,15.5,3288
2022-09-20,15.9,15.6,15.9,15.43,2789
2022-09-21,15.82,15.59,15.82,15.59,687
2022-09-22,15.33,15.0,15.33,15.0,3406
2022-09-23,14.5,15.15,16.8,13.98,13999
2022-09-26,15.49,15.79,16.4,15.48,4338
2022-09-27,15.79,15.8,16.3,15.64,5318
2022-09-28,15.7,14.47,15.9,12.28,19073
2022-09-29,14.54,14.9,14.9,14.5,495
2022-09-30,15.0,15.05,15.05,15.0,694
2022-10-03,15.05,15.0,15.95,14.2,8125
2022-10-04,14.5,14.199,15.31,14.08,11900
2022-10-05,14.01,13.7,14.38,13.57,3399
2022-10-06,14.11,14.0039,14.2899,14.0039,777
2022-10-07,13.85,13.9,14.1,13.7,2462
2022-10-10,13.6091,13.6495,13.82,13.21,5345
2022-10-11,13.877,13.24,13.97,13.21,13929
2022-10-12,13.21,12.5001,13.2214,12.5001,2600
2022-10-13,12.8,11.68,12.8,11.45,6838
2022-10-14,12.0,12.0,12.0,11.8,11689
2022-10-17,12.8,12.8,12.81,12.8,1725
2022-10-18,12.46,12.6,12.95,12.46,1911
2022-10-19,13.0,13.04,14.8,12.8,33173
2022-10-20,13.19,11.6,14.3,11.08,36209
2022-10-21,11.9,11.9,11.9,11.9,425
2022-10-24,11.6,11.9199,11.9799,11.5,4006
2022-10-25,11.77,12.12,12.12,11.69,830
2022-10-26,12.0499,12.0499,12.0499,12.0499,511
2022-10-27,11.67,11.69,11.69,11.67,528
2022-10-28,11.51,11.5999,11.6,11.42,2972
2022-10-31,11.94,11.72,11.94,11.68,2046
2022-11-01,12.0,11.8994,12.0,11.77,1430
2022-11-02,12.74,11.8,12.74,11.8,899
2022-11-03,12.09,11.45,12.09,11.4499,5556
2022-11-04,11.42,10.9,11.43,10.65,11816
2022-11-07,10.92,10.7,10.92,10.65,8821
2022-11-08,10.65,10.575,10.65,10.41,5258
2022-11-09,10.7,10.99,11.84,10.7,4377
2022-11-10,10.71,10.71,10.71,10.71,475
2022-11-11,10.8,11.5,11.685,10.8,2902
2022-11-14,11.755,11.755,11.755,11.755,203
2022-11-15,11.8,11.81,11.81,11.8,261
2022-11-16,12.25,12.27,12.27,12.25,685
2022-11-17,12.0,11.45,12.0,11.25,1881
2022-11-18,11.95,11.95,11.95,11.95,592
2022-11-21,11.04,11.3,11.3,10.8501,1121
2022-11-22,11.358,11.358,11.358,11.358,860
2022-11-28,11.45,11.35,11.45,11.35,294
2022-11-29,11.3999,11.02,11.4,11.02,1746
2022-11-30,11.05,11.05,11.05,11.05,334
2022-12-01,11.03,11.0,11.08,10.5,4903
2022-12-02,10.25,10.97,11.0,10.25,1627
2022-12-05,10.43,10.33,10.43,10.02,2948
2022-12-06,10.12,10.22,10.311,10.02,8919
2022-12-07,10.1,10.2,10.22,10.0001,2843
2022-12-08,10.27,10.5,11.41,10.2,14608
2022-12-09,10.4999,10.1,10.4999,10.1,1207
2022-12-12,10.0,10.2499,10.2499,9.63,3692
2022-12-13,9.6901,10.2,10.2,9.6408,7900
2022-12-14,9.86,10.61,10.61,9.75,6208
2022-12-15,9.77,9.97,10.18,9.76,5223
2022-12-16,9.86,9.9499,10.0,9.85,4281
2022-12-19,9.85,10.26,10.89,9.79,13153
2022-12-20,10.01,10.22,10.26,9.84,10305
2022-12-21,10.0072,9.91,10.2,9.9,7283
2022-12-22,10.87,10.673,10.9,10.673,835
2022-12-23,10.49,11.0,11.38,9.8301,8889
2022-12-27,12.0,12.4,12.4485,12.0,4196
2022-12-28,12.44,11.5,12.44,10.35,7654
2022-12-29,11.85,11.9,12.01,11.85,2524
2022-12-30,12.34,14.56,14.79,11.4582,11257
2023-01-03,13.99,14.1,14.1,12.21,7095
2023-01-04,15.22,13.25,16.16,13.25,2680
2023-01-06,14.1,13.95,14.1,12.61,3003
2023-01-09,13.95,13.95,13.95,13.95,753
2023-01-10,13.8,14.38,14.38,13.6999,1109
2023-01-11,15.0,14.94,15.0142,14.5,2946
2023-01-12,14.55,14.59,14.59,13.81,721
2023-01-13,14.73,14.7,14.73,13.7,1704
2023-01-17,15.15,14.4327,15.15,13.26,5619
2023-01-18,14.175,14.72,14.72,13.8,4553
2023-01-19,14.02,14.5,14.5,13.82,4075
2023-01-20,14.05,14.46,14.49,14.05,1371
2023-01-23,14.25,14.29,14.5612,14.25,2999
2023-01-24,14.892,14.9084,14.9084,14.3,1594
2023-01-25,14.95,15.11,15.11,14.95,492
2023-01-26,14.8492,14.5,14.8492,14.5,461
2023-01-27,14.03,14.2246,14.2246,13.9,1630
2023-01-30,13.9375,14.0575,14.2,13.9375,1432
2023-01-31,14.47,16.68,16.925,14.47,6476
2023-02-01,16.88,16.9,16.9,16.6816,5777
2023-02-02,16.38,16.8,16.85,16.2632,1971
2023-02-03,16.9,16.9,16.9,16.9,1267
2023-02-06,16.9,16.899,16.9,16.85,2228
2023-02-07,16.8,16.8002,16.8002,16.8,507
2023-02-08,16.8,16.8372,16.8372,16.8,1267
2023-02-09,16.19,16.89,16.89,16.19,551
2023-02-10,16.19,16.9,16.9,16.19,404
2023-02-13,16.19,16.2033,16.21,16.19,568
2023-02-14,16.2,16.9,16.9,16.2,1771
2023-02-15,16.9,16.37,16.9,16.37,355
2023-02-16,16.38,16.38,16.38,16.38,333
2023-02-17,16.25,16.19,16.25,16.19,1420
2023-02-21,16.8999,16.25,16.8999,16.25,1151
2023-02-22,16.2499,16.2499,16.2499,16.2499,630
2023-02-23,16.705,16.8999,16.8999,16.575,807
2023-02-24,16.25,16.5,16.5,16.25,547
2023-02-27,16.48,16.9,16.9,16.48,1090
2023-02-28,16.3637,16.9,16.9,16.3637,1960
2023-03-01,16.5236,16.5236,16.5236,16.5236,363
2023-03-02,16.25,16.15,16.25,16.0,2465
2023-03-03,16.1499,15.75,16.1499,15.27,2809
2023-03-06,15.76,15.9499,15.95,15.76,1520
2023-03-07,16.5,16.5,16.886,16.5,760
2023-03-08,16.884,16.9,16.9,16.884,713
2023-03-09,15.21,16.89,16.9,13.8,2808
2023-03-10,16.876,17.0,17.95,16.876,1127
2023-03-13,15.31,15.35,15.35,15.31,884
2023-03-15,15.55,13.6,15.55,12.81,12457
2023-03-20,14.0,16.74,16.74,13.6,3594
2023-03-21,16.74,17.29,17.29,16.74,466
2023-03-22,17.75,17.75,17.75,17.75,333
2023-03-23,17.25,15.55,17.25,15.54,2279
2023-03-24,15.5,16.01,16.01,15.5,1064
2023-03-27,16.63,16.63,16.63,16.63,161
2023-03-28,15.0,15.02,15.02,14.75,1888
2023-03-29,15.02,17.55,17.97,13.82,6327
2023-03-30,17.7,16.9851,17.7,16.92,8425
2023-03-31,15.32,16.98,16.98,15.32,1682
2023-04-03,15.41,16.115,16.94,15.3,2241
2023-04-05,16.92,16.95,16.95,15.5501,3482
2023-04-06,16.3,16.3,16.3,16.3,487
2023-04-10,16.88,16.3,16.88,14.67,849
2023-04-11,16.2,16.55,16.55,16.2,1378
2023-04-12,16.55,16.55,16.55,16.55,131
2023-04-13,16.56,16.56,16.56,16.56,260
2023-04-14,16.97,17.17,17.17,15.87,3012
2023-04-17,16.0,16.0,16.0,16.0,199
2023-04-19,16.96,16.58,16.96,16.523,1050
2023-04-20,16.2,16.97,16.97,15.5213,4384
2023-04-21,16.5,17.1694,17.1694,16.05,3038
2023-04-24,16.43,16.75,16.75,16.0,3456
2023-04-25,16.87,16.76,16.87,16.76,543
2023-04-27,16.75,16.75,16.75,16.75,542
2023-04-28,16.8,17.17,17.17,15.0501,6745
2023-05-01,17.45,16.7,17.45,16.7,258
2023-05-02,16.63,16.53,16.63,16.53,305
2023-05-03,16.52,17.0,17.0,15.57,3364
2023-05-04,16.95,17.06,17.06,16.95,281
2023-05-05,NaN,NaN,NaN,NaN,23
2023-05-08,16.99,16.93,17.06,16.93,935
2023-05-09,NaN,NaN,NaN,NaN,42
2023-05-10,16.2166,17.07,17.6,16.2166,1730
2023-05-11,16.6,16.6,16.6,16.6,410
2023-05-12,15.63,17.01,17.6,15.63,1607
2023-05-15,16.7,16.985,16.985,16.33,3152
2023-05-16,NaN,NaN,NaN,NaN,189
2023-05-17,16.98,16.98,16.98,16.98,359
2023-05-18,NaN,NaN,NaN,NaN,91
