2020-06-24,25.19,25.19,25.19,25.19,105
2020-06-25,24.94,24.94,24.94,24.94,105
2020-06-26,25.08,25.08,25.08,25.08,281
2020-06-29,NaN,25.08,NaN,NaN,0
2020-06-30,NaN,25.08,NaN,NaN,0
2020-07-01,NaN,25.08,NaN,NaN,0
2020-07-02,NaN,25.08,NaN,NaN,0
2020-07-06,NaN,25.08,NaN,NaN,0
2020-07-07,25.54,25.3193,25.54,25.3193,3610
2020-07-08,NaN,25.3193,NaN,NaN,1
2020-07-09,25.239,25.24,25.24,25.239,1602
2020-07-10,25.49,25.49,25.49,25.49,505
2020-07-13,25.76,25.76,25.76,25.76,122
2020-07-14,NaN,25.76,NaN,NaN,4
2020-07-15,NaN,25.76,NaN,NaN,1
2020-07-16,NaN,25.76,NaN,NaN,10
2020-07-17,NaN,25.76,NaN,NaN,0
2020-07-20,NaN,25.76,NaN,NaN,0
2020-07-21,NaN,25.76,NaN,NaN,188
2020-07-22,NaN,25.76,NaN,NaN,0
2020-07-23,NaN,25.76,NaN,NaN,3
2020-07-24,NaN,25.76,NaN,NaN,33
2020-07-27,NaN,25.76,NaN,NaN,30
2020-07-28,26.19,26.105,26.19,26.105,2920
2020-07-29,26.23,26.2884,26.2884,26.23,1189
2020-07-30,25.87,25.75,25.87,25.75,571
2020-07-31,NaN,25.75,NaN,NaN,0
2020-08-03,25.64,25.6,25.64,25.6,5214
2020-08-04,25.6,25.8949,25.8949,25.6,4815
2020-08-05,NaN,25.8949,NaN,NaN,0
2020-08-06,25.97,25.99,25.99,25.97,284
2020-08-07,NaN,25.99,NaN,NaN,0
2020-08-10,NaN,25.99,NaN,NaN,0
2020-08-11,26.43,26.43,26.43,26.43,200
2020-08-12,NaN,26.43,NaN,NaN,0
2020-08-13,NaN,26.43,NaN,NaN,10
2020-08-14,NaN,26.43,NaN,NaN,0
2020-08-17,NaN,26.43,NaN,NaN,62
2020-08-18,NaN,26.43,NaN,NaN,0
2020-08-19,26.75,26.5536,26.75,26.5536,105
2020-08-20,26.445,26.4447,26.445,26.4447,236
2020-08-21,26.1502,26.2944,26.2944,26.1502,121
2020-08-24,NaN,26.2944,NaN,NaN,0
2020-08-25,26.58,26.59,26.59,26.58,236
2020-08-26,NaN,26.59,NaN,NaN,20
2020-08-27,26.7018,26.5429,26.7018,26.5429,261
2020-08-28,NaN,26.5429,NaN,NaN,0
2020-08-31,NaN,26.5429,NaN,NaN,1
2020-09-01,26.6,26.55,26.6,26.55,272
2020-09-02,NaN,26.55,NaN,NaN,11
2020-09-03,26.4,26.4,26.4,26.4,5020
2020-09-04,NaN,26.4,NaN,NaN,0
2020-09-08,NaN,26.4,NaN,NaN,4
2020-09-09,NaN,26.4,NaN,NaN,0
2020-09-10,26.37,26.2301,26.37,26.2301,3135
2020-09-11,NaN,26.2301,NaN,NaN,0
2020-09-14,NaN,26.2301,NaN,NaN,1
2020-09-15,27.0,27.0,27.0,27.0,4003
2020-09-16,NaN,27.0,NaN,NaN,87
2020-09-17,NaN,27.0,NaN,NaN,1
2020-09-18,26.58,26.58,26.58,26.58,2913
2020-09-21,26.0,26.0,26.0,26.0,156
2020-09-22,NaN,26.0,NaN,NaN,60
2020-09-23,25.82,25.6543,25.82,25.6543,790
2020-09-24,25.7,25.7,25.7,25.7,102
2020-09-25,NaN,25.7,NaN,NaN,0
2020-09-28,26.14,26.14,26.14,26.14,213
2020-09-29,26.11,26.11,26.11,26.11,231
2020-09-30,NaN,26.11,NaN,NaN,34
2020-10-01,NaN,26.11,NaN,NaN,50
2020-10-02,26.0,25.9997,26.0,25.9997,5640
2020-10-05,26.3,26.3658,26.3658,26.3,3744
2020-10-06,26.45,26.45,26.45,26.45,217
2020-10-07,NaN,26.45,NaN,NaN,42
2020-10-08,NaN,26.45,NaN,NaN,7
2020-10-09,NaN,26.45,NaN,NaN,0
2020-10-12,NaN,26.45,NaN,NaN,72
2020-10-13,NaN,26.45,NaN,NaN,50
2020-10-14,26.65,26.6154,26.65,26.6154,108
2020-10-15,NaN,26.6154,NaN,NaN,8
2020-10-16,NaN,26.6154,NaN,NaN,0
2020-10-19,26.53,26.53,26.53,26.53,196
2020-10-20,NaN,26.53,NaN,NaN,58
2020-10-21,NaN,26.53,NaN,NaN,96
2020-10-22,NaN,26.53,NaN,NaN,145
2020-10-23,NaN,26.53,NaN,NaN,52
2020-10-26,26.03,26.0,26.03,26.0,292
2020-10-27,NaN,26.0,NaN,NaN,50
2020-10-28,25.63,25.1125,25.63,25.1125,6584
2020-10-29,25.24,25.24,25.24,25.24,1205
2020-10-30,25.0,24.9478,25.0,24.9199,762
2020-11-02,25.38,25.38,25.38,25.38,610
2020-11-03,26.04,26.04,26.04,26.04,101
2020-11-04,NaN,26.04,NaN,NaN,1
2020-11-05,26.65,26.99,26.99,26.65,900
2020-11-06,26.98,26.97,26.99,26.95,4972
2020-11-09,28.12,28.12,28.12,28.12,102
2020-11-10,NaN,28.12,NaN,NaN,1
2020-11-11,28.45,28.3585,28.45,28.3585,541
2020-11-12,NaN,28.3585,NaN,NaN,0
2020-11-13,NaN,28.3585,NaN,NaN,0
2020-11-16,28.76,28.63,28.76,28.63,2741
2020-11-17,NaN,28.63,NaN,NaN,14
2020-11-18,NaN,28.63,NaN,NaN,35
2020-11-19,NaN,28.63,NaN,NaN,13
2020-11-20,NaN,28.63,NaN,NaN,0
2020-11-23,NaN,28.63,NaN,NaN,12
2020-11-24,29.12,29.17,29.17,29.12,2441
2020-11-25,NaN,29.17,NaN,NaN,0
2020-11-27,29.46,29.5179,29.5179,29.46,101
2020-11-30,NaN,29.5179,NaN,NaN,40
2020-12-01,29.5,29.5267,29.5267,29.5,451
2020-12-02,NaN,29.5267,NaN,NaN,52
2020-12-03,NaN,29.5267,NaN,NaN,82
2020-12-04,30.08,29.89,30.08,29.78,302
2020-12-07,NaN,29.89,NaN,NaN,53
2020-12-08,NaN,29.89,NaN,NaN,405
2020-12-09,NaN,29.89,NaN,NaN,0
2020-12-10,29.89,29.8158,29.89,29.8158,205
2020-12-11,NaN,29.8158,NaN,NaN,0
2020-12-14,29.85,29.85,29.85,29.85,357
2020-12-15,NaN,29.85,NaN,NaN,33
2020-12-16,NaN,29.85,NaN,NaN,50
2020-12-17,NaN,29.85,NaN,NaN,0
2020-12-18,NaN,29.85,NaN,NaN,0
2020-12-21,29.87,29.796,29.87,29.796,165
2020-12-22,29.81,29.7842,29.81,29.752,302
2020-12-23,NaN,29.7842,NaN,NaN,2
2020-12-24,29.931,30.0801,30.0801,29.931,123
2020-12-28,30.3998,30.3013,30.3998,30.3013,173
2020-12-29,NaN,30.3013,NaN,NaN,2
2020-12-30,30.38,30.375,30.38,30.375,390
2020-12-31,NaN,30.375,NaN,NaN,0
2021-01-04,NaN,30.375,NaN,NaN,35
2021-01-05,NaN,30.375,NaN,NaN,102
2021-01-06,30.81,30.8732,30.8732,30.8099,799
2021-01-07,NaN,30.8732,NaN,NaN,1
2021-01-08,NaN,30.8732,NaN,NaN,0
2021-01-11,30.84,30.88,30.88,30.84,1308
2021-01-12,30.81,30.81,30.81,30.81,350
2021-01-13,30.8801,30.8569,30.93,30.8569,1909
2021-01-14,31.07,31.1,31.1,31.07,1866
2021-01-15,NaN,31.1,NaN,NaN,0
2021-01-19,30.7,30.7755,30.7755,30.7,110
2021-01-20,30.855,31.0076,31.0076,30.855,509
2021-01-21,31.08,31.0342,31.08,30.9446,3588
2021-01-22,30.811,30.9337,30.9337,30.811,240
2021-01-25,30.8,30.8571,30.8571,30.8,1653
2021-01-26,NaN,30.8571,NaN,NaN,103
2021-01-27,30.33,30.2074,30.33,30.2074,196
2021-01-28,30.59,30.59,30.59,30.59,1796
2021-01-29,30.12,29.7699,30.12,29.7699,1390
2021-02-01,NaN,29.7699,NaN,NaN,149
2021-02-02,NaN,29.7699,NaN,NaN,20
2021-02-03,NaN,29.7699,NaN,NaN,51
2021-02-04,30.38,30.5155,30.5155,30.38,2429
2021-02-05,NaN,30.5155,NaN,NaN,0
2021-02-08,NaN,30.5155,NaN,NaN,6
2021-02-09,NaN,30.5155,NaN,NaN,11
2021-02-10,31.2,31.1295,31.21,31.1295,354
2021-02-11,31.3278,31.3899,31.39,31.3278,815
2021-02-12,NaN,31.3899,NaN,NaN,0
2021-02-16,NaN,31.3899,NaN,NaN,81
2021-02-17,31.665,31.7619,31.7619,31.665,210
2021-02-18,31.45,31.69,31.69,31.45,1238
2021-02-19,31.671,31.6983,31.8073,31.631,3853
2021-02-22,31.77,31.59,31.77,31.59,2451
2021-02-23,31.522,31.522,31.522,31.522,421
2021-02-24,31.6,31.5422,31.6,31.5422,762
2021-02-25,31.59,31.09,31.59,31.09,645
2021-02-26,31.0,30.5158,31.16,30.5158,5945
2021-03-01,NaN,30.5158,NaN,NaN,36
2021-03-02,NaN,30.5158,NaN,NaN,77
2021-03-03,31.0099,30.8156,31.0099,30.8156,794
2021-03-04,30.9,30.4094,30.9,30.4094,6695
2021-03-05,NaN,30.4094,NaN,NaN,0
2021-03-08,NaN,30.4094,NaN,NaN,76
2021-03-09,NaN,30.4094,NaN,NaN,1
2021-03-10,NaN,30.4094,NaN,NaN,129
2021-03-11,NaN,30.4094,NaN,NaN,3
2021-03-12,NaN,30.4094,NaN,NaN,0
2021-03-15,31.3199,31.3427,31.3427,31.3199,229
2021-03-16,NaN,31.3427,NaN,NaN,28
2021-03-17,NaN,31.3427,NaN,NaN,114
2021-03-18,NaN,31.3427,NaN,NaN,17
2021-03-19,31.38,31.3127,31.38,31.3127,204
2021-03-22,31.4,31.2739,31.4,31.2739,280
2021-03-23,31.15,30.8821,31.15,30.8821,324
2021-03-24,NaN,30.8821,NaN,NaN,0
2021-03-25,NaN,30.8821,NaN,NaN,4
2021-03-26,NaN,30.8821,NaN,NaN,0
2021-03-29,31.32,31.2268,31.32,31.2268,454
2021-03-30,31.149,31.1366,31.149,31.1366,245
2021-03-31,31.19,31.19,31.19,31.19,201
2021-04-01,NaN,31.19,NaN,NaN,2
2021-04-05,31.88,31.88,31.88,31.88,306
2021-04-06,31.61,31.5782,31.61,31.5782,1977
2021-04-07,NaN,31.5782,NaN,NaN,32
2021-04-08,NaN,31.5782,NaN,NaN,44
2021-04-09,NaN,31.5782,NaN,NaN,0
2021-04-12,NaN,31.5782,NaN,NaN,1
2021-04-13,NaN,31.5782,NaN,NaN,21
2021-04-14,NaN,31.5782,NaN,NaN,103
2021-04-15,NaN,31.5782,NaN,NaN,72
2021-04-16,32.321,32.3993,32.3993,32.321,558
2021-04-19,NaN,32.3993,NaN,NaN,61
2021-04-20,NaN,32.3993,NaN,NaN,47
2021-04-21,NaN,32.3993,NaN,NaN,27
2021-04-22,32.15,32.0656,32.15,32.0656,656
2021-04-23,NaN,32.0656,NaN,NaN,0
2021-04-26,NaN,32.0656,NaN,NaN,40
2021-04-27,32.5,32.5,32.5,32.5,211
2021-04-28,32.68,32.5323,32.68,32.5323,102
2021-04-29,32.44,32.4988,32.4988,32.44,371
2021-04-30,NaN,32.4988,NaN,NaN,0
2021-05-03,32.28,32.28,32.28,32.28,806
2021-05-04,31.76,31.76,31.76,31.76,189
2021-05-05,32.57,32.325,32.57,32.2,803
2021-05-06,NaN,32.325,NaN,NaN,10
2021-05-07,NaN,32.325,NaN,NaN,0
2021-05-10,32.8,32.82,32.82,32.8,491
2021-05-11,32.14,32.14,32.14,32.14,411
2021-05-12,NaN,32.14,NaN,NaN,8
2021-05-13,31.95,31.95,31.95,31.95,266
2021-05-14,NaN,31.95,NaN,NaN,0
2021-05-17,NaN,31.95,NaN,NaN,17
2021-05-18,32.65,32.4947,32.66,32.4947,2716
2021-05-19,32.0,31.9879,32.0,31.95,806
2021-05-20,32.4,32.4,32.4,32.4,784
2021-05-21,NaN,32.4,NaN,NaN,0
2021-05-24,NaN,32.4,NaN,NaN,121
2021-05-25,NaN,32.4,NaN,NaN,91
2021-05-26,NaN,32.4,NaN,NaN,37
2021-05-27,NaN,32.4,NaN,NaN,15
2021-05-28,NaN,32.4,NaN,NaN,0
2021-06-01,NaN,32.4,NaN,NaN,71
2021-06-02,33.18,33.18,33.18,33.18,324
2021-06-03,32.97,33.0313,33.0313,32.97,4348
2021-06-04,33.2,33.3194,33.33,33.2,1185
2021-06-07,NaN,33.3194,NaN,NaN,67
2021-06-08,33.41,33.43,33.43,33.41,4510
2021-06-09,33.29,33.29,33.29,33.29,129
2021-06-10,NaN,33.29,NaN,NaN,85
2021-06-11,33.29,33.29,33.29,33.29,551
2021-06-14,33.29,32.6,33.29,32.58,5553
2021-06-15,NaN,32.6,NaN,NaN,34
2021-06-16,NaN,32.6,NaN,NaN,65
2021-06-17,NaN,32.6,NaN,NaN,181
2021-06-18,32.5,32.34,32.5,32.34,1001
2021-06-21,32.76,32.7922,32.7922,32.76,378
2021-06-22,32.76,32.78,32.78,32.71,548
2021-06-23,NaN,32.78,NaN,NaN,1
2021-06-24,32.87,32.96,32.96,32.87,13341
2021-06-25,NaN,32.96,NaN,NaN,0
2021-06-28,32.79,32.79,32.79,32.79,239
2021-06-29,NaN,32.79,NaN,NaN,4
2021-06-30,NaN,32.79,NaN,NaN,50
2021-07-01,NaN,32.79,NaN,NaN,51
2021-07-02,NaN,32.79,NaN,NaN,8
2021-07-06,NaN,32.79,NaN,NaN,73
2021-07-07,32.31,32.2662,32.31,32.2662,3741
2021-07-08,31.7599,31.73,31.7599,31.73,839
2021-07-09,NaN,31.73,NaN,NaN,85
2021-07-12,32.5,32.4918,32.53,32.45,9516
2021-07-13,32.35,32.36,32.37,32.35,4117
2021-07-14,NaN,32.36,NaN,NaN,150
2021-07-15,NaN,32.36,NaN,NaN,31
2021-07-16,NaN,32.36,NaN,NaN,54
2021-07-19,31.41,31.41,31.41,31.41,641
2021-07-20,NaN,31.41,NaN,NaN,41
2021-07-21,NaN,31.41,NaN,NaN,4
2021-07-22,NaN,31.41,NaN,NaN,38
2021-07-23,NaN,31.41,NaN,NaN,34
2021-07-26,NaN,31.41,NaN,NaN,9
2021-07-27,32.1199,32.1554,32.1554,32.1199,402
2021-07-28,NaN,32.1554,NaN,NaN,3
2021-07-29,NaN,32.1554,NaN,NaN,7
2021-07-30,NaN,32.1554,NaN,NaN,23
2021-08-02,NaN,32.1554,NaN,NaN,178
2021-08-03,NaN,32.1554,NaN,NaN,106
2021-08-04,NaN,32.1554,NaN,NaN,12
2021-08-05,NaN,32.1554,NaN,NaN,10
2021-08-06,32.79,32.78,32.79,32.78,312
2021-08-09,32.769,32.715,32.769,32.715,102
2021-08-10,32.79,32.79,32.79,32.79,518
2021-08-11,NaN,32.79,NaN,NaN,22
2021-08-12,NaN,32.79,NaN,NaN,6
2021-08-13,NaN,32.79,NaN,NaN,2
2021-08-16,NaN,32.79,NaN,NaN,129
2021-08-17,32.7,32.6649,32.7,32.6352,880
2021-08-18,NaN,32.6649,NaN,NaN,0
2021-08-19,NaN,32.6649,NaN,NaN,11
2021-08-20,32.4099,32.3259,32.4099,32.3259,125
2021-08-23,32.77,32.6125,32.77,32.6125,201
2021-08-24,NaN,32.6125,NaN,NaN,9
2021-08-25,32.93,32.815,32.93,32.815,304
2021-08-26,32.76,32.75,32.76,32.575,6633
2021-08-27,NaN,32.75,NaN,NaN,176
2021-08-30,33.09,32.93,33.09,32.93,103
2021-08-31,33.05,33.05,33.05,33.05,239
2021-09-01,33.48,33.41,33.48,33.41,2121
2021-09-02,35.89,33.478,35.89,33.465,2118
2021-09-03,33.83,33.83,33.83,33.83,159
2021-09-07,NaN,33.83,NaN,NaN,2
2021-09-08,33.565,33.5592,33.565,33.5592,1523
2021-09-09,NaN,33.5592,NaN,NaN,1
2021-09-10,NaN,33.5592,NaN,NaN,2
2021-09-13,33.71,33.69,33.71,33.6765,2301
2021-09-14,33.569,33.55,33.569,33.55,1472
2021-09-15,NaN,33.55,NaN,NaN,991
2021-09-16,33.4571,33.5488,33.64,33.4571,2226
2021-09-17,NaN,33.5488,NaN,NaN,44
2021-09-20,32.95,32.5466,32.95,32.29,1553
2021-09-21,32.84,33.0,33.0,32.84,924
2021-09-22,33.2,32.9821,33.2,32.9821,1103
2021-09-23,33.2,33.1618,33.36,33.1618,2157
2021-09-24,NaN,33.1618,NaN,NaN,22
2021-09-27,NaN,33.1618,NaN,NaN,79
2021-09-28,32.9,32.2634,32.9,32.2562,1626
2021-09-29,32.26,32.1831,32.26,32.1831,779
2021-09-30,32.17,32.1366,32.17,32.05,5154
2021-10-01,NaN,32.1366,NaN,NaN,3
2021-10-04,NaN,32.1366,NaN,NaN,144
2021-10-05,31.97,32.04,32.04,31.97,708
2021-10-06,31.43,31.59,31.59,31.14,816
2021-10-07,32.015,31.9198,32.0599,31.9198,346
2021-10-08,32.02,31.8991,32.02,31.8991,780
2021-10-11,32.11,31.96,32.11,31.96,11349
2021-10-12,NaN,31.96,NaN,NaN,16
2021-10-13,NaN,31.96,NaN,NaN,10
2021-10-14,32.53,32.54,32.54,32.53,318
2021-10-15,NaN,32.54,NaN,NaN,1
2021-10-18,NaN,32.54,NaN,NaN,257
2021-10-19,NaN,32.54,NaN,NaN,66
2021-10-20,NaN,32.54,NaN,NaN,50
2021-10-21,32.63,32.7057,32.7599,32.63,728
2021-10-22,NaN,32.7057,NaN,NaN,21
2021-10-25,33.18,32.9003,33.31,32.9003,5312
2021-10-26,33.14,33.01,33.14,33.01,820
2021-10-27,NaN,33.01,NaN,NaN,0
2021-10-28,33.16,33.1406,33.16,33.1406,954
2021-10-29,32.88,32.87,32.89,32.87,1522
2021-11-01,NaN,32.87,NaN,NaN,35
2021-11-02,NaN,32.87,NaN,NaN,22
2021-11-03,NaN,32.87,NaN,NaN,94
2021-11-04,33.3399,33.365,33.365,33.3399,155
2021-11-05,33.46,33.46,33.46,33.46,152
2021-11-08,33.4411,33.4515,33.4515,33.4411,138
2021-11-09,33.3399,33.3439,33.3439,33.3377,1234
2021-11-10,NaN,33.3439,NaN,NaN,1
2021-11-11,33.07,33.04,33.07,33.04,479
2021-11-12,NaN,33.04,NaN,NaN,60
2021-11-15,NaN,33.04,NaN,NaN,176
2021-11-16,NaN,33.04,NaN,NaN,7
2021-11-17,33.04,33.031,33.05,33.031,3158
2021-11-18,NaN,33.031,NaN,NaN,4
2021-11-19,33.24,32.86,33.24,32.86,1128
2021-11-22,32.9,32.635,32.9,32.635,418
2021-11-23,NaN,32.635,NaN,NaN,48
2021-11-24,NaN,32.635,NaN,NaN,51
2021-11-26,32.16,31.72,32.19,31.72,13388
2021-11-29,31.81,31.7478,31.81,31.72,453
2021-11-30,31.22,31.22,31.22,31.22,181
2021-12-01,31.4489,31.3005,31.4489,31.3005,1007
2021-12-02,31.8,31.5868,31.8,31.5868,1426
2021-12-03,31.52,31.4607,31.52,31.4607,143
2021-12-06,31.95,31.95,31.95,31.95,272
2021-12-07,NaN,31.95,NaN,NaN,0
2021-12-08,32.15,32.15,32.15,32.15,234
2021-12-09,NaN,32.15,NaN,NaN,46
2021-12-10,32.06,32.2817,32.2817,32.06,144
2021-12-13,32.11,32.11,32.11,32.11,346
2021-12-14,NaN,32.11,NaN,NaN,11
2021-12-15,NaN,32.11,NaN,NaN,7
2021-12-16,32.285,32.1905,32.285,32.1905,245
2021-12-17,NaN,32.1905,NaN,NaN,0
2021-12-20,NaN,32.1905,NaN,NaN,21
2021-12-21,NaN,32.1905,NaN,NaN,24
2021-12-22,31.83,31.83,31.83,31.83,102
2021-12-23,32.6999,32.5731,32.6999,32.5731,149
2021-12-27,32.96,33.1611,33.1611,32.89,6681
2021-12-28,32.94,32.5738,32.94,32.5738,144
2021-12-29,32.86,32.5589,32.86,32.5589,638
2021-12-30,32.14,32.14,32.14,32.14,788
2021-12-31,31.775,31.692,31.775,31.692,192
2022-01-03,NaN,31.692,NaN,NaN,128
2022-01-04,NaN,31.692,NaN,NaN,46
2022-01-05,32.05,31.7513,32.115,31.7513,511
2022-01-06,NaN,31.7513,NaN,NaN,5
2022-01-07,NaN,31.7513,NaN,NaN,63
2022-01-10,31.5,31.2903,31.5,31.17,1043
2022-01-11,31.5,31.5952,31.9,31.2701,3558
2022-01-12,32.13,31.995,32.13,31.995,244
2022-01-13,32.4,31.7265,32.4,31.7265,398
2022-01-14,NaN,31.7265,NaN,NaN,12
2022-01-18,31.52,31.52,31.52,31.52,358
2022-01-19,31.19,31.19,31.19,31.19,510
2022-01-20,NaN,31.19,NaN,NaN,102
2022-01-21,NaN,31.19,NaN,NaN,113
2022-01-24,30.3,30.0304,30.3,29.765,1588
2022-01-28,29.4,29.596,29.596,29.2499,709
2022-01-31,29.75,30.0,30.0,29.75,999
2022-02-01,30.75,30.63,30.75,30.54,21029
2022-02-03,30.245,30.1382,30.245,30.1382,331
2022-02-04,30.23,30.45,30.45,30.0501,6402
2022-02-07,30.4699,30.277,30.4699,30.277,1470
2022-02-09,30.65,30.9751,31.08,30.65,2148
2022-02-15,30.33,30.4363,30.4363,30.33,180
2022-02-18,29.91,29.9312,29.9312,29.91,204
2022-02-22,29.61,29.7945,29.88,29.61,394
2022-02-23,29.64,29.32,29.64,29.32,440
2022-02-24,28.4,28.4,28.4,28.4,1571
2022-02-28,29.13,29.13,29.13,29.13,495
2022-03-07,27.86,27.86,27.86,27.86,2885
2022-03-08,26.9999,26.88,26.9999,26.88,350
2022-03-09,28.0,28.0,28.0,28.0,318
2022-03-10,27.66,27.65,27.66,27.65,2244
2022-03-11,27.48,27.48,27.48,27.48,3004
2022-03-16,28.3437,28.7156,28.7156,28.3437,348
2022-03-17,28.765,29.0356,29.0356,28.765,3244
2022-03-18,28.98,29.2216,29.2216,28.9448,1246
2022-03-21,29.0701,29.0885,29.1899,29.0701,4820
2022-03-22,29.43,29.3775,29.5,29.3775,5326
2022-03-23,29.24,29.0103,29.24,29.0103,3793
2022-03-24,29.2,29.2,29.2,29.2,202
2022-03-25,29.205,29.27,29.33,29.205,1986
2022-03-28,29.11,29.2015,29.29,29.0721,17263
2022-03-29,29.7,29.87,29.87,29.63,2072
2022-03-30,29.77,29.702,29.77,29.702,843
2022-03-31,29.1501,29.1501,29.1501,29.1501,391
2022-04-04,29.52,29.52,29.52,29.52,148
2022-04-06,28.78,28.78,28.78,28.78,302
2022-04-12,27.92,27.92,27.92,27.92,471
2022-04-14,28.325,28.2214,28.325,28.2214,243
2022-04-18,28.21,28.0348,28.21,28.0348,33339
2022-04-19,28.22,28.1841,28.22,28.1562,460
2022-04-20,28.454,28.454,28.454,28.454,1
2022-04-21,28.24,28.1289,28.24,28.1289,181
2022-04-22,27.6081,27.6081,27.6081,27.6081,76
2022-04-25,27.28,27.36,27.36,27.198,4369
2022-04-26,26.7072,26.7072,26.7072,26.7072,5
2022-04-27,26.91,26.8252,26.91,26.8252,604
2022-04-28,27.23,27.1802,27.23,27.1716,200
2022-04-29,27.055,26.8422,27.055,26.8422,160
2022-05-02,26.8298,26.8298,26.8298,26.8298,109
2022-05-03,26.975,27.0216,27.0216,26.975,400
2022-05-04,27.5053,27.5053,27.5053,27.5053,70
2022-05-05,26.7187,26.7187,26.7187,26.7187,78
2022-05-06,26.3162,26.3162,26.3162,26.3162,5
2022-05-09,25.5165,25.5165,25.5165,25.5165,8
2022-05-10,25.65,25.65,25.65,25.65,11
2022-05-11,25.5601,25.5601,25.5601,25.5601,78
2022-05-12,25.5016,25.5016,25.5016,25.5016,2
2022-05-13,26.287,26.287,26.287,26.287,73
2022-05-16,26.285,26.228,26.285,26.21,1221
2022-05-17,26.64,26.7049,26.7049,26.64,452
2022-05-18,26.21,26.0623,26.21,26.0623,716
2022-05-19,26.4799,26.3001,26.49,26.3001,3023
2022-05-20,26.4646,26.4646,26.4646,26.4646,2
2022-05-23,26.9049,26.9049,26.9049,26.9049,8
2022-05-24,26.738,26.8303,26.8303,26.738,187
2022-05-25,26.8562,26.8562,26.8562,26.8562,0
2022-05-26,27.1534,27.1534,27.1534,27.1534,15
2022-05-27,27.4919,27.4919,27.4919,27.4919,60
2022-05-31,27.53,27.3609,27.53,27.3609,231
2022-06-01,27.16,27.1588,27.16,27.1588,139
2022-06-02,27.6667,27.6667,27.6667,27.6667,14
2022-06-03,27.21,27.16,27.21,27.16,473
2022-06-06,27.381,27.381,27.381,27.381,7
2022-06-07,27.4688,27.4688,27.4688,27.4688,2
2022-06-08,27.1123,27.1123,27.1123,27.1123,5
2022-06-09,26.5624,26.5624,26.5624,26.5624,125
2022-06-10,25.9254,25.82,25.9254,25.82,204
2022-06-13,25.55,24.9965,25.55,24.9965,292
2022-06-14,24.7419,24.7419,24.7419,24.7419,34
2022-06-15,25.15,25.2199,25.34,25.15,1701
2022-06-16,24.5896,24.5896,24.5896,24.5896,5
2022-06-17,24.44,24.44,24.44,24.44,1
2022-06-21,24.93,24.8532,24.93,24.8532,145
2022-06-22,24.82,24.7032,24.82,24.7032,647
2022-06-23,24.7385,24.6873,24.7385,24.6491,1461
2022-06-24,25.37,25.3985,25.42,25.3062,7987
2022-06-27,25.3223,25.3223,25.3223,25.3223,3
2022-06-28,25.47,25.1815,25.47,25.1815,320
2022-06-29,24.6444,24.6444,24.6444,24.6444,112
2022-06-30,24.55,24.4949,24.55,24.4949,874
2022-07-01,24.5283,24.5283,24.5283,24.5283,5
2022-07-05,23.9,24.0,24.0,23.75,4469
2022-07-06,24.17,24.1866,24.22,24.1,681
2022-07-07,24.56,24.56,24.56,24.56,53
2022-07-08,24.5938,24.5938,24.5938,24.5938,96
2022-07-11,24.1659,24.1659,24.1659,24.1659,6
2022-07-12,24.1774,24.1929,24.1929,24.1774,233
2022-07-13,24.1789,24.1789,24.1789,24.1789,63
2022-07-14,23.8287,23.8287,23.8287,23.8287,168
2022-07-15,24.2047,24.2047,24.2047,24.2047,0
2022-07-18,24.49,24.3442,24.49,24.3442,2848
2022-07-19,24.9592,24.9592,24.9592,24.9592,2
2022-07-20,24.86,24.7982,24.86,24.7982,127
2022-07-21,25.1267,25.1267,25.1267,25.1267,120
2022-07-22,25.064,25.064,25.064,25.064,12
2022-07-25,25.25,25.25,25.25,25.25,5
2022-07-26,24.87,24.8422,24.87,24.8422,4351
2022-07-27,25.04,25.4492,25.4492,25.04,226
2022-07-28,25.65,25.6269,25.72,25.6269,429
2022-07-29,25.9886,25.9886,25.9886,25.9886,1
2022-08-01,26.0,26.0,26.0,26.0,50
2022-08-02,25.6862,25.6862,25.6862,25.6862,13
2022-08-03,25.9,25.9219,25.96,25.8597,1387
2022-08-04,26.0334,26.0334,26.0334,26.0334,13
2022-08-05,25.68,25.84,25.84,25.68,1764
2022-08-08,25.9352,25.9352,25.9352,25.9352,24
2022-08-09,25.77,25.7006,25.82,25.7006,6048
2022-08-10,26.3745,26.3745,26.3745,26.3745,26
2022-08-11,26.33,26.33,26.33,26.33,11
2022-08-12,26.5108,26.5108,26.5108,26.5108,0
2022-08-15,26.68,26.3707,26.68,26.2402,2268
2022-08-16,26.39,26.39,26.39,26.39,72
2022-08-17,26.1828,26.1828,26.1828,26.1828,6
2022-08-18,25.9701,26.0847,26.1037,25.9701,3357
2022-08-19,25.77,25.59,25.77,25.59,2470
2022-08-22,25.2143,25.2143,25.2143,25.2143,11
2022-08-23,25.45,25.2757,25.45,25.2757,401
2022-08-24,25.34,25.2512,25.34,25.2512,2730
2022-08-25,25.55,25.55,25.55,25.55,4
2022-08-26,24.8985,24.8985,24.8985,24.8985,7
2022-08-29,24.8145,24.8146,24.91,24.8145,762
2022-08-30,24.6498,24.6498,24.6498,24.6498,1
2022-08-31,24.69,24.5571,24.69,24.55,200
2022-09-01,24.08,24.2246,24.2246,24.04,742
2022-09-02,24.17,24.0857,24.17,24.0857,8101
2022-09-06,24.07,23.9984,24.11,23.9984,3406
2022-09-07,24.1683,24.1683,24.1683,24.1683,14
2022-09-08,24.24,24.2276,24.24,24.2,324
2022-09-09,24.8453,24.8453,24.8453,24.8453,38
2022-09-12,25.25,25.18,25.3,25.18,1411
2022-09-13,24.53,24.2837,24.53,24.2837,110
2022-09-14,24.393,24.393,24.393,24.393,27
2022-09-15,24.34,24.182,24.34,24.182,230
2022-09-16,24.06,24.0593,24.06,24.0593,173
2022-09-19,23.94,24.1041,24.1041,23.94,101
2022-09-20,23.76,23.725,23.76,23.6531,753
2022-09-21,23.49,23.4467,23.49,23.4467,117
2022-09-22,23.3157,23.3157,23.3157,23.3157,1
2022-09-23,22.86,22.5588,22.86,22.52,737
2022-09-26,22.5,22.2829,22.5,22.2829,113
2022-09-27,22.0371,22.1481,22.1732,22.0371,620
2022-09-28,22.6933,22.6,22.6933,22.6,641
2022-09-29,22.25,22.3533,22.3533,22.25,113
2022-09-30,22.47,22.3003,22.47,22.3003,100
2022-10-03,22.67,22.7739,22.79,22.67,883
2022-10-04,23.63,23.63,23.63,23.63,12
2022-10-05,23.24,23.4225,23.4225,23.18,1914
2022-10-06,23.09,23.0294,23.09,23.0294,236
2022-10-07,22.635,22.635,22.635,22.635,2
2022-10-10,22.4817,22.4817,22.4817,22.4817,4
2022-10-11,22.1959,22.1959,22.1959,22.1959,2
2022-10-12,22.1266,22.1266,22.1266,22.1266,23
2022-10-13,22.0,22.5631,22.5631,21.99,2695
2022-10-14,22.1713,22.1713,22.1713,22.1713,2
2022-10-17,22.695,22.706,22.71,22.695,338
2022-10-18,22.8329,22.8329,22.8329,22.8329,114
2022-10-19,22.63,22.5847,22.7,22.4702,2833
2022-10-20,22.87,22.5572,22.91,22.5572,2976
2022-10-21,22.9159,22.9159,22.9159,22.9159,71
2022-10-24,22.885,22.885,22.885,22.885,1
2022-10-25,23.4207,23.4207,23.4207,23.4207,3
2022-10-26,23.6253,23.6253,23.6253,23.6253,10
2022-10-27,23.41,23.41,23.41,23.41,2
2022-10-28,23.579,23.579,23.579,23.579,0
2022-10-31,23.3642,23.3642,23.3642,23.3642,2
2022-11-01,23.6098,23.6098,23.6098,23.6098,9
2022-11-02,23.188,23.188,23.188,23.188,20
2022-11-03,23.19,22.96,23.19,22.96,501
2022-11-04,23.86,23.9216,23.9216,23.86,324
2022-11-07,24.0,24.0,24.0,24.0,0
2022-11-08,24.278,24.278,24.278,24.278,57
2022-11-09,23.8901,23.8901,23.8901,23.8901,182
2022-11-10,25.2626,25.2626,25.2626,25.2626,46
2022-11-11,25.9057,25.9057,25.9057,25.9057,0
2022-11-14,25.7,25.7,25.7,25.7,72
2022-11-15,25.8412,25.8412,25.8412,25.8412,180
2022-11-16,25.78,25.79,25.79,25.78,269
2022-11-17,25.69,25.7529,25.7529,25.69,495
2022-11-18,25.71,25.7754,25.7754,25.71,400
2022-11-21,25.5514,25.5514,25.5514,25.5514,96
2022-11-22,25.8661,25.92,25.92,25.8661,671
2022-11-23,26.08,26.1316,26.1316,26.07,390
2022-11-25,26.33,26.33,26.33,26.33,0
2022-11-28,26.35,26.0009,26.35,26.0009,1008
2022-11-29,26.1,26.1114,26.1114,26.0921,1001
2022-11-30,26.6159,26.6159,26.6159,26.6159,71
2022-12-01,26.849,26.8184,26.849,26.8184,116
2022-12-02,26.8015,26.8015,26.8015,26.8015,10
2022-12-05,26.66,26.4284,26.66,26.4284,203
2022-12-06,26.34,26.28,26.34,26.28,165
2022-12-07,26.2764,26.2764,26.2764,26.2764,4
2022-12-08,26.4086,26.4086,26.4086,26.4086,118
2022-12-09,26.4367,26.4367,26.4367,26.4367,1
2022-12-12,26.5014,26.5014,26.5014,26.5014,19
2022-12-13,26.9499,26.9499,26.9499,26.9499,5
2022-12-14,27.04,26.9031,27.1,26.9031,202
2022-12-15,26.09,26.1552,26.295,26.09,3718
2022-12-16,25.9383,25.9383,25.9383,25.9383,4
2022-12-19,25.8325,25.8325,25.8325,25.8325,43
2022-12-20,26.02,25.93,26.06,25.93,1768
2022-12-21,26.1863,26.1863,26.1863,26.1863,3
2022-12-22,25.9827,25.9827,25.9827,25.9827,0
2022-12-23,26.02,26.0534,26.0534,26.02,502
2022-12-27,26.1,26.0792,26.12,26.0792,3343
2022-12-28,25.7988,25.7988,25.7988,25.7988,46
2022-12-29,26.0,26.125,26.25,25.97,12011
2022-12-30,25.78,25.7859,25.88,25.78,1560
2023-01-03,25.94,25.8763,25.97,25.75,1737
2023-01-04,26.1868,26.1868,26.1868,26.1868,6
2023-01-05,25.92,25.9394,25.9394,25.92,2945
2023-01-06,26.54,26.54,26.54,26.54,51
2023-01-09,26.7277,26.7277,26.7277,26.7277,5
2023-01-10,26.7525,26.8211,26.87,26.7525,379
2023-01-11,27.0799,27.0641,27.0799,27.0641,376
2023-01-12,27.5,27.41,27.5,27.41,1270
2023-01-13,27.6163,27.6163,27.6163,27.6163,71
2023-01-17,27.82,27.7295,27.89,27.7295,525
2023-01-18,27.65,27.65,27.65,27.65,136
2023-01-19,27.57,27.5897,27.59,27.57,892
2023-01-20,27.71,27.8591,27.8591,27.7,204
2023-01-23,27.9659,27.9659,27.9659,27.9659,18
2023-01-24,27.9706,27.9706,27.9706,27.9706,2
2023-01-25,28.1444,28.1444,28.1444,28.1444,5
2023-01-26,28.04,28.18,28.18,27.9801,4990
2023-01-27,28.095,28.095,28.095,28.095,68
2023-01-30,28.19,27.9146,28.19,27.9146,180
2023-01-31,28.0499,28.1137,28.1137,27.96,1189
2023-02-01,28.04,28.38,28.38,27.89,2284
2023-02-02,28.3938,28.3938,28.3938,28.3938,22
2023-02-03,28.1357,28.1357,28.1357,28.1357,49
2023-02-06,27.73,27.81,27.81,27.73,525
2023-02-07,28.0401,28.0401,28.0401,28.0401,5
2023-02-08,27.8505,27.8075,27.93,27.8075,1994
2023-02-09,27.8867,27.8867,27.8867,27.8867,96
2023-02-10,27.8,27.7872,27.81,27.7872,381
2023-02-13,27.995,28.045,28.045,27.995,177
2023-02-14,27.91,28.0747,28.0747,27.91,4339
2023-02-15,27.86,27.9328,27.9328,27.86,219983
2023-02-16,27.77,27.8439,28.0387,27.74,6710
2023-02-17,27.66,27.8226,27.8601,27.62,4762
2023-02-21,27.64,27.515,27.7299,27.51,3329
2023-02-22,27.43,27.3288,27.49,27.3288,381
2023-02-23,27.41,27.445,27.445,27.31,843
2023-02-24,27.06,26.9948,27.07,26.94,3321
2023-02-27,27.32,27.2658,27.43,27.2658,2536
2023-02-28,27.1238,27.1238,27.1238,27.1238,107
2023-03-01,27.2509,27.2509,27.2509,27.2509,105
2023-03-02,27.16,27.2694,27.2694,27.145,1665
2023-03-03,27.6893,27.6893,27.6893,27.6893,16
2023-03-06,27.6604,27.6604,27.6604,27.6604,42
2023-03-07,27.21,27.1895,27.21,27.1895,33993
2023-03-08,27.36,27.3431,27.375,27.265,3522
2023-03-09,27.1348,27.1348,27.1348,27.1348,59
2023-03-10,26.8489,26.8489,26.8489,26.8489,100
2023-03-13,26.81,26.74,26.83,26.74,833
2023-03-14,26.96,26.9563,26.96,26.78,3342
2023-03-15,26.37,26.19,26.37,26.05,636
2023-03-16,26.3118,26.58,26.58,26.3118,567
2023-03-17,26.3242,26.2984,26.3242,26.2984,151
2023-03-20,26.49,26.71,26.71,26.49,204
2023-03-21,26.99,27.1,27.1,26.96,6814
2023-03-22,27.14,27.09,27.14,27.09,470
2023-03-23,27.35,27.03,27.35,27.03,1584
2023-03-24,26.7601,27.02,27.02,26.7601,154
2023-03-27,26.9,27.22,27.22,26.9,364
2023-03-28,27.13,27.13,27.13,27.13,2
2023-03-29,27.456,27.456,27.456,27.456,0
2023-03-30,27.78,27.78,27.78,27.78,2
2023-03-31,27.9108,27.9108,27.9108,27.9108,0
2023-04-03,28.02,28.21,28.21,28.02,30441
2023-04-04,28.116,28.116,28.116,28.116,5
2023-04-05,27.922,27.922,27.922,27.922,0
2023-04-06,27.9903,27.9903,27.9903,27.9903,2
2023-04-10,27.885,27.9317,27.9317,27.885,433
2023-04-11,28.068,28.068,28.068,28.068,10
2023-04-12,28.37,28.2164,28.42,28.2164,3883
2023-04-13,28.6356,28.618,28.6356,28.618,133
2023-04-14,28.5299,28.468,28.53,28.468,346
2023-04-17,28.38,28.3824,28.39,28.3325,1774
2023-04-18,28.56,28.62,28.62,28.56,965
2023-04-19,28.51,28.51,28.51,28.51,74
2023-04-20,28.446,28.446,28.446,28.446,58
2023-04-21,28.5816,28.5816,28.5816,28.5816,14
2023-04-24,28.605,28.6539,28.6897,28.605,338
2023-04-25,28.43,28.2405,28.43,28.2405,719
2023-04-26,28.17,28.21,28.37,28.17,8801
2023-04-27,28.43,28.59,28.59,28.43,3887
2023-04-28,28.5233,28.5233,28.5233,28.5233,10
2023-05-01,28.59,28.5353,28.66,28.5353,780
2023-05-02,28.1301,28.2381,28.2381,28.1301,1106
2023-05-03,28.2829,28.2829,28.2829,28.2829,0
2023-05-04,28.2441,28.2441,28.2441,28.2441,18
