2020-07-17,51.05,65.45,68.38,50.26,4507133
2020-07-20,58.51,62.1,64.5,58.51,360810
2020-07-21,65.21,58.5,65.69,57.51,379530
2020-07-22,56.98,56.0,57.79,55.0,251636
2020-07-23,56.67,58.1,61.99,55.4,761358
2020-07-24,58.16,59.5,59.93,57.01,202374
2020-07-27,59.58,57.6,60.8,56.25,227404
2020-07-28,57.63,57.9,59.0,56.125,72115
2020-07-29,57.2,59.0,60.0,56.875,126110
2020-07-30,58.74,58.6,60.0,56.97,113114
2020-07-31,58.49,59.97,60.68,58.02,245232
2020-08-03,59.99,71.2,71.22,59.51,291767
2020-08-04,71.6,71.86,77.99,71.51,195850
2020-08-05,72.94,65.96,72.94,65.765,164110
2020-08-06,66.36,64.0,69.315,61.35,224535
2020-08-07,64.67,57.55,65.2,57.31,258020
2020-08-10,58.22,58.15,62.1,57.76,185698
2020-08-11,58.35,56.42,59.99,55.85,205810
2020-08-12,58.29,60.0,61.22,56.82,274140
2020-08-13,60.45,61.11,65.01,60.05,284305
2020-08-14,61.5,62.27,64.375,60.65,209063
2020-08-17,62.37,59.75,63.45,58.535,270338
2020-08-18,60.29,58.77,62.04,58.0,50789
2020-08-19,58.48,57.73,60.3035,56.7,83349
2020-08-20,57.7,61.52,63.12,56.1,87631
2020-08-21,61.19,63.3,63.48,60.0822,165043
2020-08-24,63.3,65.93,66.79,61.363,97249
2020-08-25,65.8,71.85,74.255,63.2998,161426
2020-08-26,68.06,63.0,68.4,61.03,293468
2020-08-27,63.26,63.68,65.6,63.0,78161
2020-08-28,61.8935,67.71,70.4,61.8935,102330
2020-08-31,68.0,65.4,69.6,64.5,66689
2020-09-01,65.98,64.88,68.0899,64.55,121979
2020-09-02,65.33,66.17,66.915,65.01,179177
2020-09-03,66.98,63.25,67.08,59.14,170671
2020-09-04,62.7,62.4,65.62,60.8,113047
2020-09-08,61.99,60.45,62.36,60.0,67091
2020-09-09,60.9,60.02,62.23,59.43,135876
2020-09-10,60.55,59.56,62.8699,59.0,280278
2020-09-11,59.75,58.7,60.72,58.0,128720
2020-09-14,59.23,60.57,62.77,58.8064,102036
2020-09-15,61.63,61.71,63.62,60.1,98941
2020-09-16,61.82,61.81,62.725,61.23,109274
2020-09-17,61.35,66.51,68.3,61.185,196086
2020-09-18,67.2,72.31,74.88,66.96,926240
2020-09-21,72.0,72.69,73.9,68.7,180026
2020-09-22,72.81,70.39,74.57,69.07,119727
2020-09-23,70.51,68.69,72.0,65.04,159344
2020-09-24,68.13,68.04,71.65,66.463,94858
2020-09-25,68.06,66.6,69.2665,65.96,97397
2020-09-28,67.75,70.19,71.98,67.2,123511
2020-09-29,70.04,74.38,76.87,68.1223,164960
2020-09-30,74.52,76.36,78.73,74.52,168398
2020-10-01,76.63,76.99,80.88,75.055,178767
2020-10-02,75.82,78.18,78.93,74.4,163185
2020-10-05,78.63,81.62,85.5,77.93,176581
2020-10-06,81.76,85.08,87.49,80.7,232507
2020-10-07,85.88,86.5,89.67,85.17,136909
2020-10-08,87.3,84.6,88.1925,83.0,60826
2020-10-09,85.0,83.97,87.0,83.27,55963
2020-10-12,83.59,83.61,84.78,82.435,67642
2020-10-13,82.52,81.05,83.7,80.68,114501
2020-10-14,80.75,80.39,82.3766,79.71,77627
2020-10-15,80.17,77.44,80.5,75.5,148489
2020-10-16,78.47,75.11,78.95,74.36,77976
2020-10-19,75.51,74.96,76.9548,73.73,111899
2020-10-20,76.0,78.56,81.21,76.0,169549
2020-10-21,78.83,77.14,80.05,75.8,90430
2020-10-22,76.86,78.56,79.33,76.52,37613
2020-10-23,78.57,75.6,79.365,74.64,125589
2020-10-26,75.45,73.8,75.85,73.385,82795
2020-10-27,73.07,74.75,77.61,70.65,102100
2020-10-28,73.45,78.06,78.38,71.32,81349
2020-10-29,78.35,75.9,79.7523,74.3401,113337
2020-10-30,74.73,72.57,75.48,71.525,77666
2020-11-02,72.41,70.38,74.815,69.0,82139
2020-11-03,70.38,71.96,72.395,70.38,75746
2020-11-04,72.43,75.27,75.65,72.025,40242
2020-11-05,75.545,79.74,80.2,75.545,50710
2020-11-06,80.54,83.45,84.75,77.825,85863
2020-11-09,83.0,87.73,87.78,82.57,101316
2020-11-10,89.56,87.06,91.25,78.76,284172
2020-11-11,87.92,82.57,88.11,81.28,115168
2020-11-12,83.39,90.83,91.72,82.73,163418
2020-11-13,88.0,95.0,96.0475,81.1,342951
2020-11-16,98.93,90.17,98.93,85.51,147781
2020-11-17,87.21,86.08,87.31,83.44,158360
2020-11-18,88.3,93.01,96.17,87.305,160114
2020-11-19,84.48,81.63,85.645,81.5,2136879
2020-11-20,83.31,83.78,84.89,79.26,592346
2020-11-23,84.5,83.36,85.405,81.22,448996
2020-11-24,83.58,82.49,84.54,80.45,208145
2020-11-25,82.14,77.98,82.14,77.02,440948
2020-11-27,77.79,81.94,82.83,76.59,251109
2020-11-30,81.83,82.86,84.0,78.53,279228
2020-12-01,84.68,79.93,85.25,79.52,209856
2020-12-02,80.19,79.0,80.66,76.5,367002
2020-12-03,78.52,77.27,79.42,76.8101,273213
2020-12-04,77.58,81.28,82.16,77.44,210521
2020-12-07,81.8,85.38,87.76,81.8,345432
2020-12-08,87.49,89.35,89.82,83.2341,323276
2020-12-09,89.97,87.62,95.97,85.86,532801
2020-12-10,86.54,90.0,94.1,86.54,728848
2020-12-11,91.37,89.51,96.72,85.07,672447
2020-12-14,89.68,82.81,92.255,82.18,369628
2020-12-15,82.97,83.57,85.53,82.5,400246
2020-12-16,83.46,87.04,87.7032,82.805,230697
2020-12-17,87.41,88.65,91.76,86.43,393770
2020-12-18,89.29,94.205,94.97,89.29,537733
2020-12-21,94.0,103.56,104.99,92.26,556467
2020-12-22,104.6,106.0,109.78,92.24,895726
2020-12-23,110.93,103.45,113.5299,101.28,434707
2020-12-24,103.14,103.38,108.02,101.76,157422
2020-12-28,106.08,98.74,106.1,98.09,426552
2020-12-29,98.5,89.5,101.0,88.18,538485
2020-12-30,92.24,92.0,99.9999,91.31,338392
2020-12-31,92.11,89.41,93.84,84.82,442048
2021-01-04,90.5,83.54,90.94,80.34,641073
2021-01-05,83.17,88.65,93.02,83.17,652868
2021-01-06,91.77,87.8,91.77,85.54,499383
2021-01-07,90.44,89.06,91.71,87.0,1047982
2021-01-08,93.76,88.85,98.39,87.83,889356
2021-01-11,88.53,89.26,91.0355,85.4,511779
2021-01-12,89.23,87.75,92.58,87.48,515944
2021-01-13,87.76,83.71,87.8,78.97,2724618
2021-01-14,84.45,85.42,86.14,84.0,1173949
2021-01-15,85.84,83.75,90.09,82.65,1415165
2021-01-19,84.27,80.83,84.545,79.61,1355110
2021-01-20,81.08,82.78,85.09,79.505,1312248
2021-01-21,82.96,83.01,83.28,80.67,833950
2021-01-22,81.93,81.03,82.32,79.73,1217922
2021-01-25,81.74,79.95,83.37,79.071,1147182
2021-01-26,80.21,73.22,80.28,72.93,1875187
2021-01-27,74.8,71.34,79.67,70.01,1576571
2021-01-28,70.3,74.55,75.05,70.1,1614993
2021-01-29,75.0,72.0,76.1022,71.02,613539
2021-02-01,71.97,71.86,74.79,71.2,1161168
2021-02-02,72.71,77.18,79.22,72.485,1542844
2021-02-03,78.02,76.97,79.01,74.9,755371
2021-02-04,77.5,77.6,77.94,75.6588,435245
2021-02-05,77.6,78.31,79.37,76.085,853860
2021-02-08,78.4,79.01,79.2774,73.5,996310
2021-02-09,79.0,80.0,80.75,78.05,856720
2021-02-10,80.99,78.62,82.42,77.0,579263
2021-02-11,79.23,78.81,80.08,77.16,532869
2021-02-12,79.8,79.98,80.01,78.6,529583
2021-02-16,80.88,76.62,80.89,76.435,454408
2021-02-17,75.55,74.55,76.2,73.3,400548
2021-02-18,73.57,73.02,73.98,70.35,710564
2021-02-19,73.13,72.02,74.3958,71.67,378064
2021-02-22,71.6,69.34,74.1664,68.895,616036
2021-02-23,66.5,67.83,71.77,61.01,1304477
2021-02-24,68.83,67.5,71.16,66.74,875163
2021-02-25,67.75,61.91,67.78,61.2,1172927
2021-02-26,62.28,61.97,65.42,61.8,1963209
2021-03-01,62.16,62.3,62.8,56.87,2352616
2021-03-02,65.03,61.85,65.2,61.71,1869158
2021-03-03,63.65,58.78,63.65,58.66,1483373
2021-03-04,57.77,53.72,57.81,52.71,2158280
2021-03-05,54.0,49.745,54.69,47.28,3064350
2021-03-08,50.13,47.82,52.69,47.39,1637327
2021-03-09,50.0,53.31,54.69,49.97,1262154
2021-03-10,52.55,53.09,55.37,52.0,1721388
2021-03-11,55.62,55.45,55.83,53.63,1118692
2021-03-12,54.3,54.24,55.05,53.12,826051
2021-03-15,54.17,54.26,55.18,52.75,1128525
2021-03-16,55.01,54.21,55.36,52.935,1234961
2021-03-17,53.25,54.87,55.5,53.24,1245019
2021-03-18,54.15,49.89,54.7,49.47,1705760
2021-03-19,50.3,48.81,52.35,48.62,2368198
2021-03-22,49.98,51.14,51.94,49.71,1274547
2021-03-23,51.06,49.4,51.375,48.82,1188062
2021-03-24,49.59,47.15,49.975,46.2306,1441195
2021-03-25,45.5,45.45,46.62,43.88,1203580
2021-03-26,45.57,44.78,47.04,42.5494,2224428
2021-03-29,44.8,44.49,45.49,43.2,788957
2021-03-30,44.0,44.33,45.76,42.03,918591
2021-03-31,44.93,50.23,50.59,44.37,1161994
2021-04-01,50.64,48.855,52.33,47.77,1661942
2021-04-05,50.06,51.3,51.535,49.4,644313
2021-04-06,51.17,50.46,51.61,48.6,669446
2021-04-07,50.19,50.79,51.65,49.7665,538989
2021-04-08,51.71,49.08,52.26,48.01,1052323
2021-04-09,48.92,47.24,48.92,46.68,502859
2021-04-12,47.47,47.64,48.2,45.895,940149
2021-04-13,47.73,48.78,49.23,47.15,554190
2021-04-14,49.28,48.43,50.5399,47.36,436602
2021-04-15,48.98,49.07,50.16,48.95,320847
2021-04-16,48.84,47.93,48.84,46.7,411292
2021-04-19,47.17,46.88,47.85,45.51,408978
2021-04-20,46.96,46.76,47.58,45.29,457952
2021-04-21,46.43,48.02,48.02,45.62,357530
2021-04-22,48.96,48.85,49.59,47.53,405975
2021-04-23,49.19,50.04,50.6224,48.8,589300
2021-04-26,50.5,52.99,53.0,50.0,922271
2021-04-27,52.98,52.8,52.98,50.75,679380
2021-04-28,52.38,52.95,53.42,51.74,509518
2021-04-29,53.16,50.38,53.21,49.2068,417810
2021-04-30,49.94,49.11,50.5934,48.7283,428348
2021-05-03,49.2,49.31,49.82,48.84,434777
2021-05-04,48.58,48.19,49.0,46.79,502984
2021-05-05,48.58,49.12,50.45,47.81,603908
2021-05-06,48.91,47.92,48.91,45.8201,1450099
2021-05-07,49.6041,46.5,49.78,46.38,826117
2021-05-10,45.61,45.54,47.72,44.64,1272207
2021-05-11,42.9205,43.13,44.12,40.221,2536653
2021-05-12,41.94,39.53,43.61,39.215,1318292
2021-05-13,39.72,36.4,40.0,35.51,1615255
2021-05-14,37.08,37.13,37.71,35.81,1661187
2021-05-17,36.81,38.13,38.17,35.81,1056338
2021-05-18,38.0,39.09,39.85,37.47,1066071
2021-05-19,38.5,39.93,40.32,37.52,621442
2021-05-20,40.44,42.2,42.98,39.7393,720577
2021-05-21,42.38,42.53,43.28,41.21,446509
2021-05-24,42.9,42.18,43.65,42.04,482524
2021-05-25,42.53,42.57,43.81,41.66,336269
2021-05-26,42.44,43.82,43.96,42.44,354661
2021-05-27,43.77,44.93,45.33,42.65,441242
2021-05-28,44.9,43.5,46.4,43.26,739237
2021-06-01,43.58,42.34,44.3099,39.8,660115
2021-06-02,41.98,41.84,42.77,41.37,523792
2021-06-03,41.04,40.42,41.703,40.01,845681
2021-06-04,40.99,40.84,41.7,40.665,418762
2021-06-07,41.86,43.26,43.455,41.135,864300
2021-06-08,44.47,43.54,45.9,42.92,951046
2021-06-09,44.24,47.01,47.87,44.24,1222019
2021-06-10,46.88,47.29,48.1,45.66,1136421
2021-06-11,47.29,48.8,49.035,46.71,840087
2021-06-14,49.03,48.18,49.62,46.33,819015
2021-06-15,48.17,46.45,48.59,45.74,499087
2021-06-16,46.38,46.69,47.0,44.06,874523
2021-06-17,46.54,49.4,49.88,45.95,1136698
2021-06-18,49.14,48.62,50.15,47.07,1600718
2021-06-21,48.45,49.35,49.95,47.66,869615
2021-06-22,49.58,49.95,50.12,48.27,560473
2021-06-23,49.75,49.67,50.2,49.08,568163
2021-06-24,49.88,48.62,51.24,47.59,801482
2021-06-25,48.56,48.1,48.9,46.9,6558101
2021-06-28,48.95,49.19,50.0,48.21,802965
2021-06-29,48.09,45.98,49.63,45.7,783080
2021-06-30,46.19,44.81,46.24,44.6,442893
2021-07-01,44.96,47.19,47.86,44.4,750486
2021-07-02,47.3,45.34,47.41,44.648,598595
2021-07-06,45.4,47.44,47.53,44.89,714407
2021-07-07,47.55,47.05,47.57,45.285,943623
2021-07-08,45.72,46.29,46.535,44.6,714923
2021-07-09,46.26,47.91,48.2899,45.8475,451440
2021-07-12,48.08,46.39,48.75,46.27,488405
2021-07-13,46.25,45.04,46.28,44.84,456167
2021-07-14,45.32,43.0,45.78,42.28,757091
2021-07-15,42.63,42.7,43.72,41.31,442245
2021-07-16,43.17,44.68,45.75,42.34,682384
2021-07-19,43.66,44.82,45.3,42.7,411140
2021-07-20,45.1,48.4,48.52,44.32,792497
2021-07-21,48.56,50.03,50.32,47.52,889594
2021-07-22,50.1,48.85,51.2825,48.845,400511
2021-07-23,48.85,48.06,49.22,46.55,283768
2021-07-26,48.0,46.43,48.38,45.93,389544
2021-07-27,45.9,44.16,46.0,42.82,549853
2021-07-28,45.18,46.53,47.5,44.59,642966
2021-07-29,46.97,46.56,47.39,46.05,252337
2021-07-30,45.69,45.58,46.89,45.2,225922
2021-08-02,45.81,46.26,47.67,44.62,268479
2021-08-03,45.765,44.72,46.92,44.01,383782
2021-08-04,44.54,45.8,46.125,44.1,167339
2021-08-05,45.57,46.92,47.39,44.75,298147
2021-08-06,46.68,44.16,46.9014,43.91,329030
2021-08-09,44.4,44.62,45.89,44.21,256282
2021-08-10,44.95,43.79,45.28,43.275,696998
2021-08-11,41.3,39.65,41.75,35.8641,2055316
2021-08-12,39.55,40.19,41.92,39.25,847316
2021-08-13,40.165,41.0,41.81,40.01,562960
2021-08-16,39.26,39.24,40.795,38.38,1268140
2021-08-17,38.5,37.33,40.22,36.68,1557494
2021-08-18,37.39,36.38,37.55,35.76,804745
2021-08-19,36.0,34.84,36.4,34.19,757696
2021-08-20,34.86,34.68,35.48,34.24,793343
2021-08-23,35.25,34.5,35.85,34.22,2154903
2021-08-24,34.51,36.19,36.47,34.03,3148137
2021-08-25,36.4,35.34,37.12,34.94,981247
2021-08-26,35.1,34.51,35.85,34.15,1400893
2021-08-27,34.7,34.02,35.25,33.91,1039233
2021-08-30,34.25,36.8,37.35,33.85,1190698
2021-08-31,36.7,35.56,37.05,34.41,1088576
2021-09-01,35.72,35.43,36.5,35.12,903636
2021-09-02,35.63,36.92,37.32,34.89,986332
2021-09-03,36.73,36.71,37.86,36.32,319975
2021-09-07,36.61,37.35,37.47,36.1,495669
2021-09-08,37.48,36.04,37.49,35.06,519834
2021-09-09,35.245,35.86,37.22,35.245,614598
2021-09-10,35.86,35.3,36.5,35.14,523026
2021-09-13,35.44,33.86,35.44,33.64,942880
2021-09-14,34.17,32.76,34.64,32.54,1055389
2021-09-15,29.565,26.62,29.8,24.6601,7414599
2021-09-16,25.67,23.53,25.91,19.211,15443452
2021-09-17,24.64,27.11,27.48,22.841,9162034
2021-09-20,25.2529,25.35,27.1844,24.75,3680777
2021-09-21,25.75,24.75,26.25,24.72,2118620
2021-09-22,24.67,23.15,24.7036,23.03,1743087
2021-09-23,23.53,21.95,23.54,21.52,4012958
2021-09-24,22.11,21.42,22.23,21.31,1953302
2021-09-27,21.4,21.25,21.62,20.47,1647592
2021-09-28,21.15,20.47,21.39,20.0,1730292
2021-09-29,20.57,19.5,20.7677,19.39,1200690
2021-09-30,19.6,19.56,20.31,19.29,1305426
2021-10-01,19.75,19.66,19.88,19.01,1104521
2021-10-04,19.48,18.42,19.8,18.06,1500112
2021-10-05,18.48,19.2,19.5,18.31,909522
2021-10-06,18.73,18.53,19.349,18.43,876749
2021-10-07,18.61,18.8,19.58,18.46,776077
2021-10-08,18.74,18.09,18.8794,18.01,949926
2021-10-11,18.06,18.56,19.21,17.82,1189700
2021-10-12,19.66,21.0,21.67,19.3,3606371
2021-10-13,21.185,22.43,22.635,20.41,3256459
2021-10-14,22.79,24.02,24.42,22.6101,2423998
2021-10-15,24.4,25.5,25.66,23.8,3432376
2021-10-18,25.23,24.61,25.69,23.65,2277953
2021-10-19,24.6,25.74,26.29,24.58,1120783
2021-10-20,25.73,25.6,26.005,25.145,879900
2021-10-21,25.41,25.47,26.0,25.05,758216
2021-10-22,24.995,24.7,25.48,24.15,1618537
2021-10-25,24.71,25.21,25.33,24.1001,575626
2021-10-26,25.5,24.27,26.0,24.24,687324
2021-10-27,24.15,23.13,24.49,22.51,795126
2021-10-28,23.14,23.96,24.16,22.9,452536
2021-10-29,23.85,23.25,24.03,23.1,414767
2021-11-01,23.29,24.49,24.84,23.25,670735
2021-11-02,24.42,23.87,24.5,23.725,510357
2021-11-03,23.65,24.45,24.52,23.455,577956
2021-11-04,24.19,23.95,26.28,22.75,1445389
2021-11-05,23.84,24.42,24.84,23.7,652053
2021-11-08,24.21,24.55,25.24,24.21,607165
2021-11-09,24.5,24.52,24.9,24.04,850711
2021-11-10,25.14,25.15,26.75,24.22,1578898
2021-11-11,25.26,25.61,26.03,24.915,722203
2021-11-12,25.66,25.68,26.2399,25.03,610175
2021-11-15,26.05,24.72,26.67,24.45,705724
2021-11-16,24.59,25.52,25.58,24.378,503595
2021-11-17,25.47,24.64,25.6,24.38,467876
2021-11-18,24.66,23.02,24.69,22.79,893921
2021-11-19,23.04,23.72,24.32,22.99,732958
2021-11-22,23.76,21.93,23.76,21.73,885112
2021-11-23,21.51,21.75,22.01,20.64,784756
2021-11-24,19.62,20.59,20.8599,19.5,997246
2021-11-26,20.1,20.22,20.8,19.7565,442322
2021-11-29,20.53,20.11,20.65,19.32,628508
2021-11-30,20.11,20.87,21.22,20.03,979221
2021-12-01,21.2,19.65,21.53,19.57,717447
2021-12-02,19.55,20.45,21.08,19.18,732713
2021-12-03,20.64,19.04,20.7,18.34,1873500
2021-12-06,18.95,19.27,19.885,18.35,835863
2021-12-07,20.0,20.99,21.69,19.96,1231611
2021-12-08,20.8,20.5,21.23,19.28,865858
2021-12-09,20.44,18.53,20.45,18.5,1142201
2021-12-10,18.65,17.96,19.72,17.73,825976
2021-12-13,17.96,17.82,18.64,17.23,705709
2021-12-14,17.43,17.39,18.29,16.96,627368
2021-12-15,17.4,18.61,18.7,16.89,1589414
2021-12-16,18.99,17.86,19.82,17.45,1125452
2021-12-17,17.83,18.98,19.56,17.42,1515365
2021-12-20,18.5,19.16,19.76,17.93,854771
2021-12-21,19.36,20.63,20.65,19.35,670888
2021-12-22,20.58,20.34,21.66,19.92,702254
2021-12-23,20.15,19.09,20.35,18.98,1003255
2021-12-27,18.94,18.74,19.43,18.32,714907
2021-12-28,18.82,17.95,19.5,17.76,1073642
2021-12-29,17.96,17.57,18.0,17.2,750001
2021-12-30,17.47,18.6,19.45,17.47,1091719
2021-12-31,18.83,18.18,19.08,18.05,560422
2022-01-03,18.39,19.26,19.34,18.05,792311
2022-01-04,19.21,18.34,19.21,17.39,786127
2022-01-05,17.85,16.27,18.44,16.2,1377561
2022-01-06,11.13,9.88,12.23,9.7,11809450
2022-01-07,9.79,9.62,10.35,9.4,5488640
2022-01-10,9.5,10.03,10.06,9.05,3998682
2022-01-11,10.01,10.64,10.8,9.86,2513634
2022-01-12,10.66,9.9,10.99,9.865,2909998
2022-01-13,9.89,9.51,10.02,9.43,1057685
2022-01-14,9.35,9.67,9.929,9.1194,1057437
2022-01-18,9.4,9.54,10.04,9.34,1936403
2022-01-19,9.65,9.17,10.08,9.11,3204589
2022-01-20,9.44,9.2,10.5,9.08,2381185
2022-01-21,9.05,8.89,9.54,8.57,2224678
2022-01-24,8.65,9.29,9.34,8.01,1650466
2022-01-25,8.95,8.79,9.28,8.51,2037167
2022-01-26,9.08,8.44,9.6101,8.34,1020177
2022-01-27,8.62,8.2,8.855,8.124,1266955
2022-01-28,8.16,8.77,8.8,7.88,1837436
2022-01-31,8.78,9.71,9.9599,8.7782,1256374
2022-02-01,9.81,10.0,10.29,9.22,3306632
2022-02-02,10.11,9.24,10.23,9.16,991082
2022-02-03,8.92,8.33,9.275,8.33,956269
2022-02-04,8.33,8.46,8.7,7.94,984094
2022-02-07,8.42,8.23,9.025,8.15,3026811
2022-02-08,8.15,8.01,8.39,7.9,1077043
2022-02-09,8.2,8.38,8.59,8.12,1199539
2022-02-10,8.09,7.88,8.48,7.75,1979389
2022-02-11,7.92,7.56,8.25,7.38,1132057
2022-02-14,7.54,7.37,8.0,7.21,2901941
2022-02-15,7.59,7.63,7.8,7.36,1642426
2022-02-16,7.51,7.51,7.63,7.28,959840
2022-02-17,7.36,6.86,7.43,6.81,1188687
2022-02-18,6.85,6.86,7.1,6.68,1064813
2022-02-22,6.75,6.66,6.95,6.52,1319688
2022-02-23,6.75,6.34,6.85,6.31,1169407
2022-02-24,6.0,7.11,7.16,6.0,3100003
2022-02-25,7.07,7.42,7.445,7.0,1281623
2022-02-28,7.4,7.67,7.8,7.3,1745499
2022-03-01,7.51,7.57,7.86,7.47,1579784
2022-03-02,7.65,7.13,7.65,6.97,822964
2022-03-03,7.26,6.67,7.27,6.57,967564
2022-03-04,6.6,6.22,6.8,6.12,1464538
2022-03-07,6.19,5.92,6.44,5.83,1529996
2022-03-08,5.92,5.93,6.44,5.73,1706863
2022-03-09,6.23,6.31,6.44,6.105,2393963
2022-03-10,6.28,5.69,6.28,5.4699,1448195
2022-03-11,5.77,5.12,5.79,5.075,1216008
2022-03-14,5.5,5.26,5.76,5.16,1711239
2022-03-15,5.3,5.38,5.41,5.1,1492459
2022-03-16,5.76,6.48,6.49,5.72,2360975
2022-03-17,6.38,6.9,6.95,6.22,1526002
2022-03-18,6.81,7.64,7.69,6.7507,2765420
2022-03-21,7.61,7.05,7.6199,6.89,1791116
2022-03-22,7.04,7.39,7.62,7.0102,1263073
2022-03-23,7.3,7.09,7.4984,6.98,657351
2022-03-24,7.16,7.03,7.37,6.66,700630
2022-03-25,7.08,6.77,7.09,6.57,681359
2022-03-28,6.82,6.77,7.07,6.52,737878
2022-03-29,7.0,7.66,7.79,6.99,1610424
2022-03-30,7.5,7.14,7.74,7.06,753536
2022-03-31,7.12,7.11,7.39,7.07,716928
2022-04-01,7.14,7.33,7.44,7.05,695752
2022-04-04,7.4,7.34,7.58,7.24,566793
2022-04-05,7.35,6.69,7.4,6.605,875304
2022-04-06,6.5204,6.43,6.54,6.1,793199
2022-04-07,6.45,6.34,6.47,6.05,755401
2022-04-08,6.27,6.01,6.3,5.91,674554
2022-04-11,5.85,5.98,6.08,5.73,1012128
2022-04-12,6.15,6.1,6.65,6.0,886885
2022-04-13,6.02,6.32,6.45,5.99,617885
2022-04-14,6.37,5.94,6.41,5.84,713835
2022-04-18,5.96,5.59,5.96,5.52,862221
2022-04-19,5.52,5.82,6.07,5.48,833567
2022-04-20,5.94,5.68,5.97,5.49,732294
2022-04-21,5.77,5.36,6.08,5.28,820696
2022-04-22,5.36,5.29,5.52,5.23,621780
2022-04-25,5.27,5.65,5.76,5.25,865691
2022-04-26,5.58,5.37,5.66,5.29,756970
2022-04-27,5.25,5.15,5.5,5.11,728773
2022-04-28,5.21,5.08,5.33,4.55,1302835
2022-04-29,5.09,4.975,5.38,4.97,685616
2022-05-02,4.92,5.4,5.43,4.77,1685385
2022-05-03,5.45,5.55,5.66,5.32,1018803
2022-05-04,5.51,6.01,6.18,5.2,1450059
2022-05-05,5.87,5.6,5.98,5.44,992782
2022-05-06,5.58,5.21,5.59,5.08,1445505
2022-05-09,5.022,4.45,5.11,4.2799,1977563
2022-05-10,4.68,4.78,5.09,4.005,1543210
2022-05-11,4.66,3.765,4.66,3.76,1593272
2022-05-12,3.73,4.5,4.5,3.655,1951287
2022-05-13,4.59,5.21,5.29,4.59,1458124
2022-05-16,5.1,4.77,5.3,4.72,938606
2022-05-17,4.94,4.76,5.1,4.61,1008239
2022-05-18,4.65,4.59,4.88,4.51,919669
2022-05-19,4.62,4.91,5.015,4.57,923230
2022-05-20,5.0,4.98,5.23,4.58,740545
2022-05-23,5.04,4.87,5.13,4.77,757381
2022-05-24,4.72,4.35,4.75,4.25,838016
2022-05-25,4.36,4.5,4.61,4.255,558028
2022-05-26,4.5,4.6,4.805,4.44,854233
2022-05-27,4.7,5.01,5.07,4.61,1294048
2022-05-31,4.94,4.78,5.06,4.57,718728
2022-06-01,4.77,4.37,5.0,4.37,770860
2022-06-02,4.53,5.02,5.02,4.3748,897705
2022-06-03,4.87,4.57,4.94,4.55,1025476
2022-06-06,4.7,4.99,5.23,4.65,884071
2022-06-07,4.88,5.3,5.33,4.86,964377
2022-06-08,5.23,5.41,5.49,5.14,810648
2022-06-09,5.35,5.22,5.47,5.17,778649
2022-06-10,4.95,4.52,5.09,4.5099,992415
2022-06-13,4.26,4.17,4.39,4.06,795656
2022-06-14,4.25,4.2,4.25,3.88,651066
2022-06-15,4.3,4.68,4.85,4.22,1355539
2022-06-16,4.45,4.45,4.57,4.3,1093399
2022-06-17,4.5,4.7,4.82,4.41,1390638
2022-06-21,4.77,5.05,5.23,4.77,1124610
2022-06-22,4.91,5.33,5.48,4.91,1211270
2022-06-23,5.44,5.84,5.91,5.29,1441594
2022-06-24,5.96,5.77,6.1125,5.47,2887159
2022-06-27,5.77,5.4,5.78,5.34,650865
2022-06-28,5.39,4.94,5.5,4.9,685791
2022-06-29,4.87,4.83,4.93,4.69,727622
2022-06-30,4.74,4.97,5.0252,4.66,760417
2022-07-01,4.99,5.46,5.46,4.95,547846
2022-07-05,5.39,5.78,5.82,5.24,1132032
2022-07-06,5.78,5.26,5.95,5.16,796484
2022-07-07,5.27,5.48,5.61,5.08,831752
2022-07-08,5.32,5.74,5.82,5.31,827147
2022-07-11,5.66,4.82,5.81,4.715,1537094
2022-07-12,4.98,5.08,5.08,4.68,953220
2022-07-13,4.9,5.14,5.43,4.86,1244313
2022-07-14,5.13,4.625,5.17,4.44,1105947
2022-07-15,4.73,4.39,4.7449,4.28,1038155
2022-07-18,4.43,4.21,4.57,4.17,989513
2022-07-19,4.32,4.45,4.55,4.27,1243327
2022-07-20,4.48,4.73,4.86,4.48,889745
2022-07-21,4.73,4.89,4.99,4.69,617535
2022-07-22,4.93,4.52,4.9532,4.4401,646318
2022-07-25,4.43,4.35,4.44,4.25,448041
2022-07-26,4.37,4.33,4.41,4.16,631853
2022-07-27,4.43,4.61,4.64,4.28,448530
2022-07-28,4.57,4.71,4.73,4.43,432286
2022-07-29,4.65,4.49,4.71,4.37,546134
2022-08-01,4.35,4.51,4.64,4.35,419182
2022-08-02,4.5,4.84,4.97,4.41,519592
2022-08-03,4.98,5.14,5.28,4.91,441933
2022-08-04,5.21,5.23,5.26,4.94,468198
2022-08-05,5.11,5.26,5.35,4.89,560231
2022-08-08,5.34,5.18,5.54,5.1,768056
2022-08-09,5.08,4.97,5.24,4.7,844678
2022-08-10,4.65,5.14,5.3099,4.25,2077715
2022-08-11,5.19,4.76,5.7,4.73,1207224
2022-08-12,4.84,5.22,5.22,4.681,674044
2022-08-15,5.21,5.22,5.4696,5.08,1261363
2022-08-16,5.22,4.64,5.28,4.59,1366464
2022-08-17,4.51,4.31,4.5637,4.265,628543
2022-08-18,4.3,4.19,4.3166,4.12,548357
2022-08-19,4.1,4.11,4.17,3.95,598111
2022-08-22,4.0,4.06,4.115,3.93,457414
2022-08-23,4.09,4.05,4.2,3.95,438673
2022-08-24,4.06,4.08,4.24,3.95,401434
2022-08-25,4.14,4.06,4.175,3.9201,700705
2022-08-26,4.1,3.92,4.1561,3.89,520340
2022-08-29,3.84,3.81,4.02,3.8,517902
2022-08-30,3.85,3.66,3.9,3.59,632654
2022-08-31,3.72,3.67,3.77,3.625,350743
2022-09-01,3.61,3.69,3.7,3.5,422653
2022-09-02,3.77,3.54,3.77,3.5,379497
2022-09-06,3.55,3.62,3.7,3.5,503809
2022-09-07,3.63,3.68,3.82,3.62,647260
2022-09-08,3.64,3.84,3.89,3.57,521821
2022-09-09,3.93,3.96,4.05,3.91,365753
2022-09-12,4.0,4.03,4.12,3.87,499379
2022-09-13,3.76,3.58,3.8,3.55,570123
2022-09-14,3.57,3.6,3.62,3.44,620429
2022-09-15,3.53,3.63,3.78,3.53,502840
2022-09-16,3.61,3.49,3.63,3.33,1445296
2022-09-19,3.43,3.29,3.435,3.22,700215
2022-09-20,3.27,3.22,3.365,3.21,302334
2022-09-21,3.24,3.12,3.35,3.11,693528
2022-09-22,3.1,3.0,3.11,2.91,487715
2022-09-23,2.95,3.0,3.05,2.93,410619
2022-09-26,3.0,2.99,3.13,2.99,343523
2022-09-27,3.1,2.96,3.13,2.9,409206
2022-09-28,2.97,3.05,3.15,2.97,883996
2022-09-29,3.0,2.9,3.095,2.81,546384
2022-09-30,2.88,2.86,3.09,2.82,481590
2022-10-03,2.94,2.92,2.99,2.8,514506
2022-10-04,3.02,3.28,3.28,3.02,502852
2022-10-05,3.19,3.14,3.21,3.0284,432970
2022-10-06,3.12,3.14,3.28,3.08,266328
2022-10-07,3.05,2.73,3.07,2.67,712168
2022-10-10,2.71,2.54,2.71,2.53,460174
2022-10-11,2.52,2.6,2.67,2.44,414922
2022-10-12,2.59,2.72,2.73,2.52,348513
2022-10-13,2.59,2.62,2.75,2.54,383762
2022-10-14,2.64,2.43,2.66,2.43,428348
2022-10-17,2.52,2.38,2.52,2.36,595253
2022-10-18,2.47,2.37,2.505,2.36,733329
2022-10-19,2.31,2.07,2.369,2.03,962598
2022-10-20,2.05,2.02,2.16,1.935,1060918
2022-10-21,2.04,1.97,2.05,1.915,937523
2022-10-24,1.96,1.9,1.99,1.825,1119545
2022-10-25,1.89,1.9,1.97,1.83,2065179
2022-10-26,1.92,1.99,2.05,1.87,2749005
2022-10-27,2.0,2.05,2.085,1.93,2376583
2022-10-28,2.02,2.07,2.1,1.98,1663117
2022-10-31,2.1,2.22,2.4,2.1,1745471
2022-11-01,2.3,2.21,2.37,2.115,1568031
2022-11-02,2.21,1.97,2.21,1.95,1647509
2022-11-03,2.0,2.02,2.07,1.86,1417859
2022-11-04,2.05,2.18,2.18,1.99,2159683
2022-11-07,2.22,2.35,2.3992,2.22,1269640
2022-11-08,2.39,2.57,2.655,2.31,1515178
2022-11-09,2.53,3.09,3.17,2.53,1955894
2022-11-10,3.06,3.32,3.505,3.04,1587603
2022-11-11,3.29,3.58,3.65,3.21,1193119
2022-11-14,3.51,3.26,3.54,3.25,793957
2022-11-15,3.35,3.24,3.42,3.19,552729
2022-11-16,3.17,3.14,3.29,3.085,792687
2022-11-17,3.05,3.0,3.0701,2.92,862886
2022-11-18,3.19,2.93,3.19,2.91,636710
2022-11-21,2.93,2.97,3.05,2.81,701399
2022-11-22,2.97,2.8,2.97,2.705,603826
2022-11-23,2.79,2.74,2.81,2.62,707470
2022-11-25,2.72,2.79,2.82,2.72,95301
2022-11-28,2.75,2.64,2.82,2.6,470922
2022-11-29,2.65,2.76,2.805,2.62,319763
2022-11-30,2.76,2.94,2.96,2.68,449819
2022-12-01,3.0,3.06,3.13,2.9731,310864
2022-12-02,2.97,3.15,3.23,2.91,522853
2022-12-05,3.13,2.77,3.16,2.705,344487
2022-12-06,2.77,2.59,2.77,2.58,372022
2022-12-07,2.54,2.56,2.65,2.52,316886
2022-12-08,2.59,2.72,2.745,2.51,277087
2022-12-09,2.68,2.7,2.735,2.65,271243
2022-12-12,2.67,2.64,2.685,2.6099,310086
2022-12-13,2.75,2.61,2.92,2.56,508021
2022-12-14,2.58,2.64,2.665,2.495,406154
2022-12-15,2.54,2.53,2.62,2.52,229481
2022-12-16,2.5,2.46,2.54,2.4,950887
2022-12-19,2.46,2.36,2.46,2.34,347093
2022-12-20,2.35,2.28,2.42,2.27,357450
2022-12-21,2.33,2.39,2.4743,2.3,448393
2022-12-22,1.97,2.98,3.31,1.94,8518015
2022-12-23,2.81,2.99,3.08,2.71,1882812
2022-12-27,2.91,2.96,3.14,2.84,927589
2022-12-28,2.96,2.67,2.9875,2.63,863484
2022-12-29,2.75,2.77,2.82,2.62,661679
2022-12-30,2.73,2.68,2.81,2.52,1197301
2023-01-03,2.71,2.69,2.85,2.64,580117
2023-01-04,2.75,2.77,2.795,2.59,789919
2023-01-05,2.73,2.6,2.73,2.59,441463
2023-01-06,2.63,2.53,2.63,2.455,475563
2023-01-09,2.61,2.65,2.685,2.59,471094
2023-01-10,2.38,2.25,2.435,2.22,1412651
2023-01-11,2.32,2.23,2.32,2.16,1012919
2023-01-12,2.27,2.37,2.4,2.185,987223
2023-01-13,2.34,2.48,2.605,2.26,1176267
2023-01-17,2.51,2.32,2.51,2.3,972409
2023-01-18,2.36,2.32,2.44,2.295,903380
2023-01-19,2.34,2.23,2.36,2.18,714105
2023-01-20,2.26,2.23,2.28,2.19,662061
2023-01-23,2.25,2.23,2.32,2.205,1182277
2023-01-24,2.25,2.13,2.25,2.11,593679
2023-01-25,2.1,2.08,2.1091,2.02,648784
2023-01-26,2.11,2.06,2.17,2.05,529624
2023-01-27,2.03,2.11,2.17,2.03,748098
2023-01-30,2.08,2.07,2.08,2.02,715607
2023-01-31,2.07,2.15,2.17,2.07,787578
2023-02-01,2.17,2.27,2.285,2.13,814429
2023-02-02,2.3,2.36,2.462,2.28,1445581
2023-02-03,2.3,2.43,2.51,2.27,802154
2023-02-06,2.39,2.31,2.44,2.29,649773
2023-02-07,2.31,2.26,2.31,2.195,698922
2023-02-08,2.26,2.11,2.3,2.105,460536
2023-02-09,2.18,1.91,2.18,1.89,962861
2023-02-10,1.89,1.85,1.9193,1.83,803185
2023-02-13,1.85,1.79,1.88,1.735,1081504
2023-02-14,1.82,1.715,1.82,1.69,937477
2023-02-15,1.72,1.76,1.78,1.675,1072544
2023-02-16,1.71,1.78,1.86,1.705,670443
2023-02-17,1.82,1.76,1.84,1.705,536398
2023-02-21,1.74,1.66,1.74,1.605,1027458
2023-02-22,1.69,1.75,1.775,1.675,944179
2023-02-23,1.79,1.69,1.81,1.64,879824
2023-02-24,1.6,1.65,1.7199,1.6,800365
2023-02-27,1.67,1.64,1.7,1.62,661915
2023-02-28,1.64,1.75,1.765,1.63,633722
2023-03-01,1.73,1.62,1.75,1.6,758825
2023-03-02,1.58,1.78,1.78,1.58,826215
2023-03-03,1.74,1.84,1.9,1.74,746086
2023-03-06,1.82,1.6,1.8526,1.59,1091282
2023-03-07,1.63,1.54,1.63,1.54,524110
2023-03-08,1.53,1.38,1.53,1.37,1964760
2023-03-09,1.38,1.3,1.42,1.27,1212697
2023-03-10,1.31,1.29,1.35,1.2,1377053
2023-03-13,1.27,1.37,1.39,1.265,493418
2023-03-14,1.42,1.32,1.42,1.32,337888
2023-03-15,1.3,1.27,1.325,1.25,398111
2023-03-16,1.27,1.3,1.3175,1.235,317099
2023-03-17,1.29,1.2,1.29,1.17,897190
2023-03-20,1.2,1.275,1.31,1.1917,711668
2023-03-21,1.28,1.2,1.3,1.14,2289664
2023-03-22,1.19,1.22,1.28,1.1729,230972
2023-03-23,1.18,1.21,1.27,1.18,546911
2023-03-24,1.19,1.16,1.19,1.14,749996
2023-03-27,1.16,1.12,1.21,1.08,771758
2023-03-28,1.1,1.05,1.13,1.02,555806
2023-03-29,1.04,1.04,1.07,0.9797,752395
2023-03-30,1.05,1.14,1.15,1.02,513938
2023-03-31,1.14,1.16,1.24,1.13,1052759
2023-04-03,1.18,1.1,1.18,1.06,304177
2023-04-04,1.1,1.02,1.11,1.02,327402
2023-04-05,1.01,0.9426,1.02,0.92,748114
2023-04-06,0.97,0.962,0.9892,0.9201,414745
2023-04-10,0.97,0.9053,0.9899,0.9005,625997
2023-04-11,0.9528,0.9357,0.9718,0.901,432879
2023-04-12,0.95,0.9494,0.98415,0.9101,801333
2023-04-13,0.99,1.02,1.2,0.9463,727005
2023-04-14,1.1,1.02,1.1,1.02,615439
2023-04-17,1.0,0.9977,1.0178,0.9735,468149
2023-04-18,1.0,1.07,1.16,0.9898,370945
2023-04-19,1.07,1.2,1.23,1.04,711667
2023-04-20,1.19,1.2,1.23,1.12,523221
2023-04-21,1.18,1.23,1.2685,1.16,705714
2023-04-24,1.25,1.16,1.25,1.16,436433
2023-04-25,1.16,1.11,1.16,1.11,247370
2023-04-26,1.1,1.14,1.18,1.09,284394
2023-04-27,1.15,1.17,1.2,1.12,361723
2023-04-28,1.17,1.17,1.2,1.15,279177
2023-05-01,1.18,1.08,1.19,1.05,232552
2023-05-02,1.08,0.9816,1.08,0.96,343659
2023-05-03,0.9801,0.9391,1.0,0.92,497360
2023-05-04,0.93,0.9173,0.989899,0.9048,276124
2023-05-05,0.9501,0.9462,0.99,0.9144,290308
2023-05-08,0.9693,0.9285,0.972499,0.92,146248
2023-05-09,0.9451,0.8892,0.95,0.8589,655814
2023-05-10,0.9046,0.936,0.94,0.8761,194800
2023-05-11,0.951,0.82,1.0,0.82,703681
2023-05-12,0.9,0.8101,0.9,0.8003,385177
2023-05-15,0.8204,0.86,0.93,0.8,1005051
2023-05-16,0.9166,0.7874,0.9166,0.765,413611
2023-05-17,0.7451,0.8211,0.8469,0.74,464697
2023-05-18,0.8211,0.8337,0.8856,0.7666,559443
2023-05-19,0.85,0.8511,0.9591,0.81,541533
