2022-02-11,10.0,10.0,10.0,9.8,1220
2022-02-14,9.88,9.88,9.88,9.88,5401
2022-02-18,10.0,10.0,10.0,10.0,1416
2022-02-22,9.95,9.95,9.95,9.95,5021
2022-02-23,9.95,9.95,9.95,9.9,1801
2022-02-24,9.86,9.86,9.86,9.86,14900
2022-02-28,9.9,9.9,9.95,9.85,5769
2022-03-01,9.85,9.85,9.85,9.85,2000
2022-03-03,9.86,9.87,9.87,9.85,35425
2022-03-09,9.875,9.89,9.89,9.85,7621
2022-03-10,9.89,9.89,9.89,9.89,502
2022-03-11,9.89,9.89,9.89,9.88,3439
2022-03-16,9.88,9.93,9.93,9.83,14603
2022-03-21,9.87,9.87,9.87,9.87,2000
2022-03-22,9.86,9.86,9.86,9.86,106
2022-03-28,9.93,9.93,9.93,9.93,3994
2022-04-01,9.94,9.94,9.94,9.94,99001
2022-04-05,9.91,9.91,9.91,9.91,5798
2022-04-06,9.93,9.98,9.98,9.91,12100
2022-04-08,9.93,9.98,9.98,9.93,10042
2022-04-11,9.98,9.98,9.98,9.98,500
2022-04-13,9.9,9.9,9.9,9.9,500
2022-04-14,9.91,9.94,9.94,9.91,4092
2022-04-18,9.89,9.92,9.92,9.89,4173
2022-04-19,9.95,9.91,9.95,9.91,321
2022-04-20,9.98,9.92,9.98,9.92,16149
2022-04-22,9.92,9.92,9.92,9.92,844778
2022-04-26,9.92,9.94,9.96,9.91,120921
2022-04-27,9.93,9.93,9.98,9.93,6500
2022-04-28,9.92,9.97,9.97,9.91,75600
2022-04-29,9.97,9.93,9.97,9.93,2571
2022-05-02,9.93,9.95,9.95,9.93,8595
2022-05-03,9.95,9.99,9.99,9.93,18900
2022-05-04,9.99,9.99,9.99,9.99,613
2022-05-05,9.93,9.95,9.98,9.93,25935
2022-05-06,9.95,9.95,9.95,9.95,305
2022-05-09,9.95,9.92,9.95,9.92,49078
2022-05-10,9.92,9.91,9.92,9.91,25264
2022-05-24,9.89,9.905,9.905,9.86,51138
2022-05-25,9.88,9.88,9.88,9.88,100001
2022-05-26,9.94,9.91,9.94,9.91,1201
2022-05-31,9.89,9.95,9.95,9.89,35953
2022-06-01,9.92,9.92,9.92,9.87,35306
2022-06-02,9.9,9.9,9.9,9.9,362
2022-06-03,9.9,9.9,9.9,9.9,852
2022-06-07,9.9,9.9,9.9,9.9,456100
2022-06-09,9.97,9.97,9.97,9.97,100
2022-06-10,9.97,9.97,9.97,9.97,3026
2022-06-13,9.9,9.93,9.93,9.9,26559
2022-06-21,9.9,9.9,9.9,9.9,20421
2022-06-22,9.87,9.9,9.9,9.87,112111
2022-06-28,9.98,9.98,9.98,9.98,1060
2022-06-30,9.95,10.0,10.0,9.92,7656
2022-07-06,9.9,9.9,9.9,9.9,72524
2022-07-14,9.92,9.92,9.95,9.92,11390
2022-07-15,9.92,9.92,9.96,9.92,6610
2022-07-19,9.92,9.95,9.95,9.92,2830
2022-07-20,9.95,9.92,9.95,9.92,805
2022-07-21,9.94,9.94,9.94,9.94,100
2022-07-22,9.97,9.97,9.97,9.97,755
2022-07-26,9.98,9.99,9.99,9.98,1045
2022-07-27,9.945,9.93,9.96,9.93,89500
2022-07-28,9.93,9.93,9.93,9.93,85500
2022-08-01,9.96,9.95,9.96,9.95,958
2022-08-02,9.96,9.96,9.96,9.96,729
2022-08-03,9.96,9.96,9.96,9.96,2600
2022-08-05,9.96,9.96,9.96,9.96,15016
2022-08-08,9.99,9.99,9.99,9.99,1635
2022-08-15,9.97,9.965,9.97,9.96,37428
2022-08-18,9.94,9.94,9.95,9.94,462413
2022-08-23,9.97,9.99,10.0,9.97,4271
2022-08-25,9.95,9.95,9.95,9.95,1000
2022-08-30,9.93,9.93,9.93,9.93,365
2022-09-01,10.43,9.97,10.45,9.96,652001
2022-09-02,9.88,9.99,9.99,9.88,8442
2022-09-06,9.98,9.98,9.98,9.98,2426
2022-09-07,9.98,9.98,9.99,9.96,7569
2022-09-14,9.94,9.95,9.95,9.93,6840
2022-09-19,9.97,9.97,9.97,9.97,5235
2022-09-20,9.98,9.98,9.98,9.98,7017
2022-09-21,9.98,9.98,9.98,9.98,207
2022-09-23,9.97,9.97,9.97,9.96,8001
2022-09-27,9.97,9.97,9.97,9.97,30105
2022-09-28,9.98,10.0,10.0,9.97,303389
2022-09-29,10.0,10.0,10.0,9.99,26575
2022-10-03,10.0,10.0,10.0,10.0,1200
2022-10-04,9.985,9.985,9.985,9.985,120
2022-10-05,10.07,10.01,10.07,10.0,1474
2022-10-11,10.0,9.98,10.0001,9.98,1328
2022-10-25,10.0,10.0,10.0,10.0,5625
2022-10-26,10.0,10.0,10.0,10.0,1581
2022-10-28,9.98,10.01,10.01,9.98,101015
2022-11-01,9.985,9.985,9.985,9.985,1700
2022-11-03,9.99,10.0,10.0,9.99,1572
2022-11-07,10.01,10.01,10.04,10.0,24339
2022-11-09,10.0,10.0,10.0,10.0,325
2022-11-10,10.0,9.98,10.0,9.98,888
2022-11-14,10.0,10.0,10.0,10.0,312
2022-11-15,10.0,10.0,10.0,10.0,2735
2022-11-17,10.0,10.0,10.0,10.0,211
2022-11-18,10.06,10.06,10.06,10.06,210
2022-11-22,10.02,10.0196,10.02,10.0196,23341
2022-11-23,10.025,10.03,10.03,10.025,1200
2022-11-28,10.035,10.03,10.035,10.03,24211
2022-12-01,10.03,10.04,10.04,10.03,30925
2022-12-02,10.06,10.06,10.06,10.06,700
2022-12-05,10.06,10.07,10.07,10.06,400027
2022-12-06,10.07,10.09,10.09,10.07,27724
2022-12-07,10.09,10.12,10.13,10.09,34386
2022-12-08,10.12,10.12,10.125,10.12,150200
2022-12-09,10.12,10.13,10.13,10.12,46700
2022-12-12,10.08,10.105,10.12,10.08,141074
2022-12-15,10.13,10.13,10.13,10.13,353
2022-12-16,10.11,10.11,10.11,10.11,110
2022-12-20,10.12,10.12,10.13,10.11,184903
2022-12-21,10.11,10.12,10.15,10.07,331397
2022-12-22,10.12,10.12,10.12,10.12,11719
2022-12-29,10.13,10.16,10.16,10.13,2702
2022-12-30,10.19,10.2,10.2,10.19,9106
2023-01-03,10.14,10.14,10.14,10.14,100
2023-01-04,10.14,10.14,10.14,10.14,22770
2023-01-05,10.14,10.23,10.23,10.14,4760
2023-01-06,10.17,10.17,10.1702,10.17,2490
2023-01-09,10.15,10.17,10.17,10.15,426
2023-01-10,10.165,10.17,10.17,10.15,5767
2023-01-11,10.16,10.18,10.18,10.16,9126
2023-01-13,10.19,10.19,10.19,10.19,6140
2023-01-17,10.55,10.19,10.55,10.19,6904
2023-01-18,10.2,10.205,10.21,10.2,257078
2023-01-19,10.21,10.2,10.21,10.2,55975
2023-01-23,10.21,10.24,10.24,10.2,5054
2023-01-24,10.22,10.2,10.22,10.2,8835
2023-01-26,10.22,10.22,10.22,10.22,239
2023-01-27,10.22,10.225,10.23,10.22,2990
2023-01-30,10.225,10.225,10.225,10.225,3000
2023-01-31,10.22,10.22,10.22,10.21,16210
2023-02-06,10.23,10.23,10.23,10.23,115
2023-02-07,10.24,10.24,10.24,10.24,17013
2023-02-08,10.24,10.24,10.24,10.24,118
2023-02-10,10.23,10.23,10.23,10.23,16862
2023-02-16,10.24,10.25,10.25,10.24,99085
2023-02-22,10.26,10.27,10.27,10.25,503133
2023-02-27,10.28,10.27,10.28,10.26,51703
2023-02-28,10.27,10.26,10.27,10.26,51003
2023-03-01,10.27,10.27,10.27,10.27,15489
2023-03-02,10.26,10.26,10.26,10.26,3387
2023-03-06,10.32,10.32,10.32,10.32,100
2023-03-08,10.29,10.29,10.29,10.29,1000
2023-03-09,10.3,10.3,10.3,10.3,157338
2023-03-15,10.31,10.31,10.31,10.31,135
2023-03-21,10.32,10.35,10.8,10.32,195955
2023-03-23,10.34,10.33,10.35,10.33,514019
2023-03-24,10.35,10.33,10.35,10.33,1853
2023-03-28,10.36,10.33,10.36,10.33,1601
2023-03-29,10.385,10.34,10.39,10.34,1526
2023-03-30,10.36,10.33,10.36,10.33,730
2023-03-31,10.34,10.34,10.35,10.34,28700
2023-04-03,10.34,10.345,10.345,10.33,183176
2023-04-04,10.34,10.34,10.34,10.34,95630
2023-04-05,10.34,10.34,10.34,10.34,8284
2023-04-06,10.34,10.34,10.35,10.34,6879
2023-04-10,10.34,10.34,10.34,10.34,25000
2023-04-11,10.34,10.34,10.34,10.34,13801
2023-04-12,10.34,10.34,10.34,10.34,5243
2023-04-13,10.34,10.34,10.34,10.34,5000
2023-04-14,10.345,10.35,10.35,10.345,28149
2023-04-17,10.35,10.35,10.35,10.35,2000
2023-04-18,10.35,10.35,10.35,10.35,5179
2023-04-19,10.35,10.35,10.35,10.35,140
2023-04-20,10.35,10.34,10.35,10.34,1302
2023-04-24,10.33,10.34,10.35,10.33,681713
2023-04-25,10.34,10.36,10.36,10.34,3935
2023-04-26,10.36,10.36,10.36,10.35,147502
2023-04-28,10.37,10.36,10.37,10.355,379
2023-05-01,10.36,10.36,10.36,10.36,97658
2023-05-02,10.36,10.36,10.36,10.36,72700
2023-05-03,10.36,10.36,10.37,10.34,51173
2023-05-04,10.36,10.36,10.365,10.36,43591
