2014-04-07,2.448,3.3,3.458,2.4439,168544
2014-04-08,3.554,3.629,3.896,3.4931,136778
2014-04-09,3.72,3.2985,3.72,3.1,75169
2014-04-10,3.346,3.285,3.494,3.0285,206098
2014-04-11,3.204,3.085,3.293,3.045,114566
2014-04-14,3.04,2.668,3.04,2.629,145161
2014-04-15,2.532,2.344,2.64,2.1605,98042
2014-04-16,2.372,2.88,2.88,2.33,49090
2014-04-17,2.9436,3.09,3.2123,2.9436,61836
2014-04-21,3.268,3.3554,3.605,3.194,122909
2014-04-22,3.3492,3.1076,3.3492,3.1076,75437
2014-04-23,3.089,3.0965,3.217,2.9897,93683
2014-04-24,3.069,3.07,3.15,3.041,28259
2014-04-25,3.112,3.039,3.14,2.988,69438
2014-04-28,3.079,3.0263,3.0877,2.989,66441
2014-04-29,3.062,3.03,3.077,3.026,13424
2014-04-30,3.034,2.94,3.039,2.909,31581
2014-05-01,2.933,2.7884,2.95,2.77,47133
2014-05-02,2.765,2.858,2.9,2.765,14174
2014-05-05,2.9191,2.96,3.011,2.898,42664
2014-05-06,3.0,2.99,3.033,2.9634,58444
2014-05-07,2.991,2.907,3.0,2.888,38614
2014-05-08,2.946,2.893,2.958,2.89,17433
2014-05-09,2.7859,2.736,2.7952,2.618,34167
2014-05-12,2.745,2.663,2.75,2.585,101256
2014-05-13,2.583,2.436,2.583,2.427,107426
2014-05-14,2.424,2.695,2.83,2.318,67619
2014-05-15,2.734,2.585,2.734,2.524,33714
2014-05-16,2.58,2.496,2.58,2.494,17347
2014-05-20,2.501,2.484,2.5074,2.41,33106
2014-05-21,2.488,2.425,2.5,2.423,7977
2014-05-22,2.44,2.407,2.44,2.3624,15029
2014-05-23,2.383,2.5861,2.592,2.3776,12856
2014-05-27,2.898,2.9338,2.95,2.857,83718
2014-05-28,2.931,2.8291,2.931,2.676,70588
2014-05-29,2.8306,2.7364,2.835,2.703,24093
2014-05-30,2.806,2.724,2.806,2.724,32076
2014-06-02,2.719,2.686,2.719,2.64,18428
2014-06-03,2.708,2.6,2.708,2.5814,58592
2014-06-04,2.5943,2.58,2.61,2.5639,16630
2014-06-05,2.627,2.533,2.627,2.533,24655
2014-06-06,2.53,2.495,2.53,2.4815,29695
2014-06-09,2.516,2.54,2.56,2.491,0
2014-06-10,2.703,2.648,2.703,2.646,0
2014-06-11,2.688,2.699,2.7017,2.672,9399
2014-06-12,2.718,2.615,2.718,2.615,0
2014-06-13,2.64,2.65,2.654,2.61,20431
2014-06-16,2.672,2.6533,2.672,2.6142,0
2014-06-17,2.6474,2.666,2.717,2.6474,0
2014-06-18,2.709,2.642,2.709,2.642,8300
2014-06-19,2.72,2.8424,2.867,2.7124,68750
2014-06-20,2.8586,2.7865,2.8681,2.745,20697
2014-06-23,2.787,2.7436,2.81,2.7367,27884
2014-06-24,2.765,2.7235,2.771,2.688,15499
2014-06-25,2.766,2.734,2.7946,2.6802,36820
2014-06-26,2.729,2.743,2.7496,2.7254,15900
2014-06-27,2.757,2.755,2.7992,2.755,20324
2014-06-30,2.745,2.736,2.774,2.734,9986
2014-07-02,2.758,2.7437,2.764,2.736,9768
2014-07-03,2.723,2.746,2.78,2.723,10552
2014-07-07,2.761,2.747,2.761,2.7,18206
2014-07-08,2.757,2.718,2.757,2.704,13118
2014-07-09,2.72,2.7146,2.752,2.7095,8390
2014-07-10,2.715,2.608,2.72,2.5938,14641
2014-07-11,2.61,2.667,2.667,2.564,17968
2014-07-14,2.657,2.592,2.657,2.551,41288
2014-07-15,2.6064,2.628,2.632,2.6,8984
2014-07-16,2.5947,2.59,2.618,2.553,18803
2014-07-17,2.5824,2.5807,2.616,2.5807,4714
2014-07-18,2.554,2.62,2.629,2.554,6310
2014-07-21,2.585,2.5658,2.626,2.5658,4459
2014-07-22,2.5648,2.583,2.583,2.553,3773
2014-07-23,2.595,2.52,2.595,2.51,19652
2014-07-24,2.5329,2.51,2.5329,2.51,3034
2014-07-25,2.53,2.45,2.53,2.443,33770
2014-07-28,2.418,2.4,2.43,2.3455,17347
2014-07-29,2.3616,2.346,2.3688,2.31,13730
2014-07-30,2.325,2.071,2.325,2.071,40180
2014-07-31,2.073,2.2357,2.272,2.042,32297
2014-08-01,2.276,2.295,2.31,2.2325,26227
2014-08-05,2.4428,2.4416,2.4428,2.3705,10727
2014-08-06,2.441,2.3969,2.444,2.3969,9520
2014-08-07,2.432,2.45,2.457,2.41,9137
2014-08-08,2.4217,2.295,2.4217,2.276,12571
2014-08-11,2.5065,2.46,2.5065,2.4179,21840
2014-08-12,2.5392,2.46,2.5392,2.424,9847
2014-08-13,2.443,2.4326,2.4579,2.404,12608
2014-08-14,2.3875,2.423,2.467,2.3875,12418
2014-08-15,2.3846,2.3934,2.3934,2.3727,579
2014-08-18,2.45,2.4207,2.45,2.3998,2796
2014-08-19,2.432,2.4,2.432,2.2917,26933
2014-08-20,2.377,2.364,2.377,2.364,5050
2014-08-21,2.349,2.3354,2.3612,2.3354,4880
2014-08-22,2.329,2.282,2.3306,2.273,10697
2014-08-25,2.303,2.252,2.326,2.204,14797
2014-08-26,2.22,2.2978,2.2978,2.156,6686
2014-08-27,2.306,2.323,2.33,2.284,4559
2014-08-28,2.277,2.269,2.315,2.218,39430
2014-08-29,2.2725,2.283,2.291,2.228,29756
2014-09-02,2.313,2.203,2.313,2.191,24583
2014-09-03,2.205,2.216,2.253,2.1838,28553
2014-09-04,2.269,2.2678,2.283,2.214,11614
2014-09-05,2.269,2.277,2.2853,2.2538,25034
2014-09-08,2.317,2.3115,2.334,2.2795,4447
2014-09-09,2.299,2.399,2.399,2.242,11148
2014-09-10,2.352,2.3976,2.434,2.35,2332
2014-09-11,2.4217,2.413,2.44,2.3968,7888
2014-09-12,2.426,2.404,2.456,2.404,21242
2014-09-15,2.468,2.404,2.468,2.4,7228
2014-09-16,2.41,2.3354,2.41,2.3354,5599
2014-09-17,2.335,2.338,2.35,2.335,3300
2014-09-18,2.362,2.358,2.362,2.358,948
2014-09-19,2.36,2.29,2.36,2.269,11005
2014-09-22,2.351,2.2776,2.3573,2.27,8855
2014-09-23,2.296,2.233,2.296,2.233,4694
2014-09-24,2.2065,2.204,2.2065,2.16,7165
2014-09-25,2.202,2.156,2.209,2.135,11898
2014-09-26,2.135,2.086,2.1371,2.0662,12730
2014-09-29,2.078,2.101,2.107,2.06,9052
2014-09-30,2.0798,2.034,2.0798,2.034,30162
2014-10-01,2.038,1.985,2.0463,1.985,17545
2014-10-02,1.983,1.849,1.9888,1.674,22951
2014-10-03,1.72,1.694,1.83,1.689,29944
2014-10-06,1.745,1.68,1.745,1.68,4370
2014-10-07,1.762,1.757,1.8,1.744,8526
2014-10-08,1.7794,1.86,1.86,1.7544,8051
2014-10-09,1.8593,1.8939,1.8939,1.82,4580
2014-10-10,1.8,1.786,1.8,1.7564,7477
2014-10-14,1.689,1.66,1.7349,1.66,23002
2014-10-15,1.632,1.5678,1.649,1.441,11748
2014-10-16,1.493,1.674,1.728,1.493,12595
2014-10-17,1.717,1.656,1.717,1.656,4650
2014-10-20,1.723,1.695,1.742,1.663,10299
2014-10-21,1.665,1.73,1.73,1.665,2983
2014-10-22,1.715,1.64,1.72,1.6157,2410
2014-10-23,1.667,1.617,1.667,1.5989,5191
2014-10-24,1.6103,1.601,1.6103,1.601,610
2014-10-27,1.609,1.5985,1.6142,1.5985,7700
2014-10-28,1.6,1.646,1.646,1.6,2100
2014-10-29,1.655,1.654,1.655,1.6312,6768
2014-10-30,1.648,1.6141,1.648,1.604,1990
2014-10-31,1.6062,1.607,1.6239,1.5957,1885
2014-11-03,1.735,1.79,1.82,1.735,11114
2014-11-04,1.781,1.83,1.84,1.766,9157
2014-11-05,1.847,2.12,2.16,1.8419,9238
2014-11-07,2.33,2.15,2.353,2.0905,20044
2014-11-10,2.22,2.291,2.32,2.22,25581
2014-11-11,2.34,2.307,2.359,2.307,11562
2014-11-12,2.32,2.344,2.344,2.2623,8054
2014-11-13,2.344,2.3482,2.366,2.342,1516
2014-11-14,2.2084,2.258,2.26,2.2084,2117
2014-11-17,2.278,2.215,2.283,2.215,11429
2014-11-18,2.268,2.219854,2.27,2.21,5649
2014-11-19,2.251,2.2587,2.2587,2.1996,12420
2014-11-20,2.307,2.293,2.33,2.2768,17730
2014-11-21,2.3096,2.369,2.413,2.2662,15034
2014-11-24,2.45,2.5091,2.55,2.45,8362
2014-11-25,2.53,2.55,2.565,2.51,14332
2014-11-26,2.234,2.1859,2.234,1.9891,21943
2014-11-28,2.2681,2.087,2.2681,2.087,13579
2014-12-01,2.088,2.175,2.175,2.079,13106
2014-12-02,2.1583,2.099,2.163,2.0481,7370
2014-12-03,2.0942,2.07,2.11,2.06,6588
2014-12-04,2.111,1.998,2.111,1.975,5613
2014-12-05,1.98,1.892,1.98,1.884,29978
2014-12-08,1.89,1.93,1.93,1.875,14755
2014-12-09,1.836,1.873,1.875,1.8131,2822
2014-12-10,1.835,1.752,1.835,1.715,57430
2014-12-11,1.737,1.714,1.737,1.68,9559
2014-12-12,1.7437,1.688,1.7437,1.688,4220
2014-12-15,1.736,1.7126,1.736,1.6968,730
2014-12-16,1.6479,1.664,1.69,1.64,3740
2014-12-17,1.647,1.681,1.6816,1.647,4490
2014-12-18,1.7261,1.86,1.9,1.7261,6185
2014-12-19,1.885,1.899,1.899,1.8575,4500
2014-12-22,1.895,1.8596,1.9399,1.851,3350
2014-12-23,1.831,1.7678,1.8794,1.7592,10355
2014-12-24,1.728,1.7428,1.7614,1.711,4383
2014-12-29,1.768,1.7495,1.7749,1.7396,2375
2014-12-30,1.762,1.77,1.8,1.755,3305
2014-12-31,1.782,1.755,1.782,1.755,17116
2015-01-02,1.71,1.725,1.7663,1.71,4983
2015-01-05,1.828,1.837,1.846,1.828,5920
2015-01-06,1.879,1.8734,1.9,1.8729,6141
2015-01-07,1.9021,1.852,1.905,1.852,11683
2015-01-08,1.89,1.8707,1.9005,1.859,6595
2015-01-09,1.8998,1.8606,1.8998,1.84,3043
2015-01-12,1.868,1.8531,1.868,1.836,4884
2015-01-13,1.856,1.855,1.8715,1.819,16150
2015-01-14,1.854,1.82,1.854,1.807,4524
2015-01-15,1.8521,1.76,1.856,1.73,3748
2015-01-16,1.759,1.8251,1.8251,1.759,35715
2015-01-20,1.782,1.814,1.814,1.74,3134
2015-01-21,1.754,1.7237,1.754,1.7237,3335
2015-01-22,1.7341,1.7,1.7395,1.7,2327
2015-01-23,1.686,1.7017,1.7017,1.655,3381
2015-01-26,1.724,1.6176,1.724,1.5949,4682
2015-01-27,1.63,1.601,1.65,1.6,2373
2015-01-28,1.61,1.5732,1.61,1.563,31713
2015-01-29,1.605,1.574,1.605,1.55,9066
2015-01-30,1.551,1.548,1.5536,1.548,1721
2015-02-02,1.62,1.597,1.628,1.595,7136
2015-02-03,1.603,1.593,1.603,1.593,2675
2015-02-04,1.6,1.588,1.6,1.57,2740
2015-02-05,1.58,1.573,1.5804,1.573,2100
2015-02-06,1.599,1.562,1.599,1.562,713
2015-02-09,1.619,1.608,1.641,1.595,5961
2015-02-10,1.62,1.58,1.62,1.58,5750
2015-02-11,1.593,1.5577,1.596,1.5577,2410
2015-02-12,1.5663,1.5498,1.5663,1.5418,5284
2015-02-13,1.567,1.573,1.581,1.544,13092
2015-02-17,1.608,1.545,1.608,1.545,5176
2015-02-18,1.571,1.782,1.814,1.571,7880
2015-02-19,1.935,2.0113,2.0113,1.877,26106
2015-02-20,2.025,1.96,2.07,1.9573,39255
2015-02-23,1.968,1.98,2.0224,1.96,5910
2015-02-24,1.779,1.773,1.847,1.727,17513
2015-02-25,1.795,1.814,1.814,1.7654,8603
2015-02-26,1.79,1.762,1.79,1.76,7842
2015-02-27,1.76,1.75,1.76,1.738,21088
2015-03-02,1.763,1.7,1.763,1.7,10002
2015-03-04,1.739,1.747,1.747,1.739,2719
2015-03-05,1.7482,1.747,1.7482,1.747,1279
2015-03-06,1.723,1.694,1.723,1.694,1638
2015-03-09,1.697,1.704,1.7115,1.6945,4635
2015-03-10,NaN,1.704,NaN,NaN,3
2015-03-11,1.6968,1.692,1.6968,1.692,1530
2015-03-12,1.6803,1.6248,1.7,1.6248,8005
2015-03-13,1.6286,1.605,1.6286,1.603,7577
2015-03-16,1.6319,1.6319,1.6319,1.6319,440
2015-03-17,1.5941,1.5862,1.5941,1.5862,1575
2015-03-18,1.583,1.583,1.583,1.583,320
2015-03-19,1.632,1.638,1.6686,1.632,2380
2015-03-20,1.677,1.68,1.68,1.642,1810
2015-03-23,1.68,1.689,1.689,1.666,1292
2015-03-24,1.636,1.621,1.67,1.621,6979
2015-03-25,1.625,1.627,1.651,1.625,3346
2015-03-26,1.638,1.624,1.638,1.624,2289
2015-03-27,1.63,1.6471,1.684,1.63,6559
2015-03-30,1.641,1.635,1.644,1.627,3432
2015-03-31,1.638,1.645,1.6538,1.638,2533
2015-04-01,1.647,1.6484,1.6563,1.646,5315
2015-04-02,1.651,1.6389,1.651,1.6389,3095
2015-04-06,1.647,1.635,1.67,1.627,5505
2015-04-07,1.63,1.661,1.661,1.63,1380
2015-04-08,1.686,1.6238,1.686,1.6238,1981
2015-04-09,1.614,1.6306,1.6474,1.614,5173
2015-04-10,1.624,1.626,1.626,1.624,418
2015-04-13,1.609,1.608,1.6151,1.6,7197
2015-04-14,1.607,1.6375,1.66,1.607,4817
2015-04-15,1.654,1.653,1.67,1.621,19795
2015-04-16,1.668,1.668,1.668,1.668,415
2015-04-17,1.6859,1.6859,1.6859,1.6859,105
2015-04-20,1.648,1.68,1.68,1.645,5350
2015-04-21,1.6736,1.6736,1.6736,1.6736,100
2015-04-22,1.629,1.64,1.64,1.629,350
2015-04-23,1.623,1.65,1.652,1.623,5850
2015-04-24,1.661,1.697,1.697,1.66,3200
2015-04-27,1.673,1.634,1.69,1.62,3230
2015-04-28,1.659,1.633,1.659,1.633,3350
2015-04-29,1.6389,1.6437,1.6438,1.6171,12119
2015-04-30,1.64,1.65,1.65,1.64,9620
2015-05-01,1.6549,1.6491,1.6549,1.6491,1205
2015-05-04,1.645,1.62,1.645,1.62,2280
2015-05-05,1.635,1.635,1.635,1.635,879
2015-05-06,1.6537,1.614,1.659,1.614,5104
2015-05-07,1.606,1.609,1.611,1.606,3905
2015-05-08,1.584,1.58,1.5909,1.5772,21370
2015-05-11,1.63,1.632,1.65,1.63,750
2015-05-12,1.598,1.613,1.62,1.598,2019
2015-05-13,1.62,1.6169,1.626,1.601,1483
2015-05-14,1.6524,1.669,1.669,1.65,900
2015-05-15,1.616,1.6186,1.6186,1.612,2532
2015-05-19,1.58,1.58,1.6,1.551,13395
2015-05-20,1.5586,1.5586,1.5586,1.5586,400
2015-05-21,1.55,1.55,1.55,1.55,525
2015-05-22,1.577,1.58,1.58,1.57,3137
2015-05-26,1.566,1.563,1.566,1.563,1050
2015-05-27,1.52,1.5,1.52,1.5,7837
2015-05-28,1.514,1.524,1.56,1.514,4306
2015-05-29,1.5155,1.52,1.529,1.5155,2866
2015-06-01,1.5187,1.475,1.5187,1.4722,19235
2015-06-02,1.474,1.5,1.5,1.473,4760
2015-06-03,1.4793,1.4652,1.4793,1.4651,1115
2015-06-04,1.437,1.437,1.437,1.437,500
2015-06-05,1.4243,1.436,1.436,1.4243,650
2015-06-08,1.4536,1.425,1.4536,1.425,3300
2015-06-09,1.459,1.459,1.459,1.459,432
2015-06-10,1.488,1.4879,1.488,1.477,4711
2015-06-11,1.497,1.496,1.497,1.496,1100
2015-06-12,1.4896,1.4896,1.4896,1.4896,350
2015-06-15,1.486,1.4902,1.506,1.458,2338
2015-06-16,1.4724,1.48,1.48,1.4631,1893
2015-06-18,1.48,1.45,1.48,1.45,2529
2015-06-19,1.4867,1.43,1.4867,1.43,11479
2015-06-22,1.4408,1.441,1.441,1.4408,1100
2015-06-23,1.4382,1.47,1.47,1.433,1170
2015-06-24,1.483,1.6583,1.7,1.4605,56405
2015-06-25,1.694,1.6277,1.694,1.6276,28944
2015-06-26,1.627,1.59,1.646,1.59,14719
2015-06-29,1.579,1.601,1.61,1.565,5925
2015-06-30,1.635,1.556,1.635,1.556,11328
2015-07-02,1.5548,1.589,1.59,1.554,3550
2015-07-06,1.5445,1.5448,1.59,1.5445,8085
2015-07-07,1.532,1.52,1.533,1.471,44279
2015-07-08,1.525,1.4636,1.525,1.4636,9500
2015-07-09,1.505,1.4894,1.505,1.4894,3060
2015-07-10,1.5029,1.549,1.549,1.49,2091
2015-07-13,1.539,1.53,1.539,1.517,1800
2015-07-14,1.548,1.54,1.548,1.5251,1251
2015-07-15,1.51,1.4961,1.511,1.481,5095
2015-07-16,1.506,1.516,1.516,1.48,11215
2015-07-17,1.507,1.475,1.507,1.475,11607
2015-07-20,1.4973,1.483,1.4973,1.48,8700
2015-07-21,1.497,1.4796,1.497,1.4796,3100
2015-07-22,1.4917,1.5,1.5,1.478,3295
2015-07-23,1.494,1.4774,1.5,1.472,3115
2015-07-24,1.52,1.4762,1.52,1.4762,2035
2015-07-27,1.48,1.4853,1.486,1.48,1700
2015-07-28,1.511,1.527,1.527,1.51,1750
2015-07-29,1.532,1.528,1.548,1.528,4061
2015-07-30,1.5337,1.494,1.5337,1.494,4827
2015-07-31,1.5548,1.51,1.5548,1.5019,1877
2015-08-03,1.46,1.46,1.46,1.46,211
2015-08-04,1.504,1.53,1.53,1.5,7556
2015-08-05,1.5264,1.4898,1.5264,1.46,9325
2015-08-06,1.515,1.421,1.515,1.421,17800
2015-08-07,1.4281,1.4121,1.4281,1.39,1295
2015-08-10,1.43,1.416,1.46,1.416,2600
2015-08-11,1.3961,1.4,1.4,1.39,6344
2015-08-12,1.41,1.407,1.41,1.407,705
2015-08-14,1.43,1.43,1.43,1.43,500
2015-08-17,1.4232,1.41,1.4232,1.4081,5868
2015-08-18,1.4248,1.396,1.4248,1.396,4514
2015-08-19,1.409,1.3547,1.409,1.3547,2205
2015-08-20,1.4,1.3659,1.4,1.36298,6720
2015-08-21,1.296,1.3,1.3,1.27,4120
2015-08-24,1.0586,1.1794,1.18,1.0065,100283
2015-08-25,1.22,1.2362,1.25,1.2112,22660
2015-08-26,1.2368,1.218,1.2368,1.218,811
2015-08-27,1.237,1.229,1.255,1.229,5890
2015-08-28,1.24,1.22,1.24,1.199,10156
2015-08-31,1.264,1.264,1.264,1.264,200
2015-09-01,1.25,1.1957,1.25,1.1957,5012
2015-09-02,1.1868,1.149,1.2,1.149,4728
2015-09-08,1.197,1.1971,1.1971,1.197,10152
2015-09-09,1.25,1.206,1.25,1.2059,21830
2015-09-10,1.218,1.1955,1.218,1.1955,1167
2015-09-11,1.1954,1.18549,1.1954,1.17,7693
2015-09-14,1.19,1.19,1.19,1.19,625
2015-09-15,1.2181,1.272,1.279,1.2181,33230
2015-09-16,1.36,1.363,1.46,1.3546,74193
2015-09-17,1.398,1.4,1.413,1.363,11250
2015-09-18,1.3994,1.35,1.3994,1.35,4164
2015-09-21,1.4319,1.3742,1.4319,1.3742,10090
2015-09-22,1.36,1.382,1.3838,1.36,5324
2015-09-23,1.3559,1.332,1.36,1.331,11000
2015-09-24,1.3449,1.2951,1.345,1.288,3734
2015-09-25,1.34,1.3215,1.34,1.3169,9354
2015-09-28,1.3,1.2336,1.3,1.2219,5914
2015-09-29,1.22,1.14,1.22,1.14,24625
2015-09-30,1.18,1.21,1.257,1.18,21998
2015-10-01,1.258,1.2255,1.258,1.225,5637
2015-10-02,1.2153,1.2193,1.225,1.194,6620
2015-10-05,1.2312,1.235,1.2386,1.2312,1280
2015-10-06,1.294,1.3628,1.382,1.294,13597
2015-10-07,1.3469,1.305,1.3469,1.295,2638
2015-10-09,1.3384,1.3389,1.3389,1.3384,480
2015-10-13,1.341,1.36,1.3747,1.341,16456
2015-10-14,1.3678,1.4583,1.48,1.3678,13302
2015-10-15,1.513,1.5479,1.579,1.51,44670
2015-10-16,1.5647,1.567,1.57,1.53,17636
2015-10-19,1.6652,1.6774,1.702,1.6321,29561
2015-10-20,2.045,1.552,2.045,1.545,121469
2015-10-21,1.623,1.65,1.688,1.6082,31211
2015-10-22,1.765,1.8584,1.88,1.763,68567
2015-10-23,1.83,1.7,1.83,1.624,45547
2015-10-26,1.7759,1.7765,1.79,1.745,23939
2015-10-27,1.835,1.9327,1.9327,1.835,46211
2015-10-28,1.942,1.95,1.97,1.919,22260
2015-10-29,1.958,1.902,1.967,1.87,31606
2015-10-30,1.9436,2.0684,2.0703,1.936,93687
2015-11-02,2.21,2.2337,2.239,2.1656,76335
2015-11-03,2.288,2.4,2.46,2.234,106091
2015-11-04,2.484,2.58,2.6408,2.4756,161398
2015-11-05,2.811,2.3961,2.811,2.335,229260
2015-11-06,2.4,1.99,2.4,1.8991,129922
2015-11-09,1.983,2.0372,2.12,1.915,65497
2015-11-10,2.09,1.99,2.092,1.988,25067
2015-11-11,1.9677,1.8428,1.97,1.827,36596
2015-11-12,1.6914,1.645,1.7345,1.645,127823
2015-11-13,1.624,1.6655,1.7684,1.5482,86157
2015-11-16,1.697,1.766,1.789,1.697,10982
2015-11-17,1.95,1.98,1.98,1.9313,45040
2015-11-18,1.9766,1.895,1.985,1.8559,62064
2015-11-19,1.77,1.793,1.8424,1.7659,35195
2015-11-20,1.8161,1.7901,1.856,1.7884,12965
2015-11-23,1.872,1.7836,1.872,1.7799,14629
2015-11-24,1.795,1.8225,1.86,1.7787,69920
2015-11-25,1.844,1.839,1.844,1.813,4832
2015-11-27,2.151,2.0525,2.189,2.0426,39670
2015-11-30,2.064,2.1,2.1,2.03,45855
2015-12-01,2.1,2.069,2.1067,2.054,11383
2015-12-02,2.07,2.0781,2.0781,2.048,52157
2015-12-03,2.0078,2.063,2.063,2.0078,1500
2015-12-04,2.053,2.126,2.126,2.023,30783
2015-12-07,2.2055,2.1673,2.2279,2.14,40001
2015-12-08,2.1598,2.064,2.1598,2.05,44973
2015-12-09,2.055,2.06,2.1044,2.048,13592
2015-12-10,2.0668,2.0584,2.09,2.04,36808
2015-12-11,2.03,1.9933,2.03,1.984,15590
2015-12-14,2.0,2.01,2.0118,1.9751,12858
2015-12-15,2.029,2.0385,2.045,2.0272,2040
2015-12-16,2.0658,2.1,2.1,2.028,13481
2015-12-17,2.058,2.0,2.067,2.0,35428
2015-12-18,2.0296,2.0123,2.0447,1.994,21775
2015-12-21,2.0487,2.0381,2.063,2.0122,14524
2015-12-22,2.0188,2.015,2.0438,2.01,6893
2015-12-23,2.041,2.0672,2.0672,2.039,21453
2015-12-24,2.0785,2.1,2.1,2.07,2146
2015-12-28,2.1,2.1,2.1,2.1,4725
2015-12-29,2.135,2.1234,2.15,2.108,71115
2015-12-30,2.11,2.128,2.15,2.106,25069
2015-12-31,2.128,2.151,2.151,2.117,8184
2016-01-04,2.1328,2.09,2.148,2.09,45105
2016-01-05,2.086,2.082,2.09,2.0469,18556
2016-01-06,2.056,2.0048,2.056,1.998,63248
2016-01-07,1.9461,1.8342,1.9461,1.819,53280
2016-01-08,1.897,1.9733,1.992,1.8827,60934
2016-01-11,2.0118,2.008,2.055,1.999,34450
2016-01-12,2.0239,2.0013,2.0379,1.9861,31359
2016-01-13,2.0207,1.952,2.027,1.94,21626
2016-01-14,1.949,1.9397,1.949,1.8386,35797
2016-01-15,1.87,1.8647,1.88,1.841,38613
2016-01-19,1.881,1.851,1.881,1.8099,130421
2016-01-20,1.805,1.84,1.855,1.76,55827
2016-01-21,1.843,1.89,1.91,1.843,34220
2016-01-22,1.9295,1.92,1.9653,1.899,24354
2016-01-25,1.9345,1.8958,1.936,1.893,21278
2016-01-26,1.92,1.9007,1.92,1.89,30466
2016-01-27,1.91,1.911,1.911,1.8925,4552
2016-01-28,1.914,1.8972,1.92,1.888,7819
2016-01-29,1.9074,1.9148,1.9308,1.8997,5958
2016-02-01,1.9374,1.9419,1.9419,1.886,28735
2016-02-02,1.91,1.87,1.91,1.87,2610
2016-02-03,1.93,1.92,1.933,1.9,43146
2016-02-04,1.9428,1.9343,1.9428,1.929,5856
2016-02-05,1.925,1.8958,1.925,1.8817,33876
2016-02-08,1.8982,1.8331,1.8982,1.79,10255
2016-02-09,1.812,1.8966,1.9033,1.806,32102
2016-02-10,1.883,1.8717,1.924,1.8629,19117
2016-02-11,1.8793,1.86,1.8793,1.8367,3099
2016-02-12,2.019,1.9514,2.019,1.8,31522
2016-02-16,1.984,1.97,2.025,1.97,32789
2016-02-17,2.006,2.027,2.04,1.999,17978
2016-02-18,2.0422,2.01,2.05,2.0067,10712
2016-02-19,2.0198,2.015,2.0351,1.992,8692
2016-02-22,2.033,2.098,2.098,2.01,28210
2016-02-23,2.139,2.263,2.349,2.13,46603
2016-02-24,2.373,2.15,2.415,2.017,139858
2016-02-25,2.0439,2.1312,2.1401,2.0,75814
2016-02-26,2.1336,2.15,2.153,2.1144,11835
2016-02-29,2.1697,2.1822,2.1822,2.1536,14510
2016-03-01,2.2123,2.2352,2.25,2.2123,17168
2016-03-02,2.245,2.2257,2.2597,2.215,67221
2016-03-03,2.23,2.184,2.2329,2.1479,17234
2016-03-04,2.2097,2.2137,2.24,2.19,45910
2016-03-07,2.219,2.19,2.25,2.19,12859
2016-03-08,2.1973,2.1625,2.2009,2.1319,47003
2016-03-09,2.1582,2.1842,2.1842,2.12,17979
2016-03-10,2.145,2.1526,2.1526,2.14,6400
2016-03-11,2.14,2.1261,2.1635,2.091,35098
2016-03-16,2.0009,1.9857,2.0009,1.9247,24179
2016-03-17,2.0589,2.089,2.135,2.05,40822
2016-03-18,2.102,2.0931,2.124,2.068,20972
2016-03-21,2.124,2.0673,2.1521,2.0458,27078
2016-03-22,2.0685,2.0674,2.072,2.04,14634
2016-03-23,1.9225,1.9285,1.9754,1.8834,99063
2016-03-24,1.923,1.9678,1.98,1.8935,24770
2016-03-28,1.9956,1.975,2.0065,1.9524,50366
2016-03-29,1.977,1.95,1.9977,1.945,34181
2016-03-30,1.9978,1.9938,1.9978,1.99,2960
2016-03-31,2.024,1.9994,2.052,1.997,15368
2016-04-01,2.019,2.01,2.04,1.975,19717
2016-04-04,2.0144,1.9795,2.0144,1.964,13169
2016-04-05,1.952,1.935,1.953,1.9016,30804
2016-04-06,1.9392,1.945,1.95,1.9148,11355
2016-04-07,1.942,1.884,1.942,1.884,11944
2016-04-08,1.9105,1.8966,1.9105,1.84,41947
2016-04-11,1.919,1.95,1.95,1.897,48242
2016-04-12,1.97,1.9473,1.988,1.9352,11931
2016-04-13,1.9507,1.9514,1.967,1.931,32001
2016-04-14,1.955,1.929,1.9606,1.929,30937
2016-04-15,1.939,1.9289,1.94,1.8949,13535
2016-04-18,1.9183,1.918,1.926,1.869,71116
2016-04-19,1.9196,2.03,2.03,1.9196,29786
2016-04-20,2.0401,2.1705,2.2934,2.037,111852
2016-04-21,2.336,2.1966,2.336,2.194,59423
2016-04-22,2.1767,2.12,2.1767,2.0999,21422
2016-04-25,2.111,2.0997,2.133,2.085,31940
2016-04-26,2.117,2.104,2.118,2.07,10977
2016-04-27,2.1306,2.0802,2.137,2.0789,13837
2016-04-28,2.0719,2.064,2.095,2.0612,36041
2016-04-29,2.0742,2.05,2.075,2.03,47199
2016-05-02,2.0877,2.0791,2.1119,2.056,25617
2016-05-03,2.0632,2.0248,2.0632,2.02,14509
2016-05-04,2.017,1.9941,2.03,1.9941,10560
2016-05-05,1.9999,1.9859,2.011,1.964,30188
2016-05-06,1.9747,1.9836,1.99,1.9528,61028
2016-05-09,1.983,1.98,1.983,1.951,4173
2016-05-10,1.9875,2.04,2.05,1.986,15829
2016-05-11,2.074,2.043,2.083,2.043,25191
2016-05-12,2.068,2.044,2.068,2.01,17721
2016-05-13,2.012,2.0284,2.03,2.012,4979
2016-05-16,2.02,2.057,2.06,2.0118,17130
2016-05-17,2.058,2.04,2.058,2.0126,14681
2016-05-18,2.03,2.007,2.0313,2.0,14862
2016-05-19,1.998,1.99,1.998,1.966,39903
2016-05-20,1.9823,1.9691,2.0,1.9654,14340
2016-05-24,1.99,1.9671,2.005,1.9643,18756
2016-05-25,1.984,1.997,1.997,1.964,4933
2016-05-26,2.006,2.0,2.0114,1.958,14253
2016-05-27,1.9959,1.9687,1.9959,1.96,12081
2016-05-31,1.9749,1.98,1.98,1.9621,10350
2016-06-01,1.9595,1.976,1.994,1.9595,22350
2016-06-02,1.9725,1.9994,2.0066,1.9725,8214
2016-06-03,2.0444,2.0389,2.0444,2.0198,16700
2016-06-06,2.0483,2.0293,2.05,2.0172,10513
2016-06-07,2.0281,2.0497,2.0497,2.0281,1920
2016-06-08,2.0524,2.07,2.0913,2.043,25574
2016-06-09,2.0779,2.07,2.1192,2.062,29883
2016-06-10,2.0687,2.07,2.08,2.05,6845
2016-06-13,2.0559,2.011,2.06,2.011,13742
2016-06-14,2.02,2.04,2.0428,2.02,3291
2016-06-15,2.0331,2.0358,2.04,2.0331,5437
2016-06-16,2.022,2.0048,2.03,1.9924,13478
2016-06-17,2.0438,2.0469,2.055,2.01,16956
2016-06-20,2.0613,2.0951,2.0954,2.058,29344
2016-06-21,2.12,2.144,2.15,2.1043,41111
2016-06-22,2.164,2.21,2.233,2.15,63215
2016-06-23,2.2683,2.24,2.2683,2.1868,31392
2016-06-24,2.054,2.1696,2.1902,2.0472,31961
2016-06-27,2.1323,2.0021,2.1323,2.0011,20848
2016-06-28,2.0876,2.07,2.1134,2.07,20493
2016-06-29,2.0941,2.076,2.1442,2.0698,20781
2016-06-30,2.15,2.108,2.16,2.1,59733
2016-07-01,2.108,2.108,2.108,2.108,0
2016-07-05,2.142,2.1598,2.17,2.12,17510
2016-07-06,2.155,2.1575,2.17,2.14,30128
2016-07-07,2.1876,2.132,2.1876,2.132,13505
2016-07-08,2.1528,2.1396,2.154,2.12,13523
2016-07-11,2.13,2.1154,2.15,2.108,15387
2016-07-12,2.1305,2.137,2.159,2.12,11723
2016-07-13,2.117,2.1246,2.15,2.095,11851
2016-07-14,2.1296,2.1134,2.14,2.1,11352
2016-07-15,2.1106,2.13,2.14,2.1089,19450
2016-07-18,2.123,2.1321,2.1321,2.1,24864
2016-07-19,2.11,2.1148,2.1148,2.0824,100842
2016-07-20,2.12,2.0959,2.1215,2.09,14064
2016-07-21,2.079,2.0895,2.12,2.079,44515
2016-07-22,2.0973,2.1493,2.1493,2.0916,10736
2016-07-25,2.2119,2.4626,2.47,2.2,179806
2016-07-26,2.66,2.43,2.6838,2.343,124264
2016-07-27,2.484,2.3183,2.5,2.295,72033
2016-07-28,2.342,2.3752,2.417,2.2939,75221
2016-07-29,2.4109,2.42,2.44,2.4,41685
2016-08-01,2.42,2.42,2.42,2.42,0
2016-08-02,2.464,2.517,2.571,2.42,207756
2016-08-03,2.6012,2.7504,2.757,2.55,180099
2016-08-04,2.8059,2.968,3.07,2.795,292661
2016-08-05,3.0401,3.1387,3.21,2.995,227728
2016-08-08,3.2002,2.974,3.2186,2.897,376114
2016-08-09,3.0459,3.0793,3.0852,2.97,180543
2016-08-10,3.1111,3.1817,3.2054,3.0,101443
2016-08-11,3.2092,3.1322,3.229,3.028,197241
2016-08-12,3.0608,3.0365,3.1,2.963,97408
2016-08-15,3.027,3.0004,3.037,2.976,33325
2016-08-16,3.02,3.0623,3.1087,2.954,56696
2016-08-17,3.0869,3.09,3.102896,3.06,43486
2016-08-18,3.1094,3.0902,3.116,3.0616,61162
2016-08-19,3.0688,3.0126,3.0812,2.99,51640
2016-08-22,2.9858,2.93,3.0131,2.8441,126474
2016-08-23,2.9075,2.9542,2.9542,2.8526,53388
2016-08-24,2.9687,2.9193,2.9823,2.9193,41911
2016-08-25,2.987,2.97,3.005,2.925,17772
2016-08-26,2.991,2.9665,2.999,2.9178,21566
2016-08-29,2.9651,2.9075,2.9656,2.89,66048
2016-08-30,2.935,2.897,2.935,2.86,87564
2016-08-31,2.8605,2.8403,2.87,2.8156,86866
2016-09-01,2.8423,2.9,2.905673,2.8423,34949
2016-09-02,2.923,2.95,2.951,2.89,21924
2016-09-06,2.9854,3.017,3.05,2.979,120408
2016-09-07,3.0434,3.0894,3.1,3.0196,90877
2016-09-08,3.103,3.0438,3.139,3.0347,56334
2016-09-09,3.047,3.0053,3.047,2.9558,50153
2016-09-12,2.932,2.98,2.98,2.918,43341
2016-09-13,2.9336,2.9326,2.95,2.9,42058
2016-09-14,2.913,2.9289,2.938,2.9,69235
2016-09-15,2.95,3.0058,3.03,2.9338,113846
2016-09-16,3.0107,3.0169,3.033,2.98,89311
2016-09-19,3.0336,3.0688,3.12,3.027,84010
2016-09-20,3.101,3.0358,3.11,3.0358,54743
2016-09-21,3.0826,3.0251,3.0826,2.996,67125
2016-09-22,3.0675,3.0209,3.0675,3.0181,43222
2016-09-23,3.039,2.9794,3.039,2.966,97292
2016-09-26,2.997,3.0,3.0267,2.984,27881
2016-09-27,3.026,3.0147,3.049,3.0,28049
2016-09-28,3.059,3.0466,3.0593,3.0141,20311
2016-09-29,3.0654,3.046,3.08,3.021,153448
2016-09-30,3.06,3.0681,3.1,3.05,42781
2016-10-03,3.0976,3.2311,3.244,3.09,117346
2016-10-04,3.2953,3.4612,3.5031,3.279,158873
2016-10-05,3.522,3.8,3.8,3.4929,202184
2016-10-06,3.8957,3.7277,4.4201,3.438,531168
2016-10-07,3.737,3.994,3.9989,3.6,174532
2016-10-10,4.15,3.995,4.15,3.9,6424
2016-10-11,4.256,4.2567,4.2567,4.0451,232154
2016-10-12,4.307,4.1381,4.381,4.0426,126884
2016-10-13,4.155,4.147,4.18,4.002,95111
2016-10-14,4.1499,4.2352,4.2681,4.1363,85249
2016-10-17,4.3063,4.53,4.53,4.2907,168851
2016-10-18,4.7082,4.981,5.069,4.5965,394153
2016-10-19,5.1685,5.3736,5.3846,4.727,406479
2016-10-20,5.4199,5.4656,5.5556,5.3396,507900
2016-10-21,5.3392,5.15,5.356,4.796,475611
2016-10-24,4.9131,4.8308,5.0945,4.7194,357050
2016-10-25,4.7706,4.43,4.84,3.79,653781
2016-10-26,4.315,4.6827,4.783,4.1495,436511
2016-10-27,4.9136,4.71,5.02,4.582,231862
2016-10-28,4.7962,4.82,4.9,4.6222,245006
2016-10-31,4.7951,4.879,4.8881,4.698,118296
2016-11-01,5.055,5.21,5.21,4.96,257106
2016-11-02,5.377,5.2763,5.5,5.2028,319744
2016-11-03,5.2158,5.18,5.38,5.1,174312
2016-11-04,5.1438,5.15,5.4,4.9164,219659
2016-11-07,5.3106,5.4,5.5,5.27,299717
2016-11-08,5.4741,5.8242,6.48,5.4,571058
2016-11-09,5.3948,6.17,6.2389,5.0,595538
2016-11-10,6.3065,6.75,6.8059,6.2473,654962
2016-11-11,6.8735,6.92,7.9,6.5,745681
2016-11-14,7.3326,8.49,8.49,6.6,910039
2016-11-15,9.1289,10.023,10.18,8.6,1134813
2016-11-16,10.2847,8.5,14.39,6.995,1785392
2016-11-17,9.2254,9.687,9.9,8.25,625789
2016-11-18,9.9852,9.2962,10.99,8.7444,510635
2016-11-21,8.9503,7.7993,9.95,7.6812,731254
2016-11-22,6.928,6.3,7.8,5.925,1204998
2016-11-23,5.7036,7.69,7.748,5.58,776798
2016-11-25,7.981,7.731,8.19,7.52,220264
2016-11-28,8.148,8.33,8.4048,8.0,285017
2016-11-29,8.487,8.39,8.57,8.06,322333
2016-11-30,8.341,8.7801,8.7801,8.2,327032
2016-12-01,8.95,8.556,9.3246,8.3374,660154
2016-12-02,8.777,8.5611,8.8564,8.4,257080
2016-12-05,8.42,8.13,8.48,8.0132,214100
2016-12-06,8.021,7.5485,8.15,7.36,437796
2016-12-07,7.288,8.0808,8.1051,7.2536,351582
2016-12-08,8.2232,7.5732,8.33,7.56,352126
2016-12-09,7.5969,7.4903,7.9,7.4428,207278
2016-12-12,7.5783,7.62,7.725,7.37,96058
2016-12-13,7.87,8.2,8.22,7.6933,362689
2016-12-14,8.5138,7.7362,8.61,7.6378,307300
2016-12-15,7.6656,7.7225,7.9,7.47,160637
2016-12-16,7.6995,7.5353,7.71,7.51,160741
2016-12-19,7.5,7.15,7.55,7.01,336739
2016-12-20,6.9227,6.8738,7.0661,6.3545,365925
2016-12-21,6.8621,6.6037,6.88,6.6037,101484
2016-12-22,6.4792,6.8568,7.0448,6.4792,143420
2016-12-23,6.92,6.904,7.04,6.88,102646
2016-12-27,6.92,7.192,7.21,6.91,113408
2016-12-28,7.2,6.85,7.22,6.8453,169155
2016-12-29,6.8427,6.75,6.88,6.6175,111668
2016-12-30,6.75,6.82,6.8631,6.73,127447
2017-01-03,6.8815,7.0,7.04,6.8199,129066
2017-01-04,7.134,7.618,7.618,7.09,256123
2017-01-05,7.6706,7.4833,7.85,7.3522,260676
2017-01-06,7.4851,7.388,7.5501,7.3,176333
2017-01-09,7.4355,7.49,7.63,7.4,211297
2017-01-10,7.5343,7.4119,7.5807,7.3603,272968
2017-01-11,7.46,7.3554,7.4753,7.27,198324
2017-01-12,7.46,7.34,7.5,7.1757,126716
2017-01-13,7.3292,7.39,7.44,7.26,107429
2017-01-17,7.6401,7.6426,7.6991,7.5647,210710
2017-01-18,7.649,7.38,7.7,7.36,155797
2017-01-19,7.3649,7.3,7.52,7.286,94533
2017-01-20,7.3354,7.5663,7.5663,7.22,98906
2017-01-23,7.6013,7.8191,7.8232,7.5683,214235
2017-01-24,7.8299,7.72,7.95,7.6,184984
2017-01-25,7.6779,7.733,7.8148,7.5516,114420
2017-01-26,7.676,7.6206,7.81,7.61,123121
2017-01-27,7.631,7.578,7.65,7.5498,124092
2017-01-30,7.512,7.4718,7.66,7.4,153317
2017-01-31,7.6044,7.607,7.7,7.5332,144906
2017-02-01,7.8056,7.6934,7.855,7.616,163627
2017-02-02,7.859,7.7983,7.86,7.7433,137822
2017-02-03,7.851,8.07125,8.08,7.81,249181
2017-02-06,8.1219,8.8857,8.9,8.0575,531595
2017-02-07,8.813,8.7323,9.35,8.62,762076
2017-02-08,8.7815,9.05,9.0956,8.7705,297423
2017-02-09,9.3,9.1863,9.3,9.0908,316944
2017-02-10,9.295,9.48,9.5,9.26,427250
2017-02-13,9.6458,9.9206,10.14,9.5952,863309
2017-02-14,10.1633,9.12875,10.25,8.88,1108096
2017-02-15,9.206,9.26,9.28,8.8,533205
2017-02-16,9.3951,9.63,9.72625,9.3491,392570
2017-02-17,9.5949,9.63,9.7293,9.3998,251494
2017-02-21,9.7283,9.726,9.8,9.63,400704
2017-02-22,9.7118,9.49,9.75,9.2944,469024
2017-02-23,9.6185,9.35,9.65,9.35,168955
2017-02-24,9.157,8.91,9.19,8.4969,717712
2017-02-27,8.9711,9.41,9.42,8.7,284802
2017-02-28,9.3288,8.9059,9.45,8.83,295398
2017-03-01,8.9514,8.91,9.13,8.8411,224862
2017-03-02,8.91,8.83,8.9812,8.779,159309
2017-03-03,8.8979,8.79875,8.9601,8.7385,193608
2017-03-06,8.8508,8.7686,8.86,8.52,219485
2017-03-07,8.5048,8.1421,8.6198,8.03,491099
2017-03-08,7.7035,7.76,7.92,7.0995,786374
2017-03-09,7.6897,8.1677,8.21,7.6057,206728
2017-03-10,8.3965,8.0699,8.413,7.9943,167801
2017-03-13,8.3271,8.251472,8.38,8.2,207934
2017-03-14,8.337,8.21,8.3589,8.1701,142130
2017-03-15,8.2442,8.14,8.2783,8.04,111190
2017-03-16,8.27,8.3,8.42,8.22,153587
2017-03-17,8.3912,7.9994,8.41,7.9977,155481
2017-03-20,8.0118,7.73,8.15,7.71,287719
2017-03-21,7.827,7.3612,7.87,7.357,387824
2017-03-22,7.306,7.318,7.45,7.1241,323760
2017-03-23,7.54,7.62,7.65,7.44,203936
2017-03-24,7.6437,7.3665,7.69,7.33,167244
2017-03-27,8.2236,8.2,8.24,7.81,562671
2017-03-28,8.4125,8.16,8.43,7.9844,410045
2017-03-29,8.1248,8.07,8.18,7.9803,173290
2017-03-30,8.0985,7.83,8.12,7.77,269807
2017-03-31,7.76,8.0,8.0,7.6656,184636
2017-04-03,7.9355,7.627,7.99,7.6263,320657
2017-04-04,7.5889,7.5145,7.66,7.43,287740
2017-04-05,7.533,7.487,7.78,7.4348,263602
2017-04-06,7.4875,7.6638,7.6844,7.42,234863
2017-04-07,7.7346,7.6446,7.772084,7.52,232548
2017-04-10,7.7122,8.17,8.2,7.5453,530079
2017-04-11,8.2846,7.73,8.38,7.6488,421108
2017-04-12,7.7943,7.7378,7.87,7.5486,229326
2017-04-13,7.7199,7.459,7.82,7.301,338858
2017-04-17,7.4633,7.22,7.49,7.171,367977
2017-04-18,7.1118,7.2275,7.3,7.02,304029
2017-04-19,7.3032,7.6,7.6943,7.28,303362
2017-04-20,7.5432,7.3506,7.58,7.31,301139
2017-04-21,7.3925,7.312,7.4125,7.2905,185883
2017-04-24,7.3572,7.2624,7.48,7.24,167837
2017-04-25,7.2332,6.9901,7.27,6.881,470700
2017-04-26,6.9568,6.7375,6.98,6.6522,304451
2017-04-27,6.6831,6.5101,6.70375,6.5,354514
2017-04-28,6.4956,6.662,6.7,6.4849,247845
2017-05-01,6.7153,6.69,6.77,6.65,265840
2017-05-02,6.7034,6.6425,6.8183,6.6,204242
2017-05-03,6.6882,6.646,6.75,6.64,145073
2017-05-04,6.7024,6.63,6.72,6.51,115018
2017-05-05,6.5865,6.54,6.619,6.49,127670
2017-05-08,6.515,6.35,6.56,6.25,371166
2017-05-09,6.3479,6.0293,6.4,5.9954,504828
2017-05-10,6.008,5.7,6.03,5.679,574039
2017-05-11,5.4808,6.2499,6.27,5.3619,474810
2017-05-12,6.3385,5.92,6.43,5.92,234730
2017-05-15,6.0038,6.05,6.1636,5.9136,165949
2017-05-16,6.0968,6.1275,6.1709,5.9928,130072
2017-05-17,6.1054,5.99,6.10875,5.9524,144271
2017-05-18,5.934,5.9804,6.11,5.84,108580
2017-05-19,5.9878,6.02,6.1,5.95,106927
2017-05-22,6.01,6.02,6.04,5.96,130240
2017-05-23,6.0119,5.9767,6.09,5.9484,113895
2017-05-24,5.9926,5.9225,6.03,5.88,123215
2017-05-25,5.9264,5.689,5.95,5.649,216938
2017-05-26,5.629,5.93,6.02,5.5982,121317
2017-05-30,5.8207,5.68,5.86,5.68,153700
2017-05-31,5.667,5.5,5.7,5.46,199835
2017-06-01,5.4123,5.609,5.6792,5.4033,93900
2017-06-02,5.579,5.56,5.68,5.51,81321
2017-06-05,5.547,5.45,5.58,5.34,175496
2017-06-06,5.335,5.0799,5.46,4.961,444263
2017-06-07,4.9509,5.3014,5.43,4.8995,301151
2017-06-08,5.3706,5.449,5.5,5.22,235784
2017-06-09,5.4623,5.83,5.98,5.38,169249
2017-06-12,5.9442,6.0356,6.1192,5.88,171669
2017-06-13,6.0952,5.8567,6.2308,5.83,220718
2017-06-14,5.855,5.769,6.0,5.67,111945
2017-06-15,5.692,5.6632,5.71,5.58,85931
2017-06-16,5.668,5.8896,5.92,5.66,97642
2017-06-19,5.9822,6.009,6.11,5.895,228602
2017-06-20,5.9713,5.9684,6.065,5.8401,73686
2017-06-21,5.9462,6.16,6.16,5.91,114979
2017-06-22,6.26,6.48,6.4913,6.24,174468
2017-06-23,6.4699,6.35,6.501,6.2475,143933
2017-06-26,6.5676,6.389,6.669,6.32,247086
2017-06-27,6.08,6.069,6.24,5.9345,281368
2017-06-28,6.065,6.26,6.35,5.97,108155
2017-06-29,6.3238,6.1257,6.339,6.0301,89155
2017-06-30,6.075,6.135,6.149,6.0209,82848
2017-07-03,6.1,6.24,6.28,6.1,61653
2017-07-05,6.2485,6.189,6.29,6.15,106334
2017-07-06,6.2,6.1,6.22,6.07,78585
2017-07-07,6.126,6.0756,6.19,6.041,64387
2017-07-10,6.0819,6.0897,6.11,5.9989,71330
2017-07-11,6.1,6.07,6.12,6.0099,77126
2017-07-12,6.07,6.292,6.32,6.07,142002
2017-07-13,6.2426,6.1835,6.3,6.1708,93762
2017-07-14,6.1821,6.2034,6.25,6.18,94962
2017-07-17,6.2465,6.4699,6.529,6.21,191957
2017-07-18,6.4914,6.469,6.6197,6.35,169034
2017-07-19,6.51,6.6159,6.6922,6.4926,165649
2017-07-20,6.668,6.56,6.7,6.51,124273
2017-07-21,6.5286,6.57,6.5706,6.5,95502
2017-07-24,6.6312,6.8693,6.9,6.6,241023
2017-07-25,6.9011,6.999,7.1,6.84,287497
2017-07-26,7.0339,7.3425,7.36,7.0099,293208
2017-07-27,7.4153,7.129,7.6272,7.0453,449458
2017-07-28,7.18,7.32,7.4499,7.1271,201425
2017-07-31,7.3651,7.249,7.41,7.1507,133416
2017-08-01,7.2323,7.1727,7.27,6.9963,231214
2017-08-02,7.136,7.1684,7.1689,7.03,121715
2017-08-03,7.1417,7.04,7.15,6.9972,125915
2017-08-04,6.9984,7.02,7.154,6.9835,146685
2017-08-07,6.84,7.05,7.14,7.02,95889
2017-08-08,7.09,7.1588,7.255,7.0296,179412
2017-08-09,7.1372,7.13,7.2,7.06,90859
2017-08-10,7.16,7.0519,7.15,7.0519,118244
2017-08-11,7.06,6.95,7.09,6.95,107441
2017-08-14,6.9135,7.05,7.08,6.78,213394
2017-08-15,7.08,6.9934,7.09,6.911,132127
2017-08-16,7.0244,7.0508,7.0582,6.901,94595
2017-08-17,7.0168,6.9525,7.06,6.9525,76011
2017-08-18,6.995,6.96,7.0666,6.95,83477
2017-08-21,6.9129,6.7892,6.94,6.64,270913
2017-08-22,6.8,6.93,6.93,6.661,142364
2017-08-23,6.97,7.15,7.15,6.9127,196809
2017-08-24,7.1503,7.07,7.1984,6.93,109853
2017-08-25,7.1,7.089,7.13,7.03,42514
2017-08-28,7.0373,7.137,7.1704,7.0373,86752
2017-08-29,7.13,7.0609,7.15,7.02,76831
2017-08-30,7.0378,7.029,7.06,6.97,67114
2017-08-31,7.06,7.18,7.18,7.02,285170
2017-09-01,7.265,7.21,7.27,7.2,168130
2017-09-05,7.2369,7.2497,7.2963,7.22,144649
2017-09-06,7.2328,7.45,7.512,7.25,194328
2017-09-07,7.5106,7.439,7.54,7.4148,142778
2017-09-08,7.5326,7.569,7.806,7.4994,264336
2017-09-11,7.645,7.8184,7.8184,7.58,327250
2017-09-12,7.865,8.3,8.3386,7.85,506313
2017-09-13,8.4233,8.199,8.5774,8.07,501850
2017-09-14,8.235,8.26,8.3485,8.05,222020
2017-09-15,8.395,8.417,8.5,8.3195,349042
2017-09-18,8.51,8.61,8.67,8.42,433930
2017-09-19,8.67,8.7959,8.8558,8.58,462671
2017-09-20,8.835,8.61,8.86,8.5376,378469
2017-09-21,8.63,8.4705,8.669,8.35,343610
2017-09-22,8.485,8.474,8.599073,8.32,227159
2017-09-25,8.455,8.519,8.726,8.4457,262951
2017-09-26,8.565,8.57,8.606,8.487,189014
2017-09-27,8.57,8.65,8.7297,8.57,199251
2017-09-28,8.6467,8.63,8.6802,8.5448,153287
2017-09-29,8.615,8.5948,8.64,8.5063,161365
2017-10-02,8.615,9.05,9.0536,8.59,365442
2017-10-03,9.105,9.16,9.4046,8.97,494711
2017-10-04,9.2763,9.52,9.539,9.1532,357661
2017-10-05,9.545,10.092,10.15,9.32,982060
2017-10-06,10.255,9.9446,10.506,9.4171,936700
2017-10-09,10.17,10.34,10.34,10.0827,436547
2017-10-10,10.38,10.2622,10.41,10.0176,461610
2017-10-11,10.145,10.91,11.0105,10.12,887498
2017-10-12,10.9,10.4861,11.01,10.3,747061
2017-10-13,10.295,10.31,10.4675,10.05,581164
2017-10-16,10.475,10.5,10.6397,10.3961,352825
2017-10-17,10.3,10.006,10.4,9.41,944535
2017-10-18,9.885,9.81,9.9797,9.6445,422538
2017-10-19,9.775,9.4548,9.78,9.3722,548274
2017-10-20,9.475,10.12,10.21,9.46,444363
2017-10-23,10.295,10.2355,10.4907,10.1488,583144
2017-10-24,10.345,10.1999,10.38,10.0,264554
2017-10-25,10.305,10.19,10.32,10.03,236223
2017-10-26,10.185,10.0968,10.23,10.04,314917
2017-10-27,10.075,9.99,10.0778,9.8445,355917
2017-10-30,10.98,11.9036,12.1674,10.98,2107579
2017-10-31,12.04,12.57,13.2395,11.8661,3280134
2017-11-01,12.94,12.7934,13.2099,12.3693,1370409
2017-11-02,12.03,12.6073,12.941,12.03,798178
2017-11-03,12.505,13.2706,13.29,12.478,929800
2017-11-06,13.435,15.2497,15.2743,13.43,2308131
2017-11-07,15.525,15.4819,16.98,14.9875,2918717
2017-11-08,15.785,15.46,16.5,14.98,2143144
2017-11-09,15.308,15.26,15.681,14.1922,1391744
2017-11-10,15.425,15.797,16.05,15.32,963832
2017-11-13,15.935,15.9944,16.3212,15.8153,1160127
2017-11-14,15.735,15.69,16.04,15.1443,1351324
2017-11-15,15.21,14.4648,15.3,14.2394,1772051
2017-11-16,14.165,13.52,14.23,13.0464,2300270
2017-11-17,14.15,14.45,14.8743,13.06,1640120
2017-11-20,14.795,14.519,15.07,14.3433,969357
2017-11-21,14.6,14.3651,14.67,14.15,651292
2017-11-22,14.45,15.241,15.29,14.4,993898
2017-11-24,15.13,15.0,15.13,14.8463,499928
2017-11-27,15.165,15.44,15.7243,15.0884,1179864
2017-11-28,15.64,14.7279,15.9,12.6,1194072
2017-11-29,14.43,13.6298,14.5602,12.97,1051675
2017-11-30,13.435,14.279,14.5,13.3448,873118
2017-12-01,14.595,14.201,14.7088,14.1,581123
2017-12-04,14.505,14.38,14.55,14.19,489217
2017-12-05,14.28,14.79,15.1062,14.28,876462
2017-12-06,14.815,14.379,14.85,14.2474,462999
2017-12-07,14.31,14.24,14.58,14.12,453603
2017-12-08,14.68,15.1,15.19,14.601,747687
2017-12-11,15.26,15.499,15.58,14.9454,960238
2017-12-12,15.55,15.55,15.7,15.2761,592799
2017-12-13,15.56,14.95,15.59,14.8489,712926
2017-12-14,14.95,15.35,15.42,14.95,374751
2017-12-15,15.33,15.1468,15.4,14.94,419404
2017-12-18,15.42,16.0294,16.09,15.37,944318
2017-12-19,16.025,17.0,17.0791,13.93,1378067
2017-12-20,17.1,16.46,17.2626,15.41,1028125
2017-12-21,16.51,17.1908,17.239,16.2954,717844
2017-12-22,17.385,18.14,18.6454,17.15,1584534
2017-12-26,18.595,19.55,19.98,18.59,1251984
2017-12-27,19.525,21.9907,22.33,19.1569,2185430
2017-12-28,22.605,24.2,24.45,21.53,2630437
2017-12-29,23.2019,23.68,26.37,20.6868,4627591
2018-01-02,24.265,25.88,25.89,20.84,2325263
2018-01-03,24.67,28.6497,28.884,25.73,3038074
2018-01-04,28.415,25.89,28.57,23.19,4691951
2018-01-05,23.0,27.39,28.0908,22.925,2384404
2018-01-08,27.645,32.11,32.11,27.25,3261369
2018-01-09,32.45,33.87,35.3436,23.0,4261111
2018-01-10,34.835,33.43,35.88,32.15,1901067
2018-01-11,32.007,30.05,32.8193,29.8927,3691857
2018-01-12,30.46,25.91,34.8,24.4191,5503969
2018-01-16,28.05,29.2593,31.476,27.99,2840762
2018-01-17,30.95,30.2423,33.947,28.5,1371242
2018-01-18,29.645,29.75,30.05,28.5974,1235135
2018-01-19,30.43,29.951,31.0,29.81,624758
2018-01-22,30.035,30.05,30.55,29.31,849927
2018-01-23,29.575,29.49,33.497,28.75,976215
2018-01-24,29.165,28.33,29.8,27.9903,1180256
2018-01-25,27.965,25.6715,28.67,25.1418,2154846
2018-01-26,25.335,28.32,28.4884,24.8968,1747314
2018-01-29,28.255,26.84,28.89,25.5,1530844
2018-01-30,25.675,24.7368,26.5306,22.7203,1649616
2018-01-31,23.85,25.2027,26.2572,23.84,1132080
2018-02-01,24.945,22.45,25.7817,22.0,2587164
2018-02-02,21.73,19.39,22.18,18.83,3883317
2018-02-05,18.0,19.3468,22.15,16.7366,3190461
2018-02-06,19.825,23.0,23.0169,19.4,1819421
2018-02-07,24.925,21.9996,25.0076,21.1,2036334
2018-02-08,22.48,21.44,23.0012,20.8985,910737
2018-02-09,21.3,22.35,25.31,19.9907,1589516
2018-02-12,22.235,21.3921,23.3874,21.0961,940146
2018-02-13,21.45,21.2053,21.7732,20.74,740851
2018-02-14,22.345,21.75,22.5799,21.6923,827978
2018-02-15,22.165,22.49,22.5,21.7427,550849
2018-02-16,21.3,21.18,22.31,21.0556,980479
2018-02-20,21.76,23.42,23.75,21.21,1473424
2018-02-21,23.46,22.5943,23.6,22.2039,845608
2018-02-22,22.66,22.34,23.34,22.23,615916
2018-02-23,22.67,22.04,23.12,21.895,773816
2018-02-26,22.385,21.55,22.395,21.34,913012
2018-02-27,21.275,20.6362,21.377425,20.07,1383316
2018-02-28,20.44,21.32,21.68,6.171509,771261
2018-03-01,21.31,23.35,23.38,21.01584,1300746
2018-03-02,23.03,22.52222,23.21,22.21999,1046062
2018-03-05,22.715,24.917,25.1,22.482,1735439
2018-03-06,26.225,25.6,26.7754,25.27,1873602
2018-03-07,24.935,24.3513,26.05,24.1975,981644
2018-03-08,24.635,24.659,25.17,23.6996,595709
2018-03-09,24.855,24.1598,25.23,24.013,564859
2018-03-12,24.5,25.2804,25.32617,23.4958,705701
2018-03-13,25.0299,24.54361,25.46,24.3817,524241
2018-03-14,24.655,24.0,24.76,23.87,365111
2018-03-15,23.9491,23.91445,24.51,23.6109,465264
2018-03-16,23.94,24.46,25.25,23.61,604471
2018-03-19,25.015,25.8,25.89917,24.49,951008
2018-03-20,25.905,25.2359,26.2052,25.0833,624084
2018-03-21,25.31,25.66,25.94,25.0492,516259
2018-03-22,25.4,24.5,25.9,24.24,833559
2018-03-23,26.265,25.9,26.68,25.58,1291474
2018-03-26,26.345,26.62,26.84,25.9,706566
2018-03-27,26.545,25.78,27.0,25.4955,611159
2018-03-28,25.46,24.99,25.78,24.2985,801263
2018-03-29,25.11,26.1225,26.553,24.75,690070
2018-04-02,25.445,24.82,32.78,24.38,880827
2018-04-03,24.735,21.848,25.7118,21.5,1797432
2018-04-04,21.205,21.6287,22.4104,19.7818,2106940
2018-04-05,22.155,22.3,22.7252,21.35,885176
2018-04-06,22.305,21.64,22.365,20.96,839790
2018-04-09,21.94,20.25,22.38,20.16267,995326
2018-04-10,20.13,21.8015,22.2041,18.9302,1913936
2018-04-11,21.89,21.9959,22.55,21.3,741578
2018-04-12,22.3,22.0349,22.6,21.8447,448884
2018-04-13,22.174187,23.64,24.3,21.8,1306842
2018-04-16,24.615,24.5852,25.1,21.98,903581
2018-04-17,24.52,23.8,24.95,23.5648,723033
2018-04-18,23.85,24.2268,24.49,23.58,526640
2018-04-19,24.3,23.905,24.45,23.48,522810
2018-04-20,23.655,23.53804,24.24,23.5,426375
2018-04-23,23.46,21.88,23.71,21.7704,869379
2018-04-24,21.85,21.969,22.5,21.44,441749
2018-04-25,21.9373,21.16,22.25,21.0438,574302
2018-04-26,21.4507,21.1108,21.64,20.9917,353636
2018-04-27,21.41,21.6999,21.74,21.0,299484
2018-04-30,21.585,23.44,23.45,21.4,783157
2018-05-01,23.125,22.95761,23.52,22.55,441466
2018-05-02,22.99,23.04,23.9,22.3739,609915
2018-05-03,22.53,23.26,23.6042,22.53,414732
2018-05-04,23.37,23.34,23.72,22.94,287057
2018-05-07,23.53,23.4996,24.0489,23.3,650474
2018-05-08,23.56,22.8401,23.87,22.7703,393569
2018-05-09,22.875,23.23123,23.5098,22.875,299398
2018-05-10,23.61,23.3003,23.7,23.1604,277677
2018-05-11,23.26,23.524768,23.89,23.2244,430231
2018-05-14,24.73,25.25,26.10277,24.46,1656073
2018-05-15,25.125,25.31,25.36804,24.75,694810
2018-05-16,25.43,25.02216,25.86,25.02,516391
2018-05-17,24.99,25.85632,26.3,24.51,1127084
2018-05-18,25.78,27.94,28.0039,25.634596,1916984
2018-05-21,29.01,30.35,31.15,28.0,2263245
2018-05-22,29.8,30.8114,30.8192,28.81,1881120
2018-05-23,30.31,30.2137,30.62,29.32,1301122
2018-05-24,30.85,28.2,31.31,28.11,2944963
2018-05-25,28.25,26.9,28.7399,26.7,2787137
2018-05-29,27.64,28.12,29.0,27.25,2603463
2018-05-30,28.41,28.88,28.9,28.05,2971397
2018-05-31,29.01,28.37,29.19,28.14,1359345
2018-06-01,28.5,29.12,29.3,28.31,1363379
2018-06-04,29.46,30.65,30.75,29.3,2825870
2018-06-05,30.56,30.59,31.86,29.15,3822387
2018-06-06,31.41,31.43,31.68,30.61,3942785
2018-06-07,31.67,30.27,31.9,29.61,4803241
2018-06-08,29.44,30.49,30.5,28.5,4170368
2018-06-11,30.13,29.55,30.14,29.3901,2653018
2018-06-12,29.21,29.6,30.16,28.9,2165972
2018-06-13,29.9,30.74,30.74,29.6,2210116
2018-06-14,30.03,29.49,30.5599,29.4,2423356
2018-06-15,29.59,29.87,29.95,29.19,1314087
2018-06-18,29.77,30.83,30.9424,29.55,1475073
2018-06-19,30.4,32.05,32.88,30.3,4519031
2018-06-20,33.71,34.1,34.14,31.42,7147616
2018-06-21,34.36,35.96,36.4,33.6,7546872
2018-06-22,35.99,32.77,36.55,32.7,7586398
2018-06-25,32.39,31.11,33.7,30.81,5149157
2018-06-26,30.97,30.95,31.65,30.0,3999785
2018-06-27,29.73,27.61,30.48,27.31,6755249
2018-06-28,27.44,30.64,30.64,27.25,7307063
2018-06-29,30.94,29.29,31.14,28.6804,4439471
2018-07-02,29.1,30.81,30.9999,28.6314,2556933
2018-07-03,30.17,29.57,30.35,29.29,2166434
2018-07-05,30.18,30.25,30.63,29.67,2601529
2018-07-06,29.96,30.04,30.3,29.71,1547062
2018-07-09,30.23,29.61,30.23,29.45,1378782
2018-07-10,29.61,29.06,29.61,28.86,1862014
2018-07-11,28.7645,29.59,29.87,28.27,3562798
2018-07-12,30.41,29.59,30.44,29.5,3521406
2018-07-13,29.45,28.83,29.5,28.5,2643145
2018-07-16,28.69,27.61,28.7,27.01,3550546
2018-07-17,27.28,26.46,27.35,26.3,3608519
2018-07-18,26.24,26.61,27.17,25.17,3682833
2018-07-19,26.17,25.42,26.67,25.35,2942183
2018-07-20,25.18,24.31,26.0,24.21,4749495
2018-07-23,24.43,25.65,26.3,24.4,4113493
2018-07-24,26.29,25.2,26.29,24.36,3699979
2018-07-25,24.75,25.68,25.86,24.75,1829849
2018-07-26,25.29,25.14,25.5,24.88,1161216
2018-07-27,26.16,25.66,26.4,25.46,1550993
2018-07-30,26.18,26.09,26.73,25.75,2260583
2018-07-31,26.04,26.33,26.449,25.58,1640714
2018-08-01,26.6,25.87,26.76,25.8,1969617
2018-08-02,25.55,26.46,26.55,25.27,1613792
2018-08-03,26.46,26.09,26.48,25.81,884363
2018-08-06,26.13,26.38,26.4999,26.0,656900
2018-08-07,26.38,26.21,26.65,26.08,1159225
2018-08-08,26.38,27.55,27.96,26.3,2860103
2018-08-09,27.96,28.58,28.68,27.5704,2742024
2018-08-10,28.4,28.25,28.76,27.89,1619426
2018-08-13,28.35,26.73,28.37,26.36,3071564
2018-08-14,25.96,24.62,26.37,24.46,5271317
2018-08-15,32.62,32.11,33.0,29.05,35500036
2018-08-16,32.23,30.92,33.0,30.75,10906803
2018-08-17,30.51,33.75,33.88,30.2,11503583
2018-08-20,34.4,37.54,37.65,34.16,20413577
2018-08-21,38.83,38.67,40.26,37.28,21045851
2018-08-22,38.11,40.08,40.4,36.65,15860610
2018-08-23,40.35,41.52,42.74,39.0924,17519938
2018-08-24,42.65,45.0,45.92,42.14,24268707
2018-08-27,47.64,46.32,48.19,45.08,22460841
2018-08-28,43.64,43.2,44.85,41.15,21790445
2018-08-29,44.6,46.4,46.4,43.36,14129816
2018-08-30,44.75,44.48,46.12,43.12,15195270
2018-08-31,44.46,45.72,46.38,44.25,14127359
2018-09-04,47.05,52.4,52.488,46.41,23303910
2018-09-05,55.69,52.0,56.5999,48.63,37709185
2018-09-06,50.06,50.67,51.22,47.85,17103776
2018-09-07,49.65,51.53,52.74,48.8,13101639
2018-09-10,52.24,52.25,53.29,51.24,10659212
2018-09-11,52.02,51.21,52.13,49.78,10592652
2018-09-12,50.43,51.05,52.0,48.7201,11715637
2018-09-13,50.94,44.07,51.48,43.77,20482524
2018-09-14,40.74,47.19,47.62,40.68,22429634
2018-09-17,49.19,48.6,50.21,46.56,15841732
2018-09-18,49.88,51.89,52.42,49.04,21025238
2018-09-19,54.68,49.35,55.69,46.2,36435574
2018-09-20,50.39,52.4,52.4,48.54,19080533
2018-09-21,50.5,49.78,51.59,49.4,11502908
2018-09-24,48.4,52.5,52.95,48.02,11709667
2018-09-25,54.02,52.74,55.0,52.591,12930953
2018-09-26,53.07,51.98,53.49,51.0862,7548495
2018-09-27,50.97,49.42,51.0365,48.9,14664448
2018-09-28,48.5,48.64,51.21,48.42,9778962
2018-10-01,50.12,48.85,51.1475,48.496,9344223
2018-10-02,48.79,45.74,49.46,44.9,10450138
2018-10-03,46.74,49.28,49.2864,45.93,8034199
2018-10-04,49.7,48.32,50.21,47.63,9950778
2018-10-05,48.57,47.49,49.29,46.42,5646254
2018-10-08,47.9,50.41,50.99,47.49,8203415
2018-10-09,50.06,48.72,50.2399,48.35,7951611
2018-10-10,48.53,47.86,49.88,46.63,8910301
2018-10-11,46.69,47.14,48.34,46.52,5835042
2018-10-12,48.03,49.8,49.96,47.74,8054857
2018-10-15,50.32,56.89,57.0,50.32,23960978
2018-10-16,58.75,53.01,59.25,51.26,37614508
2018-10-17,50.25,50.69,52.87,48.3,21214570
2018-10-18,50.12,48.91,52.3753,48.5,12430923
2018-10-19,49.84,46.85,51.21,45.43,17448729
2018-10-22,46.64,41.6,47.83,39.71,25841965
2018-10-23,37.14,41.01,42.38,36.6201,26605015
2018-10-24,42.33,37.76,42.43,37.61,12447700
2018-10-25,37.48,39.47,41.059,37.45,9832837
2018-10-26,38.73,38.7,40.37,37.35,8200132
2018-10-29,39.31,33.07,39.7,32.31,16708751
2018-10-30,32.01,33.97,34.92,31.82,12123187
2018-10-31,35.32,36.89,37.37,34.62,11769864
2018-11-01,37.23,37.03,38.2783,35.85,8829030
2018-11-02,37.43,37.14,38.175,35.87,6357404
2018-11-05,37.39,40.09,40.3,36.37,8095679
2018-11-06,40.39,42.59,43.94,39.19,19666519
2018-11-07,44.4,46.07,46.74,41.24,26948471
2018-11-08,44.59,42.45,45.17,42.08,13183849
2018-11-09,41.27,39.14,41.32,38.77,12105932
2018-11-12,39.79,39.18,40.55,37.35,9076886
2018-11-13,38.5,38.48,40.04,38.245,6641537
2018-11-14,35.52,34.3,37.12,32.08,20133252
2018-11-15,34.03,35.33,36.9,33.11,9990509
2018-11-16,35.25,35.21,36.24,34.58,6270035
2018-11-19,34.93,32.77,35.19,32.22,8584272
2018-11-20,30.58,32.16,33.57,30.26,9788093
2018-11-21,32.85,33.74,34.62,32.8,6338935
2018-11-23,33.4,33.56,34.85,33.08,3361575
2018-11-26,34.53,31.55,34.64,31.41,7322483
2018-11-27,31.65,31.7,32.53,30.95,5070728
2018-11-28,32.5,34.0,34.0,32.26,6815027
2018-11-29,33.95,33.18,34.12,32.35,6198017
2018-11-30,33.04,33.55,33.95,32.36,4012768
2018-12-03,34.5,33.33,35.18,32.36,10850225
2018-12-04,32.86,31.45,33.16,31.22,6717241
2018-12-06,28.79,30.34,30.65,28.1,10718209
2018-12-07,32.39,31.4,32.55,30.8,6149575
2018-12-10,31.46,31.02,32.17,30.21,4580159
2018-12-11,31.69,33.16,33.35,31.16,7954047
2018-12-12,33.65,32.03,33.65,32.01,5723721
2018-12-13,32.64,30.82,32.66,30.53,5493149
2018-12-14,30.4,30.92,32.09,29.71,4628075
2018-12-17,30.52,29.37,31.2799,29.06,5272989
2018-12-18,29.74,29.23,30.09,28.31,5925131
2018-12-19,29.325,28.1,29.8399,27.87,4117785
2018-12-20,27.93,27.6,28.8,26.78,5681595
2018-12-21,28.43,26.22,28.46,25.77,6328141
2018-12-24,25.36,26.81,27.55,25.2636,3553963
2018-12-26,27.19,27.36,27.64,25.5603,3969505
2018-12-27,27.1,26.81,27.55,25.62,3802393
2018-12-28,27.12,27.37,28.06,26.19,4353686
2018-12-31,27.69,26.87,27.75,26.5,3912299
2019-01-02,26.52,28.92,29.3,26.3,4978603
2019-01-03,29.07,28.11,29.27,28.1,4638362
2019-01-04,28.71,28.23,28.93,28.01,4566018
2019-01-07,28.55,28.9,29.69,28.25,5208369
2019-01-08,29.55,29.64,29.73,28.01,5572814
2019-01-09,30.42,33.6,33.83,29.96,17200997
2019-01-10,34.37,37.55,38.03,33.23,27684879
2019-01-11,37.43,38.25,40.08,36.62,19640853
2019-01-14,38.18,42.49,43.5596,36.86,33634331
2019-01-15,43.3,41.3,44.88,40.81,27208511
2019-01-16,41.68,42.1,42.66,40.55,10469069
2019-01-17,41.25,42.77,44.4,40.8,11670408
2019-01-18,44.09,43.52,45.2,43.16,11627868
2019-01-22,43.55,43.66,44.62,42.79,8814558
2019-01-23,43.97,43.45,44.6,42.5441,7282967
2019-01-24,43.03,44.21,44.25,43.01,6307521
2019-01-25,46.24,48.48,49.0,45.75,18868427
2019-01-28,47.83,50.77,50.99,47.56,17703334
2019-01-29,50.38,47.13,50.91,46.13,17105917
2019-01-30,47.51,48.02,49.46,46.76,12474438
2019-01-31,48.4,48.98,49.41,47.68,9757532
2019-02-01,49.66,48.88,50.49,48.77,11266025
2019-02-04,49.21,49.72,51.81,48.8824,14565923
2019-02-05,49.27,48.64,49.86,47.571,10687650
2019-02-06,47.26,46.53,47.62,44.63,12778569
2019-02-07,44.94,46.93,47.89,44.9,8559553
2019-02-08,46.37,45.47,46.94,45.23,5561056
2019-02-11,45.74,42.94,45.76,42.08,12055551
2019-02-12,42.1,43.84,44.85,41.68,7666197
2019-02-13,44.86,46.05,46.74,44.57,8781612
2019-02-14,46.69,46.12,47.04,44.7,9447667
2019-02-15,48.75,47.56,49.86,46.51,20622952
2019-02-19,46.5,46.39,46.99,45.7,9948262
2019-02-20,46.29,46.27,47.22,45.86,6082197
2019-02-21,45.2,45.04,45.9799,44.77,6096566
2019-02-22,45.5,44.54,45.74,44.02,7290036
2019-02-25,44.49,43.86,44.5,42.91,5329264
2019-02-26,43.41,46.26,46.31,43.32,6654305
2019-02-27,46.35,45.75,46.52,45.09,4843347
2019-02-28,47.02,47.41,47.99,46.74,8950135
2019-03-01,47.96,47.05,48.4,46.72,5146105
2019-03-04,47.52,46.8,47.78,45.65,5592850
2019-03-05,46.25,47.88,48.26,46.25,5900991
2019-03-06,47.51,46.14,48.9,45.96,6773605
2019-03-07,46.25,45.13,46.25,44.47,5571402
2019-03-08,43.97,45.4,45.5,43.71,3895306
2019-03-11,45.52,46.01,46.1699,44.89,3428710
2019-03-12,45.82,46.76,47.98,45.68,7100191
2019-03-13,47.46,46.08,48.01,45.76,6541659
2019-03-14,45.95,45.52,46.46,44.97,4845751
2019-03-15,45.52,45.89,45.9,45.06,4110478
2019-03-18,45.88,45.69,46.63,45.07,4445056
2019-03-19,46.1,46.11,46.76,45.56,5072974
2019-03-20,45.93,46.87,48.6,45.67,14748745
2019-03-21,47.11,46.04,47.9,45.81,7249781
2019-03-22,45.8,44.38,46.14,44.303,6625132
2019-03-25,44.96,44.23,45.25,43.35,6016102
2019-03-26,44.59,44.7,44.72,43.68,3589047
2019-03-27,44.41,42.89,44.79,42.1,5498550
2019-03-28,42.265,42.37,43.05,40.56,6237431
2019-03-29,42.68,43.37,43.549,42.14,3526842
2019-04-01,43.69,42.48,43.69,42.3,4007624
2019-04-02,42.3,43.15,43.1766,42.05,2871960
2019-04-03,43.15,43.38,44.05,42.81,3119761
2019-04-04,43.06,43.31,44.17,42.83,2619487
2019-04-05,43.67,43.24,43.72,43.1406,2801975
2019-04-08,42.96,42.71,43.4,42.31,2993235
2019-04-09,42.29,41.75,42.7,41.19,3547931
2019-04-10,41.4,42.21,42.65,41.32,2200980
2019-04-11,41.94,40.08,42.17,39.66,7071341
2019-04-12,41.37,42.29,42.64,41.3,6649977
2019-04-15,41.93,40.73,42.08,40.33,3903609
2019-04-16,40.96,41.68,43.165,40.96,7617842
2019-04-17,43.17,42.85,43.28,41.96,7023647
2019-04-18,46.15,44.56,47.71,44.16,15488404
2019-04-22,45.9,48.25,48.7,45.07,11913280
2019-04-23,48.34,47.41,48.63,46.86,8244086
2019-04-24,47.27,48.37,48.66,46.64,6385776
2019-04-25,48.1,48.2,48.5241,47.5,4184989
2019-04-26,48.19,49.91,50.43,48.12,12612515
2019-04-29,49.9,52.03,52.6,49.02,13118012
2019-04-30,52.1,50.52,52.74,50.221,7731916
2019-05-01,50.7,50.68,51.66,50.18,5117042
2019-05-02,50.34,48.46,50.63,47.22,8862871
2019-05-03,49.08,49.08,49.52,48.62,3869532
2019-05-06,47.36,49.2,49.28,47.01,3631190
2019-05-07,48.71,47.55,48.8799,47.2,3854288
2019-05-08,47.5,48.04,48.46,47.26,3168562
2019-05-09,47.87,46.87,47.98,46.15,3882743
2019-05-10,46.84,47.48,47.51,45.88,4451309
2019-05-13,46.47,43.76,46.95,43.69,6441356
2019-05-14,44.75,45.3,45.7793,44.61,3852888
2019-05-15,45.25,45.4,45.95,44.19,3572537
2019-05-16,45.86,45.05,45.93,44.94,3235806
2019-05-17,44.78,44.61,45.33,44.33,2877518
2019-05-20,44.1,43.27,44.27,43.02,2622193
2019-05-21,44.26,44.99,44.99,43.9,2470698
2019-05-22,44.93,46.02,46.97,44.65,4594189
2019-05-23,45.35,44.56,45.695,43.93,3715711
2019-05-24,44.9,44.42,45.17,44.26,2228169
2019-05-28,44.49,44.64,45.78,44.38,3066847
2019-05-29,44.2,42.48,44.261,42.17,5416131
2019-05-30,42.66,42.18,43.5,42.1,2980058
2019-05-31,41.42,40.26,41.55,40.0,6244001
2019-06-03,40.29,38.73,40.8,38.38,6303935
2019-06-04,39.52,41.0,41.05,39.2,4010566
2019-06-05,41.81,40.83,41.86,39.9,4080269
2019-06-06,41.17,41.4,41.75,40.05,3176560
2019-06-07,41.6,42.19,42.53,41.54,3811727
2019-06-10,42.67,43.76,44.05,42.614,3817032
2019-06-11,44.13,42.95,44.17,42.37,2651900
2019-06-12,42.35,42.84,42.92,41.55,1933569
2019-06-13,42.74,41.86,43.23,41.55,2975956
2019-06-14,41.26,41.18,41.65,40.4497,2613353
2019-06-17,41.45,41.87,41.98,40.88,2484107
2019-06-18,42.12,42.04,42.62,41.81,2348659
2019-06-19,42.3,42.77,43.05,41.98,3241249
2019-06-20,43.87,43.71,43.94,42.47,6213058
2019-06-21,40.85,40.16,42.07,39.75,12477090
2019-06-24,40.32,40.57,40.66,38.44,6349637
2019-06-25,40.33,39.77,40.56,39.7,3421268
2019-06-26,39.87,39.73,39.87,39.04,3272514
2019-06-27,39.79,40.66,41.12,39.52,2894337
2019-06-28,41.49,40.31,41.65,40.15,2931669
2019-07-01,40.75,40.59,40.98,40.35,1721897
2019-07-02,40.32,40.08,40.41,39.55,2710028
2019-07-03,38.55,41.06,41.07,38.08,9984742
2019-07-05,40.56,40.16,40.65,39.83,3125682
2019-07-08,39.95,39.48,39.98,39.0,3642423
2019-07-09,39.02,39.12,39.44,38.11,5105699
2019-07-10,39.15,38.6,39.67,38.6,3448608
2019-07-11,38.52,37.09,38.8233,36.71,7434183
2019-07-12,36.25,34.21,36.5,34.04,14196959
2019-07-15,34.23,35.17,35.83,33.38,7097926
2019-07-16,35.26,35.56,36.22,34.8,4110624
2019-07-17,36.1,36.59,36.74,35.75,4734773
2019-07-18,36.35,35.8,36.4853,35.46,2740978
2019-07-19,35.78,35.49,36.15,35.37,2114239
2019-07-22,35.4,34.85,35.45,34.41,2809522
2019-07-23,34.76,35.52,35.61,34.46,2407608
2019-07-24,35.12,35.41,35.78,34.92,2022818
2019-07-25,35.11,35.08,36.31,35.02,2650192
2019-07-26,34.93,34.82,35.48,34.57,2720377
2019-07-29,34.82,33.5,34.82,32.88,4583855
2019-07-30,32.7794,33.2,34.08,32.28,3732030
2019-07-31,33.3049,32.64,33.9,32.6,3001143
2019-08-01,32.51,31.18,32.61,30.9,4603440
2019-08-02,31.8,32.71,32.76,31.56,3946176
2019-08-05,32.65,31.38,32.65,30.75,3139469
2019-08-06,31.88,32.39,33.32,31.81,3306304
2019-08-07,32.31,32.21,32.38,31.63,2550589
2019-08-08,33.1,32.86,33.33,32.4,2186441
2019-08-09,32.63,32.9,33.05,31.82,2993062
2019-08-12,32.51,32.87,32.92,31.92,2515199
2019-08-13,32.86,34.2,34.34,32.71,3676720
2019-08-14,32.81,31.93,33.25,31.29,5534290
2019-08-15,28.86,27.34,29.62,26.92,12182007
2019-08-16,27.76,28.11,28.57,27.44,4698805
2019-08-19,28.3,26.72,28.3,26.46,6024347
2019-08-20,27.0,27.22,27.76,26.81,5230389
2019-08-21,27.37,26.57,27.7,26.4207,5902118
2019-08-22,26.79,25.13,26.92,25.12,8225735
2019-08-23,24.95,24.89,26.1,24.39,7223351
2019-08-26,25.41,25.04,25.47,24.4132,5930522
2019-08-27,25.26,23.49,25.28,23.36,7182675
2019-08-28,23.31,24.2,24.37,22.7601,6834829
2019-08-29,24.5,24.13,24.75,23.983,4254098
2019-08-30,24.28,23.58,24.75,23.5,3759995
2019-09-03,23.42,24.88,24.9896,23.2,5080530
2019-09-04,25.13,24.58,25.43,24.02,5688133
2019-09-05,24.97,26.4,26.53,24.76,7465610
2019-09-06,26.86,27.66,28.155,26.27,7534996
2019-09-09,28.25,27.23,28.41,26.81,4610466
2019-09-10,26.92,27.43,27.59,26.36,3534767
2019-09-11,27.37,27.4,27.89,26.97,2919041
2019-09-12,26.72,26.53,27.2584,26.52,2498419
2019-09-13,26.75,27.46,27.48,26.54,2552039
2019-09-16,27.29,27.76,28.74,27.19,3847733
2019-09-17,28.3,28.37,28.63,27.78,3148839
2019-09-18,28.35,28.79,28.89,28.22,2851049
2019-09-19,28.63,26.34,28.75,26.27,5752275
2019-09-20,26.15,25.56,26.4,25.0,5574010
2019-09-23,25.24,25.6,26.05,25.02,2872192
2019-09-24,25.6,24.01,25.65,23.85,4810057
2019-09-25,24.01,24.69,24.72,23.1,3876283
2019-09-26,25.37,24.74,25.41,24.1,3442892
2019-09-27,23.95,23.83,25.12,23.71,5285581
2019-09-30,23.75,22.93,23.75,22.41,5436537
2019-10-01,22.64,21.83,22.91,21.62,5850060
2019-10-02,21.46,21.98,22.58,20.52,8138168
2019-10-03,21.98,23.38,23.43,21.52,5702550
2019-10-04,23.6,22.92,23.75,22.73,4081070
2019-10-07,22.69,22.23,22.76,21.91,3332975
2019-10-08,21.92,22.72,23.09,21.38,4757847
2019-10-09,22.8,22.83,23.17,22.38,2523221
2019-10-10,22.15,20.42,22.3198,20.42,9311176
2019-10-11,20.0,19.43,20.88,19.26,10867473
2019-10-14,19.25,18.86,19.46,17.89,9536331
2019-10-15,19.11,20.1,20.43,19.02,6744784
2019-10-16,20.13,19.73,20.19,19.14,4840064
2019-10-17,20.75,20.76,20.91,19.86,7010495
2019-10-18,20.87,20.21,20.89,19.61,5156187
2019-10-21,20.25,20.35,20.57,19.72,3843776
2019-10-22,20.25,21.15,21.18,20.04,3769842
2019-10-23,21.01,21.75,21.8956,20.72,3963847
2019-10-24,21.75,21.66,22.0247,21.35,3107956
2019-10-25,21.54,21.92,22.31,21.32,3254743
2019-10-28,22.05,21.64,22.48,21.62,3041663
2019-10-29,21.35,20.57,21.4,20.55,3226016
2019-10-30,20.52,20.16,20.88,20.05,2653307
2019-10-31,20.05,19.96,20.09,19.42,3774544
2019-11-01,19.68,19.71,20.18,19.52,3441680
2019-11-04,19.71,20.15,20.3316,19.53,3995191
2019-11-05,20.2,19.86,20.51,19.84,3482263
2019-11-06,19.75,19.42,20.2,19.36,3575721
2019-11-07,19.78,19.08,19.93,19.02,3724848
2019-11-08,19.01,21.46,21.68,18.89,10919073
2019-11-11,21.03,20.3,21.2,20.123,8275788
2019-11-12,20.24,19.25,20.56,19.0532,7556796
2019-11-13,19.11,18.5,19.38,18.41,7405617
2019-11-14,16.4,15.84,16.62,15.19,24398774
2019-11-15,15.25,15.33,15.86,15.21,8340362
2019-11-18,15.15,14.22,15.2,14.18,12885766
2019-11-19,13.81,15.32,15.58,13.81,10354444
2019-11-20,16.13,17.64,18.41,15.98,23899439
2019-11-21,19.33,20.29,21.555,18.54,38349961
2019-11-22,19.6,18.41,19.75,18.03,15782392
2019-11-25,19.15,18.45,19.75,18.15,10362904
2019-11-26,18.0,18.11,19.05,17.62,9452868
2019-11-27,18.35,18.81,18.85,18.06,7314523
2019-11-29,19.18,18.59,19.2096,18.34,4212665
2019-12-02,18.31,18.14,18.56,17.77,4866993
2019-12-03,17.62,18.98,19.05,17.61,7521847
2019-12-04,19.27,18.38,19.27,18.35,5889695
2019-12-05,18.62,18.6,18.89,18.21,4872450
2019-12-06,18.69,18.65,18.8,18.43,2983565
2019-12-09,19.3,21.29,21.49,19.21,19182473
2019-12-10,21.51,20.09,21.68,19.8201,12453509
2019-12-11,20.22,20.25,20.76,20.08,6489715
2019-12-12,20.65,21.13,21.2,20.26,6721531
2019-12-13,21.46,20.68,22.25,20.645,11874286
2019-12-16,20.67,20.36,21.1383,20.3,5870142
2019-12-17,20.3,20.65,20.7914,20.12,4733427
2019-12-18,20.65,19.73,20.7763,19.53,7490031
2019-12-19,19.69,20.07,20.3501,19.45,5505223
2019-12-20,20.0,20.04,20.28,19.65,4940103
2019-12-23,19.86,19.74,20.215,19.47,4842148
2019-12-24,19.6,19.96,19.99,19.22,3255886
2019-12-26,19.75,19.22,19.8275,19.09,4798950
2019-12-27,19.43,19.21,19.63,19.01,5401044
2019-12-30,19.05,18.79,19.3075,18.48,6311546
2019-12-31,18.6,21.09,21.41,18.5,16360681
2020-01-02,21.56,20.13,21.65,19.88,10760541
2020-01-03,19.75,19.9,20.6,19.62,6334295
2020-01-06,19.94,20.08,20.26,19.48,5804097
2020-01-07,20.22,19.8,20.44,19.64,4958953
2020-01-08,19.7,20.13,20.62,19.02,8258015
2020-01-09,20.2,20.8,21.045,19.76,7927681
2020-01-10,20.7,20.54,21.25,20.35,6210769
2020-01-13,20.54,23.11,23.2,20.14,18368702
2020-01-14,22.74,23.85,24.44,21.83,24197146
2020-01-15,24.14,24.9,25.97,23.58,20994005
2020-01-16,25.45,24.3,25.89,24.04,13247191
2020-01-17,24.1,24.89,25.26,23.65,12460097
2020-01-21,25.19,24.15,25.64,23.87,9687421
2020-01-22,24.4,24.12,24.658,23.57,7123849
2020-01-23,24.06,24.56,25.0,23.74,6192649
2020-01-24,24.76,22.65,24.96,22.55,9379907
2020-01-27,21.5,21.56,22.305,21.34,6331045
2020-01-28,22.64,23.92,23.95,22.29,10621240
2020-01-29,24.17,23.52,24.4,23.21,7250504
2020-01-30,23.18,23.35,23.96,23.06,4484889
2020-01-31,23.35,22.55,23.4582,22.05,6428045
2020-02-03,22.6,22.11,22.94,21.76,5260854
2020-02-04,22.32,22.34,22.94,22.1205,5076637
2020-02-05,22.5,21.67,22.68,21.48,6582631
2020-02-06,21.61,21.17,22.05,21.1,4980068
2020-02-07,20.14,19.63,20.61,19.33,11545751
2020-02-10,19.6,19.05,19.74,18.85,5779202
2020-02-11,18.9,19.91,20.5107,18.65,8863625
2020-02-12,20.12,19.65,20.3,19.34,5147876
2020-02-13,19.36,19.52,20.44,19.26,6266131
2020-02-14,23.17,22.13,23.9,21.72,26485458
2020-02-18,22.36,21.94,22.88,21.885,7723674
2020-02-19,22.01,21.77,22.3,21.58,5600592
2020-02-20,21.7,22.31,23.23,21.65,8842229
2020-02-21,22.34,21.88,22.41,21.78,4845842
2020-02-24,20.81,20.3,21.15,20.1714,6245804
2020-02-25,20.47,19.62,20.68,19.43,5804064
2020-02-26,19.56,19.82,20.385,19.54,4884049
2020-02-27,19.17,18.44,19.4523,17.82,7011351
2020-02-28,17.9,18.78,18.78,17.48,6790396
2020-03-02,18.79,18.62,18.9362,18.06,4956524
2020-03-03,18.39,17.34,18.73,17.05,6242350
2020-03-04,17.91,17.75,18.5434,17.5,5000075
2020-03-05,16.77,16.8,17.58,16.43,7077919
2020-03-06,16.03,15.28,16.5169,14.94,8489824
2020-03-09,13.1,13.22,14.48,12.85,6960913
2020-03-10,14.0,14.18,14.65,13.4696,5579638
2020-03-11,13.85,13.35,14.42,13.05,5502371
2020-03-12,11.91,10.92,12.48,10.87,9873341
2020-03-13,11.93,10.94,11.98,10.3,7441449
2020-03-16,9.44,10.28,10.89,9.31,5506748
2020-03-17,10.15,10.37,10.72,9.53,6140529
2020-03-18,9.57,9.73,10.37,9.0,6943795
2020-03-19,9.65,10.83,11.41,9.4,7225467
2020-03-20,11.66,11.83,12.55,11.3,8679793
2020-03-23,11.9,12.5,12.88,11.45,6570928
2020-03-24,13.33,12.98,13.98,12.56,7189783
2020-03-25,13.5,13.98,14.46,12.72,9107813
2020-03-26,14.34,15.16,16.34,14.26,10857483
2020-03-27,14.8,14.59,15.99,14.435,7989067
2020-03-30,14.11,14.46,14.91,13.43,4373161
2020-03-31,13.99,14.42,15.4683,13.99,4271599
2020-04-01,14.05,13.58,14.59,13.46,4146313
2020-04-02,13.66,13.8,14.59,13.46,3267590
2020-04-03,14.06,13.25,14.32,12.88,3792729
2020-04-06,13.9,14.34,14.51,13.53,4862728
2020-04-07,15.3,14.5,15.56,14.3,4633001
2020-04-08,14.68,14.83,15.18,14.2,4413994
2020-04-09,15.04,14.57,15.27,14.35,4576661
2020-04-13,14.64,14.46,14.73,14.04,2715812
2020-04-14,14.61,15.4,15.54,14.61,4536254
2020-04-15,15.3,14.76,15.38,14.53,3809388
2020-04-16,15.2,14.47,15.24,14.21,3766531
2020-04-17,14.65,15.1,15.5,14.58,4765988
2020-04-20,14.9,15.17,16.15,14.73,7384767
2020-04-21,15.07,15.04,15.48,14.55,3632932
2020-04-22,15.48,15.02,15.48,14.86,3701771
2020-04-23,15.03,14.82,15.4,14.58,4631215
2020-04-24,14.82,15.59,15.62,14.58,6464028
2020-04-27,16.0,17.53,17.65,15.89,11102862
2020-04-28,18.25,16.74,18.25,16.46,8663719
2020-04-29,17.16,17.06,17.54,16.79,5427932
2020-04-30,16.81,16.0,16.93,15.82,5338052
2020-05-01,15.65,15.26,15.77,14.78,6020294
2020-05-04,16.26,15.74,16.26,15.3158,8251174
2020-05-05,16.0,15.76,16.2821,15.66,4467933
2020-05-06,15.87,15.36,15.9199,15.28,2840365
2020-05-07,15.43,15.44,15.83,15.24,3302174
2020-05-08,15.57,15.34,15.6,15.1501,3802760
2020-05-11,15.23,14.97,15.33,14.72,4469754
2020-05-12,14.96,14.77,15.65,14.62,7411100
2020-05-13,14.78,13.56,14.78,13.36,8228179
2020-05-14,13.2,13.86,14.02,12.95,4534045
2020-05-15,14.34,15.86,15.99,13.92,11927200
2020-05-18,16.51,16.32,16.9498,15.76,9387882
2020-05-19,16.5,17.3,17.54,15.82,9460759
2020-05-20,17.65,16.93,17.92,16.53,6862842
2020-05-21,17.0,18.25,18.5,16.67,10600749
2020-05-22,18.38,19.42,19.48,17.6,14024508
2020-05-26,20.6,20.01,20.92,19.85,12920368
2020-05-27,20.08,19.9,20.3499,18.51,10233839
2020-05-28,20.05,21.72,22.19,19.84,15266185
2020-05-29,17.0,17.37,18.39,16.95,25314081
2020-06-01,16.69,16.48,16.95,15.88,17088883
2020-06-02,16.46,16.14,16.8,16.05,8539952
2020-06-03,16.3,16.57,17.01,16.06,7969004
2020-06-04,16.5,16.63,17.1,16.22,6042896
2020-06-05,16.72,16.51,17.005,16.36,5898556
2020-06-08,16.65,17.94,18.15,16.65,11289554
2020-06-09,17.59,17.73,18.37,17.1,6644731
2020-06-10,18.08,17.69,18.28,17.55,4660299
2020-06-11,16.9,15.91,17.03,15.8,6304318
2020-06-12,16.66,16.5,16.74,16.22,3553377
2020-06-15,16.07,16.75,16.77,15.94,3176222
2020-06-16,17.31,17.8,17.82,16.94,7374441
2020-06-17,17.82,16.89,17.96,16.751,6113479
2020-06-18,16.8,17.18,17.68,16.58,5597607
2020-06-19,17.86,17.33,17.91,17.0539,4015007
2020-06-22,17.14,17.37,17.66,17.14,2917597
2020-06-23,17.38,17.24,18.65,17.185,8352572
2020-06-24,17.11,16.71,17.33,16.5,3897551
2020-06-25,16.5,16.59,16.73,16.26,3245925
2020-06-26,16.46,15.95,16.54,15.865,3162377
2020-06-29,15.8,16.34,16.39,15.32,2830882
2020-06-30,16.26,16.16,16.33,15.95,1960564
2020-07-01,16.08,16.47,16.94,16.08,2465932
2020-07-02,16.55,16.45,16.78,16.29,2043687
2020-07-06,16.5,16.94,17.09,16.22,3214706
2020-07-07,16.73,16.5,16.94,16.45,1929954
2020-07-08,16.61,16.33,16.68,16.15,2002911
2020-07-09,16.25,16.02,16.38,15.57,2649454
2020-07-10,16.0,17.42,17.44,15.95,5328081
2020-07-13,17.37,17.3,18.42,17.03,6551425
2020-07-14,17.2,17.38,17.61,16.9209,2547432
2020-07-15,17.51,18.15,18.28,17.5,4348435
2020-07-16,17.94,18.11,18.65,17.6219,4190497
2020-07-17,18.18,17.95,18.51,17.85,2553339
2020-07-20,17.82,17.69,18.15,17.57,2089020
2020-07-21,17.83,17.65,18.1,17.64,2440673
2020-07-22,17.72,17.3,17.72,17.22,1991073
2020-07-23,17.2,16.69,17.26,16.61,3177306
2020-07-24,16.52,16.47,16.58,16.2,2325071
2020-07-27,16.61,16.96,17.28,16.59,3412162
2020-07-28,17.31,19.48,19.59,17.1334,19513504
2020-07-29,19.27,18.49,19.32,18.39,7456040
2020-07-30,18.29,18.6,18.92,18.08,3936504
2020-07-31,18.52,18.28,19.3,18.12,4632916
2020-08-03,18.28,19.06,19.2,18.2,4153604
2020-08-04,18.94,19.32,19.66,18.7,5687674
2020-08-05,19.45,19.21,19.46,18.91,3919162
2020-08-06,19.02,17.52,19.11,17.47,6878790
2020-08-07,17.68,16.63,17.72,16.59,6521403
2020-08-10,18.28,17.93,18.81,17.77,11896849
2020-08-11,18.0,16.95,18.13,16.89,5108074
2020-08-12,17.18,17.25,17.54,16.93,4440132
2020-08-13,17.27,17.32,17.62,17.18,2567136
2020-08-14,17.26,17.19,17.44,17.03,2221669
2020-08-17,17.25,16.95,17.35,16.77,3361337
2020-08-18,16.95,16.92,17.1196,16.571,2571651
2020-08-19,16.91,16.63,17.09,16.6101,2579116
2020-08-20,16.6,16.3,16.6,16.02,3281675
2020-08-21,16.12,16.02,16.35,15.96,2560796
2020-08-24,16.16,16.43,16.5,15.96,2990244
2020-08-25,16.5,16.78,16.78,16.34,2478271
2020-08-26,16.78,16.5,16.86,16.37,2635087
2020-08-27,16.5,16.5,16.69,16.32,2333543
2020-08-28,16.52,16.9,17.11,16.46,2907978
2020-08-31,16.9,16.52,16.95,16.19,5268576
2020-09-01,16.44,16.41,16.5882,16.18,2532069
2020-09-02,16.34,16.36,16.53,16.08,3083136
2020-09-03,16.36,16.44,16.85,15.96,4536451
2020-09-04,16.28,16.21,16.57,15.54,4189615
2020-09-08,15.93,15.59,16.0486,15.59,2467540
2020-09-09,15.79,16.36,16.48,15.66,2871695
2020-09-10,16.37,16.42,17.065,16.33,6745237
2020-09-11,16.36,16.17,16.52,15.91,1822618
2020-09-14,16.2,16.42,16.56,16.0349,1883588
2020-09-15,16.59,16.42,16.874,16.39,2147655
2020-09-16,16.45,16.48,17.0388,16.44,3245578
2020-09-17,16.28,16.4,16.49,16.14,1656174
2020-09-18,16.35,16.36,16.5514,16.2,2108430
2020-09-21,16.0,15.74,16.1,15.44,2954921
2020-09-22,15.65,16.04,16.1,15.48,3260236
2020-09-23,15.9,14.6,16.02,14.28,9452078
2020-09-24,14.25,14.27,14.5852,13.9052,3235720
2020-09-25,14.15,14.17,14.3435,13.88,3442695
2020-09-28,14.1,14.21,14.45,13.98,4591485
2020-09-29,14.25,14.5,14.8,14.14,3386231
2020-09-30,14.48,14.32,14.805,14.26,2427262
2020-10-01,14.57,14.2,14.57,14.05,2780040
2020-10-02,13.88,14.05,14.18,13.83,2961848
2020-10-05,14.1,14.94,15.02,14.1,4281037
2020-10-06,15.01,14.32,15.1491,14.26,3392522
2020-10-07,14.55,15.53,15.7,14.5,4983396
2020-10-08,15.94,17.63,17.6891,15.87,14516278
2020-10-09,18.07,18.07,18.68,17.54,12731646
2020-10-12,18.07,19.61,20.13,18.06,14512198
2020-10-13,19.06,18.7,19.06,18.09,9321610
2020-10-14,18.74,18.34,19.01,18.2,3448633
2020-10-15,17.8,18.05,18.15,17.44,3387469
2020-10-16,18.22,17.76,18.27,17.73,2766544
2020-10-19,17.88,19.81,19.87,17.66,14371410
2020-10-20,19.22,18.88,19.635,18.61,7348250
2020-10-21,19.34,19.49,20.35,19.1245,10121011
2020-10-22,19.49,20.3,20.44,19.31,8483213
2020-10-23,20.37,19.73,20.44,19.53,5111014
2020-10-26,19.55,18.53,19.72,18.425,5191979
2020-10-27,18.67,18.66,19.2977,18.5757,3040946
2020-10-28,18.16,18.34,19.0,18.11,3564357
2020-10-29,18.3,18.78,18.97,18.13,3024252
2020-10-30,18.53,18.78,18.82,18.18,4493754
2020-11-02,19.06,20.93,21.67,19.0,15744934
2020-11-03,21.08,20.46,21.13,19.57,13376334
2020-11-04,19.15,19.0,19.57,18.32,16035249
2020-11-05,20.38,21.2,21.64,19.595,17474418
2020-11-06,22.0,23.5,24.98,21.9,34146653
2020-11-09,26.95,24.58,26.95,24.13,17430427
2020-11-10,23.89,23.71,24.53,22.53,9094829
2020-11-11,23.31,24.25,24.7,22.94,7568804
2020-11-12,24.05,23.81,24.65,23.53,5743343
2020-11-13,24.01,24.43,24.6,23.54,6204524
2020-11-16,24.54,24.77,25.24,24.13,4861025
2020-11-17,24.45,24.51,25.37,24.33,4720766
2020-11-18,24.75,23.67,25.1173,23.66,4749097
2020-11-19,23.55,23.87,24.145,23.422,3081577
2020-11-20,23.74,23.72,24.15,23.51,2996488
2020-11-23,23.93,24.72,25.06,23.68,5493041
2020-11-24,25.92,26.97,27.7,25.62,12427435
2020-11-25,26.13,26.87,27.34,25.91,4081464
2020-11-27,27.0,29.0,29.1252,26.94,7601871
2020-11-30,28.97,28.8,29.44,27.6546,9464101
2020-12-01,29.07,26.65,29.24,26.56,6614964
2020-12-02,26.76,28.18,28.58,26.71,6597896
2020-12-03,28.31,28.63,29.23,27.64,4011350
2020-12-04,29.21,28.59,29.52,27.95,7788028
2020-12-07,28.84,28.38,28.95,27.68,3615323
2020-12-08,27.92,28.82,28.85,27.9148,3215817
2020-12-09,28.85,27.2,29.06,26.75,4466972
2020-12-10,26.76,27.32,27.62,26.62,2288193
2020-12-11,27.06,26.53,27.29,26.352,2667838
2020-12-14,26.59,25.28,26.96,25.28,3891525
2020-12-15,25.17,26.75,26.78,25.03,4116059
2020-12-16,26.98,26.37,27.1,26.06,4125127
2020-12-17,26.55,26.22,26.75,25.96,3006658
2020-12-18,26.094,25.97,26.52,25.78,2240179
2020-12-21,25.15,25.54,25.7699,25.0,2407682
2020-12-22,25.71,25.86,26.14,25.23,2546982
2020-12-23,25.97,27.01,28.04,25.5,8335334
2020-12-24,27.095,25.86,27.1,25.78,2772366
2020-12-28,26.01,24.68,26.15,24.57,3719076
2020-12-29,24.89,24.26,25.44,24.2,3199691
2020-12-30,24.3,25.25,25.7,24.05,3552441
2020-12-31,25.21,24.64,25.27,24.62,2229468
2021-01-04,24.92,26.12,27.17,24.91,6744466
2021-01-05,26.29,27.04,27.56,25.85,5345409
2021-01-06,30.02,30.17,31.83,29.35,24900395
2021-01-07,31.41,30.61,32.3,30.41,10599416
2021-01-08,30.8293,30.17,30.9,29.3414,6844694
2021-01-11,29.77,31.47,32.41,29.6,8478978
2021-01-12,31.5,30.92,31.97,30.52,5102623
2021-01-13,30.96,32.18,33.01,30.87,6948162
2021-01-14,32.58,34.62,34.69,32.5,8499932
2021-01-15,34.73,33.39,35.08,32.81,7811799
2021-01-19,33.63,33.56,33.98,32.35,4166768
2021-01-20,33.71,33.63,34.54,33.22,3681955
2021-01-21,33.55,33.56,34.09,32.95,3113995
2021-01-22,33.15,33.8,33.9,33.07,2894949
2021-01-25,33.68,32.91,34.0,32.47,4741057
2021-01-26,33.18,35.52,36.15,33.18,9127839
2021-01-27,34.335,37.83,39.1,34.335,9411947
2021-01-28,37.49,40.33,40.42,37.21,8917427
2021-01-29,39.94,40.07,41.75,39.47,10758419
2021-02-01,40.06,40.06,40.45,38.92,4737961
2021-02-02,40.59,41.715,42.84,40.5,7171979
2021-02-03,42.56,44.94,45.4,42.18,9933022
2021-02-04,44.7,44.14,45.32,43.17,5703001
2021-02-05,43.5,42.93,43.9593,42.26,5756831
2021-02-08,43.15,43.87,44.55,43.0,6179929
2021-02-09,44.36,49.09,50.92,44.035,23790139
2021-02-10,52.82,52.17,56.4965,48.02,29716713
2021-02-11,47.76,40.65,47.84,39.45,29602705
2021-02-12,39.37,40.31,42.7,38.13,11714118
2021-02-16,40.64,42.13,43.4101,40.37,7520617
2021-02-17,41.6875,40.46,41.7013,39.82,4996539
2021-02-18,40.05,36.65,41.15,36.49,8193577
2021-02-19,37.09,38.63,39.54,36.81,5923643
2021-02-22,38.38,37.01,38.9,36.9,4334359
2021-02-23,34.7739,35.31,35.56,31.45,8329896
2021-02-24,35.52,35.6,36.39,34.62,4130259
2021-02-25,35.7192,33.21,36.22,32.88,5198530
2021-02-26,33.01,32.75,34.255,32.26,3991341
2021-03-01,33.4715,34.73,35.31,33.3,3660852
2021-03-02,35.27,35.25,37.08,34.84,7986302
2021-03-03,35.28,33.24,35.5,32.97,5011786
2021-03-04,32.83,31.01,33.56,29.86,6719150
2021-03-05,31.16,31.17,31.56,28.04,5883470
2021-03-08,31.4,30.86,32.19,30.53,3383321
2021-03-09,31.72,33.0,33.48,31.55,3663495
2021-03-10,34.05,31.91,34.268,31.65,3779999
2021-03-11,32.59,34.28,34.37,32.4,4422482
2021-03-12,33.38,34.2,34.7,32.63,4594561
2021-03-15,34.42,35.56,36.11,34.29,4669611
2021-03-16,36.0,33.73,36.0,33.1,3948349
2021-03-17,33.11,35.07,35.31,32.9,3007548
2021-03-18,34.98,33.37,35.47,33.22,2925311
2021-03-19,33.46,34.45,34.74,33.432,2320188
2021-03-22,34.5451,33.46,34.72,33.2112,1817157
2021-03-23,33.25,32.45,33.67,32.202,2612553
2021-03-24,32.51,31.3,33.07,31.09,3548007
2021-03-25,30.43,32.56,32.63,30.23,2806669
2021-03-26,32.93,32.12,33.02,31.37,2217820
2021-03-29,32.06,31.24,32.85,31.15,2903484
2021-03-30,31.13,31.76,31.94,30.7,1977172
2021-03-31,32.35,32.03,33.27,31.97,3825658
2021-04-01,32.819,32.06,33.08,31.93,2241346
2021-04-05,32.6,31.83,32.61,31.6,2191730
2021-04-06,31.84,30.9,32.0,30.8,2623849
2021-04-07,30.705,29.94,30.92,29.64,2907777
2021-04-08,30.12,28.5,30.1938,28.2,8053423
2021-04-09,28.45,28.99,29.49,27.815,4157176
2021-04-12,28.62,27.64,28.67,27.35,3371964
2021-04-13,27.22,27.86,28.17,26.9201,3140106
2021-04-14,27.97,27.79,28.32,27.45,2307328
2021-04-15,28.1,27.42,28.38,27.15,2573497
2021-04-16,27.49,27.8,27.875,26.91,2100305
2021-04-19,27.79,27.46,28.66,26.94,2747441
2021-04-20,27.978,25.56,28.04,25.115,5139423
2021-04-21,25.11,27.17,27.18,25.11,3478777
2021-04-22,27.27,26.55,27.43,26.26,2457583
2021-04-23,26.12,27.41,27.57,26.12,2255123
2021-04-26,27.41,27.53,27.68,27.0,2069320
2021-04-27,27.8,26.91,27.92,26.8211,2055966
2021-04-28,27.04,28.16,28.38,26.7,3794915
2021-04-29,28.08,27.39,28.19,26.7102,2852887
2021-04-30,27.17,26.95,27.82,26.65,1848291
2021-05-03,27.05,25.57,27.05,25.42,3975926
2021-05-04,25.31,25.66,25.68,24.765,2912866
2021-05-05,25.93,25.45,25.935,25.0842,2824285
2021-05-06,25.26,24.35,25.44,23.92,3466146
2021-05-07,24.5,25.26,26.05,24.45,4098106
2021-05-10,25.29,24.18,25.33,24.02,2548868
2021-05-11,22.67,23.91,24.22,22.5,3865861
2021-05-12,23.85,22.9,24.15,22.6,3153265
2021-05-13,22.97,22.12,23.3409,21.72,3446732
2021-05-14,22.4,22.91,23.24,22.21,2868629
2021-05-17,22.95,23.15,23.5,22.59,2495681
2021-05-18,23.36,23.4,23.92,23.0,2057307
2021-05-19,22.95,22.82,23.11,22.4648,1884700
2021-05-20,23.04,22.93,23.41,22.6,2110109
2021-05-21,23.16,22.98,23.235,22.6736,2033663
2021-05-24,23.15,22.68,23.18,22.36,2343174
2021-05-25,23.64,24.15,24.73,23.6,8617589
2021-05-26,24.39,24.34,24.5499,23.685,5320181
2021-05-27,25.2028,24.72,25.28,23.94,6342058
2021-05-28,24.72,26.09,26.55,24.62,13478438
2021-06-01,25.88,24.28,26.1802,24.09,9635793
2021-06-02,24.55,25.58,25.76,24.15,5913515
2021-06-03,25.56,25.27,26.96,25.2592,6260552
2021-06-04,25.55,24.25,25.65,24.175,3803660
2021-06-07,24.45,25.65,25.83,24.1404,3387724
2021-06-08,25.7154,25.51,25.9299,24.8357,3158947
2021-06-09,25.74,25.74,26.8,25.52,4593018
2021-06-10,25.6862,25.66,25.9429,25.13,2687584
2021-06-11,25.78,25.87,26.23,25.57,2118632
2021-06-14,25.87,25.14,26.37,24.901,2625871
2021-06-15,25.0,24.52,25.24,24.305,2337004
2021-06-16,24.31,24.12,24.629,23.7,2095860
2021-06-17,23.82,23.91,24.42,23.7,1713044
2021-06-18,23.7,22.98,23.78,22.94,2964080
2021-06-21,22.95,23.39,23.46,22.49,2065769
2021-06-22,23.2731,23.37,23.4989,22.92,1681715
2021-06-23,23.47,23.57,23.92,23.34,1792310
2021-06-24,23.88,24.72,24.85,23.88,3354635
2021-06-25,24.74,24.62,25.11,24.49,2217186
2021-06-28,24.75,24.88,25.59,24.651,2399197
2021-06-29,24.9,24.32,25.38,24.155,1937475
2021-06-30,24.1,24.18,24.564,23.81,2504967
2021-07-01,24.25,23.95,24.39,23.67,1997306
2021-07-02,23.94,23.28,24.14,23.2,2072619
2021-07-06,23.3,22.88,23.44,22.76,1752184
2021-07-07,22.88,22.2,23.0,21.84,3189724
2021-07-08,21.5401,21.79,22.05,21.27,2730969
2021-07-09,21.97,22.15,22.45,21.75,1504796
2021-07-12,22.15,22.23,22.4,21.76,1309559
2021-07-13,22.61,22.11,23.47,22.05,3398336
2021-07-14,22.39,20.66,22.46,20.55,4413450
2021-07-15,20.66,20.35,20.7271,19.82,6468182
2021-07-16,20.5,19.58,20.5508,19.5,3134576
2021-07-19,19.06,19.41,19.62,18.85,3332298
2021-07-20,19.48,19.95,20.055,18.94,2289556
2021-07-21,20.0,20.44,20.46,19.801,1882830
2021-07-22,20.33,19.83,20.38,19.67,1905141
2021-07-23,19.878,19.62,19.878,19.2987,2131391
2021-07-26,19.61,19.71,20.125,19.36,2034756
2021-07-27,19.49,18.37,19.77,18.05,5650214
2021-07-28,18.85,19.6,19.965,18.73,6558585
2021-07-29,19.81,19.54,20.1,19.28,2882436
2021-07-30,19.4,18.91,19.558,18.78,2437162
2021-08-02,19.02,18.8,19.35,18.8,2145247
2021-08-03,18.8,18.77,18.92,18.34,2670606
2021-08-04,18.66,18.28,18.93,18.27,2329140
2021-08-05,18.27,19.14,19.7,18.25,5515105
2021-08-06,19.22,19.15,19.382,18.335,7278263
2021-08-09,19.05,19.11,19.2,18.59,3634458
2021-08-10,19.15,19.47,19.85,19.08,2868675
2021-08-11,19.38,18.88,19.48,18.805,1913315
2021-08-12,18.94,18.55,19.05,18.4411,1899669
2021-08-13,18.47,18.06,18.55,17.85,3095359
2021-08-16,17.95,17.54,17.95,17.315,2993661
2021-08-17,17.35,17.46,17.67,17.05,2230813
2021-08-18,17.47,17.27,17.7966,16.94,3170923
2021-08-19,17.18,16.5,17.2322,16.47,3303428
2021-08-20,16.46,16.69,16.88,16.27,2439734
2021-08-23,16.92,17.25,17.3829,16.7856,1975378
2021-08-24,17.33,17.74,17.78,17.14,2669925
2021-08-25,17.74,17.61,17.8,17.21,1762241
2021-08-26,17.55,17.11,18.0,16.9601,2493578
2021-08-27,17.094,17.19,17.395,17.05,1705769
2021-08-30,17.22,16.9,17.24,16.6608,2259858
2021-08-31,16.91,17.23,17.72,16.84,4046741
2021-09-01,17.25,16.85,17.505,16.81,3422783
2021-09-02,16.96,17.45,17.7099,16.85,2902185
2021-09-03,17.42,16.97,17.67,16.82,3757740
2021-09-07,16.99,16.87,17.34,16.87,4495943
2021-09-08,16.8,15.85,16.83,15.75,6468788
2021-09-09,15.875,15.73,15.99,15.5,5515546
2021-09-10,15.84,15.1,15.92,15.07,4652363
2021-09-13,15.17,15.05,15.36,14.765,4174354
2021-09-14,15.06,14.63,15.36,14.54,5366848
2021-09-15,14.63,14.79,14.98,14.51,3214966
2021-09-16,14.7351,14.83,15.05,14.65,2694654
2021-09-17,14.77,14.71,14.98,14.55,2605169
2021-09-20,14.26,13.52,14.28,13.35,7419346
2021-09-21,13.62,13.52,13.94,13.398,5123334
2021-09-22,13.62,14.17,14.49,13.62,4940082
2021-09-23,14.69,14.56,14.81,14.4116,4026288
2021-09-24,14.4597,13.91,14.48,13.85,4063395
2021-09-27,13.88,14.71,14.795,13.8021,4355755
2021-09-28,14.54,14.21,14.98,14.15,3665093
2021-09-29,14.3,13.76,14.34,13.68,4051408
2021-09-30,13.78,13.86,14.04,13.45,4133394
2021-10-01,13.67,13.41,13.8,13.13,5816063
2021-10-04,13.35,12.93,13.35,12.86,4010943
2021-10-05,12.96,13.38,13.54,12.88,3836514
2021-10-06,13.16,13.18,13.37,12.98,2694425
2021-10-07,13.3,13.51,13.88,13.041,3848671
2021-10-08,13.6101,13.22,13.75,13.17,2898264
2021-10-11,13.18,13.05,13.2779,13.04,2383502
2021-10-12,13.06,13.13,13.418,12.9507,2719971
2021-10-13,13.1,13.29,13.48,13.1,2370250
2021-10-14,13.57,13.7,14.45,13.41,7760269
2021-10-15,13.74,13.35,13.83,13.24,5344833
2021-10-18,13.33,13.2,13.49,13.06,3436533
2021-10-19,13.33,14.34,14.34,13.19,8895139
2021-10-20,14.3599,14.11,14.46,13.6604,8876581
2021-10-21,14.1594,14.04,14.6501,13.95,5333006
2021-10-22,13.98,13.38,14.13,13.25,5091491
2021-10-25,13.38,13.57,13.63,13.13,4190357
2021-10-26,13.65,13.17,13.65,13.05,4472769
2021-10-27,13.17,12.78,13.34,12.76,4820419
2021-10-28,12.875,12.99,13.128,12.72,3741286
2021-10-29,12.94,12.63,13.15,12.6,4234802
2021-11-01,12.74,13.25,13.43,12.455,5581248
2021-11-02,13.25,13.07,13.3,12.83,5041040
2021-11-03,13.01,13.54,13.6399,12.951,5074453
2021-11-04,13.59,13.26,13.6489,13.08,5496334
2021-11-05,12.84,11.79,12.86,11.31,21973026
2021-11-08,11.74,12.98,13.11,11.43,17539252
2021-11-09,12.78,13.97,14.065,12.27,12747110
2021-11-10,13.5,13.12,14.33,12.98,11549786
2021-11-11,13.18,13.52,13.715,13.13,5712233
2021-11-12,13.92,15.27,15.28,13.88,14845876
2021-11-15,15.45,14.45,15.96,14.43,17997273
2021-11-16,14.36,14.38,14.58,13.84,6892450
2021-11-17,14.17,13.6,14.52,13.5748,7002199
2021-11-18,13.5,12.35,13.62,12.26,10775275
2021-11-19,12.64,12.18,12.77,11.99,10296101
2021-11-22,12.28,11.65,12.28,11.49,8902562
2021-11-23,11.68,11.62,12.09,11.34,6711422
2021-11-24,11.52,11.87,12.06,11.29,5517058
2021-11-26,11.46,11.69,11.77,11.34,3453480
2021-11-29,11.7572,11.06,11.8,10.97,7848173
2021-11-30,10.815,10.71,11.165,10.27,9521349
2021-12-01,10.8,9.94,10.91,9.92,8993874
2021-12-02,10.0,10.36,10.405,9.85,9256792
2021-12-03,10.36,9.99,10.3634,9.8,8200980
2021-12-06,9.98,10.15,10.315,9.54,7578760
2021-12-07,10.21,10.64,10.9287,10.13,8810491
2021-12-08,10.71,10.94,11.1981,10.355,5505374
2021-12-09,10.83,10.2,11.08,10.19,6414514
2021-12-10,10.28,9.56,10.44,9.54,9456128
2021-12-13,9.52,9.31,9.55,9.0601,7224858
2021-12-14,9.11,9.15,9.6251,9.11,6045385
2021-12-15,9.11,9.27,9.37,8.69,8690854
2021-12-16,9.3254,9.14,9.56,9.005,5902177
2021-12-17,9.12,9.59,9.787,8.91,8074205
2021-12-20,9.052,8.75,9.18,8.525,8745338
2021-12-21,8.86,9.66,9.66,8.84,7112494
2021-12-22,9.34,9.37,9.63,9.15,5494444
2021-12-23,9.419,9.62,9.74,9.191,6313653
2021-12-27,9.56,9.45,9.59,9.195,5432880
2021-12-28,9.3574,9.02,9.66,9.0,7347047
2021-12-29,9.0,8.76,9.18,8.72,6949704
2021-12-30,8.76,8.94,9.295,8.705,7548667
2021-12-31,8.91,8.73,9.19,8.72,6512784
2022-01-03,8.86,9.3,9.64,8.8,7158787
2022-01-04,9.24,8.97,9.24,8.67,7900715
2022-01-05,8.94,8.37,9.15,8.3514,7347871
2022-01-06,8.4007,8.21,8.55,7.96,7607214
2022-01-07,8.23,8.52,8.78,8.19,7178621
2022-01-10,8.73,8.75,8.8501,8.415,7572506
2022-01-11,8.7,9.11,9.2791,8.52,6190796
2022-01-12,9.16,8.92,9.36,8.825,4549329
2022-01-13,8.98,8.41,9.0,8.4,6139347
2022-01-14,8.38,8.4,8.46,8.085,5799783
2022-01-18,8.22,7.78,8.3033,7.76,7166897
2022-01-19,7.81,7.64,8.0102,7.61,5854442
2022-01-20,7.74,7.56,8.1,7.55,5218418
2022-01-21,7.53,7.29,7.5482,7.18,7242383
2022-01-24,7.1,7.4,7.41,6.64,10611144
2022-01-25,7.2,7.36,7.52,7.055,5285597
2022-01-26,7.63,7.23,7.7,7.13,6475263
2022-01-27,7.39,6.85,7.39,6.82,4965901
2022-01-28,6.89,7.27,7.38,6.74,7695906
2022-01-31,7.28,8.04,8.0587,7.27,7840072
2022-02-01,8.17,8.54,8.65,7.95,6970556
2022-02-02,8.5,8.05,8.61,7.995,6011606
2022-02-03,7.9,7.57,7.99,7.55,4933240
2022-02-04,7.5513,7.85,8.06,7.52,5980862
2022-02-07,7.92,7.85,8.3199,7.81,4813704
2022-02-08,7.85,7.69,7.9,7.49,8590479
2022-02-09,8.24,8.85,9.04,8.1901,22263284
2022-02-10,8.56,8.83,9.14,8.38,13998044
2022-02-11,8.94,9.22,9.61,8.69,17592860
2022-02-14,8.9992,8.42,9.24,8.4,8843705
2022-02-15,8.65,8.73,8.82,8.5,6192466
2022-02-16,8.68,8.75,9.1,8.44,6985490
2022-02-17,8.52,8.15,8.79,8.0706,6326110
2022-02-18,8.14,7.7,8.2297,7.67,4841689
2022-02-22,7.5149,7.16,7.62,7.09,5576512
2022-02-23,7.26,6.91,7.39,6.8701,5567186
2022-02-24,6.52,7.15,7.159,6.4173,6782626
2022-02-25,7.2,7.16,7.25,6.855,3771974
2022-02-28,7.05,7.12,7.23,6.79,5298356
2022-03-01,7.08,6.94,7.1899,6.79,4619241
2022-03-02,6.93,6.98,7.03,6.6147,4873321
2022-03-03,7.03,6.7,7.045,6.68,4462721
2022-03-04,6.62,6.32,6.72,6.24,7370636
2022-03-07,6.26,6.05,6.39,6.04,6165758
2022-03-08,6.08,6.27,6.56,5.79,9870004
2022-03-09,6.5,6.67,6.79,6.43,5281779
2022-03-10,6.54,6.4,6.59,6.165,5467836
2022-03-11,6.49,6.08,6.49,6.06,3326919
2022-03-14,6.07,5.7,6.12,5.63,5489832
2022-03-15,5.82,5.87,5.94,5.62,4500131
2022-03-16,6.01,6.38,6.38,5.8776,6264218
2022-03-17,6.36,6.77,6.78,6.2516,4960194
2022-03-18,6.7,7.12,7.235,6.665,6200728
2022-03-21,7.2,7.02,7.24,6.905,5751651
2022-03-22,6.8,7.21,7.27,6.8,6076786
2022-03-23,7.37,7.09,7.74,7.055,6677641
2022-03-24,7.13,7.9,8.11,6.882,20149502
2022-03-25,8.55,8.69,8.79,7.765,38445718
2022-03-28,8.16,7.94,8.33,7.63,17777787
2022-03-29,7.99,8.03,8.4299,7.75,12547870
2022-03-30,8.04,7.96,8.64,7.86,14181659
2022-03-31,8.06,7.58,8.07,7.56,7402567
2022-04-01,7.66,7.37,8.0099,7.345,14011249
2022-04-04,7.53,7.77,7.8794,7.15,8301460
2022-04-05,7.8,7.39,7.95,7.33,7221040
2022-04-06,7.48,7.18,7.65,7.01,8683112
2022-04-07,7.09,6.72,7.115,6.52,6405410
2022-04-08,6.79,6.7,6.905,6.55,4356946
2022-04-11,6.56,6.89,6.89,6.382,6815442
2022-04-12,6.97,6.78,7.25,6.72,4876146
2022-04-13,6.76,7.11,7.12,6.56,4641126
2022-04-14,7.03,6.82,7.04,6.75,4848446
2022-04-18,6.8,5.99,6.83,5.94,10625600
2022-04-19,6.05,5.93,6.06,5.84,6861108
2022-04-20,5.95,5.73,5.97,5.65,6265758
2022-04-21,5.8,5.75,5.91,5.66,7556618
2022-04-22,5.7,5.57,5.88,5.53,6403666
2022-04-25,5.52,5.57,5.61,5.4,5463904
2022-04-26,5.5,5.3,5.53,5.27,4730486
2022-04-27,5.2,5.23,5.3799,5.06,5849775
2022-04-28,5.3,5.45,5.48,5.05,4815608
2022-04-29,5.36,5.71,5.86,5.36,4868805
2022-05-02,5.62,6.05,6.06,5.55,4469151
2022-05-03,6.0,6.06,6.27,5.945,5017594
2022-05-04,6.05,6.67,6.71,5.85,7851112
2022-05-05,6.47,6.07,6.5895,6.01,5520260
2022-05-06,6.01,5.97,6.14,5.7575,3973394
2022-05-09,5.72,5.55,5.875,5.55,4207554
2022-05-10,5.71,5.44,5.86,5.2355,5644466
2022-05-11,5.37,4.98,5.5289,4.94,6453966
2022-05-12,4.8899,5.37,5.5264,4.82,8313809
2022-05-13,5.5,5.92,5.96,5.465,7467330
2022-05-16,5.89,5.73,6.209,5.6801,5607764
2022-05-17,5.87,5.89,6.11,5.7291,3131026
2022-05-18,5.8,5.59,5.955,5.56,3909696
2022-05-19,5.51,5.87,5.9999,5.5,4272334
2022-05-20,5.91,5.52,5.95,5.36,6385127
2022-05-23,5.52,5.19,5.59,5.12,5931572
2022-05-24,5.08,4.76,5.08,4.7,8488416
2022-05-25,4.72,5.03,5.09,4.72,5633964
2022-05-26,5.0,5.55,5.61,4.98,6097753
2022-05-27,4.94,4.88,5.18,4.6,16635115
2022-05-31,4.8,4.97,5.0891,4.64,9244853
2022-06-01,4.99,4.71,5.1,4.69,3960137
2022-06-02,4.68,4.71,4.83,4.56,5422233
2022-06-03,4.65,4.32,4.66,4.3,6836728
2022-06-06,4.36,4.09,4.45,4.0714,9348609
2022-06-07,4.03,4.24,4.27,4.01,5417793
2022-06-08,4.1,4.13,4.33,4.05,5122469
2022-06-09,4.06,3.85,4.08,3.85,4545967
2022-06-10,3.71,3.65,3.83,3.59,5599448
2022-06-13,3.41,3.28,3.55,3.27,7392405
2022-06-14,3.32,3.33,3.44,3.25,7097862
2022-06-15,3.37,3.52,3.58,3.335,4083136
2022-06-16,3.37,3.26,3.4363,3.24,4015114
2022-06-17,3.28,3.37,3.42,3.255,4677767
2022-06-21,3.485,3.48,3.6081,3.445,4493984
2022-06-22,3.41,3.34,3.58,3.34,3958333
2022-06-23,3.34,3.6,3.61,3.3,4561690
2022-06-24,3.68,3.77,3.79,3.59,3936626
2022-06-27,3.78,3.79,3.83,3.61,3273144
2022-06-28,3.83,3.61,3.86,3.56,2816906
2022-06-29,3.59,3.5,3.61,3.445,2609674
2022-06-30,2.9,2.85,2.95,2.72,19953090
2022-07-01,2.85,2.81,2.94,2.6438,11186776
2022-07-05,2.75,2.71,2.76,2.61,11768872
2022-07-06,2.73,2.65,2.78,2.59,9137756
2022-07-07,2.64,2.71,2.76,2.59,10048140
2022-07-08,2.67,2.62,2.68,2.53,16783110
2022-07-11,2.47,2.31,2.59,2.31,13179916
2022-07-12,2.31,2.29,2.38,2.25,9332442
2022-07-13,2.24,2.24,2.27,2.16,9055284
2022-07-14,2.2,2.44,2.46,2.13,23826809
2022-07-15,2.45,2.24,2.49,2.18,12670876
2022-07-18,2.295,2.59,2.74,2.28,20488613
2022-07-19,2.63,2.61,2.79,2.47,20737855
2022-07-20,2.6,3.05,3.175,2.55,32406584
2022-07-21,3.13,2.76,3.15,2.72,23557264
2022-07-22,2.71,2.565,2.84,2.52,10683558
2022-07-25,2.56,2.54,2.62,2.45,10548967
2022-07-26,2.49,2.36,2.51,2.34,7496063
2022-07-27,2.42,2.44,2.44,2.34,5411584
2022-07-28,2.43,2.56,2.57,2.363,8906628
2022-07-29,2.53,2.63,2.67,2.46,10052195
2022-08-01,2.63,2.53,2.63,2.5101,5979901
2022-08-02,2.54,2.87,2.9299,2.5,13328604
2022-08-03,2.99,2.92,3.03,2.84,9746625
2022-08-04,2.89,2.89,3.01,2.7606,8808851
2022-08-05,2.6,2.7,2.76,2.51,9963518
2022-08-08,2.74,3.28,3.28,2.7,16810607
2022-08-09,3.18,2.87,3.24,2.87,11145885
2022-08-10,3.01,3.29,3.36,2.84,16201631
2022-08-11,3.35,3.15,3.52,3.13,14934564
2022-08-12,3.23,3.3,3.32,3.17,8969763
2022-08-15,3.26,3.82,3.94,3.23,22753625
2022-08-16,3.86,3.78,3.96,3.55,18983523
2022-08-17,3.73,4.06,4.3,3.64,29991736
2022-08-18,4.01,3.81,4.04,3.69,16716261
2022-08-19,3.69,3.82,3.8797,3.65,17378083
2022-08-22,3.69,3.3,3.7,3.28,13975016
2022-08-23,3.31,3.44,3.57,3.3,9286484
2022-08-24,3.44,3.89,3.985,3.36,15960377
2022-08-25,3.95,4.23,4.25,3.85,17311691
2022-08-26,4.225,3.84,4.2599,3.8,11687264
2022-08-29,3.77,3.96,4.14,3.75,9961125
2022-08-30,4.1,3.68,4.1,3.56,14593711
2022-08-31,3.7,3.68,3.7676,3.6,6833022
2022-09-01,3.59,3.52,3.64,3.34,10852378
2022-09-02,3.55,3.46,3.62,3.44,6903456
2022-09-06,3.45,3.26,3.48,3.23,8193045
2022-09-07,3.21,3.41,3.46,3.15,8634289
2022-09-08,3.37,3.51,3.51,3.3401,7130816
2022-09-09,3.54,3.65,3.76,3.54,9122681
2022-09-12,3.69,3.83,3.845,3.64,7182544
2022-09-13,3.64,3.46,3.66,3.44,8634316
2022-09-14,3.48,3.48,3.48,3.365,4902946
2022-09-15,3.45,3.44,3.57,3.41,7085133
2022-09-16,3.38,3.17,3.39,3.17,9462741
2022-09-19,3.13,3.23,3.24,3.08,5816403
2022-09-20,3.18,3.08,3.23,3.08,4514430
2022-09-21,3.11,2.94,3.1178,2.93,8030324
2022-09-22,2.94,2.72,2.99,2.69,9705992
2022-09-23,2.63,2.84,2.84,2.6,8378029
2022-09-26,2.81,2.74,3.03,2.735,9265682
2022-09-27,2.83,2.86,2.92,2.75,9302732
2022-09-28,2.85,3.04,3.05,2.84,5335367
2022-09-29,2.95,2.78,2.97,2.77,5607740
2022-09-30,2.75,2.73,2.875,2.72,4222382
2022-10-03,2.78,2.91,2.93,2.7202,6956714
2022-10-04,3.0,3.14,3.18,2.99,7933821
2022-10-05,3.07,3.07,3.09,2.95,5237975
2022-10-06,3.07,3.75,3.83,2.92,37517603
2022-10-07,3.7,2.79,3.73,2.765,56396196
2022-10-10,2.8,2.41,2.8199,2.38,20987047
2022-10-11,2.42,2.38,2.58,2.33,14113907
2022-10-12,2.38,2.48,2.5,2.32,13789625
2022-10-13,2.33,2.47,2.54,2.32,13890194
2022-10-14,2.49,2.35,2.57,2.34,11053102
2022-10-17,2.43,2.53,2.67,2.3936,16202750
2022-10-18,2.62,2.59,2.67,2.4802,8284800
2022-10-19,2.55,2.42,2.63,2.4,8395369
2022-10-20,2.42,2.37,2.53,2.35,10456327
2022-10-21,2.36,2.39,2.4,2.26,8680575
2022-10-24,2.4,2.29,2.4,2.2301,8837407
2022-10-25,2.4,2.91,3.02,2.35,42994423
2022-10-26,2.93,3.17,3.339,2.83,43922174
2022-10-27,3.1,2.99,3.1979,2.97,19205477
2022-10-28,3.0,3.15,3.17,2.91,13377858
2022-10-31,3.11,3.73,3.89,3.08,40599160
2022-11-01,3.66,3.49,3.72,3.3107,21034594
2022-11-02,3.4,3.23,3.62,3.22,14787042
2022-11-03,3.16,3.45,3.53,3.1102,14421138
2022-11-04,3.57,3.29,3.6,3.18,14127908
2022-11-07,3.3,3.21,3.31,3.17,10071507
2022-11-08,3.25,3.2,3.42,3.09,14274244
2022-11-09,3.1,3.21,3.59,2.98,22314796
2022-11-10,3.4,3.81,3.83,3.325,23119911
2022-11-11,3.75,4.22,4.27,3.73,24687075
2022-11-14,4.34,4.24,4.4,4.06,22364034
2022-11-15,4.42,4.12,4.5596,4.05,19952364
2022-11-16,4.03,4.06,4.19,3.85,15396318
2022-11-17,3.99,4.13,4.21,3.88,8994118
2022-11-18,4.13,3.67,4.18,3.67,16003132
2022-11-21,3.63,3.63,3.83,3.57,10262564
2022-11-22,3.66,3.48,3.68,3.43,10126744
2022-11-23,3.48,3.5,3.58,3.37,13528870
2022-11-25,3.52,3.66,3.76,3.45,6956819
2022-11-28,3.59,3.4,3.71,3.3864,9500002
2022-11-29,3.4,3.42,3.5,3.34,6383648
2022-11-30,3.44,3.62,3.63,3.35,13621150
2022-12-01,3.68,3.93,3.95,3.5715,11186862
2022-12-02,3.83,4.29,4.46,3.79,35334351
2022-12-05,4.29,4.32,4.77,4.2,27683226
2022-12-06,4.26,3.61,4.28,3.47,28276330
2022-12-07,3.56,3.24,3.6,3.2,19613773
2022-12-08,3.28,3.09,3.31,2.97,16071763
2022-12-09,3.07,2.87,3.17,2.87,19604716
2022-12-12,2.92,2.96,3.06,2.81,14741267
2022-12-13,3.1,2.91,3.175,2.83,18869136
2022-12-14,2.87,2.84,2.8799,2.76,13964708
2022-12-15,2.76,2.61,2.77,2.55,15693370
2022-12-16,2.65,2.6,2.68,2.51,11797916
2022-12-19,2.6,2.41,2.61,2.38,12761203
2022-12-20,2.37,2.37,2.44,2.3017,9433834
2022-12-21,2.39,2.41,2.46,2.35,8977213
2022-12-22,2.37,2.29,2.379,2.19,10340343
2022-12-23,2.3,2.33,2.33,2.22,7137272
2022-12-27,2.28,2.09,2.291,2.09,11586589
2022-12-28,2.17,2.19,2.29,2.13,7721582
2022-12-29,2.25,2.28,2.3,2.165,8115044
2022-12-30,2.25,2.31,2.32,2.21,6260660
2023-01-03,2.37,2.31,2.45,2.27,7379068
2023-01-04,2.35,2.51,2.58,2.3,10959925
2023-01-05,2.44,2.39,2.4799,2.37,7727665
2023-01-06,2.435,2.38,2.46,2.34,7451680
2023-01-09,2.41,2.39,2.48,2.23,8746831
2023-01-10,2.38,2.4,2.45,2.3525,8010355
2023-01-11,2.43,2.48,2.6,2.4,12431421
2023-01-12,2.5,2.66,2.67,2.4,14957195
2023-01-13,2.6,2.61,2.69,2.55,11579335
2023-01-17,2.66,2.71,2.73,2.58,10751095
2023-01-18,2.72,2.68,2.84,2.66,13731628
2023-01-19,2.6,2.54,2.66,2.53,9341264
2023-01-20,2.54,2.61,2.66,2.51,8250699
2023-01-23,2.63,2.78,2.81,2.6,10660870
2023-01-24,2.77,2.76,2.81,2.6801,7874989
2023-01-25,2.69,2.76,2.77,2.6601,5453492
2023-01-26,2.81,2.76,2.88,2.7,9459723
2023-01-27,2.75,2.93,2.99,2.73,10121893
2023-01-30,2.9,2.84,2.96,2.83,7277989
2023-01-31,2.84,3.03,3.05,2.8238,9066526
2023-02-01,3.0,3.08,3.11,2.92,10122315
2023-02-02,3.16,3.14,3.22,3.065,11259770
2023-02-03,3.05,2.92,3.1617,2.9,11076948
2023-02-06,2.88,2.95,2.97,2.85,5643350
2023-02-07,2.96,2.82,2.96,2.73,9352834
2023-02-08,2.76,2.74,2.85,2.72,5927453
2023-02-09,2.52,2.27,2.57,2.25,16666951
2023-02-10,2.34,2.28,2.41,2.21,8035979
2023-02-13,2.27,2.29,2.29,2.2,6691248
2023-02-14,2.26,2.32,2.34,2.22,5940201
2023-02-15,2.3,2.43,2.44,2.285,5911654
2023-02-16,2.36,2.44,2.54,2.34,6985273
2023-02-17,2.42,2.51,2.51,2.37,4680464
2023-02-21,2.41,2.4,2.47,2.35,12142151
2023-02-22,2.38,2.39,2.4364,2.3,8478439
2023-02-23,2.4,2.38,2.41,2.3,4718264
2023-02-24,2.32,2.33,2.33,2.27,4066011
2023-02-27,2.33,2.3,2.37,2.29,4322730
2023-02-28,2.3,2.3,2.33,2.275,3780440
2023-03-01,2.32,2.25,2.33,2.25,4338026
2023-03-02,2.25,2.24,2.2699,2.2,3831886
2023-03-03,2.27,2.28,2.31,2.23,4158280
2023-03-06,2.29,2.23,2.3099,2.22,3819662
2023-03-07,2.26,2.2,2.26,2.18,3314370
2023-03-08,2.2,2.23,2.25,2.185,2390264
2023-03-09,2.21,2.13,2.24,2.1137,5520266
2023-03-10,2.14,2.05,2.14,2.02,6863040
2023-03-13,2.01,2.03,2.14,2.01,7030929
2023-03-14,2.06,2.07,2.11,2.05,4210068
2023-03-15,2.06,2.03,2.06,1.97,6088033
2023-03-16,2.0,2.04,2.08,1.98,9654263
2023-03-17,2.02,2.0,2.0371,1.97,5060745
2023-03-20,2.0,1.86,2.0,1.85,7186140
2023-03-21,1.89,1.97,2.02,1.87,6593375
2023-03-22,1.97,1.88,2.0,1.88,5591321
2023-03-23,1.92,1.91,1.95,1.89,4541435
2023-03-24,1.91,1.9,1.93,1.8783,4018716
2023-03-27,1.91,1.88,1.925,1.86,4619321
2023-03-28,1.87,1.81,1.89,1.81,4044895
2023-03-29,1.81,1.81,1.86,1.8,4559876
2023-03-30,1.81,1.76,1.83,1.76,5137605
2023-03-31,1.78,1.75,1.79,1.75,5149540
2023-04-03,1.75,1.69,1.77,1.654,5283237
2023-04-04,1.71,1.67,1.71,1.65,4727878
2023-04-05,1.67,1.59,1.68,1.58,5243880
2023-04-06,1.6,1.58,1.63,1.5405,5598061
2023-04-10,1.56,1.6,1.63,1.55,9104214
2023-04-11,1.59,1.54,1.5931,1.52,5752785
2023-04-12,1.55,1.52,1.58,1.51,4074892
2023-04-13,1.52,1.51,1.56,1.51,4641445
2023-04-14,1.5,1.43,1.53,1.43,6538152
2023-04-17,1.45,1.48,1.5,1.43,6919962
2023-04-18,1.5,1.43,1.51,1.43,4725450
2023-04-19,1.43,1.43,1.45,1.41,3206374
2023-04-20,1.41,1.35,1.44,1.35,5227565
2023-04-21,1.35,1.34,1.38,1.34,2357334
2023-04-24,1.33,1.32,1.35,1.2601,5139832
2023-04-25,1.3,1.28,1.31,1.26,5437475
2023-04-26,1.3,1.27,1.3,1.27,4180294
2023-04-27,1.34,1.31,1.36,1.28,11656367
2023-04-28,1.305,1.3,1.37,1.3,5259328
2023-05-01,1.31,1.29,1.32,1.25,4805512
2023-05-02,1.28,1.22,1.28,1.2,3835183
2023-05-03,1.2299,1.21,1.25,1.2,3889847
2023-05-04,1.21,1.25,1.28,1.18,11248207
