2021-10-08,12.15,12.77,13.8,12.1101,2513584
2021-10-11,12.88,12.3,12.9777,12.0,525974
2021-10-12,12.3,12.17,13.0,12.0,212543
2021-10-13,12.3,12.2,12.48,12.05,91985
2021-10-14,12.2,12.11,12.43,12.0,100585
2021-10-15,12.48,11.9,12.49,11.9,330586
2021-10-18,11.99,12.0,12.2772,11.9,104711
2021-10-19,12.0,12.0,12.229,11.9,94925
2021-10-20,12.25,12.22,12.46,12.1,104978
2021-10-21,12.25,12.16,12.39,12.0,59287
2021-10-22,12.28,12.0,12.28,11.9,89167
2021-10-25,12.0,12.16,12.33,12.0,31473
2021-10-26,12.27,12.07,12.34,12.0,50772
2021-10-27,12.0,12.1,12.1,12.0,37734
2021-10-28,12.0,12.15,12.289,12.0,15243
2021-10-29,12.041,12.09,12.26,12.0,22329
2021-11-01,12.01,12.1,12.1,12.0,9479
2021-11-02,12.0,12.21,12.755,12.0,159791
2021-11-03,12.71,12.53,12.71,12.2,70546
2021-11-04,12.97,12.41,12.97,12.28,193059
2021-11-05,12.49,12.02,12.8454,12.02,113380
2021-11-08,12.28,12.13,12.7799,12.03,89423
2021-11-09,12.14,12.98,12.99,12.13,109311
2021-11-10,13.0,12.28,13.0,12.16,62149
2021-11-11,12.31,12.13,12.68,12.0,52134
2021-11-12,12.12,11.74,12.4,11.21,51175
2021-11-15,11.81,11.52,12.05,11.21,60129
2021-11-16,11.6597,10.54,11.77,10.54,53195
2021-11-17,10.55,10.79,11.065,10.5,16389
2021-11-18,10.69,10.71,12.05,10.69,45750
2021-11-19,10.63,10.31,11.35,9.64,32493
2021-11-22,10.24,10.05,10.99,9.25,46749
2021-11-23,10.1,9.58,10.95,9.34,151006
2021-11-24,9.3,8.89,9.82,8.2902,74675
2021-11-26,8.62,8.92,9.35,8.26,18072
2021-11-29,9.16,8.27,9.16,7.955,68793
2021-11-30,8.31,8.68,9.0,7.87,58679
2021-12-01,8.67,8.54,9.1,8.25,77630
2021-12-02,8.49,8.82,8.845,7.935,35143
2021-12-03,8.85,8.31,8.85,7.5566,62106
2021-12-06,8.55,8.37,9.055,8.12,63114
2021-12-07,8.33,8.45,8.94,8.33,31363
2021-12-08,8.46,8.29,9.22,8.075,87093
2021-12-09,8.16,7.84,8.5,7.71,18224
2021-12-10,8.03,8.05,8.83,7.9,35783
2021-12-13,7.93,7.09,7.95,7.05,53286
2021-12-14,6.94,6.19,6.96,6.01,73289
2021-12-15,6.07,6.12,6.3932,6.0,35161
2021-12-16,6.575,5.8,6.575,5.5,119544
2021-12-17,5.73,5.25,6.0,5.25,273888
2021-12-20,5.2,5.1,5.58,4.68,120799
2021-12-21,5.08,5.47,5.9,5.08,100684
2021-12-22,5.38,5.86,6.0899,5.38,126365
2021-12-23,5.8,6.16,6.43,5.75,91050
2021-12-27,6.27,6.25,6.77,6.09,98336
2021-12-28,6.15,6.0,6.33,5.8654,34362
2021-12-29,6.16,5.76,6.34,5.55,73284
2021-12-30,5.8,6.02,6.08,5.7,19642
2021-12-31,6.35,6.32,6.58,6.17,9272
2022-01-03,6.4758,6.25,6.4758,6.15,32603
2022-01-04,6.38,6.89,7.2999,6.205,372563
2022-01-05,6.7137,6.35,6.9095,6.25,79035
2022-01-06,6.27,6.25,6.5,6.07,22549
2022-01-07,6.23,5.75,6.44,5.6,117444
2022-01-10,5.85,6.0,6.08,5.5501,51325
2022-01-11,6.65,6.9,7.2,6.46,203532
2022-01-12,7.0,6.26,7.1599,5.87,173693
2022-01-13,6.26,6.47,6.7,6.26,31630
2022-01-14,6.3,6.25,6.45,6.21,44131
2022-01-18,6.47,5.49,6.47,5.2,166265
2022-01-19,5.49,5.07,5.7056,4.9123,71726
2022-01-20,5.03,4.14,5.245,3.99,193652
2022-01-21,4.07,3.5,4.13,3.5,147018
2022-01-24,3.4,3.54,3.63,3.18,358151
2022-01-25,3.48,3.7,3.7938,3.0201,94393
2022-01-26,3.71,4.06,4.11,3.5829,69481
2022-01-27,4.13,3.6,4.318,3.52,35721
2022-01-28,3.56,3.47,3.705,3.43,22362
2022-01-31,3.44,4.4,4.49,3.43,88442
2022-02-01,4.6,4.52,4.79,4.3,98109
2022-02-02,4.69,4.33,4.69,4.04,35851
2022-02-03,4.25,4.48,4.4894,4.25,28286
2022-02-04,4.53,4.41,4.53,4.21,33360
2022-02-07,4.44,4.14,4.44,4.0,50635
2022-02-08,4.16,4.11,4.18,3.82,54031
2022-02-09,4.23,4.12,4.36,3.93,51397
2022-02-10,4.2,4.28,4.32,3.9453,26942
2022-02-11,4.24,4.01,4.24,3.62,124724
2022-02-14,4.0,3.79,4.0,3.75,36019
2022-02-15,3.79,3.65,3.92,3.63,58985
2022-02-16,3.74,3.64,3.85,3.35,31203
2022-02-17,3.51,3.59,3.6263,3.38,38153
2022-02-18,3.5,3.29,3.51,3.2545,31797
2022-02-22,3.29,3.2,3.29,3.05,51235
2022-02-23,3.0,2.95,3.05,2.95,98856
2022-02-24,2.84,2.93,2.99,2.7,44590
2022-02-25,3.12,2.9,3.17,2.79,33686
2022-02-28,2.91,3.07,3.14,2.781,54577
2022-03-01,3.15,2.79,3.15,2.77,23566
2022-03-02,3.0,2.62,3.0,2.58,45233
2022-03-03,2.6288,2.48,2.68,2.31,27668
2022-03-04,2.62,2.51,2.62,2.42,17765
2022-03-07,2.595,2.67,2.7,2.51,74329
2022-03-08,2.48,2.65,2.77,2.48,55409
2022-03-09,2.62,2.65,2.72,2.45,104983
2022-03-10,2.64,2.65,2.7,2.5,66831
2022-03-11,2.65,2.69,2.69,2.5001,61896
2022-03-14,2.66,2.6,2.719,2.54,82412
2022-03-15,2.54,2.51,2.6899,2.5,37210
2022-03-16,2.62,2.53,2.91,2.53,78979
2022-03-17,2.65,2.41,2.7206,2.37,137208
2022-03-18,2.43,2.99,3.03,2.38,148471
2022-03-21,2.99,3.23,3.47,2.74,105004
2022-03-22,3.22,2.95,3.27,2.63,85822
2022-03-23,3.0,3.05,3.16,3.0,64361
2022-03-24,3.23,2.88,3.23,2.68,40179
2022-03-25,2.85,2.98,3.09,2.85,21963
2022-03-28,2.9,3.04,3.05,2.74,209897
2022-03-29,3.29,2.97,3.29,2.64,86944
2022-03-30,2.7801,2.66,3.28,2.66,51487
2022-03-31,2.72,2.75,2.8899,2.7,29015
2022-04-01,2.75,2.6,2.91,2.5028,64149
2022-04-04,2.73,3.33,3.45,2.59,335753
2022-04-05,3.35,3.45,3.62,3.2,145940
2022-04-06,3.5,3.28,3.5,3.07,126964
2022-04-07,3.33,3.09,3.38,3.02,110343
2022-04-08,3.01,3.13,3.17,2.91,27837
2022-04-11,3.19,3.18,3.2,2.94,53606
2022-04-12,3.23,3.04,3.3,2.61,115741
2022-04-13,2.9332,2.88,3.1,2.837,10290
2022-04-14,2.9,2.9,3.0,2.85,21109
2022-04-18,2.9,2.71,2.95,2.56,105804
2022-04-19,2.74,2.8,2.85,2.6402,26865
2022-04-20,2.78,2.99,3.0,2.65,30526
2022-04-21,3.0,3.1,3.14,3.0,18470
2022-04-22,3.34,3.15,3.3473,3.15,45948
2022-04-25,3.28,3.05,3.28,2.82,110676
2022-04-26,2.97,2.82,3.165,2.77,135947
2022-04-27,2.74,2.9,2.9,2.71,40923
2022-04-28,2.9,2.88,3.09,2.69,38119
2022-04-29,2.8,2.77,2.8,2.65,51240
2022-05-02,2.8,3.14,3.24,2.8,21739
2022-05-03,3.23,2.89,3.23,2.76,147794
2022-05-04,2.77,3.01,3.01,2.535,80421
2022-05-05,3.05,2.9,3.05,2.68,21602
2022-05-06,2.93,3.0,3.0,2.76,14994
2022-05-09,2.85,2.76,2.9,2.69,42061
2022-05-10,2.67,2.7,2.818,2.5,37785
2022-05-11,2.96,2.5,2.96,2.5,52460
2022-05-12,2.6426,2.59,2.7516,2.47,61409
2022-05-13,2.9078,2.92,2.92,2.48,105997
2022-05-16,2.75,2.86,2.92,2.69,18294
2022-05-17,2.9,2.89,2.9195,2.68,21793
2022-05-18,2.9092,2.9,2.9092,2.68,15428
2022-05-19,2.7,2.7,2.8787,2.69,38847
2022-05-20,2.7601,2.75,2.85,2.74,11264
2022-05-23,2.78,2.6,2.78,2.6,16529
2022-05-24,2.648,2.45,2.72,2.41,40058
2022-05-25,2.5,2.38,2.5,2.33,9364
2022-05-26,2.45,2.49,2.5,2.415,19364
2022-05-27,2.5,2.68,2.7949,2.5,36714
2022-05-31,2.69,2.62,2.81,2.6,18716
2022-06-01,3.05,2.65,3.05,2.65,40331
2022-06-02,2.62,2.5,2.89,2.42,46943
2022-06-03,2.42,2.49,2.505,2.21,51209
2022-06-06,2.46,2.45,2.78,2.4,27794
2022-06-07,2.4,2.31,2.44,2.3,18216
2022-06-08,2.3715,2.2,2.47,2.13,39905
2022-06-09,2.1443,2.2,2.2,2.12,9156
2022-06-10,2.27,1.92,2.272,1.92,17435
2022-06-13,1.9814,1.97,2.04,1.9211,14491
2022-06-14,1.92,2.02,2.235,1.92,6642
2022-06-15,2.26,1.81,2.26,1.81,25485
2022-06-16,1.86,1.91,2.19,1.86,21259
2022-06-17,2.08,1.66,2.26,1.66,48767
2022-06-21,1.81,1.58,1.86,1.58,22310
2022-06-22,1.51,1.5,1.7698,1.5,58430
2022-06-23,1.6,1.64,1.7,1.57,65140
2022-06-24,1.9,1.84,1.9499,1.55,102607
2022-06-27,1.96,1.81,1.96,1.77,5653
2022-06-28,1.87,1.7,1.88,1.64,26786
2022-06-29,1.7,2.1601,2.28,1.7,106027
2022-06-30,2.03,2.11,2.3,2.03,51817
2022-07-01,2.1,2.25,2.49,2.1,56435
2022-07-05,2.4,2.66,2.78,2.1,152470
2022-07-06,2.66,2.45,2.725,2.375,23785
2022-07-07,2.29,2.2901,2.345,2.201,14359
2022-07-08,2.3,2.35,2.57,2.3,20077
2022-07-11,2.48,2.17,2.49,2.16,14596
2022-07-12,2.24,1.99,2.24,1.9792,19957
2022-07-13,2.0691,2.05,2.2,1.98,42571
2022-07-14,2.48,2.0,2.4899,1.95,11475
2022-07-15,2.07,2.01,2.07,1.9549,22774
2022-07-18,2.11,2.0,2.11,1.89,26935
2022-07-19,2.0599,2.01,2.08,1.94,52272
2022-07-20,2.01,1.98,2.08,1.95,47502
2022-07-21,2.06,2.2,2.4499,2.035,48502
2022-07-22,2.25,2.12,2.35,2.0,40814
2022-07-25,2.25,2.06,2.25,2.05,8586
2022-07-26,2.05,2.08,2.2099,2.05,23390
2022-07-27,2.05,2.05,2.2673,1.76,132102
2022-07-28,1.8037,2.02,2.0253,1.8037,17179
2022-07-29,2.01,1.89,2.4,1.77,74509
2022-08-01,2.0,2.12,2.16,1.95,16245
2022-08-02,2.15,2.08,2.22,2.0623,15981
2022-08-03,2.19,2.22,2.3,2.0,49329
2022-08-04,2.29,3.6,6.2686,2.08,21459771
2022-08-05,3.0,3.13,3.83,2.7,4166765
2022-08-08,3.0,2.77,3.33,2.51,2660833
2022-08-09,2.61,2.64,2.75,2.33,454008
2022-08-10,2.665,2.38,2.8,2.35,223339
2022-08-11,2.31,2.37,2.5898,2.24,202016
2022-08-12,2.3,2.26,2.45,2.22,126586
2022-08-15,2.26,2.0,2.39,1.93,300134
2022-08-16,1.98,2.18,2.2683,1.98,206852
2022-08-17,2.09,2.24,2.44,2.0701,279029
2022-08-18,2.23,2.07,2.23,2.0,206818
2022-08-19,2.1,2.06,2.11,2.0,72305
2022-08-22,2.0,2.04,2.0787,1.9822,54745
2022-08-23,2.19,2.1,2.1999,2.02,78586
2022-08-24,2.0295,2.09,2.16,2.0251,41278
2022-08-25,2.19,2.14,2.19,2.01,43946
2022-08-26,2.22,2.06,2.22,1.99,50357
2022-08-29,2.04,1.96,2.07,1.93,46874
2022-08-30,2.0,2.0,2.0,1.87,32847
2022-08-31,1.98,2.05,2.06,1.93,17008
2022-09-01,2.03,1.97,2.0334,1.8501,68822
2022-09-02,1.9138,1.88,2.02,1.76,62746
2022-09-06,1.94,1.88,2.01,1.8,43579
2022-09-07,1.82,1.83,1.9795,1.76,81433
2022-09-08,1.82,1.92,1.99,1.82,104486
2022-09-09,1.9,1.85,2.04,1.84,129995
2022-09-12,1.85,1.84,2.0029,1.76,150817
2022-09-13,1.79,1.81,1.9596,1.78,56605
2022-09-14,1.8895,1.84,1.9,1.75,41178
2022-09-15,1.84,1.87,1.97,1.8,90801
2022-09-16,1.81,1.75,1.885,1.75,150026
2022-09-19,1.75,1.78,1.8799,1.74,86164
2022-09-20,1.74,1.78,1.8251,1.7287,16901
2022-09-21,1.75,1.75,1.85,1.72,8260
2022-09-22,1.73,1.75,1.78,1.66,38453
2022-09-23,1.6601,1.67,1.75,1.6601,27192
2022-09-26,1.63,1.71,1.79,1.63,60730
2022-09-27,1.82,1.63,1.84,1.61,72586
2022-09-28,1.77,1.74,2.04,1.69,156455
2022-09-29,1.89,1.98,2.12,1.89,148374
2022-09-30,2.04,1.9,2.04,1.86,137005
2022-10-03,1.9,1.81,1.9897,1.75,54601
2022-10-04,1.81,1.92,1.98,1.75,80486
2022-10-05,1.9,1.98,2.0437,1.8832,29215
2022-10-06,1.925,1.98,2.06,1.925,57576
2022-10-07,1.97,1.93,1.97,1.7601,53860
2022-10-10,1.87,1.75,1.92,1.7476,46169
2022-10-11,1.76,1.65,1.81,1.63,55672
2022-10-12,1.6881,1.64,1.6881,1.5805,44976
2022-10-13,1.66,1.82,1.85,1.6005,155403
2022-10-14,1.78,1.82,1.9491,1.75,61299
2022-10-17,1.79,1.79,1.89,1.78,65255
2022-10-18,1.93,1.84,1.93,1.81,25448
2022-10-19,1.9699,1.88,1.97,1.78,62481
2022-10-20,1.91,1.75,1.91,1.7,53425
2022-10-21,1.76,1.71,1.7674,1.67,21936
2022-10-24,1.71,1.73,1.7338,1.67,14099
2022-10-25,1.71,1.71,1.75,1.68,28063
2022-10-26,1.7,1.75,1.82,1.62,115652
2022-10-27,1.71,1.74,1.777,1.65,10990
2022-10-28,1.69,1.95,1.95,1.62,419428
2022-10-31,2.06,1.78,2.06,1.6801,72988
2022-11-01,1.76,1.72,1.791,1.7,41652
2022-11-02,1.72,1.78,1.88,1.7,117746
2022-11-03,1.79,1.79,1.8299,1.7195,23070
2022-11-04,1.75,1.79,1.8028,1.74,13762
2022-11-07,1.7333,1.66,1.79,1.65,46702
2022-11-08,1.39,1.42,1.48,1.19,216493
2022-11-09,1.53,1.2101,1.53,1.21,136615
2022-11-10,1.15,1.17,1.2424,1.07,586882
2022-11-11,1.2,1.32,1.35,1.2,98923
2022-11-14,1.27,1.24,1.3253,1.12,87563
2022-11-15,1.29,1.45,1.54,1.23,270644
2022-11-16,1.57,1.37,1.5762,1.33,189040
2022-11-17,1.47,1.34,1.53,1.31,221944
2022-11-18,1.4,1.47,1.56,1.35,142792
2022-11-21,1.57,1.55,1.59,1.4544,117445
2022-11-22,1.55,1.69,1.83,1.5,274106
2022-11-23,1.75,1.93,1.95,1.75,250689
2022-11-25,1.95,2.48,2.58,1.95,1501924
2022-11-28,2.5,2.55,3.0,2.39,1437683
2022-11-29,2.57,2.48,2.95,2.44,560491
2022-11-30,2.53,3.51,3.51,2.4201,1243273
2022-12-01,3.2,2.6,3.45,2.55,883938
2022-12-02,2.76,2.81,2.97,2.52,396039
2022-12-05,2.87,2.67,2.8886,2.67,211434
2022-12-06,2.65,2.47,2.7253,2.42,138887
2022-12-07,2.46,2.76,2.84,2.33,269386
2022-12-08,2.76,3.05,3.09,2.75,188324
2022-12-09,3.06,2.77,3.15,2.54,240171
2022-12-12,2.72,2.64,2.74,2.5899,93714
2022-12-13,2.65,2.56,2.68,2.52,84480
2022-12-14,2.56,2.67,2.68,2.47,83284
2022-12-15,2.65,2.62,2.71,2.5,106036
2022-12-16,2.54,2.69,2.76,2.38,113677
2022-12-19,2.68,2.25,2.68,2.2,126030
2022-12-20,2.21,2.35,2.44,2.21,43833
2022-12-21,2.31,2.22,2.31,2.22,37159
2022-12-22,2.246,2.33,2.33,2.22,33876
2022-12-23,2.2674,2.36,2.3616,2.2674,13363
2022-12-27,2.31,2.1,2.5399,2.05,98513
2022-12-28,2.05,2.18,2.27,2.0,41111
2022-12-29,2.17,2.19,2.37,2.14,46733
2022-12-30,2.2406,2.1,2.2406,1.91,120929
2023-01-03,2.1,2.05,2.295,1.9,101363
2023-01-04,2.0917,2.28,2.33,2.04,72035
2023-01-05,2.3,2.3,2.33,2.2113,13790
2023-01-06,2.29,2.26,2.39,2.2201,46270
2023-01-09,2.34,2.23,2.43,2.22,48889
2023-01-10,2.26,2.23,2.2999,2.2,39054
2023-01-11,2.22,2.13,2.378,2.115,52671
2023-01-12,2.1,2.15,2.19,2.0,103238
2023-01-13,2.21,2.22,2.331,2.04,51284
2023-01-17,2.15,2.08,2.2892,2.05,70569
2023-01-18,2.1269,2.0,2.1269,1.98,56926
2023-01-19,2.0,2.03,2.2191,1.98,24481
2023-01-20,2.05,2.03,2.08,2.0,72812
2023-01-23,2.07,1.94,2.1799,1.86,74917
2023-01-24,2.0,1.985,2.02,1.947,59470
2023-01-25,2.02,2.0,2.02,1.96,61647
2023-01-26,1.97,1.99,2.04,1.9604,20631
2023-01-27,1.95,2.02,2.04,1.9399,41879
2023-01-30,1.99,1.97,2.055,1.9649,18855
2023-01-31,1.9877,1.97,2.0399,1.93,53234
2023-02-01,1.97,1.92,2.064,1.89,44140
2023-02-02,1.9,1.92,1.98,1.89,48325
2023-02-03,1.989,2.12,2.14,1.84,240571
2023-02-06,2.12,1.98,2.12,1.85,94888
2023-02-07,1.98,1.94,1.98,1.83,76777
2023-02-08,2.0,1.91,2.09,1.8901,36651
2023-02-09,2.08,1.93,2.08,1.9,57785
2023-02-10,1.9424,1.86,1.9424,1.86,35003
2023-02-13,1.915,1.81,1.9282,1.81,53182
2023-02-14,1.83,1.82,1.8453,1.75,46407
2023-02-15,1.81,1.87,1.8993,1.805,17041
2023-02-16,1.74,1.86,1.95,1.74,53674
2023-02-17,1.84,1.8,1.84,1.8,26359
2023-02-21,1.815,1.635,1.86,1.57,187377
2023-02-22,1.77,1.74,1.92,1.68,563136
2023-02-23,1.75,1.67,1.7694,1.63,83441
2023-02-24,1.67,1.515,1.75,1.48,165885
2023-02-27,1.58,1.61,1.74,1.49,115781
2023-02-28,1.69,1.6,1.73,1.6,94266
2023-03-01,1.69,1.65,1.71,1.52,106920
2023-03-02,1.6806,1.7,1.72,1.6201,12021
2023-03-03,1.7155,1.69,1.7499,1.67,16066
2023-03-06,1.6559,1.79,1.79,1.65,36437
2023-03-07,1.79,1.94,1.9999,1.79,73522
2023-03-08,2.02,1.84,2.02,1.79,48580
2023-03-09,1.79,1.79,1.84,1.785,17344
2023-03-10,1.76,1.68,1.76,1.65,43535
2023-03-13,1.68,1.63,1.7576,1.61,26043
2023-03-14,1.72,1.61,1.72,1.6,41383
2023-03-15,1.6799,1.65,1.68,1.585,310993
2023-03-16,1.56,1.87,1.91,1.56,128062
2023-03-17,1.89,1.78,1.93,1.76,81153
2023-03-20,1.81,1.7,1.81,1.6548,51241
2023-03-21,1.7,1.77,1.9,1.66,53143
2023-03-22,1.79,1.86,1.89,1.7601,55302
2023-03-23,1.99,1.83,1.99,1.72,50668
2023-03-24,1.79,1.94,1.96,1.79,70098
2023-03-27,1.9599,2.09,2.25,1.9597,157284
2023-03-28,2.15,2.04,2.185,1.99,190697
2023-03-29,2.06,1.99,2.06,1.76,181422
2023-03-30,1.95,1.94,1.99,1.89,42091
2023-03-31,1.99,1.98,2.025,1.95,46889
2023-04-03,2.02,1.9,2.02,1.68,138087
2023-04-04,1.9,1.85,1.9,1.8053,20515
2023-04-05,1.82,1.83,1.88,1.75,46137
2023-04-06,1.8501,1.79,1.8501,1.7601,22838
2023-04-10,1.81,1.8426,1.89,1.78,15648
2023-04-11,1.8,1.74,1.8698,1.74,28526
2023-04-12,1.794,1.7702,1.8186,1.75,7347
2023-04-13,1.74,1.79,1.84,1.74,13105
2023-04-14,1.79,1.78,1.79,1.77,4777
2023-04-17,1.8,1.7403,1.83,1.74,26691
2023-04-18,1.81,1.7101,1.81,1.7,19102
2023-04-19,1.7608,1.68,1.7608,1.68,11693
2023-04-20,1.68,1.68,1.7113,1.66,21407
2023-04-21,1.7,1.72,1.76,1.63,32076
2023-04-24,1.76,1.87,1.93,1.72,17365
2023-04-25,1.92,1.77,1.9699,1.77,9694
2023-04-26,1.79,1.72,1.9,1.7,13215
2023-04-27,1.748,1.71,1.84,1.7003,20103
2023-04-28,1.71,1.78,1.78,1.66,27854
2023-05-01,1.73,1.65,1.7757,1.64,38310
2023-05-02,1.6,1.59,1.72,1.57,52147
2023-05-03,1.57,1.61,1.64,1.56,25692
2023-05-04,1.64,1.67,1.6709,1.59,9224
