2021-03-01,32.3,30.11,33.35,28.56,5180373
2021-03-02,31.26,28.5,31.55,28.0,3122552
2021-03-03,29.82,28.33,30.97,28.01,3389169
2021-03-04,28.0,24.21,28.1,22.01,7762126
2021-03-05,24.89,26.13,26.55,19.5,6898950
2021-03-08,28.0,25.68,29.15,25.12,4698727
2021-03-09,27.84,28.48,30.0,26.81,7328979
2021-03-10,30.08,28.63,30.54,27.75,4551405
2021-03-11,29.67,30.43,31.53,28.72,5170318
2021-03-12,26.41,27.84,28.45,25.84,10387546
2021-03-15,27.55,25.91,27.55,25.2,9431899
2021-03-16,25.94,24.7,26.0,23.86,8033382
2021-03-17,23.72,24.01,24.65,23.028,5431178
2021-03-18,24.49,24.0,25.1387,23.6,3955967
2021-03-19,24.5,23.51,24.56,23.43,4797602
2021-03-22,23.94,24.72,25.0,23.53,4107850
2021-03-23,24.7,22.93,24.78,22.61,4560098
2021-03-24,23.46,20.69,23.54,20.55,7505863
2021-03-25,20.0,20.21,22.59,19.59,6446031
2021-03-26,20.46,20.48,21.57,20.02,4371636
2021-03-29,21.3,20.92,22.01,20.53,3819297
2021-03-30,21.09,22.46,22.91,20.8,6840783
2021-03-31,24.54,26.7,27.8,23.6,18385190
2021-04-01,30.0,29.84,30.82,27.41,17753838
2021-04-05,32.28,28.14,32.48,28.0,14103606
2021-04-06,28.1,31.09,32.4699,27.21,15893349
2021-04-07,30.5,28.53,30.82,28.07,9302550
2021-04-08,29.01,28.58,29.8003,28.25,7015886
2021-04-09,28.56,27.65,29.26,27.38,5482762
2021-04-12,27.46,25.65,27.53,25.17,7459599
2021-04-13,25.0,24.83,25.907,24.41,6015088
2021-04-14,25.03,23.42,25.8,23.29,6186172
2021-04-15,23.71,23.89,24.07,22.06,7309511
2021-04-16,23.6,22.27,23.6,22.23,5889576
2021-04-19,22.47,21.62,22.5308,20.9,7319170
2021-04-20,21.11,20.2,21.765,19.71,10723817
2021-04-21,20.0,21.39,21.5,19.04,12997139
2021-04-22,22.56,22.07,23.25,21.295,12661066
2021-04-23,22.8,24.38,24.55,22.5,8815698
2021-04-26,25.16,26.43,26.49,24.51,8031760
2021-04-27,27.1,25.15,27.1,24.57,9514562
2021-04-28,24.14,26.33,26.74,23.84,9151449
2021-04-29,26.77,24.98,26.82,24.53,7885750
2021-04-30,24.37,25.32,26.12,24.25,5689929
2021-05-03,25.21,23.58,25.46,23.4,5808572
2021-05-04,23.06,23.12,23.48,21.68,6282251
2021-05-05,23.13,23.12,23.85,22.97,2085781
2021-05-06,22.65,22.5,23.19,21.95,3672204
2021-05-07,22.88,22.63,23.44,22.4,3002575
2021-05-10,22.88,21.34,22.88,21.21,3883717
2021-05-11,20.03,22.18,22.3299,20.0,5094976
2021-05-12,21.48,20.94,22.12,20.7,3416127
2021-05-13,21.19,20.21,22.0,19.56,4896826
2021-05-14,20.9,22.01,22.05,20.4,3297646
2021-05-17,21.51,23.08,23.08,21.41,2537182
2021-05-18,23.23,23.75,24.11,22.64,4178363
2021-05-19,22.37,23.8,23.9299,22.25,2763646
2021-05-20,23.63,24.34,24.54,23.58,2486884
2021-05-21,24.35,23.68,24.89,23.41,3262274
2021-05-24,23.7,23.4,24.065,23.05,2352748
2021-05-25,23.37,23.01,23.66,22.77,2265753
2021-05-26,23.11,25.05,25.47,23.02,5699718
2021-05-27,25.0,25.33,25.33,24.3,3234051
2021-05-28,25.2,24.35,25.84,24.1,3566527
2021-06-01,24.77,25.96,26.17,24.25,4273364
2021-06-02,25.74,27.3,27.38,25.05,6127406
2021-06-03,26.65,26.27,28.35,25.65,5436002
2021-06-04,27.4,28.11,28.24,26.44,6506301
2021-06-07,28.01,29.52,29.7496,27.69,7190666
2021-06-08,29.54,29.5,30.26,28.78,6664918
2021-06-09,29.4,28.31,29.65,28.18,3928825
2021-06-10,28.17,28.09,28.5763,27.26,3032002
2021-06-11,28.12,28.72,28.8098,28.09,2260379
2021-06-14,28.65,29.83,30.3,28.65,6210885
2021-06-15,29.8,29.39,30.28,28.52,4458859
2021-06-16,29.02,31.35,31.51,29.0018,8626312
2021-06-17,30.69,31.96,33.28,30.6,8411455
2021-06-18,32.04,33.14,33.61,31.9,18824808
2021-06-21,33.61,32.61,33.72,31.87,6328439
2021-06-22,32.65,32.74,33.84,32.39,4963582
2021-06-23,32.25,32.91,33.45,32.19,3615671
2021-06-24,33.25,31.91,33.57,31.53,5909159
2021-06-25,32.37,31.67,32.8145,31.22,10722184
2021-06-28,32.0,34.94,35.06,31.84,7028333
2021-06-29,34.925,35.69,36.86,34.31,6103980
2021-06-30,35.29,34.74,35.5,34.6727,3382287
2021-07-01,35.17,32.98,35.47,32.59,3917478
2021-07-02,33.33,32.02,33.78,31.8,3390819
2021-07-06,32.15,31.11,32.51,30.85,3446505
2021-07-07,31.18,28.5,31.21,28.41,7035805
2021-07-08,27.67,28.06,28.36,27.09,4657191
2021-07-09,28.79,27.9,28.7999,27.7,3776221
2021-07-12,28.08,28.84,29.48,27.6667,4810105
2021-07-13,27.3,26.09,27.4,25.915,8614920
2021-07-14,26.2,24.52,26.2,23.93,10909098
2021-07-15,24.24,23.27,24.564,22.8,17346561
2021-07-16,23.35,22.96,23.57,22.83,5253063
2021-07-19,22.73,23.47,23.87,22.37,6772754
2021-07-20,23.73,24.53,24.72,23.6,6863741
2021-07-21,24.88,25.96,26.0309,24.4,6258017
2021-07-22,26.115,24.06,26.21,23.89,7813224
2021-07-23,24.01,22.56,24.2,22.53,9745700
2021-07-26,22.54,23.23,24.18,22.5,6218515
2021-07-27,23.02,22.75,23.18,21.91,6813033
2021-07-28,22.75,24.37,24.64,22.7,7640021
2021-07-29,24.91,24.07,24.96,23.78,6136858
2021-07-30,24.56,23.65,24.65,23.45,4119910
2021-08-02,23.5,23.36,23.83,22.97,5069603
2021-08-03,23.5,23.12,23.62,22.7331,3553392
2021-08-04,23.4,23.22,23.93,23.03,4290149
2021-08-05,23.57,24.67,24.99,23.15,7960945
2021-08-06,24.74,23.81,25.09,23.6169,5368292
2021-08-09,24.04,25.74,26.35,23.82,7805544
2021-08-10,26.21,26.02,26.43,25.38,5702021
2021-08-11,26.6,25.06,26.6829,24.33,7858315
2021-08-12,24.74,25.18,25.22,23.89,3738297
2021-08-13,25.08,23.99,25.1,23.81,3962305
2021-08-16,23.69,22.55,23.77,22.47,6305316
2021-08-17,22.37,21.86,22.37,21.3,6645507
2021-08-18,22.12,21.75,22.17,21.39,6214551
2021-08-19,21.5,20.79,21.5792,20.74,6455110
2021-08-20,20.82,21.26,21.5193,20.76,4375584
2021-08-23,21.42,21.97,22.12,21.34,3983644
2021-08-24,22.33,22.54,22.6,22.0101,4401202
2021-08-25,22.7,22.24,22.7,21.82,4904752
2021-08-26,22.01,21.36,22.46,21.31,6124302
2021-08-27,21.74,21.24,21.85,21.19,8197458
2021-08-30,21.42,20.89,21.62,20.735,7807197
2021-08-31,20.99,21.15,21.7,20.89,7563350
2021-09-01,20.97,21.23,21.92,20.9402,16637061
2021-09-02,23.79,22.97,23.8,22.18,42543171
2021-09-03,22.68,22.01,22.93,21.76,19224425
2021-09-07,22.3,22.58,22.99,22.09,9987792
2021-09-08,22.32,21.67,22.4,21.365,8666038
2021-09-09,21.3,21.87,22.07,21.2815,5746048
2021-09-10,21.84,20.68,21.84,20.64,14028118
2021-09-13,20.84,21.22,21.62,20.3,12217295
2021-09-14,21.07,21.14,21.815,20.905,7442473
2021-09-15,20.76,20.61,20.8548,20.265,12443684
2021-09-16,20.58,20.7,20.7799,20.105,7872040
2021-09-17,20.97,21.31,21.51,20.6,11677684
2021-09-20,20.31,20.25,20.81,20.01,10770903
2021-09-21,20.3,20.31,20.4399,19.87,10085347
2021-09-22,20.17,20.32,20.711,20.14,6155579
2021-09-23,20.57,20.51,20.66,20.285,7027292
2021-09-24,20.17,19.91,20.27,19.81,10711573
2021-09-27,19.93,20.47,20.85,19.88,11257196
2021-09-28,20.36,20.83,21.425,20.15,17695511
2021-09-29,20.91,20.43,21.51,20.35,10637777
2021-09-30,20.39,19.99,20.4087,19.56,12841022
2021-10-01,19.91,19.31,20.05,18.77,15686291
2021-10-04,19.16,18.01,19.18,17.9233,13206357
2021-10-05,18.09,17.99,18.35,17.77,7894937
2021-10-06,17.87,17.92,18.13,17.6,7285208
2021-10-07,18.035,18.66,18.98,17.7901,7905586
2021-10-08,18.71,18.4,19.095,18.38,5892591
2021-10-11,18.43,19.07,19.36,18.3834,5494327
2021-10-12,19.2,19.99,20.0,19.15,6055985
2021-10-13,20.03,20.0,20.13,19.52,6369232
2021-10-14,20.16,19.92,20.16,19.71,6742895
2021-10-15,19.66,19.71,20.035,19.4151,4576606
2021-10-18,19.68,19.91,19.94,19.4605,5024053
2021-10-19,20.4,21.19,21.259,20.26,11542603
2021-10-20,21.18,21.18,21.26,20.74,5924676
2021-10-21,21.0,22.02,22.37,21.0,9183633
2021-10-22,21.885,21.35,21.9,20.95,5824017
2021-10-25,21.62,22.99,23.09,21.52,9736579
2021-10-26,23.1,22.84,23.5299,22.45,9266369
2021-10-27,23.15,22.72,23.52,22.6,5194991
2021-10-28,22.84,24.16,24.3599,22.72,10663238
2021-10-29,23.91,24.78,24.89,23.88,7733102
2021-11-01,25.05,25.66,26.1,24.825,10169183
2021-11-02,25.4,24.26,25.52,23.835,9746570
2021-11-03,23.97,24.81,24.9599,23.68,6881445
2021-11-04,25.05,24.59,25.29,24.32,4735690
2021-11-05,24.99,24.69,25.41,24.195,7086609
2021-11-08,27.57,27.6,28.29,26.5114,30445413
2021-11-09,28.16,25.82,28.24,25.26,14747200
2021-11-10,25.5,24.52,25.68,24.08,10309449
2021-11-11,24.84,25.68,25.98,24.64,7789130
2021-11-12,26.1,26.82,27.37,25.91,12682599
2021-11-15,27.04,26.93,27.16,26.18,9375993
2021-11-16,26.95,27.45,27.48,25.34,13851465
2021-11-17,27.45,27.69,28.72,26.82,12708415
2021-11-18,27.3,26.13,27.47,25.68,11027839
2021-11-19,25.93,26.9,27.199,25.83,6840026
2021-11-22,27.47,27.3,28.53,26.5701,11792364
2021-11-23,26.98,25.85,27.9,25.51,8528591
2021-11-24,25.6,26.17,26.34,24.74,6926387
2021-11-26,25.02,25.82,25.99,25.0,5215227
2021-11-29,26.055,26.06,26.23,25.05,7823946
2021-11-30,25.785,25.52,26.75,24.46,11282382
2021-12-01,25.62,23.52,25.79,23.5,8588787
2021-12-02,23.63,23.29,24.455,22.88,7779575
2021-12-03,23.25,21.57,23.4399,21.0,10588340
2021-12-06,21.0,20.74,21.349,19.72,10332171
2021-12-07,21.8,21.78,22.18,21.3,12272878
2021-12-08,20.755,20.98,21.32,19.64,21719219
2021-12-09,21.21,20.69,22.13,20.59,11140521
2021-12-10,20.7,20.2,21.29,19.45,10933878
2021-12-13,20.0,20.89,21.11,19.9,9899995
2021-12-14,20.21,19.5,20.74,19.24,12186416
2021-12-15,19.91,19.89,20.25,18.94,13239529
2021-12-16,20.02,19.13,20.26,19.1,10443005
2021-12-17,18.91,19.03,19.23,18.125,19037983
2021-12-20,18.215,18.01,18.77,17.92,11363643
2021-12-21,18.06,18.74,18.825,17.96,9267470
2021-12-22,18.7,18.62,18.8899,18.3182,6052988
2021-12-23,18.62,19.05,19.2,18.16,7634811
2021-12-27,18.86,19.2,19.3,18.69,6951787
2021-12-28,19.22,18.68,19.2699,18.56,5716969
2021-12-29,18.535,17.76,18.62,17.52,12077178
2021-12-30,17.76,19.33,19.73,17.71,13773532
2021-12-31,19.02,19.05,19.71,18.91,9296032
2022-01-03,19.42,19.87,19.9784,18.94,7950746
2022-01-04,19.7,19.52,19.99,18.83,7808051
2022-01-05,19.27,18.16,19.4801,18.07,7695970
2022-01-06,18.01,17.35,18.2752,16.89,10271435
2022-01-07,17.37,16.89,17.8,16.86,8711861
2022-01-10,16.72,15.78,16.77,15.52,15195210
2022-01-11,15.73,16.21,16.42,15.66,8262927
2022-01-12,16.3,15.99,16.69,15.91,7247156
2022-01-13,16.1,14.79,16.139,14.79,13741804
2022-01-14,14.65,14.69,15.06,14.155,10862955
2022-01-18,14.32,14.3,14.96,14.0907,9460600
2022-01-19,14.21,14.24,14.68,13.92,9300316
2022-01-20,14.39,14.13,15.23,14.1,8485931
2022-01-21,14.0,13.22,14.239,13.118,10409361
2022-01-24,12.17,12.94,12.95,11.2111,17236533
2022-01-25,12.79,12.5,13.14,12.25,8513796
2022-01-26,12.851,12.59,13.54,12.45,9456927
2022-01-27,12.93,11.45,12.98,11.37,13925484
2022-01-28,11.88,12.65,12.66,11.49,11765398
2022-01-31,12.82,13.85,14.0,12.72,12068862
2022-02-01,14.0,14.24,14.35,13.49,8628293
2022-02-02,14.34,13.46,14.5,13.26,7878751
2022-02-03,13.0,12.59,13.32,12.56,10569993
2022-02-04,12.725,13.26,13.355,12.47,7502896
2022-02-07,13.27,12.7,13.64,12.62,8970175
2022-02-08,12.57,13.0,13.15,12.4,12282491
2022-02-09,13.17,13.82,13.855,13.13,7746992
2022-02-10,13.55,13.92,14.88,13.4115,14366262
2022-02-11,14.03,13.5,14.57,13.39,12459980
2022-02-14,13.16,13.38,14.0999,13.06,7024365
2022-02-15,13.83,15.26,15.345,13.79,11618675
2022-02-16,14.98,15.32,15.52,14.7099,8002405
2022-02-17,15.1,14.45,15.33,14.39,9043378
2022-02-18,14.53,13.81,14.56,13.61,7063213
2022-02-22,13.29,12.97,13.87,12.81,8495561
2022-02-23,13.18,12.38,13.4505,12.34,7617352
2022-02-24,11.57,13.64,13.69,11.5,11686343
2022-02-25,13.32,13.71,13.7499,13.04,6511249
2022-02-28,14.01,14.52,14.675,13.57,9156080
2022-03-01,14.55,14.29,14.66,13.99,7023539
2022-03-02,14.36,14.07,14.43,13.74,10042272
2022-03-03,15.23,15.01,15.44,14.3,21017643
2022-03-04,15.31,14.4,15.31,14.1108,11623351
2022-03-07,14.76,15.73,16.3986,14.63,16864163
2022-03-08,15.53,16.57,17.13,15.271,15022294
2022-03-09,16.78,17.47,17.57,16.62,13751864
2022-03-10,17.37,17.22,17.48,16.61,7083530
2022-03-11,17.25,16.56,17.38,16.25,7507018
2022-03-14,16.44,14.95,16.44,14.94,8013146
2022-03-15,14.77,15.5,15.525,14.33,8514298
2022-03-16,15.69,17.11,17.13,15.5,11453142
2022-03-17,16.97,18.01,18.04,16.52,9517538
2022-03-18,17.9,18.44,18.52,17.72,9797966
2022-03-21,18.26,18.13,18.96,17.92,7400231
2022-03-22,17.92,18.44,18.5903,17.7,6340061
2022-03-23,18.3,18.48,18.99,18.045,6742015
2022-03-24,18.4,18.75,18.946,18.2,4789758
2022-03-25,18.59,18.47,19.141,18.14,5981121
2022-03-28,19.12,18.67,19.13,18.2,5001705
2022-03-29,18.91,19.66,19.81,18.68,7320005
2022-03-30,19.52,19.37,20.02,19.08,6264106
2022-03-31,19.5,19.88,20.11,19.04,9921753
2022-04-01,19.88,19.7,20.13,19.361,4853806
2022-04-04,20.23,20.54,20.99,19.9678,6950476
2022-04-05,20.36,19.49,20.94,19.45,9272061
2022-04-06,18.96,17.74,19.0999,17.135,13119051
2022-04-07,17.88,17.8,18.24,17.14,7292961
2022-04-08,17.69,16.76,17.69,16.745,7327696
2022-04-11,16.38,16.51,16.8499,15.9243,6673168
2022-04-12,16.85,16.09,17.21,15.97,8559676
2022-04-13,16.05,16.66,16.68,15.89,4561796
2022-04-14,16.69,15.25,16.7622,15.19,9594108
2022-04-18,15.25,15.26,15.6,14.9,10767531
2022-04-19,15.25,16.37,16.38,14.995,9524217
2022-04-20,16.3,15.43,16.595,15.42,6047379
2022-04-21,15.86,14.62,16.24,14.5,9147171
2022-04-22,14.62,14.43,15.16,14.32,8611254
2022-04-25,14.15,14.94,14.96,14.1,6322996
2022-04-26,14.84,13.87,14.97,13.81,8900981
2022-04-27,13.79,13.27,14.24,13.24,7934777
2022-04-28,13.37,13.48,13.64,12.58,8212585
2022-04-29,13.55,12.94,13.9944,12.93,7691996
2022-05-02,12.76,13.23,13.26,12.54,9908659
2022-05-03,13.05,13.48,13.569,12.83,6902091
2022-05-04,13.49,14.22,14.32,12.96,7158504
2022-05-05,14.07,13.18,14.12,12.935,7892667
2022-05-06,13.08,12.02,13.11,11.86,9197507
2022-05-09,11.76,10.65,11.775,10.35,13143677
2022-05-10,11.04,10.27,11.37,9.75,15789626
2022-05-11,10.08,8.95,10.2499,8.8,18476335
2022-05-12,8.77,9.62,10.199,8.5,15698508
2022-05-13,10.0,10.39,10.65,9.88,11586857
2022-05-16,10.32,9.94,10.64,9.875,9716735
2022-05-17,10.24,10.73,10.75,9.95,9583587
2022-05-18,10.68,10.38,11.08,10.22,7970106
2022-05-19,10.22,10.99,11.28,10.14,7806007
2022-05-20,11.15,11.02,11.29,10.3,10775922
2022-05-23,10.92,11.3,11.31,10.54,8047438
2022-05-24,11.01,10.41,11.18,10.29,7882920
2022-05-25,10.33,10.79,10.83,10.21,7222059
2022-05-26,10.65,11.81,11.9,10.58,7700402
2022-05-27,11.86,13.45,13.49,11.85,16455197
2022-05-31,13.74,12.79,13.87,12.75,16859526
2022-06-01,12.66,12.45,13.06,12.16,11754365
2022-06-02,12.4,13.9,14.14,12.3107,19556420
2022-06-03,13.45,14.57,14.965,13.3401,19494279
2022-06-06,14.92,14.97,15.37,14.56,12838288
2022-06-07,14.69,15.55,15.73,14.53,9144798
2022-06-08,15.5,15.49,16.16,15.31,11540240
2022-06-09,15.41,15.41,16.15,15.04,11424424
2022-06-10,14.98,14.39,15.41,14.31,10480141
2022-06-13,13.62,12.08,13.85,12.02,16375878
2022-06-14,12.3,12.51,12.78,11.85,8150493
2022-06-15,12.43,13.36,13.605,12.1999,11169625
2022-06-16,12.73,12.55,13.18,12.32,9432654
2022-06-17,12.92,14.03,14.25,12.83,13392279
2022-06-21,14.32,14.43,15.07,14.235,8910162
2022-06-22,13.615,14.25,14.778,13.27,7661132
2022-06-23,14.4,15.55,15.56,14.08,11665974
2022-06-24,15.75,15.46,15.83,15.025,13597427
2022-06-27,15.74,15.39,15.895,15.15,8273598
2022-06-28,15.35,14.4,15.97,14.36,8078833
2022-06-29,14.2,13.86,14.23,13.52,7142473
2022-06-30,13.72,13.69,14.14,13.26,6548600
2022-07-01,13.8,12.69,14.02,12.69,11446486
2022-07-05,12.44,12.7,12.76,11.68,10575450
2022-07-06,12.74,12.45,13.23,12.2701,8406759
2022-07-07,12.54,13.75,14.085,12.51,11617200
2022-07-08,13.38,13.38,14.21,13.26,13049796
2022-07-11,13.25,11.94,13.275,11.93,11552742
2022-07-12,12.09,11.97,12.2,11.63,7584969
2022-07-13,11.53,11.93,12.0899,11.29,9897262
2022-07-14,11.52,11.34,11.69,11.12,8838354
2022-07-15,11.5,11.57,11.59,10.9704,8427910
2022-07-18,12.0,12.43,12.875,11.89,10581123
2022-07-19,12.51,12.64,12.84,12.33,5912563
2022-07-20,12.74,14.33,14.35,12.66,13347843
2022-07-21,14.2,14.74,14.945,14.13,9469581
2022-07-22,14.7,13.85,14.84,13.74,7587017
2022-07-25,13.82,13.32,13.82,13.2205,4376655
2022-07-26,13.17,12.75,13.2,12.66,4588724
2022-07-27,13.2,13.14,13.25,12.69,5693193
2022-07-28,14.53,15.3,15.74,14.39,19060662
2022-07-29,14.98,15.11,15.5383,14.81,11657168
2022-08-01,15.1,14.74,15.1,14.4715,7011933
2022-08-02,14.28,15.41,15.44,14.16,7547887
2022-08-03,15.56,15.96,15.99,15.26,6944136
2022-08-04,16.0,15.88,16.1879,15.555,5662497
2022-08-05,15.7,16.06,16.19,15.42,6885509
2022-08-08,16.85,16.0,17.2592,15.97,12495122
2022-08-09,15.65,15.73,15.925,15.32,5890360
2022-08-10,16.47,16.44,16.64,15.87,7543864
2022-08-11,16.67,16.69,17.12,16.02,14909033
2022-08-12,16.97,18.87,19.11,16.63,21314691
2022-08-15,18.71,18.63,19.2677,18.02,9718951
2022-08-16,18.56,18.1,18.79,17.8307,8143724
2022-08-17,17.69,16.88,17.94,16.86,7834916
2022-08-18,17.03,16.54,17.21,16.48,6206726
2022-08-19,16.05,15.03,16.0672,14.87,9605224
2022-08-22,14.54,14.12,14.65,14.055,6321573
2022-08-23,14.31,14.2,14.635,14.04,6933537
2022-08-24,14.37,15.19,15.765,14.3,10943558
2022-08-25,15.59,15.69,15.74,15.01,7040986
2022-08-26,15.84,15.28,16.018,14.97,7045058
2022-08-29,14.93,15.04,15.52,14.839,5247495
2022-08-30,15.39,14.49,15.68,14.31,13051951
2022-08-31,15.02,16.27,16.94,15.02,28151218
2022-09-01,15.95,15.31,16.5,14.5201,16446578
2022-09-02,15.61,14.5,15.655,14.325,12540765
2022-09-06,14.55,14.75,15.25,14.22,12066505
2022-09-07,14.91,16.08,16.29,14.76,14298059
2022-09-08,15.73,17.25,17.26,15.67,12599668
2022-09-09,17.37,17.68,17.78,17.165,10516387
2022-09-12,17.82,18.28,18.3,17.31,8842024
2022-09-13,16.88,17.54,18.11,16.63,10091540
2022-09-14,17.71,18.18,18.19,17.15,10303433
2022-09-15,18.34,19.25,19.92,18.02,25022016
2022-09-16,18.48,17.97,18.8179,17.9509,19202511
2022-09-19,17.59,17.75,18.25,17.47,7786889
2022-09-20,17.56,16.44,17.67,16.39,8800607
2022-09-21,16.07,16.21,17.09,15.7,9359498
2022-09-22,16.13,15.34,16.3,15.02,9676737
2022-09-23,14.97,14.75,15.25,14.35,9342301
2022-09-26,14.69,14.51,15.34,14.44,6564666
2022-09-27,14.87,15.22,15.7361,14.87,10120456
2022-09-28,15.16,15.83,15.93,15.02,8567199
2022-09-29,15.51,14.93,15.86,14.38,8266619
2022-09-30,14.79,14.76,15.4595,14.5445,6522362
2022-10-03,14.96,15.05,15.27,14.37,7126117
2022-10-04,15.75,16.31,16.6,15.6305,9529770
2022-10-05,15.91,15.64,16.12,15.07,7777870
2022-10-06,15.57,15.61,16.31,15.3359,7074695
2022-10-07,15.16,14.43,15.24,14.13,8941062
2022-10-10,14.44,13.76,14.45,13.5,8701613
2022-10-11,13.54,13.71,13.9185,12.95,7567046
2022-10-12,13.79,13.39,13.87,13.08,6036596
2022-10-13,12.86,13.5,13.655,12.45,7989940
2022-10-14,13.61,12.59,13.95,12.545,8306044
2022-10-17,13.13,13.07,13.4377,12.92,6754921
2022-10-18,13.53,13.68,13.795,13.31,7312309
2022-10-19,13.38,12.99,13.4005,12.75,7928482
2022-10-20,12.85,12.36,13.245,12.265,8317822
2022-10-21,12.3,12.65,12.7,11.96,7209293
2022-10-24,12.68,12.42,12.72,11.78,7451170
2022-10-25,12.5,13.34,13.54,12.46,8307225
2022-10-26,13.35,13.71,14.23,13.225,8178103
2022-10-27,13.86,13.66,13.99,13.4227,5658786
2022-10-28,13.61,13.52,13.82,13.061,4855415
2022-10-31,13.56,13.98,14.085,13.39,5470564
2022-11-01,14.43,14.1,14.62,13.9,5396006
2022-11-02,14.1,13.05,14.1899,12.965,6989049
2022-11-03,12.91,13.04,13.4727,12.625,5228967
2022-11-04,13.3,12.56,13.49,12.2,7748228
2022-11-07,12.765,11.93,12.8601,11.36,12173328
2022-11-08,12.1,12.19,12.4229,11.58,7041326
2022-11-09,12.03,11.23,12.1999,11.155,8605103
2022-11-10,12.03,12.5,12.84,11.98,10533930
2022-11-11,12.59,13.38,13.615,12.35,9656750
2022-11-14,13.31,13.3,13.45,12.42,8161123
2022-11-15,13.95,13.68,14.15,13.5,8176447
2022-11-16,13.39,12.88,13.41,12.575,7818822
2022-11-17,12.6,12.59,12.69,12.22,6061498
2022-11-18,12.85,12.45,12.93,12.18,5607029
2022-11-21,12.3,11.71,12.32,11.53,7666997
2022-11-22,11.74,11.49,11.945,11.2799,11963799
2022-11-23,11.61,11.97,12.07,11.54,5334794
2022-11-25,11.98,11.99,12.07,11.745,3362248
2022-11-28,11.79,11.44,11.98,11.33,6938521
2022-11-29,11.57,11.53,11.86,11.43,7422559
2022-11-30,11.71,12.42,12.44,11.56,9270139
2022-12-01,12.4,12.19,12.59,11.78,19031865
2022-12-02,11.74,11.64,12.03,11.32,19613658
2022-12-05,11.59,11.47,12.15,11.39,13690812
2022-12-06,11.56,10.89,11.5882,10.75,11300878
2022-12-07,10.82,10.76,11.2699,10.63,8340691
2022-12-08,10.92,11.0,11.31,10.59,7260922
2022-12-09,11.0,10.65,11.1782,10.6,6073745
2022-12-12,10.66,10.99,11.4,10.51,9426249
2022-12-13,11.67,11.38,12.0473,11.05,11588384
2022-12-14,11.32,11.26,11.7,11.1699,9180504
2022-12-15,10.88,10.65,11.055,10.55,10743509
2022-12-16,10.6,10.45,10.83,10.26,12182641
2022-12-19,10.45,9.66,10.49,9.41,16040439
2022-12-20,9.64,9.52,9.98,9.46,7256412
2022-12-21,9.55,9.57,9.82,9.38,7317264
2022-12-22,9.36,8.9,9.41,8.52,12587744
2022-12-23,8.82,8.55,8.94,8.46,9163414
2022-12-27,8.56,8.25,8.56,8.07,11940341
2022-12-28,8.3,8.31,8.5,8.2,9336218
2022-12-29,8.44,9.04,9.095,8.37,9144006
2022-12-30,8.98,9.53,9.64,8.91,9590428
2023-01-03,9.66,9.09,9.87,9.0,9629560
2023-01-04,9.15,9.1,9.26,8.81,8827356
2023-01-05,8.96,8.92,9.17,8.72,9364658
2023-01-06,8.95,9.01,9.105,8.71,8693051
2023-01-09,9.18,9.91,10.3699,9.18,14987164
2023-01-10,9.81,10.08,10.12,9.535,12687513
2023-01-11,10.11,10.89,11.0282,9.99,14849565
2023-01-12,11.04,11.37,11.41,10.475,12937193
2023-01-13,11.12,11.88,11.9,11.05,9189946
2023-01-17,11.89,12.06,12.22,11.67,9801816
2023-01-18,12.25,11.93,12.78,11.85,13199888
2023-01-19,11.58,10.66,11.6821,10.53,14102000
2023-01-20,10.75,11.09,11.1,10.61,6573897
2023-01-23,11.16,11.87,11.9099,10.95,10054581
2023-01-24,12.41,11.42,11.98,11.34,5232770
2023-01-25,11.01,11.41,11.5586,10.55,7740198
2023-01-26,11.86,11.3,11.99,10.9,9069054
2023-01-27,11.22,12.16,12.48,11.11,16063067
2023-01-30,11.95,11.7,12.3099,11.625,9837686
2023-01-31,11.76,12.14,12.17,11.575,7279208
2023-02-01,12.25,12.46,12.76,11.675,9940997
2023-02-02,12.85,12.97,13.65,12.7,13745314
2023-02-03,12.47,12.49,13.5,12.32,10230184
2023-02-06,12.24,12.37,12.6799,12.12,6055749
2023-02-07,12.36,12.44,12.555,11.755,8309131
2023-02-08,12.39,12.18,13.065,12.16,8045922
2023-02-09,12.4,11.86,12.8463,11.75,9437496
2023-02-10,11.65,11.26,11.79,11.035,11331999
2023-02-13,11.3,11.46,11.64,10.98,4889020
2023-02-14,11.35,12.16,12.17,11.105,8209050
2023-02-15,12.19,13.38,13.48,12.145,11904510
2023-02-16,12.99,12.63,13.48,12.62,9136005
2023-02-17,12.47,12.22,12.48,12.04,8574561
2023-02-21,11.96,11.38,12.15,11.35,6947657
2023-02-22,11.41,11.33,11.7312,11.14,5510911
2023-02-23,11.61,11.42,11.7847,10.975,7332032
2023-02-24,11.1,10.45,11.18,10.32,12511326
2023-02-27,10.68,10.84,11.02,10.47,7549863
2023-02-28,10.8,11.36,11.62,10.67,8769570
2023-03-01,11.42,11.08,11.5819,10.96,7788274
2023-03-02,10.8,11.26,11.365,10.55,11876028
2023-03-03,9.96,11.08,11.44,9.9,23094477
2023-03-06,11.31,10.74,11.375,10.585,10060608
2023-03-07,10.69,10.27,10.75,10.2631,7533393
2023-03-08,10.24,10.46,10.54,9.94,7229518
2023-03-09,10.45,10.19,10.7199,10.04,6240556
2023-03-10,10.16,9.67,10.175,9.44,14041858
2023-03-13,9.5,9.79,10.175,9.1701,9153406
2023-03-14,10.05,9.44,10.195,9.305,11189664
2023-03-15,9.24,9.26,9.49,8.97,7236408
2023-03-16,9.26,9.34,9.51,9.09,6153227
2023-03-17,9.22,9.34,9.42,8.96,7932908
2023-03-20,9.27,9.26,9.5,9.11,5540610
2023-03-21,9.33,9.86,9.96,9.33,8890248
2023-03-22,9.8,9.84,10.2,9.67,8570982
2023-03-23,10.0,10.06,10.65,9.89,7642277
2023-03-24,9.95,9.83,10.0861,9.68,5189509
2023-03-27,10.0,9.72,10.03,9.44,5039778
2023-03-28,9.64,9.46,9.76,9.4,4297277
2023-03-29,9.66,10.03,10.09,9.46,6647148
2023-03-30,10.31,10.15,10.53,10.07,7960686
2023-03-31,10.32,10.47,10.71,10.2,9130782
2023-04-03,10.36,10.31,10.6,10.075,4271481
2023-04-04,10.405,10.02,10.51,9.9,5873165
2023-04-05,9.91,9.34,10.005,9.2,11505903
2023-04-06,9.25,9.19,9.36,9.065,8592595
2023-04-10,9.1,9.35,9.37,9.01,8562565
2023-04-11,9.4,9.26,9.57,9.23,7940072
2023-04-12,9.51,8.78,9.62,8.75,14824180
2023-04-13,8.88,8.55,8.9809,8.51,14623925
2023-04-14,8.51,8.72,8.88,8.4101,13403919
2023-04-17,8.75,9.18,9.21,8.65,9960602
2023-04-18,9.17,9.05,9.22,8.93,7805457
2023-04-19,8.96,9.05,9.12,8.69,8525037
2023-04-20,8.82,8.86,9.0479,8.78,5284425
2023-04-21,8.82,8.84,9.035,8.72,8825095
2023-04-24,8.83,8.84,8.965,8.66,4476829
2023-04-25,8.72,8.6,8.75,8.47,8743028
2023-04-26,8.65,8.54,8.71,8.43,6208238
2023-04-27,8.66,8.91,9.02,8.59,6106206
2023-04-28,8.82,8.67,9.0,8.61,9426588
2023-05-01,8.7,8.46,8.7,8.21,8383413
2023-05-02,8.38,8.24,8.4599,8.1,8513546
2023-05-03,8.2,8.56,8.77,8.12,8632105
2023-05-04,8.56,8.71,8.73,8.48,5643981
