2021-04-29,24.6389,24.75,25.604,24.55,4915995
2021-04-30,24.65,24.61,25.6,24.55,4129189
2021-05-03,24.7,24.67,24.75,24.6,594967
2021-05-04,24.75,24.72,24.75,24.67,1258221
2021-05-05,NaN,24.7,NaN,NaN,569290
2021-05-06,24.74,24.67,24.8,24.6,540374
2021-05-07,24.66,24.69,24.8,24.66,412066
2021-05-10,24.72,24.55,24.85,24.55,332903
2021-05-11,24.45,24.35,24.54,24.21,269302
2021-05-12,24.25,24.18,24.36,24.1,530439
2021-05-13,24.23,24.22,24.43,24.17,523348
2021-05-14,24.3,24.53,24.58,24.26,306403
2021-05-17,24.55,24.62,24.635,24.46,241143
2021-05-18,24.57,24.58,24.59,24.4996,269990
2021-05-19,24.46,24.53,24.61,24.39,742660
2021-05-20,24.57,24.81,24.89,24.57,323854
2021-05-21,24.75,24.78,24.89,24.72,291806
2021-05-24,24.82,24.93,24.95,24.7709,359850
2021-05-25,24.94,24.95,25.0,24.89,457690
2021-05-26,24.99,25.0,25.0198,24.95,333598
2021-05-27,25.04,24.94,25.05,24.93,406799
2021-05-28,24.94,24.85,25.19,24.85,4733304
2021-06-01,24.9,24.88,24.99,24.81,373945
2021-06-02,24.94,25.14,25.17,24.88,385679
2021-06-03,25.1,25.03,25.1,25.0,1192370
2021-06-04,25.1,25.18,25.19,25.075,344307
2021-06-07,25.2,25.09,25.23,25.04,165751
2021-06-08,25.05,25.08,25.17,25.03,148714
2021-06-09,25.12,25.14,25.2,25.09,85929
2021-06-10,25.13,25.14,25.19,25.08,66317
2021-06-11,25.2,25.25,25.25,25.13,65072
2021-06-14,25.25,25.23,25.26,25.15,85011
2021-06-15,25.25,25.25,25.35,25.16,182704
2021-06-16,25.27,25.26,25.32,25.19,162711
2021-06-17,25.26,25.3,25.34,25.21,83068
2021-06-18,25.29,25.26,25.3,25.22,100180
2021-06-21,25.24,25.33,25.33,25.24,68147
2021-06-22,25.33,25.61,25.61,25.3,116666
2021-06-23,25.59,25.64,25.68,25.44,49945
2021-06-24,25.65,25.43,25.65,25.34,136137
2021-06-25,25.35,25.19,25.42,25.18,123177
2021-06-28,25.21,25.15,25.3,25.12,185880
2021-06-29,25.17,25.24,25.26,25.16,65566
2021-06-30,25.24,25.27,25.37,25.2,484813
2021-07-01,25.3,25.19,25.3,25.17,185307
2021-07-02,25.21,25.19,25.2299,25.17,103834
2021-07-06,25.24,25.3,25.32,25.2,159743
2021-07-07,25.25,25.39,25.41,25.25,131781
2021-07-08,25.27,25.34,25.39,25.26,203334
2021-07-09,25.31,25.45,25.5,25.31,180983
2021-07-12,25.52,25.41,25.59,25.33,212774
2021-07-13,25.42,25.34,25.49,25.27,205415
2021-07-14,25.41,25.39,25.44,25.28,205753
2021-07-15,25.39,25.4,25.44,25.35,152930
2021-07-16,25.43,25.32,25.45,25.31,123225
2021-07-19,25.23,25.15,25.3,25.15,117702
2021-07-20,25.2,25.06,25.23,25.06,280943
2021-07-21,25.11,25.02,25.18,24.92,179125
2021-07-22,25.07,25.09,25.14,25.027,133608
2021-07-23,25.11,25.16,25.18,25.08,61664
2021-07-26,25.14,25.2,25.22,25.12,189978
2021-07-27,25.2,25.2,25.2,25.1,92949
2021-07-28,25.22,25.25,25.28,25.16,51162
2021-07-29,25.28,25.47,25.48,25.28,143882
2021-07-30,25.48,25.6,25.64,25.44,89177
2021-08-02,25.6,25.6813,25.69,25.5406,61964
2021-08-03,25.69,25.56,25.82,25.56,132288
2021-08-04,25.6,25.7,25.7584,25.55,110782
2021-08-05,25.7,25.595,25.85,25.58,131850
2021-08-06,25.6,25.7,25.7,25.6,64759
2021-08-09,25.6,25.56,25.65,25.52,163713
2021-08-10,25.56,25.4,25.56,25.25,147800
2021-08-11,25.43,25.48,25.6,25.4207,127126
2021-08-12,25.49,25.214531,25.59,24.95,128539
2021-08-13,25.3,25.37,25.44,25.24,45344
2021-08-16,25.27,25.22,25.41,25.2,165983
2021-08-17,25.22,25.24,25.25,25.11,171902
2021-08-18,25.23,25.2,25.23,25.06,386593
2021-08-19,25.08,25.19,25.24,25.08,111734
2021-08-20,25.23,25.21,25.33,25.205,73523
2021-08-23,25.25,25.3,25.35,25.2107,76025
2021-08-24,25.34,25.31,25.38,25.25,70186
2021-08-25,25.34,25.27,25.35,25.24,89490
2021-08-26,25.25,25.22,25.265,25.19,103137
2021-08-27,25.23,25.33,25.33,25.21,61368
2021-08-30,25.34,25.27,25.47,25.24,190289
2021-08-31,25.34,25.2,25.35,25.2,279274
2021-09-01,25.32,25.32,25.44,25.27,671778
2021-09-02,25.31,25.37,25.52,25.31,115610
2021-09-03,25.37,25.4,25.45,25.32,48050
2021-09-07,25.36,25.29,25.439,25.28,87055
2021-09-08,25.33,25.38,25.41,25.3,87151
2021-09-09,25.41,25.45,25.47,25.38,87636
2021-09-10,25.5,25.4,25.52,25.35,83507
2021-09-13,25.46,25.35,25.5,25.33,131467
2021-09-14,25.4,25.27,25.47,25.27,352203
2021-09-15,25.34,25.36,25.4228,25.32,389563
2021-09-16,25.39,25.57,25.63,25.37,227487
2021-09-17,25.6,25.57,25.6,25.53,207860
2021-09-20,25.54,25.53,25.59,25.45,65769
2021-09-21,25.55,25.57,25.66,25.5,94395
2021-09-22,25.58,25.7199,25.73,25.53,118468
2021-09-23,25.72,25.64,25.81,25.52,85304
2021-09-24,25.58,25.59,25.6,25.41,86593
2021-09-27,25.46,25.52,25.52,25.4107,84789
2021-09-28,25.4,25.28,25.4,25.21,107698
2021-09-29,25.36,25.66,25.7,25.34,227365
2021-09-30,25.7,25.75,25.83,25.58,391844
2021-10-01,25.72,25.63,25.75,25.59,118253
2021-10-04,25.68,25.46,25.68,25.4587,70816
2021-10-05,25.41,25.16,25.51,25.16,162787
2021-10-06,25.15,25.15,25.3199,25.07,187787
2021-10-07,25.15,25.06,25.23,25.03,87369
2021-10-08,25.04,24.99,25.095,24.84,121582
2021-10-11,25.0,25.06,25.12,25.0,40430
2021-10-12,25.11,25.27,25.37,25.11,68485
2021-10-13,25.29,25.6,25.6,25.23,63404
2021-10-14,25.63,25.75,25.79,25.6,46544
2021-10-15,25.68,25.65,25.78,25.6,42840
2021-10-18,25.5,25.48,25.63,25.43,139488
2021-10-19,25.43,25.45,25.5,25.25,78415
2021-10-20,25.41,25.4,25.5,25.33,89644
2021-10-21,25.34,25.22,25.35,25.15,213924
2021-10-22,25.28,25.26,25.3,25.16,59750
2021-10-25,25.25,25.38,25.41,25.25,40958
2021-10-26,25.42,25.41,25.46,25.35,68103
2021-10-27,25.4,25.44,25.45,25.34,57881
2021-10-28,25.44,25.39,25.455,25.3,54727
2021-10-29,25.38,25.44,25.48,25.29,95681
2021-11-01,25.42,25.34,25.44,25.29,140741
2021-11-02,25.33,25.29,25.38,25.28,68934
2021-11-03,25.31,25.28,25.36,25.28,80887
2021-11-04,25.36,25.37,25.43,25.295,150358
2021-11-05,25.38,25.35,25.42,25.32,114576
2021-11-08,25.39,25.35,25.3994,25.33,72645
2021-11-09,25.4,25.241,25.41,25.22,168092
2021-11-10,25.19,25.07,25.23,24.95,98404
2021-11-11,25.1,24.846562,25.14,25.02,53766
2021-11-12,24.9,24.84,24.91,24.7,105663
2021-11-15,24.88,24.77,24.8988,24.68,106411
2021-11-16,24.76,24.75,24.87,24.68,92462
2021-11-17,24.74,24.78,24.78,24.67,88071
2021-11-18,24.86,24.77,24.86,24.7,68252
2021-11-19,24.78,24.73,24.86,24.67,91639
2021-11-22,24.78,24.67,24.82,24.62,94936
2021-11-23,24.59,24.49,24.66,24.38,88071
2021-11-24,24.48,24.51,24.53,24.41,49732
2021-11-26,24.42,24.39,24.45,24.16,49976
2021-11-29,24.28,24.45,24.49,24.28,83880
2021-11-30,24.48,24.46,24.52,24.27,266142
2021-12-01,24.56,24.85,24.975,24.55,441013
2021-12-02,24.87,25.12,25.17,24.86,174693
2021-12-03,25.13,25.11,25.17,25.01,93483
2021-12-06,25.13,25.23,25.27,25.07,112064
2021-12-07,25.3,25.25,25.41,25.23,117623
2021-12-08,25.23,25.29,25.31,25.14,81696
2021-12-09,25.23,25.27,25.33,25.2,43959
2021-12-10,25.3,25.23,25.31,25.21,52571
2021-12-13,25.21,25.14,25.23,25.07,113719
2021-12-14,25.07,25.0,25.13,24.81,97479
2021-12-15,24.99,24.92,25.045,24.82,163002
2021-12-16,24.95,25.02,25.05,24.88,116681
2021-12-17,25.03,25.07,25.17,25.01,53447
2021-12-20,24.97,25.03,25.05,24.97,33755
2021-12-21,25.08,25.2,25.23,25.0433,45417
2021-12-22,25.2,25.3075,25.32,25.18,68180
2021-12-23,25.25,25.27,25.38,25.22,48666
2021-12-27,25.35,25.4,25.49,25.24,151237
2021-12-28,25.43,25.48,25.49,25.35,51683
2021-12-29,25.45,25.49,25.49,25.4101,29142
2021-12-30,25.49,25.45,25.5,25.41,41706
2021-12-31,25.45,25.42,25.58,25.42,130046
2022-01-03,25.4,25.25,25.42,25.19,67320
2022-01-04,25.23,25.07,25.23,25.0,71604
2022-01-05,25.11,24.95,25.1997,24.86,74571
2022-01-06,24.89,25.06,25.1,24.65,109139
2022-01-07,24.97,25.0,25.06,24.8618,84630
2022-01-10,24.94,24.95,24.96,24.85,52365
2022-01-11,24.86,25.01,25.08,24.86,49572
2022-01-12,25.07,24.92,25.07,24.89,87697
2022-01-13,24.83,24.93,24.99,24.83,81096
2022-01-14,24.83,24.87,24.91,24.8,63007
2022-01-18,24.79,24.695,24.86,24.65,61712
2022-01-19,24.74,24.47,24.79,24.44,152926
2022-01-20,24.51,24.4,24.6,24.4,75532
2022-01-21,24.41,24.34,24.56,24.28,75382
2022-01-24,24.29,24.15,24.29,24.03,113293
2022-01-25,24.15,24.0,24.15,23.97,97041
2022-01-26,24.06,23.56,24.2,23.52,104352
2022-01-27,23.67,22.58,23.8,22.58,158563
2022-01-28,22.75,22.81,23.0005,22.29,118398
2022-01-31,22.93,23.03,23.0891,22.89,155851
2022-02-01,23.1,23.16,23.25,23.0,56954
2022-02-02,23.23,22.81,23.32,22.77,94633
2022-02-03,22.64,22.68,22.77,22.4,190272
2022-02-04,22.57,22.35,22.63,22.29,283400
2022-02-07,22.42,22.41,22.52,22.26,132332
2022-02-08,22.17,22.13,22.314,22.01,135167
2022-02-09,22.24,22.19,22.245,22.03,124115
2022-02-10,21.98,21.256562,22.08,21.2101,148392
2022-02-11,21.37,20.9,21.37,20.73,132332
2022-02-14,20.9,20.66,20.9,20.3701,132778
2022-02-15,20.7,20.9,20.997,20.61,531951
2022-02-16,20.84,21.25,21.27,20.7421,73988
2022-02-17,21.16,21.15,21.4912,21.035,108677
2022-02-18,21.22,21.34,21.47,21.1002,93557
2022-02-22,21.34,21.22,21.35,20.96,75657
2022-02-23,21.29,20.96,21.29,20.88,46370
2022-02-24,20.35,21.01,21.01,20.25,482583
2022-02-25,20.91,21.2,21.28,20.91,61184
2022-02-28,21.18,21.14,21.46,21.14,65857
2022-03-01,21.3,21.24,21.45,21.16,81077
2022-03-02,21.23,21.13,21.2745,21.09,78530
2022-03-03,21.13,21.09,21.25,21.02,105667
2022-03-04,21.09,20.8,21.11,20.7,57343
2022-03-07,20.9,20.45,20.9,20.34,99137
2022-03-08,20.39,20.38,20.59,20.23,139768
2022-03-09,20.49,20.55,20.62,20.3,115970
2022-03-10,20.39,20.46,20.47,20.26,106371
2022-03-11,20.52,20.28,20.57,20.18,146139
2022-03-14,20.17,19.64,20.1711,19.42,196466
2022-03-15,19.64,19.61,19.7,19.52,158941
2022-03-16,19.71,19.79,19.82,19.49,67861
2022-03-17,19.81,19.99,20.2231,19.75,86503
2022-03-18,20.07,20.18,20.296,20.05,71546
2022-03-21,20.11,19.7,20.2,19.525,341120
2022-03-22,19.65,19.62,19.68,19.48,85943
2022-03-23,19.61,19.56,19.72,19.35,132987
2022-03-24,19.62,19.68,19.69,19.51,76811
2022-03-25,19.63,19.41,19.63,19.32,80811
2022-03-28,19.4,19.56,19.58,19.4,83318
2022-03-29,19.62,19.88,19.9,19.6,83468
2022-03-30,19.86,20.03,20.27,19.77,143002
2022-03-31,20.05,20.28,20.3265,20.05,45353
2022-04-01,20.24,20.27,20.29,20.05,98420
2022-04-04,20.29,20.24,20.3415,20.11,120299
2022-04-05,20.14,19.85,20.1889,19.83,68500
2022-04-06,19.61,19.52,19.73,19.4,161002
2022-04-07,19.4,19.58,19.65,19.37,72913
2022-04-08,19.43,19.3,19.51,19.28,134171
2022-04-11,19.23,18.85,19.23,18.81,160327
2022-04-12,18.98,18.85,19.15,18.66,195203
2022-04-13,18.75,18.89,18.89,18.63,140551
2022-04-14,18.86,18.79,18.86,18.63,88061
2022-04-18,18.81,18.75,18.81,18.63,55933
2022-04-19,18.65,18.62,18.75,18.59,140292
2022-04-20,18.72,18.71,18.81,18.65,69541
2022-04-21,18.77,18.41,18.7905,18.39,90638
2022-04-22,18.4,18.22,18.4699,18.0172,96275
2022-04-25,18.2,18.53,18.53,18.11,152602
2022-04-26,18.5,18.31,18.5,18.31,63626
2022-04-27,18.4,18.09,18.4,17.93,99787
2022-04-28,18.19,18.32,18.39,17.825,268716
2022-04-29,18.06,18.17,18.3,17.92,186980
2022-05-02,18.15,17.45,18.15,17.44,62301
2022-05-03,17.57,17.42,17.6173,17.3,57740
2022-05-04,17.48,18.24,18.24,17.29,76752
2022-05-05,17.91,17.7,17.91,17.52,54396
2022-05-06,17.56,17.34,17.59,17.25,79041
2022-05-09,17.29,17.04,17.29,17.02,89311
2022-05-10,17.2,17.28,17.34,17.06,69108
2022-05-11,17.03,17.34,17.67,17.03,81635
2022-05-12,17.4,17.68,17.68,17.2637,71223
2022-05-13,17.58,17.616562,17.89,17.56,95767
2022-05-16,17.66,17.75,17.8338,17.4645,135354
2022-05-17,17.83,17.35,18.0339,17.35,228365
2022-05-18,17.39,16.94,17.39,16.8,127495
2022-05-19,17.0,16.84,17.06,16.72,153561
2022-05-20,16.83,16.56,16.93,16.45,171909
2022-05-23,16.5,16.27,16.69,16.22,167187
2022-05-24,16.3,16.92,16.93,16.25,178396
2022-05-25,16.94,17.91,17.91,16.9247,116532
2022-05-26,18.01,18.18,18.31,17.84,126018
2022-05-27,18.37,18.7193,18.79,18.27,120544
2022-05-31,18.58,18.65,18.67,18.19,173543
2022-06-01,18.86,18.61,18.9,18.5,95176
2022-06-02,18.55,18.67,18.67,18.39,73893
2022-06-03,18.45,18.72,18.73,18.2221,46208
2022-06-06,18.79,18.49,18.8,18.31,101465
2022-06-07,18.32,18.7,18.75,18.32,46614
2022-06-08,18.71,18.66,18.81,18.53,46457
2022-06-09,18.66,18.42,18.67,18.27,82914
2022-06-10,18.18,17.88,18.18,17.645,36708
2022-06-13,17.16,16.92,17.265,16.6,124318
2022-06-14,16.92,16.82,17.09,16.72,129421
2022-06-15,17.0,17.44,17.65,17.0,70353
2022-06-16,17.18,17.15,17.27,16.89,67585
2022-06-17,17.21,17.12,17.26,16.95,78168
2022-06-21,17.24,17.14,17.37,17.06,91917
2022-06-22,17.08,17.2237,17.33,17.08,70129
2022-06-23,17.3,17.365,17.45,17.18,47684
2022-06-24,17.36,17.57,17.63,17.34,52630
2022-06-27,17.54,17.55,17.65,17.4605,96687
2022-06-28,17.6,17.55,17.67,17.46,65439
2022-06-29,17.57,17.58,17.58,17.39,62505
2022-06-30,17.56,17.73,17.82,17.39,70231
2022-07-01,17.92,18.01,18.08,17.82,24867
2022-07-05,17.93,17.96,18.21,17.75,54522
2022-07-06,18.08,17.85,18.11,17.78,59154
2022-07-07,17.99,17.84,18.04,17.84,44349
2022-07-08,17.8,17.88,17.95,17.8,25789
2022-07-11,17.88,17.8245,17.96,17.78,37073
2022-07-12,17.91,17.76,17.99,17.725,63162
2022-07-13,17.5,17.87,17.92,17.4083,51033
2022-07-14,17.83,17.94,17.94,17.61,29702
2022-07-15,18.04,18.24,18.31,18.0,48123
2022-07-18,18.22,18.16,18.44,18.15,26125
2022-07-19,18.32,18.35,18.47,18.18,31031
2022-07-20,18.4,18.39,18.46,18.37,34917
2022-07-21,18.44,18.38,18.48,18.36,129492
2022-07-22,18.46,18.52,18.69,18.4274,75178
2022-07-25,18.5,18.535,18.5987,18.4,60692
2022-07-26,18.58,18.63,18.65,18.4761,64539
2022-07-27,18.69,18.8,18.835,18.59,66620
2022-07-28,18.85,18.86,18.95,18.62,68087
2022-07-29,18.87,19.06,19.1599,18.8407,77859
2022-08-01,19.11,19.51,19.52,19.11,95137
2022-08-02,19.38,19.77,20.12,19.3,101902
2022-08-03,19.95,19.9,20.04,19.86,78543
2022-08-04,19.9,20.06,20.06,19.78,65337
2022-08-05,19.9,19.85,19.99,19.7,60172
2022-08-08,19.91,19.94,19.96,19.75,48588
2022-08-09,19.86,19.81,19.86,19.615,75114
2022-08-10,20.09,20.1,20.1906,19.94,54311
2022-08-11,20.18,20.06,20.235,19.88,38835
2022-08-12,20.1,20.25,20.25,19.8716,35763
2022-08-15,20.23,20.016562,20.29,20.1101,56272
2022-08-16,19.98,19.88,20.0599,19.71,51847
2022-08-17,19.7,19.38,19.7,19.23,65624
2022-08-18,19.26,19.24,19.35,19.04,63558
2022-08-19,18.96,18.95,19.0246,18.8,51480
2022-08-22,18.62,18.5,18.68,18.48,57500
2022-08-23,18.45,18.17,18.66,17.47,122101
2022-08-24,17.99,18.18,18.41,17.71,41783
2022-08-25,18.37,18.43,18.56,18.1441,50617
2022-08-26,18.5,18.42,18.5809,18.14,84841
2022-08-29,18.3,18.16,18.3,18.13,67509
2022-08-30,18.28,18.06,18.28,17.84,66982
2022-08-31,18.04,17.69,18.1499,17.6,84370
2022-09-01,17.65,17.59,17.67,17.43,86993
2022-09-02,17.66,17.6,17.75,17.51,29142
2022-09-06,17.69,17.29,17.69,17.09,38112
2022-09-07,17.15,17.42,17.62,17.15,50399
2022-09-08,17.31,17.41,17.66,17.27,62780
2022-09-09,17.5,17.62,17.67,17.45,33656
2022-09-12,17.71,17.76,17.89,17.71,61542
2022-09-13,17.44,17.55,17.59,17.3734,57628
2022-09-14,17.5,17.53,17.62,17.3,74221
2022-09-15,17.45,17.43,17.5574,17.33,32898
2022-09-16,17.25,17.32,17.43,17.15,54430
2022-09-19,17.4,17.29,17.4,17.16,40960
2022-09-20,17.11,17.1499,17.18,17.05,40803
2022-09-21,17.14,17.15,17.305,17.06,166322
2022-09-22,17.09,16.98,17.09,16.73,164271
2022-09-23,16.85,16.75,16.9459,16.7201,157570
2022-09-26,16.75,16.63,16.88,16.61,34220
2022-09-27,16.7,16.72,16.7894,16.56,66999
2022-09-28,16.81,17.14,17.17,16.718,49697
2022-09-29,17.01,17.15,17.16,16.6,61560
2022-09-30,17.2,17.27,17.3,17.1,164504
2022-10-03,17.47,17.37,17.54,17.32,38646
2022-10-04,17.5,17.58,17.7562,17.4248,41574
2022-10-05,17.45,17.57,17.57,17.25,56472
2022-10-06,17.45,17.34,17.45,17.09,58522
2022-10-07,17.13,17.11,17.2259,16.95,48400
2022-10-10,17.18,16.98,17.23,16.82,38320
2022-10-11,17.04,16.98,17.045,16.7001,42230
2022-10-12,16.87,16.81,16.97,16.6902,51463
2022-10-13,16.5,16.75,16.87,16.5,36979
2022-10-14,16.86,16.67,16.86,16.498,52100
2022-10-17,16.83,16.67,16.91,16.5905,29478
2022-10-18,16.8,16.56,16.826,16.42,67315
2022-10-19,16.45,16.42,16.5,16.25,47820
2022-10-20,16.26,16.03,16.3899,15.9,41857
2022-10-21,15.9,16.0,16.12,15.8051,152379
2022-10-24,16.0,15.88,16.1,15.88,75405
2022-10-25,15.98,16.18,16.18,15.76,77186
2022-10-26,16.17,16.28,16.49,16.06,77719
2022-10-27,16.33,16.32,16.42,16.22,39226
2022-10-28,16.22,16.27,16.4,16.22,68098
2022-10-31,16.34,15.9,16.35,15.82,146333
2022-11-01,16.1,15.9,16.1,15.77,63310
2022-11-02,15.93,16.06,16.11,15.75,70338
2022-11-03,15.89,15.94,15.95,15.7601,74808
2022-11-04,16.07,15.88,16.07,15.75,50826
2022-11-07,15.93,15.85,15.99,15.75,51705
2022-11-08,15.88,16.0,16.1,15.88,32632
2022-11-09,16.15,15.93,16.17,15.851,55317
2022-11-10,16.45,17.13,17.2499,16.43,123397
2022-11-11,17.03,17.53,17.6,17.03,72639
2022-11-14,17.48,17.066562,17.48,17.22,71637
2022-11-15,17.43,17.43,17.48,17.1929,89778
2022-11-16,17.39,17.43,17.52,17.3,42674
2022-11-17,17.27,17.32,17.41,17.2,46747
2022-11-18,17.4,17.35,17.45,17.21,55929
2022-11-21,17.41,17.47,17.49,17.3402,74385
2022-11-22,17.48,17.51,17.54,17.34,132945
2022-11-23,17.58,17.7,17.7,17.47,39541
2022-11-25,17.58,17.75,17.7899,17.58,32446
2022-11-28,17.75,17.56,17.75,17.56,75221
2022-11-29,17.5,17.2,17.58,17.183,96137
2022-11-30,17.3,17.39,17.48,17.0,303625
2022-12-01,17.64,17.7521,17.8,17.47,104222
2022-12-02,17.62,17.79,17.9,17.52,79175
2022-12-05,17.78,17.48,17.8195,17.46,74196
2022-12-06,17.56,17.2,17.69,17.2,64099
2022-12-07,17.32,17.19,17.48,17.1,69548
2022-12-08,17.26,17.06,17.39,17.0,56105
2022-12-09,17.03,16.94,17.154,16.86,55361
2022-12-12,17.01,16.86,17.01,16.71,78730
2022-12-13,17.25,17.1598,17.47,17.0701,62621
2022-12-14,17.18,17.15,17.25,17.05,81665
2022-12-15,17.0,16.83,17.05,16.816,118314
2022-12-16,16.7,17.03,17.1,16.62,101799
2022-12-19,16.88,16.92,16.96,16.76,92295
2022-12-20,16.82,16.73,16.8983,16.6,121954
2022-12-21,16.82,16.76,16.92,16.68,101010
2022-12-22,16.7,16.56,16.7,16.4189,157197
2022-12-23,16.42,16.6,16.65,16.36,90981
2022-12-27,16.45,16.38,16.58,16.235,164213
2022-12-28,16.44,16.02,16.485,16.02,265843
2022-12-29,16.03,15.9,16.3,15.81,327468
2022-12-30,15.77,15.92,15.96,15.7,222511
2023-01-03,16.1,16.18,16.375,15.99,62552
2023-01-04,16.31,16.61,16.64,16.275,105992
2023-01-05,16.53,16.82,16.85,16.4444,93627
2023-01-06,16.88,17.24,17.3175,16.88,126487
2023-01-09,17.29,17.13,17.49,17.03,111069
2023-01-10,17.18,17.3,17.3599,17.0,73874
2023-01-11,17.39,17.45,17.46,17.26,41730
2023-01-12,17.54,17.66,17.74,17.32,44583
2023-01-13,17.63,17.75,17.88,17.56,35392
2023-01-17,17.8,18.16,18.16,17.6701,72845
2023-01-18,18.3,18.22,18.62,18.09,80643
2023-01-19,18.22,18.36,18.36,18.01,45037
2023-01-20,18.37,18.45,18.45,18.15,46141
2023-01-23,18.4,18.55,18.62,18.33,49932
2023-01-24,18.45,18.51,18.64,18.42,40157
2023-01-25,18.42,18.51,18.5599,18.32,38421
2023-01-26,18.61,18.75,18.75,18.51,51416
2023-01-27,18.75,18.83,18.89,18.69,51550
2023-01-30,18.74,18.98,18.99,18.72,36715
2023-01-31,19.07,19.11,19.13,18.9679,84035
2023-02-01,19.14,19.11,19.2,18.85,70607
2023-02-02,19.13,19.34,19.35,19.13,59213
2023-02-03,19.19,19.11,19.22,18.9881,44205
2023-02-06,18.98,18.84,18.98,18.75,50040
2023-02-07,18.8,18.82,18.9,18.6,40793
2023-02-08,18.82,18.95,18.96,18.68,65995
2023-02-09,19.1,18.89,19.11,18.86,29859
2023-02-10,18.88,18.446562,18.8999,18.69,44645
2023-02-13,18.56,18.6,18.62,18.36,37125
2023-02-14,18.53,18.65,18.71,18.42,63741
2023-02-15,18.6,18.61,18.73,18.57,20758
2023-02-16,18.48,18.38,18.52,18.35,34747
2023-02-17,18.23,18.28,18.34,18.14,45714
2023-02-21,18.13,17.66,18.13,17.58,58329
2023-02-22,17.74,18.07,18.22,17.6,42298
2023-02-23,18.2,18.31,18.32,18.0701,50686
2023-02-24,18.13,18.12,18.2051,17.89,28077
2023-02-27,18.21,18.24,18.31,18.1,43139
2023-02-28,18.27,18.21,18.4096,18.0901,71308
2023-03-01,18.33,18.13,18.4299,18.04,45198
2023-03-02,17.96,17.94,18.0499,17.7619,50962
2023-03-03,18.02,18.13,18.16,17.9813,25155
2023-03-06,18.18,18.21,18.29,18.0,79515
2023-03-07,18.2699,18.1,18.2699,18.0303,40815
2023-03-08,18.1,18.1,18.2,18.05,21168
2023-03-09,18.14,17.75,18.14,17.56,63479
2023-03-10,17.67,17.63,17.755,17.23,59015
2023-03-13,17.01,16.41,17.01,16.03,101126
2023-03-14,16.76,16.835,17.47,16.76,64103
2023-03-15,16.06,16.35,16.72,15.94,136621
2023-03-16,15.93,16.87,17.0,15.9,194785
2023-03-17,16.67,16.4,16.67,16.05,52668
2023-03-20,16.23,16.25,16.86,16.15,77097
2023-03-21,16.44,16.54,16.78,16.25,63626
2023-03-22,16.39,16.87,17.0973,16.31,103129
2023-03-23,16.94,16.55,17.08,16.34,83027
2023-03-24,16.41,16.5,16.5,16.02,38991
2023-03-27,16.62,16.59,16.75,16.39,58309
2023-03-28,16.5,16.47,16.74,16.4,54764
2023-03-29,16.72,16.73,16.9,16.6101,80744
2023-03-30,16.81,16.86,16.915,16.7,56154
2023-03-31,16.95,17.07,17.16,16.815,181827
2023-04-03,17.25,17.22,17.35,16.9,82512
2023-04-04,17.2,17.19,17.28,17.1,53627
2023-04-05,17.09,17.15,17.2293,16.99,23593
2023-04-06,17.11,17.16,17.26,17.1,7308
2023-04-10,17.04,17.05,17.13,16.91,28433
2023-04-11,16.94,17.24,17.24,16.93,26861
2023-04-12,17.31,17.08,17.3899,17.03,46192
2023-04-13,17.04,17.24,17.24,17.04,23783
2023-04-14,17.25,17.25,17.36,17.1201,29229
2023-04-17,17.34,17.17,17.36,17.14,60958
2023-04-18,17.31,17.31,17.31,17.11,22776
2023-04-19,17.25,17.37,17.3771,17.15,24750
2023-04-20,17.33,17.37,17.47,17.3,63023
2023-04-21,17.45,17.5,17.6184,17.33,35604
2023-04-24,17.62,17.64,17.75,17.51,38424
2023-04-25,17.64,17.5,17.64,17.4814,29058
2023-04-26,17.55,17.28,17.665,17.19,59252
2023-04-27,17.38,17.49,17.55,17.38,43219
2023-04-28,17.52,17.51,17.64,17.43,105287
2023-05-01,17.58,17.1,17.6,17.05,74112
2023-05-02,16.91,16.75,16.95,16.27,140058
2023-05-03,16.65,16.35,16.84,16.25,74353
2023-05-04,16.1,15.05,16.1,14.51,194068
2023-05-05,15.46,15.51,15.895,15.38,92668
2023-05-08,15.85,15.42,15.85,15.42,44265
2023-05-09,15.44,15.35,15.44,15.05,93114
2023-05-10,15.56,15.57,15.62,15.34,204449
2023-05-11,15.45,15.51,15.6,15.34,134012
2023-05-12,15.6,15.5,15.6,15.4,100165
2023-05-15,15.5,15.066562,15.51,15.3,218370
2023-05-16,15.5,15.0,15.5896,14.99,222746
2023-05-17,15.19,15.62,15.84,15.1473,637558
2023-05-18,15.77,15.8099,15.96,15.57,128882
2023-05-19,15.89,15.84,15.96,15.6,120803
