1997-01-17,1.12,1.12,1.12,1.12,5500
1997-04-07,1.0,1.0,1.0,1.0,3875
1997-04-29,1.0,1.0,1.0,1.0,625
1997-05-22,1.0,1.0,1.0,1.0,250
1997-06-06,1.0,1.0,1.0,1.0,1625
1997-06-10,1.12,1.12,1.12,1.12,500
1997-09-10,1.12,1.12,1.12,1.12,250
1997-09-25,1.496,1.496,1.496,1.496,2500
1997-09-26,1.6,1.6,2.0,1.496,4000
1997-10-30,1.248,1.248,1.248,1.248,250
1997-11-04,1.248,1.248,1.248,1.248,625
1997-11-07,1.0,1.0,1.0,1.0,4250
1997-12-16,1.0,1.0,1.0,1.0,2000
1997-12-26,1.12,1.12,1.12,1.12,2500
1998-01-07,1.0,1.0,1.0,1.0,2500
1998-01-08,1.0,1.0,1.0,1.0,125
1998-01-09,1.0,1.0,1.0,1.0,1250
1998-01-12,2.0,2.0,2.0,2.0,1250
1998-01-15,1.496,1.496,1.496,1.496,500
1998-01-23,1.496,1.496,1.496,1.496,875
1998-03-27,1.248,1.248,1.248,1.248,500
1998-05-18,1.0,1.0,1.0,1.0,200
1998-05-28,1.496,1.496,1.496,1.0,2500
1998-08-04,1.248,1.248,1.248,1.04,3750
1998-12-07,1.0,1.0,1.0,1.0,1250
1998-12-18,1.0,1.0,1.0,1.0,812
1999-01-08,1.0,1.0,1.0,1.0,125
1999-04-30,1.0,1.0,1.0,1.0,250
1999-05-07,1.0,1.0,1.0,1.0,1000
1999-05-13,1.0,1.0,1.0,1.0,750
1999-12-16,1.744,1.744,1.744,1.744,75
2000-01-21,1.0,1.0,1.0,1.0,1175
2000-02-11,1.0,1.0,1.0,1.0,375
2000-03-02,2.496,2.496,2.496,2.0,4500
2000-03-03,4.496,4.496,4.496,4.496,25
2000-05-31,2.0,2.0,2.496,2.0,1875
2000-06-15,1.496,1.496,1.496,1.496,75
2000-09-01,1.496,1.496,1.496,1.496,425
2000-09-28,2.744,4.496,4.496,2.744,5788
2000-09-29,5.0,5.0,5.0,5.0,38
2000-10-02,3.0,3.0,3.0,3.0,750
2000-10-03,2.496,2.496,2.496,2.496,625
2000-10-04,2.496,2.496,2.496,2.496,1000
2000-10-12,4.0,4.0,4.0,4.0,188
2000-10-18,2.0,3.0,3.04,2.0,1525
2000-10-23,3.0,3.0,3.0,3.0,12
2000-11-08,3.0,3.0,3.0,2.744,5188
2000-11-09,2.744,3.0,3.0,2.496,3175
2000-11-17,3.0,3.0,3.0,3.0,3125
2000-11-21,2.248,1.496,2.248,1.496,2312
2000-12-06,1.496,1.0,1.496,1.0,5000
2000-12-13,1.0,1.0,1.0,1.0,1875
2000-12-15,0.744,0.744,0.744,0.744,1500
2000-12-26,0.744,0.744,0.744,0.744,2500
2000-12-28,0.496,0.496,0.496,0.496,750
2001-01-02,1.248,1.2,1.248,1.2,5000
2001-01-04,1.0,1.0,1.0,1.0,1325
2001-01-09,1.12,1.12,1.12,1.12,625
2001-01-19,1.12,1.12,1.12,1.12,1250
2001-01-23,1.2,1.2,1.2,1.2,375
2001-02-01,1.36,1.2,1.36,1.2,3338
2001-02-07,1.12,1.04,1.12,1.04,1250
2001-03-07,1.0,1.0,1.0,1.0,625
2001-03-09,0.8,0.8,0.8,0.8,625
2001-03-16,0.88,0.88,0.88,0.88,1875
2001-03-30,0.88,0.88,0.88,0.88,625
2001-04-04,0.8,0.8,0.8,0.8,1500
2001-04-09,0.88,1.04,1.04,0.88,1388
2001-04-11,0.8,0.8,0.8,0.8,50
2001-04-26,0.8,0.8,0.8,0.8,1250
2001-05-15,0.8,0.56,0.8,0.56,1812
2001-05-16,0.8,0.8,0.8,0.8,1250
2001-05-17,0.8,0.8,0.8,0.8,938
2001-06-29,0.64,0.64,0.64,0.64,6875
2001-07-06,0.96,0.96,0.96,0.96,1250
2001-09-10,0.8,0.8,0.8,0.8,62
2001-09-24,0.8,0.96,0.96,0.8,25
2001-10-17,0.8,0.96,0.96,0.8,2475
2001-10-24,0.64,0.64,0.64,0.64,625
2001-12-31,0.8,0.8,0.8,0.8,2325
2002-01-23,1.84,1.36,1.84,1.28,2125
2002-01-24,4.24,4.24,4.24,4.24,625
2002-01-25,3.6,2.0,3.6,2.0,2500
2002-01-28,2.0,2.0,2.0,2.0,625
2002-01-29,1.6,2.8,2.8,1.6,750
2002-01-30,1.44,2.64,2.64,1.44,688
2002-02-04,2.64,2.64,2.64,2.64,250
2002-02-28,1.6,1.6,1.6,1.6,3750
2002-03-04,1.6,1.6,1.6,1.6,1250
2002-03-05,1.6,1.6,1.6,1.6,750
2002-03-13,1.72,1.72,1.72,1.72,625
2002-03-22,1.6,1.6,1.6,1.6,812
2002-03-25,1.36,1.36,1.36,1.36,1625
2002-04-03,1.2,1.2,1.2,1.2,1875
2002-04-16,1.52,1.44,1.52,1.44,1000
2002-04-19,1.52,1.52,1.52,1.52,1875
2002-04-25,1.76,1.76,1.76,1.76,500
2002-04-26,1.76,1.84,1.84,1.76,2500
2002-04-29,1.84,1.84,1.84,1.84,1125
2002-05-02,1.76,1.76,1.76,1.76,2812
2002-05-03,1.76,1.68,1.76,1.68,1250
2002-05-10,1.6,1.6,1.6,1.6,625
2002-05-20,1.6,1.6,1.6,1.6,1250
2002-05-23,1.6,1.36,1.6,1.36,2450
2002-06-13,1.04,1.04,1.04,1.04,625
2002-06-20,1.04,0.88,1.04,0.8,8750
2002-06-21,0.96,0.96,0.96,0.96,1250
2002-06-28,0.96,0.96,0.96,0.96,625
2002-07-05,0.96,0.96,0.96,0.96,625
2002-07-25,0.8,0.8,0.8,0.8,12562
2002-07-30,0.8,0.8,0.8,0.8,175
2002-08-05,0.8,0.8,0.8,0.8,3938
2002-10-14,0.56,0.56,0.56,0.56,250
2002-12-03,0.56,0.56,0.56,0.56,12
2003-03-18,0.96,0.96,0.96,0.96,2500
2003-04-07,0.88,0.88,0.88,0.88,1750
2003-07-02,0.56,0.56,0.56,0.56,875
2003-09-11,0.64,0.64,0.64,0.64,375
2003-10-08,0.8,0.8,0.8,0.8,1000
2003-10-09,0.8,0.8,0.8,0.8,875
2003-11-04,1.2,1.2,1.2,1.2,250
2003-12-08,1.2,1.2,1.2,1.2,188
2004-01-08,1.2,1.2,1.2,1.2,625
2004-02-10,1.2,1.2,1.2,1.2,1462
2004-03-16,2.4,2.24,2.4,2.0,3750
2004-03-24,2.24,2.0,2.24,2.0,1750
2004-04-20,2.0,2.0,2.0,2.0,625
2004-04-22,2.0,2.0,2.0,1.92,4362
2004-07-02,1.76,1.76,1.76,1.76,50
2004-07-30,1.84,1.84,1.84,1.84,1625
2004-08-16,2.0,2.0,2.0,2.0,875
2004-08-19,2.32,1.6,2.32,1.6,500
2004-08-30,1.68,1.68,1.68,1.68,500
2004-09-17,1.68,1.68,1.68,1.68,625
2004-10-06,1.68,1.68,1.68,1.68,1250
2004-11-04,1.92,1.92,1.92,1.92,500
2004-11-05,1.92,1.92,1.92,1.92,625
2004-11-19,2.32,2.32,2.32,2.32,500
2004-12-14,1.84,2.0,2.0,1.6,1875
2004-12-22,1.84,1.84,1.84,1.84,750
2005-02-01,2.72,2.72,2.72,2.72,12
2005-02-10,2.72,2.72,2.72,2.72,38
2005-02-17,1.92,1.92,1.92,1.92,250
2005-03-01,1.92,2.0,2.0,1.92,1125
2005-03-04,1.92,2.0,2.0,1.92,1625
2005-03-21,1.6,1.6,1.6,1.6,50
2005-03-28,1.6,1.6,1.6,1.6,1875
2005-06-10,1.28,1.28,1.28,1.28,1250
2005-06-28,1.6,1.6,1.6,1.6,2500
2005-07-20,2.64,2.64,2.64,2.64,325
2005-07-26,2.64,2.64,2.64,2.64,500
2005-08-08,2.64,2.4,2.64,2.4,1250
2005-08-19,2.0,2.0,2.0,2.0,750
2005-10-10,2.0,2.0,2.0,2.0,4238
2005-10-27,2.56,2.56,2.56,2.56,500
2005-11-16,1.84,2.0,2.0,1.6,5000
2005-12-14,2.4,2.4,2.4,2.4,125
2005-12-21,2.56,2.56,2.56,2.56,625
2005-12-29,2.0,2.0,2.0,2.0,300
2006-01-13,2.0,2.0,2.0,2.0,300
2006-03-13,1.81,1.81,1.81,1.81,1300
2010-11-18,2.4999,2.5,2.5,2.49,956
2010-11-19,2.5,2.44,2.5,2.421,632
2010-11-22,2.21,2.5899,2.5999,2.21,1181
2010-11-23,2.4,2.3701,2.4,2.35,8262
2010-11-24,2.35,2.35,2.3999,2.35,3281
2010-11-26,2.36,2.3501,2.36,2.35,3164
2010-11-29,2.31,2.3501,2.3501,2.31,4930
2010-12-01,2.35,2.25,2.35,2.25,7639
2010-12-06,2.25,2.25,2.25,2.25,242
2010-12-07,2.25,2.2501,2.2501,2.25,1564
2010-12-08,2.2501,2.2,2.2501,2.01,9779
2010-12-09,2.2,2.2001,2.2001,2.2,384
2010-12-10,2.25,2.2001,2.25,2.2,581
2010-12-14,2.15,2.1509,2.1509,2.15,2253
2010-12-15,2.15,2.1501,2.1501,2.15,1467
2010-12-16,2.15,2.151,2.151,2.15,2902
2010-12-17,2.11,2.1001,2.11,2.1,2826
2010-12-20,2.1,2.05,2.1,2.05,4441
2010-12-21,2.05,1.9001,2.0501,1.89,8403
2010-12-22,2.0,2.0,2.0001,2.0,4905
2010-12-23,0.75,1.91,2.01,0.75,10831
2010-12-27,1.9,1.7,1.91,1.7,5385
2010-12-28,1.8,1.81,1.81,1.8,3426
2010-12-29,1.8,1.8,1.8,1.8,3737
2010-12-30,1.8,1.75,1.8,1.75,3560
2010-12-31,1.75,1.7,1.75,1.7,5238
2011-01-03,1.7,1.7,1.78,1.7,1470
2011-01-04,1.7,1.7,1.7,1.7,3834
2011-01-05,1.7,1.7,1.7,1.7,100
2011-01-06,1.65,1.55,1.65,1.55,6700
2011-01-07,1.56,1.55,1.6,1.55,11498
2011-01-10,1.55,1.55,1.55,1.55,171
2011-01-11,1.55,1.55,1.55,1.55,342
2011-01-12,1.55,1.55,1.55,1.55,3962
2011-01-13,1.55,1.5,1.55,1.5,5715
2011-01-14,1.7,1.52,1.7,1.5,3071
2011-01-18,1.52,1.52,1.52,1.52,298
2011-01-19,1.52,1.5,1.52,1.5,15197
2011-01-20,1.55,1.5,1.55,1.5,14279
2011-01-21,1.5,1.5,1.5,1.5,285
2011-01-24,1.64,1.88,1.92,1.64,8492
2011-01-25,1.91,1.6,1.94,1.6,1843
2011-01-26,1.6,1.88,1.88,1.6,1013
2011-01-27,2.0,2.0,2.0,2.0,1100
2011-01-28,1.75,2.04,2.05,1.75,9198
2011-01-31,2.0,2.2,2.2,2.0,3716
2011-02-01,2.25,2.2,2.4,1.9,4300
2011-02-03,2.0,1.9,2.0,1.9,2073
2011-02-04,1.9,1.9,2.2,1.9,799
2011-02-07,2.1,2.05,2.2,2.05,3834
2011-02-08,2.02,1.95,2.02,1.95,3570
2011-02-09,1.95,2.02,2.02,1.95,1904
2011-02-10,1.95,1.95,1.95,1.95,1170
2011-02-11,2.0,2.15,2.24,2.0,8740
2011-02-14,2.15,2.24,2.24,2.15,1153
2011-02-15,2.0,2.3,2.3,2.0,600
2011-02-16,2.0,2.35,2.35,2.0,489
2011-02-17,2.25,2.1,2.25,2.1,2742
2011-02-18,2.35,2.35,2.35,2.25,5326
2011-02-22,2.35,2.5,2.5,2.25,3450
2011-02-23,2.28,2.5,2.5,2.28,3252
2011-02-24,2.35,2.35,2.35,2.3,4279
2011-02-25,2.35,2.65,2.65,2.28,11941
2011-02-28,2.43,2.42,2.43,2.42,851
2011-03-01,2.65,2.65,2.72,2.65,3201
2011-03-02,2.65,2.66,2.72,2.65,1981
2011-03-04,2.7,2.95,2.95,2.66,8754
2011-03-07,2.72,2.72,2.72,2.72,1200
2011-03-08,2.66,2.95,2.95,2.66,11085
2011-03-09,2.95,2.8,2.95,2.66,11142
2011-03-10,2.95,2.9,3.0,2.9,12547
2011-03-11,2.9,3.24,3.24,2.9,6250
2011-03-14,3.0,3.0,3.0,3.0,642
2011-03-15,2.9,2.9,2.9,2.9,1284
2011-03-16,2.9,2.9,2.9,2.9,1185
2011-03-17,2.9,2.9,2.9,2.7,9878
2011-03-18,2.9,2.9,3.0,2.9,2978
2011-03-21,2.9,2.9,2.9,2.9,500
2011-03-22,2.9,2.8,2.9,2.8,11295
2011-03-23,2.7,2.9,2.9,2.67,6474
2011-03-24,2.8,2.79,2.8,2.79,3158
2011-03-25,2.7,2.7,2.7,2.7,428
2011-03-28,2.7,3.15,3.15,2.66,5609
2011-03-30,2.6,2.6,2.6,2.6,200
2011-03-31,3.2,2.75,3.2,2.74,7808
2011-04-01,2.6,2.6,2.6,2.6,285
2011-04-04,2.6,2.9,2.9,2.6,7435
2011-04-05,2.8,2.9,2.9,2.8,3813
2011-04-06,2.9,2.9,2.9,2.9,8783
2011-04-07,2.65,2.65,2.65,2.65,286
2011-04-08,2.68,3.0,3.0,2.68,624
2011-04-11,2.68,2.68,2.68,2.68,213
2011-04-12,2.68,2.583,2.68,2.4,9139
2011-04-14,2.4,2.4,2.4,2.4,121
2011-04-18,2.5,2.5,2.5,2.5,142
2011-04-19,2.5,2.68,2.68,2.5,3445
2011-04-20,2.5,2.5,2.5,2.5,820
2011-04-25,2.5,2.5,2.5,2.5,927
2011-04-26,2.5,2.5,2.5,2.5,502
2011-04-28,2.4,2.8,2.8,2.4,1382
2011-04-29,2.7,2.7,2.7,2.7,227
2011-05-02,2.7,2.7,2.7,2.7,165
2011-05-03,2.4,2.4,2.4,2.4,784
2011-05-04,2.8,2.8,2.8,2.8,125
2011-05-05,2.4,2.4,2.4,2.4,142
2011-05-06,2.4,2.4,2.4,2.4,1428
2011-05-09,2.45,2.45,2.45,2.45,165
2011-05-10,2.45,2.45,2.45,2.45,100
2011-05-11,2.45,2.45,2.45,2.45,642
2011-05-12,2.45,2.45,2.45,2.45,246
2011-05-13,2.45,2.45,2.45,2.45,142
2011-05-20,2.45,2.45,2.45,2.45,977
2011-05-24,2.45,2.45,2.99,2.45,2410
2011-05-26,2.45,2.45,2.45,2.45,386
2011-05-31,2.45,2.45,2.45,2.45,320
2011-06-01,2.45,2.45,2.45,2.45,345
2011-06-02,2.45,2.45,2.45,2.45,285
2011-06-03,2.45,2.4,2.45,2.4,7564
2011-06-06,2.25,2.31,2.31,2.25,1785
2011-06-07,2.4,2.4,2.4,2.4,106
2011-06-08,2.3,2.4,2.4,2.3,1600
2011-06-09,2.3,2.3,2.3,2.3,1000
2011-06-10,2.3,2.3,2.31,2.3,2378
2011-06-13,2.3,2.3,2.3,2.3,100
2011-06-14,2.3,2.3,2.3,2.3,428
2011-06-15,2.3,2.27,2.3,2.22,4330
2011-06-17,2.49,3.0,3.1,2.49,10887
2011-06-20,2.8,3.2,3.2,2.8,1200
2011-06-21,2.7,2.7,3.25,2.7,6853
2014-10-16,49.83,50.4099,51.12,49.58,201
2014-10-17,51.0,50.77,50.77,50.68,9031
2014-10-20,50.55,50.55,50.55,50.406,2051
2014-10-21,50.844,51.03,51.03,50.844,296
2014-10-23,50.56,50.96,50.98,50.56,4524
2014-10-24,50.6099,50.727,50.73,50.6099,912
2014-10-27,50.11,49.95,50.11,49.95,1110
2014-10-28,50.53,50.97,50.97,50.49,2350
2014-10-29,51.33,51.25,51.33,51.25,1366
2014-10-30,50.52,50.85,50.879,50.52,3500
2014-10-31,50.42,50.71,50.73,50.21,2810
2014-11-03,50.84,50.19,50.84,50.19,1217
2014-11-04,49.88,49.55,49.88,49.53,1573
2014-11-05,50.15,49.92,49.92,49.55,386
2014-11-06,49.8,49.99,50.0,49.6,4793
2014-11-07,50.42,50.35,50.56,50.32,4311
2014-11-10,50.82,49.93,50.7,49.91,4671
2014-11-11,49.9,50.0262,50.0262,49.8,2073
2014-11-12,50.2,49.8099,50.2,49.73,6482
2014-11-13,49.71,49.5,49.5,49.5,252
2014-11-14,48.98,49.4499,49.45,49.38,2930
2014-11-17,49.35,49.56,49.56,49.23,2516
2014-11-18,49.47,49.3599,49.47,49.31,1270
2014-11-19,49.59,49.26,49.59,49.26,535
2014-11-20,49.59,49.59,49.59,49.59,409
2014-11-21,50.209,49.904,50.21,49.904,665
2014-11-24,49.8399,49.72,49.8399,49.72,215
2014-11-25,49.8401,49.426,49.92,49.426,1860
2014-11-26,49.25,49.25,49.25,49.25,500
2014-11-28,47.46,46.47,47.52,46.47,6345
2014-12-01,45.83,46.63,46.63,45.83,1680
2014-12-02,46.7,46.39,46.7,46.39,1255
2014-12-03,46.56,46.59,46.59,46.36,1378
2014-12-04,46.6,46.1,46.29,46.09,1175
2014-12-05,46.06,45.9,46.06,45.9,648
2014-12-08,46.03,44.91,46.3,44.7,2095
2014-12-09,44.75,44.75,44.75,44.75,244
2014-12-10,44.1,44.05,44.1,44.05,981
2014-12-12,43.55,43.0,43.55,43.0,857
2014-12-15,43.0,42.03,43.0,42.03,3299
2014-12-16,45.24,41.851,45.24,41.851,882
2014-12-22,42.71,42.55,42.71,42.55,776
2014-12-23,42.61,43.01,43.1,42.61,1474
2014-12-24,45.79,42.3,45.79,42.15,80575
2014-12-26,42.59,42.37,42.59,42.19,5610
2014-12-29,42.46,41.88,42.42,41.76,4909
2014-12-30,42.8,41.8,42.8,41.792,2058
2014-12-31,41.31,41.3016,41.4654,41.295,7944
2015-01-02,41.99,41.19,41.99,41.1457,12385
2015-01-05,40.91,40.23,40.91,40.205,15264
2015-01-06,40.11,39.69,40.11,39.69,1761
2015-01-07,39.81,39.7,39.7,39.7,328
2015-01-08,40.22,39.96,40.22,39.89,1550
2015-01-09,40.39,39.89,40.39,39.88,854
2015-01-12,39.48,39.0536,39.48,39.0536,1749
2015-01-13,39.05,39.05,39.05,39.05,325
2015-01-15,39.78,38.98,39.78,38.98,1245
2015-01-16,39.75,39.76,39.76,39.33,2139
2015-01-20,39.86,39.0199,39.37,39.01,1734
2015-01-21,39.43,39.474,39.474,39.21,2232
2015-01-22,40.55,39.12,39.56,39.1015,1690
2015-01-26,39.62,39.0,39.62,38.74,1886
2015-01-27,38.25,39.25,39.25,38.25,2628
2015-01-28,39.1,38.35,38.41,38.35,645
2015-01-29,39.26,38.24,39.26,37.96,1361
2015-01-30,38.2701,38.418,38.418,38.2701,876
2015-02-02,39.43,39.992,40.01,39.43,1978
2015-02-03,40.74,41.299,41.71,40.671,2764
2015-02-04,42.0,40.45,42.0,40.444,3500
2015-02-05,40.43,40.73,40.92,40.401,1521
2015-02-06,40.76,40.74,40.76,40.74,1025
2015-02-09,41.23,41.37,41.37,41.189,1350
2015-02-10,41.25,40.74,41.25,40.74,854
2015-02-11,40.49,40.2899,40.49,40.2899,597
2015-02-12,40.77,41.1799,41.1799,40.77,7755349
2015-02-13,41.41,41.61,41.851,41.41,33238
2015-02-17,41.47,41.6699,41.74,41.2,16707
2015-02-18,41.52,41.17,41.55,41.15,44957
2015-02-19,40.64,40.917,41.059,40.55,46615
2015-02-20,41.16,40.93,41.16,40.88,23544
2015-02-23,41.11,40.61,41.11,40.477,22250
2015-02-24,40.79,40.61,41.008,40.61,30008
2015-02-25,40.7,41.18,41.218,40.7,21532
2015-02-26,41.12,40.71,41.158,40.62,11633
2015-02-27,40.96,41.1392,41.278,40.96,33117
2015-03-02,41.48,40.7,41.48,40.54,19648
2015-03-03,40.88,40.85,40.92,40.67,18361
2015-03-04,40.5684,40.53,40.61,40.326,31370
2015-03-05,40.53,40.43,40.68,40.4,17833
2015-03-06,40.68,39.8199,40.68,39.74,18490
2015-03-09,39.77,39.45,39.824,39.421,10061
2015-03-10,39.64,38.78,39.082,38.7016,11383
2015-03-11,39.05,38.96,39.05,38.6,20769
2015-03-12,39.17,38.77,39.21,38.715,20091
2015-03-13,39.01,37.99,39.01,37.99,18497
2015-03-16,38.09,37.97,38.09,37.51,18203
2015-03-17,37.76,37.72,37.87,37.55,14021
2015-03-18,37.72,38.7775,38.94,37.42,17428
2015-03-19,38.37,38.17,38.37,38.05,12109
2015-03-20,38.45,38.8,38.8,38.45,12313
2015-03-23,38.79,38.9,39.0,38.74,10395
2015-03-24,38.83,38.7,38.958,38.7,12150
2015-03-25,38.28,38.77,39.05,38.28,26326
2015-03-26,39.22,39.18,39.4,39.02,12240
2015-03-27,39.27,38.39,39.27,38.39,16379
2015-03-30,38.85,38.78,38.85,38.4,11406
2015-03-31,38.39,38.26,38.72,38.25,32738
2015-04-01,38.54,39.01,39.1,38.44,10345
2015-04-02,38.78,38.7,38.8129,38.58,12123
2015-04-06,38.35,39.48,39.51,38.35,16384
2015-04-07,39.2,39.53,39.69,39.2,24286
2015-04-08,39.29,38.96,39.43,38.75,31131
2015-04-09,38.89,39.07,39.11,38.84,19322
2015-04-10,39.16,39.29,39.37,39.16,11768
2015-04-13,39.29,39.2317,39.4,39.01,16762
2015-04-14,39.71,39.51,39.71,39.44,14638
2015-04-15,39.6,40.48,40.53,39.6,25947
2015-04-16,40.49,40.75,40.9,40.2601,18973
2015-04-17,40.68,40.583,40.68,40.2901,12694
2015-04-20,40.49,40.5,40.62,40.26,42710
2015-04-21,40.69,40.21,40.69,40.12,16569
2015-04-22,40.3,40.24,40.3,40.12,13901
2015-04-23,39.98,40.7,40.8,39.98,14630
2015-04-24,40.8,40.785,40.8,40.55,7305
2015-04-27,40.81,40.591,40.9,40.591,8937
2015-04-28,40.6,40.7,40.871,40.57,17008
2015-04-29,40.84,41.02,41.27,40.7201,18763
2015-04-30,40.93,41.36,41.36,40.88,14535
2015-05-01,41.45,41.54,41.54,41.14,9757
2015-05-04,41.42,41.55,41.56,41.2879,17009
2015-05-05,41.45,41.52,41.732,41.45,18760
2015-05-06,41.87,41.4844,41.91,41.4401,7810
2015-05-07,41.69,40.82,41.69,40.8,13320
2015-05-08,41.02,41.26,41.27,40.858,12098
2015-05-11,41.42,41.11,41.42,41.05,7269
2015-05-12,41.3,41.52,41.8,41.3,13153
2015-05-13,41.62,41.53,41.73,41.5,13800
2015-05-14,41.59,41.72,41.8199,41.59,13292
2015-05-15,41.72,41.54,41.72,41.252,9543
2015-05-18,41.39,41.46,41.46,41.32,29476
2015-05-19,41.35,40.7166,41.35,40.44,9958
2015-05-20,40.66,40.52,40.72,40.4924,11946
2015-05-21,40.78,41.07,41.18,40.78,10982
2015-05-22,40.88,40.67,40.88,40.6,982
2015-05-26,40.36,39.97,40.49,39.74,25094
2015-05-27,39.76,39.56,39.92,39.48,9971
2015-05-28,39.19,39.57,39.645,39.19,35425
2015-05-29,39.54,40.03,40.054,39.54,11906
2015-06-01,39.86,39.81,40.0,39.7,15982
2015-06-02,39.95,40.4,40.45,39.95,13437
2015-06-03,40.38,40.02,40.38,39.87,12731
2015-06-04,39.66,39.56,39.69,39.38,33048
2015-06-05,39.21,39.8,39.83,39.1,25503
2015-06-08,39.64,39.76,39.79,39.46,19098
2015-06-09,39.99,40.16,40.39,39.9701,31984
2015-06-10,40.79,40.595,40.79,40.45,20631
2015-06-11,40.45,40.11,40.41,40.11,11664
2015-06-12,39.99,39.8,40.04,39.72,14757
2015-06-15,40.14,39.64,39.76,39.48,11268
2015-06-16,39.57,39.59,39.73,39.47,47071
2015-06-17,39.6,39.69,39.89,39.428,11857
2015-06-18,39.54,39.69,40.0099,39.69,5570
2015-06-19,40.33,39.35,40.33,39.26,20540
2015-06-22,38.88,39.595,39.68,38.88,11161
2015-06-23,38.97,39.96,40.0,38.97,18005
2015-06-24,39.45,39.43,39.89,39.4,9612
2015-06-25,39.73,39.2,39.73,39.2,18303
2015-06-26,39.0,39.32,39.4899,39.0,13378
2015-06-29,39.0,39.01,39.08,38.82,16895
2015-06-30,38.77,39.47,39.48,38.973,29742
2015-07-01,39.97,38.775,39.97,38.58,18081
2015-07-02,38.66,38.74,39.12,38.67,14373
2015-07-06,38.21,37.63,40.49,36.98,20068
2015-07-07,37.17,37.44,37.44,36.42,25731
2015-07-08,37.26,36.9,37.1029,36.545,12049
2015-07-09,37.0,37.25,37.41,37.0,25163
2015-07-10,37.17,37.48,37.48,37.08,16883
2015-07-13,37.17,37.62,37.73,37.17,20396
2015-07-14,37.3101,37.56,37.82,37.3101,19700
2015-07-15,37.71,37.12,37.71,36.915,15828
2015-07-16,36.95,36.78,37.21,36.74,35598
2015-07-17,36.43,36.72,36.75,36.41,15993
2015-07-20,36.48,35.945,36.48,35.825,25233
2015-07-21,35.81,36.49,36.561,35.81,300501
2015-07-22,35.99,35.98,36.3599,35.77,43801
2015-07-23,35.899,35.39,35.899,35.38,16260
2015-07-24,35.28,34.99,35.28,34.93,18581
2015-07-27,34.75,34.57,34.957,34.45,25520
2015-07-28,34.64,35.0,35.106,34.633,21696
2015-07-29,34.89,35.31,35.61,34.89,16136
2015-07-30,35.442,34.95,35.55,34.2,52544
2015-07-31,35.25,34.47,35.26,34.46,24007
2015-08-03,34.41,34.14,34.41,33.835,22721
2015-08-04,33.91,34.344,34.42,33.862,16064
2015-08-05,34.458,34.04,34.6964,33.978,10635
2015-08-06,33.97,34.2,34.25,33.88,15273
2015-08-07,34.39,33.99,35.62,33.792,21121
2015-08-10,33.83,34.87,34.87,33.83,14486
2015-08-11,34.25,34.015,34.25,33.782,26415
2015-08-12,34.19,34.28,34.29,33.6101,17780
2015-08-13,33.97,33.98,33.9906,33.68,19911
2015-08-14,34.02,33.859,34.02,33.752,12014
2015-08-17,33.66,33.58,33.71,33.542,18377
2015-08-18,33.43,33.58,33.5999,33.37,12551
2015-08-19,32.96,32.9,32.96,32.74,14387
2015-08-20,32.6,32.76,33.7,32.6,18031
2015-08-21,32.72,32.14,32.75,32.13,27296
2015-08-24,30.38,30.9,31.65,30.3093,46444
2015-08-25,31.68,31.05,31.68,31.05,32188
2015-08-26,31.39,31.19,32.18,30.96,25772
2015-08-27,31.16,32.66,32.69,30.44,43336
2015-08-28,32.8258,33.62,33.8073,32.8258,31600
2015-08-31,33.62,34.49,34.7199,33.3,20522
2015-09-01,33.81,32.82,33.81,32.82,34360
2015-09-02,32.84,33.27,33.32,32.4829,34430
2015-09-03,33.46,33.62,34.09,33.45,14938
2015-09-04,33.28,33.07,33.28,32.95,36664
2015-09-08,33.31,33.49,33.5385,32.95,56742
2015-09-09,33.5,32.95,33.55,32.87,20796
2015-09-10,32.76,33.34,33.355,32.76,61607
2015-09-11,33.17,33.2699,33.2699,32.87,19155
2015-09-14,33.04,32.85,33.04,32.446,13598
2015-09-15,32.84,33.04,33.075,32.84,10798
2015-09-16,33.38,33.63,33.67,33.29,24044
2015-09-17,33.38,33.34,33.69,33.27,40135
2015-09-18,33.13,32.72,33.13,32.59,13308
2015-09-21,32.62,32.97,33.0839,32.62,18287
2015-09-22,32.6452,32.65,32.6879,32.34,14963
2015-09-23,32.91,32.07,32.9144,31.99,28147
2015-09-24,32.009,32.39,32.428,31.99,12308
2015-09-25,32.41,32.27,32.44,31.98,31860
2015-09-28,32.73,31.74,32.73,31.65,11308
2015-09-29,31.85,31.85,31.93,31.51,28385
2015-09-30,31.67,32.2,32.25,31.67,28918
2015-10-01,32.24,31.87,32.56,31.86,19153
2015-10-02,31.64,32.38,32.39,31.64,21498
2015-10-05,32.49,32.96,32.972,32.49,31179
2015-10-06,33.02,33.685,33.754,33.02,41196
2015-10-07,34.47,34.04,34.47,33.845,35077
2015-10-08,34.0992,34.55,34.55,33.74,30330
2015-10-09,34.69,34.605,34.73,34.5,13885
2015-10-12,34.51,34.02,34.51,33.91,20221
2015-10-13,33.65,33.77,34.13,33.65,17681
2015-10-14,33.62,33.91,34.01,33.62,22992
2015-10-15,33.75,33.8707,33.9292,33.53,34549
2015-10-16,33.724,33.81,33.904,33.56,23017
2015-10-19,33.56,33.33,33.56,33.19,14694
2015-10-20,33.2,33.35,33.408,33.2,16453
2015-10-21,33.34,33.03,33.34,32.94,12851
2015-10-22,33.01,33.28,33.4365,33.01,54954
2015-10-23,33.32,33.08,33.32,33.0306,24036
2015-10-26,33.04,32.79,33.04,32.735,14843
2015-10-27,32.74,32.45,32.74,32.35,19387
2015-10-28,32.33,33.02,33.08,32.33,25156
2015-10-29,32.89,32.75,33.0447,32.68,15797
2015-10-30,32.794,32.99,33.08,32.71,32603
2015-11-02,32.83,32.88,32.93,32.522,13877
2015-11-03,32.73,33.47,33.61,32.73,27473
2015-11-04,33.41,32.99,33.54,32.8935,18500
2015-11-05,32.76,32.5699,32.76,32.42,21655
2015-11-06,32.01,32.15,32.15,31.88,21865
2015-11-09,31.96,31.84,32.0399,31.6,17599
2015-11-10,31.71,31.66,31.8001,31.59,15916
2015-11-11,31.56,31.32,31.72,31.18,14597
2015-11-12,30.93,30.83,31.06,30.76,21005
2015-11-13,30.75,30.69,30.77,30.52,26478
2015-11-16,30.45,30.87,30.925,30.168,22763
2015-11-17,30.9,30.55,30.9,30.44,21609
2015-11-18,30.46,30.82,30.82,30.46,24157
2015-11-19,30.68,30.72,30.8799,30.68,16056
2015-11-20,30.8565,30.63,30.8565,30.343,17639
2015-11-23,30.43,30.76,30.8516,30.1976,51414
2015-11-24,31.18,31.21,31.21,30.9,25358
2015-11-25,31.07,31.0,31.09,30.8,37022
2015-11-27,30.95,30.6,30.95,30.522,15206
2015-11-30,30.48,30.47,30.77,30.39,27868
2015-12-01,30.3,30.58,30.6025,30.0211,15435
2015-12-02,30.37,30.01,30.42,29.935,28183
2015-12-03,29.99,30.16,30.34,29.99,17541
2015-12-04,30.07,30.11,30.14,29.97,31990
2015-12-07,29.71,29.11,29.71,29.033,125027
2015-12-08,28.76,28.74,29.0,28.67,34080
2015-12-09,28.9,28.96,29.32,28.6001,66051
2015-12-10,28.8,28.88,29.029,28.8,38636
2015-12-11,28.73,28.35,28.73,28.28,29986
2015-12-14,28.35,27.9801,28.36,27.768,27734
2015-12-15,27.9801,27.9801,27.9801,27.9801,5
2015-12-16,28.01,28.06,28.1601,27.85,34694
2015-12-17,27.73,27.66,27.93,27.595,52288
2015-12-18,27.75,27.65,28.04,27.65,46693
2015-12-21,27.49,27.63,27.8301,27.49,35194
2015-12-22,27.61,27.667,27.82,27.61,284035
2015-12-23,28.43,28.41,28.43,28.1086,36065
2015-12-24,28.48,28.604,28.66,28.48,25666
2015-12-28,28.15,28.27,28.3,28.15,34347
2015-12-29,28.47,28.5,28.54,28.348,61359
2015-12-30,29.06,28.34,29.06,28.1996,33901
2015-12-31,28.12,28.44,28.63,28.12,23411
2016-01-04,28.18,28.31,28.55,27.9601,74012
2016-01-05,28.4,28.04,28.4,27.96,33164
2016-01-06,27.56,27.38,27.6,27.3,49403
2016-01-07,27.2,26.96,27.26,26.8509,37167
2016-01-08,26.95,26.8,27.065,26.72,56506
2016-01-11,26.75,26.03,26.75,25.48,213178
2016-01-12,26.03,25.64,26.03,25.3418,23981
2016-01-13,25.59,25.34,25.84,25.219,20339
2016-01-14,25.74,25.6,25.74,25.2203,25284
2016-01-15,25.16,24.99,25.16,24.74,27648
2016-01-19,25.0,24.71,25.0,24.456,18505
2016-01-20,24.307,24.25,24.307,23.7701,43689
2016-01-21,24.29,24.73,24.95,24.29,27651
2016-01-22,24.95,25.58,25.6,24.95,34316
2016-01-25,25.34,24.93,25.378,24.88,30236
2016-01-26,24.97,25.73,25.8295,24.97,53815
2016-01-27,25.625,26.01,26.08,25.625,23316
2016-01-28,26.35,26.26,26.35,26.03,25980
2016-01-29,26.16,26.695,26.772,26.16,19172
2016-02-01,26.39,26.27,26.5099,26.164,26494
2016-02-02,25.73,25.76,25.844,25.595,27660
2016-02-03,25.8301,26.74,26.74,25.7463,449281
2016-02-04,26.91,27.0,27.27,26.8352,67193
2016-02-05,26.65,26.8,26.926,26.65,53262
2016-02-08,26.62,26.45,26.78,26.44,44209
2016-02-09,26.12,25.68,26.2877,25.6,92893
2016-02-10,25.5,25.64,25.81,25.5,44480
2016-02-11,25.47,25.84,25.84,25.45,70173
2016-02-12,26.03,26.41,26.55,25.95,54909
2016-02-16,26.6,26.29,26.6,26.155,53654
2016-02-17,26.54,27.05,27.16,26.51,32890
2016-02-18,27.11,26.92,27.206,26.85,37792
2016-02-19,26.75,26.628,26.75,26.484,30748
2016-02-22,26.78,27.25,27.25,26.78,26605
2016-02-23,27.14,26.79,27.14,26.639,15492
2016-02-24,26.55,26.9301,27.02,26.344,1833573
2016-02-25,26.9,27.06,27.088,26.535,47706
2016-02-26,27.11,26.93,27.4158,26.911,3234
2016-02-29,27.1,26.93,27.445,27.1,27534
2016-03-01,27.44,27.32,27.5104,27.214,27153
2016-03-02,27.61,27.42,27.8,27.371,14192
2016-03-03,27.78,28.04,27.78,27.78,21570
2016-03-04,28.2,28.79,28.545,28.2,43234
2016-03-07,28.86,29.53,29.534,28.86,53050
2016-03-08,29.39,29.53,29.39,28.645,15860
2016-03-09,28.87,28.68,29.1275,28.6921,16015
2016-03-10,29.07,29.08,29.07,29.07,17528
2016-03-11,29.08,29.3399,29.08,29.08,38380
2016-03-14,29.14,29.028,29.14,28.921,3308
2016-03-15,29.0499,28.655,29.0499,29.0499,7143
2016-03-16,28.63,29.37,29.39,28.63,27991
2016-03-17,30.25,29.87,30.25,29.59,67988
2016-03-18,30.14,29.75,30.14,29.71,64424
2016-03-21,29.73,29.84,29.911,29.5601,19248
2016-03-22,29.73,30.0,30.0,29.668,44805
2016-03-23,29.55,29.08,29.55,29.01,14022
2016-03-24,28.73,28.9638,28.81,28.6109,6271
2016-03-28,28.94,28.8988,28.94,28.8,1802
2016-03-29,28.76,28.95,28.92,28.53,36946
2016-03-30,29.41,29.05,29.41,28.95,19566
2016-03-31,28.97,29.05,29.11,28.84,32960
2016-04-01,28.57,28.48,28.57,28.256,24916
2016-04-04,28.31,27.89,28.4408,27.88,26071
2016-04-05,27.89,27.83,27.89,27.89,22095
2016-04-06,27.76,28.26,28.3,27.76,22572
2016-04-07,28.27,28.24,28.27,28.0,28248
2016-04-08,28.53,28.84,28.95,28.53,57257
2016-04-11,29.12,29.32,29.415,29.12,20042
2016-04-12,29.53,30.15,30.15,29.53,26179
2016-04-13,30.24,30.22,30.3763,30.081,17538
2016-04-14,30.1,29.99,30.22,29.984,59135
2016-04-15,29.7,29.93,29.956,29.541,24743
2016-04-18,29.62,30.16,30.16,29.51,42625
2016-04-19,30.3,30.83,30.835,30.3,14124
2016-04-20,30.82,31.46,31.62,30.7583,32269
2016-04-21,31.65,31.23,31.65,31.06,20082
2016-04-22,31.15,31.08,31.458,31.0182,25645
2016-04-25,31.04,30.95,31.04,30.82,20101
2016-04-26,31.0,31.38,31.4,31.0,17141
2016-04-27,31.43,31.71,31.769,31.2903,20146
2016-04-28,31.81,31.95,32.16,31.81,15245
2016-04-29,32.29,32.28,32.305,31.97,14678
2016-05-02,32.32,31.88,32.32,31.701,25691
2016-05-03,31.76,31.18,31.76,30.98,30870
2016-05-04,30.99,30.88,31.23,30.63,28346
2016-05-05,31.59,30.79,31.59,30.5601,22570
2016-05-06,30.65,31.0299,31.15,30.65,16504
2016-05-09,30.75,30.1,30.75,30.07,16595
2016-05-10,30.28,31.01,31.01,30.28,25726
2016-05-11,30.86,31.49,31.49,30.86,14954
2016-05-12,31.5919,31.4,31.64,31.17,21460
2016-05-13,31.38,31.35,31.5,31.22,26287
2016-05-16,31.5,31.76,31.91,31.5,13743
2016-05-17,31.69,32.16,32.2,31.69,24208
2016-05-18,31.95,31.5,32.148,31.5,22425
2016-05-19,31.23,31.54,31.605,31.0301,26570
2016-05-20,31.63,31.57,31.7855,31.25,49039
2016-05-23,31.46,31.5101,31.6859,31.3507,21453
2016-05-24,31.38,31.56,31.79,31.38,113412
2016-05-25,31.65,32.08,32.09,31.65,21268
2016-05-26,32.27,32.01,32.38,31.7458,15025
2016-05-27,31.87,31.98,32.0679,31.83,24844
2016-05-31,32.101,31.9,32.2657,31.8477,13498
2016-06-01,31.1,31.84,32.03,31.1,36873
2016-06-02,31.64,31.99,32.1566,31.64,10884
2016-06-03,32.23,32.49,32.49,32.19,23685
2016-06-06,32.71,32.89,32.98,32.71,14471
2016-06-07,33.05,33.21,33.21,32.9706,55542
2016-06-08,33.52,33.65,33.74,33.52,31925
2016-06-09,33.69,33.43,33.69,33.3025,18101
2016-06-10,33.15,32.82,33.15,32.69,12799
2016-06-13,32.63,32.65,32.915,32.63,13426
2016-06-14,32.55,32.365,32.55,32.1808,23874
2016-06-15,32.23,32.31,32.556,32.23,17309
2016-06-16,32.09,31.78,32.09,31.77,17494
2016-06-17,32.22,32.63,32.639,32.22,12879
2016-06-20,32.87,32.92,33.09,32.7396,74839
2016-06-21,32.78,32.72,32.82,32.61,16496
2016-06-22,32.91,32.68,32.995,32.52,35075
2016-06-23,32.7,33.065,33.1026,32.7,19973
2016-06-24,31.85,31.95,32.19,31.85,38129
2016-06-27,31.6,31.64,31.7681,31.3086,28897
2016-06-28,31.9,32.22,32.22,31.88,27085
2016-06-29,32.47,32.7776,32.95,32.271,25383
2016-06-30,32.61,32.82,32.84,32.5795,24304
2016-07-01,32.66,33.18,33.18,32.66,14566
2016-07-05,33.19,32.29,33.19,32.0846,115518
2016-07-06,32.07,32.56,32.56,31.931,38925
2016-07-07,32.65,31.7,32.7342,31.55,29266
2016-07-08,31.7,32.15,32.15,31.7,39459
2016-07-11,32.16,32.09,32.2999,32.09,17139
2016-07-12,32.18,32.76,32.9,32.18,151966
2016-07-13,32.77,32.48,32.8,32.3615,50760
2016-07-14,32.658,32.6,32.7362,32.59,27191
2016-07-15,32.601,32.56,32.7,32.444,36022
2016-07-18,32.37,32.46,32.46,32.14,35051
2016-07-19,32.48,32.16,32.48,32.08,20515
2016-07-20,31.99,31.98,32.148,31.547,41195
2016-07-21,31.83,31.76,32.1696,31.746,29136
2016-07-22,31.62,31.65,31.73,31.48,25641
2016-07-25,31.31,31.37,31.4277,31.23,50611
2016-07-26,31.45,31.52,31.53,31.01,35178
2016-07-27,31.37,31.25,31.4,31.12,20770
2016-07-28,31.42,30.97,31.42,30.96,22489
2016-07-29,30.94,31.29,31.32,30.914,34787
2016-08-01,30.95,30.87,31.0645,30.7706,11603
2016-08-02,31.03,30.73,31.115,30.5623,20470
2016-08-03,30.63,31.17,31.17,30.63,22812
2016-08-04,30.94,31.29,31.3499,30.94,19738
2016-08-05,31.19,31.39,31.441,31.19,21458
2016-08-08,31.55,31.72,31.846,31.55,11148
2016-08-09,31.67,31.64,31.812,31.58,26807
2016-08-10,31.825,31.35,31.85,31.294,18879
2016-08-11,31.42,31.88,31.9001,31.42,12776
2016-08-12,31.81,31.99,31.99,31.7189,19044
2016-08-15,31.9,32.43,32.43,31.9,13135
2016-08-16,32.39,32.59,32.6053,32.39,36249
2016-08-17,32.55,32.68,32.76,32.39,21150
2016-08-18,32.83,33.0699,33.1099,32.81,21897
2016-08-19,32.86,33.03,33.03,32.86,1101262
2016-08-22,33.17,32.65,33.17,32.58,21639
2016-08-23,32.54,32.88,32.99,32.54,25626
2016-08-24,32.68,32.25,32.7,32.23,23123
2016-08-25,32.38,32.41,32.466,32.335,23221
2016-08-26,32.46,32.3772,32.9406,32.31,25266
2016-08-29,32.25,32.2699,32.32,32.195,12940
2016-08-30,32.14,31.9028,32.32,31.8645,13689
2016-08-31,31.6615,31.28,31.6615,31.251,19325
2016-09-01,31.28,31.14,31.28,30.94,109259
2016-09-02,31.4,31.49,31.59,31.4,20605
2016-09-06,31.528,31.83,31.83,31.45,20299
2016-09-07,31.8,31.99,32.01,31.7628,15980
2016-09-08,32.17,32.54,32.6091,32.1526,60487
2016-09-09,32.26,31.7151,32.26,31.6792,16773
2016-09-12,31.79,31.94,31.99,31.48,18286
2016-09-13,31.72,31.2107,31.72,31.161,26789
2016-09-14,31.18,31.08,31.22,30.97,26217
2016-09-15,31.0,31.22,31.295,30.99,28799
2016-09-16,31.06,31.1319,31.2199,30.98,23973
2016-09-19,31.23,31.25,31.466,31.15,21787
2016-09-20,31.2,31.33,31.36,31.06,24337
2016-09-21,31.57,31.91,31.91,31.52,31417
2016-09-22,32.17,32.15,32.307,32.09,21237
2016-09-23,32.1254,31.65,32.171,31.58,23718
2016-09-26,31.87,31.77,32.03,31.77,28675
2016-09-27,31.52,31.45,31.59,31.31,32274
2016-09-28,31.69,32.31,32.35,31.5087,37117
2016-09-29,32.383,32.45,32.6258,32.32,35845
2016-09-30,32.48,32.63,32.69,32.48,14336
2016-10-03,32.51,32.79,32.81,32.42,71617
2016-10-04,32.75,32.54,32.79,32.51,27744
2016-10-05,32.54,32.93,32.93,32.54,20124
2016-10-06,33.0,32.9426,33.0,32.82,23819
2016-10-07,33.0,32.7,33.0513,32.605,28777
2016-10-10,32.82,33.12,33.307,32.82,23381
2016-10-11,32.99,32.87,33.0199,32.71,32519
2016-10-12,32.71,32.78,32.94,32.59,22338
2016-10-13,32.49,32.72,32.89,32.36,45156
2016-10-14,32.88,32.8,32.932,32.65,26551
2016-10-17,32.61,32.84,32.86,32.58,20989
2016-10-18,32.94,32.95,33.054,32.79,23788
2016-10-19,32.97,33.28,33.36,32.97,22131
2016-10-20,33.14,32.94,33.14,32.821,19756
2016-10-21,32.925,33.23,33.23,32.89,19424
2016-10-24,33.45,33.2,33.45,32.78,41865
2016-10-25,33.11,33.13,33.13,32.9272,21989
2016-10-26,32.737,32.93,33.026,32.737,19244
2016-10-27,33.08,32.9,33.08,32.78,42226
2016-10-28,32.8,32.77,32.9984,32.6859,23169
2016-10-31,32.8,32.46,32.8,32.29,31037
2016-11-01,32.42,32.34,32.7464,32.21,21417
2016-11-02,32.17,31.94,32.34,31.8429,33954
2016-11-03,31.89,31.84,32.1248,31.74,33255
2016-11-04,31.55,31.61,31.786,31.5471,31461
2016-11-07,31.75,32.05,32.05,31.63,35961
2016-11-08,31.86,32.03,32.2,31.86,20075
2016-11-09,32.19,32.46,32.6627,32.19,140101
2016-11-10,32.37,32.29,32.49,32.18,205113
2016-11-11,32.44,31.6001,32.44,31.51,87240
2016-11-14,31.51,31.675,31.675,31.33,29888
2016-11-15,31.72,32.25,32.26,31.71,38061
2016-11-16,32.37,31.95,32.37,31.79,4673811
2016-11-17,32.04,32.03,32.244,31.8414,23347
2016-11-18,31.88,32.06,32.19,31.811,17459
2016-11-21,32.37,33.0,33.0,32.37,94039
2016-11-22,33.0569,33.13,33.1799,32.8669,23391
2016-11-23,32.9647,33.22,33.2273,32.9647,10977
2016-11-25,33.12,32.86,33.12,32.79,12702
2016-11-28,33.06,32.99,33.3299,32.99,12871
2016-11-29,32.91,32.33,32.91,32.33,20791
2016-11-30,32.85,33.29,33.42,32.85,34541
2016-12-01,33.56,33.7,33.92,33.56,264193
2016-12-02,33.69,33.94,34.05,33.69,208514
2016-12-05,34.14,34.22,34.45,34.14,22305
2016-12-06,34.45,34.21,34.45,33.97,64009
2016-12-07,34.22,34.23,34.35,34.1248,49286
2016-12-08,34.27,34.32,34.46,34.09,23508
2016-12-09,34.27,34.39,34.4043,34.2032,14446
2016-12-12,34.71,34.5061,34.855,34.4842,16074
2016-12-13,34.4799,34.53,34.657,34.3911,33364
2016-12-14,34.42,34.07,34.6299,34.06,11602
2016-12-15,33.78,33.99,33.99,33.6101,33043
2016-12-16,34.06,33.94,34.11,33.89,31129
2016-12-19,34.32,33.85,34.32,33.73,26248
2016-12-20,33.84,34.07,34.07,33.84,13796
2016-12-21,34.0039,33.77,34.039,33.77,28055
2016-12-22,33.75,33.7782,33.8849,33.75,14092
2016-12-23,33.62,33.86,33.86,33.62,43736
2016-12-27,34.08,34.18,34.315,34.07,20511
2016-12-28,34.55,34.27,34.55,34.16,60187
2016-12-29,34.19,34.38,34.46,34.19,23908
2016-12-30,34.35,34.29,34.51,34.21,88405
2017-01-03,34.39,34.13,34.72,33.79,66659
2017-01-04,34.28,34.48,34.58,34.2128,81777
2017-01-05,34.8001,34.82,34.85,34.54,304164
2017-01-06,34.99,34.72,34.99,34.526,70898
2017-01-09,34.59,34.29,34.59,34.2387,22528
2017-01-10,34.12,34.17,34.79,32.5,32523
2017-01-11,34.24,34.64,34.72,32.8124,98119
2017-01-12,34.69,34.88,35.0,34.63,28486
2017-01-13,34.81,34.9,34.91,34.7601,23815
2017-01-17,35.35,34.96,35.35,34.85,33180
2017-01-18,35.1,34.6,35.1,34.5,38585
2017-01-19,34.75,34.5,34.75,34.4,151712
2017-01-20,34.45,34.87,34.9999,34.45,57336
2017-01-23,34.92,35.0,35.035,34.79,43682
2017-01-24,35.07,35.2,35.32,35.07,49713
2017-01-25,35.13,35.12,35.2799,35.017,30283
2017-01-26,35.27,35.15,35.36,35.07,984334
2017-01-27,35.33,34.92,35.33,34.7401,73378
2017-01-30,34.8,34.63,34.8,34.5,37049
2017-01-31,34.66,34.76,34.831,34.6,26136
2017-02-01,34.84,35.08,35.13,34.73,124139
2017-02-02,35.088,35.1,35.1,34.93,47603
2017-02-03,34.99,34.93,35.1,34.901,20358
2017-02-06,35.08,34.85,35.08,34.71,18096
2017-02-07,34.9,34.65,34.9,34.52,61378
2017-02-08,34.61,34.71,34.7367,34.42,26098
2017-02-09,34.68,34.74,34.87,34.68,46881
2017-02-10,35.0,35.14,35.24,35.0,54355
2017-02-13,35.01,34.86,35.01,34.86,34527
2017-02-14,35.18,34.93,35.18,34.87,7502
2017-02-15,34.88,34.97,35.0704,34.88,16301
2017-02-16,34.93,34.77,34.9852,34.76,16735
2017-02-17,34.6953,34.78,34.78,34.61,30410
2017-02-21,34.97,34.76,34.97,34.72,15996
2017-02-22,34.62,34.57,34.62,34.456,22334
2017-02-23,35.41,35.3,35.41,34.47,60923
2017-02-24,34.74,34.49,34.74,34.3995,39253
2017-02-27,34.26,34.4,34.57,34.26,13843
2017-02-28,34.38,34.45,34.55,34.36,15007
2017-03-01,34.62,34.74,34.7948,34.62,47467
2017-03-02,34.51,34.16,34.54,34.16,15383
2017-03-03,34.34,34.43,34.43,34.2015,9915
2017-03-06,34.55,34.29,34.55,34.2816,13720
2017-03-07,34.33,34.2,34.3699,34.155,12043
2017-03-08,34.13,33.43,34.13,33.3525,15490
2017-03-09,33.28,33.21,33.28,32.9781,11784
2017-03-10,33.33,32.91,33.33,32.86,58316
2017-03-13,32.92,33.0,33.052,32.9013,41457
2017-03-14,32.77,32.79,32.79,32.605,17625
2017-03-15,32.9,33.25,33.25,32.9,22855
2017-03-16,33.27,33.19,33.63,33.13,46878
2017-03-17,33.24,33.23,33.27,33.13,7527
2017-03-20,33.21,33.27,33.29,33.13,14353
2017-03-21,33.26,32.93,33.2628,32.92,15619
2017-03-22,32.89,32.95,33.01,32.7962,14360
2017-03-23,32.83,32.9,32.9699,32.83,12102
2017-03-24,32.8,32.86,32.87,32.69,24108
2017-03-27,32.93,32.78,32.93,32.4581,32457
2017-03-28,32.85,32.93,33.04,32.85,11261
2017-03-29,33.01,33.22,33.249,32.965,13815
2017-03-30,33.22,33.39,33.4343,33.21,35010
2017-03-31,33.36,33.54,33.59,33.3101,10571
2017-04-03,33.6,33.43,33.6,33.341,13362
2017-04-04,33.26,33.73,33.76,33.26,8748
2017-04-05,34.1,33.74,34.19,33.71,1814127
2017-04-06,33.88,33.96,34.015,33.88,20217
2017-04-07,34.04,33.99,34.1172,33.95,10976
2017-04-10,34.05,34.35,34.35,34.05,23016
2017-04-11,34.27,34.42,34.42,34.18,28950
2017-04-12,34.6,34.32,34.6,34.264,46903
2017-04-13,34.37,34.27,34.47,34.234,13195
2017-04-17,34.35,34.23,34.3576,34.13,396794
2017-04-18,34.1,34.08,34.1,33.86,39435
2017-04-19,34.02,33.55,34.079,33.4,45342
2017-04-20,33.64,33.5,33.64,33.425,12055
2017-04-21,33.42,33.22,33.42,33.13,531639
2017-04-24,33.17,33.16,33.28,33.14,52338
2017-04-25,33.12,33.43,33.43,33.1101,17064
2017-04-26,33.36,33.26,33.45,33.178,15417
2017-04-27,33.12,33.1,33.15,32.8328,15602
2017-04-28,33.2,33.22,33.27,33.08,20498
2017-05-01,33.18,33.21,33.2796,33.12,10327
2017-05-02,33.05,32.87,33.1112,32.7454,12122
2017-05-03,32.7,32.71,32.7892,32.5792,6540
2017-05-04,32.65,32.12,32.65,31.99,13680
2017-05-05,32.14,32.47,32.5476,32.14,16523
2017-05-08,32.46,32.43,32.4799,32.2372,34547
2017-05-09,32.42,32.29,32.4402,32.205,479883
2017-05-10,32.38,32.75,32.7966,32.38,81598
2017-05-11,32.9,32.82,32.9,32.43,22204
2017-05-12,32.74,32.83,32.858,32.64,28893
2017-05-15,33.11,33.04,33.24,32.89,52218
2017-05-16,33.08,33.08,33.1474,33.01,10440
2017-05-17,33.06,33.15,33.2999,33.06,25562
2017-05-18,32.94,33.07,33.1099,32.76,17171
2017-05-19,33.3,33.6,33.69,33.3,11841
2017-05-22,33.75,33.82,33.83,33.71,14693
2017-05-23,33.73,33.77,33.85,33.68,17140
2017-05-24,33.75,33.75,33.8199,33.618,12268
2017-05-25,33.64,33.07,33.7052,33.0428,34135
2017-05-26,33.12,33.27,33.3499,33.12,8508
2017-05-30,33.08,33.07,33.2,33.001,10051
2017-05-31,33.07,32.79,33.07,32.66,15225
2017-06-01,32.86,32.69,32.9899,32.69,25501
2017-06-02,32.69,32.7,32.75,32.5225,10836
2017-06-05,32.55,32.54,32.55,32.36,46192
2017-06-06,32.45,32.74,32.74,32.45,12084
2017-06-07,32.66,32.28,32.66,32.25,27756
2017-06-08,32.23,32.35,32.4899,32.23,16599
2017-06-09,32.38,32.47,32.5599,32.38,122381
2017-06-12,32.38,32.36,32.58,32.27,9567
2017-06-13,32.42,32.53,32.53,32.3049,15382
2017-06-14,32.51,31.94,32.51,31.849,14772
2017-06-15,31.7851,31.83,31.92,31.72,29250
2017-06-16,31.89,32.07,32.07,31.89,12090
2017-06-19,32.06,31.96,32.175,31.91,9528
2017-06-20,31.72,31.6,31.72,31.48,10565
2017-06-21,31.64,31.24,31.64,31.1254,22756
2017-06-22,31.24,31.25,31.412,31.2186,9360
2017-06-23,31.18,31.42,31.45,31.18,12099
2017-06-26,31.5,31.55,31.56,31.2262,21738
2017-06-27,31.6074,31.66,31.76,31.5545,22236
2017-06-28,31.64,31.91,31.91,31.59,18453
2017-06-29,32.0,31.96,32.1662,31.9285,9777
2017-06-30,32.1,32.59,32.61,32.1,10086
2017-07-03,32.7,33.0,33.0,32.7,7382
2017-07-05,32.77,32.48,32.92,32.456,12562
2017-07-06,32.51,32.45,32.7377,32.38,32117
2017-07-07,32.34,32.15,32.34,32.117,8382
2017-07-10,32.13,32.49,32.533,32.13,12610
2017-07-11,32.46,32.71,32.73,32.46,4465
2017-07-12,32.84,32.7,32.94,32.65,10984
2017-07-13,32.56,32.77,32.826,32.56,15395
2017-07-14,32.9,33.08,33.08,32.86,15214
2017-07-17,33.0489,32.96,33.05,32.89,19204
2017-07-18,33.08,33.03,33.08,32.91,7312
2017-07-19,33.0,33.42,33.43,33.0,25225
2017-07-20,33.4,33.3,33.4799,33.22,6040
2017-07-21,33.24,32.88,33.2711,32.8,6665
2017-07-24,33.05,32.92,33.05,32.81,9279
2017-07-25,33.15,33.38,33.38,33.15,10714
2017-07-26,33.28,33.55,33.6555,33.28,10868
2017-07-27,33.63,33.72,33.799,33.626,8009
2017-07-28,33.74,33.87,33.95,33.74,7718
2017-07-31,33.86,34.14,34.21,33.85,53259
2017-08-01,33.916,33.89,33.93,33.64,8621
2017-08-02,33.76,33.95,33.9633,33.67,7760
2017-08-03,33.87,33.79,34.009,33.69,5676
2017-08-04,33.85,33.92,33.93,33.73,8235
2017-08-07,33.93,33.92,33.93,33.73,7938
2017-08-08,33.35,33.85,34.0,33.35,24176
2017-08-09,33.97,33.94,33.97,33.7601,13146
2017-08-10,33.9601,33.31,33.9649,33.3,23046
2017-08-11,33.35,33.39,33.46,33.25,13834
2017-08-14,33.53,33.18,33.53,33.1,7050
2017-08-15,33.36,33.08,33.36,32.9899,11304
2017-08-16,33.19,32.97,33.19,32.89,10455
2017-08-17,32.77,32.83,32.9103,32.76,13319
2017-08-18,32.95,33.28,33.311,32.694,8315
2017-08-21,33.17,32.92,33.17,32.87,15223
2017-08-22,32.95,33.13,33.16,32.95,17240
2017-08-23,33.2599,33.37,33.37,33.2599,4102
2017-08-24,33.2601,33.28,33.3099,33.088,13153
2017-08-25,33.4,33.35,33.419,33.2264,8156
2017-08-28,33.36,33.32,33.42,33.2,16565
2017-08-29,33.49,33.4,33.49,33.21,15167
2017-08-30,33.31,33.2181,33.42,33.2,250433
2017-08-31,33.38,34.01,34.07,33.38,37099
2017-09-01,34.16,34.2,34.2,33.996,8482
2017-09-05,34.2,34.21,34.311,34.11,9646
2017-09-06,34.2814,34.42,34.47,34.2814,26577
2017-09-07,34.43,34.44,34.51,34.3848,8287
2017-09-08,34.39,34.13,34.42,34.115,6848
2017-09-11,34.03,34.25,34.33,34.03,26271
2017-09-12,34.38,34.37,34.39,34.2601,12761
2017-09-13,34.29,34.55,34.55,34.2772,7489
2017-09-14,34.57,34.59,34.71,34.55,14612
2017-09-15,34.57,34.81,34.81,34.57,14559
2017-09-18,34.76,34.77,34.77,34.5801,19508
2017-09-19,34.95,34.76,34.95,34.5963,14762
2017-09-20,34.77,34.94,35.0209,34.77,207504
2017-09-21,34.76,34.89,34.97,34.76,13118
2017-09-22,34.82,34.99,35.01,34.82,12311
2017-09-25,35.12,35.42,35.42,35.0599,4630
2017-09-26,34.96,35.05,35.12,34.96,14755
2017-09-27,35.07,35.0,35.07,34.89,10833
2017-09-28,35.03,34.97,35.135,34.87,20964
2017-09-29,34.9128,34.84,34.95,34.78,8565
2017-10-02,34.56,34.66,34.67,34.4875,54092
2017-10-03,34.55,34.68,34.7052,34.55,6432
2017-10-04,34.6712,34.64,34.78,34.64,6837
2017-10-05,34.76,35.05,35.0749,34.76,1216080
2017-10-06,34.77,34.5,34.77,34.42,16523
2017-10-09,34.62,34.56,34.62,34.49,14658
2017-10-10,34.92,34.91,34.986,34.78,23030
2017-10-11,34.83,34.94,34.95,34.74,18308
2017-10-12,34.88,34.86,34.97,34.7658,13544
2017-10-13,35.28,35.32,35.35,35.16,9959
2017-10-16,35.63,35.47,35.63,35.3411,14057
2017-10-17,35.51,35.4,35.51,35.1972,13800
2017-10-18,35.47,35.33,35.47,35.1717,8308
2017-10-19,35.09,35.14,35.2,35.02,13243
2017-10-20,35.11,35.29,35.29,35.09,11623
2017-10-23,35.25,35.27,35.3251,35.19,14128
2017-10-24,35.4,35.59,35.59,35.2601,20860
2017-10-25,35.59,35.48,35.59,35.326,15958
2017-10-26,35.47,35.52,35.59,35.39,9034
2017-10-27,35.39,35.85,35.85,33.8283,14003
2017-10-30,35.97,35.9,35.97,35.78,246664
2017-10-31,35.96,35.96,36.04,35.83,28219
2017-11-01,36.38,35.99,36.38,35.92,15294
2017-11-02,36.03,36.08,36.08,35.98,12931
2017-11-03,36.2,36.33,36.33,35.9443,16995
2017-11-06,36.56,37.0,37.02,36.56,40153
2017-11-07,36.99,36.84,36.99,36.7477,454000
2017-11-08,36.92,36.839,37.1069,36.73,36420
2017-11-09,36.72,36.85,36.97,36.72,12772
2017-11-10,36.85,36.86,36.9105,36.711,32964
2017-11-13,36.86,36.71,36.88,36.6999,14872
2017-11-14,36.65,36.2,36.65,36.1438,21077
2017-11-15,36.15,36.07,36.15,35.89,17030
2017-11-16,36.07,35.96,36.21,35.96,18422
2017-11-17,36.05,36.4,36.49,36.05,62331
2017-11-20,36.26,36.2,36.3,36.09,17729
2017-11-21,36.4,36.39,36.459,36.35,17592
2017-11-22,36.68,36.61,36.7,36.5869,8310
2017-11-24,37.59,36.83,37.59,36.69,24536
2017-11-27,36.87,36.8,36.87,36.6,13160
2017-11-28,36.73,36.81,36.81,36.67,49266
2017-11-29,36.62,36.57,36.789,36.4122,17263
2017-11-30,36.705,36.5,36.705,36.41,38103
2017-12-01,36.75,37.0,37.1588,36.75,26410
2017-12-04,36.76,36.51,36.76,36.43,31637
2017-12-05,36.52,36.53,36.56,36.42,28904
2017-12-06,36.39,35.99,36.39,35.99,15081
2017-12-07,36.06,36.17,36.22,35.95,43433
2017-12-08,36.3,36.45,36.499,36.3,22785
2017-12-11,36.49,36.57,36.658,36.49,21413
2017-12-12,36.5347,36.36,36.57,36.25,10817
2017-12-13,36.2106,36.18,36.24,36.1504,19305
2017-12-14,36.1,36.23,36.2999,36.0783,22412
2017-12-15,36.27,36.36,36.41,36.27,18565
2017-12-18,36.58,36.6,36.709,36.52,127947
2017-12-19,36.55,36.7,36.72,36.55,23182
2017-12-20,36.87,36.92,36.94,36.745,127080
2017-12-21,35.34,35.49,35.51,35.2,22763
2017-12-22,35.47,35.64,35.65,35.35,29060
2017-12-26,35.54,36.07,36.16,35.54,34109
2017-12-27,36.13,36.14,36.1462,35.99,18684
2017-12-28,36.25,36.18,36.26,36.13,96984
2017-12-29,36.3101,36.34,36.4492,36.2422,72180
2018-01-02,36.4,36.6,36.61,36.0,123439
2018-01-03,36.77,36.83,36.91,36.7,40579
2018-01-04,36.82,36.9,37.01,36.82,58095
2018-01-05,36.76,36.86,36.92,36.76,64915
2018-01-08,37.0,36.91,37.0,36.82,204045
2018-01-09,37.09,37.23,37.32,36.9,67940
2018-01-10,37.35,37.27,37.35,37.1938,66541
2018-01-11,37.36,37.46,37.58,37.306,64089
2018-01-12,37.51,37.7,37.73,37.4275,64892
2018-01-16,37.69,37.47,37.69,37.42,57400
2018-01-17,37.51,37.42,37.62,37.42,88482
2018-01-18,37.35,37.46,37.54,37.32,45867
2018-01-19,37.48,37.54,37.54,37.3708,34423
2018-01-22,37.4,37.71,37.86,37.4,153443
2018-01-23,37.79,37.96,37.9899,37.7324,43125
2018-01-24,38.0,38.3,38.32,37.9379,55266
2018-01-25,38.49,38.11,38.49,38.04,150441
2018-01-26,38.21,38.42,38.505,38.0933,85233
2018-01-29,38.36,38.16,38.36,38.11,47418
2018-01-30,38.09,37.88,38.16,37.7489,58473
2018-01-31,37.88,37.88,37.92,37.69,193861
2018-02-01,37.87,38.105,38.14,37.8593,24284
2018-02-02,37.79,37.42,37.79,37.41,57013
2018-02-05,37.13,36.73,37.45,36.66,117564
2018-02-06,36.3,36.71,36.8106,36.27,46515
2018-02-07,36.85,36.28,36.916,36.25,72149
2018-02-08,36.34,35.63,36.34,35.6,61373
2018-02-09,35.54,35.16,35.6249,34.741,90673
2018-02-12,35.43,35.44,35.55,35.39,21501
2018-02-13,35.43,35.55,35.5525,35.2721,24182
2018-02-14,35.3,36.16,36.172,35.19,35070
2018-02-15,36.16,36.34,36.37,35.8,69476
2018-02-16,36.27,36.45,36.55,36.229,38484
2018-02-20,36.67,36.43,36.7,36.37,60584
2018-02-21,36.46,36.31,36.65,36.31,57557
2018-02-22,36.57,36.75,36.86,36.4601,32615
2018-02-23,36.69,37.21,37.21,36.69,55683
2018-02-26,37.27,37.39,37.4068,37.1,53394
2018-02-27,37.38,37.01,37.38,36.9512,30466
2018-02-28,37.1,36.41,37.12,36.4016,459678
2018-03-01,36.27,36.34,36.38,35.9976,54503
2018-03-02,36.09,36.32,36.35,35.8301,114354
2018-03-05,36.24,36.78,36.8,36.1401,29413
2018-03-06,36.93,36.86,36.95,36.73,28814
2018-03-07,36.73,36.48,36.78,36.285,21830
2018-03-08,36.38,36.3,36.38,36.1,23477
2018-03-09,36.45,36.71,36.7627,36.4085,17764
2018-03-12,36.73,36.61,36.73,36.4461,21626
2018-03-13,36.77,36.54,36.92,36.4773,33381
2018-03-14,36.7,36.53,36.7,36.3938,14935
2018-03-15,36.49,36.4,36.63,36.394,29223
2018-03-16,36.43,36.68,36.68,36.3248,20166
2018-03-19,36.6,36.35,36.6,36.215,28425
2018-03-20,36.53,36.59,36.7043,36.52,19473
2018-03-21,36.79,37.22,37.26,36.7805,25028
2018-03-22,36.73,36.56,36.8396,36.56,152431
2018-03-23,36.8,36.75,36.9313,36.74,42846
2018-03-26,36.96,36.87,36.96,36.74,36563
2018-03-27,37.0294,36.75,37.0597,36.7,23173
2018-03-28,36.7,36.58,36.7,36.331,44924
2018-03-29,36.51,36.92,36.9433,36.51,17776
2018-04-02,36.87,36.23,36.87,36.151,55136
2018-04-03,36.32,36.56,36.59,36.2701,261480
2018-04-04,36.15,36.52,36.52,35.79,6581686
2018-04-05,36.52,36.82,36.86,36.52,120183
2018-04-06,36.81,36.3,36.81,36.2541,91872
2018-04-09,36.7,36.79,36.93,36.56,56172
2018-04-10,37.1,37.52,37.62,37.1,87806
2018-04-11,37.57,37.79,37.93,37.5662,67203
2018-04-12,37.79,37.84,37.94,37.6324,44284
2018-04-13,37.91,37.975,38.08,37.9,77189
2018-04-16,37.98,37.75,37.98,37.73,50609
2018-04-17,37.85,37.83,37.8836,37.6238,535759
2018-04-18,38.21,38.57,38.59,38.21,78013
2018-04-19,38.82,38.37,38.82,38.3302,50183
2018-04-20,38.32,38.34,38.44,38.1351,45565
2018-04-23,38.25,38.45,38.54,38.0941,111120
2018-04-24,38.6,38.13,38.6,38.01,218143
2018-04-25,38.13,38.25,38.268,37.955,67537
2018-04-26,38.6,38.39,38.6,38.2282,51468
2018-04-27,38.35,38.36,38.44,38.2892,32122
2018-04-30,38.34,38.41,38.6,38.29,72313
2018-05-01,38.35,38.16,38.35,37.94,158493
2018-05-02,38.06,38.13,38.33,37.9787,105073
2018-05-03,38.12,38.35,38.3665,37.956,376314
2018-05-04,38.32,38.66,38.709,38.29,30133
2018-05-07,39.0,38.75,39.01,38.67,37222
2018-05-08,38.96,38.85,38.96,38.21,91289
2018-05-09,39.31,39.3,39.35,39.01,167770
2018-05-10,39.47,39.55,39.6,39.221,41662
2018-05-11,39.455,39.44,39.61,39.38,58455
2018-05-14,39.57,39.71,39.71,39.52,41418
2018-05-15,39.7,39.66,39.75,39.385,133585
2018-05-16,39.72,39.92,39.92,39.6338,261264
2018-05-17,40.02,39.96,40.19,39.8379,59752
2018-05-18,39.97,39.98,40.09,39.9234,32104
2018-05-21,40.15,40.34,40.34,40.0066,54687
2018-05-22,40.49,40.3,40.62,40.27,55073
2018-05-23,40.2,40.375,40.378,39.985,40446
2018-05-24,40.58,40.04,40.58,39.99,61435
2018-05-25,39.65,39.41,39.66,39.3203,60104
2018-05-29,39.21,38.9,39.21,38.81,39832
2018-05-30,39.01,39.51,39.569,39.01,28781
2018-05-31,39.58,39.28,39.5891,39.17,61448
2018-06-01,39.25,39.04,39.27,39.03,47146
2018-06-04,38.94,38.69,39.075,38.66,44355
2018-06-05,38.65,38.8,38.8748,38.53,928750
2018-06-06,38.96,39.1,39.1,38.759,77355
2018-06-07,39.25,39.3,39.38,39.1773,58463
2018-06-08,39.34,39.24,39.34,39.04,55787
2018-06-11,39.16,39.18,39.31,39.04,120871
2018-06-12,39.08,39.21,39.36,39.08,54758
2018-06-13,39.26,39.25,39.39,39.14,48952
2018-06-14,39.21,38.96,39.21,38.91,38430
2018-06-15,38.69,38.06,38.69,38.06,38882
2018-06-18,38.26,38.41,38.4699,38.1404,28300
2018-06-19,38.01,37.96,38.03,37.661,78055
2018-06-20,38.28,37.94,38.28,37.81,42976
2018-06-21,37.79,37.625,37.8408,37.6,44946
2018-06-22,38.14,38.45,38.45,38.06,154875
2018-06-25,38.09,38.01,38.09,37.82,43250
2018-06-26,37.98,38.3,38.3488,37.77,44583
2018-06-27,38.46,38.525,38.8624,38.46,39953
2018-06-28,38.66,38.48,38.684,38.48,42083
2018-06-29,38.73,39.06,39.18,38.73,36121
2018-07-02,38.78,38.32,38.78,38.25,2728446
2018-07-03,38.66,38.34,38.72,38.23,53886
2018-07-05,38.52,38.59,38.71,38.37,78316
2018-07-06,38.32,38.65,38.77,38.3,36198
2018-07-09,38.83,38.985,39.08,38.821,81903
2018-07-10,39.27,39.15,39.27,39.0296,36934
2018-07-11,39.33,37.99,39.33,37.8,77298
2018-07-12,37.97,38.15,38.21,37.8996,68019
2018-07-13,38.22,38.21,38.46,38.04,58888
2018-07-16,38.0,37.625,38.0,37.59,47870
2018-07-17,37.65,37.51,37.84,37.51,81788
2018-07-18,37.5,37.88,37.88,37.42,73399
2018-07-19,37.52,37.7,37.8854,37.52,33082
2018-07-20,37.89,37.84,37.95,37.78,89476
2018-07-23,37.99,37.97,38.1675,37.84,25252
2018-07-24,38.01,38.16,38.3748,38.01,35418
2018-07-25,38.25,38.62,38.74,38.25,25067
2018-07-26,38.48,38.69,38.765,38.48,75575
2018-07-27,38.69,38.56,38.7599,38.38,30653
2018-07-30,38.71,38.83,38.9,38.71,38126
2018-07-31,38.68,38.67,38.82,38.6388,83374
2018-08-01,38.43,38.27,38.43,38.1201,28091
2018-08-02,38.04,38.28,38.45,37.92,87165
2018-08-03,38.22,38.39,38.45,38.09,225114
2018-08-06,38.54,38.52,38.64,38.398,78121
2018-08-07,38.76,38.57,38.86,38.57,43011
2018-08-08,38.47,38.23,38.5007,38.09,33869
2018-08-09,38.21,38.04,38.3748,38.03,45573
2018-08-10,37.94,37.96,38.29,37.91,39777
2018-08-13,37.98,37.74,37.98,37.46,66956
2018-08-14,37.89,37.79,38.05,37.62,62098
2018-08-15,37.4,36.85,37.4125,36.78,294530
2018-08-16,37.04,37.1,37.2376,37.04,44137
2018-08-17,37.04,37.39,37.459,37.04,147762
2018-08-20,37.48,37.56,37.59,37.4101,64935
2018-08-21,37.66,37.61,37.77,37.51,23124
2018-08-22,37.74,37.9,38.0,37.7314,126987
2018-08-23,37.56,37.68,37.87,37.56,62805
2018-08-24,38.04,38.08,38.2465,37.96,80629
2018-08-27,38.23,38.23,38.33,38.091,48505
2018-08-28,38.31,38.14,38.365,38.04,242268
2018-08-29,38.29,38.37,38.4696,38.1909,44261
2018-08-30,38.53,38.2,38.53,38.1826,33024
2018-08-31,38.18,38.18,38.38,38.11,41628
2018-09-04,38.15,37.97,38.15,37.8877,80132
2018-09-05,38.0,37.824,38.0,37.6106,84161
2018-09-06,37.76,37.62,37.96,37.4,36025
2018-09-07,37.52,37.65,37.65,37.331,35416
2018-09-10,37.68,37.57,37.86,37.55,51152
2018-09-11,37.49,37.83,37.95,37.46,52234
2018-09-12,38.08,38.2,38.23,38.0401,39470
2018-09-13,38.25,37.89,38.25,37.79,48374
2018-09-14,37.85,37.975,38.08,37.82,40896
2018-09-17,37.98,37.95,38.103,37.85,45286
2018-09-18,38.18,38.23,38.28,38.09,23756
2018-09-19,38.16,38.38,38.48,38.16,25919
2018-09-20,38.29,38.44,38.565,38.29,110613
2018-09-21,38.62,38.59,38.8172,38.52,41287
2018-09-24,38.9,38.95,39.049,38.83,35643
2018-09-25,39.24,39.03,39.24,39.02,31330
2018-09-26,38.93,38.73,38.93,38.672,27497
2018-09-27,38.91,38.7501,38.91,38.67,23549
2018-09-28,38.83,38.93,39.08,38.75,54287
2018-10-01,38.93,39.52,39.61,38.93,48321
2018-10-02,39.59,39.66,39.7,39.54,72975
2018-10-03,39.65,39.93,40.08,39.58,120929
2018-10-04,39.83,39.62,39.97,39.39,32151
2018-10-05,39.72,39.5071,39.72,39.42,33067
2018-10-08,39.36,39.415,39.4494,39.183,26369
2018-10-09,39.48,39.56,39.6107,39.35,34948
2018-10-10,39.48,38.8,39.48,38.71,80518
2018-10-11,38.64,38.22,38.6999,38.2077,275913
2018-10-12,38.58,38.44,38.58,38.1896,33013
2018-10-15,38.47,38.64,38.68,38.42,36054
2018-10-16,38.53,38.83,38.89,38.53,37799
2018-10-17,38.65,38.53,38.6958,38.39,29615
2018-10-18,38.32,38.13,38.34,38.03,32731
2018-10-19,38.3747,38.24,38.443,38.16,18866
2018-10-22,38.36,38.21,38.36,38.13,44772
2018-10-23,38.1,37.54,38.1,37.5176,24290
2018-10-24,37.63,37.2,37.735,37.2,21634
2018-10-25,37.3,37.23,37.4,37.17,46181
2018-10-26,37.21,37.42,37.5413,37.01,78879
2018-10-29,37.46,37.12,37.475,37.0,44911
2018-10-30,37.04,37.06,37.1879,36.85,51354
2018-10-31,37.15,37.05,37.418,37.01,2177968
2018-11-01,37.2,37.155,37.5,37.0,93964
2018-11-02,37.23,37.19,37.41,37.073,49076
2018-11-05,37.31,37.23,37.45,37.155,158031
2018-11-06,37.27,37.16,37.34,37.01,75913
2018-11-07,37.5,37.49,37.5,37.29,57269
2018-11-08,37.34,37.1426,37.4145,37.13,62800
2018-11-09,36.85,36.83,36.8799,36.56,46102
2018-11-12,36.97,36.5041,36.97,36.485,32689
2018-11-13,36.5,35.84,36.5,35.81,61718
2018-11-14,36.34,36.04,36.34,35.99,192809
2018-11-15,36.02,36.01,36.1879,35.99,28411
2018-11-16,36.29,36.18,36.3426,36.01,42511
2018-11-19,36.05,36.04,36.18,35.96,90568
2018-11-20,35.95,35.1,35.95,35.0393,653227
2018-11-21,35.02,35.51,35.8166,35.02,76093
2018-11-23,34.97,34.89,34.97,34.72,36115
2018-11-26,34.85,34.97,35.11,34.85,83098
2018-11-27,34.94,34.84,34.94,34.5728,44540
2018-11-28,34.99,35.2,35.4157,34.97,354637
2018-11-29,35.23,35.23,35.4419,35.23,3829405
2018-11-30,35.1,35.1,35.335,34.9928,58118
2018-12-03,35.75,35.79,35.92,35.5374,94545
2018-12-04,35.87,35.44,35.9599,35.44,45964
2018-12-06,35.0,35.19,35.22,34.75,185683
2018-12-07,35.47,35.08,35.8191,35.08,29056
2018-12-10,35.04,34.67,35.04,34.6042,84365
2018-12-11,35.02,34.78,35.135,34.745,197582
2018-12-12,35.11,34.88,35.2199,34.88,66302
2018-12-13,34.92,35.14,35.14,34.8979,89861
2018-12-14,34.91,34.7,34.9479,34.62,52732
2018-12-17,34.72,34.33,34.77,34.3089,68529
2018-12-18,32.07,30.86,32.07,30.71,182011
2018-12-19,30.94,30.82,31.25,30.71,125096
2018-12-20,30.72,30.23,30.87,29.84,193349
2018-12-21,30.25,30.21,30.5012,30.17,167703
2018-12-24,30.11,29.85,30.2367,29.85,107463
2018-12-26,30.03,30.69,30.69,29.85,216262
2018-12-27,30.17,30.41,30.4652,29.8923,323844
2018-12-28,30.3,30.35,30.48,30.182,311239
2018-12-31,30.31,30.49,30.57,30.21,980726
2019-01-02,30.3,30.66,30.89,30.1775,131747
2019-01-03,30.67,30.56,30.761,30.41,26724
2019-01-04,30.89,31.24,31.3,30.89,330875
2019-01-07,31.42,31.39,31.5768,31.27,84706
2019-01-08,31.68,31.67,31.68,31.48,62528
2019-01-09,31.76,32.03,32.1126,31.76,529179
2019-01-10,32.02,32.01,32.06,31.841,47665
2019-01-11,32.01,31.81,32.01,31.79,58171
2019-01-14,31.62,31.6,31.7899,31.6,44108
2019-01-15,31.81,31.68,31.91,31.64,49917
2019-01-16,31.68,31.83,31.89,31.68,51917
2019-01-17,31.8,31.93,32.0303,31.67,51665
2019-01-18,32.2,32.25,32.31,32.04,53607
2019-01-22,32.15,31.99,32.15,31.8,57707
2019-01-23,32.16,31.86,32.16,31.7001,25957
2019-01-24,31.93,31.85,31.96,31.8174,72804
2019-01-25,31.97,32.17,32.1999,31.96,42578
2019-01-28,31.95,31.77,31.95,31.73,55728
2019-01-29,32.0,32.02,32.1399,31.984,105774
2019-01-30,32.18,32.3,32.38,32.18,68322
2019-01-31,32.44,32.19,32.4867,32.18,80787
2019-02-01,32.23,32.48,32.5999,32.23,38181
2019-02-04,32.32,32.62,32.65,32.23,75163
2019-02-05,32.67,32.555,32.67,32.52,33668
2019-02-06,32.64,32.52,32.6416,32.475,26105
2019-02-07,32.56,32.17,32.56,32.0886,36898
2019-02-08,32.15,32.11,32.1904,32.045,35621
2019-02-11,32.0,32.06,32.14,32.0,21711
2019-02-12,32.26,32.29,32.4127,32.26,32962
2019-02-13,32.32,32.45,32.56,32.32,29264
2019-02-14,32.48,32.4884,32.58,32.3575,38868
2019-02-15,32.63,32.85,32.8653,32.63,33231
2019-02-19,32.96,32.91,33.01,32.8801,36192
2019-02-20,32.98,33.11,33.27,32.9579,37909
2019-02-21,33.22,33.06,33.22,33.02,19383
2019-02-22,33.35,33.2,33.35,33.14,30575
2019-02-25,33.21,32.95,33.21,32.86,27453
2019-02-26,32.81,32.93,32.99,32.8,31080
2019-02-27,33.055,33.08,33.13,33.0103,50625
2019-02-28,32.91,32.84,32.99,32.84,42488
2019-03-01,33.0,32.74,33.0999,32.65,56147
2019-03-04,32.84,32.92,33.03,32.68,55017
2019-03-05,32.99,32.94,32.99,32.83,14508
2019-03-06,32.79,32.75,32.833,32.6901,36890
2019-03-07,32.68,32.58,32.68,32.574,18368
2019-03-08,32.42,32.47,32.56,32.2057,46595
2019-03-11,32.56,32.68,32.7399,32.56,21901
2019-03-12,32.72,32.81,32.895,32.72,21800
2019-03-13,33.07,33.155,33.155,32.89,32677
2019-03-14,33.0,32.97,33.1,32.96,14216
2019-03-15,32.91,33.16,33.18,32.9,29681
2019-03-18,33.32,33.24,33.32,33.2001,19330
2019-03-19,33.68,33.34,34.11,33.3001,36967
2019-03-20,33.22,33.46,33.5687,33.22,29107
2019-03-21,33.32,33.51,33.5437,33.32,46534
2019-03-22,33.46,33.07,33.46,33.011,22056
2019-03-25,32.99,33.12,33.23,32.972,38740
2019-03-26,33.2,33.22,33.3899,33.196,27945
2019-03-27,33.15,33.14,33.22,33.0103,34504
2019-03-28,33.09,33.12,33.17,33.0,13167
2019-03-29,33.24,33.07,33.3099,33.06,37941
2019-04-01,33.46,33.38,33.49,33.3246,2189805
2019-04-02,33.49,33.49,33.5,33.3104,1750041
2019-04-03,33.49,33.48,33.58,33.4345,39939
2019-04-04,33.54,33.63,33.6999,33.47,34088
2019-04-05,33.59,33.74,33.7752,33.59,47863
2019-04-08,33.91,33.83,33.91,33.74,91854
2019-04-09,33.8,33.68,33.8,33.63,18622
2019-04-10,33.83,33.87,33.92,33.7,41616
2019-04-11,33.81,33.65,33.83,33.6102,31716
2019-04-12,33.75,33.86,33.8664,33.75,36914
2019-04-15,33.9,33.82,33.9,33.7182,28067
2019-04-16,33.71,33.77,33.82,33.66,348077
2019-04-17,33.74,33.78,33.8635,33.7,49292
2019-04-18,33.71,33.7808,33.792,33.66,16353
2019-04-22,33.79,33.92,33.9693,33.79,24379
2019-04-23,33.97,33.92,33.97,33.8401,58060
2019-04-24,33.93,33.65,33.93,33.65,42201
2019-04-25,33.66,33.4786,33.66,33.43,26529
2019-04-26,33.41,33.1511,33.41,33.08,33420
2019-04-29,33.12,33.15,33.24,33.12,29150
2019-04-30,33.2,33.16,33.273,33.1,23293
2019-05-01,33.17,33.01,33.2096,32.97,58793
2019-05-02,32.93,32.62,32.93,32.58,93809
2019-05-03,32.74,32.78,32.905,32.74,21199
2019-05-06,32.57,32.71,32.7678,32.44,156137
2019-05-07,32.49,32.32,32.49,32.2575,32821
2019-05-08,32.4,32.37,32.4924,32.32,34387
2019-05-09,32.24,32.185,32.2421,32.0,43426
2019-05-10,32.25,32.2394,32.29,32.0701,15735
2019-05-13,32.25,31.88,32.25,31.7743,73969
2019-05-14,32.04,32.27,32.4085,32.04,35503
2019-05-15,32.34,32.42,32.54,32.2886,26651
2019-05-16,32.7,32.67,32.7476,32.6369,20745
2019-05-17,32.51,32.43,32.6635,32.42,23420
2019-05-20,32.47,32.5,32.6503,32.47,31845
2019-05-21,32.51,32.65,32.75,32.51,47227
2019-05-22,32.45,32.31,32.6,32.27,1504116
2019-05-23,32.02,31.57,32.02,31.5,164419
2019-05-24,31.78,32.01,32.01,31.7341,40996
2019-05-28,32.16,32.14,32.2527,32.11,16550
2019-05-29,32.16,32.0,32.16,31.8416,37605
2019-05-30,31.95,31.73,32.1,31.68,31207
2019-05-31,31.28,31.06,31.5084,31.04,26447
2019-06-03,31.24,31.1,31.37,31.07,952339
2019-06-04,31.22,31.42,31.53,31.2,107637
2019-06-05,31.51,30.99,31.51,30.9396,38089
2019-06-06,30.98,31.44,31.47,30.98,51098
2019-06-07,31.34,31.51,31.63,31.34,31485
2019-06-10,31.5,31.575,31.754,31.5,66515
2019-06-11,31.79,31.785,31.8899,31.6828,67994
2019-06-12,31.49,31.37,31.6281,31.34,28495
2019-06-13,31.72,31.67,31.86,31.6503,16961
2019-06-14,31.83,31.62,31.83,31.62,14410
2019-06-17,31.56,31.61,31.7104,31.56,16290
2019-06-18,31.91,32.08,32.18,31.91,48353
2019-06-19,31.82,31.9879,32.015,31.82,21936
2019-06-20,32.33,32.51,32.5499,32.33,31544
2019-06-21,32.5,32.62,32.635,32.5,19234
2019-06-24,32.73,32.59,32.73,32.5208,23970
2019-06-25,32.77,32.63,32.77,32.62,17581
2019-06-26,32.87,32.87,33.019,32.848,18900
2019-06-27,33.03,32.83,33.03,32.83,53369
2019-06-28,33.06,32.7,33.06,32.66,112349
2019-07-01,33.14,32.83,33.14,32.6673,35120
2019-07-02,32.84,32.34,32.84,32.29,56408
2019-07-03,32.41,32.54,32.62,32.41,23378
2019-07-05,32.42,32.56,32.5699,32.42,49201
2019-07-08,32.51,32.49,32.71,32.4304,18684
2019-07-09,32.55,32.5421,32.5623,32.3591,10383
2019-07-10,32.79,33.0,33.0694,32.79,17200
2019-07-11,32.99,33.06,33.16,32.99,20797
2019-07-12,33.19,33.2,33.2051,33.0807,15790
2019-07-15,33.34,33.05,33.34,33.015,12150
2019-07-16,33.09,32.7316,33.13,32.5701,52381
2019-07-17,32.74,32.52,32.74,32.52,23930
2019-07-18,32.41,32.36,32.5017,32.18,20076
2019-07-19,32.6,32.62,32.673,32.44,44369
2019-07-22,32.52,32.53,32.6419,32.48,22706
2019-07-23,32.53,32.73,32.7699,32.53,14733
2019-07-24,32.86,32.63,32.9259,32.61,88190
2019-07-25,32.53,32.5382,32.75,32.51,26666
2019-07-26,32.46,32.51,32.567,32.44,18223
2019-07-29,32.49,32.56,32.63,32.42,25533
2019-07-30,32.46,32.7,32.75,32.46,22917
2019-07-31,32.75,32.454,32.78,32.4,72383
2019-08-01,32.38,31.65,32.38,31.5626,54688
2019-08-02,31.71,31.54,31.88,31.54,60171
2019-08-05,31.2,31.14,31.4,31.099,4323694
2019-08-06,31.25,30.97,31.2558,30.96,42462
2019-08-07,30.84,30.84,30.91,30.52,60999
2019-08-08,30.85,31.19,31.21,30.85,38954
2019-08-09,31.2,31.22,31.35,31.18,24092
2019-08-12,31.07,30.86,31.114,30.86,28487
2019-08-13,30.75,31.29,31.445,30.72,28543
2019-08-14,30.86,30.73,30.95,30.67,82198
2019-08-15,30.78,30.56,30.78,30.38,47990
2019-08-16,30.57,30.56,30.78,30.49,72702
2019-08-19,30.79,30.89,30.93,30.79,35933
2019-08-20,30.79,30.86,30.99,30.7547,45063
2019-08-21,31.03,30.995,31.1417,30.98,30434
2019-08-22,31.1,30.86,31.1,30.85,25506
2019-08-23,30.54,30.475,30.7,30.38,27773
2019-08-26,30.75,30.511,30.75,30.5,40501
2019-08-27,30.52,30.61,30.685,30.47,28152
2019-08-28,30.68,30.89,30.94,30.68,36021
2019-08-29,30.87,31.05,31.1342,30.86,70618
2019-08-30,31.02,30.84,31.09,30.7906,25703
2019-09-03,30.67,30.63,30.67,30.444,38860
2019-09-04,30.91,31.26,31.3114,30.91,31951
2019-09-05,31.58,31.38,31.66,31.32,3652959
2019-09-06,31.12,31.28,31.4101,31.12,63603
2019-09-09,31.38,31.59,31.6653,31.38,47614
2019-09-10,31.78,31.82,31.9,31.725,21754
2019-09-11,31.78,31.73,31.94,31.55,90251
2019-09-12,31.56,31.71,31.74,31.48,15475
2019-09-13,31.7,31.835,31.86,31.7,29647
2019-09-16,32.55,32.77,32.9919,32.55,36027
2019-09-17,32.64,32.27,32.64,32.23,30487
2019-09-18,32.06,32.18,32.2324,32.0518,66812
2019-09-19,32.34,32.26,32.39,32.25,33927
2019-09-20,32.43,32.3,32.43,32.1824,62235
2019-09-23,32.33,32.34,32.35,32.18,123804
2019-09-24,32.25,31.96,32.25,31.9353,35014
2019-09-25,31.75,31.9326,31.96,31.67,26953
2019-09-26,31.75,31.9,31.9,31.66,42235
2019-09-27,31.57,31.84,31.8936,31.57,33380
2019-09-30,31.71,31.54,31.73,31.54,136698
2019-10-01,31.51,31.34,31.6325,31.3,25144
2019-10-02,31.11,30.94,31.2032,30.86,28743
2019-10-03,30.69,30.96,31.058,30.68,23761
2019-10-04,31.1,31.1798,31.19,31.03,50384
2019-10-07,31.16,31.05,31.33,31.05,42246
2019-10-08,30.84,30.93,31.093,30.84,170775
2019-10-09,31.16,31.08,31.25,31.08,28591
2019-10-10,31.19,31.29,31.33,31.19,125690
2019-10-11,31.46,31.74,31.85,31.45,48793
2019-10-14,31.54,31.54,31.6308,31.45,43318
2019-10-15,31.5052,31.56,31.66,31.5052,30750
2019-10-16,31.38,31.52,31.6487,31.38,34730
2019-10-17,31.69,31.65,31.69,31.48,14750
2019-10-18,31.62,31.56,31.7218,31.55,55305
2019-10-21,31.43,31.57,31.67,31.43,39948
2019-10-22,31.83,31.69,31.83,31.67,28773
2019-10-23,31.58,32.01,32.0459,31.58,24725
2019-10-24,32.05,32.05,32.1799,32.04,33255
2019-10-25,31.97,32.24,32.2892,31.97,42877
2019-10-28,32.27,32.19,32.37,32.17,22365
2019-10-29,31.94,32.23,32.29,31.94,26092
2019-10-30,32.27,31.98,32.27,31.909,19194
2019-10-31,31.83,31.78,31.8338,31.636,25480
2019-11-01,31.89,32.39,32.41,31.89,20663
2019-11-04,32.63,32.6,32.709,32.57,44246
2019-11-05,32.65,32.74,32.8,32.65,22970
2019-11-06,32.63,32.41,32.8,32.41,25201
2019-11-07,32.54,32.59,32.66,32.48,47822
2019-11-08,32.43,32.55,32.5992,32.22,39659
2019-11-11,32.42,32.425,32.48,32.34,81668
2019-11-12,32.4,32.41,32.54,32.4,19002
2019-11-13,32.26,32.39,32.42,32.26,69370
2019-11-14,32.39,32.27,32.44,32.25,32694
2019-11-15,32.39,32.38,32.4817,32.302,78921
2019-11-18,32.2,32.1067,32.31,32.08,38936
2019-11-19,31.99,31.895,32.07,31.88,75395
2019-11-20,31.85,32.0419,32.15,31.85,27032
2019-11-21,32.19,32.232,32.25,32.13,38708
2019-11-22,32.25,32.22,32.34,32.15,37598
2019-11-25,32.14,32.32,32.33,32.14,21448
2019-11-26,32.32,32.425,32.44,32.32,40567
2019-11-27,32.48,32.3804,32.48,32.23,201332
2019-11-29,32.15,31.9373,32.15,31.91,14246
2019-12-02,32.0,31.922,32.07,31.9,52831
2019-12-03,31.9,31.81,31.9,31.7205,49691
2019-12-04,32.05,32.17,32.2399,32.05,6223718
2019-12-05,32.18,32.18,32.3,32.16,87968
2019-12-06,32.29,32.4495,32.52,32.29,71442
2019-12-09,32.46,32.48,32.55,32.4,43310
2019-12-10,32.45,32.57,32.61,32.45,45686
2019-12-11,32.61,32.58,32.61,32.4222,46194
2019-12-12,32.5605,32.8957,32.92,32.5605,51080
2019-12-13,32.9,32.96,33.235,32.88,139783
2019-12-16,32.32,32.35,32.45,32.32,51002
2019-12-17,32.33,32.49,32.53,32.33,61889
2019-12-18,32.38,32.59,32.61,32.38,84353
2019-12-19,32.59,32.57,32.6064,32.52,51393
2019-12-20,32.75,32.52,32.75,32.52,77638
2019-12-23,32.45,32.73,32.73,32.45,32019
2019-12-24,32.64,32.751,32.83,32.64,33007
2019-12-26,32.78,32.99,33.03,32.78,32574
2019-12-27,32.83,32.98,33.06,32.83,32698
2019-12-30,33.08,32.92,33.2,32.895,36950
2019-12-31,32.76,32.9083,32.97,32.76,146491
2020-01-02,32.86,33.08,33.08,32.86,2149535
2020-01-03,33.34,33.16,33.34,33.0442,94801
2020-01-06,33.31,33.1743,33.31,33.1651,145764
2020-01-07,33.14,33.09,33.1414,33.01,113059
2020-01-08,33.1,32.77,33.1169,32.57,4839739
2020-01-09,32.74,32.6681,32.74,32.51,159945
2020-01-10,32.64,32.6721,32.7,32.5813,82978
2020-01-13,32.62,32.5474,32.62,32.46,213872
2020-01-14,32.56,32.64,32.72,32.56,59271
2020-01-15,32.65,32.535,32.65,32.482,71317
2020-01-16,32.68,32.6,32.685,32.5337,192141
2020-01-17,32.73,32.6544,32.73,32.55,69850
2020-01-21,32.61,32.51,32.61,32.49,46131
2020-01-22,32.44,32.1971,32.44,32.16,35352
2020-01-23,32.23,31.975,32.23,31.74,38808
2020-01-24,31.83,31.51,31.83,31.42,94036
2020-01-27,30.88,30.855,31.0,30.8,461590
2020-01-28,30.86,31.02,31.0975,30.86,49184
2020-01-29,31.02,30.87,31.02,30.81,51303
2020-01-30,30.64,30.61,30.64,30.3746,1779198
2020-01-31,30.27,30.1,30.48,30.04,170523
2020-02-03,30.01,29.63,30.0835,29.615,111258
2020-02-04,29.96,29.65,30.06,29.6296,53959
2020-02-05,30.14,30.17,30.3098,30.0212,196373
2020-02-06,30.08,30.2,30.31,29.9514,139696
2020-02-07,30.08,30.05,30.19,29.97,43515
2020-02-10,29.83,29.715,29.9022,29.7,31323
2020-02-11,30.07,29.99,30.07,29.82,53031
2020-02-12,30.39,30.31,30.39,30.2501,31623
2020-02-13,30.34,30.41,30.45,30.33,52421
2020-02-14,30.54,30.5,30.56,30.38,35675
2020-02-18,30.19,30.63,30.65,30.19,35713
2020-02-19,30.85,30.9001,30.95,30.675,42825
2020-02-20,30.9,30.7855,31.03,30.785,29661
2020-02-21,30.54,30.64,30.66,30.4491,32327
2020-02-24,29.82,29.91,30.0324,29.6901,77488
2020-02-25,29.89,29.34,29.96,29.33,162717
2020-02-26,29.26,29.0,29.479,28.941,78678
2020-02-27,28.57,28.51,28.685,28.2183,94958
2020-02-28,27.77,27.93,28.0173,27.572,209828
2020-03-02,28.23,28.69,28.7499,28.16,107441
2020-03-03,28.94,28.67,29.0171,28.51,3516628
2020-03-04,29.07,28.7,29.07,28.6493,107922
2020-03-05,28.62,28.3,28.695,28.2301,79166
2020-03-06,27.63,27.12,27.7441,27.04,53965
2020-03-09,24.88,24.4801,25.285,24.43,165295
2020-03-10,25.34,25.55,25.55,25.0501,98575
2020-03-11,25.41,24.96,25.41,24.93,81436
2020-03-12,24.19,24.1,24.66,24.0,69415
2020-03-13,24.46,24.205,24.56,23.9579,124508
2020-03-16,23.9,22.765,23.9,22.68,77570
2020-03-17,22.63,22.5837,22.98,22.5,75808
2020-03-18,21.89,21.55,22.27,21.3,74799
2020-03-19,21.63,22.135,22.2199,21.568,69910
2020-03-20,22.48,21.83,22.48,21.8,48461
2020-03-23,21.71,21.86,22.0499,21.6815,96490
2020-03-24,23.62,22.415,23.62,22.25,87426
2020-03-25,22.87,23.84,23.84,22.5675,153039
2020-03-26,22.65,22.61,23.07,22.4974,113762
2020-03-27,22.46,23.41,23.41,22.4545,188584
2020-03-30,22.29,22.28,22.5,21.75,369157
2020-03-31,22.17,22.45,22.81,22.01,209652
2020-04-01,22.03,21.72,22.22,21.675,77441
2020-04-02,21.96,22.42,23.26,21.81,268293
2020-04-03,22.39,22.61,22.73,22.23,84857
2020-04-06,22.6758,22.74,22.9,22.6298,50715
2020-04-07,22.68,22.91,23.23,22.68,28422
2020-04-08,23.12,22.87,23.12,22.81,46674
2020-04-09,23.25,22.85,23.4963,22.74,153384
2020-04-13,22.97,23.21,23.21,22.93,80913
2020-04-14,23.39,23.31,23.39,22.97,31996
2020-04-15,23.02,22.77,23.02,22.55,65619
2020-04-16,22.98,22.8,22.98,22.51,96478
2020-04-17,22.94,22.85,22.94,22.63,81962
2020-04-20,22.5,22.77,22.84,22.5,61814
2020-04-21,22.34,21.8,22.34,21.25,142152
2020-04-22,21.95,22.0743,22.4598,21.79,51297
2020-04-23,22.02,22.1334,22.22,21.912,60140
2020-04-24,22.15,21.77,22.15,21.68,39795
2020-04-27,21.61,21.71,21.81,21.5038,61089
2020-04-28,21.71,21.765,21.858,21.63,29114
2020-04-29,22.0,21.76,22.0,21.64,33021
2020-04-30,21.79,22.05,22.25,21.76,35232
2020-05-01,21.78,21.92,22.02,21.76,44549
2020-05-04,21.85,21.94,22.04,21.65,39212
2020-05-05,22.09,22.25,22.31,21.96,2508001
2020-05-06,22.19,21.91,22.19,21.79,67070
2020-05-07,22.2,22.065,22.3318,22.02,70985
2020-05-08,22.27,22.51,22.54,22.27,65056
2020-05-11,22.23,22.16,22.51,22.1526,22252
2020-05-12,22.28,22.2,22.28,22.02,36826
2020-05-13,22.1996,22.01,22.2525,22.0,35218
2020-05-14,21.99,22.24,22.2499,21.95,87862
2020-05-15,22.36,22.38,22.41,22.15,59808
2020-05-18,22.51,22.92,22.94,22.51,78486
2020-05-19,22.98,22.82,22.98,22.61,50600
2020-05-20,23.03,22.97,23.09,22.88,99139
2020-05-21,22.93,22.86,23.08,22.8,36465
2020-05-22,22.76,22.71,22.8499,22.57,29696
2020-05-26,23.07,23.2,23.2488,22.88,43601
2020-05-27,23.15,23.0,23.15,22.8626,47883
2020-05-28,22.94,23.1092,23.2978,22.94,84894
2020-05-29,22.9,23.42,23.42,22.9,28358
2020-06-01,23.25,23.43,23.49,23.18,59559
2020-06-02,23.4618,23.59,23.63,23.43,25685
2020-06-03,23.61,23.5,23.65,23.5,28285
2020-06-04,23.51,23.88,23.89,23.51,34405
2020-06-05,24.16,23.95,24.16,23.95,54051
2020-06-08,24.05,23.83,24.05,23.791,32869
2020-06-09,23.76,23.98,24.09,23.76,22958
2020-06-10,24.14,24.0455,24.21,23.915,39631
2020-06-11,23.6,23.28,23.6,23.22,27181
2020-06-12,23.39,23.405,23.626,23.3,41241
2020-06-15,23.28,23.605,23.63,23.19,25719
2020-06-16,23.81,23.81,23.94,23.63,14573
2020-06-17,23.79,23.555,23.79,23.52,30456
2020-06-18,23.51,23.52,23.659,23.51,31822
2020-06-19,23.745,23.6281,23.8,23.47,13888
2020-06-22,23.77,23.86,23.94,23.61,27201
2020-06-23,23.96,23.8344,24.02,23.74,23443
2020-06-24,23.65,23.4487,23.87,23.29,31396
2020-06-25,23.3901,23.47,23.58,23.3901,16100
2020-06-26,23.58,23.38,23.58,23.3,29597
2020-06-29,23.38,23.7151,23.8,23.38,56196
2020-06-30,23.65,23.7492,23.835,23.65,57002
2020-07-01,23.77,23.87,23.87,23.612,56488
2020-07-02,24.0,23.97,24.0284,23.83,16597
2020-07-06,24.14,24.1469,24.245,24.105,45440
2020-07-07,23.99,24.25,24.33,23.99,16624
2020-07-08,24.41,24.41,24.46,24.36,17117
2020-07-09,24.36,24.43,24.52,24.27,26143
2020-07-10,24.49,24.47,24.59,24.46,10349
2020-07-13,24.49,24.265,24.569,24.25,34102
2020-07-14,24.19,24.36,24.47,24.19,11133
2020-07-15,24.52,24.51,24.5999,24.35,35601
2020-07-16,24.4437,24.43,24.5998,24.42,17662
2020-07-17,24.556,24.46,24.556,24.415,14601
2020-07-20,24.49,24.5047,24.55,24.36,81368
2020-07-21,24.6,24.74,24.87,24.6,29121
2020-07-22,24.7,24.79,24.86,24.645,52960
2020-07-23,24.8,24.8,24.93,24.64,98192
2020-07-24,24.79,24.77,24.8899,24.62,49555
2020-07-27,24.94,25.0,25.01,24.79,225925
2020-07-28,24.96,24.98,25.0,24.89,39646
2020-07-29,24.93,25.06,25.09,24.93,40275
2020-07-30,24.93,24.85,24.93,24.5,27177
2020-07-31,24.85,24.95,24.96,24.7625,154712
2020-08-03,25.11,25.2,25.22,25.025,55214
2020-08-04,25.15,25.29,25.3899,25.1346,23546
2020-08-05,25.618,25.49,25.71,25.41,51696
2020-08-06,25.59,25.5001,25.59,25.42,27616
2020-08-07,25.38,25.2211,25.38,25.12,81335
2020-08-10,25.35,25.3351,25.429,25.2801,20289
2020-08-11,25.33,25.12,25.43,25.12,65869
2020-08-12,25.27,25.37,25.41,25.27,28118
2020-08-13,25.4,25.4034,25.45,25.37,45663
2020-08-14,25.33,25.43,25.49,25.32,27935
2020-08-17,25.56,25.6605,25.72,25.56,51570
2020-08-18,25.58,25.725,25.8,25.58,23293
2020-08-19,25.65,25.725,25.82,25.65,23864
2020-08-20,25.57,25.725,25.76,25.45,19475
2020-08-21,25.46,25.52,25.55,25.31,27364
2020-08-24,25.6,25.69,25.74,25.6,43935
2020-08-25,25.77,25.91,25.959,25.77,17154
2020-08-26,25.99,25.9,26.0,25.84,36617
2020-08-27,25.96,25.8,25.96,25.6401,44966
2020-08-28,25.76,25.965,25.98,25.76,34224
2020-08-31,25.9,25.94,25.99,25.86,117741
2020-09-01,26.0,25.945,26.07,25.93,196171
2020-09-02,25.91,25.81,25.93,25.6101,41834
2020-09-03,25.37,25.71,25.71,25.37,35692
2020-09-04,25.66,25.5258,25.66,25.407,18050
2020-09-08,24.91,24.96,25.026,24.75,22671
2020-09-09,24.9571,25.1103,25.1799,24.9571,9527
2020-09-10,25.21,25.0,25.21,24.95,17917
2020-09-11,25.08,25.14,25.14,25.06,9985
2020-09-14,25.09,25.18,25.21,25.081,25562
2020-09-15,25.15,25.24,25.285,25.11,19143
2020-09-16,25.2,25.43,25.56,25.2,40047
2020-09-17,25.26,25.5524,25.6,25.2,21804
2020-09-18,25.53,25.61,25.65,25.53,28199
2020-09-21,25.39,25.1213,25.39,24.98,38320
2020-09-22,25.13,25.03,25.17,24.93,19703
2020-09-23,25.01,24.85,25.08,24.84,47532
2020-09-24,24.82,24.9559,25.01,24.79,27211
2020-09-25,24.88,24.89,24.975,24.86,27205
2020-09-28,24.98,24.99,25.06,24.88,17943
2020-09-29,24.85,24.6804,24.9,24.63,14826
2020-09-30,24.75,24.965,25.0,24.75,30157
2020-10-01,24.88,24.7369,24.88,24.5,20747
2020-10-02,24.49,24.5,24.625,24.41,31137
2020-10-05,24.88,24.95,24.9855,24.76,52766
2020-10-06,25.13,25.025,25.36,25.0,33797
2020-10-07,25.15,25.08,25.18,24.9901,25286
2020-10-08,25.15,25.16,25.315,25.14,24849
2020-10-09,25.24,25.2015,25.36,25.15,24241
2020-10-12,25.11,25.01,25.131,24.9605,19782
2020-10-13,25.05,24.99,25.05,24.98,20287
2020-10-14,24.98,25.23,25.23,24.98,40159
2020-10-15,24.99,25.34,25.34,24.95,38076
2020-10-16,25.09,25.17,25.229,25.09,5302
2020-10-19,25.19,25.12,25.34,25.11,25963
2020-10-20,25.13,25.31,25.35,25.13,22158
2020-10-21,25.3,25.19,25.35,25.09,19242
2020-10-22,25.13,25.125,25.27,25.0709,18530
2020-10-23,25.03,24.93,25.105,24.93,18128
2020-10-26,24.91,24.68,24.91,24.65,27009
2020-10-27,24.78,24.85,24.93,24.78,23600
2020-10-28,24.36,24.38,24.4675,24.32,44011
2020-10-29,24.3,24.12,24.3,23.85,15351
2020-10-30,24.01,24.18,24.28,24.01,95272
2020-11-02,24.32,24.63,24.67,24.3,40055
2020-11-03,24.87,24.68,24.87,24.64,74501
2020-11-04,24.6571,24.93,25.03,24.6571,17978
2020-11-05,24.95,25.02,25.12,24.93,29014
2020-11-06,25.0,24.81,25.0,24.7101,13930
2020-11-09,25.26,25.14,25.446,25.14,111617
2020-11-10,25.21,25.427,25.46,25.21,22694
2020-11-11,25.62,25.47,25.63,25.44,22967
2020-11-12,25.52,25.32,25.6285,25.3001,31034
2020-11-13,25.26,25.17,25.36,25.17,12034
2020-11-16,25.37,25.35,25.49,25.3,14509
2020-11-17,25.45,25.41,25.47,25.3119,13424
2020-11-18,25.43,25.43,25.6,25.43,13657
2020-11-19,25.4,25.33,25.4,25.3,21280
2020-11-20,25.4,25.45,25.49,25.4,114448
2020-11-23,25.59,25.53,25.68,25.49,24059
2020-11-24,25.8,25.7944,25.87,25.7,59094
2020-11-25,25.92,25.9203,26.05,25.856,22529
2020-11-27,25.97,26.06,26.06,25.97,10104
2020-11-30,26.03,25.88,26.03,25.81,37016
2020-12-01,25.98,25.74,25.98,25.631,71921
2020-12-02,25.63,25.7037,25.869,25.63,23675
2020-12-03,25.6,25.47,25.6,25.43,31947
2020-12-04,25.59,25.66,25.77,25.59,26469
2020-12-07,25.33,25.67,25.819,25.33,54080
2020-12-08,25.78,25.74,25.78,25.612,69479
2020-12-09,25.72,25.77,25.88,25.67,21675
2020-12-10,25.88,26.1,26.32,25.88,43929
2020-12-11,25.79,26.06,26.0615,25.79,63959
2020-12-14,25.69,26.04,26.054,25.69,28877
2020-12-15,25.96,26.17,26.31,25.96,51250
2020-12-16,26.28,26.31,26.36,26.16,69226
2020-12-17,26.51,26.64,26.64,26.49,31475
2020-12-18,26.68,26.7395,26.81,26.645,47260
2020-12-21,26.2,26.43,26.48,26.17,151327
2020-12-22,26.256,26.16,26.2875,26.131,225352
2020-12-23,26.28,26.45,26.6044,26.28,22565
2020-12-24,26.41,26.52,26.55,26.41,21416
2020-12-28,26.46,26.3723,26.5199,26.34,24476
2020-12-29,26.57,26.5,26.57,26.4461,25055
2020-12-30,26.41,26.58,26.7299,26.41,73951
2020-12-31,26.58,26.67,26.71,26.5143,22851
2021-01-04,27.13,26.64,27.14,26.545,259399
2021-01-05,26.98,27.3,27.3699,26.98,46738
2021-01-06,27.3,27.25,27.4,27.1101,87523
2021-01-07,27.38,27.4,27.44,27.344,43722
2021-01-08,27.45,27.5884,27.62,27.35,31207
2021-01-11,27.35,27.4375,27.47,27.2332,31444
2021-01-12,27.75,27.94,27.945,27.65,152118
2021-01-13,27.92,27.89,27.97,27.82,107278
2021-01-14,27.91,28.13,28.13,27.895,56998
2021-01-15,27.91,27.75,27.97,27.67,71112
2021-01-19,28.01,27.865,28.03,27.82,170719
2021-01-20,27.94,27.83,27.96,27.815,94299
2021-01-21,27.94,27.89,27.9699,27.819,84115
2021-01-22,27.49,27.54,27.6714,27.42,33465
2021-01-25,27.47,27.7,27.74,27.46,39663
2021-01-26,27.81,27.785,27.86,27.745,96744
2021-01-27,27.67,27.635,27.8217,27.5067,22124
2021-01-28,27.9,27.5149,27.9,27.5149,31721
2021-01-29,27.8,27.54,27.8,27.47,31697
2021-02-01,27.84,27.9,27.91,27.59,119941
2021-02-02,28.12,28.12,28.1493,28.015,47867
2021-02-03,28.11,28.3345,28.3765,28.11,52719
2021-02-04,28.49,28.41,28.49,28.225,71419
2021-02-05,28.44,28.7,28.72,28.44,73935
2021-02-08,28.88,29.09,29.09,28.85,120335
2021-02-09,29.08,29.13,29.28,28.97,246979
2021-02-10,29.23,29.16,29.23,29.075,152300
2021-02-11,29.23,29.07,29.2654,29.07,112406
2021-02-12,29.07,29.42,29.529,29.07,56382
2021-02-16,29.64,29.81,29.85,29.61,96861
2021-02-17,29.67,29.87,29.92,29.62,127257
2021-02-18,29.95,29.82,30.0,29.735,126634
2021-02-19,29.95,29.73,30.07,29.685,111579
2021-02-22,30.0,30.43,30.49,30.0,177760
2021-02-23,30.46,30.71,30.71,30.19,296110
2021-02-24,30.73,31.15,31.16,30.67,272963
2021-02-25,31.03,30.94,31.08,30.8301,150841
2021-02-26,30.77,30.3,30.77,30.213,157438
2021-03-01,30.39,29.96,30.4,29.89,7665850
2021-03-02,30.09,29.98,30.31,29.98,1294981
2021-03-03,30.16,30.21,30.36,30.09,180774
2021-03-04,30.37,30.69,30.92,30.22,244759
2021-03-05,31.12,31.33,31.35,31.03,130518
2021-03-08,31.17,31.01,31.2,30.98,158896
2021-03-09,31.05,30.89,31.11,30.89,109917
2021-03-10,30.95,31.05,31.1299,30.7446,58733
2021-03-11,31.24,31.59,31.59,31.145,203615
2021-03-12,31.33,31.4,31.5404,31.316,120434
2021-03-15,31.27,31.41,31.41,31.14,173412
2021-03-16,31.15,31.23,31.3099,31.0,82617
2021-03-17,31.15,31.08,31.25,30.98,162414
2021-03-18,30.8,29.77,30.85,29.55,81258
2021-03-19,29.83,30.34,30.3899,29.68,81358
2021-03-22,30.37,30.28,30.435,30.2401,83021
2021-03-23,29.64,30.03,30.03,29.34,515501
2021-03-24,29.89,30.14,30.265,29.83,221321
2021-03-25,29.74,29.52,29.8,29.3,63350
2021-03-26,30.08,30.23,30.34,30.08,110595
2021-03-29,30.07,30.34,30.3699,29.9201,386906
2021-03-30,29.94,29.88,30.07,29.81,134324
2021-03-31,29.79,29.92,30.5,29.79,245199
2021-04-01,30.33,30.37,30.45,29.84,234632
2021-04-05,30.27,29.75,30.49,29.74,1174944
2021-04-06,30.11,30.06,30.52,30.06,195922
2021-04-07,30.06,30.2,30.23,29.825,82147
2021-04-08,30.2,30.2,30.38,30.125,88470
2021-04-09,30.25,30.25,30.33,30.2,94553
2021-04-12,30.42,30.23,30.42,30.1641,92525
2021-04-13,30.44,30.48,30.5,30.3848,97860
2021-04-14,30.81,31.14,31.32,30.81,381825
2021-04-15,31.19,31.37,31.385,31.19,72725
2021-04-16,31.4,31.3,31.41,31.27,61780
2021-04-19,31.27,31.4,31.485,31.27,149059
2021-04-20,31.53,31.3,31.5999,31.07,112002
2021-04-21,31.06,31.12,31.3789,31.06,372777
2021-04-22,31.37,31.35,31.43,31.1627,122934
2021-04-23,31.39,31.64,31.66,31.39,79240
2021-04-26,31.58,31.84,31.89,31.5312,117621
2021-04-27,32.02,32.07,32.12,31.88,115070
2021-04-28,32.01,32.14,32.39,32.01,112027
2021-04-29,32.4,32.38,32.43,32.23,63846
2021-04-30,31.99,32.13,32.19,31.95,115948
2021-05-03,32.43,32.54,32.5597,32.365,283372
2021-05-04,32.8,32.92,32.92,32.67,202282
2021-05-05,33.08,33.03,33.155,32.965,185691
2021-05-06,33.16,33.19,33.33,33.0021,669427
2021-05-07,33.23,33.43,33.47,33.12,135907
2021-05-10,33.62,33.2,33.62,33.105,123113
2021-05-11,33.16,33.57,33.58,33.16,112799
2021-05-12,33.56,33.48,33.79,33.451,209326
2021-05-13,32.9,32.61,33.039,32.4426,158436
2021-05-14,32.98,32.79,33.0,32.75,178486
2021-05-17,32.94,33.15,33.178,32.94,184925
2021-05-18,33.2,33.07,33.27,32.75,63430
2021-05-19,32.45,32.37,32.45,31.96,99100
2021-05-20,32.24,32.0,32.3699,31.98,114408
2021-05-21,32.23,32.38,32.39,32.22,50213
2021-05-24,32.46,32.64,32.8,32.37,76247
2021-05-25,32.64,32.57,32.77,32.57,82957
2021-05-26,32.63,32.79,32.84,32.46,30132856
2021-05-27,32.89,33.225,33.27,32.85,8104364
2021-05-28,33.25,33.19,33.32,33.05,2150899
2021-06-01,33.75,33.67,33.985,33.52,1632526
2021-06-02,33.82,33.87,33.87,33.66,987353
2021-06-03,33.86,33.58,33.86,33.44,689233
2021-06-04,33.95,33.96,34.06,33.8049,1121187
2021-06-07,34.1,34.02,34.1195,33.9203,467151
2021-06-08,33.98,34.28,34.3,33.905,692455
2021-06-09,34.24,34.16,34.3295,34.04,566590
2021-06-10,34.32,34.3,34.378,33.92,571984
2021-06-11,34.27,34.26,34.33,34.12,587193
2021-06-14,34.11,34.17,34.3,34.07,467202
2021-06-15,34.15,34.14,34.16,33.9701,329463
2021-06-16,34.14,33.89,34.43,33.89,955243
2021-06-17,33.75,33.17,33.8268,32.98,662190
2021-06-18,33.2085,33.48,33.565,33.18,447628
2021-06-21,33.45,33.78,33.818,33.21,238167
2021-06-22,33.78,33.78,33.9,33.67,256834
2021-06-23,34.02,33.93,34.21,33.91,225516
2021-06-24,33.77,34.03,34.06,33.7,322047
2021-06-25,34.14,34.04,34.14,33.7399,267472
2021-06-28,34.04,34.06,34.1,33.93,198132
2021-06-29,34.1,34.14,34.32,33.9856,314695
2021-06-30,34.09,34.5,34.56,33.9,530433
2021-07-01,34.98,34.52,35.01,34.47,227765
2021-07-02,34.53,34.78,34.78,34.4369,263215
2021-07-06,34.71,33.93,34.71,33.66,290690
2021-07-07,33.94,33.67,34.02,33.28,258186
2021-07-08,33.55,33.52,33.76,33.31,311284
2021-07-09,33.93,34.11,34.2,33.93,192329
2021-07-12,34.02,34.27,34.31,33.8423,261433
2021-07-13,34.285,34.61,34.69,34.265,181403
2021-07-14,34.69,34.39,34.79,34.125,218482
2021-07-15,34.1,34.06,34.33,34.0301,371565
2021-07-16,34.36,34.21,34.36,33.9142,228326
2021-07-19,33.57,32.75,33.7067,32.625,313079
2021-07-20,32.8,33.25,33.27,32.6401,320040
2021-07-21,33.57,33.99,33.99,33.565,264882
2021-07-22,34.06,34.29,34.36,33.9,133196
2021-07-23,34.1,34.37,34.4,34.1,2775932
2021-07-26,34.39,34.6,34.6,34.2806,2434273
2021-07-27,34.35,34.42,34.61,34.3143,358290
2021-07-28,34.59,34.69,34.69,34.45,496011
2021-07-29,34.78,35.07,35.1,34.753,269377
2021-07-30,35.01,34.85,35.0431,34.7818,587033
2021-08-02,34.88,34.55,34.9399,34.2941,449555
2021-08-03,34.07,34.25,34.38,33.97,442239
2021-08-04,33.88,33.78,34.13,33.711,585736
2021-08-05,33.84,34.18,34.18,33.84,354027
2021-08-06,34.18,33.88,34.2564,33.81,311697
2021-08-09,33.32,33.4,33.42,33.1,317929
2021-08-10,33.56,33.89,33.99,33.5229,318831
2021-08-11,33.72,34.21,34.21,33.6158,539036
2021-08-12,34.13,34.02,34.274,33.8428,560965
2021-08-13,34.23,34.0,34.29,33.93,673592
2021-08-16,33.591,33.85,33.94,33.43,425397
2021-08-17,33.64,33.6,33.8298,33.42,274286
2021-08-18,33.6,33.27,33.605,33.0699,750577
2021-08-19,32.55,32.67,32.7297,32.3168,267335
2021-08-20,32.3,32.1,32.52,32.1,247585
2021-08-23,32.91,33.13,33.26,32.91,425793
2021-08-24,33.5,33.83,33.905,33.49,331782
2021-08-25,33.76,34.19,34.19,33.76,4699957
2021-08-26,33.87,33.92,34.0977,33.76,259879
2021-08-27,34.11,34.31,34.36,34.11,236915
2021-08-30,34.34,34.34,34.47,34.21,390331
2021-08-31,34.24,34.43,34.43,34.1595,289719
2021-09-01,33.99,34.2,34.27,33.86,303261
2021-09-02,34.51,34.64,34.74,34.5094,228396
2021-09-03,34.61,34.83,34.83,34.5001,196882
2021-09-07,34.18,34.15,34.35,34.06,240960
2021-09-08,34.42,34.39,34.4888,34.25,292161
2021-09-09,33.98,34.44,34.45,33.945,190810
2021-09-10,34.51,34.58,34.58,34.42,193630
2021-09-13,34.58,34.6,34.68,34.4905,315908
2021-09-14,34.69,34.48,34.7333,34.4541,215029
2021-09-15,35.06,35.06,35.26,35.02,259340
2021-09-16,34.84,34.88,34.98,34.61,211140
2021-09-17,34.81,34.66,34.81,34.5907,207627
2021-09-20,34.31,34.27,34.4,34.05,288048
2021-09-21,34.18,34.0,34.35,33.9303,218573
2021-09-22,34.65,34.76,34.9,34.5722,218515
2021-09-23,34.86,35.26,35.26,34.84,365055
2021-09-24,35.16,35.44,35.4472,35.16,180129
2021-09-27,35.81,35.94,35.98,35.81,290506
2021-09-28,36.2,35.8,36.2,35.66,447164
2021-09-29,35.72,35.65,35.9,35.62,458603
2021-09-30,35.46,35.84,36.019,35.3701,403576
2021-10-01,35.89,36.18,36.27,35.81,502634
2021-10-04,36.67,36.72,36.9903,36.59,593433
2021-10-05,36.97,37.2,37.2,36.9,277238
2021-10-06,36.82,36.5,36.82,36.5,385448
2021-10-07,36.57,36.99,37.09,36.43,280458
2021-10-08,37.29,37.32,37.4,37.0203,433701
2021-10-11,37.49,37.34,37.5981,37.34,214172
2021-10-12,37.51,37.33,37.6,37.29,333869
2021-10-13,37.33,37.45,37.49,37.13,236773
2021-10-14,37.79,37.82,37.83,37.5327,247157
2021-10-15,38.11,38.05,38.16,37.928,278156
2021-10-18,38.04,37.83,38.1851,37.82,790483
2021-10-19,37.78,37.93,38.0548,37.6801,275816
2021-10-20,37.72,38.34,38.36,37.72,376387
2021-10-21,37.88,37.7,37.91,37.37,7646535
2021-10-22,37.8,37.78,37.9,37.47,2398895
2021-10-25,38.02,37.95,38.12,37.91,1162104
2021-10-26,37.99,38.04,38.12,37.87,825153
2021-10-27,37.69,37.44,37.87,37.43,3743667
2021-10-28,37.48,37.64,37.68,37.32,377903
2021-11-01,37.6,37.63,37.74,37.59,364072
2021-11-02,37.59,37.7,37.75,37.49,477358
2021-11-03,37.23,36.96,37.35,36.8888,710784
2021-11-04,37.51,36.74,37.69,36.66,475350
2021-11-05,37.02,37.22,37.354,36.78,324107
2021-11-08,37.3,37.48,37.56,37.3,355736
2021-11-09,37.5,37.77,37.77,37.35,317958
2021-11-10,37.77,37.31,37.85,37.16,292175
2021-11-11,37.51,37.46,37.67,37.3,310527
2021-11-12,37.26,37.42,37.5396,37.26,248246
2021-11-15,37.18,37.45,37.48,37.04,257835
2021-11-16,37.42,37.37,37.58,37.2201,493404
2021-11-17,37.31,37.09,37.46,36.8617,240939
2021-11-18,37.19,37.22,37.31,36.9453,214153
2021-11-19,37.07,36.66,37.07,36.5901,252026
2021-11-22,36.75,36.89,37.1,36.725,219369
2021-11-23,37.24,37.68,37.76,37.24,310014
2021-11-24,37.64,37.68,37.82,37.61,376890
2021-11-29,35.96,35.21,36.088,35.09,674738
2021-11-30,34.53,34.11,34.69,33.62,355167
2021-12-01,34.59,33.76,34.74,33.7,660442
2021-12-02,33.78,34.22,34.41,33.53,418555
2021-12-03,34.86,34.18,34.928,34.041,647856
2021-12-06,34.49,35.03,35.11,34.3766,283182
2021-12-07,35.13,35.43,35.79,35.13,958163
2021-12-08,35.55,35.89,35.91,35.55,247664
2021-12-09,35.64,35.32,35.64,35.28,295193
2021-12-10,35.43,35.65,35.72,35.43,196072
2021-12-13,30.03,30.06,30.53,29.9511,772172
2021-12-14,29.7,29.8,29.89,29.62,590024
2021-12-15,29.58,29.82,29.92,29.46,1975745
2021-12-16,29.96,30.02,30.25,29.88,504329
2021-12-17,29.92,29.71,29.93,29.64,1365804
2021-12-20,29.2,29.38,29.45,28.855,1837165
2021-12-21,29.7562,30.01,30.07,29.63,958947
2021-12-22,30.09,30.46,30.46,30.0601,903735
2021-12-23,30.3848,30.59,30.69,30.33,751227
2021-12-27,30.57,31.03,31.13,30.55,1088968
2021-12-28,30.95,31.02,31.22,30.62,870738
2021-12-29,30.94,31.2,31.38,30.94,706789
2021-12-30,31.18,31.07,31.35,31.06,486733
2021-12-31,31.09,30.88,31.12,30.7723,951741
2022-01-03,30.9,31.055,31.08,30.75,469471
2022-01-04,31.21,31.41,31.47,31.21,378526
2022-01-05,31.58,31.33,31.6537,31.32,506780
2022-01-06,31.63,31.64,31.749,31.5201,546216
2022-01-07,31.7,31.64,31.73,31.56,261063
2022-01-10,31.68,31.5,31.68,31.4,375562
2022-01-11,31.71,32.17,32.23,31.6017,259084
2022-01-12,32.32,32.41,32.51,32.2603,343177
2022-01-13,32.45,32.17,32.46,32.13,610271
2022-01-14,32.39,32.64,32.648,32.3539,436156
2022-01-18,32.79,32.95,32.98,32.7101,678498
2022-01-19,33.16,33.15,33.36,33.07,387227
2022-01-20,33.26,33.09,33.52,33.0471,519837
2022-01-21,33.18,33.1,33.26,32.9001,492031
2022-01-24,32.78,32.92,32.93,32.41,740294
2022-01-25,32.82,33.21,33.27,32.82,607835
2022-01-26,33.49,33.36,33.64,33.26,399838
2022-01-27,33.61,33.34,33.62,33.16,4102031
2022-01-28,33.5,33.38,33.6,33.16,2131079
2022-01-31,33.53,33.46,33.53,33.16,731422
2022-02-01,33.33,33.6,33.65,33.3,1244061
2022-02-02,33.71,33.65,33.71,33.4013,1066707
2022-02-03,33.47,33.87,33.94,33.3821,856158
2022-02-04,34.13,34.28,34.41,34.13,585283
2022-02-07,34.33,34.41,34.48,34.2736,425111
2022-02-08,34.1,34.15,34.2,33.855,417523
2022-02-09,34.21,34.52,34.54,34.21,794192
2022-02-10,34.5,34.31,34.9,34.2741,609154
2022-02-11,34.44,34.98,35.1499,34.44,558538
2022-02-14,34.74,35.28,35.3999,34.67,727914
2022-02-15,34.59,34.56,34.65,34.3196,934512
2022-02-16,34.87,34.46,35.24,34.45,507932
2022-02-17,34.57,34.76,34.8179,34.482,584947
2022-02-18,34.92,34.89,35.029,34.337,1122705
2022-02-22,35.71,35.38,35.7455,35.24,625771
2022-02-23,35.48,35.61,35.9,35.4297,583298
2022-02-24,37.24,36.04,37.52,35.55,2181481
2022-02-25,35.31,35.42,35.6,34.93,1393675
2022-02-28,36.2,36.38,36.5277,36.03,803396
2022-03-01,37.7,38.43,38.7198,37.66,808224
2022-03-02,39.79,40.32,40.52,38.8401,1001013
2022-03-03,40.28,40.19,40.8552,39.935,739617
2022-03-04,41.41,42.02,42.17,40.8001,1133364
2022-03-07,43.07,43.55,43.86,42.3993,1665056
2022-03-08,44.79,45.1,45.51,43.1457,2002338
2022-03-09,42.2,40.35,42.62,39.23,2174066
2022-03-10,40.56,39.2,41.0799,39.12,870996
2022-03-11,39.12,40.45,40.77,39.12,7536180
2022-03-14,39.36,39.21,39.64,38.7,2088780
2022-03-15,37.98,37.87,38.41,37.23,2008850
2022-03-16,38.23,37.73,38.47,37.29,981849
2022-03-17,39.19,39.57,39.75,38.9501,668133
2022-03-18,39.79,39.91,39.95,39.289,701555
2022-03-21,41.2,41.69,41.73,40.79,534957
2022-03-22,41.59,41.4,41.74,41.018,2031799
2022-03-23,42.68,42.81,43.02,42.46,927646
2022-03-24,42.85,42.3,42.88,42.101,826666
2022-03-25,42.03,42.61,42.9194,41.8427,564005
2022-03-28,41.18,40.32,41.52,40.13,700414
2022-03-29,39.28,40.5,40.64,39.06,576384
2022-03-30,41.35,41.22,41.56,41.02,419809
2022-03-31,40.79,40.05,40.9197,39.77,905656
2022-04-01,39.85,40.09,40.3,39.8401,725688
2022-04-04,40.93,40.98,41.0999,40.53,522191
2022-04-05,41.33,40.33,41.45,40.28,616974
2022-04-06,40.95,39.86,41.05,39.53,506678
2022-04-07,39.86,39.8,40.0,39.05,1399744
2022-04-08,39.73,40.27,40.4,39.6001,400515
2022-04-11,39.59,39.695,39.84,39.3511,404412
2022-04-12,40.64,40.99,41.1899,40.61,567584
2022-04-13,41.53,42.07,42.14,41.1017,437740
2022-04-14,41.82,42.52,42.739,41.6801,514726
2022-04-18,43.31,43.03,43.49,42.8001,522919
2022-04-19,42.11,41.7,42.11,41.58,736174
2022-04-20,41.9,41.87,42.0,41.256,645571
2022-04-21,42.03,41.96,42.306,41.6,725261
2022-04-22,41.61,41.21,41.69,41.2,460881
2022-04-25,39.86,40.65,40.71,39.58,754212
2022-04-26,40.99,41.34,41.4877,40.56,357431
2022-04-27,40.97,41.5,41.59,40.9076,451316
2022-04-28,41.45,41.93,41.97,41.226,389366
2022-04-29,42.21,41.55,42.4199,41.4355,424108
2022-05-02,41.33,42.07,42.15,40.6601,567433
2022-05-03,41.61,41.3,41.93,41.132,423416
2022-05-04,42.25,42.7,42.77,41.9412,383830
2022-05-05,43.08,42.54,43.1899,42.14,375086
2022-05-06,42.97,42.81,42.97,42.1489,432753
2022-05-09,41.77,40.64,41.82,40.46,655686
2022-05-10,40.89,40.13,41.0,40.0787,899355
2022-05-11,41.24,41.38,41.66,41.2201,515675
2022-05-12,41.25,41.65,41.7,41.0042,441209
2022-05-13,42.09,42.3,42.34,41.77,896652
2022-05-16,42.45,43.11,43.16,42.33,450693
2022-05-17,43.09,42.61,43.39,42.5098,464835
2022-05-18,42.55,41.6,42.65,41.38,27428332
2022-05-19,41.2,42.04,42.2794,41.2,8746033
2022-05-20,42.13,42.28,42.449,41.86,1788826
2022-05-23,42.26,42.5,42.6199,42.125,1061178
2022-05-24,42.51,42.47,42.7152,42.2508,1006294
2022-05-25,42.45,42.71,42.72,42.26,956149
2022-05-26,42.83,43.41,43.57,42.78,579241
2022-05-27,43.36,43.81,43.865,43.27,526824
2022-05-31,44.57,43.6,44.82,43.37,660363
2022-06-01,44.1,43.81,44.3,43.79,814058
2022-06-02,44.19,44.69,44.74,43.876,1104262
2022-06-03,44.58,45.21,45.2699,44.465,347135
2022-06-06,45.25,45.2,45.43,45.03,598665
2022-06-07,45.1,45.56,45.65,45.05,636858
2022-06-08,45.75,46.11,46.2799,45.54,790318
2022-06-09,45.85,45.98,46.18,45.77,560341
2022-06-10,45.72,45.64,45.7909,45.12,625852
2022-06-13,45.28,45.31,45.6559,44.4108,612431
2022-06-15,44.67,44.51,44.99,44.2468,466435
2022-06-16,44.18,44.67,44.9,43.86,706193
2022-06-17,44.19,43.07,44.28,42.62,860916
2022-06-21,43.42,43.09,43.72,42.99,877569
2022-06-22,41.46,42.01,42.5731,41.14,676463
2022-06-23,42.1,41.18,42.29,41.17,1063456
2022-06-24,41.46,41.81,42.0702,41.26,443372
2022-06-27,41.81,42.12,42.22,41.345,728925
2022-06-28,42.3,42.54,42.62,42.119,269617
2022-06-29,42.9,41.96,43.11,41.96,550908
2022-06-30,41.62,40.94,41.65,40.78,897528
2022-07-01,41.52,41.21,41.52,40.88,1119017
2022-07-05,40.16,38.62,40.16,38.23,2694726
2022-07-06,38.34,38.04,38.54,37.48,895453
2022-07-07,39.14,39.39,39.805,39.1,505535
2022-07-08,39.7,40.11,40.23,39.415,347391
2022-07-11,40.0,39.97,40.1705,39.555,497165
2022-07-12,38.9,37.99,39.0,37.88,446394
2022-07-13,38.0,38.09,38.655,37.86,320538
2022-07-14,37.23,37.89,38.0051,36.84,405373
2022-07-15,38.26,38.24,38.53,37.9479,265280
2022-07-18,39.4,39.41,39.65,39.26,395134
2022-07-19,38.92,39.69,39.7,38.9003,212449
2022-07-20,39.48,39.58,39.701,39.19,305958
2022-07-21,38.56,38.76,39.01,38.4304,1775236
2022-07-22,38.52,38.25,39.04,38.22,950948
2022-07-25,38.81,38.91,38.91,38.44,410592
2022-07-26,39.47,38.85,39.54,38.72,538288
2022-07-27,39.16,39.7,39.79,38.85,410018
2022-07-28,40.0,39.68,40.0,39.34,312256
2022-07-29,40.14,39.98,40.8,39.92,1119808
2022-08-01,38.79,38.93,39.06,38.5197,478160
2022-08-02,38.86,38.72,39.335,38.66,1222134
2022-08-03,39.0,38.1,39.04,37.96,317843
2022-08-04,37.84,37.67,38.0591,37.45,523754
2022-08-05,37.2,37.61,38.195,37.1796,495068
2022-08-08,37.58,38.13,38.1634,37.562,488242
2022-08-09,38.45,38.35,38.72,38.09,408896
2022-08-10,38.35,38.76,38.97,37.885,371529
2022-08-11,39.3,39.54,39.721,39.06,291536
2022-08-12,39.15,39.21,39.39,38.93,439355
2022-08-15,38.0,38.48,38.64,37.88,403027
2022-08-16,38.51,38.0,38.8513,37.86,321667
2022-08-17,38.06,38.22,38.445,37.85,257699
2022-08-18,38.66,38.85,39.019,38.52,330373
2022-08-19,38.75,38.93,39.22,38.64,182587
2022-08-22,38.43,39.18,39.19,38.1215,211785
2022-08-23,39.54,39.92,40.08,39.52,168259
2022-08-24,40.0,40.37,40.37,39.73,320614
2022-08-25,40.2,39.84,40.46,39.67,175116
2022-08-26,39.73,39.97,40.04,39.45,302227
2022-08-29,40.09,40.71,40.78,39.9728,263998
2022-08-30,39.93,39.53,39.9667,39.07,322806
2022-08-31,38.9,38.66,39.27,38.59,406788
2022-09-01,38.02,37.7,38.29,37.6085,270133
2022-09-02,38.32,38.0,38.44,37.8994,127860
2022-09-06,38.13,37.87,38.21,37.7401,376333
2022-09-07,37.18,36.77,37.5,36.7307,220801
2022-09-08,37.0,36.99,37.2597,36.755,1449318
2022-09-09,37.61,38.02,38.16,37.585,305658
2022-09-12,38.51,38.56,38.77,38.4,1014469
2022-09-13,38.07,38.4,38.6,37.8,283006
2022-09-14,38.39,38.47,38.67,38.2501,406952
2022-09-15,37.69,37.31,37.71,37.18,221385
2022-09-16,37.39,37.33,37.52,37.14,304301
2022-09-19,36.58,37.38,37.4594,36.15,162956
2022-09-20,37.27,37.39,37.43,37.02,174593
2022-09-22,37.65,37.2,37.81,37.09,1098092
2022-09-23,36.07,35.86,36.08,35.69,481370
2022-09-26,35.71,34.94,36.057,34.9351,809576
2022-09-27,35.44,35.28,35.8144,35.185,859993
2022-09-28,35.62,36.36,36.381,35.576,317395
2022-09-29,36.34,36.21,36.4628,35.965,281765
2022-09-30,35.82,35.72,36.17,35.6,564933
2022-10-03,36.62,36.56,36.69,36.2922,232141
2022-10-04,37.27,37.5,37.61,37.205,212890
2022-10-05,37.7,38.25,38.29,37.49,186724
2022-10-06,38.06,38.49,38.54,38.04,281350
2022-10-07,38.52,39.01,39.2125,38.52,364632
2022-10-10,39.11,38.64,39.3851,38.571,261088
2022-10-11,38.1,38.03,38.41,37.89,1587665
2022-10-12,37.95,37.97,38.0542,37.72,309632
2022-10-13,37.69,38.48,38.605,37.6511,239498
2022-10-14,38.18,37.67,38.22,37.59,158378
2022-10-17,37.93,37.6,38.06,37.52,142258
2022-10-18,37.49,37.16,37.56,36.93,222590
2022-10-19,36.82,37.31,37.46,36.82,129592
2022-10-20,37.65,37.32,37.89,37.18,331603
2022-10-21,37.12,37.48,37.53,37.0701,256030
2022-10-24,37.49,37.55,37.76,37.3364,187162
2022-10-25,37.59,37.69,37.83,37.5,508413
2022-10-26,37.84,38.46,38.4899,37.84,343605
2022-10-27,38.58,38.5,38.6464,38.3601,180180
2022-10-28,38.11,38.13,38.279,37.8,239665
2022-10-31,37.76,37.8,38.105,37.5314,208966
2022-11-01,38.5,38.33,38.5,38.2201,305954
2022-11-02,38.24,38.6,38.93,38.15,260482
2022-11-03,38.21,38.56,38.7799,38.21,255210
2022-11-04,39.67,39.82,39.88,39.4277,393549
2022-11-07,39.74,39.63,40.04,39.5567,343562
2022-11-08,39.63,39.01,39.73,38.9183,337731
2022-11-09,38.62,38.15,38.62,38.1,312493
2022-11-10,38.2,38.41,38.59,38.0517,310339
2022-11-11,39.18,39.17,39.41,38.93,174891
2022-11-14,38.97,38.46,39.35,38.45,327937
2022-11-15,38.49,38.92,39.395,38.32,209345
2022-11-16,38.49,38.46,38.6,38.28,342225
2022-11-17,37.98,37.82,38.1427,37.6,230909
2022-11-18,37.08,37.42,37.49,36.97,239585
2022-11-21,36.71,37.36,37.4513,36.27,320478
2022-11-22,37.78,37.71,37.99,37.6301,170030
2022-11-23,37.12,37.07,37.2804,36.8755,309880
2022-11-25,37.05,36.8,37.3899,36.731,96411
2022-11-28,36.12,36.55,36.85,36.105,380613
2022-11-29,37.06,37.08,37.3119,36.7828,437414
2022-11-30,37.71,37.85,37.89,37.52,280278
2022-12-01,38.25,37.8,38.41,37.73,533262
2022-12-02,37.7,37.45,37.8008,37.33,227902
2022-12-05,37.82,36.51,37.89,36.388,1062923
2022-12-06,36.36,35.68,36.45,35.4127,372697
2022-12-07,35.77,35.31,35.93,35.16,467560
2022-12-08,35.82,35.1,35.82,34.98,475553
2022-12-09,35.24,35.15,35.4131,34.84,259569
2022-12-12,35.32,35.62,35.73,35.3,240911
2022-12-13,27.74,27.76,28.02,27.7,1359436
2022-12-14,27.84,27.98,28.07,27.75,858044
2022-12-15,27.79,27.67,27.88,27.51,2087380
2022-12-16,27.28,27.34,27.47,27.1901,1017548
2022-12-19,27.39,27.32,27.63,27.16,1041000
2022-12-20,27.24,27.39,28.06,27.08,1911246
2022-12-21,27.68,27.81,27.83,27.67,896924
2022-12-22,27.8,27.49,27.838,27.34,1831195
2022-12-23,27.55,28.0,28.0329,27.55,1897205
2022-12-27,27.93,28.23,28.38,27.8801,1815353
2022-12-28,28.2,27.97,28.2,27.75,1197912
2022-12-29,27.68,27.87,27.91,27.66,610222
2022-12-30,27.73,28.19,28.19,27.7101,422500
2023-01-03,27.88,27.47,28.0093,27.36,532256
2023-01-04,27.08,26.85,27.08,26.7536,404990
2023-01-05,26.84,26.78,26.9463,26.6794,540992
2023-01-06,27.04,26.91,27.1182,26.83,260127
2023-01-09,27.27,27.19,27.49,27.16,2621888
2023-01-10,27.24,27.13,27.33,27.03,389380
2023-01-11,27.46,27.6,27.64,27.2899,16837812
2023-01-12,27.82,27.84,27.94,27.68,2826788
2023-01-13,27.83,28.14,28.15,27.83,1435513
2023-01-17,28.18,28.24,28.33,28.01,1333620
2023-01-18,28.43,28.01,28.53,27.98,916436
2023-01-19,28.15,28.24,28.35,28.05,657161
2023-01-20,28.34,28.5,28.5,28.2,709478
2023-01-23,28.54,28.53,28.65,28.47,1158912
2023-01-24,28.55,28.35,28.6192,28.29,497989
2023-01-25,28.31,28.27,28.4065,28.1826,663313
2023-01-26,28.51,28.43,28.545,28.315,428531
2023-01-27,28.53,28.1,28.53,28.035,579887
2023-01-30,27.9,27.8,28.14,27.7201,490016
2023-01-31,27.8,28.22,28.22,27.77,583190
2023-02-01,28.01,27.65,28.07,27.46,1261744
2023-02-02,27.57,27.44,27.71,27.41,395949
2023-02-03,27.36,26.88,27.71,26.86,394580
2023-02-06,27.04,27.02,27.04,26.57,332737
2023-02-07,27.12,27.54,27.5899,27.12,247255
2023-02-08,27.64,27.67,27.7031,27.42,574996
2023-02-09,27.51,27.43,27.582,27.325,419040
2023-02-10,27.63,27.84,27.84,27.63,253051
2023-02-13,27.7,27.86,27.97,27.66,526036
2023-02-14,27.65,27.92,28.0,27.5879,196361
2023-02-15,27.69,27.6604,27.7499,27.42,411361
2023-02-16,27.55,27.55,27.735,27.54,227217
2023-02-17,27.1,27.31,27.36,27.03,238480
2023-02-21,27.5,27.39,27.6077,27.31,291178
2023-02-22,27.31,27.03,27.37,27.0,187400
2023-02-23,27.2,27.17,27.2874,27.03,324653
2023-02-24,26.88,27.16,27.18,26.7884,232832
2023-02-27,27.11,27.09,27.18,26.98,189385
2023-02-28,27.3,27.2,27.3286,27.17,2220155
2023-03-01,27.3,27.55,27.59,27.26,235869
2023-03-02,27.57,27.52,27.62,27.416,153231
2023-03-03,27.38,27.92,27.92,27.38,207588
2023-03-06,27.65,27.9,27.91,27.61,332929
2023-03-07,27.75,27.31,27.77,27.266,310506
2023-03-08,27.2,27.16,27.32,27.1,506487
2023-03-09,27.28,26.8,27.36,26.76,131232
2023-03-10,26.86,27.05,27.1558,26.84,364490
2023-03-13,26.54,26.8,27.0822,26.5,247763
2023-03-14,26.58,26.4,26.865,26.3,374810
2023-03-15,25.82,25.69,25.95,25.29,369244
2023-03-16,25.39,25.76,25.908,25.28,430516
2023-03-17,25.84,25.61,25.84,25.41,225852
2023-03-20,25.52,25.74,25.77,25.47,749387
2023-03-21,25.89,25.92,26.0,25.7381,228205
2023-03-22,25.97,25.97,26.1895,25.8202,235144
2023-03-23,26.13,25.9,26.31,25.88,612120
2023-03-24,25.88,26.02,26.05,25.78,269383
2023-03-27,26.2,26.69,26.6999,26.15,299699
2023-03-28,26.6,26.76,26.87,26.6,221890
2023-03-29,26.82,26.6,26.905,26.56,258639
2023-03-30,26.71,26.76,26.8,26.57,144595
2023-03-31,26.82,27.03,27.055,26.82,172746
2023-04-03,27.67,27.61,27.8,27.52,220120
2023-04-04,27.67,27.51,27.71,27.36,185892
2023-04-05,27.52,27.56,27.61,27.39,137515
2023-04-06,27.57,27.48,27.57,27.41,178429
2023-04-10,27.51,27.49,27.6,27.42,201323
2023-04-11,27.54,27.69,27.73,27.53,307638
2023-04-12,27.75,27.92,27.9998,27.75,200936
2023-04-13,27.99,27.84,28.0659,27.82,334809
2023-04-14,27.88,27.92,28.0,27.7322,186693
2023-04-17,27.89,27.75,27.9087,27.6401,187904
2023-04-18,27.71,27.83,27.95,27.66,125096
2023-04-19,27.5,27.42,27.59,27.356,190059
2023-04-20,27.06,27.01,27.13,26.94,364488
2023-04-21,27.15,27.03,27.16,26.96,114793
2023-04-24,27.04,27.24,27.32,26.96,239481
2023-04-25,27.0,26.78,27.04,26.6908,312368
2023-04-26,26.7,26.29,26.77,26.26,123951
2023-04-27,26.33,26.32,26.4,26.16,100011
2023-04-28,26.29,26.63,26.69,26.22,84907
2023-05-01,26.39,26.44,26.6,26.25,221253
2023-05-02,26.16,25.67,26.17,25.631,157355
2023-05-03,25.39,25.18,25.39,25.13,164280
2023-05-04,25.18,25.28,25.485,25.087,484902
