2011-05-23,0.0951,0.1095,0.1095,0.0951,4000
2011-05-24,0.0951,0.0951,0.0951,0.0951,6515
2011-05-27,0.097,0.1015,0.1024,0.097,103000
2011-05-31,0.1015,0.1015,0.1015,0.1015,9000
2011-06-01,0.1015,0.1,0.1015,0.1,10100
2011-06-02,0.1015,0.1015,0.1015,0.1015,15000
2011-06-03,0.1015,0.1015,0.1015,0.1015,1000
2011-06-06,0.1,0.1,0.1,0.1,15000
2011-06-07,0.101,0.101,0.101,0.101,2500
2011-06-08,0.1015,0.101,0.1015,0.0751,3506
2011-06-09,0.099,0.099,0.099,0.099,25000
2011-06-10,0.099,0.1015,0.1015,0.099,9000
2011-06-13,0.0751,0.1009,0.1009,0.0751,17725
2011-06-14,0.1009,0.1015,0.1015,0.1009,10000
2011-06-15,0.1098,0.1098,0.1098,0.1098,1000
2011-06-16,0.09,0.1099,0.1099,0.09,51100
2011-06-17,0.1097,0.1097,0.1097,0.1097,1000
2011-06-21,0.0999,0.0999,0.0999,0.0999,17000
2011-06-22,0.09,0.095,0.095,0.09,6580
2011-06-23,0.0751,0.083,0.083,0.0751,900
2011-06-27,0.0998,0.0999,0.0999,0.0801,40896
2011-06-28,0.0801,0.1,0.1,0.0801,2300
2011-06-30,0.0801,0.1,0.1,0.0801,4000
2011-07-01,0.1,0.1,0.1,0.1,1000
2011-07-05,0.1,0.1,0.1,0.0801,5100
2011-07-06,0.09,0.09,0.09,0.09,5000
2011-07-07,0.1,0.1,0.1,0.1,6800
2011-07-08,0.09,0.1,0.1,0.09,14000
2011-07-11,0.0751,0.076,0.076,0.0751,10725
2011-07-12,0.08,0.09,0.0998,0.0751,219500
2011-07-13,0.09,0.1,0.1,0.0801,153450
2011-07-14,0.09,0.1,0.1,0.081,24400
2011-07-15,0.0997,0.0997,0.0997,0.0997,1000
2011-07-18,0.0998,0.0998,0.0998,0.0998,5650
2011-07-19,0.0997,0.09,0.0997,0.09,4450
2011-07-20,0.09,0.09,0.09,0.09,17000
2011-07-21,0.09,0.0997,0.0997,0.09,46800
2011-07-22,0.0751,0.09,0.09,0.0751,29500
2011-07-25,0.09,0.09,0.09,0.09,20000
2011-07-26,0.09,0.1,0.1,0.0751,29410
2011-07-27,0.095,0.09,0.095,0.09,10000
2011-07-28,0.0801,0.0997,0.0997,0.0801,22800
2011-07-29,0.0997,0.0997,0.0997,0.0997,1000
2011-08-02,0.0997,0.095,0.0997,0.095,7000
2011-08-03,0.0997,0.0997,0.0997,0.0802,11200
2011-08-04,0.0995,0.082,0.0995,0.082,3500
2011-08-05,0.0994,0.09,0.0994,0.0832,11100
2011-08-08,0.076,0.08,0.09,0.076,8400
2011-08-09,0.09,0.09,0.09,0.078,32350
2011-08-10,0.09,0.09,0.09,0.09,17222
2011-08-11,0.09,0.09,0.09,0.09,1000
2011-08-12,0.09,0.089,0.0994,0.089,42500
2011-08-15,0.0995,0.0995,0.0995,0.09,48500
2011-08-16,0.0995,0.0995,0.0995,0.0995,1102
2011-08-17,0.0995,0.0995,0.0995,0.0995,1000
2011-08-18,0.095,0.095,0.095,0.095,6000
2011-08-19,0.095,0.0995,0.0995,0.095,15560
2011-08-22,0.0801,0.0995,0.0995,0.0801,8000
2011-08-23,0.0995,0.0802,0.0995,0.0802,12500
2011-08-24,0.09,0.0995,0.0995,0.09,1100
2011-08-25,0.1,0.09,0.1,0.09,146700
2011-08-26,0.085,0.085,0.085,0.085,5000
2011-08-30,0.085,0.085,0.085,0.085,146110
2011-08-31,0.09,0.09,0.09,0.09,3750
2011-09-01,0.09,0.09,0.09,0.0761,7750
2011-09-02,0.09,0.09,0.09,0.09,7750
2011-09-06,0.0761,0.09,0.09,0.0761,1635
2011-09-07,0.09,0.09,0.09,0.09,1350
2011-09-08,0.09,0.09,0.09,0.09,1205
2011-09-09,0.09,0.095,0.095,0.085,65100
2011-09-12,0.0998,0.0998,0.0998,0.0998,800
2011-09-13,0.0998,0.0998,0.0998,0.0998,890
2011-09-14,0.0998,0.09,0.0998,0.09,40950
2011-09-15,0.0998,0.0998,0.0998,0.0998,1060
2011-09-16,0.0998,0.0998,0.0998,0.0998,6000
2011-09-19,0.0998,0.0998,0.0998,0.0998,900
2011-09-20,0.0998,0.09,0.0998,0.085,5000
2011-09-21,0.088,0.0996,0.0996,0.088,9200
2011-09-22,0.0996,0.0996,0.0996,0.0996,1000
2011-09-23,0.09,0.099,0.0997,0.09,274320
2011-09-26,0.0761,0.0998,0.0998,0.0761,54510
2011-09-27,0.0819,0.0998,0.0998,0.0819,84848
2011-09-28,0.099,0.1,0.1,0.099,26000
2011-09-29,0.0936,0.1,0.1,0.0936,51100
2011-09-30,0.105,0.0988,0.1149,0.0988,13200
2011-10-03,0.0988,0.0988,0.1139,0.0988,11076
2011-10-04,0.12,0.12,0.12,0.12,200
2011-10-06,0.11,0.135,0.135,0.11,1550
2011-10-07,0.1349,0.1349,0.1349,0.1349,500
2011-10-10,0.11,0.13,0.13,0.095,1949600
2011-10-11,0.11,0.1179,0.1179,0.11,131000
2011-10-12,0.115,0.12,0.1267,0.115,43248
2011-10-13,0.12,0.127,0.1349,0.12,123700
2011-10-14,0.1299,0.1299,0.1349,0.1299,199328
2011-10-17,0.135,0.1389,0.1389,0.135,9800
2011-10-18,0.122,0.135,0.139,0.122,17700
2011-10-19,0.135,0.139,0.139,0.135,21000
2011-10-20,0.144,0.17,0.1799,0.14,220398
2011-10-21,0.175,0.169,0.175,0.16,43650
2011-10-24,0.165,0.165,0.18,0.165,25212
2011-10-25,0.16,0.17,0.18,0.16,17000
2011-10-27,0.165,0.1588,0.165,0.1588,14100
2011-10-28,0.1338,0.16,0.16,0.1338,8825
2011-10-31,0.16,0.174,0.174,0.16,2350
2011-11-01,0.159,0.159,0.159,0.159,2000
2011-11-02,0.159,0.16,0.16,0.159,10150
2011-11-03,0.1509,0.1739,0.1739,0.1508,18906
2011-11-04,0.1739,0.175,0.19,0.1725,60200
2011-11-07,0.1601,0.175,0.175,0.1601,2000
2011-11-08,0.17,0.17,0.17,0.17,215
2011-11-09,0.159,0.162,0.162,0.159,19000
2011-11-10,0.17,0.17,0.17,0.17,1000
2011-11-11,0.17,0.175,0.175,0.17,1690
2011-11-14,0.1369,0.1146,0.1369,0.1146,25000
2011-11-15,0.1388,0.1599,0.1599,0.115,112100
2011-11-16,0.1597,0.1697,0.1697,0.1128,85500
2011-11-17,0.1148,0.1488,0.1488,0.1148,117700
2011-11-18,0.14,0.15,0.15,0.14,62500
2011-11-21,0.1218,0.1219,0.149,0.1218,1400
2011-11-22,0.1219,0.16,0.16,0.1219,22742
2011-11-23,0.1301,0.1599,0.1599,0.1301,3000
2011-11-28,0.1358,0.1599,0.1599,0.1358,5000
2011-11-29,0.16,0.16,0.16,0.16,14500
2011-12-01,0.1599,0.1599,0.1599,0.1599,6875
2011-12-02,0.142,0.1599,0.1599,0.1379,16900
2011-12-05,0.1599,0.1598,0.1599,0.1251,6100
2011-12-06,0.14,0.125,0.14,0.125,18500
2011-12-07,0.14,0.14,0.14,0.14,3000
2011-12-08,0.14,0.14,0.14,0.14,28175
2011-12-09,0.14,0.15,0.15,0.14,93901
2011-12-12,0.17,0.14,0.17,0.14,16900
2011-12-14,0.14,0.16,0.16,0.13,40000
2011-12-15,0.1329,0.16,0.16,0.1329,3100
2011-12-16,0.14,0.16,0.16,0.14,12500
2011-12-19,0.17,0.17,0.17,0.17,500
2011-12-20,0.14,0.14,0.14,0.14,1000
2011-12-21,0.15,0.15,0.15,0.15,13983
2011-12-22,0.15,0.14,0.15,0.14,11751
2011-12-27,0.1251,0.1251,0.1251,0.1251,3100
2011-12-28,0.1251,0.14,0.14,0.1251,11000
2011-12-30,0.1251,0.1301,0.159,0.1251,37600
2012-01-03,0.1699,0.1699,0.1699,0.1699,2800
2012-01-05,0.1301,0.14,0.14,0.1301,16650
2012-01-06,0.145,0.15,0.15,0.145,1966
2012-01-09,0.1301,0.1748,0.1748,0.1301,27903
2012-01-11,0.14,0.12,0.14,0.1013,523047
2012-01-12,0.12,0.142,0.18,0.1199,362183
2012-01-13,0.15,0.15,0.15,0.15,13500
2012-01-17,0.15,0.145,0.15,0.145,9950
2012-01-18,0.1251,0.1251,0.15,0.1251,5600
2012-01-19,0.14,0.165,0.165,0.14,57449
2012-01-20,0.16,0.16,0.16,0.16,8973
2012-01-23,0.1699,0.1699,0.1699,0.1699,2000
2012-01-24,0.15,0.15,0.15,0.15,10027
2012-01-25,0.16,0.15,0.16,0.15,10000
2012-01-26,0.15,0.15,0.15,0.15,18000
2012-01-27,0.148,0.148,0.148,0.148,10000
2012-01-30,0.15,0.16,0.16,0.15,50000
2012-01-31,0.1699,0.155,0.1699,0.155,5400
2012-02-01,0.16,0.16,0.16,0.16,1000
2012-02-02,0.1501,0.1501,0.1501,0.1501,3200
2012-02-03,0.153,0.152,0.153,0.152,10000
2012-02-07,0.152,0.17,0.17,0.152,68100
2012-02-09,0.1561,0.156,0.16,0.156,18000
2012-02-10,0.156,0.154,0.156,0.154,31600
2012-02-13,0.15,0.15,0.15,0.15,22000
2012-02-14,0.15,0.15,0.15,0.14,65400
2012-02-15,0.1401,0.15,0.15,0.1401,1400
2012-02-16,0.15,0.1401,0.15,0.1401,17250
2012-02-21,0.1401,0.1301,0.1401,0.1301,38402
2012-02-22,0.1301,0.14,0.14,0.1301,15980
2012-02-23,0.1301,0.13,0.1399,0.13,46000
2012-02-24,0.13,0.1687,0.17,0.13,25374
2012-02-27,0.13,0.13,0.13,0.13,400
2012-02-28,0.1328,0.1328,0.1328,0.1328,1750
2012-03-02,0.1648,0.1648,0.1648,0.1648,3000
2012-03-05,0.14,0.14,0.14,0.14,43500
2012-03-06,0.135,0.135,0.135,0.135,31300
2012-03-07,0.14,0.14,0.14,0.14,15000
2012-03-08,0.14,0.14,0.14,0.14,700
2012-03-12,0.14,0.14,0.14,0.14,700
2012-03-13,0.14,0.14,0.14,0.135,6500
2012-03-14,0.1201,0.1201,0.1302,0.12,10716
2012-03-15,0.13,0.155,0.155,0.1201,50262
2012-03-16,0.15,0.1201,0.15,0.1201,32000
2012-03-19,0.1236,0.1236,0.13,0.1236,42401
2012-03-20,0.13,0.1494,0.1494,0.1236,20650
2012-03-21,0.1236,0.1444,0.1444,0.1236,40424
2012-03-22,0.1201,0.1201,0.1201,0.1201,100
2012-03-23,0.1442,0.1442,0.1442,0.135,21600
2012-03-27,0.122,0.1188,0.14,0.0955,555272
2012-03-28,0.1188,0.11,0.1188,0.11,8700
2012-03-29,0.11,0.1168,0.1168,0.1084,55219
2012-03-30,0.1125,0.1168,0.1168,0.1125,100100
2012-04-02,0.1084,0.1166,0.1166,0.1084,6962
2012-04-03,0.1166,0.1156,0.1166,0.1156,9992
2012-04-04,0.1156,0.1158,0.1158,0.1,2100
2012-04-09,0.1156,0.1156,0.1156,0.1156,1126
2012-04-11,0.1,0.1158,0.1158,0.1,5100
2012-04-12,0.1,0.1156,0.1156,0.1,10700
2012-04-13,0.1,0.1293,0.1293,0.1,32401
2012-04-16,0.1,0.1264,0.1264,0.1,18749
2012-04-17,0.1,0.1264,0.1264,0.1,300
2012-04-18,0.1,0.1264,0.1264,0.1,1100
2012-04-19,0.1,0.1221,0.1221,0.1,400
2012-04-23,0.105,0.1237,0.1237,0.105,39066
2012-04-24,0.1,0.1237,0.1237,0.1,26100
2012-04-30,0.0802,0.1237,0.1237,0.0802,43200
2012-05-01,0.1264,0.1149,0.1264,0.1144,6125
2012-05-02,0.08,0.1237,0.1237,0.08,8380
2012-05-03,0.1,0.1237,0.1237,0.1,59852
2012-05-07,0.09,0.09,0.09,0.09,1649
2012-05-08,0.095,0.12,0.12,0.095,5000
2012-05-09,0.12,0.12,0.12,0.1,9333
2012-05-10,0.0932,0.1198,0.1198,0.0932,377
2012-05-11,0.12,0.102,0.12,0.102,54999
2012-05-14,0.1194,0.11,0.1194,0.11,15200
2012-05-15,0.1192,0.1158,0.1193,0.094,70100
2012-05-16,0.1126,0.1126,0.1126,0.095,40300
2012-05-17,0.1126,0.1127,0.1127,0.1126,17000
2012-05-21,0.099,0.1,0.1,0.099,8000
2012-05-22,0.1098,0.1098,0.1098,0.1098,945
2012-05-24,0.1,0.101,0.1127,0.1,13100
2012-05-25,0.102,0.1,0.105,0.1,100250
2012-05-29,0.1129,0.1129,0.1129,0.1129,6000
2012-05-30,0.105,0.105,0.105,0.105,1000
2012-05-31,0.0824,0.105,0.105,0.0824,4400
2012-06-01,0.105,0.105,0.105,0.105,1000
2012-06-04,0.0822,0.1,0.1,0.0822,14000
2012-06-05,0.1024,0.1129,0.1129,0.095,27000
2012-06-06,0.095,0.1129,0.1129,0.095,5400
2012-06-14,0.105,0.105,0.105,0.105,15750
2012-06-15,0.095,0.095,0.1,0.095,4300
2012-06-18,0.1,0.1187,0.1187,0.1,1500
2012-06-19,0.12,0.1189,0.12,0.11,55100
2012-06-25,0.1189,0.115,0.1189,0.115,13250
2012-06-27,0.104,0.104,0.104,0.104,200
2012-07-02,0.104,0.104,0.104,0.104,200
2012-07-03,0.1189,0.113,0.1189,0.113,7000
2012-07-05,0.1189,0.115,0.1189,0.115,30400
2012-07-06,0.1189,0.1189,0.1189,0.1189,21200
2012-07-09,0.11,0.119,0.12,0.11,74000
2012-07-10,0.119,0.12,0.12,0.119,41427
2012-07-11,0.1131,0.121,0.121,0.1131,9500
2012-07-12,0.121,0.125,0.125,0.121,27450
2012-07-13,0.125,0.139,0.139,0.125,720
2012-07-16,0.148,0.127,0.148,0.127,1250
2012-07-18,0.1141,0.1141,0.12,0.1141,37399
2012-07-25,0.1479,0.1479,0.1479,0.1,50000
2012-07-27,0.1,0.127,0.127,0.1,9200
2012-07-30,0.1002,0.1002,0.1002,0.1002,200
2012-08-01,0.1002,0.12,0.12,0.1002,19921
2012-08-02,0.106,0.106,0.106,0.106,500
2012-08-08,0.1005,0.1469,0.1473,0.1001,34400
2012-08-09,0.1462,0.1473,0.1473,0.1462,10000
2012-08-10,0.084,0.1,0.11,0.083,51420
2012-08-14,0.1,0.1,0.1,0.1,5781
2012-08-16,0.1,0.1,0.1,0.1,10000
2012-08-17,0.1248,0.125,0.125,0.119,29198
2012-08-20,0.1248,0.1248,0.1248,0.1248,2850
2012-08-21,0.11,0.12,0.12,0.11,10000
2012-08-22,0.1248,0.12,0.1248,0.12,2200
2012-08-23,0.11,0.11,0.11,0.11,21000
2012-08-24,0.12,0.125,0.125,0.12,22000
2012-08-27,0.1002,0.1002,0.1002,0.1002,250
2012-08-29,0.1011,0.1011,0.1011,0.1011,250
2012-08-31,0.125,0.125,0.138,0.125,39200
2012-09-05,0.125,0.125,0.125,0.125,6200
2012-09-12,0.12,0.1058,0.125,0.1058,8570
2012-09-17,0.14,0.14,0.14,0.14,9976
2012-09-18,0.125,0.125,0.125,0.125,400
2012-09-21,0.1475,0.1475,0.1475,0.1475,7200
2012-09-24,0.122,0.1224,0.1849,0.122,107090
2012-09-25,0.1301,0.135,0.14,0.13,68550
2012-09-26,0.1375,0.14,0.14,0.135,56250
2012-09-27,0.14,0.135,0.14,0.135,79000
2012-10-01,0.13,0.13,0.13,0.13,10000
2012-10-02,0.125,0.125,0.125,0.125,10000
2012-10-03,0.13,0.13,0.13,0.13,5000
2012-10-04,0.14,0.14,0.14,0.14,5000
2012-10-05,0.145,0.1261,0.145,0.1261,4907
2012-10-09,0.1131,0.115,0.115,0.1131,11700
2012-10-10,0.12,0.125,0.125,0.12,17400
2012-10-11,0.125,0.125,0.125,0.125,10000
2012-10-16,0.125,0.125,0.125,0.125,1000
2012-10-17,0.13,0.13,0.13,0.13,1500
2012-10-18,0.125,0.125,0.125,0.125,200
2012-10-22,0.125,0.125,0.125,0.125,20000
2012-10-23,0.13,0.125,0.13,0.125,90000
2012-10-24,0.12,0.135,0.139,0.12,16200
2012-10-26,0.13,0.13,0.13,0.13,15000
2012-10-31,0.13,0.13,0.13,0.13,2000
2012-11-01,0.14,0.14,0.14,0.14,500
2012-11-02,0.159,0.159,0.159,0.159,500
2012-11-05,0.16,0.16,0.16,0.125,11950
2012-11-06,0.1599,0.16,0.165,0.1599,87884
2012-11-07,0.165,0.17,0.175,0.165,32380
2012-11-08,0.15,0.15,0.15,0.15,5000
2012-11-09,0.165,0.16,0.165,0.16,33300
2012-11-12,0.15,0.15,0.15,0.1266,23000
2012-11-13,0.16,0.19,0.19,0.16,46800
2012-11-16,0.196,0.17,0.198,0.17,4957
2012-11-19,0.198,0.198,0.198,0.198,5000
2012-11-20,0.198,0.206,0.21,0.19,31107
2012-11-21,0.2074,0.23,0.247,0.2074,75093
2012-11-23,0.19,0.24,0.24,0.19,32350
2012-11-26,0.1901,0.24,0.24,0.1901,10300
2012-11-27,0.23,0.23,0.23,0.23,1200
2012-11-28,0.2,0.23,0.23,0.1777,6000
2012-11-29,0.225,0.181,0.225,0.181,14600
2012-11-30,0.195,0.21,0.21,0.195,6421
2012-12-03,0.1921,0.22,0.22,0.1921,5000
2012-12-04,0.2,0.1846,0.2,0.1846,26630
2012-12-05,0.18,0.18,0.185,0.18,72800
2012-12-06,0.17,0.18,0.18,0.16,25000
2012-12-07,0.185,0.18,0.185,0.1401,10500
2012-12-10,0.19,0.2,0.2,0.19,10000
2012-12-11,0.162,0.162,0.162,0.162,9620
2012-12-13,0.1651,0.162,0.1655,0.162,54680
2012-12-14,0.15,0.1401,0.15,0.1401,15120
2012-12-17,0.1402,0.1401,0.1453,0.1401,10600
2012-12-18,0.16,0.1468,0.16,0.1468,8800
2012-12-19,0.16,0.16,0.16,0.16,6440
2012-12-20,0.1528,0.16,0.16,0.1528,9577
2012-12-21,0.1528,0.1401,0.1528,0.1401,40000
2012-12-24,0.1401,0.1401,0.1401,0.1401,7600
2012-12-27,0.15,0.1425,0.22,0.1425,49800
2012-12-31,0.147,0.1799,0.1799,0.147,50200
2013-01-02,0.175,0.175,0.175,0.175,5000
2013-01-03,0.175,0.17,0.175,0.17,9500
2013-01-04,0.18,0.17,0.18,0.17,15681
2013-01-07,0.18,0.18,0.18,0.18,17894
2013-01-08,0.1572,0.1899,0.1899,0.1572,29989
2013-01-10,0.1661,0.1661,0.1661,0.1661,700
2013-01-11,0.1662,0.1665,0.1937,0.1661,7687
2013-01-15,0.145,0.16,0.16,0.133,141120
2013-01-16,0.1937,0.1937,0.1937,0.1937,1770
2013-01-17,0.192,0.161,0.192,0.161,11673
2013-01-22,0.19,0.19,0.19,0.19,10000
2013-01-24,0.17,0.17,0.17,0.17,2500
2013-01-25,0.17,0.16,0.17,0.16,50917
2013-01-28,0.15,0.15,0.15,0.15,600
2013-01-31,0.1528,0.1528,0.1528,0.1528,10200
2013-02-01,0.18,0.18,0.18,0.18,3000
2013-02-04,0.18,0.18,0.18,0.18,1111
2013-02-05,0.1457,0.17,0.17,0.1457,7700
2013-02-07,0.17,0.17,0.17,0.17,1000
2013-02-08,0.17,0.1827,0.1827,0.17,23800
2013-02-11,0.1601,0.1601,0.1601,0.1601,5000
2013-02-12,0.1601,0.1601,0.1601,0.16,31444
2013-02-14,0.18,0.175,0.18,0.165,73350
2013-02-15,0.18,0.18,0.18,0.18,23000
2013-02-19,0.1888,0.17,0.1888,0.1516,11610
2013-02-20,0.18,0.17,0.18,0.17,19120
2013-02-21,0.17,0.17,0.17,0.17,8000
2013-02-25,0.1888,0.1888,0.1888,0.1888,8000
2013-02-26,0.1937,0.175,0.1937,0.175,18910
2013-02-27,0.175,0.175,0.175,0.175,3000
2013-03-01,0.19,0.189,0.19,0.18,36000
2013-03-04,0.1938,0.1938,0.1938,0.1938,16000
2013-03-06,0.1988,0.1988,0.1988,0.185,1490
2013-03-07,0.1967,0.1995,0.1995,0.195,155722
2013-03-08,0.196,0.19,0.196,0.19,118100
2013-03-11,0.19,0.19,0.19,0.188,246500
2013-03-14,0.19,0.19,0.19,0.19,15000
2013-03-15,0.19,0.2,0.2,0.19,3575
2013-03-19,0.19,0.18,0.19,0.18,26000
2013-03-20,0.175,0.175,0.175,0.175,175
2013-03-21,0.1771,0.1771,0.1771,0.1771,16000
2013-03-25,0.1988,0.1988,0.1988,0.1988,10730
2013-03-26,0.1808,0.182,0.182,0.1808,5600
2013-03-27,0.2,0.2,0.2,0.2,3000
2013-04-01,0.2,0.2,0.2,0.2,1152
2013-04-02,0.2,0.235,0.247,0.2,225393
2013-04-03,0.235,0.235,0.235,0.235,14172
2013-04-04,0.22,0.22,0.22,0.22,2700
2013-04-09,0.2288,0.2288,0.2288,0.2288,7000
2013-04-10,0.2288,0.22,0.2288,0.22,43712
2013-04-11,0.22,0.22,0.22,0.22,100
2013-04-12,0.22,0.22,0.22,0.22,4072
2013-04-15,0.215,0.2298,0.2298,0.2128,13000
2013-04-16,0.2298,0.2298,0.2298,0.2298,2173
2013-04-17,0.2028,0.2298,0.2298,0.2028,1200
2013-04-18,0.2028,0.2298,0.2298,0.2028,5525
2013-04-24,0.2283,0.2283,0.2283,0.2283,1000
2013-04-25,0.21,0.2275,0.2275,0.21,2100
2013-04-26,0.2298,0.245,0.245,0.2298,23758
2013-04-29,0.245,0.24,0.245,0.231,18869
2013-04-30,0.231,0.24,0.24,0.231,3410
2013-05-01,0.231,0.231,0.231,0.231,15100
2013-05-02,0.24,0.24,0.24,0.24,2000
2013-05-03,0.225,0.205,0.24,0.19,78051
2013-05-06,0.225,0.225,0.225,0.225,1000
2013-05-07,0.225,0.225,0.239,0.225,78339
2013-05-08,0.239,0.22,0.239,0.21,7720
2013-05-10,0.239,0.2268,0.239,0.21,58399
2013-05-14,0.1752,0.1999,0.1999,0.1527,215464
2013-05-15,0.21,0.23,0.23,0.21,11000
2013-05-20,0.22,0.22,0.22,0.19,3370
2013-05-21,0.2,0.18,0.22,0.1522,258472
2013-05-22,0.21,0.2,0.2199,0.173,128600
2013-05-23,0.2397,0.2393,0.2397,0.2199,8550
2013-05-24,0.23,0.23,0.23,0.23,10000
2013-05-28,0.23,0.1999,0.23,0.19,6700
2013-05-29,0.182,0.1975,0.2389,0.1818,28300
2013-05-30,0.21,0.2,0.2349,0.19,69287
2013-05-31,0.19,0.2148,0.2148,0.19,800
2013-06-03,0.19,0.2,0.2,0.1828,5500
2013-06-04,0.22,0.22,0.22,0.22,100
2013-06-06,0.2,0.2,0.2,0.2,7000
2013-06-07,0.2,0.2,0.2,0.2,5000
2013-06-11,0.195,0.195,0.195,0.195,5000
2013-06-17,0.199,0.199,0.199,0.199,2000
2013-06-19,0.182,0.18,0.182,0.18,49000
2013-06-20,0.1811,0.1811,0.1811,0.181,48400
2013-06-21,0.18,0.181,0.181,0.18,13220
2013-06-25,0.182,0.182,0.182,0.182,10000
2013-06-26,0.18,0.19,0.19,0.01,119973
2013-06-27,0.19,0.189,0.19,0.189,11180
2013-07-01,0.189,0.21,0.21,0.189,50000
2013-07-05,0.185,0.17,0.185,0.17,32500
2013-07-08,0.18,0.18,0.18,0.18,15000
2013-07-09,0.17,0.205,0.205,0.17,3500
2013-07-11,0.1908,0.187,0.2048,0.187,10980
2013-07-15,0.2,0.195,0.2,0.195,28100
2013-07-16,0.2,0.2,0.2,0.2,26948
2013-07-17,0.2,0.186,0.2,0.186,32300
2013-07-18,0.186,0.186,0.186,0.186,10000
2013-07-22,0.186,0.186,0.186,0.186,5000
2013-07-23,0.1708,0.1708,0.1708,0.1708,570
2013-07-24,0.1752,0.1755,0.1755,0.1752,400
2013-07-25,0.186,0.2,0.2,0.186,131000
2013-07-26,0.19,0.1801,0.19,0.1801,14492
2013-07-29,0.2,0.195,0.2,0.18,62588
2013-07-30,0.195,0.195,0.195,0.195,5000
2013-07-31,0.205,0.206,0.21,0.185,42500
2013-08-02,0.1903,0.1903,0.1903,0.1903,9999
2013-08-05,0.1902,0.1902,0.1902,0.1902,48887
2013-08-06,0.2,0.2,0.2,0.2,31474
2013-08-07,0.2,0.2,0.2,0.2,2850
2013-08-09,0.2,0.2,0.2,0.2,1000
2013-08-13,0.2,0.215,0.215,0.2,28600
2013-08-14,0.215,0.2149,0.235,0.19,137774
2013-08-15,0.2008,0.19,0.2008,0.18,144000
2013-08-16,0.23,0.23,0.23,0.23,100
2013-08-19,0.1825,0.19,0.19,0.1825,75523
2013-08-20,0.2148,0.2148,0.2148,0.2148,3500
2013-08-29,0.1825,0.2098,0.2098,0.1825,22000
2013-09-03,0.1978,0.1978,0.1978,0.1978,500
2013-09-04,0.19,0.1998,0.1998,0.19,106000
2013-09-05,0.1998,0.1999,0.1999,0.1998,19999
2013-09-09,0.2,0.2,0.2,0.2,4100
2013-09-12,0.1839,0.1838,0.1839,0.1838,16041
2013-09-16,0.1825,0.1825,0.1825,0.1825,15000
2013-09-17,0.1825,0.1804,0.1825,0.1804,72684
2013-09-19,0.1804,0.1804,0.1804,0.18,71000
2013-09-20,0.1804,0.1998,0.1998,0.18,15100
2013-09-24,0.1998,0.1969,0.1999,0.1701,30600
2013-09-25,0.175,0.1899,0.1899,0.175,14305
2013-09-26,0.1969,0.175,0.1969,0.175,7000
2013-09-27,0.175,0.196,0.196,0.175,25100
2013-09-30,0.197,0.1998,0.2,0.19,18500
2013-10-01,0.1998,0.1999,0.1999,0.197,142000
2013-10-02,0.195,0.19,0.195,0.19,14000
2013-10-04,0.19,0.2,0.2,0.19,93781
2013-10-07,0.19,0.2,0.2,0.19,33750
2013-10-08,0.18,0.19,0.19,0.18,13000
2013-10-09,0.19,0.195,0.195,0.19,32701
2013-10-10,0.196,0.2,0.2,0.196,51500
2013-10-11,0.1858,0.2,0.2,0.1858,5250
2013-10-14,0.2049,0.21,0.21,0.2,37734
2013-10-15,0.21,0.21,0.21,0.21,25000
2013-10-16,0.1902,0.2098,0.21,0.1902,19700
2013-10-17,0.2,0.21,0.21,0.195,46449
2013-10-21,0.1958,0.2098,0.2098,0.1958,8000
2013-10-23,0.1988,0.1988,0.1988,0.1988,5000
2013-10-24,0.1988,0.1985,0.1988,0.1985,11000
2013-10-28,0.1995,0.2,0.21,0.1995,36000
2013-10-29,0.2197,0.2198,0.2198,0.21,109100
2013-10-30,0.21,0.21,0.21,0.21,14700
2013-10-31,0.2,0.21,0.21,0.2,6500
2013-11-01,0.201,0.195,0.201,0.195,29100
2013-11-04,0.1815,0.1815,0.1815,0.1815,7250
2013-11-05,0.195,0.19,0.195,0.19,42100
2013-11-06,0.19,0.19,0.19,0.1809,80339
2013-11-07,0.1851,0.1851,0.1851,0.1851,2000
2013-11-08,0.205,0.22,0.22,0.205,133353
2013-11-11,0.22,0.22,0.22,0.22,5000
2013-11-12,0.22,0.2195,0.22,0.201,3900
2013-11-13,0.2,0.1921,0.2195,0.1921,12158
2013-11-14,0.19,0.2115,0.215,0.19,50840
2013-11-15,0.21,0.21,0.21,0.21,500
2013-11-18,0.2115,0.2115,0.2115,0.18,8400
2013-11-19,0.195,0.2298,0.2298,0.1901,97600
2013-11-20,0.2298,0.2298,0.2298,0.21,7100
2013-11-21,0.2298,0.2298,0.2298,0.1901,7075
2013-11-22,0.2298,0.2298,0.2298,0.2298,100
2013-11-25,0.2198,0.2198,0.2198,0.2198,2283
2013-12-02,0.2198,0.2175,0.2198,0.2175,21000
2013-12-04,0.186,0.22,0.22,0.1814,39500
2013-12-05,0.22,0.22,0.22,0.22,2000
2013-12-09,0.2,0.2,0.2,0.2,10252
2013-12-10,0.2,0.2,0.2,0.2,30300
2013-12-11,0.202,0.2,0.202,0.2,11614
2013-12-12,0.19,0.2,0.2,0.19,13500
2013-12-13,0.2,0.2,0.2,0.2,5000
2013-12-16,0.2,0.2,0.2,0.2,15000
2013-12-17,0.206,0.22,0.22,0.206,7500
2013-12-18,0.1814,0.22,0.22,0.1814,4000
2013-12-19,0.215,0.215,0.215,0.215,2850
2013-12-20,0.215,0.205,0.215,0.205,10454
2013-12-23,0.1911,0.1911,0.215,0.1911,2375
2013-12-24,0.2,0.21,0.215,0.2,95505
2013-12-26,0.2,0.215,0.215,0.2,24600
2013-12-27,0.2149,0.2149,0.2149,0.2149,8000
2013-12-30,0.2011,0.2,0.2011,0.19,43400
2013-12-31,0.2,0.2,0.2,0.2,2500
2014-01-03,0.195,0.195,0.195,0.195,511
2014-01-06,0.195,0.195,0.197,0.195,9900
2014-01-07,0.1951,0.1951,0.1951,0.1951,3000
2014-01-08,0.205,0.2298,0.2298,0.205,136220
2014-01-09,0.2001,0.2298,0.2298,0.2001,10300
2014-01-10,0.1962,0.2298,0.2298,0.1962,3800
2014-01-13,0.196,0.1954,0.196,0.1954,42620
2014-01-14,0.1954,0.1954,0.1954,0.1954,200
2014-01-15,0.1955,0.1955,0.1975,0.1955,13900
2014-01-16,0.215,0.2001,0.22,0.2001,28020
2014-01-17,0.2001,0.2002,0.2002,0.2001,7822
2014-01-21,0.21,0.2002,0.21,0.2002,20780
2014-01-22,0.2002,0.2001,0.2002,0.2001,22400
2014-01-23,0.2139,0.21,0.2139,0.202,12295
2014-01-27,0.202,0.19,0.202,0.19,66001
2014-01-28,0.2,0.2,0.2,0.2,8500
2014-02-03,0.19,0.2,0.2,0.1832,50200
2014-02-04,0.19,0.2096,0.2096,0.19,12100
2014-02-05,0.2096,0.2,0.2096,0.2,6000
2014-02-06,0.2096,0.2096,0.2096,0.2096,4000
2014-02-07,0.19,0.2098,0.2098,0.19,13150
2014-02-10,0.19,0.2098,0.2098,0.19,5300
2014-02-11,0.19,0.19,0.19,0.19,600
2014-02-13,0.2098,0.229,0.229,0.1921,105604
2014-02-14,0.227,0.195,0.227,0.195,92000
2014-02-18,0.2,0.2198,0.2198,0.2,160850
2014-02-19,0.2199,0.2089,0.2199,0.205,35302
2014-02-20,0.2188,0.2189,0.219,0.2065,80900
2014-02-21,0.2189,0.218,0.22,0.21,51500
2014-02-24,0.22,0.21,0.22,0.21,26744
2014-02-25,0.22,0.21,0.2249,0.21,49800
2014-02-26,0.21,0.2051,0.21,0.2051,10000
2014-02-27,0.2025,0.2002,0.2025,0.2002,8000
2014-02-28,0.223,0.223,0.223,0.223,3000
2014-03-03,0.2071,0.2199,0.2199,0.207,34705
2014-03-04,0.207,0.205,0.207,0.1921,31490
2014-03-05,0.215,0.2199,0.2199,0.215,49637
2014-03-06,0.225,0.225,0.225,0.225,5100
2014-03-07,0.2072,0.2072,0.212,0.2072,33920
2014-03-10,0.222,0.215,0.222,0.215,29663
2014-03-11,0.2013,0.225,0.225,0.2013,39808
2014-03-12,0.225,0.27,0.27,0.2024,107808
2014-03-13,0.2255,0.269,0.27,0.2255,166060
2014-03-14,0.2749,0.2749,0.2749,0.2749,11439
2014-03-17,0.2749,0.27,0.2749,0.2504,52715
2014-03-18,0.26,0.279,0.279,0.24,268120
2014-03-19,0.279,0.29,0.29,0.27,125821
2014-03-20,0.2995,0.29,0.3,0.2312,42021
2014-03-21,0.29,0.35,0.35,0.28,250607
2014-03-24,0.35,0.3965,0.42,0.35,1362772
2014-03-25,0.399,0.39,0.4,0.3651,260966
2014-03-26,0.39,0.435,0.44,0.39,314966
2014-03-27,0.43,0.38,0.44,0.3652,258412
2014-03-28,0.3998,0.3299,0.3998,0.32,246465
2014-03-31,0.35,0.31,0.35,0.3001,134291
2014-04-01,0.3299,0.33,0.3497,0.3202,116162
2014-04-02,0.3498,0.33,0.3498,0.321,29050
2014-04-03,0.33,0.3146,0.33,0.2551,119661
2014-04-04,0.3,0.3144,0.3144,0.2802,44200
2014-04-07,0.2851,0.3099,0.3099,0.2558,116212
2014-04-08,0.27,0.2894,0.2894,0.2605,22761
2014-04-09,0.2898,0.28,0.2898,0.26,301622
2014-04-10,0.29,0.29,0.29,0.27,25900
2014-04-11,0.289,0.29,0.29,0.2514,31700
2014-04-14,0.2899,0.28,0.2899,0.28,5800
2014-04-15,0.28,0.2899,0.2899,0.24,290833
2014-04-16,0.269,0.2898,0.2898,0.24,12245
2014-04-21,0.2798,0.2896,0.2896,0.2451,22700
2014-04-22,0.2436,0.2898,0.2898,0.2436,26799
2014-04-23,0.265,0.27,0.27,0.265,12649
2014-04-24,0.27,0.2601,0.27,0.26,25378
2014-04-25,0.26,0.27,0.27,0.2501,32500
2014-04-28,0.27,0.2695,0.27,0.2507,22538
2014-04-29,0.2508,0.2646,0.2646,0.2508,18685
2014-04-30,0.2646,0.28,0.28,0.2508,19840
2014-05-01,0.2898,0.2898,0.2898,0.2898,1000
2014-05-02,0.2526,0.2889,0.2889,0.2526,33752
2014-05-05,0.2543,0.2888,0.2888,0.2543,24721
2014-05-06,0.2547,0.29,0.29,0.2547,75770
2014-05-07,0.29,0.29,0.29,0.28,60159
2014-05-08,0.29,0.315,0.35,0.29,217612
2014-05-09,0.315,0.34,0.3499,0.315,103634
2014-05-12,0.34,0.38,0.39,0.34,166052
2014-05-13,0.4,0.39,0.4,0.36,248167
2014-05-14,0.38,0.3899,0.4,0.3626,36113
2014-05-15,0.38,0.325,0.3895,0.3002,158666
2014-05-16,0.33,0.336,0.338,0.3001,122681
2014-05-19,0.315,0.33,0.33,0.315,17797
2014-05-20,0.345,0.34,0.345,0.325,70158
2014-05-21,0.3301,0.36,0.36,0.33,84310
2014-05-22,0.36,0.34,0.36,0.34,38717
2014-05-23,0.36,0.359,0.36,0.34,50753
2014-05-27,0.359,0.335,0.359,0.3301,13950
2014-05-28,0.3378,0.36,0.36,0.3,78121
2014-05-29,0.343,0.349,0.3699,0.3211,34304
2014-05-30,0.36,0.349,0.36,0.3223,43336
2014-06-02,0.33,0.348,0.348,0.301,19110
2014-06-03,0.32,0.34,0.345,0.32,38008
2014-06-04,0.34,0.33,0.345,0.33,18390
2014-06-05,0.34,0.34,0.34,0.34,16638
2014-06-09,0.33,0.33,0.33,0.31,0
2014-06-10,0.31,0.31,0.31,0.31,0
2014-06-11,0.3299,0.3298,0.3299,0.31,28500
2014-06-12,0.32,0.31,0.32,0.3001,0
2014-06-13,0.31,0.3085,0.31,0.3001,114950
2014-06-16,0.305,0.3002,0.305,0.3002,0
2014-06-17,0.3002,0.3081,0.3085,0.3,0
2014-06-18,0.3,0.3079,0.3079,0.3,11000
2014-06-19,0.295,0.2999,0.2999,0.29,33670
2014-06-20,0.2999,0.2903,0.3197,0.2903,6600
2014-06-23,0.3195,0.3,0.3195,0.3,8775
2014-06-24,0.3,0.3095,0.3096,0.3,11400
2014-06-25,0.295,0.3077,0.3077,0.295,1500
2014-06-26,0.3041,0.3193,0.3193,0.3041,21500
2014-06-27,0.32,0.3193,0.32,0.3001,23647
2014-06-30,0.3193,0.3193,0.3193,0.3193,4665
2014-07-01,0.3,0.3,0.3092,0.3,46699
2014-07-02,0.3,0.2989,0.3,0.2731,10583
2014-07-03,0.2742,0.2989,0.2989,0.2742,3500
2014-07-07,0.2989,0.285,0.2989,0.285,17250
2014-07-08,0.2702,0.29,0.29,0.2702,27100
2014-07-09,0.2988,0.2701,0.2988,0.2701,13000
2014-07-10,0.285,0.2989,0.2989,0.2701,92556
2014-07-11,0.2989,0.295,0.2989,0.295,5500
2014-07-14,0.2989,0.2989,0.2989,0.2989,4500
2014-07-16,0.3192,0.3192,0.3192,0.3192,1912
2014-07-17,0.3192,0.3192,0.3192,0.3192,417
2014-07-18,0.3192,0.3099,0.3192,0.272,4550
2014-07-21,0.3099,0.2704,0.3192,0.2704,5800
2014-07-22,0.3199,0.3199,0.3199,0.2802,20100
2014-07-23,0.2821,0.3197,0.3198,0.282,15200
2014-07-24,0.3193,0.3193,0.3193,0.3193,1000
2014-07-25,0.3099,0.3199,0.3199,0.2721,29191
2014-07-28,0.31,0.31,0.3197,0.3,24699
2014-07-29,0.3,0.315,0.33,0.2702,70699
2014-07-30,0.3299,0.39,0.39,0.3271,225192
2014-07-31,0.391,0.3301,0.391,0.3301,199775
2014-08-01,0.3555,0.391,0.391,0.3401,210802
2014-08-04,0.399,0.461,0.5601,0.39,1695717
2014-08-05,0.475,0.405,0.495,0.37,782925
2014-08-06,0.41,0.38,0.43,0.3621,331909
2014-08-07,0.3675,0.39,0.395,0.3652,271836
2014-08-08,0.39,0.45,0.45,0.39,768754
2014-08-11,0.48,0.4,0.5,0.36,1089483
2014-08-12,0.395,0.38,0.4,0.3601,124938
2014-08-13,0.37,0.36,0.38,0.3401,118894
2014-08-14,0.36,0.3428,0.3699,0.341,58480
2014-08-15,0.3797,0.3779,0.3797,0.35,18300
2014-08-18,0.3779,0.365,0.3779,0.36,75016
2014-08-19,0.365,0.3499,0.365,0.3321,85484
2014-08-20,0.3321,0.3599,0.3795,0.3321,99631
2014-08-21,0.3412,0.3798,0.3798,0.3411,29753
2014-08-22,0.3604,0.3699,0.3798,0.345,25817
2014-08-25,0.37,0.3699,0.37,0.333,31500
2014-08-26,0.37,0.35,0.37,0.3401,81110
2014-08-27,0.35,0.3412,0.3699,0.3412,62326
2014-08-28,0.276,0.257,0.28,0.24,667975
2014-08-29,0.257,0.252,0.257,0.251,522233
2014-09-02,0.258,0.2521,0.2599,0.252,223320
2014-09-03,0.2522,0.2532,0.2599,0.2522,59158
2014-09-04,0.2532,0.255,0.2592,0.2532,233929
2014-09-05,0.255,0.2599,0.2599,0.2536,295735
2014-09-08,0.2598,0.258,0.26,0.2561,797550
2014-09-09,0.2567,0.2567,0.2567,0.2567,121260
2014-09-10,0.2567,0.256,0.258,0.256,99990
2014-09-11,0.2567,0.2566,0.2567,0.256,118968
2014-09-12,0.2567,0.2567,0.26,0.2567,52800
2014-09-15,0.2567,0.255,0.2567,0.255,101776
2014-09-16,0.2557,0.259,0.265,0.2557,228574
2014-09-17,0.259,0.2591,0.2591,0.259,2500
2014-09-18,0.2592,0.2592,0.2592,0.2592,10000
2014-09-19,0.26,0.257,0.26,0.256,23351
2014-09-22,0.259,0.2573,0.259,0.2572,13925
2014-09-23,0.2573,0.259,0.262,0.2573,44940
2014-09-24,0.2591,0.2591,0.261,0.259,234468
2014-09-25,0.2591,0.2591,0.26,0.259,198806
2014-09-26,0.2591,0.258,0.2591,0.258,119376
2014-09-29,0.257,0.256,0.26,0.256,244130
2014-09-30,0.2531,0.2531,0.255,0.2531,193662
2014-10-01,0.2531,0.2531,0.254,0.2531,29200
2014-10-02,0.257,0.2475,0.257,0.2411,126665
2014-10-03,0.253,0.266,0.2989,0.25,468805
2014-10-06,0.27,0.269,0.28,0.258,375112
2014-10-07,0.269,0.268,0.269,0.2575,118807
2014-10-08,0.2632,0.265,0.268,0.26,80388
2014-10-09,0.265,0.268,0.268,0.262,54111
2014-10-10,0.268,0.269,0.27,0.26,220248
2014-10-13,0.268,0.256,0.2695,0.25,57161
2014-10-14,0.2647,0.268,0.27,0.259,253979
2014-10-15,0.2684,0.305,0.335,0.261,5342819
2014-10-16,0.34,0.295,0.3499,0.2802,3206935
2014-10-17,0.3089,0.266,0.309,0.265,861252
2014-10-20,0.27,0.263,0.27,0.257,371371
2014-10-21,0.265,0.265,0.2699,0.26,143449
2014-10-22,0.2699,0.2729,0.275,0.261,286093
2014-10-23,0.27,0.2699,0.27,0.2605,78944
2014-10-24,0.265,0.2698,0.27,0.262,197963
2014-10-27,0.2698,0.2689,0.2698,0.262,173486
2014-10-28,0.264,0.2631,0.2689,0.2622,39113
2014-10-29,0.268,0.265,0.268,0.264,464229
2014-10-30,0.3025,0.274,0.3195,0.266,4006783
2014-10-31,0.2775,0.265,0.28,0.263,1232957
2014-11-03,0.261,0.2651,0.2699,0.261,651094
2014-11-04,0.266,0.267,0.269,0.264,151332
2014-11-05,0.268,0.265,0.2699,0.26,621256
2014-11-06,0.2664,0.265,0.27,0.2604,137257
2014-11-07,0.2647,0.266,0.269,0.2605,263202
2014-11-10,0.266,0.267,0.267,0.261,83538
2014-11-11,0.267,0.264,0.267,0.261,95552
2014-11-12,0.264,0.2615,0.266,0.261,46022
2014-11-13,0.2615,0.268,0.268,0.2615,44700
2014-11-14,0.268,0.2634,0.268,0.2621,71287
2014-11-17,0.268,0.2621,0.268,0.2621,176432
2014-11-18,0.2621,0.263,0.267,0.2621,62648
2014-11-19,0.265,0.265,0.267,0.263,245648
2014-11-20,0.267,0.2621,0.267,0.2621,37000
2014-11-21,0.2621,0.265,0.265,0.2621,32580
2014-11-24,0.265,0.267,0.267,0.2621,73825
2014-11-25,0.265,0.2649,0.266,0.2649,56886
2014-11-26,0.262,0.265,0.265,0.262,107223
2014-11-28,0.265,0.266,0.268,0.2601,136970
2014-12-01,0.26,0.26,0.265,0.26,84037
2014-12-02,0.26,0.265,0.265,0.25,403882
2014-12-03,0.26,0.265,0.26645,0.26,176584
2014-12-04,0.265,0.2561,0.26685,0.255,149400
2014-12-05,0.257,0.26,0.26245,0.2501,77360
2014-12-08,0.26,0.265,0.265,0.2501,174054
2014-12-09,0.252,0.26,0.26445,0.252,16800
2014-12-10,0.26445,0.2602,0.267,0.26,15036
2014-12-11,0.26355,0.26,0.26355,0.26,39150
2014-12-12,0.263,0.2601,0.263,0.2521,91765
2014-12-15,0.2601,0.262,0.2621,0.2601,68122
2014-12-16,0.262,0.26,0.2625,0.26,71300
2014-12-17,0.26,0.261,0.265,0.255,136840
2014-12-18,0.265,0.265,0.267,0.265,32512
2014-12-19,0.2689,0.265,0.2689,0.256,275372
2014-12-22,0.2564,0.265,0.267,0.2564,102319
2014-12-23,0.26105,0.262,0.265,0.26,342805
2014-12-24,0.261,0.2629,0.267,0.26,46690
2014-12-26,0.269,0.2629,0.269,0.2629,11300
2014-12-29,0.263,0.266,0.2675,0.2629,126000
2014-12-30,0.265,0.265,0.265,0.2629,61500
2014-12-31,0.2651,0.263,0.2651,0.263,175790
2015-01-02,0.2655,0.263,0.268,0.263,5222
2015-01-05,0.2629,0.266,0.266,0.2629,46662
2015-01-06,0.2602,0.2602,0.2629,0.2602,14824
2015-01-07,0.2626,0.2604,0.2627,0.2603,15700
2015-01-08,0.2604,0.2603,0.2634,0.2603,98534
2015-01-09,0.2603,0.2635,0.26375,0.2603,107006
2015-01-12,0.2635,0.2603,0.2635,0.2603,33274
2015-01-13,0.2603,0.262,0.262,0.26,43378
2015-01-14,0.26,0.252,0.26,0.252,99225
2015-01-15,0.2522,0.252,0.2535,0.25,37097
2015-01-16,0.2502,0.25755,0.25755,0.2501,11700
2015-01-20,0.25,0.2514,0.2514,0.25,39803
2015-01-21,0.25,0.26,0.26,0.25,68631
2015-01-22,0.26,0.26,0.267,0.26,50750
2015-01-23,0.25,0.267,0.267,0.25,32787
2015-01-26,0.2635,0.2599,0.2635,0.2585,5950
2015-01-27,0.25505,0.2501,0.26,0.2501,17499
2015-01-28,0.2501,0.2581,0.265,0.2501,24475
2015-01-29,0.26,0.258,0.26,0.258,7700
2015-01-30,0.258,0.258,0.2605,0.2501,60000
2015-02-02,0.258,0.258,0.258,0.258,1500
2015-02-03,0.25,0.26,0.26,0.25,237195
2015-02-04,0.26,0.2599,0.2625,0.2502,82900
2015-02-05,0.255,0.26,0.26,0.2351,258910
2015-02-06,0.255,0.26,0.26,0.255,13700
2015-02-09,0.26,0.26,0.2601,0.26,15250
2015-02-10,0.2551,0.255,0.2551,0.255,117895
2015-02-11,0.2551,0.259,0.259,0.255,38900
2015-02-12,0.259,0.26,0.26,0.259,73538
2015-02-13,0.26,0.258,0.26005,0.2551,29197
2015-02-17,0.2581,0.258,0.259,0.258,4300
2015-02-18,0.258,0.259,0.26,0.258,20340
2015-02-19,0.258,0.26,0.26,0.258,36962
2015-02-20,0.27505,0.2771,0.32,0.2625,5106703
2015-02-23,0.29895,0.2611,0.31,0.2611,1743332
2015-02-24,0.26105,0.263,0.269,0.26,215528
2015-02-25,0.263,0.26,0.2699,0.2561,664942
2015-02-26,0.2799,0.2662,0.29,0.2605,862927
2015-02-27,0.27,0.2695,0.27175,0.2662,229074
2015-03-02,0.2725,0.265,0.276,0.2615,328095
2015-03-03,0.2635,0.26393,0.2688,0.2635,425448
2015-03-04,0.2678,0.26,0.2678,0.26,288010
2015-03-05,0.26,0.263,0.263,0.26,116899
2015-03-06,0.2642,0.26,0.2652,0.26,150300
2015-03-09,0.26,0.265,0.27275,0.26,193591
2015-03-10,0.27,0.264,0.275,0.264,264109
2015-03-11,NaN,0.264,NaN,NaN,0
2020-12-21,10.0,10.2,10.25,9.91,131451
2020-12-22,10.2,10.1991,10.5,10.1991,159773
2020-12-23,10.4,10.25,10.4,10.19,142768
2020-12-24,10.29,10.2,10.29,10.12,134387
2020-12-28,10.34,10.15,10.34,10.1,186265
2020-12-29,10.17,10.22,10.22,10.09,194736
2020-12-30,10.18,10.1714,10.25,10.11,600793
2020-12-31,10.15,10.23,10.34,10.15,140257
2021-01-04,10.21,10.14,10.22,9.87,54722
2021-01-05,10.11,10.14,10.2,10.1,162315
2021-01-06,10.14,10.14,10.17,10.11,226607
2021-01-07,10.12,10.16,10.19,10.1,569787
2021-01-08,10.18,10.17,10.2,10.11,166047
2021-01-11,10.18,10.19,10.24,10.1,329140
2021-01-12,10.25,10.39,10.4,10.2,1400418
2021-01-13,10.38,10.39,10.44,10.35,1183965
2021-01-14,10.45,10.43,10.5,10.36,895289
2021-01-15,10.43,10.45,10.47,10.39,728012
2021-01-19,10.55,10.52,10.66,10.48,906474
2021-01-20,10.59,10.5,10.59,10.41,865769
2021-01-21,10.52,10.48,10.62,10.4298,536215
2021-01-22,10.48,10.51,10.5145,10.41,684795
2021-01-25,10.6,10.5,10.615,10.43,930108
2021-01-26,10.54,10.48,10.54,10.44,968821
2021-01-27,10.4,10.31,10.4001,10.21,4544708
2021-01-28,10.37,10.35,10.46,10.33,786017
2021-01-29,10.35,10.4,10.41,10.3,749125
2021-02-01,10.48,10.4,10.52,10.36,391578
2021-02-02,10.43,10.48,10.52,10.43,244437
2021-02-03,10.57,10.69,11.0605,10.41,875879
2021-02-04,10.73,10.58,10.76,10.5501,517945
2021-02-05,10.68,10.57,10.74,10.52,589107
2021-02-08,10.72,10.56,10.72,10.56,932258
2021-02-09,10.59,10.49,10.5929,10.46,572674
2021-02-10,10.5,10.49,10.6,10.4,422426
2021-02-11,10.55,10.56,10.74,10.46,948780
2021-02-12,10.56,10.58,10.6,10.47,741970
2021-02-16,10.73,10.72,10.75,10.61,723133
2021-02-17,10.76,10.74,10.83,10.62,507816
2021-02-18,10.62,10.75,10.96,10.53,610212
2021-02-19,10.81,10.95,11.04,10.78,1576206
2021-02-22,10.95,10.8,11.0899,10.76,1001984
2021-02-23,10.64,10.62,10.69,10.4,932147
2021-02-24,10.58,10.49,10.64,10.47,670545
2021-02-25,10.53,10.35,10.62,10.17,770956
2021-02-26,10.36,10.34,10.46,10.2,553390
2021-03-01,10.38,10.24,10.49,10.21,671955
2021-03-02,10.26,10.15,10.3,10.12,983024
2021-03-03,10.18,10.11,10.2697,10.03,1090622
2021-03-04,10.1,9.98,10.11,9.94,1288012
2021-03-05,10.06,10.09,10.15,9.87,899729
2021-03-08,10.09,10.1,10.2,10.0,274392
2021-03-09,10.13,10.01,10.13,10.0,174110
2021-03-10,10.05,9.99,10.1,9.96,376855
2021-03-11,10.045,10.06,10.09,10.0,405060
2021-03-12,10.04,10.1,10.19,10.0109,734800
2021-03-15,10.13,10.13,10.15,10.0801,350067
2021-03-16,10.12,10.06,10.17,10.03,480696
2021-03-17,10.01,10.08,10.11,10.0,568943
2021-03-18,10.06,10.0,10.06,9.98,2094759
2021-03-19,10.02,10.01,10.03,9.99,1451800
2021-03-22,9.97,9.99,10.0279,9.96,548673
2021-03-23,10.0,10.04,10.06,9.95,837545
2021-03-24,10.01,9.9,10.04,9.9,518194
2021-03-25,9.86,9.9,9.96,9.77,280886
2021-03-26,9.95,10.03,10.11,9.9,257218
2021-03-29,9.9,9.99,10.0,9.9,228064
2021-03-30,9.93,9.92,9.99,9.91,147246
2021-03-31,9.95,9.97,9.99,9.92,117907
2021-04-01,9.99,10.02,10.08,9.99,65301
2021-04-05,10.02,9.99,10.05,9.97,138225
2021-04-06,9.97,10.03,10.06,9.96,236589
2021-04-07,10.02,10.02,10.03,9.99,239404
2021-04-08,10.02,10.06,10.09,10.0,386669
2021-04-09,10.05,10.05,10.11,10.02,248247
2021-04-12,10.06,10.05,10.08,10.02,98189
2021-04-13,10.0388,10.03,10.05,10.02,151193
2021-04-14,10.02,10.02,10.08,10.015,168637
2021-04-15,10.03,10.05,10.06,10.0,300747
2021-04-16,10.07,10.0,10.07,9.97,608110
2021-04-19,9.99,9.99,10.01,9.97,459156
2021-04-20,10.01,9.91,10.02,9.87,246651
2021-04-21,9.9,9.95,10.0,9.89,1501903
2021-04-22,9.93,9.91,9.97,9.8746,349687
2021-04-23,9.91,9.91,9.96,9.905,252849
2021-04-26,9.945,9.99,9.99,9.94,161623
2021-04-27,9.97,9.91,9.995,9.89,243211
2021-04-28,9.91,9.95,9.98,9.91,389740
2021-04-29,9.97,9.97,9.99,9.95,167371
2021-04-30,9.97,9.96,10.01,9.95,638208
2021-05-03,9.96,9.95,10.01,9.945,2668784
2021-05-04,9.92,9.99,10.0,9.92,685520
2021-05-05,9.97,9.94,9.99,9.94,416501
2021-05-06,9.95,9.98,10.01,9.95,723092
2021-05-07,9.96,9.96,10.0,9.96,117784
2021-05-10,9.96,9.97,9.9821,9.96,499520
2021-05-11,9.92,9.95,9.98,9.8918,343422
2021-05-12,9.94,9.91,9.98,9.9,150401
2021-05-13,9.9,9.9,9.94,9.9,87764
2021-05-14,9.93,9.92,9.96,9.86,809158
2021-05-17,9.88,9.93,9.95,9.88,117050
2021-05-18,9.92,9.91,9.9612,9.9,162692
2021-05-19,9.91,9.88,9.92,9.88,88819
2021-05-20,9.89,9.88,9.91,9.87,43019
2021-05-21,9.91,9.82,9.91,9.81,135172
2021-05-24,9.83,9.83,9.85,9.81,150126
2021-05-25,9.82,9.8,9.84,9.79,135181
2021-05-26,9.8,9.79,9.82,9.78,84183
2021-05-27,9.8,9.78,9.81,9.78,248479
2021-05-28,9.78,9.77,9.78,9.74,183988
2021-06-01,9.76,9.81,9.81,9.76,114158
2021-06-02,9.81,9.85,9.85,9.78,533703
2021-06-03,9.86,9.83,9.86,9.8,93855
2021-06-04,9.85,9.83,9.85,9.82,19378
2021-06-07,9.8,9.88,9.9,9.8,74363
2021-06-08,9.85,9.89,9.9,9.84,129285
2021-06-09,9.87,9.89,9.89,9.85,74403
2021-06-10,9.8508,9.89,9.89,9.82,785679
2021-06-11,9.85,9.87,9.88,9.84,53509
2021-06-14,9.85,9.82,9.86,9.8,68577
2021-06-15,9.8119,9.85,9.88,9.81,1366566
2021-06-16,9.8534,9.83,9.88,9.82,50777
2021-06-17,9.85,9.83,9.85,9.81,76058
2021-06-18,9.835,9.94,9.95,9.8316,115569
2021-06-21,9.92,9.88,9.94,9.86,149275
2021-06-22,9.86,9.88,9.89,9.86,62811
2021-06-23,9.88,9.88,9.92,9.84,70402
2021-06-24,9.8817,9.87,9.8817,9.85,24770
2021-06-25,9.88,9.87,9.8804,9.83,31989
2021-06-28,9.84,9.87,9.87,9.84,228746
2021-06-29,9.88,9.87,9.881,9.85,47073
2021-06-30,9.8208,9.86,9.88,9.8187,137564
2021-07-01,9.83,9.9,9.915,9.83,241514
2021-07-02,9.88,9.88,9.88,9.8468,166004
2021-07-06,9.865,9.84,9.8699,9.83,7146
2021-07-07,9.83,9.82,9.84,9.81,123491
2021-07-08,9.8,9.86,9.88,9.8,141310
2021-07-09,9.82,9.86,9.86,9.82,38711
2021-07-12,9.85,9.85,9.92,9.83,5971
2021-07-13,9.9,9.85,9.92,9.84,66649
2021-07-14,9.85,9.9,9.9,9.83,22681
2021-07-15,9.85,9.86,9.87,9.83,21496
2021-07-16,9.823,9.85,9.8537,9.82,45372
2021-07-19,9.83,9.8,9.86,9.75,418205
2021-07-20,9.81,9.82,9.84,9.805,35192
2021-07-21,9.815,9.84,9.84,9.8124,18327
2021-07-22,9.84,9.83,9.84,9.78,112172
2021-07-23,9.8,9.84,9.84,9.79,29473
2021-07-26,9.84,9.83,9.84,9.79,24920
2021-07-27,9.81,9.83,9.84,9.81,32518
2021-07-28,9.79,9.83,9.83,9.75,21205
2021-07-29,9.79,9.79,9.8,9.75,24559
2021-07-30,9.8,9.79,9.8,9.77,18374
2021-08-02,9.8,9.85,9.85,9.77,566575
2021-08-03,9.8068,9.81,9.83,9.78,156804
2021-08-04,9.8,9.81,9.81,9.77,17040
2021-08-05,9.7616,9.74,9.78,9.7,169926
2021-08-06,9.71,9.73,9.75,9.71,16097
2021-08-09,9.7,9.75,9.75,9.7,371258
2021-08-10,9.72,9.75,9.75,9.7,291331
2021-08-11,9.7,9.75,9.75,9.7,49189
2021-08-12,9.71,9.75,9.75,9.71,33576
2021-08-13,9.73,9.75,9.75,9.72,20331
2021-08-16,9.7182,9.74,9.74,9.7182,24071
2021-08-17,9.7101,9.74,9.74,9.7,37772
2021-08-18,9.715,9.74,9.74,9.7,50855
2021-08-19,9.7,9.74,9.74,9.7,138089
2021-08-20,9.71,9.72,9.73,9.7,85586
2021-08-23,9.7,9.75,9.75,9.7,46570
2021-08-24,9.75,9.73,9.75,9.71,56382
2021-08-25,9.72,9.73,9.73,9.72,20465
2021-08-26,9.72,9.74,9.74,9.72,7398
2021-08-27,9.74,9.73,9.7409,9.72,19213
2021-08-30,9.72,9.75,9.75,9.72,29064
2021-08-31,9.72,9.75,9.75,9.72,48399
2021-09-01,9.741,9.79,9.79,9.72,326666
2021-09-02,9.7393,9.78,9.78,9.7393,51439
2021-09-03,9.78,9.78,9.78,9.765,10520
2021-09-07,9.77,9.77,9.78,9.76,8439
2021-09-08,9.79,9.8,9.8,9.76,34044
2021-09-09,9.8,9.79,9.8,9.73,35462
2021-09-10,9.78,9.77,9.78,9.75,27141
2021-09-13,9.77,9.79,9.8,9.77,115599
2021-09-14,9.78,9.79,9.83,9.78,64928
2021-09-15,9.79,9.8,9.81,9.79,32236
2021-09-16,9.785,9.83,9.83,9.7773,14955
2021-09-17,9.7801,9.8,9.81,9.78,93734
2021-09-20,9.78,9.8,9.8,9.7666,51056
2021-09-21,9.8,9.8,9.8,9.77,191519
2021-09-22,9.8,9.81,9.81,9.79,522748
2021-09-23,9.81,9.82,9.83,9.7901,4713328
2021-09-24,9.83,9.81,9.83,9.78,1447417
2021-09-27,9.83,9.8,9.83,9.8,108716
2021-09-28,9.79,9.79,9.806,9.77,75921
2021-09-29,9.79,9.81,9.81,9.78,165790
2021-09-30,9.77,9.8,9.81,9.77,305766
2021-10-01,9.83,9.81,9.83,9.79,256781
2021-10-04,9.82,9.8,9.82,9.79,183863
2021-10-05,9.82,9.8,9.83,9.8,3207825
2021-10-06,9.815,9.82,9.82,9.81,173176
2021-10-07,9.81,9.815,9.83,9.7945,202045
2021-10-08,9.78,9.81,9.83,9.78,137067
2021-10-11,9.82,9.81,9.8202,9.81,41128
2021-10-12,9.8,9.81,9.83,9.8,61659
2021-10-13,9.81,9.81,9.82,9.81,21425
2021-10-14,9.82,9.82,9.82,9.8,76678
2021-10-15,9.82,9.81,9.8208,9.8,149510
2021-10-18,9.8,9.8,9.82,9.8,31428
2021-10-19,9.8014,9.81,9.815,9.8,7590
2021-10-20,9.82,9.8,9.82,9.8,117191
2021-10-21,9.78,9.81,9.82,9.78,15315
2021-10-22,9.81,9.82,9.83,9.8,57214
2021-10-25,9.82,9.81,9.83,9.81,110786
2021-10-26,9.82,9.84,9.84,9.82,112777
2021-10-27,9.84,9.83,9.84,9.83,272990
2021-10-28,9.831,9.84,9.85,9.83,118829
2021-10-29,9.83,9.85,9.85,9.83,491924
2021-11-01,9.84,9.83,9.845,9.83,25035
2021-11-02,9.83,9.85,9.85,9.83,63290
2021-11-03,9.84,9.84,9.85,9.83,31208
2021-11-04,9.84,9.83,9.85,9.83,192956
2021-11-05,9.85,9.83,9.85,9.83,714050
2021-11-08,9.83,9.83,9.84,9.83,25424
2021-11-09,9.83,9.83,9.835,9.83,8137
2021-11-10,9.83,9.84,9.85,9.83,28458
2021-11-11,9.85,9.82,9.85,9.82,11504
2021-11-12,9.83,9.83,9.85,9.83,321726
2021-11-15,9.85,9.86,9.86,9.84,35051
2021-11-16,9.85,9.86,9.87,9.84,92728
2021-11-17,9.86,9.86,9.87,9.83,73754
2021-11-18,9.835,9.87,9.87,9.835,168884
2021-11-19,9.85,9.84,9.85,9.83,218191
2021-11-22,9.86,9.83,9.865,9.83,118028
2021-11-23,9.84,9.84,9.85,9.84,245419
2021-11-24,9.84,9.87,9.87,9.83,17977
2021-11-26,9.8303,9.85,9.85,9.8303,15442
2021-11-29,9.8302,9.84,9.85,9.83,110269
2021-11-30,9.83,9.83,9.85,9.83,86700
2021-12-01,9.84,9.83,9.85,9.83,135175
2021-12-02,9.83,9.83,9.84,9.82,30938
2021-12-03,9.83,9.83,9.84,9.83,565463
2021-12-06,9.84,9.84,9.85,9.83,19050
2021-12-07,9.83,9.82,9.84,9.81,99749
2021-12-08,9.815,9.82,9.8217,9.81,6441
2021-12-09,9.81,9.86,9.86,9.81,81003
2021-12-10,9.83,9.84,9.85,9.82,123499
2021-12-13,9.84,9.83,9.84,9.82,42571
2021-12-14,9.82,9.8,9.83,9.8,1483049
2021-12-15,9.81,9.82,9.83,9.81,29199
2021-12-16,9.81,9.8,9.81,9.78,108354
2021-12-17,9.82,9.76,9.82,9.76,104250
2021-12-20,9.78,9.78,9.79,9.77,28382
2021-12-21,9.78,9.78,9.8,9.78,103178
2021-12-22,9.76,9.8,9.8,9.76,109590
2021-12-23,9.81,9.79,9.81,9.77,38577
2021-12-27,9.77,9.81,9.81,9.77,134357
2021-12-28,9.81,9.81,9.82,9.7914,34252
2021-12-29,9.82,9.81,9.83,9.79,13238
2021-12-30,9.79,9.81,9.81,9.79,76569
2021-12-31,9.79,9.82,9.83,9.79,40450
2022-01-03,9.78,9.82,9.83,9.78,76263
2022-01-04,9.81,9.8,9.82,9.8,245688
2022-01-05,9.8,9.81,9.82,9.8,275896
2022-01-06,9.8,9.8,9.82,9.8,262809
2022-01-07,9.85,9.81,9.86,9.8,159790
2022-01-10,9.81,9.829,9.83,9.8,55936
2022-01-11,9.82,9.81,9.821,9.81,3318
2022-01-12,9.83,9.84,9.85,9.824,370628
2022-01-13,9.82,9.82,9.84,9.82,39049
2022-01-14,9.8,9.8,9.84,9.8,155281
2022-01-18,9.8,9.8,9.82,9.8,60601
2022-01-19,9.8,9.81,9.83,9.8,275955
2022-01-20,9.83,9.8,9.83,9.8,42108
2022-01-21,9.81,9.78,9.83,9.78,317299
2022-01-24,9.78,9.79,9.8,9.78,227473
2022-01-25,9.79,9.8,9.82,9.79,60072
2022-01-26,9.8,9.8,9.81,9.79,33977
2022-01-27,9.8,9.794,9.8,9.78,125338
2022-01-28,9.79,9.8,9.81,9.79,45353
2022-01-31,9.81,9.8,9.82,9.8,121647
2022-02-01,9.82,9.81,9.83,9.8,40072
2022-02-02,9.8,9.82,9.83,9.8,33405
2022-02-03,9.82,9.82,9.83,9.81,49663
2022-02-04,9.8,9.82,9.82,9.8,5705
2022-02-07,9.8,9.82,9.82,9.8,134371
2022-02-08,9.8,9.82,9.83,9.8,83016
2022-02-09,9.82,9.83,9.83,9.81,32686
2022-02-10,9.83,9.825,9.835,9.82,11822
2022-02-11,9.84,9.82,9.85,9.78,52467
2022-02-14,9.82,9.81,9.825,9.79,181364
2022-02-15,9.82,9.81,9.82,9.81,23647
2022-02-16,9.8112,9.82,9.82,9.81,2475
2022-02-17,9.82,9.81,9.82,9.81,3251
2022-02-18,9.82,9.81,9.82,9.81,156704
2022-02-22,9.81,9.81,9.82,9.81,8730
2022-02-23,9.82,9.81,9.82,9.8,55722
2022-02-24,9.8,9.815,9.82,9.8,22110
2022-02-25,9.82,9.8214,9.83,9.8101,28319
2022-02-28,9.83,9.84,9.84,9.82,69080
2022-03-01,9.83,9.82,9.85,9.82,68452
2022-03-02,9.828,9.82,9.84,9.82,82991
2022-03-03,9.82,9.82,9.83,9.82,17240
2022-03-04,9.83,9.83,9.84,9.82,9627
2022-03-07,9.8302,9.82,9.8302,9.82,21211
2022-03-08,9.81,9.82,9.825,9.81,1443
2022-03-09,9.81,9.825,9.83,9.81,19581
2022-03-10,9.83,9.83,9.83,9.82,52135
2022-03-11,9.83,9.83,9.84,9.82,12182
2022-03-14,9.835,9.835,9.84,9.82,316650
2022-03-15,9.83,9.83,9.85,9.83,466867
2022-03-16,9.83,9.83,9.84,9.82,50738
2022-03-17,9.83,9.834,9.84,9.82,39981
2022-03-18,9.83,9.84,9.84,9.83,9416
2022-03-21,9.84,9.83,9.8402,9.83,11437
2022-03-22,9.82,9.83,9.84,9.82,40342
2022-03-23,9.83,9.85,9.85,9.83,6966
2022-03-24,9.83,9.85,9.85,9.83,51897
2022-03-25,9.85,9.85,9.85,9.8408,3668
2022-03-28,9.84,9.84,9.85,9.84,2769
2022-03-29,9.84,9.8405,9.86,9.83,56251
2022-03-30,9.8599,9.85,9.86,9.83,727755
2022-03-31,9.85,9.85,9.88,9.85,701824
2022-04-01,9.88,9.875,9.88,9.865,85964
2022-04-04,9.8811,9.89,9.89,9.88,28585
2022-04-05,9.88,9.87,9.88,9.85,150830
2022-04-06,9.86,9.87,9.88,9.86,5219
2022-04-07,9.88,9.87,9.88,9.84,13111
2022-04-08,9.875,9.87,9.875,9.86,90368
2022-04-11,9.86,9.87,9.87,9.86,2889
2022-04-12,9.876,9.88,9.88,9.87,1502
2022-04-13,9.88,9.88,9.88,9.8611,210816
2022-04-14,9.89,9.89,9.89,9.87,13062
2022-04-18,9.89,9.89,9.89,9.86,69165
2022-04-19,9.88,9.89,9.89,9.88,36922
2022-04-20,9.88,9.89,9.89,9.8796,72668
2022-04-21,9.89,9.9,9.9,9.88,2206671
2022-04-22,9.9,9.89,9.91,9.88,146451
2022-04-25,9.9,9.89,9.9,9.88,1365174
2022-04-26,9.88,9.87,9.89,9.87,369082
2022-04-27,9.885,9.88,9.8882,9.87,18204
2022-04-28,9.88,9.89,9.895,9.87,16840
2022-04-29,9.88,9.87,9.88,9.87,45166
2022-05-02,9.87,9.88,9.88,9.87,697173
2022-05-03,9.87,9.875,9.875,9.87,5994
2022-05-04,9.87,9.88,9.88,9.87,68864
2022-05-05,9.871,9.88,9.88,9.87,37825
2022-05-06,9.87,9.88,9.88,9.87,175180
2022-05-09,9.87,9.87,9.88,9.86,1132484
2022-05-10,9.87,9.86,9.87,9.855,159965
2022-05-11,9.85,9.85,9.86,9.845,875268
2022-05-12,9.85,9.86,9.87,9.84,777109
2022-05-13,9.86,9.85,9.86,9.85,16052
2022-05-16,9.86,9.86,9.87,9.855,52015
2022-05-17,9.86,9.86,9.87,9.855,21962
2022-05-18,9.86,9.85,9.86,9.85,167113
2022-05-19,9.85,9.85,9.86,9.85,20244
2022-05-20,9.85,9.85,9.86,9.85,75298
2022-05-23,9.86,9.85,9.86,9.85,34020
2022-05-24,9.86,9.855,9.865,9.85,183515
2022-05-25,9.85,9.86,9.87,9.85,15169
2022-05-26,9.865,9.86,9.875,9.86,10650
2022-05-27,9.87,9.86,9.88,9.86,824955
2022-05-31,9.88,9.86,9.89,9.86,146713
2022-06-01,9.87,9.87,9.88,9.87,11802
2022-06-02,9.9,9.88,9.9,9.86,196331
2022-06-03,9.88,9.87,9.885,9.87,25328
2022-06-06,9.88,9.88,9.89,9.88,54100
2022-06-07,9.885,9.885,9.885,9.885,439
2022-06-08,9.89,9.89,9.9,9.885,11255
2022-06-09,9.896,9.891,9.896,9.89,1429
2022-06-10,9.8917,9.895,9.895,9.89,2790
2022-06-13,9.895,9.9,9.9,9.89,7570
2022-06-14,9.89,9.89,9.895,9.88,26889
2022-06-15,9.89,9.9,9.9,9.88,184150
2022-06-16,9.89,9.9,9.9,9.89,37679
2022-06-17,9.89,9.9,9.9,9.89,37064
2022-06-21,9.89,9.9,9.9,9.89,2391
2022-06-22,9.89,9.885,9.9,9.88,3354337
2022-06-23,9.8818,9.89,9.89,9.875,437865
2022-06-24,9.89,9.885,9.89,9.88,5884
2022-06-27,9.88,9.895,9.9,9.88,113882
2022-06-28,9.8901,9.89,9.9,9.885,11483
2022-06-29,9.892,9.89,9.9,9.89,5865
2022-06-30,9.88,9.885,9.9,9.88,225272
2022-07-01,9.89,9.9,9.9,9.89,51518
2022-07-05,9.8906,9.9,9.9,9.89,8421
2022-07-06,9.89,9.905,9.905,9.89,59602
2022-07-07,9.893,9.905,9.91,9.893,8012
2022-07-08,9.89,9.905,9.91,9.89,195675
2022-07-11,9.9,9.9,9.91,9.89,190772
2022-07-12,9.9,9.9,9.91,9.9,5008
2022-07-13,9.9,9.92,9.92,9.9,26642
2022-07-14,9.91,9.91,9.92,9.9,791237
2022-07-15,9.91,9.92,9.92,9.9,79621
2022-07-18,9.92,9.915,9.92,9.91,35554
2022-07-19,9.915,9.915,9.915,9.915,235
2022-07-20,9.91,9.91,9.92,9.91,4870
2022-07-21,9.9,9.91,9.91,9.9,2824
2022-07-22,9.9102,9.915,9.92,9.91,23518
2022-07-25,9.915,9.91,9.93,9.91,21596
2022-07-26,9.93,9.93,9.93,9.93,923
2022-07-28,9.93,9.94,9.94,9.93,610503
2022-07-29,9.935,9.935,9.935,9.935,12373
2022-08-01,9.935,9.93,9.935,9.93,194557
2022-08-02,9.93,9.935,9.94,9.93,11426
2022-08-03,9.94,9.935,9.94,9.93,78334
2022-08-04,9.935,9.94,9.94,9.935,2215
2022-08-05,9.93,9.93,9.94,9.93,61498
2022-08-08,9.93,9.935,9.94,9.93,22015
2022-08-09,9.94,9.94,9.94,9.93,111863
2022-08-10,9.95,9.945,9.96,9.94,22314
2022-08-11,9.95,9.94,9.95,9.94,5634
2022-08-12,9.95,9.95,9.95,9.9401,86572
2022-08-15,9.95,9.95,9.96,9.95,360851
2022-08-16,9.95,9.95,9.96,9.94,121711
2022-08-17,9.95,9.95,9.95,9.95,24591
2022-08-18,9.95,9.949,9.95,9.945,912
2022-08-19,9.94,9.955,9.955,9.94,645918
2022-08-22,9.96,9.95,9.96,9.95,2453
2022-08-23,9.96,9.9501,9.96,9.95,252496
2022-08-24,9.95,9.96,9.96,9.95,158420
2022-08-25,9.95,9.96,9.96,9.95,103175
2022-08-26,9.95,9.97,9.97,9.95,23456
2022-08-29,9.97,9.95,9.97,9.95,1347011
2022-08-30,9.95,9.97,9.97,9.95,102360
2022-08-31,9.96,9.96,9.96,9.95,339807
2022-09-01,9.96,9.97,9.97,9.96,17449
2022-09-02,9.97,9.97,9.98,9.965,87370
2022-09-06,9.9692,9.97,9.97,9.965,2745
2022-09-07,9.96,9.97,9.97,9.96,2412
2022-09-08,9.97,9.975,9.98,9.96,75233
2022-09-09,9.97,9.975,9.98,9.97,7509
2022-09-12,9.97,9.97,9.98,9.97,7726
2022-09-13,9.97,9.97,9.98,9.97,2237
2022-09-14,9.97,9.97,9.99,9.97,72450
2022-09-15,9.97,9.975,9.975,9.97,28157
2022-09-16,9.98,9.98,9.98,9.98,20169
2022-09-19,9.985,9.98,9.99,9.98,2487756
2022-09-20,9.98,9.99,9.99,9.98,394573
2022-09-21,9.985,9.99,9.99,9.98,538244
2022-09-22,9.98,9.99,9.99,9.98,155716
2022-09-23,9.98,9.9886,9.99,9.98,26398
2022-09-26,9.98,9.985,9.99,9.98,17540
2022-09-27,9.99,9.995,10.01,9.98,670057
2022-09-28,9.99,10.0,10.0,9.99,20042
2022-09-29,9.997,9.99,9.997,9.99,333723
2022-09-30,9.99,9.995,9.995,9.99,215896
2022-10-03,10.0,10.0,10.01,9.99,66564
2022-10-04,10.01,10.01,10.01,10.0,2531881
2022-10-05,10.0,10.01,10.015,10.0,1319033
2022-10-06,10.01,10.01,10.0104,10.01,1443
2022-10-07,10.01,10.01,10.0154,10.01,1609940
2022-10-10,10.02,10.01,10.02,10.01,9251
2022-10-11,10.0108,10.0,10.015,10.0,18938
2022-10-12,10.01,10.02,10.02,10.01,150977
2022-10-13,10.02,10.025,10.03,10.01,5084339
2022-10-14,10.0211,10.03,10.03,10.02,26276
2022-10-17,10.03,10.025,10.03,10.02,271950
2022-10-18,10.02,10.03,10.03,10.02,47879
2022-10-19,10.02,10.03,10.03,10.02,145091
2022-10-20,10.03,10.03,10.03,10.0201,39496
2022-10-21,10.02,10.025,10.03,10.02,255678
2022-10-24,10.02,10.03,10.04,10.02,77803
2022-10-25,10.03,10.03,10.04,10.03,480743
2022-10-26,10.02,10.02,10.035,10.02,10472
2022-10-27,10.02,10.04,10.04,10.02,23848
2022-10-28,10.04,10.045,10.05,10.02,13540
2022-10-31,10.02,10.02,10.05,10.02,5182
2022-11-01,10.03,10.05,10.05,10.02,6044
2022-11-02,10.035,10.03,10.05,10.0,59105
2022-11-03,10.0,9.975,10.03,9.97,22230
2022-11-04,10.02,10.01,10.02,9.99,13400
2022-11-07,9.98,10.2,10.2,9.96,85465
2022-11-08,10.11,10.05,10.11,10.0,7148
2022-11-09,10.04,9.98,10.04,9.95,38579
2022-11-10,9.99,10.04,10.04,9.99,3839
2022-11-11,10.03,10.12,10.14,9.96,9607
2022-11-14,10.115,10.03,10.115,10.03,2448
2022-11-15,10.05,10.03,10.1,10.03,1319
2022-11-16,10.08,10.1,10.1,10.05,3664
2022-11-17,10.1,10.15,10.15,10.09,12617
2022-11-18,10.1,10.12,10.14,10.1,7304
2022-11-21,10.1001,10.06,10.1038,9.99,34232
2022-11-22,10.05,10.0101,10.05,10.0101,2048
2022-11-23,10.0374,10.06,10.06,10.0374,1423
2022-11-25,10.01,10.04,10.04,10.01,1211
2022-11-28,10.01,10.015,10.02,10.01,3018
2022-11-29,10.03,10.04,10.05,10.03,8917
2022-11-30,10.04,10.045,10.05,10.02,8629
2022-12-01,10.02,10.01,10.05,10.01,1575
2022-12-02,10.03,10.02,10.03,10.02,23271
2022-12-05,10.02,10.02,10.045,10.02,4504
2022-12-06,10.04,10.06,10.07,10.04,8853
2022-12-07,10.07,10.065,10.07,10.05,45080
2022-12-08,10.08,10.085,10.09,10.08,1918
2022-12-09,10.07,10.07,10.07,10.07,501
2022-12-12,10.05,10.04,10.06,10.03,11333
2022-12-13,10.01,10.0,10.0599,10.0,23455
2022-12-14,10.0,9.99,10.01,9.99,32435
2022-12-15,10.0,9.98,10.0,9.98,13166
2022-12-16,9.98,9.98,9.99,9.98,12976
2022-12-19,9.98,9.95,9.99,9.92,6272
2022-12-20,9.95,9.97,9.97,9.95,1357
2022-12-21,9.97,9.97,9.97,9.97,793
2022-12-22,9.973,9.96,9.973,9.96,14683
2022-12-23,9.96,9.965,9.97,9.96,5369
2022-12-27,9.95,9.955,9.96,9.95,8318
2022-12-28,9.96,9.96,9.96,9.95,3833
2022-12-29,9.95,9.96,9.97,9.95,859
2022-12-30,9.95,9.95,9.95,9.95,304
2023-01-03,9.97,9.97,9.98,9.96,13026
2023-01-04,10.0,9.98,10.02,9.98,1977
2023-01-05,9.99,9.975,9.99,9.975,6752
2023-01-06,9.9806,9.995,10.0,9.98,16005
2023-01-09,10.0,10.0101,10.03,9.995,7060
2023-01-10,10.02,10.02,10.02,10.001,2246
2023-01-11,10.02,9.97,10.02,9.97,4576
2023-01-12,9.99,9.99,10.01,9.99,5694
2023-01-13,9.96,10.01,10.0312,9.96,2800
2023-01-18,10.01,10.05,10.05,10.01,1236
2023-01-19,10.0399,10.0401,10.045,10.0399,1538
2023-01-20,10.04,10.06,10.06,10.04,10126
2023-01-23,10.0492,10.04,10.06,10.04,5700
2023-01-24,10.07,10.055,10.085,10.055,13750
2023-01-25,10.07,10.05,10.07,10.05,6050
2023-01-26,10.06,10.07,10.07,10.06,7164
2023-01-27,10.055,10.09,10.09,10.055,8350
2023-01-30,10.0501,10.055,10.06,10.0501,755
2023-01-31,10.075,10.05,10.075,10.05,9065
2023-02-01,10.05,10.055,10.06,10.05,2408
2023-02-02,10.065,10.055,10.075,10.05,6532
2023-02-03,10.06,10.055,10.06,10.05,3103
2023-02-06,10.055,10.06,10.06,10.055,2025
2023-02-07,10.05,10.065,10.07,10.05,5530
2023-02-09,10.07,10.07,10.07,10.06,4319
2023-02-13,10.07,10.09,10.09,10.07,2093
2023-02-14,10.09,10.09,10.09,10.07,17472
2023-02-15,10.09,10.09,10.095,10.09,5051
2023-02-16,10.09,10.1,10.11,10.09,1350
2023-02-21,10.09,10.0966,10.11,10.09,880
2023-02-22,10.0901,10.0901,10.0901,10.0901,260
2023-02-23,10.09,10.09,10.12,10.055,24755
2023-02-24,10.09,10.09,10.0936,10.09,9298
2023-02-27,10.09,10.12,10.12,10.09,12275
2023-03-01,10.12,10.1701,10.2,10.12,4777
2023-03-02,10.14,10.14,10.1401,10.14,320
2023-03-03,10.15,10.15,10.15,10.15,137
2023-03-06,10.15,10.15,10.17,10.15,1459
2023-03-07,10.176,10.17,10.176,10.17,1133
2023-03-09,10.15,10.1648,10.1648,10.15,616
2023-03-13,10.155,10.1698,10.17,10.14,2459
2023-03-14,10.165,10.1697,10.1698,10.16,3562
2023-03-15,10.1609,10.1609,10.1609,10.1609,108
2023-03-16,10.16,10.16,10.17,10.16,2992
2023-03-20,10.17,10.17,10.17,10.17,667
2023-03-21,10.2,10.2,10.2,10.2,875
2023-03-22,10.305,10.21,10.305,10.16,6879
2023-03-23,10.26,10.17,10.26,10.16,695
2023-03-27,10.18,10.18,10.18,10.16,943
2023-03-30,10.15,10.15,10.15,10.15,1217
2023-03-31,10.12,10.15,10.15,10.12,521
2023-04-03,10.14,10.13,10.14,10.07,2711
2023-04-05,10.19,10.2,10.2,10.185,6058
2023-04-06,10.2,10.2,10.2,10.2,253
2023-04-10,10.21,10.21,10.21,10.2,1204
2023-04-11,10.22,10.22,10.22,10.22,214
2023-04-13,10.21,10.21,10.21,10.21,1028
2023-04-14,10.21,10.21,10.21,10.21,19355
2023-04-17,10.2,10.21,10.21,10.2,73132
2023-04-20,10.21,10.21,10.21,10.21,555
2023-04-21,10.21,10.21,10.2147,10.21,2625
2023-04-25,10.14,10.22,10.22,10.14,65937
2023-04-26,10.19,10.165,10.2,10.1111,864
2023-04-28,10.21,10.21,10.22,10.21,7276
2023-05-01,NaN,NaN,NaN,NaN,220
2023-05-02,NaN,NaN,NaN,NaN,4
2023-05-03,10.21,10.24,10.245,10.21,6637
2023-05-04,10.24,10.2401,10.245,10.24,12626
2023-05-05,10.22,10.22,10.22,10.22,105
2023-05-08,10.25,10.25,10.25,10.25,145
2023-05-09,10.22,10.24,10.24,10.22,7883
2023-05-10,10.24,10.26,10.26,10.24,11061
2023-05-11,NaN,NaN,NaN,NaN,12
2023-05-12,10.24,10.245,10.245,10.24,3335
2023-05-15,10.25,10.25,10.25,10.25,1086
2023-05-16,10.28,10.25,10.28,10.25,8184
2023-05-17,10.25,10.24,10.25,10.24,3204
2023-05-18,NaN,NaN,NaN,NaN,200
2023-05-19,10.22,10.245,10.26,10.22,24091
