2011-05-25,4.0E-4,4.0E-4,4.0E-4,4.0E-4,114100
2011-05-31,4.0E-4,4.0E-4,4.0E-4,4.0E-4,5050
2011-06-01,4.0E-4,4.0E-4,4.0E-4,4.0E-4,10120000
2011-06-02,4.0E-4,4.0E-4,4.0E-4,4.0E-4,510000
2011-06-06,4.0E-4,4.0E-4,4.0E-4,4.0E-4,383333
2011-06-08,4.0E-4,4.0E-4,4.0E-4,4.0E-4,60000
2011-06-09,4.0E-4,4.0E-4,4.0E-4,4.0E-4,810000
2011-06-13,4.0E-4,4.0E-4,4.0E-4,4.0E-4,310001
2011-06-14,4.0E-4,4.0E-4,4.0E-4,4.0E-4,200000
2011-06-15,4.0E-4,4.0E-4,4.0E-4,4.0E-4,52000
2011-06-16,4.0E-4,4.0E-4,4.0E-4,4.0E-4,1919970
2011-06-20,3.0E-4,3.0E-4,3.0E-4,3.0E-4,13000
2011-06-21,3.0E-4,3.0E-4,3.0E-4,3.0E-4,300
2011-06-23,4.0E-4,4.0E-4,4.0E-4,4.0E-4,670000
2011-06-24,3.0E-4,3.0E-4,3.0E-4,3.0E-4,5000
2011-07-05,3.0E-4,3.0E-4,3.0E-4,3.0E-4,305000
2011-07-07,3.0E-4,3.0E-4,3.0E-4,3.0E-4,5231951
2011-07-08,3.0E-4,3.0E-4,3.0E-4,3.0E-4,103900
2011-07-11,2.0E-4,2.0E-4,3.0E-4,2.0E-4,1255000
2011-07-12,2.0E-4,2.0E-4,2.0E-4,2.0E-4,50500
2011-07-18,2.0E-4,2.0E-4,2.0E-4,2.0E-4,705000
2011-07-20,2.0E-4,4.0E-4,4.0E-4,2.0E-4,905000
2011-07-21,3.0E-4,3.0E-4,3.0E-4,3.0E-4,400000
2011-07-26,3.0E-4,3.0E-4,3.0E-4,3.0E-4,250
2011-07-28,3.0E-4,3.0E-4,3.0E-4,3.0E-4,260000
2011-07-29,3.0E-4,3.0E-4,3.0E-4,3.0E-4,390300
2011-08-01,4.0E-4,4.0E-4,4.0E-4,4.0E-4,350000
2011-08-02,3.0E-4,3.0E-4,3.0E-4,3.0E-4,41496
2011-08-03,3.0E-4,3.0E-4,3.0E-4,3.0E-4,96700
2011-08-08,3.0E-4,3.0E-4,3.0E-4,3.0E-4,3855940
2011-08-10,3.0E-4,2.0E-4,3.0E-4,2.0E-4,1930001
2011-08-15,3.0E-4,3.0E-4,3.0E-4,3.0E-4,100000
2011-08-16,3.0E-4,3.0E-4,3.0E-4,3.0E-4,5000
2011-08-17,3.0E-4,3.0E-4,3.0E-4,3.0E-4,5000
2011-08-18,3.0E-4,3.0E-4,3.0E-4,3.0E-4,894999
2011-08-19,2.0E-4,2.0E-4,2.0E-4,2.0E-4,2510000
2011-08-22,3.0E-4,3.0E-4,3.0E-4,2.0E-4,8805001
2011-08-26,2.0E-4,2.0E-4,2.0E-4,2.0E-4,9325700
2011-09-06,3.0E-4,3.0E-4,3.0E-4,3.0E-4,999999
2011-09-07,3.0E-4,3.0E-4,3.0E-4,3.0E-4,102000
2011-09-09,2.0E-4,2.0E-4,3.0E-4,2.0E-4,355000
2011-09-15,2.0E-4,2.0E-4,2.0E-4,2.0E-4,200000
2011-09-20,2.0E-4,2.0E-4,2.0E-4,2.0E-4,8940
2011-09-22,2.0E-4,2.0E-4,2.0E-4,2.0E-4,10000
2011-09-23,2.0E-4,2.0E-4,2.0E-4,2.0E-4,30000
2011-09-27,2.0E-4,2.0E-4,2.0E-4,2.0E-4,14000
2011-09-29,2.0E-4,2.0E-4,2.0E-4,2.0E-4,77200
2011-09-30,2.0E-4,2.0E-4,2.0E-4,2.0E-4,10000
2011-10-04,2.0E-4,2.0E-4,2.0E-4,2.0E-4,154000
2011-10-06,2.0E-4,2.0E-4,2.0E-4,2.0E-4,210000
2011-10-10,2.0E-4,2.0E-4,2.0E-4,2.0E-4,101000
2011-10-11,2.0E-4,2.0E-4,2.0E-4,2.0E-4,10000
2011-10-12,2.0E-4,2.0E-4,2.0E-4,2.0E-4,193600
2011-10-13,2.0E-4,2.0E-4,2.0E-4,2.0E-4,2782399
2011-10-26,1.0E-4,1.0E-4,1.0E-4,1.0E-4,134000
2011-10-28,1.0E-4,1.0E-4,1.0E-4,1.0E-4,110500
2011-10-31,1.0E-4,1.0E-4,1.0E-4,1.0E-4,100000
2011-11-02,1.0E-4,1.0E-4,1.0E-4,1.0E-4,40000
2011-11-04,1.0E-4,1.0E-4,1.0E-4,1.0E-4,171111
2011-11-07,1.0E-4,1.0E-4,1.0E-4,1.0E-4,225000
2011-11-08,1.0E-4,1.0E-4,1.0E-4,1.0E-4,319900
2011-11-09,1.0E-4,1.0E-4,1.0E-4,1.0E-4,13446000
2011-11-10,1.0E-4,1.0E-4,1.0E-4,1.0E-4,1000100
2011-11-16,1.0E-4,1.0E-4,1.0E-4,1.0E-4,10000
2011-11-17,2.0E-4,2.0E-4,2.0E-4,2.0E-4,550000
2011-11-18,1.0E-4,2.0E-4,2.0E-4,1.0E-4,3000000
2011-11-21,1.0E-4,1.0E-4,1.0E-4,1.0E-4,15000
2011-11-22,1.0E-4,1.0E-4,1.0E-4,1.0E-4,299997
2011-11-23,1.0E-4,1.0E-4,1.0E-4,1.0E-4,500
2011-12-02,1.0E-4,1.0E-4,1.0E-4,1.0E-4,107000
2011-12-06,1.0E-4,1.0E-4,1.0E-4,1.0E-4,18000
2011-12-07,1.0E-4,1.0E-4,1.0E-4,1.0E-4,10000
2011-12-08,1.0E-4,1.0E-4,1.0E-4,1.0E-4,3004998
2011-12-09,1.0E-4,1.0E-4,1.0E-4,1.0E-4,1006999
2011-12-12,1.0E-4,1.0E-4,1.0E-4,1.0E-4,290000
2011-12-13,1.0E-4,1.0E-4,1.0E-4,1.0E-4,25550
2011-12-14,1.0E-4,1.0E-4,1.0E-4,1.0E-4,61950
2011-12-15,1.0E-4,1.0E-4,1.0E-4,1.0E-4,102000
2011-12-16,1.0E-4,2.0E-4,2.0E-4,1.0E-4,1003000
2011-12-19,1.0E-4,1.0E-4,1.0E-4,1.0E-4,5500
2011-12-20,1.0E-4,1.0E-4,1.0E-4,1.0E-4,10000
2011-12-22,1.0E-4,1.0E-4,1.0E-4,1.0E-4,825000
2011-12-27,1.0E-4,1.0E-4,1.0E-4,1.0E-4,1000000
2011-12-28,1.0E-4,1.0E-4,1.0E-4,1.0E-4,41000
2011-12-30,1.0E-4,1.0E-4,1.0E-4,1.0E-4,390908
2012-01-05,1.0E-4,1.0E-4,1.0E-4,1.0E-4,300000
2012-01-11,1.0E-4,1.0E-4,1.0E-4,1.0E-4,170000
2012-01-12,1.0E-4,1.0E-4,1.0E-4,1.0E-4,170000
2012-01-17,1.0E-4,1.0E-4,1.0E-4,1.0E-4,299997
2012-01-18,1.0E-4,1.0E-4,1.0E-4,1.0E-4,609000
2012-01-20,1.0E-4,1.0E-4,1.0E-4,1.0E-4,10500
2012-01-24,1.0E-4,1.0E-4,1.0E-4,1.0E-4,25000
2012-01-27,1.0E-4,2.0E-4,2.0E-4,1.0E-4,1300000
2012-02-03,2.0E-4,1.0E-4,2.0E-4,1.0E-4,44500
2012-02-06,1.0E-4,2.0E-4,2.0E-4,1.0E-4,2219900
2012-02-07,1.0E-4,1.0E-4,1.0E-4,1.0E-4,2455000
2012-02-09,1.0E-4,1.0E-4,1.0E-4,1.0E-4,2019998
2012-02-10,1.0E-4,1.0E-4,1.0E-4,1.0E-4,197500
2012-02-13,1.0E-4,1.0E-4,1.0E-4,1.0E-4,109807
2012-02-15,1.0E-4,1.0E-4,1.0E-4,1.0E-4,405000
2012-02-17,1.0E-4,1.0E-4,1.0E-4,1.0E-4,999999
2012-02-23,1.0E-4,1.0E-4,1.0E-4,1.0E-4,10000
2012-02-24,1.0E-4,1.0E-4,1.0E-4,1.0E-4,50000
2012-02-27,1.0E-4,1.0E-4,1.0E-4,1.0E-4,1000000
2012-03-01,1.0E-4,1.0E-4,1.0E-4,1.0E-4,999999
2012-03-08,1.0E-4,1.0E-4,1.0E-4,1.0E-4,8999998
2012-03-15,1.0E-4,1.0E-4,1.0E-4,1.0E-4,14000
2012-03-19,1.0E-4,1.0E-4,1.0E-4,1.0E-4,100000
2012-03-20,1.0E-4,1.0E-4,1.0E-4,1.0E-4,244029
2012-03-21,1.0E-4,1.0E-4,1.0E-4,1.0E-4,10000
2012-03-27,1.0E-4,1.0E-4,1.0E-4,1.0E-4,20000
2012-03-30,1.0E-4,1.0E-4,1.0E-4,1.0E-4,451500
2012-04-03,1.0E-4,1.0E-4,1.0E-4,1.0E-4,810000
2012-04-09,1.0E-4,1.0E-4,2.0E-4,1.0E-4,1930072
2012-04-10,1.0E-4,1.0E-4,1.0E-4,1.0E-4,95100
2012-04-12,1.0E-4,1.0E-4,1.0E-4,1.0E-4,3009997
2012-04-18,1.0E-4,1.0E-4,1.0E-4,1.0E-4,15000
2012-04-19,1.0E-4,1.0E-4,1.0E-4,1.0E-4,1500000
2012-04-23,2.0E-4,2.0E-4,2.0E-4,2.0E-4,100000
2012-04-26,1.0E-4,1.0E-4,1.0E-4,1.0E-4,10000
2012-05-01,1.0E-4,1.0E-4,1.0E-4,1.0E-4,207501
2012-05-02,1.0E-4,1.0E-4,1.0E-4,1.0E-4,50350
2012-05-03,1.0E-4,1.0E-4,1.0E-4,1.0E-4,58450
2012-05-04,1.0E-4,1.0E-4,1.0E-4,1.0E-4,58400
2012-05-07,1.0E-4,1.0E-4,1.0E-4,1.0E-4,1000
2012-05-08,1.0E-4,1.0E-4,1.0E-4,1.0E-4,1207834
2012-05-09,1.0E-4,1.0E-4,1.0E-4,1.0E-4,3600
2012-05-10,1.0E-4,1.0E-4,1.0E-4,1.0E-4,215000
2012-05-11,2.0E-4,2.0E-4,2.0E-4,2.0E-4,400000
2012-05-14,1.0E-4,1.0E-4,1.0E-4,1.0E-4,2500
2012-05-15,2.0E-4,2.0E-4,2.0E-4,2.0E-4,1150000
2012-05-16,2.0E-4,1.0E-4,2.0E-4,1.0E-4,505000
2012-05-17,1.0E-4,1.0E-4,1.0E-4,1.0E-4,1000
2012-05-18,1.0E-4,1.0E-4,1.0E-4,1.0E-4,40000
2012-05-21,1.0E-4,1.0E-4,1.0E-4,1.0E-4,30000
2012-05-25,1.0E-4,1.0E-4,1.0E-4,1.0E-4,2554262
2012-05-30,1.0E-4,1.0E-4,1.0E-4,1.0E-4,200000
2012-05-31,1.0E-4,1.0E-4,1.0E-4,1.0E-4,100000
2012-06-06,1.0E-4,1.0E-4,1.0E-4,1.0E-4,483006
2012-06-11,1.0E-4,1.0E-4,1.0E-4,1.0E-4,1000000
2012-06-12,1.0E-4,1.0E-4,1.0E-4,1.0E-4,12000
2012-06-13,1.0E-4,1.0E-4,1.0E-4,1.0E-4,5000
2012-06-15,1.0E-4,1.0E-4,1.0E-4,1.0E-4,1664200
2012-06-18,1.0E-4,1.0E-4,1.0E-4,1.0E-4,9800
2012-06-20,1.0E-4,1.0E-4,1.0E-4,1.0E-4,784000
2012-06-21,1.0E-4,1.0E-4,1.0E-4,1.0E-4,200
2012-06-22,1.0E-4,1.0E-4,1.0E-4,1.0E-4,90000
2012-06-29,1.0E-4,1.0E-4,1.0E-4,1.0E-4,100000
2012-07-06,1.0E-4,1.0E-4,1.0E-4,1.0E-4,191100
2012-07-20,1.0E-4,1.0E-4,1.0E-4,1.0E-4,3551534
2012-07-26,1.0E-4,1.0E-4,1.0E-4,1.0E-4,133000
2012-07-27,1.0E-4,1.0E-4,1.0E-4,1.0E-4,8900
2012-07-30,1.0E-4,1.0E-4,1.0E-4,1.0E-4,50000
2012-08-01,1.0E-4,1.0E-4,1.0E-4,1.0E-4,105000
2012-08-09,1.0E-4,1.0E-4,1.0E-4,1.0E-4,2000
2012-08-15,1.0E-4,1.0E-4,1.0E-4,1.0E-4,200
2012-08-20,1.0E-4,1.0E-4,1.0E-4,1.0E-4,322
2012-08-22,1.0E-4,1.0E-4,1.0E-4,1.0E-4,500
2012-09-06,1.0E-4,1.0E-4,1.0E-4,1.0E-4,350000
2012-09-11,1.0E-4,1.0E-4,1.0E-4,1.0E-4,40000
2012-09-14,1.0E-4,1.0E-4,1.0E-4,1.0E-4,600000
2012-09-24,1.0E-4,1.0E-4,1.0E-4,1.0E-4,30000
2012-09-26,1.0E-4,1.0E-4,1.0E-4,1.0E-4,30000
2012-10-02,1.0E-4,1.0E-4,1.0E-4,1.0E-4,20000
2012-10-03,1.0E-4,1.0E-4,1.0E-4,1.0E-4,20000
2012-10-08,1.0E-4,1.0E-4,1.0E-4,1.0E-4,2000
2012-10-10,1.0E-4,1.0E-4,1.0E-4,1.0E-4,100000
2012-10-15,1.0E-4,1.0E-4,1.0E-4,1.0E-4,1654392
2012-10-19,1.0E-4,1.0E-4,1.0E-4,1.0E-4,2000000
2012-11-08,1.0E-4,1.0E-4,1.0E-4,1.0E-4,6000
2012-12-27,1.0E-4,1.0E-4,1.0E-4,1.0E-4,1188932
2013-01-04,1.0E-4,2.0E-4,2.0E-4,1.0E-4,290500
2013-01-10,2.0E-4,2.0E-4,2.0E-4,2.0E-4,500000
2013-01-11,2.0E-4,2.0E-4,2.0E-4,2.0E-4,500000
2013-01-14,1.0E-4,1.0E-4,1.0E-4,1.0E-4,2500
2013-01-17,1.0E-4,1.0E-4,1.0E-4,1.0E-4,50000
2013-01-24,1.0E-4,1.0E-4,1.0E-4,1.0E-4,7142
2013-01-25,1.0E-4,1.0E-4,2.0E-4,1.0E-4,577500
2013-01-28,1.0E-4,1.0E-4,1.0E-4,1.0E-4,20000
2013-01-29,1.0E-4,1.0E-4,2.0E-4,1.0E-4,501000
2013-02-11,1.0E-4,1.0E-4,1.0E-4,1.0E-4,20334
2013-02-12,1.0E-4,1.0E-4,1.0E-4,1.0E-4,565
2013-02-13,1.0E-4,1.0E-4,1.0E-4,1.0E-4,100000
2013-02-14,1.0E-4,1.0E-4,1.0E-4,1.0E-4,1000
2013-02-15,1.0E-4,1.0E-4,1.0E-4,1.0E-4,2227164
2013-03-01,1.0E-4,1.0E-4,1.0E-4,1.0E-4,100000
2013-03-04,1.0E-4,1.0E-4,1.0E-4,1.0E-4,500000
2013-03-05,1.0E-4,1.0E-4,1.0E-4,1.0E-4,1200000
2013-03-06,0.0,0.0,0.0,0.0,200
2013-03-20,1.0E-4,1.0E-4,1.0E-4,1.0E-4,1000000
2013-03-22,1.0E-4,1.0E-4,1.0E-4,1.0E-4,1900408
2013-04-03,2.0E-4,1.0E-4,2.0E-4,1.0E-4,5900000
2013-04-04,1.0E-4,1.0E-4,1.0E-4,1.0E-4,5300000
2013-04-05,1.0E-4,1.0E-4,1.0E-4,1.0E-4,20000000
2013-04-10,1.0E-4,1.0E-4,1.0E-4,1.0E-4,900000
2013-04-15,1.0E-4,1.0E-4,1.0E-4,1.0E-4,1000000
2013-04-30,1.0E-4,1.0E-4,1.0E-4,1.0E-4,300000
2013-06-26,0.0,0.0,0.0,0.0,5000
2013-07-05,0.0,0.0,0.0,0.0,200000
2013-07-08,0.0,0.0,0.0,0.0,7500
2013-07-09,0.0,0.0,0.0,0.0,200000
2013-07-10,0.0,0.0,0.0,0.0,10000
2013-07-24,0.0,0.0,0.0,0.0,100000
2023-01-26,22.76,10.49,31.15,10.3,244040
2023-01-27,14.78,8.2,15.08,7.1,400561
2023-01-30,8.01,10.0,16.13,7.5,538026
2023-01-31,9.93,9.18,11.0,8.4,100216
2023-02-01,8.81,9.8695,10.93,8.2,374843
2023-02-02,9.67,8.45,10.13,8.25,189609
2023-02-03,8.34,8.34,8.641,8.01,40659
2023-02-06,8.09,8.0,8.49,7.5947,79870
2023-02-07,7.7,7.04,7.7,6.85,154966
2023-02-08,7.25,5.95,7.25,5.52,238345
2023-02-09,6.0,5.35,6.0,4.78,238097
2023-02-10,5.34,5.6,5.74,5.001,100284
2023-02-13,5.56,5.62,5.75,5.35,218269
2023-02-14,5.56,5.75,5.89,5.5,53939
2023-02-15,5.69,5.15,6.15,5.1226,510209
2023-02-16,5.5,5.15,5.7,5.1001,47169
2023-02-17,5.16,4.93,5.285,4.93,34343
2023-02-21,4.96,4.9899,5.43,4.22,72009
2023-02-22,4.75,4.71,4.9,4.54,43077
2023-02-23,4.75,4.28,4.85,4.26,51145
2023-02-24,4.43,4.2654,4.43,4.0,39927
2023-02-27,4.3,4.14,4.7085,3.95,61576
2023-02-28,4.0,4.4,4.84,4.0,99095
2023-03-01,4.785,4.65,4.86,4.41,36473
2023-03-02,4.73,4.46,4.85,4.26,61218
2023-03-03,4.39,4.25,4.5439,4.09,47646
2023-03-06,4.15,4.18,4.69,4.05,68530
2023-03-07,4.25,4.23,4.2994,4.12,10574
2023-03-08,4.16,4.14,4.2574,4.03,18539
2023-03-09,4.35,4.49,4.7899,4.3,242314
2023-03-10,4.28,4.5,4.65,4.28,85483
2023-03-13,4.45,4.41,4.6499,4.0,126206
2023-03-14,4.2501,4.03,4.3587,3.9901,84171
2023-03-15,3.95,3.99,4.04,3.48,300138
2023-03-16,3.85,3.55,3.9999,3.45,71492
2023-03-17,3.59,3.14,3.59,2.86,59136
2023-03-20,3.09,3.54,3.65,3.02,31364
2023-03-21,3.55,4.0,4.12,3.4,21419
2023-03-22,3.92,3.655,3.925,3.56,20757
2023-03-23,3.4501,3.89,4.05,3.4501,29945
2023-03-24,3.75,3.545,3.75,3.5,42741
2023-03-27,3.55,3.42,3.55,3.41,2684
2023-03-28,3.5,3.51,3.6226,3.41,89993
2023-03-29,3.46,3.53,3.5899,3.45,20732
2023-03-30,3.49,3.53,3.655,3.49,23745
2023-03-31,3.55,3.45,3.5799,3.45,57857
2023-04-03,3.525,3.25,3.59,3.16,63983
2023-04-04,2.92,2.85,3.5,2.74,85754
2023-04-05,2.86,2.89,3.245,2.85,37587
2023-04-06,2.92,2.78,3.3387,2.71,50076
2023-04-10,2.8,3.03,3.21,2.72,54822
2023-04-11,3.265,2.99,3.47,2.92,26525
2023-04-12,3.25,3.02,3.25,3.0,29556
2023-04-13,3.12,3.02,3.2,2.42,211087
2023-04-14,3.14,3.0001,3.28,2.8,99758
2023-04-17,3.03,3.18,3.22,2.93,41822
2023-04-18,3.12,3.15,3.44,2.7358,25474
2023-04-19,2.9,3.02,3.15,2.86,92578
2023-04-20,3.25,2.98,3.36,2.9,27245
2023-04-21,2.97,3.0,3.16,2.91,27150
2023-04-24,3.05,2.88,3.2,2.72,42880
2023-04-25,2.7404,2.7,2.83,2.64,35295
2023-04-26,2.85,2.55,2.85,2.5,26170
2023-04-27,2.53,2.47,2.6,2.2,39613
2023-04-28,2.44,2.29,2.5995,2.2,87152
2023-05-01,2.4569,2.35,2.4569,2.22,35696
2023-05-02,2.19,2.33,2.33,1.87,100760
2023-05-03,2.17,2.15,2.3352,2.04,11340
2023-05-04,2.2,2.21,2.35,2.0301,41959
2023-05-05,2.24,2.49,2.52,2.17,25251
2023-05-08,2.42,2.3,2.42,2.21,14399
2023-05-09,2.23,2.31,2.45,2.09,9352
2023-05-10,2.01,2.125,2.29,2.01,30172
2023-05-11,2.43,2.1,2.43,2.02,11717
2023-05-12,2.13,1.96,2.15,1.91,65346
2023-05-15,1.9,2.05,2.06,1.9,62395
2023-05-16,2.025,2.11,2.11,1.96,24041
2023-05-17,2.05,1.96,2.1099,1.9,9148
2023-05-18,2.0,2.05,2.06,2.0,16352
2023-05-19,2.05,2.5,2.5499,2.05,22021
