2014-04-22,5.25,5.2,5.25,5.1,17420
2014-04-23,5.25,5.25,5.25,5.21,20650
2014-04-24,5.25,5.28,5.3,5.24,18780
2014-04-25,5.3,5.29,5.3,5.27,6900
2014-04-28,5.3,5.3,5.3,5.3,1238
2014-04-29,5.3,5.3,5.3,5.3,500
2014-04-30,5.3,5.3,5.3,5.3,200
2014-05-01,5.3,5.3,5.3,5.3,2253
2014-05-02,5.3,5.29,5.3,5.27,1852
2014-05-05,5.28,5.3,5.3,5.28,2300
2014-05-06,5.28,5.32,5.32,5.27,4320
2014-05-07,5.32,5.32,5.32,5.32,500
2014-05-08,5.31,5.32,5.32,5.3,3200
2014-05-09,5.32,5.35,5.35,5.32,650
2014-05-12,5.35,5.35,5.35,5.35,400
2014-05-13,5.35,5.37,5.37,5.34,2277
2014-05-14,5.37,5.37,5.37,5.37,500
2014-05-15,5.37,5.37,5.37,5.37,1050
2014-05-16,5.37,5.38,5.38,5.36,1258
2014-05-19,5.36,5.38,5.4,5.36,2770
2014-05-20,5.4,5.4,5.4,5.4,100
2014-05-21,5.4,5.4,5.42,5.39,5136
2014-05-22,5.42,5.42,5.42,5.41,1500
2014-05-23,5.42,6.3,7.05,5.42,7804
2014-05-27,6.3,6.35,6.35,6.3,2989
2014-05-28,6.4,6.43,6.43,6.38,5565
2014-05-29,6.45,6.5,6.5,6.41,7690
2014-05-30,6.5,6.46,6.55,6.44,3800
2014-06-02,6.54,6.55,6.6,6.46,5200
2014-06-03,6.6,6.62,6.62,6.55,5690
2014-06-04,6.61,6.67,6.67,6.6,9070
2014-06-05,6.7,6.72,6.72,6.69,3145
2014-06-06,6.71,6.7,6.72,6.59,9208
2014-06-09,6.7,6.7,6.7,6.67,0
2014-06-10,6.7,6.68,6.7,6.67,0
2014-06-11,6.68,6.69,6.7,6.67,2075
2014-06-12,6.68,6.65,6.68,6.65,0
2014-06-13,6.65,6.62,6.75,6.62,12553
2014-06-16,6.67,6.61,6.67,6.61,0
2014-06-17,6.6,6.67,6.67,6.57,0
2014-06-18,6.64,6.67,6.67,6.59,5900
2014-06-19,6.68,6.63,6.75,6.63,950
2014-06-20,6.67,6.7,6.75,6.66,800
2014-06-23,6.77,6.75,6.77,6.62,2307
2014-06-24,6.75,6.58,6.75,6.58,6300
2014-06-25,6.58,6.65,6.65,6.58,2532
2014-06-26,6.6,6.55,6.63,6.55,3100
2014-06-27,6.75,6.57,6.75,6.57,2800
2014-06-30,6.7,6.57,6.7,6.57,4200
2014-07-01,6.75,6.57,6.75,6.55,1200
2014-07-02,6.58,6.7,6.99,6.57,3700
2014-07-03,6.65,6.56,6.65,6.56,600
2014-07-07,6.6,6.53,6.62,6.53,1300
2014-07-08,6.53,6.6,6.6,6.5,2444
2014-07-09,6.6,6.6,6.74,6.6,1241
2014-07-10,6.7,6.65,6.7,6.65,2850
2014-07-11,6.7,6.74,6.75,6.65,4350
2014-07-14,6.75,7.05,7.05,6.65,8850
2014-07-15,7.05,6.7,7.05,6.7,1550
2014-07-16,6.9,6.79,6.9,6.75,1900
2014-08-05,6.0,6.0,6.0,6.0,200
2014-09-12,5.9,6.0,6.0,5.9,1780
2014-10-21,3.0,3.0,3.0,3.0,3000
2014-11-06,1.0E-4,1.0E-4,1.0E-4,1.0E-4,700
2014-11-10,1.0E-4,1.0E-4,1.0E-4,1.0E-4,500
2014-11-28,0.05,0.05,0.05,0.05,7132
2014-12-02,0.01,0.01,0.01,0.01,5100
2014-12-05,0.005,0.005,0.005,0.005,1000
2014-12-18,0.03,0.05,0.1,0.01,3800
2015-01-06,0.04,0.04,0.04,0.04,300
2015-01-23,1.0E-4,1.0E-4,1.0E-4,1.0E-4,1500
2015-02-10,0.005,0.005,0.005,0.005,1100
2015-02-23,0.01,0.01,0.01,0.01,1000
2015-07-28,0.01,0.01,0.01,0.01,10300
2015-12-11,1.0E-5,1.0E-5,1.0E-5,1.0E-5,500
2016-05-20,1.0E-4,1.0E-4,1.0E-4,1.0E-4,1460
2016-08-29,NaN,NaN,NaN,NaN,0
2017-02-16,1.0E-4,1.0E-4,1.0E-4,1.0E-4,900
2017-04-13,0.001,0.001,0.001,0.001,1000
2021-09-21,19.219,18.9,19.219,18.84,20547
2021-09-22,19.14,19.5279,19.61,19.114,14677
2021-09-23,19.79,19.9,19.9999,19.7,22366
2021-09-24,19.9,19.46,19.9,19.21,94254
2021-09-27,19.46,19.35,19.53,19.328,32136
2021-09-28,19.1,18.53,19.12,18.49,32142
2021-09-29,18.77,18.2726,18.77,18.2726,13288
2021-09-30,18.71,18.45,18.71,18.36,56318
2021-10-01,19.06,19.1,19.18,18.735,13594
2021-10-04,19.06,18.85,19.06,18.475,13401
2021-10-05,19.21,19.7304,19.7304,19.21,25345
2021-10-06,20.05,20.13,20.2,19.81,60070
2021-10-07,20.18,20.0464,20.33,19.97,36603
2021-10-08,20.11,20.0702,20.26,20.01,24605
2021-10-11,20.1,20.25,20.895,20.1,41633
2021-10-12,20.3,19.68,20.3,19.66,25600
2021-10-13,19.81,20.03,20.03,19.51,30735
2021-10-14,20.29,20.27,20.35,20.12,58693
2021-10-15,20.7027,21.1136,21.21,20.7027,52482
2021-10-18,21.06,21.49,21.85,21.03,75663
2021-10-19,21.71,21.72,21.8,21.07,67497
2021-10-20,21.89,22.3,22.65,21.8707,500587
2021-10-21,22.13,21.75,22.2,21.54,101870
2021-10-22,21.81,21.2324,21.81,21.01,39924
2021-10-25,21.68,22.3,22.46,21.68,92463
2021-10-26,22.42,22.26,22.84,22.0,59457
2021-10-27,21.75,21.3,21.75,21.275,67311
2021-10-28,21.868,22.0893,22.15,21.868,31643
2021-11-01,22.58,23.22,23.22,22.5,96507
2021-11-02,23.5,24.53,24.53,23.4043,112674
2021-11-03,24.33,25.01,25.03,23.89,55581
2021-11-04,26.0,24.87,26.0,24.64,72269
2021-11-05,25.07,24.95,25.635,24.59,43157
2021-11-08,25.97,26.6,26.79,25.895,95387
2021-11-09,27.48,26.73,27.56,25.99,73160
2021-11-10,26.9,24.87,26.9,24.78,72886
2021-11-11,25.21,25.69,25.97,25.21,74937
2021-11-12,25.72,26.39,26.39,25.095,77470
2021-11-15,26.71,25.63,26.72,25.5001,131369
2021-11-16,24.57,24.77,25.3189,24.35,62594
2021-11-17,24.83,24.35,24.83,24.06,71926
2021-11-18,24.29,23.46,24.35,23.0501,79693
2021-11-19,23.46,24.26,24.62,23.46,67493
2021-11-22,24.37,22.83,24.37,22.67,59399
2021-11-23,22.96,23.34,23.42,22.55,67759
2021-11-24,22.59,23.4,23.4,22.5,56283
2021-11-29,22.9,22.97,23.1,22.25,69294
2021-11-30,22.97,22.6,23.5108,22.035,51743
2021-12-01,23.33,21.92,23.5223,21.83,88651
2021-12-02,21.8,21.43,22.14,21.06,132510
2021-12-03,21.47,19.51,21.55,19.135,138500
2021-12-06,18.56,19.36,19.605,18.0,71187
2021-12-07,20.2,20.44,20.74,20.1,82113
2021-12-08,20.31,20.56,20.62,20.23,43248
2021-12-09,20.19,19.07,20.19,18.98,67445
2021-12-10,19.55,18.74,19.55,18.455,71940
2021-12-13,18.5,17.76,18.5,17.67,43622
2021-12-14,17.47,17.78,18.1,17.4363,43214
2021-12-15,17.75,18.33,18.43,16.96,132398
2021-12-16,18.55,17.53,18.55,17.32,20292
2021-12-17,17.05,17.4,17.54,16.58,59028
2021-12-20,16.78,16.71,16.9,16.4,81312
2021-12-21,17.24,17.64,17.65,17.065,25288
2021-12-22,17.62,17.61,17.97,17.4201,55060
2021-12-23,17.69,18.67,18.72,17.4372,259971
2021-12-27,18.77,18.94,19.009,18.765,40941
2021-12-28,18.5,17.8,18.5,17.7195,36338
2021-12-29,17.6,17.45,17.815,17.32,53061
2021-12-30,17.35,17.57,17.8018,17.35,36315
2021-12-31,17.66,17.18,17.84,17.15,36552
2022-01-03,17.44,17.36,17.63,17.18,148539
2022-01-04,17.52,17.35,17.76,17.0101,64257
2022-01-05,17.26,16.05,17.26,16.05,174798
2022-01-06,15.93,15.9,16.07,15.2401,60007
2022-01-07,15.77,15.69,16.15,15.4588,42637
2022-01-10,15.22,15.365,15.39,14.77,36347
2022-01-11,15.38,16.11,16.2,15.33,31881
2022-01-12,16.58,16.33,16.6992,16.185,130873
2022-01-13,16.6,15.52,16.6,15.495,46895
2022-01-14,15.42,15.67,15.675,15.1958,31569
2022-01-18,15.26,14.7,15.26,14.65,79549
2022-01-19,14.93,14.38,15.1,14.36,95287
2022-01-20,14.62,14.35,15.3213,14.35,100294
2022-01-21,13.82,12.67,13.9,12.6,84895
2022-01-24,11.67,12.63,12.67,11.16,185726
2022-01-25,12.39,12.46,12.8552,12.02,108861
2022-01-26,13.07,12.43,13.3985,12.25,148552
2022-01-27,12.52,11.53,12.52,11.45,169646
2022-01-28,11.64,12.2,12.2499,11.24,64546
2022-01-31,12.29,13.29,13.29,12.2,59301
2022-02-01,13.66,13.91,14.0,13.2,224312
2022-02-02,13.81,12.96,13.81,12.72,92078
2022-02-03,12.65,12.38,12.89,12.33,79217
2022-02-04,12.46,13.44,13.54,12.45,83452
2022-02-07,13.93,14.2,14.45,13.93,81257
2022-02-08,14.08,14.37,14.37,13.7841,70064
2022-02-09,14.65,15.06,15.06,14.4689,119576
2022-02-10,14.65,14.69,15.5462,14.5,58099
2022-02-11,14.699,13.98,14.9946,13.9,40127
2022-02-14,14.03,13.82,14.29,13.6,35406
2022-02-15,14.48,14.67,14.71,14.35,28701
2022-02-16,14.54,14.4,14.62,14.22,29973
2022-02-17,14.14,13.4,14.1487,13.3,69544
2022-02-18,13.4,12.91,13.4117,12.7501,38983
2022-02-22,12.56,12.44,12.865,12.2,70389
2022-02-23,12.8,12.03,12.86,11.96,61035
2022-02-24,11.26,12.73,12.8,11.13,139521
2022-02-25,13.1,13.13,13.21,12.67,71025
2022-02-28,13.03,13.92,14.05,13.03,58908
2022-03-01,14.21,13.82,14.455,13.558,95712
2022-03-02,13.87,13.97,14.08,13.66,45057
2022-03-03,14.07,13.08,14.07,12.9788,30527
2022-03-04,12.92,12.21,12.92,12.05,56997
2022-03-07,12.23,11.54,12.45,11.53,55973
2022-03-08,11.56,11.92,12.38,11.45,41928
2022-03-09,12.72,13.12,13.28,12.595,77439
2022-03-10,12.65,12.89,12.92,12.43,22685
2022-03-11,13.05,12.09,13.05,12.09,37240
2022-03-14,12.08,11.46,12.08,11.3491,32112
2022-03-15,11.58,11.83,11.871,11.425,49954
2022-03-16,12.26,12.96,12.96,12.17,36176
2022-03-17,12.79,13.4273,13.44,12.75,41734
2022-03-18,13.32,14.19,14.19,13.32,22473
2022-03-21,14.19,13.84,14.2,13.6099,49886
2022-03-22,14.13,14.67,14.7698,14.13,79281
2022-03-23,14.51,14.43,14.85,14.28,62959
2022-03-24,14.63,14.95,14.9595,14.24,68623
2022-03-25,15.07,14.64,15.2006,14.45,75840
2022-03-28,15.06,15.4493,15.73,14.97,36209
2022-03-29,15.69,15.77,15.78,15.2,25294
2022-03-30,15.45,15.04,15.49,14.97,148764
2022-03-31,15.03,14.4,15.03,14.35,44504
2022-04-01,14.33,14.33,14.57,14.15,36487
2022-04-04,14.35,14.68,14.69,14.32,58556
2022-04-05,14.69,13.97,14.69,13.82,56006
2022-04-06,13.69,13.11,13.69,12.92,42994
2022-04-07,13.16,12.92,13.23,12.57,39161
2022-04-08,12.9,12.61,12.99,12.61,18998
2022-04-11,12.41,12.22,12.52,12.09,37405
2022-04-12,12.48,12.03,12.76,11.9174,43615
2022-04-13,12.0,12.46,12.5,11.97,49281
2022-04-14,12.55,11.91,12.55,11.881,99459
2022-04-18,11.84,11.77,11.86,11.45,23773
2022-04-19,11.85,12.26,12.28,11.85,25400
2022-04-20,12.4,11.79,12.44,11.76,52078
2022-04-21,12.11,11.23,12.19,11.151,38884
2022-04-22,11.2,10.73,11.32,10.7,80342
2022-04-25,10.55,10.98,11.0,10.52,53454
2022-04-26,10.94,10.19,10.94,10.19,46665
2022-04-27,10.21,10.21,10.63,10.169,59378
2022-04-28,10.39,10.49,10.5876,9.83,31933
2022-04-29,10.34,9.78,10.6,9.77,22034
2022-05-02,9.71,10.2,10.2,9.7,37869
2022-05-03,10.19,10.08,10.4399,10.03,23816
2022-05-04,10.2,10.63,10.67,9.67,33580
2022-05-05,10.43,9.6,10.43,9.435,103411
2022-05-06,9.49,9.22,9.53,8.92,51607
2022-05-09,8.69,7.64,8.7,7.52,200474
2022-05-10,8.01,7.36,8.01,7.22,782794
2022-05-11,6.8,6.18,7.08,6.15,254397
2022-05-12,5.88,6.2,6.47,5.45,110629
2022-05-13,6.78,7.03,7.35,6.675,70054
2022-05-16,6.88,6.5,6.88,6.4401,24288
2022-05-17,6.8,6.98,7.019,6.671,47420
2022-05-18,6.79,6.522,6.9245,6.48,44138
2022-05-19,6.54,6.77,7.0,6.54,48128
2022-05-20,6.96,6.54,6.96,6.227,64576
2022-05-23,6.69,6.61,6.74,6.43,216637
2022-05-24,6.45,6.17,6.45,6.05,101701
2022-05-25,6.15,6.45,6.514,6.15,262787
2022-05-26,6.27,6.7,6.77,6.15,103378
2022-05-27,6.77,6.92,7.09,6.77,117978
2022-05-31,7.22,7.3,7.59,7.08,68262
2022-06-01,7.3,6.65,7.3,6.62,45441
2022-06-02,6.65,7.02,7.11,6.65,28222
2022-06-03,6.79,6.62,6.83,6.53,60316
2022-06-06,6.89,6.73,7.01,6.6995,15527
2022-06-07,6.4056,6.7,6.711,6.38,26758
2022-06-08,6.63,6.67,6.9133,6.63,14570
2022-06-09,6.61,6.23,6.61,6.2216,25685
2022-06-10,6.0,5.94,6.07,5.859,48917
2022-06-13,5.17,5.013,5.42,4.9176,80066
2022-06-15,5.08,5.31,5.36,5.02,79493
2022-06-16,5.05,4.9443,5.11,4.88,297566
2022-06-17,4.94,5.0293,5.1301,4.92,139584
2022-06-21,5.23,5.29,5.87,5.23,126009
2022-06-22,5.14,5.03,5.325,5.01,44088
2022-06-23,5.08,5.32,5.32,4.99,14313
2022-06-24,5.49,5.64,5.65,5.47,40156
2022-06-27,5.56,5.4,5.56,5.26,36036
2022-06-28,5.42,5.03,5.4999,5.0,33825
2022-06-29,4.95,4.8078,4.95,4.7387,20916
2022-06-30,4.63,4.53,4.688,4.4417,28839
2022-07-01,4.61,4.64,4.66,4.53,71545
2022-07-05,4.51,5.06,5.07,4.44,39045
2022-07-06,5.02,4.9,5.02,4.83,20886
2022-07-07,4.96,5.391,5.405,4.96,9144
2022-07-08,5.22,5.5536,5.7498,5.22,173393
2022-07-11,5.36,5.09,5.4,5.07,78443
2022-07-12,5.09,4.999,5.2,4.95,23844
2022-07-13,4.81,4.9657,5.04,4.75,21584
2022-07-14,4.81,5.0086,5.07,4.7401,27991
2022-07-15,5.13,5.19,5.24,5.01,78175
2022-07-18,5.44,5.59,5.98,5.44,136994
2022-07-19,5.84,6.32,6.33,5.78,113303
2022-07-20,6.46,6.77,6.905,6.45,51466
2022-07-21,6.54,6.79,6.79,6.46,41261
2022-07-22,6.89,6.415,6.939,6.355,23525
2022-07-25,6.29,6.2143,6.321,6.1465,15892
2022-07-26,5.99,5.6525,5.99,5.64,27424
2022-07-27,5.81,6.22,6.28,5.81,220861
2022-07-28,6.21,6.5,6.53,6.06,67989
2022-07-29,6.45,6.615,6.63,6.37,29708
2022-08-01,6.48,6.51,6.66,6.41,29033
2022-08-02,6.44,6.8456,6.94,6.44,83210
2022-08-03,6.93,7.39,7.409,6.93,36520
2022-08-04,7.85,7.4396,8.08,7.3901,57645
2022-08-05,7.31,7.6,7.7699,7.31,29648
2022-08-08,7.86,7.87,8.2499,7.76,60865
2022-08-09,7.7,7.41,7.7,7.355,51378
2022-08-10,7.8645,8.036,8.04,7.63,77180
2022-08-11,8.45,7.94,8.629,7.87,172798
2022-08-12,8.02,8.42,8.4299,7.96,56373
2022-08-15,8.34,8.42,8.4988,8.2,22685
2022-08-16,8.36,8.02,8.36,7.86,56321
2022-08-17,7.76,7.535,7.76,7.51,176143
2022-08-18,7.5759,7.4488,7.5759,7.4,18182
2022-08-19,7.03,6.76,7.03,6.74,40090
2022-08-22,6.52,6.45,6.65,6.42,36092
2022-08-23,6.5501,6.5286,6.78,6.45,41319
2022-08-24,6.57,6.68,6.8,6.57,54239
2022-08-25,6.75,6.7833,6.83,6.62,35917
2022-08-26,6.8072,6.3,6.82,6.26,138784
2022-08-29,6.14,6.3034,6.4299,6.11,68374
2022-08-30,6.46,6.2637,6.46,6.12,17613
2022-08-31,6.38,6.2921,6.4401,6.207,16994
2022-09-01,6.15,6.09,6.15,5.89,40616
2022-09-02,6.24,5.9624,6.25,5.93,29097
2022-09-06,5.99,5.77,6.056,5.76,11608
2022-09-07,5.87,6.088,6.1,5.73,7217
2022-09-08,6.0,6.49,6.49,5.9692,30323
2022-09-09,6.84,6.93,6.969,6.72,54244
2022-09-12,7.09,7.136,7.17,6.93,27290
2022-09-13,6.62,6.46,6.7,6.43,49308
2022-09-14,6.47,6.48,6.5,6.35,13344
2022-09-15,6.35,6.3566,6.72,6.33,42418
2022-09-16,6.2,6.01,6.2,6.0,15873
2022-09-19,5.89,5.91,5.98,5.765,93490
2022-09-20,5.82,5.71,5.86,5.69,27207
2022-09-22,5.76,5.4995,5.77,5.4452,22901
2022-09-23,5.3,5.33,5.41,5.185,41321
2022-09-26,5.31,5.32,5.55,5.27,22076
2022-09-27,5.53,5.4112,5.7,5.315,20019
2022-09-28,5.4,5.74,5.779,5.4,35527
2022-09-29,5.5052,5.42,5.5052,5.32,21427
2022-09-30,5.38,5.46,5.74,5.38,28624
2022-10-03,5.49,5.63,5.71,5.4099,75329
2022-10-04,5.99,6.165,6.165,5.98,37624
2022-10-05,6.0,6.07,6.099,5.8,35385
2022-10-06,6.02,6.02,6.17,5.94,12342
2022-10-07,5.85,5.59,5.85,5.5223,24364
2022-10-10,5.63,5.48,5.64,5.4284,11593
2022-10-11,5.49,5.4239,5.57,5.25,29038
2022-10-12,5.38,5.45,5.4593,5.2901,7221
2022-10-13,5.1,5.48,5.558,5.02,51937
2022-10-14,5.63,5.17,5.6492,5.14,14881
2022-10-17,5.39,5.4643,5.565,5.39,22283
2022-10-18,5.62,5.31,5.65,5.24,25696
2022-10-19,5.24,5.16,5.299,5.1,17146
2022-10-20,5.18,5.14,5.42,5.11,44823
2022-10-21,5.08,5.34,5.3446,5.01,24046
2022-10-24,5.4,5.43,5.47,5.21,74718
2022-10-25,5.43,5.97,6.0,5.43,14854
2022-10-26,5.91,5.91,6.27,5.91,18034
2022-10-27,5.96,5.78,6.01,5.77,31385
2022-10-28,5.75,5.91,5.92,5.68,8242
2022-10-31,5.91,5.67,5.98,5.65,22596
2022-11-01,5.83,5.51,5.89,5.5,32818
2022-11-02,5.53,5.19,5.62,5.17,28393
2022-11-03,5.06,5.04,5.25,5.01,74432
2022-11-04,5.32,5.26,5.39,5.065,37936
2022-11-07,5.28,5.15,5.28,5.06,20568
2022-11-08,4.93,4.526,5.0829,4.33,46362
2022-11-09,4.26,4.02,4.3,4.0,126607
2022-11-10,4.4,4.3,4.475,4.21,45885
2022-11-11,4.14,4.38,4.42,4.02,50771
2022-11-14,4.39,4.24,4.39,4.21,73964
2022-11-15,4.38,4.28,4.51,4.22,47646
2022-11-16,4.11,4.06,4.17,3.938,36189
2022-11-17,3.89,3.94,4.01,3.85,31645
2022-11-18,3.985,3.85,3.985,3.78,31726
2022-11-21,3.77,3.63,3.782,3.58,64161
2022-11-22,3.7,3.77,3.78,3.63,36931
2022-11-23,3.75,3.93,3.93,3.73,187223
2022-11-25,3.92,3.92,3.93,3.852,211061
2022-11-28,3.8,3.77,3.8927,3.72,153130
2022-11-29,3.77,3.79,3.86,3.73,68949
2022-11-30,3.84,4.02,4.03,3.745,49985
2022-12-01,4.03,4.07,4.11,4.0,37707
2022-12-02,3.98,4.1001,4.11,3.9301,30311
2022-12-05,4.1,3.888,4.1,3.8208,78049
2022-12-06,3.83,3.76,3.9,3.67,106999
2022-12-07,3.67,3.7,3.76,3.67,79574
2022-12-08,3.74,3.85,3.85,3.74,61166
2022-12-09,3.77,3.74,3.808,3.73,44322
2022-12-12,3.69,3.7681,3.77,3.69,16236
2022-12-13,3.97,3.74,4.011,3.7,38320
2022-12-14,3.72,3.73,3.8697,3.72,45729
2022-12-15,3.63,3.56,3.65,3.5435,28638
2022-12-16,3.54,3.45,3.569,3.41,39370
2022-12-19,3.44,3.36,3.44,3.36,21710
2022-12-20,3.38,3.35,3.468,3.35,25666
2022-12-21,3.39,3.4,3.4599,3.39,16081
2022-12-22,3.36,3.27895,3.36,3.23,29838
2022-12-23,3.31,3.3,3.32,3.2492,18029
2022-12-27,3.32,3.18,3.32,3.15,33552
2022-12-28,3.13,3.08,3.175,3.08,114523
2022-12-29,3.16,3.28,3.29,3.16,40406
2022-12-30,3.24,3.2907,3.32,3.1711,77545
2023-01-03,3.37,3.35,3.41,3.27,19424
2023-01-04,3.39,3.56,3.6299,3.38,299542
2023-01-05,3.49,3.36,3.49,3.32,6010
2023-01-06,3.36,3.48,3.48,3.29,29790
2023-01-09,3.61,3.64,3.73,3.55,47220
2023-01-10,3.61,3.89,3.89,3.61,50153
2023-01-11,3.9,3.8902,3.9,3.825,17425
2023-01-12,3.91,4.0918,4.095,3.87,17517
2023-01-13,4.03,4.1944,4.2,4.0075,10774
2023-01-17,4.25,4.35,4.375,4.24,48283
2023-01-18,4.42,4.11,4.4395,4.11,28266
2023-01-19,4.04,4.12,4.1999,4.03,18171
2023-01-20,4.16,4.37,4.4,4.16,16568
2023-01-23,4.38,4.5446,4.56,4.38,90295
2023-01-24,4.51,4.47,4.56,4.451,32510
2023-01-25,4.25,4.44,4.48,4.25,7061
2023-01-26,4.61,4.4395,4.61,4.36,8743
2023-01-27,4.48,4.63,4.701,4.4796,13857
2023-01-30,4.65,4.49,4.65,4.44,36631
2023-01-31,4.48,4.5601,4.61,4.48,172293
2023-02-01,4.5556,4.81,4.91,4.4714,21054
2023-02-02,5.05,5.3,5.42,5.02,58449
2023-02-03,5.04,5.03,5.42,5.03,172678
2023-02-06,4.98,4.9912,5.035,4.89,17098
2023-02-07,4.93,4.97,5.0,4.8,31174
2023-02-08,4.98,4.87,5.07,4.85,10705
2023-02-09,4.95,4.4711,4.95,4.4,41732
2023-02-10,4.41,4.35,4.48,4.3196,15216
2023-02-13,4.31,4.35,4.35,4.24,5280
2023-02-14,4.28,4.53,4.6,4.28,30707
2023-02-15,4.61,4.8882,4.8908,4.57,16217
2023-02-16,4.82,4.75,5.1,4.69,30398
2023-02-17,4.7,4.86,4.86,4.6401,11734
2023-02-21,4.79,4.57,4.83,4.55,29530
2023-02-22,4.6,4.55,4.669,4.45,13430
2023-02-23,4.625,4.56,4.66,4.472,26392
2023-02-24,4.55,4.3998,4.55,4.3201,25356
2023-02-27,4.47,4.43,4.51,4.3925,13729
2023-02-28,4.43,4.5492,4.61,4.42,25343
2023-03-01,4.56,4.5,4.56,4.43,8704
2023-03-02,4.34,4.43,4.43,4.29,7505
2023-03-03,4.3868,4.47,4.49,4.37,16251
2023-03-06,4.48,4.44,4.65,4.44,23223
2023-03-07,4.42,4.29,4.43,4.29,61841
2023-03-08,4.25,4.32,4.34,4.22,12517
2023-03-09,4.25,4.0,4.32,3.99,23547
2023-03-10,3.95,3.7598,3.95,3.69,112633
2023-03-13,3.82,4.0936,4.15,3.61,34557
2023-03-14,4.41,4.2895,4.45,4.2,25365
2023-03-15,4.28,4.2562,4.32,4.15,26936
2023-03-16,4.26,4.47,4.48,4.26,21789
2023-03-17,4.6,4.7782,4.83,4.575,29780
2023-03-20,4.97,4.76,4.97,4.7,11849
2023-03-21,4.85,5.065,5.07,4.81,40708
2023-03-22,5.05,4.6606,5.08,4.6606,14484
2023-03-23,4.35,4.59,4.78,4.35,53927
2023-03-24,4.5,4.5044,4.5599,4.43,33587
2023-03-27,4.48,4.27,4.48,4.18,33364
2023-03-28,4.1401,4.34,4.34,4.1401,16838
2023-03-29,4.48,4.7274,4.73,4.48,32076
2023-03-30,4.77,4.72,4.81,4.66,27376
2023-03-31,4.85,4.9364,5.03,4.83,14660
2023-04-03,4.88,4.99,5.0,4.79,9920
2023-04-04,4.95,4.9057,4.95,4.7969,2819
2023-04-05,4.9,4.7,4.9,4.69,2331
2023-04-06,4.65,4.75,4.86,4.57,25263
2023-04-10,4.77,5.08,5.1,4.66,20249
2023-04-11,5.28,5.4802,5.6,5.235,34022
2023-04-12,5.46,5.2812,5.57,5.28,13642
2023-04-13,5.45,5.7099,5.75,5.45,14681
2023-04-14,5.8,5.5953,5.8999,5.4617,22942
2023-04-17,5.43,5.4426,5.51,5.33,40418
2023-04-18,5.73,5.5696,5.8,5.47,11016
2023-04-19,5.33,5.2612,5.41,5.25,13574
2023-04-20,5.15,4.902,5.19,4.89,34319
2023-04-21,5.06,4.8501,5.06,4.801,15743
2023-04-24,4.86,4.7202,4.86,4.66,17095
2023-04-25,4.73,4.7444,4.7444,4.57,6629
2023-04-26,4.94,4.8248,5.1747,4.8248,39327
2023-04-27,4.88,5.0285,5.07,4.81,14143
2023-04-28,4.96,5.0708,5.1999,4.86,6172
2023-05-01,4.913,4.7456,4.9138,4.6926,28362
2023-05-02,4.82,4.9498,5.02,4.77,23322
2023-05-03,4.88,4.748,4.88,4.748,13904
2023-05-04,4.85,4.85,4.93,4.75,4821
