2022-02-24,24.48,25.0897,25.1,24.48,104073
2022-02-25,25.2195,25.6619,25.67,25.138,39701
2022-02-28,25.53,25.26,25.53,25.05,34849
2022-03-01,25.19,25.1462,25.39,25.0345,149760
2022-03-02,25.41,25.6386,25.7,25.41,88861
2022-03-03,25.9,25.9075,25.99,25.5999,99076
2022-03-04,25.93,26.1024,26.11,25.65,48479
2022-03-07,26.3,25.645,26.3,25.645,64996
2022-03-08,25.65,25.5099,25.92,25.4499,266704
2022-03-09,26.07,25.8496,26.08,25.8496,34578
2022-03-10,25.82,25.9543,25.96,25.5251,74119
2022-03-11,26.1699,25.71,26.1699,25.69,82960
2022-03-14,25.97,25.4947,25.97,25.44,131376
2022-03-15,25.62,25.6602,25.739,25.49,157715
2022-03-16,26.03,25.9293,26.0332,25.6301,143083
2022-03-17,26.08,26.2917,26.32,26.08,164996
2022-03-18,26.51,26.3503,26.51,26.22,103087
2022-03-21,26.51,26.194876,26.51,26.09,195823
2022-03-22,26.48,26.2291,26.48,26.21,40198
2022-03-23,25.975,25.9487,26.14,25.9487,44749
2022-03-24,26.0,26.1063,26.1063,25.9496,85875
2022-03-25,26.235,26.4652,26.47,26.19,40671
2022-03-28,28.49,26.7541,28.91,26.5,47294
2022-03-29,27.12,27.5789,27.61,27.03,59795
2022-03-30,27.63,27.361,27.63,27.3,24011
2022-03-31,28.73,27.11,28.73,27.1,70971
2022-04-01,27.39,27.6322,27.6322,27.145,30830
2022-04-04,27.8,27.4219,27.8,27.26,7570
2022-04-05,27.42,27.3566,27.76,27.3101,64879
2022-04-06,27.48,27.7549,27.78,27.48,48850
2022-04-07,27.64,27.5202,27.64,27.3699,31990
2022-04-08,27.67,27.5379,27.67,27.405,19137
2022-04-11,27.3,27.1952,27.532,27.17,10222
2022-04-12,27.23,27.1965,27.41,27.09,81066
2022-04-13,27.36,27.3772,27.4,27.11,67441
2022-04-14,27.63,27.265,27.63,27.265,18956
2022-04-18,27.4,27.16,27.4,27.04,17193
2022-04-19,27.49,27.73,27.8,27.48,38939
2022-04-20,29.11,28.2378,29.11,27.86,18664
2022-04-21,28.53,28.06,28.53,28.06,36038
2022-04-22,29.46,27.57,29.6,27.57,34104
2022-04-25,27.68,27.47,27.68,27.07,49337
2022-04-26,27.41,27.0672,27.55,27.0599,48991
2022-04-27,27.34,26.8835,27.34,26.8699,71773
2022-04-28,27.21,27.32,27.44,26.73,83879
2022-04-29,27.39,25.99,27.39,25.99,53180
2022-05-02,26.31,25.38,26.31,24.9032,144831
2022-05-03,25.64,25.7183,25.82,25.32,70037
2022-05-04,25.85,25.95,25.98,25.32,75356
2022-05-05,25.97,25.28,25.97,25.15,58247
2022-05-06,25.16,25.04,25.2089,24.7872,78404
2022-05-09,24.97,23.9265,24.97,23.8799,113236
2022-05-10,24.06,23.49,24.23,23.34,88934
2022-05-11,23.62,23.4427,23.915,23.4099,120613
2022-05-12,23.58,23.6,23.6331,23.28,259040
2022-05-13,24.01,24.2199,24.24,23.705,87503
2022-05-16,24.37,24.07,24.37,24.0699,106068
2022-05-17,24.48,24.37,24.48,24.05,156106
2022-05-18,24.46,23.65,24.46,23.6099,99081
2022-05-19,23.67,23.55,23.82,23.53,118117
2022-05-20,23.97,23.73,23.97,23.4,156640
2022-05-23,24.1,23.99,24.1,23.68,103970
2022-05-24,24.13,24.25,24.31,23.61,107947
2022-05-25,24.35,24.45,24.57,24.2,140004
2022-05-26,24.74,24.45,24.74,24.44,103704
2022-05-27,24.74,25.11,25.11,24.72,92980
2022-05-31,25.05,24.82,25.05,24.6915,71372
2022-06-01,25.06,24.62,25.06,24.3094,94127
2022-06-02,24.72,24.96,24.96,24.2835,294411
2022-06-03,24.63,24.65,24.91,24.6,59166
2022-06-06,24.98,24.56,24.98,24.5261,55102
2022-06-07,24.55,24.9,24.91,24.3599,93560
2022-06-08,24.94,24.33,24.94,24.2663,54203
2022-06-09,24.15,23.78,24.365,23.78,58049
2022-06-10,23.68,23.28,23.68,23.26,62880
2022-06-13,22.76,22.14,22.76,22.055,158027
2022-06-15,22.28,22.46,22.78,22.16,221120
2022-06-16,22.24,21.92,22.24,21.86,537424
2022-06-17,21.91,22.1,22.28,21.91,115978
2022-06-21,22.25,22.392115,22.64,22.25,134028
2022-06-22,22.15,22.68,22.97,22.15,371625
2022-06-23,22.68,23.12,23.16,22.68,637199
2022-06-24,23.17,23.57,23.6,23.17,90636
2022-06-27,23.74,23.54,23.81,23.47,157665
2022-06-28,23.832,23.28,23.88,23.2698,238923
2022-06-29,23.33,23.1672,23.33,22.91,294207
2022-06-30,22.97,23.11,23.36,22.88,141594
2022-07-01,23.2,23.48,23.54,23.0987,122097
2022-07-05,23.45,23.38,23.45,22.87,82576
2022-07-06,23.58,23.39,23.6796,23.33,102938
2022-07-07,23.65,23.43,23.65,23.36,188400
2022-07-08,23.23,23.26,23.44,23.215,204046
2022-07-11,23.31,23.27,23.32,23.08,74550
2022-07-12,23.1824,23.14,23.3899,22.98,69620
2022-07-13,22.81,23.04,23.2052,22.78,109558
2022-07-14,22.69,22.85,22.94,22.69,78551
2022-07-15,23.23,23.24,23.32,23.03,163072
2022-07-18,23.45,23.06,23.45,22.9615,151767
2022-07-19,23.34,23.66,23.67,23.2416,99302
2022-07-20,23.74,23.58,23.86,23.49,184539
2022-07-21,23.67,23.75,23.75,23.38,153377
2022-07-22,23.89,23.8811,24.02,23.7469,219624
2022-07-25,24.05,23.95,24.08,23.8233,66043
2022-07-26,23.96,24.0,24.11,23.9173,92357
2022-07-27,24.04,24.13,24.17,23.89,69796
2022-07-28,24.4,24.94,24.96,24.36,147701
2022-07-29,25.07,25.07,25.17,24.87,124325
2022-08-01,25.12,24.88,25.12,24.78,96638
2022-08-02,24.95,24.56,24.95,24.5392,82434
2022-08-03,24.8,24.61,24.88,24.61,94525
2022-08-04,24.73,24.63,24.73,24.48,76914
2022-08-05,24.46,24.67,24.67,24.35,84083
2022-08-08,24.91,24.8978,25.068,24.7729,78818
2022-08-09,25.02,25.08,25.08,24.855,100774
2022-08-10,25.48,25.42,25.48,25.22,104748
2022-08-11,25.6,25.36,25.63,25.2872,143736
2022-08-12,25.56,25.78,25.78,25.5,60308
2022-08-15,25.76,25.89,25.93,25.69,133064
2022-08-16,25.9,25.82,25.94,25.74,116770
2022-08-17,25.67,25.68,25.82,25.52,84259
2022-08-18,25.72,25.4914,25.77,25.4089,73134
2022-08-19,25.43,25.26,25.49,25.18,100091
2022-08-22,25.16,24.74,25.16,24.7295,122957
2022-08-23,24.79,24.37,24.79,24.3,86310
2022-08-24,24.48,24.54,24.68,24.39,111102
2022-08-25,24.68,24.87,24.88,24.593,161149
2022-08-26,24.93,24.2815,24.93,24.2815,147448
2022-08-29,24.1,24.08,24.295,24.05,144370
2022-08-30,24.28,23.73,24.28,23.71,112922
2022-08-31,23.92,23.6,23.9587,23.58,106202
2022-09-01,23.6,23.69,23.69,23.29,65755
2022-09-02,23.96,23.33,23.96,23.295,110421
2022-09-06,23.54,23.6,23.63,23.3734,95025
2022-09-07,23.68,24.05,24.07,23.64,112654
2022-09-08,23.95,24.0899,24.16,23.87,111745
2022-09-09,24.24,24.32,24.4,24.0699,93859
2022-09-12,24.53,24.57,24.595,24.45,80133
2022-09-13,24.15,23.66,24.15,23.63,81244
2022-09-14,23.73,23.41,23.73,23.2189,74494
2022-09-15,23.45,22.94,23.45,22.92,83978
2022-09-16,22.75,22.99,23.0,22.65,96367
2022-09-19,22.94,22.833875,22.94,22.63,165512
2022-09-20,22.78,22.28,22.78,22.19,303595
2022-09-22,21.91,21.6935,21.91,21.63,74116
2022-09-23,21.53,21.42,21.56,21.2,166827
2022-09-26,21.4,20.8,21.4,20.6046,195348
2022-09-27,21.07,20.525,21.0886,20.4911,221554
2022-09-28,20.67,20.93,21.02,20.53,259493
2022-09-29,20.87,20.34,20.87,20.215,412995
2022-09-30,20.49,20.5599,20.6957,20.405,299647
2022-10-03,20.97,20.91,21.0281,20.6048,219625
2022-10-04,21.18,21.2705,21.46,21.1433,187272
2022-10-05,21.15,20.87,21.15,20.51,309265
2022-10-06,20.86,20.26,20.86,20.22,135646
2022-10-07,20.09,19.7981,20.09,19.66,266497
2022-10-10,19.9,19.57,19.9232,19.5433,379733
2022-10-11,19.57,19.79,19.895,19.35,322907
2022-10-12,19.87,19.56,19.87,19.4547,333710
2022-10-13,19.15,19.915,20.03,19.1214,256617
2022-10-14,20.21,19.45,20.23,19.41,360729
2022-10-17,19.72,20.17,20.24,19.72,276076
2022-10-18,20.57,20.41,20.67,20.23,276259
2022-10-19,20.12,19.9,20.25,19.8099,234855
2022-10-20,19.94,19.81,20.1,19.76,299862
2022-10-21,19.79,19.94,19.94,19.5301,215231
2022-10-24,20.0,19.94,20.14,19.84,235483
2022-10-25,20.01,20.73,20.75,20.01,252063
2022-10-26,20.79,20.69,20.87,20.57,337078
2022-10-27,20.8,20.7291,20.95,20.69,151454
2022-10-28,20.82,21.26,21.2781,20.78,132833
2022-10-31,21.04,21.21,21.33,21.04,416038
2022-11-01,21.45,21.21,21.45,21.15,182685
2022-11-02,21.13,20.65,21.26,20.645,105751
2022-11-03,20.59,20.62,20.76,20.2775,254926
2022-11-04,20.87,20.93,21.0186,20.51,563059
2022-11-07,21.08,20.88,21.08,20.7424,158154
2022-11-08,20.98,20.97,21.16,20.86,456869
2022-11-09,21.0,20.75,21.14,20.71,191642
2022-11-10,21.5,22.23,22.27,21.5,183407
2022-11-11,22.38,22.23,22.41,22.1,140528
2022-11-14,22.26,21.67,22.26,21.66,119696
2022-11-15,22.02,21.93,22.02,21.6844,138365
2022-11-16,21.91,21.71,21.91,21.665,195644
2022-11-17,21.61,21.55,21.61,21.3799,336618
2022-11-18,21.89,21.87,21.9,21.6417,196855
2022-11-21,21.79,21.99,21.99,21.72,222480
2022-11-22,22.22,22.12,22.22,21.9563,173217
2022-11-23,22.09,22.07,22.22,21.94,168279
2022-11-25,22.16,22.25,22.25,22.16,33414
2022-11-28,22.16,21.65,22.18,21.6063,378168
2022-11-29,21.83,22.03,22.03,21.76,242113
2022-11-30,22.13,22.51,22.51,21.82,951964
2022-12-01,22.57,22.44,22.75,22.2527,196789
2022-12-02,22.25,22.38,22.47,22.1301,193191
2022-12-05,22.32,21.96,22.32,21.91,142393
2022-12-06,22.09,21.79,22.09,21.6815,609585
2022-12-07,21.8,21.83,22.05,21.71,235459
2022-12-08,21.97,21.99,22.14,21.85,497293
2022-12-09,21.97,21.96,22.1423,21.9434,693657
2022-12-12,22.11,22.12,22.12,21.84,92347
2022-12-13,22.78,22.52,22.805,22.27,127181
2022-12-14,22.43,22.34,22.74,22.24,152128
2022-12-15,22.01,22.08,22.2,21.94,243866
2022-12-16,21.85,21.48,21.85,21.24,191853
2022-12-19,21.55,20.97339,21.55,21.0722,269063
2022-12-20,20.92,20.92,21.04,20.68,321963
2022-12-21,21.12,21.1,21.31,21.03,268663
2022-12-22,21.06,21.03,21.06,20.6299,387261
2022-12-23,21.06,21.22,21.22,20.8851,241347
2022-12-27,21.25,21.21,21.2597,21.0141,437681
2022-12-28,21.32,20.86,21.32,20.8151,382045
2022-12-29,20.96,21.32,21.34,20.96,498648
2022-12-30,21.14,21.15,21.24,20.9,404187
2023-01-03,21.38,21.12,21.43,20.9175,243589
2023-01-04,21.33,21.63,21.82,21.31,225650
2023-01-05,21.54,21.04,21.54,20.97,238629
2023-01-06,21.12,21.56,21.66,21.07,125857
2023-01-09,21.71,21.57,21.81,21.5,179516
2023-01-10,21.48,21.63,21.63,21.4062,115702
2023-01-11,21.78,22.41,22.41,21.78,135656
2023-01-12,22.51,22.68,22.71,22.3,185206
2023-01-13,22.37,22.51,22.61,22.37,194359
2023-01-17,22.52,22.61,22.7199,22.51,1337006
2023-01-18,22.66,22.28,22.73,22.2497,213257
2023-01-19,22.09,22.18,22.43,22.09,523472
2023-01-20,22.23,22.43,22.43,21.9372,97869
2023-01-23,22.38,22.52,22.6299,22.3092,104444
2023-01-24,22.54,22.6,22.66,22.05,110528
2023-01-25,22.42,22.61,22.62,22.39,135583
2023-01-26,22.69,22.84,22.84,22.62,133906
2023-01-27,22.67,23.09,23.16,22.67,109901
2023-01-30,23.01,22.8,23.15,22.77,175562
2023-01-31,22.84,23.28,23.2855,22.8,130105
2023-02-01,23.21,23.41,23.56,22.9598,107436
2023-02-02,23.58,23.92,24.1186,23.58,125766
2023-02-03,23.74,23.47,23.74,23.17,135301
2023-02-06,23.35,23.34,23.35,23.09,109407
2023-02-07,23.29,23.26,23.354,23.029,108896
2023-02-08,23.27,23.19,23.27,23.091,167232
2023-02-09,23.32,22.91,23.35,22.845,86936
2023-02-10,22.91,23.0,23.039,22.71,54612
2023-02-13,23.05,23.19,23.208,23.05,76324
2023-02-14,23.14,22.99,23.27,22.8501,91634
2023-02-15,22.89,23.06,23.06,22.78,103598
2023-02-16,22.84,22.86,23.04,22.5715,113728
2023-02-17,22.73,22.77,22.8,22.56,144533
2023-02-21,22.67,22.36,22.67,22.26,108554
2023-02-22,22.46,22.14,22.46,22.0301,103306
2023-02-23,22.32,22.3,22.339,22.07,135075
2023-02-24,22.04,21.93,22.04,21.8099,221601
2023-02-27,22.09,21.96,22.272,21.87,85446
2023-02-28,22.04,21.91,22.21,21.9,790585
2023-03-01,21.73,21.59,21.73,21.4627,148814
2023-03-02,21.46,21.88,21.9146,21.4407,376041
2023-03-03,22.08,22.23,22.2699,22.05,79793
2023-03-06,22.25,22.16,22.3369,22.1,97968
2023-03-07,22.2,21.63,22.2,21.59,490910
2023-03-08,21.61,21.88,22.0,21.61,175525
2023-03-09,21.88,21.38,21.9228,21.36,83809
2023-03-10,21.4,20.67,21.4,20.63,108754
2023-03-13,20.56,20.96,21.2276,20.56,129833
2023-03-14,21.37,21.1899,21.41,20.96,92347
2023-03-15,21.0,21.16,21.23,20.8413,651385
2023-03-16,21.01,21.0861,21.2,20.74,213828
2023-03-17,21.04,20.63,21.04,20.61,393337
2023-03-20,20.72,20.811759,20.9409,20.59,188856
2023-03-21,21.01,20.68,21.01,20.5319,188047
2023-03-22,20.56,19.9676,20.56,19.94,229412
2023-03-23,20.09,19.83,20.289,19.7539,465821
2023-03-24,19.7,20.36,20.36,19.7,225757
2023-03-27,20.53,20.32,20.55,20.2922,595475
2023-03-28,20.18,20.31,20.37,20.18,151519
2023-03-29,20.53,20.77,20.77,20.53,179503
2023-03-30,20.95,21.03,21.08,20.92,134587
2023-03-31,21.1,21.49,21.49,21.1,87271
2023-04-03,21.43,21.31,21.5999,21.18,130909
2023-04-04,21.34,21.3,21.35,21.1361,104032
2023-04-05,21.22,21.19,21.36,21.165,126702
2023-04-06,21.27,21.34,21.34,21.09,99330
2023-04-10,21.27,21.43,21.43,21.09,111757
2023-04-11,21.47,21.52,21.67,21.389,192670
2023-04-12,21.73,21.4,21.73,21.37,185918
2023-04-13,21.45,21.32,21.45,21.1073,232291
2023-04-14,21.39,20.97,21.44,20.8228,176999
2023-04-17,21.03,21.43,21.43,21.03,129694
2023-04-18,21.47,21.37,21.47,21.252,240060
2023-04-19,21.26,21.51,21.54,21.23,170837
2023-04-20,21.35,21.28,21.3842,21.1773,171646
2023-04-21,21.29,21.32,21.39,21.15,149748
2023-04-24,21.33,21.24,21.33,21.07,94681
2023-04-25,21.11,21.05,21.1993,21.02,221905
2023-04-26,21.01,20.86,21.198,20.8184,162630
2023-04-27,20.89,21.31,21.35,20.89,184202
2023-04-28,21.36,21.57,21.65,21.36,226085
2023-05-01,21.57,21.39,21.61,21.36,90266
2023-05-02,21.41,21.04,21.41,20.91,117971
2023-05-03,21.14,20.97,21.35,20.94,206936
2023-05-04,20.97,21.15,21.26,20.87,144623
