2016-04-06,1.2,1.2,1.2,1.2,666
2016-04-07,2.25,3.03,3.03,2.25,303
2016-04-08,3.21,5.25,5.25,1.8,3322
2016-04-11,6.3,5.91,6.3,5.28,4700
2016-04-12,7.05,7.2,7.44,6.48,2972
2016-04-13,7.47,7.32,7.47,4.35,3999
2016-04-14,7.2,5.55,7.2,4.83,1213
2016-04-15,5.55,6.15,6.2415,5.55,446
2016-04-18,6.15,6.3,6.3,5.7,315
2016-04-19,5.85,5.85,5.85,5.85,33
2016-04-20,5.2689,4.5,5.4,3.75,463
2016-04-21,4.5,6.9,6.9,4.5,566
2016-04-22,6.15,6.12,6.15,6.12,283
2016-04-25,6.15,6.75,7.05,6.15,995
2016-04-26,7.05,8.31,8.31,6.75,998
2016-04-27,6.75,8.4,8.4,6.75,1620
2016-04-28,8.4,8.4,8.4,7.95,898
2016-04-29,7.38,8.1,8.37,7.38,266
2016-05-02,7.05,7.209,7.26,7.05,152
2016-05-03,7.35,7.35,7.35,7.35,106
2016-05-04,7.35,7.35,7.35,7.32,223
2016-05-05,7.281,6.78,7.35,6.78,875
2016-05-06,6.75,6.75,6.75,6.612,562
2016-05-09,6.9828,6.81,6.9828,6.81,366
2016-05-10,7.35,6.0,7.35,6.0,1232
2016-05-11,6.0,6.0,6.0,6.0,0
2016-05-12,5.88,5.7,5.88,5.7,1631
2016-05-13,5.61,5.61,5.61,5.61,248
2016-05-16,4.8,4.8,4.95,4.8,300
2016-05-17,4.5,4.35,4.5,4.35,100
2016-05-18,4.35,4.35,4.35,4.35,0
2016-05-19,4.35,4.35,4.35,4.35,0
2016-05-20,4.35,4.35,4.35,4.35,61
2016-05-23,4.35,4.35,4.35,4.35,33
2016-05-24,5.25,5.43,5.43,5.25,529
2016-05-25,5.352,5.25,5.352,5.25,72
2016-05-26,5.352,5.352,5.352,5.352,33
2016-05-27,5.25,5.37,5.37,4.8,187
2016-05-31,5.4135,4.95,5.4135,4.95,378
2016-06-01,4.95,4.95,4.95,4.95,0
2016-06-02,4.95,4.95,4.95,4.95,200
2016-06-03,4.95,4.95,4.95,4.95,0
2016-06-06,4.83,4.5,5.01,4.5,233
2016-06-07,4.74,4.74,4.74,4.74,50
2016-06-08,4.95,4.95,4.95,4.95,33
2016-06-09,4.95,5.052,5.052,4.95,133
2016-06-10,4.95,4.65,4.95,4.65,166
2016-06-13,5.07,5.07,5.07,5.07,33
2016-06-14,4.65,4.65,4.65,4.65,166
2016-06-15,4.65,4.65,4.65,4.65,0
2016-06-16,4.65,3.15,4.65,3.15,181
2016-06-21,4.35,4.5,4.5,4.35,116
2016-06-22,4.5,4.5,4.5,4.5,0
2016-06-23,4.38,4.5,4.5,4.38,100
2016-06-24,4.38,4.5,4.5,4.38,166
2016-06-27,4.5,4.5,4.5,4.38,233
2016-06-28,4.38,4.5,4.5,4.38,100
2016-06-29,4.38,4.5,4.5,4.38,244
2016-06-30,4.5,5.34,5.34,4.5,530
2016-07-01,5.34,5.22,5.34,5.22,100
2016-07-05,5.1,5.7,5.7,5.1,673
2016-07-06,5.7,6.3,6.3,5.7,116
2016-07-07,6.18,6.24,6.24,6.18,400
2016-07-08,6.24,6.24,6.24,6.24,0
2016-07-11,6.24,6.24,6.24,6.24,0
2016-07-12,6.24,6.24,6.24,6.24,0
2016-07-13,6.24,6.24,6.24,6.24,0
2016-07-14,6.24,6.24,6.24,6.24,0
2016-07-15,6.24,6.24,6.24,6.24,0
2016-07-18,6.24,6.24,6.24,6.24,0
2016-07-19,6.24,6.24,6.24,6.24,0
2016-07-20,6.24,6.24,6.24,6.24,0
2016-07-21,6.24,6.24,6.24,6.24,0
2016-07-22,6.24,4.8,8.4,4.8,566
2016-07-25,5.88,7.3875,7.5,5.88,366
2016-07-26,6.0,7.26,7.26,6.0,66
2016-07-27,6.6,7.14,7.14,6.6,103
2016-07-28,7.14,7.14,7.14,7.14,166
2016-07-29,6.9,7.11,7.11,6.9,266
2016-08-01,7.11,7.11,7.11,7.11,0
2016-08-02,7.11,7.11,7.11,7.11,0
2016-08-03,7.11,7.11,7.11,7.11,0
2016-08-04,7.11,7.11,7.11,7.11,0
2016-08-05,7.11,7.11,7.11,7.11,0
2016-08-09,6.75,8.4,8.4,6.75,550
2016-08-11,7.68,8.1,8.1,7.68,333
2016-08-12,7.8,7.95,7.95,7.8,200
2016-08-15,7.8,7.95,7.95,7.8,133
2016-08-29,NaN,7.95,NaN,NaN,3
2016-08-30,7.65,7.6845,7.6845,7.65,80
2016-08-31,7.5,8.4,8.4,7.5,2100
2016-09-06,8.1,9.0,9.0,7.98,891
2016-09-08,9.0,9.6,9.6,9.0,166
2016-09-14,9.48,13.8,26.7,9.48,1439
2016-09-15,13.938,15.0,15.0,13.8,540
2016-09-16,15.0,15.0,15.0,15.0,33
2016-09-19,14.88,9.33,19.5,9.33,1319
2016-09-20,12.63,13.5,13.5,12.63,266
2016-09-21,14.7,16.5,16.5,14.7,103
2016-09-22,13.5,12.75,17.4,12.75,791
2016-09-23,15.0,15.0,15.0,15.0,33
2016-09-26,15.0,17.7,17.7,15.0,333
2016-09-29,15.6,20.88,21.0,15.6,216
2016-10-04,15.0,15.0,18.6,15.0,216
2016-10-05,18.0,18.0,18.0,18.0,33
2016-10-07,18.3,18.3,18.3,18.3,43
2016-10-10,16.5,16.5,16.5,16.5,33
2016-10-11,16.5,18.0,18.0,16.5,100
2016-10-17,17.85,17.85,17.85,17.85,111
2016-10-19,18.0,18.0,18.0,18.0,36
2016-10-24,18.0,18.0,18.0,18.0,33
2016-10-25,17.88,16.5,17.88,16.5,100
2016-10-28,16.38,17.55,17.55,15.0,250
2016-11-08,17.4,17.4,17.4,17.4,33
2016-11-10,17.4,17.4,17.4,17.28,183
2016-11-14,16.8,16.8,16.8,16.8,63
2016-11-16,16.95,16.95,16.95,16.95,42
2016-11-22,15.75,15.75,15.75,15.75,281
2016-11-23,16.38,12.75,16.38,12.75,66
2016-11-25,16.5,17.355,17.355,16.5,106
2016-12-05,17.1,17.1,17.1,17.1,33
2016-12-14,16.8,16.8,16.8,16.8,66
2016-12-15,17.04,17.97,17.97,17.04,150
2016-12-21,17.55,17.7,17.7,17.55,66
2016-12-27,17.55,17.7,17.7,17.55,66
2016-12-28,17.88,17.88,17.88,17.88,133
2017-01-09,17.25,12.0,17.25,12.0,144
2017-01-10,17.7,18.0,18.0,17.7,321
2017-01-11,18.6,18.6,18.6,18.6,33
2017-02-09,1.5,15.0,15.0,1.5,200
2017-02-21,16.5,16.5,16.5,6.0,100
2017-03-01,17.7,12.0,17.7,12.0,66
2017-03-02,15.0,17.4,17.4,15.0,66
2017-03-08,12.0,12.0,12.0,12.0,48
2017-03-09,17.7,18.15,18.15,17.7,133
2017-04-13,13.5,13.5,13.5,13.5,33
2017-04-17,14.97,15.0,15.0,13.5,100
2017-05-24,14.97,14.97,14.97,14.97,33
2017-05-25,14.97,14.97,14.97,14.97,33
2017-05-30,12.0,12.0,12.0,12.0,33
2017-05-31,14.97,14.97,14.97,14.97,33
2017-06-02,14.97,14.97,14.97,14.97,66
2017-06-22,14.94,14.97,18.12,14.94,200
2017-07-06,13.5,13.5,13.5,13.5,36
2017-07-11,16.5,16.5,18.0,16.5,66
2017-07-19,18.0,18.0,18.0,18.0,33
2017-07-21,17.1,17.1,17.1,17.1,33
2017-08-03,15.54,15.69,15.69,15.54,66
2017-08-09,17.91,17.91,17.91,17.91,33
2017-08-22,18.0,18.0,18.0,18.0,83
2017-09-06,12.03,NaN,NaN,NaN,21
2017-10-25,7.8,NaN,NaN,NaN,16
2017-11-02,18.0,18.0,18.0,18.0,33
2017-11-03,21.6,21.6,21.6,21.6,50
2017-11-07,21.45,21.45,21.45,21.45,40
2017-11-28,21.45,21.45,21.45,21.45,124
2018-01-29,20.4,20.4,20.4,20.4,90
2018-01-31,20.4,20.4,20.4,20.4,33
2018-02-01,20.7,20.7,20.7,20.7,66
2018-02-05,20.1,21.54,21.54,20.1,116
2018-02-06,22.5,22.5,22.5,22.5,55
2018-02-07,21.6,21.6,21.6,21.6,50
2018-02-08,20.1,20.4,20.4,20.1,183
2018-02-09,18.6,18.6,18.6,18.6,83
2018-02-12,18.6,18.6,18.6,18.6,55
2018-02-13,18.9,18.9,18.9,18.9,33
2018-02-14,18.75,18.75,18.75,18.75,50
2018-02-15,19.2,19.2,19.2,19.2,193
2018-02-16,19.2,19.14,19.2,19.14,144
2018-02-20,18.6,18.6,18.6,18.6,176
2018-02-21,18.0,18.0,18.0,18.0,533
2018-02-22,18.0,18.0,18.0,18.0,66
2018-02-23,18.3,18.0,19.5,18.0,500
2018-02-26,17.7,18.15,18.15,17.7,680
2018-02-27,18.6,18.3,18.6,18.3,1019
2018-02-28,18.3,18.3,18.3,18.3,1233
2018-03-01,18.0,18.75,18.75,17.85,3443
2018-03-02,18.75,18.45,18.75,18.3,1765
2018-03-05,18.45,18.48,18.6,18.45,2326
2018-03-06,18.48,18.6,18.75,18.45,2629
2018-03-07,18.42,18.57,18.63,18.42,2079
2018-03-08,18.54,18.57,18.57,18.45,1333
2018-03-09,18.42,18.0,18.54,17.37,1716
2018-03-12,18.15,18.0,18.15,17.94,2173
2018-03-13,17.7,17.7,18.0,17.34,3555
2018-03-14,17.46,17.49,17.7,17.4,2001
2018-03-15,17.49,17.52,17.52,17.4,1541
2018-03-16,17.52,17.49,17.55,17.49,2674
2018-03-19,17.46,17.55,17.55,17.46,2282
2018-03-20,17.52,17.52,17.52,17.49,2446
2018-03-21,17.49,17.55,17.55,17.49,1968
2018-03-22,17.55,17.55,17.55,17.49,2192
2018-03-23,17.55,17.49,17.58,17.49,1924
2018-03-26,17.52,17.55,17.55,17.46,708
2018-03-27,17.52,17.46,17.52,17.46,2055
2018-03-28,17.46,17.52,17.52,17.46,1973
2018-03-29,17.52,17.58,17.58,17.52,2968
2018-04-02,17.64,17.64,17.67,17.64,1875
2018-04-03,17.67,17.67,17.7,17.64,1754
2018-04-04,17.7,17.67,17.7,17.61,1758
2018-04-05,17.67,17.64,17.67,17.64,2325
2018-04-06,17.64,17.7,17.7,17.64,1884
2018-04-09,17.73,17.7,17.73,17.67,2031
2018-04-10,17.7,17.67,17.7,17.64,2272
2018-04-11,17.64,17.64,17.7,17.64,2360
2018-04-12,17.64,17.67,17.67,17.64,1673
2018-04-13,17.67,17.67,17.7,17.64,1746
2018-04-16,17.7,17.73,18.0,17.7,2400
2018-04-17,17.76,17.76,17.76,17.73,1760
2018-04-18,17.76,17.76,17.79,17.73,2097
2018-04-19,17.7,17.7,17.7,17.7,56
2018-04-20,17.7,17.76,17.76,17.4,956
2018-04-23,17.4,17.34,17.4,17.34,505
2018-04-24,16.35,17.1,17.1,16.35,148
2018-04-25,17.1,16.8,17.25,16.8,300
2018-04-26,16.5,16.5,16.5,16.5,350
2018-04-27,16.5,16.8,16.8,16.5,443
2018-04-30,16.5,16.5,16.65,16.5,590
2018-05-03,16.55,16.6,16.6,16.55,1127
2018-05-04,16.0,17.0,17.0,16.0,1100
2018-05-07,17.5,17.5,17.5,17.4,1885
2018-05-08,17.5,17.6,17.6,17.5,1428
2018-05-09,17.99,17.99,17.99,17.99,500
2018-05-10,17.95,18.0,18.0,17.95,599
2018-05-11,17.9,18.0,18.0,17.9,1000
2018-05-14,18.0,17.8,18.0,17.8,890
2018-05-15,17.0,14.75,17.0,11.0,1503
2018-05-16,14.5,15.55,15.55,14.5,754
2018-05-17,17.0,17.0,17.0,17.0,390
2018-05-18,17.0,16.99,17.0,16.99,639
2018-05-21,17.1,17.1,17.1,17.1,248
2018-05-22,17.19,17.2,17.2,17.19,471
2018-05-23,17.5,17.5,17.5,17.5,602
2018-05-24,17.55,17.8,17.89,17.55,954
2018-05-29,17.7,17.7,17.7,17.7,100
2018-05-30,17.74,17.74,17.74,17.74,218
2018-05-31,17.8,17.75,17.8,17.5,608
2018-06-01,17.7,17.7,17.7,17.7,200
2018-06-04,17.75,17.75,17.75,17.75,330
2018-06-05,17.75,17.78,17.78,17.75,633
2018-06-06,17.78,17.78,17.78,17.78,323
2018-06-07,17.78,17.78,17.78,17.78,300
2018-06-08,17.8,17.8,17.8,17.8,267
2018-06-11,17.8,17.8,17.8,17.8,400
2018-06-12,17.8,17.85,17.85,17.8,561
2018-06-13,17.85,17.9,17.9,17.85,500
2018-06-14,17.9,17.9,17.9,17.9,500
2018-06-15,17.9,17.94,17.94,17.9,325
2018-06-18,17.91,17.91,17.91,17.91,525
2018-06-20,17.9,17.93,17.93,17.9,804
2018-06-21,17.95,17.95,17.95,17.95,205
2018-06-22,17.95,17.95,17.95,17.95,305
2018-06-25,17.95,17.95,17.95,17.95,300
2018-06-26,17.95,17.95,17.95,17.95,550
2018-06-28,17.9,17.95,17.95,17.9,370
2018-06-29,17.95,17.96,17.96,17.95,450
2018-07-02,17.95,17.96,17.96,17.95,520
2018-07-03,17.97,17.97,17.97,17.97,200
2018-07-05,17.95,17.95,17.95,17.9,854
2018-07-06,17.95,15.01,17.95,15.0,1160
2018-07-09,16.5,16.5,16.5,16.5,100
2018-07-10,17.0,17.0,17.0,17.0,100
2018-07-11,16.98,16.98,16.98,16.98,100
2018-07-12,16.98,16.0,16.98,16.0,369
2018-07-13,16.49,16.49,16.49,16.49,101
2018-07-16,16.5,16.5,16.5,16.5,302
2018-07-17,16.6,16.6,16.6,16.6,300
2018-07-18,16.6,16.6,16.6,16.6,100
2018-07-19,16.65,17.0,17.0,16.65,380
2018-07-20,17.0,17.0,17.0,17.0,100
2018-07-23,16.99,16.99,16.99,16.99,220
2018-07-24,16.99,16.99,16.99,16.99,140
2018-07-25,17.5,17.5,17.5,17.5,200
2018-07-26,17.49,17.49,17.49,17.49,100
2018-07-27,17.49,17.49,17.49,17.49,100
2018-07-30,17.5,17.5,17.5,17.5,165
2018-07-31,17.5,17.5,17.5,17.5,100
2018-08-01,17.5,17.49,17.5,17.49,310
2018-08-02,17.49,17.49,17.49,17.49,130
2018-08-03,17.49,17.49,17.49,17.49,100
2018-08-07,17.46,17.46,17.46,17.46,250
2018-08-08,17.46,17.46,17.46,17.46,200
2018-08-09,17.5,17.5,17.5,17.5,140
2018-08-10,17.5,17.5,17.5,17.5,100
2018-08-13,17.49,17.46,17.49,17.46,200
2018-08-14,17.46,17.46,17.5,17.46,300
2018-08-15,17.49,17.49,17.49,17.49,200
2018-08-16,17.49,17.49,17.49,17.49,200
2018-08-17,17.49,17.49,17.49,17.49,200
2018-08-20,17.5,17.5,17.5,17.5,100
2018-08-21,17.5,17.5,17.5,17.5,200
2018-08-22,17.5,17.5,17.5,17.5,200
2018-08-24,17.49,17.49,17.49,17.49,200
2018-08-27,17.49,17.49,17.49,17.49,250
2018-08-28,17.49,17.49,17.49,17.49,200
2018-08-29,17.5,17.5,17.5,17.5,300
2018-08-30,17.5,17.5,17.5,17.5,100
2018-08-31,17.54,17.55,17.55,17.54,200
2018-09-04,17.55,17.59,17.59,17.55,670
2018-09-05,17.6,17.6,17.6,17.6,100
2018-09-06,17.5,17.5,17.5,17.5,300
2018-09-07,17.5,17.5,17.5,17.5,115
2018-09-10,17.5,17.5,17.5,17.5,100
2018-09-11,17.49,17.49,17.49,17.49,250
2018-09-12,17.49,17.49,17.49,17.49,200
2018-09-13,17.49,17.49,17.49,17.49,300
2018-09-14,17.49,17.49,17.49,17.49,100
2018-09-17,17.49,17.49,17.49,17.49,100
2018-09-18,17.49,17.49,17.49,17.49,100
2018-09-20,17.5,17.5,17.5,17.5,450
2018-09-21,17.5,17.7,17.7,17.5,450
2018-09-24,17.7,17.65,17.7,17.65,286
2018-09-25,17.0,17.7,17.7,17.0,200
2018-09-27,17.7,17.67,17.7,17.67,300
2018-09-28,17.7,17.7,17.7,17.7,100
2018-10-03,17.0,17.0,17.0,17.0,312
2018-10-04,17.25,17.25,17.25,17.25,100
2018-10-05,17.5,17.5,17.5,17.5,100
2018-10-08,16.97,16.97,16.97,16.97,100
2018-10-09,17.49,17.49,17.49,17.49,100
2018-10-11,17.35,17.35,17.35,17.35,100
2018-10-12,17.09,17.09,17.09,17.09,100
2018-10-15,17.49,17.49,17.49,17.49,200
2018-10-18,17.5,17.5,17.5,17.5,145
2018-10-19,17.5,17.34,17.5,17.34,290
2018-10-22,17.19,17.19,17.19,17.19,100
2018-10-29,16.0,17.05,17.05,16.0,200
2018-10-30,17.0,17.0,17.0,17.0,100
2018-12-19,4.1,3.9,4.3,3.9,90925
2018-12-20,4.25,4.1,4.25,4.1,20410
2018-12-21,4.1,4.1,4.3317,4.1,9399
2018-12-24,4.2,4.1261,4.2,4.11,5332
2018-12-26,4.11,4.196,4.2,4.1,10046
2018-12-27,4.49,4.25,4.49,4.24,2812
2018-12-28,4.11,4.1,4.11,4.1,974
2018-12-31,4.11,4.05,4.11,4.05,7960
2019-01-02,4.1205,4.1,4.1205,4.06,2279
2019-01-03,4.05,3.6001,4.05,3.34,8134
2019-01-04,3.61,3.5999,3.61,3.251,2989
2019-01-07,3.5473,3.361,3.75,3.361,5019
2019-01-08,3.8,3.8,3.8,3.8,2200
2019-01-09,3.7,3.78,3.7989,3.7,5006
2019-01-10,3.85,4.09,4.09,3.85,3633
2019-01-11,4.09,4.0975,4.0989,4.09,605
2019-01-14,3.99,4.0973,4.1,3.85,5203
2019-01-15,4.08,3.94,4.1,3.75,9046
2019-01-16,4.07,3.82,4.07,3.6001,3351
2019-01-17,3.9,3.8875,3.9,3.8873,2816
2019-01-18,3.89,3.54,3.89,3.34,2468
2019-01-22,3.7201,3.56,3.7201,3.56,1108
2019-01-23,2.99,3.85,3.85,2.99,4485
2019-01-24,3.5,3.3,3.85,3.055,9198
2019-01-25,3.6,3.59,3.6,3.5,4509
2019-01-28,3.85,3.59,3.85,3.85,186
2019-01-29,3.77,3.8335,3.85,3.77,3853
2019-01-30,NaN,3.8335,NaN,NaN,138
2019-01-31,3.75,3.74,3.75,3.35,2681
2019-02-01,3.09,3.33,3.62,3.09,5545
2019-02-04,3.3294,3.3294,3.3294,3.3294,223
2019-02-05,3.33,3.29,3.33,3.12,13920
2019-02-06,3.34,3.7817,3.8,3.332,15854
2019-02-07,3.5,3.74,3.74,3.5,3079
2019-02-08,3.5,3.8,3.8,3.5,2461
2019-02-11,3.5001,3.405,3.5001,3.405,2100
2019-02-12,3.7815,3.8,3.8,3.7815,1350
2019-02-13,3.75,3.75,3.75,3.5,4594
2019-02-14,3.7868,3.75,3.8,3.75,1353
2019-02-15,3.51,3.54,3.55,3.4,2375
2019-02-19,3.44,3.68,3.68,3.44,1410
2019-02-20,3.44,4.3499,4.45,3.44,64678
2019-02-21,4.35,3.62,4.35,3.32,80363
2019-02-22,3.6,3.4,3.6,3.3701,4963
2019-02-25,3.3,3.31,3.4,3.29,15768
2019-02-26,3.3001,3.29,3.3494,3.0,12818
2019-02-27,3.3225,3.2909,3.35,3.29,6239
2019-02-28,3.27,3.03,3.35,3.0,10221
2019-03-01,3.28,3.2969,3.2975,3.28,901
2019-03-04,3.35,3.2,3.35,3.0,16928
2019-03-05,3.17,3.1489,3.26,2.66,3283
2019-03-06,3.1389,3.1375,3.1389,3.1375,259
2019-03-07,2.99,3.23,3.25,2.99,4237
2019-03-08,3.0,3.1,3.1,2.93,3190
2019-03-11,2.62,3.333,3.5,2.62,63867
2019-03-12,3.38,3.39,4.0,3.2719,227878
2019-03-13,3.3,2.66,3.3,2.42,191188
2019-03-14,2.45,2.6373,2.6789,2.45,14605
2019-03-15,2.63,2.325,2.63,2.112,28806
2019-03-18,2.26,2.38,2.38,2.2,9875
2019-03-19,2.37,2.3789,2.3789,2.37,1752
2019-03-20,2.3015,2.44,2.47,2.22,18696
2019-03-21,2.28,2.4499,2.5,2.2794,12848
2019-03-22,2.33,2.31,2.4183,2.13,4298
2019-03-25,2.2411,2.1975,2.2411,2.11,13808
2019-03-26,2.2224,2.18,2.2999,2.0806,63386
2019-03-27,2.0347,2.09,2.16,1.62,15196
2019-03-28,2.0008,2.1092,2.15,2.0008,11411
2019-03-29,2.14,2.1354,2.14,2.0,4843
2019-04-01,2.1899,2.2,2.2,2.18,5384
2019-04-02,2.2,2.0626,2.2,1.8628,2422
2019-04-03,1.82,2.07,2.16,1.82,5046
2019-04-04,2.0401,2.1697,2.17,2.0401,9341
2019-04-05,2.16,2.15,2.16,1.93,2146
2019-04-08,2.1,2.1389,2.14,2.1,465
2019-04-09,2.0,2.12,2.138,1.9001,5643
2019-04-10,2.15,2.15,2.15,2.15,103
2019-04-11,2.18,2.6,3.14,2.1184,179744
2019-04-12,2.3,2.23,2.4588,1.83,19911
2019-04-15,2.25,2.02,2.25,1.93,9457
2019-04-16,2.21,2.1884,2.21,2.13,3050
2019-04-17,2.12,2.23,2.24,1.9206,5717
2019-04-18,1.8305,2.08,2.22,1.8305,11442
2019-04-22,2.18,2.18,2.25,2.08,2010
2019-04-23,2.2475,2.2475,2.2475,2.2475,172
2019-04-24,2.25,2.168,2.25,2.01,3742
2019-04-25,2.2,1.92,2.2,1.855,5852
2019-04-26,1.9296,2.07,2.09,1.9296,4080
2019-04-29,2.05,2.0,2.12,1.8492,5235
2019-04-30,1.9865,2.1,2.1,1.95,2266
2019-05-01,2.0,2.1,2.1,2.0,544
2019-05-02,2.06,2.0856,2.1,2.0584,447
2019-05-03,2.13,2.13,2.13,2.13,121
2019-05-06,2.13,2.11,2.13,2.01,340
2019-05-07,2.11,1.981,2.11,1.981,610
2019-05-08,2.08,2.0,2.08,1.91,1290
2019-05-09,1.88,2.06,2.104,1.88,2661
2019-05-10,1.97,1.999,2.0,1.97,5411
2019-05-13,1.88,1.97,1.98,1.88,6114
2019-05-14,1.9775,1.9775,1.9775,1.9775,110
2019-05-15,1.97,1.9775,1.97,1.97,112
2019-05-16,1.8874,1.75,1.9,1.75,2756
2019-05-17,1.83,1.6801,1.83,1.6801,1694
2019-05-20,1.68,1.81,1.8209,1.68,1298
2019-05-21,1.79,1.94,1.95,1.79,1847
2019-05-22,1.7509,1.85,1.86,1.7509,1544
2019-05-23,1.91,1.91,1.91,1.91,211
2019-05-24,1.93,1.93,1.93,1.93,200
2019-05-28,1.93,1.92,1.94,1.92,1661
2019-05-29,1.701,1.68,1.77,1.68,1839
2019-05-30,1.76,1.79,1.79,1.75,1122
2019-05-31,1.76,1.75,1.76,1.75,1725
2019-06-03,1.5075,1.66,1.6999,1.5075,2240
2019-06-04,1.67,1.67,1.67,1.67,330
2019-06-05,1.53,1.5501,1.58,1.5,2617
2019-06-06,1.7,1.86,1.9152,1.62,1489
2019-06-07,1.7264,1.63,1.7264,1.5801,7064
2019-06-10,1.55,1.6101,1.6101,1.53,8956
2019-06-11,1.8999,1.88,1.9,1.86,557
2019-06-12,1.88,1.88,1.88,1.88,311
2019-06-13,NaN,1.88,NaN,NaN,23
2019-06-14,1.82,1.48,1.87,1.48,1076
2019-06-17,NaN,1.48,NaN,NaN,250
2019-06-18,NaN,1.48,NaN,NaN,205
2019-06-19,1.88,1.45,1.88,1.45,3019
2019-06-20,1.56,1.4825,1.58,1.45,3110
2019-06-21,1.58,1.45,1.58,1.45,2002
2019-06-24,1.5,1.65,1.65,1.5,1911
2019-06-25,1.73,1.73,1.73,1.73,111
2019-06-26,NaN,1.73,NaN,NaN,12
2019-06-27,NaN,1.73,NaN,NaN,81
2019-06-28,1.7,1.6,1.7,1.5215,918
2019-07-01,1.3,1.3,1.3,1.3,215
2019-07-02,1.45,1.32,1.7,1.3,11341
2019-07-03,1.32,1.327,1.525,1.31,6215
2019-07-05,1.3932,1.3,1.3932,1.3,1548
2019-07-08,1.3,1.3,1.3,1.3,167
2019-07-09,1.3,1.24,1.37,1.24,684
2019-07-10,1.34,1.22,1.38,1.22,1216
2019-07-11,1.34,1.32,1.38,1.15,4255
2019-07-12,1.31,1.34,1.355,1.23,2434
2019-07-15,1.2025,1.3,1.3,1.15,1015
2019-07-16,NaN,1.3,NaN,NaN,177
2019-07-17,1.34,1.34,1.34,1.34,119
2019-07-18,1.17,1.16,1.24,1.16,505
2019-07-19,1.21,1.22,1.25,1.17,4124
2019-07-22,1.27,1.27,1.27,1.27,130
2019-07-23,1.18,1.33,1.33,1.18,2052
2019-07-24,1.2699,1.2699,1.2699,1.2699,195
2019-07-25,1.4,1.35,1.4,1.3428,717
2019-07-26,1.1658,1.1658,1.1658,1.1658,412
2019-07-29,1.1501,1.375,1.39,1.1501,5321
2019-07-30,1.16,1.3179,1.39,1.15,7613
2019-07-31,1.32,1.32,1.32,1.32,163
2019-08-01,1.1684,1.195,1.195,1.1132,7656
2019-08-02,1.2901,1.2901,1.2901,1.2901,114
2019-08-05,1.23,1.0854,1.23,1.08,1128
2019-08-06,1.31,1.1357,1.31,1.1357,752
2019-08-07,1.3699,1.35,1.3699,1.35,265
2019-08-08,1.11,1.09,1.11,1.08,5145
2019-08-09,1.14,1.06,1.14,1.06,1050
2019-08-12,1.13,1.25,1.26,0.833976,7674
2019-08-13,1.25,1.1999,1.39,1.0,7297
2019-08-14,1.02,1.0999,1.23,0.9737,10000
2019-08-15,1.1,1.12,1.24,1.0,52729
2019-08-16,1.192,1.05,1.3393,1.02,109098
2019-08-19,1.0,1.1,1.1882,1.0,16262
2019-08-20,1.07,1.0147,1.07,0.95,21198
2019-08-21,1.0399,0.9799,1.0399,0.91,31384
2019-08-22,1.05,1.05,1.06,0.9682,25369
2019-08-23,0.982,1.15,1.1997,0.982,63762
2019-08-26,1.24,1.1,1.24,1.0001,128844
2019-08-27,1.1021,1.0,1.1021,0.91,51735
2019-08-28,0.9548,1.07,1.1,0.95,57184
2019-08-29,1.0645,1.008,1.0645,1.0,6515
2019-08-30,1.0,1.0788,1.46,1.0,260192
2019-09-03,1.0889,1.01,1.0889,0.881065,59509
2019-09-04,1.0113,0.9948,1.0121,0.9673,37969
2019-09-05,0.97,0.99,1.0,0.9502,24691
2019-09-06,0.99,0.99,1.0,0.898,14178
2019-09-09,0.99,1.0,1.0,0.901639,42602
2019-09-10,0.92,1.0,1.0,0.92,51236
2019-09-11,1.0004,1.04,1.04,0.97,57431
2019-09-12,1.04,1.01,1.0801,0.9616,47332
2019-09-13,1.0589,1.0489,1.06,0.9901,7484
2019-09-16,1.02,1.0299,1.0299,1.01,4638
2019-09-17,1.03,0.99,1.03,0.9601,22160
2019-09-18,1.0,1.0199,1.057,0.94,26110
2019-09-19,1.01,1.01,1.01,0.9801,2444
2019-09-20,0.961,1.0222,1.0222,0.94,35655
2019-09-23,0.9503,1.01,1.0152,0.8208,18351
2019-09-24,0.96,0.99,0.99,0.870786,47587
2019-09-25,0.8645,0.95169,0.95169,0.8645,4864
2019-09-26,0.93,0.97,1.02,0.7654,116156
2019-09-27,0.9775,0.935,0.9775,0.86,16612
2019-09-30,0.940941,0.9401,0.9474,0.902,24771
2019-10-01,0.96,0.88,0.96,0.832,7327
2019-10-02,0.9257,0.8824,0.94,0.792602,24603
2019-10-03,0.87,0.8445,0.87,0.8,6715
2019-10-04,0.8445,0.85,0.8868,0.81,12043
2019-10-07,0.8736,0.91,0.9164,0.849521,11529
2019-10-08,0.904811,0.9,0.904811,0.9,3357
2019-10-09,0.9,0.9,0.9,0.82,2550
2019-10-10,0.8659,0.861,0.892657,0.82,13131
2019-10-11,0.87,0.9,0.9,0.83,15087
2019-10-14,0.8241,0.8919,0.8919,0.8241,3088
2019-10-15,0.92,3.34,7.39,0.92,13087217
2019-10-16,3.4,2.98,5.68,2.76,1679132
2019-10-17,2.33,2.1,2.668,1.7,633468
2019-10-18,2.21,2.42,2.76,2.1,602218
2019-10-21,2.46,2.33,2.4833,2.05,152612
2019-10-22,2.26,2.04,2.26,2.03,63437
2019-10-23,2.02,2.23,2.28,1.9,122427
2019-10-24,2.22,2.07,2.3,2.05,57704
2019-10-25,2.068,2.2005,2.32,2.068,76579
2019-10-28,2.28,2.529,3.31,2.2687,695355
2019-10-29,2.53,2.64,3.05,2.49,364510
2019-10-30,2.62,2.61,2.8,2.5,91235
2019-10-31,2.68,2.57,2.74,2.5,50824
2019-11-01,2.57,2.73,2.875,2.5,75708
2019-11-04,2.84,2.83,2.85,2.72,54250
2019-11-05,2.8,2.77,2.86,2.7232,21385
2019-11-06,2.81,2.7336,2.81,2.72,15063
2019-11-07,2.77,2.74,2.8,2.72,27590
2019-11-08,2.77,2.61,2.77,2.57,21127
2019-11-11,2.6,2.36,2.6096,2.26,31655
2019-11-12,2.4231,2.4,2.4476,2.35,12306
2019-11-13,2.38,1.9796,2.38,1.7882,71902
2019-11-14,1.98,2.03,2.0513,1.83,14722
2019-11-15,1.981,1.9969,1.9969,1.8,8837
2019-11-18,2.09,2.0142,2.09,1.97,5039
2019-11-19,1.8076,1.95,1.97,1.8076,5662
2019-11-20,1.94,1.886,1.9994,1.8,32722
2019-11-21,1.9,1.8985,2.005,1.75,14008
2019-11-22,1.8226,1.8589,1.8589,1.75,7302
2019-11-25,1.75,1.82,1.8348,1.7,8202
2019-11-26,1.77,1.8903,1.92,1.71,7564
2019-11-27,1.7755,1.9185,1.9185,1.7755,2075
2019-11-29,1.92,1.9,1.9801,1.9,16051
2019-12-02,2.0,1.9848,2.0,1.975,1173
2019-12-03,2.0,2.2848,2.73,2.0,54489
2019-12-04,2.3,2.2,2.4183,2.2,24387
2019-12-05,2.23,2.29,2.43,2.2134,4297
2019-12-06,2.34,2.34,2.34,2.3,3695
2019-12-09,2.3435,2.36,2.36,2.34,1304
2019-12-10,2.33,2.3353,2.34,2.31,6225
2019-12-11,2.3045,2.33,2.33,2.3,2463
2019-12-12,2.31,2.3703,2.44,2.31,2611
2019-12-13,2.42,2.38,2.4949,2.38,8826
2019-12-16,2.3744,2.3602,2.4493,2.36,10568
2019-12-17,2.36,2.38,2.395,2.36,4213
2019-12-18,2.395,2.3955,2.3955,2.37,6341
2019-12-19,2.42,2.38,2.42,2.38,5496
2019-12-20,2.49,2.4,2.54,2.35,31133
2019-12-23,2.53,2.45,2.53,2.45,7776
2019-12-24,2.4814,2.49,2.52,2.4814,2539
2019-12-26,2.51,2.7002,2.9,2.45,48064
2019-12-27,2.85,3.0795,3.09,2.71,33438
2019-12-30,3.28,3.075,3.4738,3.02,48995
2019-12-31,3.08,3.05,3.09,2.8602,9753
2020-01-02,3.01,2.75,3.01,2.6,12422
2020-01-03,2.674,2.6999,2.6999,2.5,6936
2020-01-06,2.5785,2.5999,2.5999,2.56,4033
2020-01-07,2.47,2.38,2.47,2.29,14737
2020-01-08,2.3602,2.4199,2.42,2.31,9164
2020-01-09,2.34,2.1991,2.3401,2.03,16249
2020-01-10,2.11,1.98,2.17,1.8921,10545
2020-01-13,1.99,2.03,2.0895,1.95,19297
2020-01-14,2.12,2.0952,2.1399,2.0009,3433
2020-01-15,2.11,2.13,2.18,2.11,10634
2020-01-16,2.144,2.14,2.235,2.14,16940
2020-01-17,2.08,2.0,2.08,2.0,14829
2020-01-21,2.1433,2.0,2.1433,2.0,5026
2020-01-22,2.08,1.98,2.08,1.98,4182
2020-01-23,2.02,1.9599,2.02,1.95,5483
2020-01-24,2.0,1.98,2.04,1.9,6948
2020-01-27,1.9,1.9399,1.9899,1.9,5490
2020-01-28,1.9516,1.8599,1.9699,1.8,5917
2020-01-29,1.95,1.86,1.99,1.81,4062
2020-01-30,1.9929,2.7666,4.99,1.985,3383712
2020-01-31,2.91,2.6672,3.15,2.5,395810
2020-02-03,2.41,2.36,2.7,2.29,80801
2020-02-04,2.26,2.25,2.45,2.22,46575
2020-02-05,2.21,2.3923,2.442,2.2,58566
2020-02-06,2.22,2.39,2.39,2.22,40812
2020-02-07,2.38,2.58,2.8,2.38,60791
2020-02-10,2.62,2.68,2.8386,2.5424,59701
2020-02-11,2.8,2.62,2.83,2.55,35786
2020-02-12,3.52,3.2,3.93,2.91,5637828
2020-02-13,3.04,3.03,3.1137,2.91,307570
2020-02-14,3.0,3.0,3.0615,2.91,102513
2020-02-18,2.82,3.07,3.2,2.82,58869
2020-02-19,3.02,2.72,3.02,2.7,109976
2020-02-20,2.7,2.82,2.8881,2.7,23722
2020-02-21,2.76,2.75,2.81,2.7062,6734
2020-02-24,2.68,2.65,2.8299,2.59,29119
2020-02-25,2.61,2.4,2.6899,2.4,35377
2020-02-26,2.39,2.48,2.5799,2.39,9663
2020-02-27,2.4274,2.12,2.465,2.05,79424
2020-02-28,2.0,2.38,2.88,2.0,374220
2020-03-02,2.25,2.55,2.5744,2.1901,58383
2020-03-03,2.55,2.21,2.55,2.2,65758
2020-03-04,2.23,2.211,2.2799,2.15,18821
2020-03-05,2.17,2.26,2.39,2.17,28715
2020-03-06,2.22,2.35,2.4884,2.22,29510
2020-03-09,2.42,2.375,2.42,2.31,28379
2020-03-10,2.35,2.36,2.4106,2.26,23518
2020-03-11,2.26,2.16,2.2899,2.16,13957
2020-03-12,2.16,2.21,2.38,2.16,16540
2020-03-13,2.285,1.9,2.2868,1.9,30977
2020-03-16,1.95,1.93,1.95,1.8492,9559
2020-03-17,1.8601,1.86,2.2,1.86,4373
2020-03-18,1.85,1.61,1.8793,1.52,8846
2020-03-19,1.35,1.49,1.59,1.35,10871
2020-03-20,1.49,1.78,1.78,1.49,10241
2020-03-23,1.74,1.73,1.8899,1.68,13699
2020-03-24,1.5501,1.87,1.88,1.5501,2267
2020-03-25,2.02,1.73,2.15,1.73,9378
2020-03-26,1.7,1.49,1.93,1.35,31823
2020-03-27,1.87,1.86,1.8999,1.66,8972
2020-03-30,1.87,1.87,1.8973,1.75,12957
2020-03-31,1.9473,1.9,1.95,1.83,5897
2020-04-01,2.21,2.4,3.13,2.0,2865569
2020-04-02,2.35,2.4,2.5,2.11,189165
2020-04-03,2.4,2.3,2.4,2.26,24355
2020-04-06,2.3,2.3717,2.44,2.2,33061
2020-04-07,2.29,2.44,2.44,2.205,33820
2020-04-08,2.35,2.35,2.41,2.25,16003
2020-04-09,2.26,2.28,2.35,2.26,10143
2020-04-13,2.2607,2.28,2.28,2.2077,6618
2020-04-14,2.24,2.3381,2.43,2.24,14540
2020-04-15,2.28,2.32,2.3986,2.25,6683
2020-04-16,2.2601,2.27,2.37,2.2601,3397
2020-04-17,2.25,2.25,2.36,2.25,7955
2020-04-20,2.25,2.28,2.32,2.25,15563
2020-04-21,2.31,2.216,2.32,2.1101,19313
2020-04-22,2.1777,2.1601,2.2761,2.16,3813
2020-04-23,2.1076,2.1622,2.1622,2.1076,3050
2020-04-24,2.1685,2.1596,2.3,2.1344,3391
2020-04-27,2.2,2.17,2.2,2.115,6068
2020-04-28,2.1709,2.17,2.25,2.17,3270
2020-04-29,2.0301,2.14,2.1975,2.03,10270
2020-04-30,2.08,2.14,2.25,2.08,11799
2020-05-01,2.18,2.061,2.18,2.04,2689
2020-05-04,2.135,2.2,2.2,2.135,350
2020-05-05,2.17,2.0,2.17,2.0,5665
2020-05-06,2.11,2.0481,2.17,2.0218,2959
2020-05-07,2.03,1.91,2.03,1.88,13270
2020-05-08,2.0,2.07,2.08,1.8002,9331
2020-05-11,2.03,2.05,2.05,2.03,530
2020-05-12,2.12,2.04,2.12,2.0,2933
2020-05-13,1.96,1.825,1.96,1.8201,8237
2020-05-14,1.99,1.83,1.99,1.81,4128
2020-05-15,1.945,1.8001,1.945,1.8001,3739
2020-05-18,1.9201,1.83,1.98,1.83,3847
2020-05-19,1.81,1.99,1.99,1.81,2482
2020-05-20,1.9741,2.04,2.1,1.82,3917
2020-05-21,1.99,2.0,2.044,1.96,1224
2020-05-22,2.05,1.94,2.05,1.8501,5041
2020-05-26,1.98,1.93,1.98,1.93,2215
2020-05-27,1.91,1.9581,1.965,1.87,4799
2020-05-28,1.88,1.94,1.94,1.81,2265
2020-05-29,1.94,1.91,1.94,1.845,4035
2020-06-01,1.82,1.86,1.8712,1.8,5789
2020-06-02,1.82,1.8,1.85,1.8,14085
2020-06-03,1.76,1.9101,1.99,1.76,5661
2020-06-04,1.81,1.753,1.895,1.75,7778
2020-06-05,1.7779,1.78,1.8134,1.75,4002
2020-06-08,1.82,1.7973,1.82,1.75,7755
2020-06-09,1.75,1.7801,1.95,1.75,21843
2020-06-10,1.89,1.875,2.34,1.83,85950
2020-06-11,2.0,2.0,2.27,1.8,64820
2020-06-12,2.22,2.1,3.09,2.0,1079745
2020-06-15,2.37,2.18,2.37,1.95,67957
2020-06-16,2.3,2.23,2.45,2.04,313334
2020-06-17,2.4,2.1549,2.4,2.0501,61905
2020-06-18,2.1,2.1201,2.32,2.09,22255
2020-06-19,2.1977,2.1,2.2,2.1,14483
2020-06-22,2.1,2.06,2.145,2.0,23460
2020-06-23,2.02,2.155,2.39,2.02,119370
2020-06-24,2.18,2.19,2.3,2.0475,154650
2020-06-25,2.15,2.1601,2.29,2.0501,70081
2020-06-26,2.13,2.2,2.25,2.0201,129467
2020-06-29,2.2,2.1002,2.24,2.1002,42966
2020-06-30,2.07,2.0802,2.23,2.07,8256
2020-07-01,2.07,2.06,2.21,2.06,15844
2020-07-02,2.02,2.0601,2.1,2.02,9157
2020-07-06,2.08,2.16,2.16,2.0701,21980
2020-07-07,2.12,2.1,2.15,2.01,15213
2020-07-08,2.05,1.99,2.0501,1.95,30450
2020-07-09,2.01,1.91,2.14,1.91,24108
2020-07-10,2.03,1.98,2.03,1.975,1257
2020-07-13,1.98,1.9,1.9899,1.81,18830
2020-07-14,1.91,1.82,1.91,1.8,8446
2020-07-15,1.82,1.7841,1.85,1.69,12916
2020-07-16,1.79,1.87,1.87,1.735,3708
2020-07-17,1.8,1.8248,1.93,1.7501,25653
2020-07-20,1.78,1.93,1.93,1.78,8066
2020-07-21,1.96,1.97,1.99,1.79,50293
2020-07-22,1.97,2.03,2.1,1.91,12386
2020-07-23,2.0699,1.88,2.0699,1.8401,4914
2020-07-24,1.83,1.93,1.93,1.8,15161
2020-07-27,2.03,2.1999,2.34,1.91,641131
2020-07-28,1.9,1.8902,1.99,1.8102,57787
2020-07-29,1.89,1.89,1.99,1.8809,15167
2020-07-30,1.89,2.0,2.25,1.81,211279
2020-07-31,2.08,1.94,2.08,1.94,13300
2020-08-03,5.75,3.08,6.24,2.8998,56921656
2020-08-04,2.85,2.95,3.03,2.62,1268240
2020-08-05,2.71,2.53,2.8499,2.51,437537
2020-08-06,2.5,2.64,2.7,2.41,386522
2020-08-07,2.57,3.24,3.36,2.56,480703
2020-08-10,3.0,3.15,3.15,2.93,369256
2020-08-11,3.06,2.94,3.19,2.9,150881
2020-08-12,2.91,2.8,2.99,2.74,110423
2020-08-13,2.72,2.77,2.91,2.6,88463
2020-08-14,2.8,2.83,3.04,2.77,183893
2020-08-17,2.93,3.07,3.11,2.93,205454
2020-08-18,2.96,2.86,3.042,2.79,71935
2020-08-19,2.86,2.8,3.27,2.78,783394
2020-08-20,2.8,2.83,2.8799,2.8,72298
2020-08-21,2.83,2.95,2.98,2.8,187955
2020-08-24,2.82,2.73,2.875,2.7001,71776
2020-08-25,2.73,2.79,2.87,2.73,52962
2020-08-26,2.77,2.7,2.83,2.62,209515
2020-08-27,2.7,2.78,2.9,2.7,71708
2020-08-28,2.82,2.74,2.82,2.72,14593
2020-08-31,2.82,2.8,2.84,2.72,59253
2020-09-01,2.79,2.85,2.85,2.77,71176
2020-09-02,2.8,3.04,3.1304,2.8,131414
2020-09-03,2.99,2.98,3.05,2.9,49790
2020-09-04,3.09,3.14,3.22,2.95,200654
2020-09-08,3.16,3.41,3.5,3.16,313959
2020-09-09,3.45,3.91,3.95,3.321,324833
2020-09-10,4.11,3.57,4.15,3.5,349233
2020-09-11,3.49,3.21,3.49,3.14,118109
2020-09-14,3.22,3.37,3.435,3.2,72891
2020-09-15,3.31,3.24,3.41,3.13,36910
2020-09-16,3.2,3.38,3.38,3.2,33584
2020-09-17,3.35,3.34,3.42,3.1647,14152
2020-09-18,3.3,3.48,3.54,3.24,19719
2020-09-21,3.34,3.32,3.4,3.3,24498
2020-09-22,3.3548,3.42,3.5,3.3362,16220
2020-09-23,3.39,3.5498,3.5498,3.29,17169
2020-09-24,3.32,3.2,3.44,3.15,25016
2020-09-25,3.21,3.2713,3.3055,3.2,9067
2020-09-28,3.31,3.24,3.39,3.13,10142
2020-09-29,3.18,3.28,3.375,3.17,8179
2020-09-30,3.21,3.15,3.225,3.15,10717
2020-10-01,3.2185,3.17,3.2775,3.13,13193
2020-10-02,3.16,3.2,3.22,3.14,7209
2020-10-05,3.14,3.17,3.3,3.13,25766
2020-10-06,3.1701,3.2,3.29,3.17,5729
2020-10-07,3.13,3.17,3.2,3.13,10505
2020-10-08,3.15,3.2,3.28,3.15,16103
2020-10-09,3.21,3.35,3.5,3.21,40243
2020-10-12,3.35,3.29,3.4404,3.21,9093
2020-10-13,3.31,3.33,3.49,3.31,42472
2020-10-14,3.4,3.45,3.45,3.3655,8238
2020-10-15,3.49,3.379,3.49,3.36,9902
2020-10-16,3.4,3.48,3.49,3.3801,6780
2020-10-19,3.5,3.65,3.68,3.5,133426
2020-10-20,3.7,3.6,3.7,3.4101,23362
2020-10-21,3.52,3.54,3.5864,3.31,20657
2020-10-22,3.52,3.535,3.62,3.43,10838
2020-10-23,3.7,3.56,3.7,3.391,42007
2020-10-26,3.61,3.59,3.61,3.3101,21937
2020-10-27,3.41,3.6,3.6,3.41,27256
2020-10-28,3.48,3.6,3.6,3.35,16687
2020-10-29,3.6,3.59,3.6,3.3936,5300
2020-10-30,3.4823,3.38,3.59,3.3401,12403
2020-11-02,3.4355,3.59,3.59,3.4,13375
2020-11-03,3.71,3.5,3.72,3.5,20349
2020-11-04,3.51,3.54,3.71,3.45,15914
2020-11-05,3.54,3.5,3.68,3.1901,72898
2020-11-06,3.49,2.0,3.49,1.84,509208
2020-11-09,2.61,2.09,2.61,1.95,250330
2020-11-10,2.09,2.04,2.18,2.015,272927
2020-11-11,2.04,1.81,2.04,1.7501,252917
2020-11-12,1.81,1.91,1.94,1.76,389388
2020-11-13,1.9,1.8795,1.93,1.8441,102272
2020-11-16,1.86,1.88,1.91,1.8,76325
2020-11-17,1.89,1.8401,1.89,1.83,50450
2020-11-18,1.87,1.9,1.91,1.81,55933
2020-11-19,1.92,1.98,2.05,1.9,176078
2020-11-20,1.96,2.07,2.13,1.96,89541
2020-11-23,2.1,2.03,2.12,1.986,67260
2020-11-24,2.04,2.09,2.17,1.93,100408
2020-11-25,2.16,2.2,2.25,2.11,182323
2020-11-27,2.28,2.45,2.8893,2.23,559581
2020-11-30,2.54,2.23,2.54,2.16,113183
2020-12-01,2.23,2.2,2.251,2.12,60573
2020-12-02,2.17,2.34,2.36,2.14,82452
2020-12-03,2.41,2.3,2.45,2.21,32209
2020-12-04,2.29,2.28,2.31,2.23,20171
2020-12-07,2.3342,2.23,2.3342,2.18,40269
2020-12-08,2.18,2.2,2.24,2.15,51495
2020-12-09,2.2,2.1699,2.2765,2.11,42802
2020-12-10,2.14,2.13,2.1719,2.1,82639
2020-12-11,2.1537,2.18,2.2,2.11,25733
2020-12-14,2.14,2.1195,2.15,2.04,28524
2020-12-15,2.0902,2.06,2.1463,2.04,20864
2020-12-16,2.04,2.03,2.0585,2.0,37438
2020-12-17,2.07,2.0,2.07,1.91,51607
2020-12-18,1.98,2.09,2.45,1.98,237828
2020-12-21,2.02,2.2,2.27,2.02,44515
2020-12-22,2.24,2.135,2.24,2.09,43362
2020-12-23,2.18,2.1,2.1902,2.08,19245
2020-12-24,2.13,2.175,2.2,2.08,19279
2020-12-28,2.1,2.1758,2.2,2.03,36034
2020-12-29,2.18,2.11,2.19,2.06,19045
2020-12-30,2.07,2.1,2.1499,2.06,20143
2020-12-31,2.06,2.0,2.1,1.98,47834
2021-01-04,2.02,2.02,2.0369,1.92,42855
2021-01-05,2.02,2.08,2.11,1.9981,42628
2021-01-06,2.07,2.12,2.14,2.07,40282
2021-01-07,2.11,2.15,2.3,2.04,94407
2021-01-08,2.2,2.22,2.28,2.05,79858
2021-01-11,2.1411,2.2,2.25,2.11,52798
2021-01-12,2.21,2.63,2.7,2.14,754202
2021-01-13,2.42,2.38,2.54,2.284,187994
2021-01-14,3.33,3.55,5.75,3.16,84564024
2021-01-15,3.5565,3.44,3.63,3.04,2455476
2021-01-19,3.27,3.52,3.59,3.01,965944
2021-01-20,4.01,3.7,4.01,3.55,535255
2021-01-21,3.52,3.44,3.6191,3.34,334972
2021-01-22,3.35,3.46,3.58,3.22,184801
2021-01-25,3.46,3.42,3.55,3.3,161746
2021-01-26,3.61,3.44,3.61,3.35,181529
2021-01-27,3.36,3.56,4.04,3.35,414159
2021-01-28,3.6,3.52,3.62,3.4,185211
2021-01-29,3.52,3.5,3.54,3.4,117589
2021-02-01,3.5,3.7,3.75,3.43,139113
2021-02-02,3.71,3.68,3.8366,3.5401,151001
2021-02-03,3.71,3.77,4.2,3.64,710053
2021-02-04,3.77,3.72,3.91,3.65,119179
2021-02-05,3.72,3.63,3.79,3.61,184626
2021-02-08,3.66,3.82,3.85,3.6589,90899
2021-02-09,3.83,4.07,4.12,3.76,443279
2021-02-10,4.42,3.96,4.44,3.8554,416045
2021-02-11,4.0,3.95,4.02,3.78,195963
2021-02-12,3.97,4.38,4.91,3.9038,1661191
2021-02-16,4.45,4.42,4.6,4.32,246675
2021-02-17,4.49,4.49,4.735,4.43,351522
2021-02-18,4.56,4.11,4.62,4.02,280463
2021-02-19,4.2,4.16,4.28,4.15,78504
2021-02-22,4.22,4.61,4.93,4.15,1931776
2021-02-23,4.28,3.52,4.28,3.51,506777
2021-02-24,3.6,3.69,3.86,3.6,167263
2021-02-25,3.74,3.61,3.81,3.5501,110038
2021-02-26,3.71,3.47,3.71,3.45,79728
2021-03-01,3.62,3.63,3.68,3.5254,37601
2021-03-02,3.61,3.57,3.67,3.47,17249
2021-03-03,3.62,3.45,3.7799,3.45,135610
2021-03-04,3.45,2.98,3.52,2.98,71689
2021-03-05,2.92,3.02,3.09,2.8101,50578
2021-03-08,3.04,3.15,3.2599,2.995,42612
2021-03-09,3.12,3.26,3.41,3.12,52341
2021-03-10,3.2701,3.55,3.79,3.2701,300105
2021-03-11,3.55,3.78,3.86,3.5,195248
2021-03-12,3.74,3.53,3.74,3.5003,59134
2021-03-15,3.6,3.43,3.62,3.3101,73770
2021-03-16,3.46,3.43,3.53,3.35,32844
2021-03-17,3.36,3.39,3.49,3.27,51787
2021-03-18,3.39,3.86,4.3,3.39,1353498
2021-03-19,3.79,3.79,4.04,3.6343,274057
2021-03-22,3.8,4.06,4.65,3.56,1123923
2021-03-23,4.08,3.74,4.23,3.66,310280
2021-03-24,3.73,3.56,3.77,3.55,140117
2021-03-25,3.55,3.69,3.8699,3.55,113986
2021-03-26,3.67,3.55,3.8,3.55,72397
2021-03-29,3.58,3.37,3.65,3.35,77104
2021-03-30,3.29,3.24,3.29,3.15,93529
2021-03-31,3.18,3.25,3.3754,3.16,25905
2021-04-01,3.3,3.4,3.46,3.3,31417
2021-04-05,3.5,3.53,3.5962,3.41,15947
2021-04-06,3.53,3.36,3.55,3.36,23007
2021-04-07,3.37,3.39,3.4776,3.312,34654
2021-04-08,3.37,3.41,3.48,3.37,26953
2021-04-09,3.36,3.45,3.48,3.36,24219
2021-04-12,3.45,3.25,3.48,3.25,69103
2021-04-13,3.26,3.15,3.3,3.1113,41675
2021-04-14,3.15,3.15,3.245,3.15,13547
2021-04-15,3.15,2.94,3.15,2.94,29828
2021-04-16,2.94,3.09,3.09,2.94,16416
2021-04-19,3.06,2.88,3.07,2.84,40478
2021-04-20,2.95,2.97,2.9834,2.89,14248
2021-04-21,3.05,3.05,3.1399,2.8301,132073
2021-04-22,3.05,3.11,3.195,3.05,10880
2021-04-23,3.11,3.08,3.195,3.03,26267
2021-04-26,3.06,3.1,3.2234,3.0514,23522
2021-04-27,3.25,3.14,3.25,3.07,20028
2021-04-28,3.17,3.1,3.3,3.08,33377
2021-04-29,3.188,3.06,3.188,3.02,28584
2021-04-30,3.04,2.98,3.08,2.9601,13677
2021-05-03,2.98,2.91,3.09,2.88,40730
2021-05-04,2.85,2.88,2.9831,2.81,12228
2021-05-05,2.948,2.89,3.0889,2.88,6818
2021-05-06,2.85,2.72,2.97,2.66,19539
2021-05-07,2.71,2.68,2.798,2.65,9898
2021-05-10,3.15,3.31,3.48,2.6638,4986450
2021-05-11,3.04,2.98,3.1,2.71,211107
2021-05-12,2.83,2.66,2.88,2.6,91663
2021-05-13,2.66,2.67,2.7,2.56,43965
2021-05-14,2.65,2.64,2.65,2.55,67090
2021-05-17,2.64,2.66,2.7499,2.5931,38703
2021-05-18,2.72,2.77,2.82,2.7111,43942
2021-05-19,2.77,2.64,2.78,2.6369,13400
2021-05-20,2.75,2.6,2.77,2.54,51757
2021-05-21,2.61,2.44,2.6678,2.41,41441
2021-05-24,2.42,2.49,2.5781,2.4006,40534
2021-05-25,2.53,2.4528,2.53,2.39,31646
2021-05-26,2.42,2.41,2.47,2.41,12252
2021-05-27,2.435,2.41,2.5,2.41,16379
2021-05-28,2.46,2.52,2.5371,2.42,18293
2021-06-01,2.52,2.52,2.64,2.435,91092
2021-06-02,2.5,2.53,2.64,2.5,42711
2021-06-03,2.57,2.56,2.64,2.53,53684
2021-06-04,2.53,2.74,2.9139,2.53,127911
2021-06-07,2.74,2.69,2.87,2.65,66363
2021-06-08,2.66,2.65,2.7184,2.5,78166
2021-06-09,2.68,2.56,2.7,2.51,90929
2021-06-10,2.59,2.6116,2.63,2.49,69516
2021-06-11,2.6102,2.62,2.68,2.57,45895
2021-06-14,2.62,2.74,2.82,2.6,135522
2021-06-15,2.63,2.55,2.69,2.53,50186
2021-06-16,2.5899,2.62,2.65,2.51,77565
2021-06-17,2.6194,2.54,2.66,2.54,48900
2021-06-18,2.51,2.47,2.58,2.46,34711
2021-06-21,2.45,2.28,2.45,2.2,38659
2021-06-22,2.25,2.39,2.48,2.25,52284
2021-06-23,2.47,2.45,2.47,2.34,23444
2021-06-24,2.42,2.45,2.4775,2.41,30900
2021-06-25,2.48,2.42,2.48,2.3814,13678
2021-06-28,2.39,2.3727,2.45,2.37,16732
2021-06-29,2.47,2.45,2.79,2.28,568320
2021-06-30,2.5,2.5,2.65,2.3715,154397
2021-07-01,2.48,2.37,2.4987,2.33,37761
2021-07-02,2.31,2.21,2.36,2.15,54983
2021-07-06,2.3,2.36,2.5388,2.3,176081
2021-07-07,2.4,2.21,2.405,2.2,32199
2021-07-08,2.18,2.18,2.25,2.12,55316
2021-07-09,2.13,2.31,3.23,2.13,1339280
2021-07-12,2.35,3.2,4.29,2.35,42779327
2021-07-13,2.94,2.93,3.0,2.5,2859374
2021-07-14,6.27,3.98,6.84,3.65,88596249
2021-07-15,5.57,4.05,5.8,3.8,48892157
2021-07-16,3.9,3.95,4.01,3.43,3112157
2021-07-19,3.69,4.41,4.42,3.4,2195217
2021-07-20,3.55,2.74,3.799,2.69,5120709
2021-07-21,2.79,2.92,3.0,2.71,2669527
2021-07-22,2.88,2.6,2.91,2.58,1617074
2021-07-23,2.6,2.41,2.635,2.35,990812
2021-07-26,2.44,2.61,2.63,2.35,538660
2021-07-27,2.45,2.41,2.5278,2.28,447769
2021-07-28,2.49,2.43,2.49,2.38,173797
2021-07-29,2.4,2.26,2.4199,2.25,390229
2021-07-30,2.25,2.28,2.45,2.22,357516
2021-08-02,2.32,2.35,2.43,2.3,190035
2021-08-03,2.35,2.29,2.43,2.2527,233561
2021-08-04,2.22,2.14,2.27,2.14,249291
2021-08-05,2.15,2.21,2.25,2.15,255788
2021-08-06,2.21,2.24,2.49,2.2,399820
2021-08-09,2.27,2.35,2.42,2.26,575070
2021-08-10,2.34,2.26,2.4,2.25,286315
2021-08-11,2.31,2.2,2.31,2.18,351887
2021-08-12,2.18,2.19,2.24,2.16,177780
2021-08-13,2.2,2.06,2.2059,2.04,291100
2021-08-16,2.09,1.95,2.09,1.95,355610
2021-08-17,1.95,1.82,1.95,1.82,192715
2021-08-18,1.83,1.81,1.9,1.76,149291
2021-08-19,1.82,1.87,1.88,1.71,333786
2021-08-20,1.89,1.87,1.94,1.85,105731
2021-08-23,1.87,1.9,1.9141,1.86,73980
2021-08-24,1.94,2.01,2.05,1.91,271995
2021-08-25,2.03,2.04,2.06,1.96,150140
2021-08-26,2.02,1.98,2.0238,1.96,53120
2021-08-27,1.96,1.94,1.99,1.93,125456
2021-08-30,1.98,2.08,2.12,1.9355,145073
2021-08-31,2.09,2.06,2.099,2.02,46659
2021-09-01,2.07,2.12,2.1399,2.05,119715
2021-09-02,2.1,2.07,2.1272,2.05,54881
2021-09-03,2.05,2.04,2.06,2.01,58160
2021-09-07,2.01,1.93,2.1,1.93,129494
2021-09-08,1.94,1.94,1.97,1.9,160807
2021-09-09,1.96,2.03,2.03,1.9,73655
2021-09-10,2.0,2.06,2.14,2.0,65727
2021-09-13,2.15,2.42,2.77,2.13,16702215
2021-09-14,2.39,2.2,2.39,2.11,1319074
2021-09-15,2.1658,2.02,2.2,1.9873,430259
2021-09-16,2.01,2.08,2.14,1.97,161322
2021-09-17,2.07,2.13,2.15,2.03,92114
2021-09-20,2.02,2.03,2.07,1.94,131414
2021-09-21,2.04,1.93,2.04,1.93,127136
2021-09-22,1.94,1.93,1.96,1.9,113785
2021-09-23,2.19,2.07,2.47,1.96,6147576
2021-09-24,1.95,2.11,2.15,1.95,420562
2021-09-27,2.1,2.21,2.23,2.1,307764
2021-09-28,2.17,2.24,2.26,2.16,251618
2021-09-29,2.27,2.12,2.32,2.12,101239
2021-09-30,2.15,2.11,2.165,2.07,70238
2021-10-01,2.11,2.04,2.15,2.03,51856
2021-10-04,2.04,1.95,2.04,1.92,143905
2021-10-05,1.93,1.905,1.9319,1.85,114160
2021-10-06,1.96,1.89,1.9693,1.87,41800
2021-10-07,1.8535,1.95,1.96,1.852,53606
2021-10-08,1.95,1.95,2.0,1.94,53393
2021-10-11,1.93,1.89,1.93,1.87,56968
2021-10-12,1.89,1.84,1.91,1.84,59960
2021-10-13,1.88,1.83,1.88,1.81,87257
2021-10-14,1.89,1.82,1.89,1.79,83771
2021-10-15,1.82,1.82,1.85,1.8105,16707
2021-10-18,1.92,1.82,1.95,1.82,94344
2021-10-19,1.85,1.88,1.882,1.82,71505
2021-10-20,1.88,1.88,1.9,1.83,89182
2021-10-21,1.86,2.02,2.18,1.8304,747719
2021-10-22,2.02,1.84,2.02,1.83,292849
2021-10-25,1.86,1.91,2.1,1.8301,599956
2021-10-26,1.95,2.06,2.11,1.94,419828
2021-10-27,2.06,2.13,2.24,2.0,602756
2021-10-28,2.09,2.12,2.1291,2.0,171116
2021-10-29,2.08,2.04,2.13,2.02,92652
2021-11-01,2.05,2.22,2.27,2.02,423103
2021-11-02,2.2,2.33,2.41,2.1,531430
2021-11-03,2.32,2.25,2.36,2.19,317834
2021-11-04,2.23,2.16,2.3,2.15,90985
2021-11-05,2.14,2.23,2.29,2.13,206160
2021-11-08,2.27,2.22,2.34,2.13,168117
2021-11-09,2.22,2.21,2.29,2.1708,91270
2021-11-10,2.22,2.15,2.26,2.0601,171904
2021-11-11,2.11,2.05,2.15,2.05,93562
2021-11-12,2.06,2.1,2.1012,2.0001,45139
2021-11-15,2.075,2.04,2.0899,2.01,63355
2021-11-16,2.0,1.96,2.0474,1.92,96530
2021-11-17,1.99,1.89,1.99,1.86,83544
2021-11-18,1.87,1.75,1.9,1.75,186345
2021-11-19,1.76,1.74,1.9,1.66,175606
2021-11-22,1.69,1.59,1.7,1.55,117868
2021-11-23,1.6095,1.59,1.6899,1.55,48566
2021-11-24,1.602,1.68,1.7,1.6,56003
2021-11-26,1.67,1.71,1.74,1.59,67461
2021-11-29,1.7,1.61,1.725,1.6,71090
2021-11-30,1.66,1.61,1.6899,1.56,63078
2021-12-01,1.66,1.54,1.66,1.46,93799
2021-12-02,1.51,1.43,1.53,1.42,61755
2021-12-03,1.4,1.29,1.42,1.2306,114883
2021-12-06,1.35,1.38,1.48,1.28,174653
2021-12-07,1.42,1.38,1.47,1.32,56924
2021-12-08,1.41,1.5,1.63,1.41,125968
2021-12-09,1.45,1.38,1.49,1.35,129099
2021-12-10,1.42,1.36,1.42,1.31,176637
2021-12-13,1.34,1.23,1.3698,1.22,64462
2021-12-14,1.34,1.34,1.4,1.25,152922
2021-12-15,1.26,1.28,1.39,1.23,419098
2021-12-16,1.28,1.54,1.55,1.28,660618
2021-12-17,1.44,1.43,1.555,1.36,585657
2021-12-20,1.37,1.42,1.57,1.37,487533
2021-12-21,1.39,1.65,1.7,1.39,706446
2021-12-22,1.5,1.69,1.73,1.4607,486861
2021-12-23,1.67,1.7081,1.7468,1.6103,93760
2021-12-27,1.68,1.72,1.79,1.63,181675
2021-12-28,1.68,1.64,1.88,1.57,598533
2021-12-29,1.7,1.65,1.75,1.59,181856
2021-12-30,1.62,1.55,1.64,1.55,110579
2021-12-31,1.55,1.56,1.65,1.54,93323
2022-01-03,1.6,1.54,1.6,1.47,61126
2022-01-04,1.57,1.47,1.62,1.4101,97598
2022-01-05,1.44,1.4,1.4976,1.39,37904
2022-01-06,1.402,1.35,1.41,1.27,51718
2022-01-07,1.33,1.38,1.4,1.31,23216
2022-01-10,1.39,1.36,1.58,1.24,171588
2022-01-11,1.37,1.34,1.4,1.3201,38157
2022-01-12,1.34,1.32,1.37,1.31,34529
2022-01-13,1.35,1.29,1.43,1.29,217266
2022-01-14,1.3,1.21,1.33,1.1973,95834
2022-01-18,1.2,1.2,1.35,1.15,126146
2022-01-19,1.24,1.22,1.24,1.1908,41413
2022-01-20,1.24,1.22,1.24,1.18,58262
2022-01-21,1.22,1.16,1.25,1.15,96527
2022-01-24,1.14,1.21,1.21,1.07,70966
2022-01-25,1.24,1.16,1.24,1.15,48294
2022-01-26,1.21,1.18,1.33,1.15,244582
2022-01-27,1.19,1.16,1.19,1.1201,46053
2022-01-28,1.13,1.11,1.18,1.1,36304
2022-01-31,1.11,1.19,1.23,1.11,68667
2022-02-01,1.19,1.27,1.3,1.14,68900
2022-02-02,1.28,1.24,1.29,1.2101,35978
2022-02-03,1.2,1.25,1.28,1.2,18169
2022-02-04,1.268,1.3,1.33,1.2507,24222
2022-02-07,1.32,1.32,1.32,1.3,21180
2022-02-08,1.3,1.34,1.38,1.3,46937
2022-02-09,1.38,1.41,1.4473,1.365,41957
2022-02-10,1.33,1.46,1.47,1.29,117640
2022-02-11,1.42,1.62,1.85,1.41,1325434
2022-02-14,1.58,1.66,1.7,1.53,316651
2022-02-15,1.652,1.65,1.66,1.62,153763
2022-02-16,1.648,1.86,1.89,1.59,779802
2022-02-17,1.84,1.965,1.98,1.84,308211
2022-02-18,1.99,2.3,2.5,1.97,1506020
2022-02-22,2.23,2.64,2.88,2.23,3162300
2022-02-23,2.63,2.28,2.75,2.245,871119
2022-02-24,2.06,2.18,2.18,1.5205,984353
2022-02-25,2.1,2.4,2.43,2.1,330478
2022-02-28,2.37,2.4,2.59,2.345,307659
2022-03-01,2.3473,2.49,2.54,2.3473,265224
2022-03-02,2.44,2.59,2.66,2.43,346608
2022-03-03,2.54,2.7,2.76,2.51,345177
2022-03-04,2.65,2.63,2.75,2.6,224967
2022-03-07,2.37,2.42,2.59,2.3401,428454
2022-03-08,2.37,2.54,2.55,2.37,202009
2022-03-09,2.53,2.44,2.53,2.44,78340
2022-03-10,2.44,2.47,2.55,2.44,81196
2022-03-11,2.47,2.38,2.52,2.38,110263
2022-03-14,2.38,2.24,2.38,2.235,128349
2022-03-15,2.22,2.29,2.35,2.22,58724
2022-03-16,2.25,2.41,2.53,2.25,105005
2022-03-17,2.41,2.46,2.51,2.4,63005
2022-03-18,2.44,2.58,2.59,2.44,124248
2022-03-21,2.64,2.66,2.82,2.63,185126
2022-03-22,2.68,2.8,2.95,2.68,484284
2022-03-23,2.92,2.8,2.92,2.7,124056
2022-03-24,2.77,2.71,2.81,2.71,91185
2022-03-25,2.69,2.64,2.73,2.56,72692
2022-03-28,2.61,2.74,2.79,2.61,55398
2022-03-29,2.78,2.78,2.78,2.69,73269
2022-03-30,2.78,2.78,2.8,2.7492,61288
2022-03-31,2.76,2.8,2.82,2.73,63485
2022-04-01,2.8,2.81,2.83,2.77,69113
2022-04-04,2.82,2.82,2.82,2.78,44591
2022-04-05,2.86,2.89,2.89,2.8,368209
2022-04-06,2.845,2.83,2.87,2.79,55721
2022-04-07,2.82,2.8795,2.88,2.7,86648
2022-04-08,2.87,3.04,3.07,2.8228,155338
2022-04-11,2.99,3.07,3.22,2.9401,184340
2022-04-12,3.05,3.08,3.17,3.04,95792
2022-04-13,3.055,3.14,3.17,2.96,102644
2022-04-14,3.13,3.1773,3.2,3.11,107194
2022-04-18,3.2,3.4,3.48,3.11,299206
2022-04-19,3.38,3.48,3.53,3.38,264593
2022-04-20,3.53,3.54,3.63,3.45,405457
2022-04-21,3.54,3.18,3.6501,3.12,234345
2022-04-22,3.13,3.13,3.35,2.75,819059
2022-04-25,3.1,2.87,3.14,2.76,232305
2022-04-26,2.9,2.93,3.0,2.814,207232
2022-04-27,2.97,2.82,3.045,2.75,124290
2022-04-28,2.83,2.83,2.85,2.7,85480
2022-04-29,2.85,2.87,2.9,2.7,52628
2022-05-02,2.83,2.84,2.96,2.65,155104
2022-05-03,2.9,2.93,2.93,2.79,270484
2022-05-04,2.9,2.95,2.98,2.85,149975
2022-05-05,2.96,2.85,3.03,2.82,201154
2022-05-06,2.89,2.85,2.9,2.79,77914
2022-05-09,2.88,2.62,2.9,2.59,195328
2022-05-10,2.66,2.43,2.68,2.39,80944
2022-05-11,2.42,2.19,2.42,2.16,66722
2022-05-12,2.2,2.17,2.2,2.1394,53886
2022-05-13,2.34,2.24,2.38,2.2,26770
2022-05-16,2.18,1.84,2.3999,1.81,179144
2022-05-17,1.9,1.62,2.07,1.5695,284102
2022-05-18,1.86,1.43,1.86,1.365,339184
2022-05-19,1.4,1.46,1.4612,1.4,101350
2022-05-20,1.5,1.57,1.65,1.5,144320
2022-05-23,1.66,1.54,1.67,1.53,204294
2022-05-24,1.51,1.54,1.5539,1.49,100362
2022-05-25,1.49,1.41,1.53,1.39,101589
2022-05-26,1.44,1.45,1.49,1.42,211707
2022-05-27,1.42,1.48,1.51,1.42,84941
2022-05-31,1.48,1.51,1.545,1.47,86935
2022-06-01,1.5,1.51,1.5212,1.49,87563
2022-06-02,1.5,1.5,1.52,1.47,129688
2022-06-03,1.5,1.68,1.68,1.49,117234
2022-06-06,1.83,1.69,1.88,1.68,128693
2022-06-07,1.66,1.59,1.78,1.59,65038
2022-06-08,1.65,1.54,1.72,1.53,98305
2022-06-09,1.57,1.55,1.6301,1.53,121434
2022-06-10,1.53,1.49,1.56,1.48,42731
2022-06-13,1.45,1.46,1.47,1.4349,26141
2022-06-14,1.44,1.47,1.47,1.43,27503
2022-06-15,1.46,1.56,1.58,1.46,62091
2022-06-16,1.56,1.48,1.56,1.4501,58592
2022-06-17,1.48,1.57,1.57,1.48,70693
2022-06-21,1.56,1.69,1.7,1.54,64134
2022-06-22,1.69,1.67,1.77,1.61,56822
2022-06-23,1.69,1.59,1.76,1.56,64467
2022-06-24,1.59,1.66,1.67,1.575,57755
2022-06-27,1.64,1.7,1.73,1.64,72351
2022-06-28,1.69,1.67,1.73,1.62,99997
2022-06-29,1.65,1.66,1.71,1.63,47948
2022-06-30,1.67,1.63,1.67,1.59,70024
2022-07-01,1.65,1.6995,1.7,1.64,28496
2022-07-05,1.66,1.7,1.7,1.66,31294
2022-07-06,1.69,1.74,1.75,1.66,49666
2022-07-07,1.72,1.83,1.83,1.72,71835
2022-07-08,1.84,1.8495,1.85,1.8162,38897
2022-07-11,1.8464,1.85,1.85,1.81,32598
2022-07-12,1.85,1.7873,1.85,1.78,29615
2022-07-13,1.79,1.76,1.79,1.73,42655
2022-07-14,1.7299,1.78,1.78,1.72,39348
2022-07-15,1.82,2.18,2.18,1.8,114580
2022-07-18,2.34,1.83,2.43,1.71,782135
2022-07-19,1.79,1.85,1.956,1.7601,76155
2022-07-20,1.92,1.83,1.99,1.8,82902
2022-07-21,2.18,2.22,2.3,2.01,17313473
2022-07-22,2.16,2.05,2.175,1.93,591972
2022-07-25,1.89,1.81,1.93,1.78,277805
2022-07-26,1.78,1.65,1.7976,1.6,114495
2022-07-27,1.63,1.62,1.665,1.62,31575
2022-07-28,1.62,1.42,1.6329,1.405,285511
2022-07-29,1.42,1.49,1.5339,1.42,70418
2022-08-01,1.46,1.44,1.4899,1.4,98178
2022-08-02,1.42,1.39,1.42,1.34,86454
2022-08-03,1.35,1.42,1.47,1.3,159551
2022-08-04,1.4,1.45,1.46,1.38,73943
2022-08-05,1.42,1.5,1.58,1.38,256829
2022-08-08,1.67,1.65,1.7,1.53,283934
2022-08-09,1.63,1.58,1.76,1.57,274281
2022-08-10,1.6,1.51,1.6674,1.4201,53618
2022-08-11,1.52,1.4,1.5699,1.38,145872
2022-08-12,1.39,1.4,1.47,1.38,130648
2022-08-15,1.4,1.38,1.4,1.35,63411
2022-08-16,1.38,1.4,1.4164,1.34,43212
2022-08-17,1.4,1.39,1.44,1.3,84802
2022-08-18,1.4,1.34,1.4,1.31,35147
2022-08-19,1.34,1.33,1.3997,1.27,61996
2022-08-22,1.32,1.32,1.39,1.26,55287
2022-08-23,1.31,1.23,1.3799,1.23,552286
2022-08-24,1.23,1.24,1.28,1.22,72035
2022-08-25,1.24,1.27,1.29,1.2,252739
2022-08-26,1.24,1.2,1.28,1.2,45236
2022-08-29,1.2,1.22,1.27,1.18,57603
2022-08-30,1.27,1.1995,1.28,1.165,89365
2022-08-31,1.27,1.21,1.28,1.2,44229
2022-09-01,1.23,1.16,1.2395,1.15,35883
2022-09-02,1.17,1.15,1.21,1.15,48755
2022-09-06,1.15,1.29,1.34,1.064,348746
2022-09-07,1.27,1.55,1.58,1.25,179129
2022-09-08,1.5,1.43,1.5,1.38,217067
2022-09-09,1.42,1.47,1.49,1.4,226706
2022-09-12,1.46,1.49,1.55,1.41,251831
2022-09-13,1.47,1.43,1.49,1.376,48561
2022-09-14,1.47,1.4262,1.47,1.38,85703
2022-09-15,1.47,1.43,1.52,1.4,102130
2022-09-16,1.53,1.5,1.56,1.45,120491
2022-09-19,1.5,1.64,1.65,1.4852,90347
2022-09-20,1.62,1.53,1.73,1.5,274662
2022-09-21,1.5872,1.56,1.61,1.5002,25002
2022-09-22,1.52,1.49,1.5999,1.45,171197
2022-09-23,1.59,1.54,1.59,1.42,124913
2022-09-26,1.53,1.62,1.67,1.53,50338
2022-09-27,1.65,1.74,1.8,1.62,72576
2022-09-28,1.75,1.7,1.79,1.57,354719
2022-09-29,1.77,1.51,1.77,1.4599,116452
2022-09-30,1.47,1.49,1.63,1.4601,42783
2022-10-03,1.48,1.57,1.6195,1.4408,19611
2022-10-04,1.58,1.62,1.6385,1.51,48250
2022-10-05,1.64,1.4893,1.64,1.44,93192
2022-10-06,1.53,1.4995,1.549,1.4668,8751
2022-10-07,1.4509,1.47,1.49,1.4435,6417
2022-10-10,1.48,1.4993,1.55,1.46,11663
2022-10-11,1.46,1.4495,1.57,1.4,27801
2022-10-12,1.41,1.45,1.645,1.39,6945
2022-10-13,1.47,1.42,1.6,1.41,13295
2022-10-14,1.3938,1.52,1.5957,1.3938,39852
2022-10-17,1.55,1.54,1.6,1.52,15193
2022-10-18,1.54,1.55,1.58,1.4902,17656
2022-10-19,1.55,1.55,1.57,1.48,10664
2022-10-20,1.47,1.61,1.63,1.47,44150
2022-10-21,1.6,1.56,1.64,1.56,10125
2022-10-24,1.575,1.64,1.64,1.54,26758
2022-10-25,1.61,1.59,1.67,1.572,10544
2022-10-26,1.62,1.61,1.65,1.6,20402
2022-10-27,1.79,1.4292,1.95,1.36,1613681
2022-10-28,1.34,1.36,1.4244,1.3,259655
2022-10-31,1.39,1.37,1.39,1.32,22286
2022-11-01,1.3276,1.3,1.3601,1.3,28992
2022-11-02,1.3,1.38,1.42,1.3,47180
2022-11-03,1.43,1.4,1.43,1.38,17139
2022-11-04,1.43,1.38,1.43,1.35,10340
2022-11-07,1.4365,1.42,1.4365,1.39,11094
2022-11-08,1.42,1.42,1.47,1.38,15460
2022-11-09,1.42,1.41,1.42,1.35,33248
2022-11-10,1.49,1.39,1.51,1.35,21709
2022-11-11,1.48,1.44,1.48,1.4,22811
2022-11-14,1.44,1.39,1.45,1.38,22047
2022-11-15,1.39,1.38,1.4052,1.355,46445
2022-11-16,1.38,1.36,1.39,1.31,13456
2022-11-17,1.37,1.37,1.4,1.32,12552
2022-11-18,1.35,1.36,1.38,1.3,11996
2022-11-21,1.38,1.35,1.38,1.31,6763
2022-11-22,1.345,1.364,1.38,1.345,10939
2022-11-23,1.37,1.38,1.38,1.34,6475
2022-11-25,1.3259,1.3993,1.41,1.3259,7846
2022-11-28,1.38,1.37,1.3895,1.33,14751
2022-11-29,1.34,1.32,1.3799,1.3,25380
2022-11-30,1.37,1.38,1.38,1.34,13080
2022-12-01,1.39,1.41,1.41,1.29,21756
2022-12-02,1.41,1.42,1.43,1.38,10371
2022-12-05,1.42,1.42,1.43,1.36,4808
2022-12-06,1.39,1.39,1.48,1.3617,28876
2022-12-07,1.45,1.45,1.48,1.3619,11479
2022-12-08,1.44,1.4352,1.46,1.4,9938
2022-12-09,1.41,1.43,1.45,1.39,12338
2022-12-12,1.44,1.43,1.46,1.39,17407
2022-12-13,1.4473,1.46,1.46,1.3779,33335
2022-12-14,1.3761,1.4595,1.46,1.3761,9866
2022-12-15,1.46,1.45,1.49,1.4127,16159
2022-12-16,1.47,1.47,1.47,1.4201,10690
2022-12-19,1.4,1.4673,1.4673,1.3777,8962
2022-12-20,1.4,1.47,1.49,1.4,11777
2022-12-21,1.43,1.4736,1.48,1.43,11673
2022-12-22,1.49,1.49,1.49,1.47,7412
2022-12-23,1.4895,1.5,1.5,1.4401,9830
2022-12-27,1.5,1.47,1.53,1.43,17607
2022-12-28,1.47,1.46,1.47,1.43,9031
2022-12-29,1.4473,1.5,1.5,1.4365,14052
2022-12-30,1.49,1.5,1.5,1.46,6765
2023-01-03,1.47,1.5,1.5,1.47,2839
2023-01-04,1.51,1.4473,1.51,1.3543,36975
2023-01-05,1.43,1.43,1.44,1.3806,12050
2023-01-06,1.43,1.4995,1.5,1.415,8924
2023-01-09,1.46,1.47,1.49,1.41,15438
2023-01-10,1.4616,1.47,1.47,1.42,6667
2023-01-11,1.45,1.48,1.4896,1.41,11333
2023-01-12,1.43,1.4693,1.4693,1.39,30614
2023-01-13,1.33,1.3984,1.4354,1.33,25467
2023-01-17,1.4023,1.4,1.4023,1.38,2486
2023-01-18,1.43,1.42,1.43,1.3238,11383
2023-01-19,1.42,1.4,1.43,1.39,10572
2023-01-20,1.45,1.42,1.45,1.35,7036
2023-01-23,1.39,1.416,1.42,1.35,14073
2023-01-24,1.44,1.4,1.44,1.36,4576
2023-01-25,1.3973,1.3846,1.4,1.35,7699
2023-01-26,1.39,1.4164,1.48,1.39,9881
2023-01-27,1.41,1.4168,1.42,1.3901,5623
2023-01-30,1.39,1.37,1.4,1.36,11530
2023-01-31,1.4416,1.39,1.4416,1.37,4940
2023-02-01,1.45,1.4,1.45,1.36,15810
2023-02-02,1.44,1.41,1.44,1.38,6506
2023-02-03,1.4,1.395,1.41,1.38,14966
2023-02-06,1.41,1.376,1.41,1.36,25668
2023-02-07,1.42,1.3628,1.42,1.31,6898
2023-02-08,1.4,1.3595,1.4,1.31,5676
2023-02-09,1.369,1.3373,1.37,1.27,11998
2023-02-10,1.34,1.39,1.3993,1.29,21086
2023-02-13,1.33,1.2996,1.34,1.29,9450
2023-02-14,1.27,1.27,1.2844,1.21,8938
2023-02-15,1.28,1.32,1.32,1.24,24946
2023-02-16,1.32,1.2936,1.3595,1.26,18230
2023-02-17,1.39,1.2564,1.39,1.23,11170
2023-02-21,1.22,1.21,1.34,1.18,6349
2023-02-22,1.21,1.27,1.36,1.17,20903
2023-02-23,1.23,1.18,1.3,1.18,4472
2023-02-24,1.2,1.26,1.27,1.19,7309
2023-02-27,1.22,1.25,1.3275,1.195,5931
2023-02-28,1.17,1.25,1.25,1.17,5897
2023-03-01,1.27,1.19,1.27,1.15,6726
2023-03-02,1.18,1.12,1.18,1.12,11373
2023-03-03,1.2,1.17,1.2127,1.15,19143
2023-03-06,1.29,1.1586,1.29,1.13,10719
2023-03-07,1.15,1.14,1.21,1.11,24301
2023-03-08,1.1,1.1,1.24,1.07,34430
2023-03-09,1.1,1.1,1.16,1.08,31608
2023-03-10,1.15,1.13,1.15,1.1027,16416
2023-03-13,1.16,1.16,1.21,1.12,10790
2023-03-14,1.198,1.1795,1.1995,1.112,10811
2023-03-15,1.1601,1.12,1.1601,1.12,8047
2023-03-16,1.1,1.1,1.15,1.1,6235
2023-03-17,1.14,1.13,1.14,1.12,4394
2023-03-20,1.11,1.1458,1.152,1.11,5414
2023-03-21,1.1772,1.18,1.18,1.14,3783
2023-03-22,1.168,1.1752,1.18,1.1,19073
2023-03-23,1.12,1.1501,1.1999,1.12,54405
2023-03-24,1.2,1.15,1.2,1.11,35660
2023-03-27,1.13,1.26,1.28,1.11,131162
2023-03-28,1.205,1.23,1.25,1.205,32848
2023-03-29,1.22,1.18,1.23,1.15,140789
2023-03-30,1.1993,1.19,1.2,1.16,44371
2023-03-31,1.17,1.22,1.22,1.11,179365
2023-04-03,1.2,1.1898,1.21,1.17,9437
2023-04-04,1.16,1.21,1.23,1.16,2389
2023-04-05,1.21,1.1872,1.21,1.17,4688
2023-04-06,1.22,1.19,1.279,1.17,10444
2023-04-10,1.19,1.1695,1.19,1.15,8345
2023-04-11,1.21,1.1773,1.22,1.15,22024
2023-04-12,1.17,1.18,1.18,1.12,12531
2023-04-13,1.2,1.19,1.2299,1.17,20393
2023-04-14,1.14,1.165,1.22,1.14,13725
2023-04-17,1.19,1.208,1.21,1.15,20023
2023-04-18,1.2,1.16,1.2,1.15,17305
2023-04-19,1.1899,1.1773,1.1899,1.1534,18335
2023-04-20,1.14,1.18,1.18,1.13,8044
2023-04-21,1.14,1.06,1.221,1.06,105907
2023-04-24,1.06,1.088,1.1339,1.06,9542
2023-04-25,1.1298,1.0658,1.1298,1.0301,18465
2023-04-26,1.08,1.06,1.08,1.05,4326
2023-04-27,1.0395,1.04,1.081,1.02,13512
2023-04-28,1.02,1.05,1.1,1.02,27288
2023-05-01,1.1,1.1299,1.15,1.07,37379
2023-05-02,1.15,1.07,1.15,1.05,16767
2023-05-03,1.1138,1.1393,1.17,1.07,40891
2023-05-04,1.1688,1.1229,1.1688,1.1022,3450
