2021-07-28,141.4,139.01,145.0,130.0,2887918
2021-07-29,137.0,134.44,139.0,132.0,693999
2021-07-30,135.18,140.25,141.4,128.5,617792
2021-08-02,140.0,143.8,147.25,134.72,586661
2021-08-03,143.16,139.86,146.99,138.01,740097
2021-08-04,136.47,141.5,142.345,135.9,475890
2021-08-05,139.01,146.0,152.84,137.01,724944
2021-08-06,140.1,134.38,141.86,132.4,425188
2021-08-09,135.0,138.25,138.53,135.0,353739
2021-08-10,138.6,140.0,141.5,138.6,233674
2021-08-11,140.5,135.96,142.97,135.4,324805
2021-08-12,135.5,133.8,137.21,130.16,365432
2021-08-13,134.0,136.63,137.7894,131.74,156208
2021-08-16,137.11,135.0,137.99,133.365,171438
2021-08-17,135.39,133.48,136.13,132.2,245279
2021-08-18,133.4,131.5,133.97,129.14,341757
2021-08-19,130.78,126.16,131.0,125.1,303141
2021-08-20,126.5,126.03,127.4,125.01,132046
2021-08-23,125.26,124.01,126.0,123.0,151922
2021-08-24,123.69,127.16,130.62,123.69,226091
2021-08-25,127.28,127.33,130.58,126.29,113375
2021-08-26,127.43,120.0,128.0,119.68,250818
2021-08-27,119.8,120.1,120.775,118.545,188407
2021-08-30,121.04,128.7,128.8,119.4,221748
2021-08-31,127.16,129.56,130.81,125.4,209065
2021-09-01,130.0,137.48,137.72,128.94,139226
2021-09-02,138.17,152.09,152.77,136.6005,400190
2021-09-03,149.0,163.06,163.84,146.561,316140
2021-09-07,164.83,163.38,164.83,158.02,226251
2021-09-08,163.38,158.11,163.58,153.66,230643
2021-09-09,156.73,169.75,170.58,155.015,205939
2021-09-10,171.97,173.37,181.27,170.49,332463
2021-09-13,174.45,158.71,174.655,158.22,279674
2021-09-14,159.0,160.09,166.46,159.0,310362
2021-09-15,161.33,160.29,164.16,158.6,303654
2021-09-16,158.57,185.0,185.85,158.0,437427
2021-09-17,185.2,184.98,191.5,183.05,697706
2021-09-20,178.0,181.7,183.5,174.6,410162
2021-09-21,183.79,200.21,202.04,181.9,340875
2021-09-22,201.65,201.86,204.995,200.25,301716
2021-09-23,202.21,202.69,203.617,198.12,102941
2021-09-24,202.23,199.37,204.3611,198.51,104275
2021-09-27,199.99,189.38,201.94,188.11,115101
2021-09-28,184.24,171.73,186.84,171.46,178279
2021-09-29,176.44,168.89,176.44,167.24,127901
2021-09-30,167.23,166.36,171.606,162.54,105221
2021-10-01,167.01,160.58,171.45,158.4,176385
2021-10-04,159.01,150.87,159.1574,147.11,205684
2021-10-05,152.3,144.85,156.019,142.51,200593
2021-10-06,144.47,141.45,144.47,136.07,421849
2021-10-07,143.97,156.86,160.86,143.97,270932
2021-10-08,157.34,166.52,168.6,157.34,276174
2021-10-11,168.73,165.0,169.8,162.18,211437
2021-10-12,166.31,170.74,170.74,162.36,222452
2021-10-13,172.05,180.0,181.79,171.68,134058
2021-10-14,182.71,168.59,186.77,167.68,144364
2021-10-15,169.27,156.7,173.86,154.34,136402
2021-10-18,157.14,157.34,164.81,153.03,163648
2021-10-19,157.51,165.69,168.955,157.5,155387
2021-10-20,165.75,157.91,167.4154,155.16,126271
2021-10-21,157.37,178.14,179.965,154.005,374355
2021-10-22,178.5,178.26,183.905,176.23,224416
2021-10-25,178.26,187.48,191.82,174.1746,198151
2021-10-26,189.37,188.05,190.835,183.31,100068
2021-10-27,188.05,175.29,190.0,173.7,104718
2021-10-28,176.06,172.83,182.3056,171.01,123434
2021-10-29,172.72,173.69,183.37,172.72,395593
2021-11-01,174.77,175.04,175.04,168.43,75187
2021-11-02,174.63,166.24,174.63,163.48,156306
2021-11-03,168.21,169.12,175.0,165.57,130887
2021-11-04,170.58,158.59,175.01,158.02,164079
2021-11-05,160.23,153.73,167.3294,152.72,204592
2021-11-08,153.85,155.35,157.345,150.51,138988
2021-11-09,153.89,146.73,157.25,146.29,178123
2021-11-10,146.9,148.06,151.765,140.08,228964
2021-11-11,174.1,151.51,174.65,148.51,394613
2021-11-12,152.5,155.02,155.27,145.53,354164
2021-11-15,147.96,140.48,151.05,137.695,1683830
2021-11-16,138.96,138.93,141.83,135.13,384051
2021-11-17,136.69,141.28,145.0,136.69,798150
2021-11-18,138.5,135.04,139.12,135.01,504409
2021-11-19,132.95,135.96,136.58,132.41,441090
2021-11-22,135.9,133.17,135.9,129.07,1403103
2021-11-23,133.78,135.82,137.395,131.5,735776
2021-11-24,135.42,119.81,135.42,118.96,513612
2021-11-26,118.71,122.58,124.9,116.55,247047
2021-11-29,123.86,119.37,124.05,118.95,377964
2021-11-30,117.91,110.19,119.7446,109.47,852487
2021-12-01,112.62,104.19,116.46,102.995,364382
2021-12-02,106.24,109.71,112.85,103.04,241945
2021-12-03,110.78,109.06,110.78,104.55,1115789
2021-12-06,107.28,101.57,107.28,98.0,1106093
2021-12-07,105.57,109.97,113.1,105.175,342124
2021-12-08,110.15,108.58,110.73,107.37,969749
2021-12-09,108.35,99.46,108.45,99.14,532544
2021-12-10,99.96,95.69,101.97,94.605,367769
2021-12-13,94.8,97.08,99.655,94.61,459996
2021-12-14,95.82,100.57,101.94,95.01,529926
2021-12-15,100.04,101.7,101.94,96.585,339151
2021-12-16,103.14,102.92,107.145,102.0352,621555
2021-12-17,100.62,104.54,105.23,94.505,398816
2021-12-20,103.04,103.0,105.65,101.01,426223
2021-12-21,102.76,106.2,106.78,102.76,438388
2021-12-22,106.36,105.03,108.26,102.67,266422
2021-12-23,105.97,108.96,109.62,103.0,291504
2021-12-27,108.08,110.25,111.645,106.6,252569
2021-12-28,109.83,108.11,109.83,106.96,247027
2021-12-29,108.1,102.38,108.1,100.34,271439
2021-12-30,102.09,110.58,114.0,101.1,251974
2021-12-31,110.28,106.11,111.92,105.55,283197
2022-01-03,106.4,105.07,108.12,103.875,303673
2022-01-04,106.0,105.86,108.915,102.925,368815
2022-01-05,105.34,97.49,106.31,95.57,482203
2022-01-06,96.64,100.97,101.98,93.73,243351
2022-01-07,102.0,102.19,104.54,99.046,263190
2022-01-10,100.0,102.24,102.81,97.72,293020
2022-01-11,101.9,104.31,106.67,101.9,186286
2022-01-12,105.62,103.02,106.0,101.98,352534
2022-01-13,101.21,91.83,102.0247,90.434,471301
2022-01-14,90.78,92.63,92.81,89.98,202107
2022-01-18,92.33,86.3,92.42,86.1,338981
2022-01-19,86.5,87.7,90.83,85.0,259288
2022-01-20,89.6,89.93,94.83,89.33,340018
2022-01-21,89.93,85.71,91.06,85.0,210071
2022-01-24,85.0,89.0,89.25,78.05,832446
2022-01-25,87.0,89.51,92.8,85.26,357861
2022-01-26,92.49,91.87,97.75,90.75,391883
2022-01-27,93.18,86.88,93.21,85.27,346597
2022-01-28,86.98,91.83,93.78,82.51,347316
2022-01-31,92.0,100.01,101.195,92.0,461216
2022-02-01,100.0,99.85,100.39,96.17,282738
2022-02-02,100.2,93.82,100.34,91.54,397245
2022-02-03,92.51,84.53,93.25,83.095,634049
2022-02-04,84.2,91.48,92.69,84.0,502652
2022-02-07,91.55,94.24,96.15,90.23,359524
2022-02-08,94.11,98.28,99.1,93.67,138963
2022-02-09,99.55,101.54,102.15,97.98,258971
2022-02-10,98.21,96.41,102.43,95.81,189469
2022-02-11,96.32,94.0,100.57,93.38,315355
2022-02-14,93.35,95.16,96.79,91.63,227710
2022-02-15,97.53,101.67,102.19,95.71,195442
2022-02-16,99.26,93.63,100.6,92.93,366873
2022-02-17,92.6,93.0,96.97,92.405,226318
2022-02-18,92.19,91.0,94.67,88.265,179887
2022-02-22,89.47,85.19,93.2463,83.6,422679
2022-02-23,87.51,84.25,88.32,83.17,242803
2022-02-24,81.23,85.76,87.11,80.23,528084
2022-02-25,87.45,87.96,88.57,82.18,315788
2022-02-28,87.2,86.29,89.56,84.685,573348
2022-03-01,86.74,83.33,88.44,83.05,310633
2022-03-02,83.5,76.97,83.5,74.28,598416
2022-03-03,76.47,71.38,76.8,70.668,499710
2022-03-04,72.0,74.68,82.0,71.26,796165
2022-03-07,74.7,79.03,85.6201,74.0,935975
2022-03-08,75.3,79.99,82.9,71.635,1163075
2022-03-09,81.5,80.09,83.97,79.35,600613
2022-03-10,77.53,80.5,82.12,77.49,274734
2022-03-11,80.84,76.7,81.0,76.42,223160
2022-03-14,75.17,66.99,75.17,66.29,357457
2022-03-15,67.89,68.11,69.57,64.81,343274
2022-03-16,70.88,78.59,78.78,70.07,473865
2022-03-17,78.28,81.29,82.15,77.69,586755
2022-03-18,80.94,88.68,91.6,79.55,779508
2022-03-21,93.19,89.63,93.29,85.46,446724
2022-03-22,89.63,94.52,97.88,88.03,630197
2022-03-23,92.69,96.41,101.49,90.4,472550
2022-03-24,97.4,100.39,100.8284,96.05,999747
2022-03-25,97.35,93.05,97.35,89.95,717971
2022-03-28,94.64,93.06,95.34,88.86,491315
2022-03-29,94.38,96.84,97.9599,94.25,495358
2022-03-30,95.85,91.65,95.85,89.0,399591
2022-03-31,91.99,95.11,96.65,90.71,806213
2022-04-01,94.65,95.65,95.94,92.46,561019
2022-04-04,96.44,102.79,104.19,96.44,642910
2022-04-05,103.51,95.99,106.31,95.4984,1043002
2022-04-06,95.07,95.1,95.44,91.0,536953
2022-04-07,95.11,96.36,97.6375,91.45,218338
2022-04-08,96.54,94.56,96.97,92.37,450725
2022-04-11,92.93,93.3,95.27,90.8826,438928
2022-04-12,95.15,92.47,96.9,92.22,138276
2022-04-13,93.02,93.18,93.99,91.17,487496
2022-04-14,92.69,89.82,92.69,87.165,665258
2022-04-18,89.42,90.2,90.98,86.59,276451
2022-04-19,89.53,90.09,92.95,87.34,775940
2022-04-20,91.02,89.37,92.02,87.95,557311
2022-04-21,91.18,85.91,92.67,84.58,268579
2022-04-22,85.58,86.0,88.37,83.28,341602
2022-04-25,85.86,90.19,90.865,85.01,226765
2022-04-26,89.62,86.26,89.99,86.1,424653
2022-04-27,86.7,87.96,89.69,85.0,286021
2022-04-28,89.29,92.33,93.23,87.04,435712
2022-04-29,92.02,86.47,93.74,86.12,301270
2022-05-02,85.68,91.22,91.22,84.4,258901
2022-05-03,89.12,86.52,91.05,86.23,520180
2022-05-04,86.55,92.62,93.265,83.0,569662
2022-05-05,90.44,86.65,90.46,84.79,276143
2022-05-06,85.69,80.61,85.69,77.78,399765
2022-05-09,77.97,72.68,78.77,72.67,786636
2022-05-10,75.19,69.52,76.45,65.44,764706
2022-05-11,69.18,63.0,69.325,60.5003,771418
2022-05-12,61.12,66.98,69.75,60.53,871237
2022-05-13,79.85,89.77,96.335,78.735,2016144
2022-05-16,89.6,85.1,96.92,84.54,659751
2022-05-17,82.4,81.27,84.19,78.245,1168287
2022-05-18,80.02,79.37,81.6,76.25,564243
2022-05-19,79.36,79.92,83.76,78.78,638631
2022-05-20,80.76,76.46,82.0,72.25,444882
2022-05-23,76.46,77.51,78.0,72.33,460905
2022-05-24,76.55,75.06,77.86,72.51,581021
2022-05-25,75.0,78.88,81.17,74.89,421328
2022-05-26,79.46,84.31,87.41,79.03,384391
2022-05-27,82.16,83.78,84.98,81.69,815516
2022-05-31,83.48,83.61,87.61,81.92,421193
2022-06-01,83.92,83.52,84.52,80.7,496857
2022-06-02,84.4,88.1,89.72,82.0606,480749
2022-06-03,85.91,89.34,90.29,84.4,401006
2022-06-06,90.84,96.65,99.285,89.27,919485
2022-06-07,96.65,97.44,99.62,94.93,442138
2022-06-08,97.44,99.18,102.69,97.36,449725
2022-06-09,98.99,96.15,102.12,95.4403,486951
2022-06-10,92.43,93.37,96.856,91.51,595407
2022-06-13,88.53,84.23,90.89,83.39,478662
2022-06-14,82.18,87.35,87.44,79.62,479919
2022-06-15,87.88,92.23,93.99,87.88,894174
2022-06-16,88.62,92.61,93.18,87.52,973143
2022-06-17,92.91,94.71,95.34,89.8,1811372
2022-06-21,94.73,98.89,102.8,94.73,1001489
2022-06-22,97.2,97.07,101.3,96.615,1160703
2022-06-23,97.55,99.82,100.58,94.591,470383
2022-06-24,102.23,101.73,106.43,101.11,3878537
2022-06-27,100.34,96.63,100.4,92.82,777963
2022-06-28,96.15,91.47,99.18,91.04,634419
2022-06-29,91.08,89.8,91.695,86.675,416510
2022-06-30,88.79,87.55,90.2,84.99,535860
2022-07-01,89.12,95.06,95.34,87.14,569572
2022-07-05,92.21,99.25,99.815,91.22,767192
2022-07-06,99.0,96.95,101.61,96.505,769156
2022-07-07,99.0,106.29,106.29,97.23,563047
2022-07-08,104.05,110.09,113.36,102.56,786638
2022-07-11,103.15,94.3,105.05,94.29,1120641
2022-07-12,95.01,95.86,98.7,90.9,423652
2022-07-13,90.17,94.6,98.97,89.8,356392
2022-07-14,94.4,93.87,94.53,88.98,337713
2022-07-15,96.0,99.4,99.68,93.14,305406
2022-07-18,100.21,95.41,105.98,94.88,660244
2022-07-19,95.14,93.85,98.63,93.2,401001
2022-07-20,96.33,99.0,102.72,96.33,475329
2022-07-21,98.75,100.79,101.0455,97.47,251163
2022-07-22,99.96,95.45,101.91,94.19,155556
2022-07-25,95.61,96.5,97.5451,92.99,256186
2022-07-26,95.34,95.11,96.38,92.52,178677
2022-07-27,97.82,97.57,99.49,95.3,328258
2022-07-28,100.0,94.95,101.0,91.3814,337071
2022-07-29,93.66,91.75,93.69,88.7,640586
2022-08-01,91.75,94.41,96.11,91.05,465972
2022-08-02,92.93,99.22,99.77,92.93,444230
2022-08-03,99.81,104.57,106.06,99.09,579052
2022-08-04,99.77,98.68,103.81,96.18,794439
2022-08-05,97.22,103.07,105.2,96.9,1472467
2022-08-08,103.07,95.76,104.9236,94.25,893611
2022-08-09,95.7,98.42,98.715,92.44,475961
2022-08-10,100.0,101.38,103.0,97.005,458409
2022-08-11,103.0,104.05,105.26,100.5,527438
2022-08-12,105.0,108.415,109.4,103.33,437766
2022-08-15,107.39,105.09,108.77,104.825,467672
2022-08-16,105.0,103.18,105.0,98.92,460990
2022-08-17,102.73,102.34,104.04,99.63,432302
2022-08-18,101.81,98.61,101.905,96.77,528384
2022-08-19,96.95,95.7,98.03,94.41,396769
2022-08-22,94.99,95.13,96.04,92.17,341963
2022-08-23,95.93,95.54,97.88,94.74,427870
2022-08-24,95.59,96.04,97.1,94.63,377559
2022-08-25,97.2,97.73,99.42,94.8,394982
2022-08-26,98.6,93.27,99.305,92.125,321738
2022-08-29,92.69,92.61,95.85,91.2543,258281
2022-08-30,93.32,92.12,94.24,89.12,381342
2022-08-31,93.48,94.02,94.48,91.95,429618
2022-09-01,93.33,93.74,93.77,89.94,267951
2022-09-02,95.27,92.84,95.86,90.57,245658
2022-09-06,93.09,91.72,94.54,91.63,300433
2022-09-07,91.72,93.95,94.08,91.365,398194
2022-09-08,92.49,92.73,94.1,91.635,280891
2022-09-09,93.5,99.55,100.39,93.2801,539425
2022-09-12,100.0,101.34,101.4,98.73,413156
2022-09-13,97.4,98.75,100.36,94.47,501942
2022-09-14,98.96,102.01,102.32,97.84,409281
2022-09-15,101.02,101.94,104.43,99.77,547472
2022-09-16,100.48,99.31,100.89,98.71,681264
2022-09-19,97.78,98.9,99.39,96.32,266536
2022-09-20,98.06,97.09,99.96,96.31,299043
2022-09-21,97.06,95.88,100.0,95.575,218863
2022-09-22,95.17,92.53,96.36,91.7,270632
2022-09-23,91.19,89.21,91.735,87.92,397036
2022-09-26,89.39,90.36,92.44,89.03,295699
2022-09-27,92.05,94.12,95.22,90.76,311856
2022-09-28,94.25,98.33,98.56,94.06,309884
2022-09-29,96.86,94.87,97.6825,92.9,308462
2022-09-30,93.44,95.23,98.94,93.44,453123
2022-10-03,95.86,97.0,98.07,93.745,328339
2022-10-04,99.19,101.73,103.74,99.19,359501
2022-10-05,100.65,102.03,104.0,99.455,258237
2022-10-06,102.99,104.29,105.73,102.33,441734
2022-10-07,102.75,98.5,102.89,97.66,345200
2022-10-10,98.53,98.3,98.6599,96.5,219999
2022-10-11,97.95,96.28,98.81,93.5,426736
2022-10-12,96.53,97.53,98.805,94.4,217559
2022-10-13,95.05,92.17,95.05,90.22,374796
2022-10-14,92.91,78.31,93.82,78.25,774422
2022-10-17,80.83,86.92,88.75,80.1,538858
2022-10-18,88.53,89.16,91.35,87.44,295789
2022-10-19,87.72,87.78,89.66,86.24,308450
2022-10-20,87.62,88.72,90.37,86.81,247256
2022-10-21,87.91,82.25,87.91,81.79,526579
2022-10-24,81.81,76.87,81.81,72.39,971467
2022-10-25,77.66,81.04,81.2,76.81,354121
2022-10-26,80.92,81.81,84.52,80.26,300393
2022-10-27,83.44,82.45,84.38,81.81,242138
2022-10-28,81.32,83.15,83.32,79.37,229071
2022-10-31,82.92,81.84,83.4,80.2,231835
2022-11-01,84.22,81.23,84.22,80.89,198880
2022-11-02,81.62,79.89,83.7799,79.69,234129
2022-11-03,79.02,82.35,83.5,78.61,235417
2022-11-04,83.09,79.84,84.72,78.89,310169
2022-11-07,80.4,77.89,80.4,76.67,276361
2022-11-08,78.86,78.51,80.28,76.07,203342
2022-11-09,77.34,77.0,78.58,75.94,271356
2022-11-10,81.7,84.75,85.15,80.6012,497661
2022-11-11,82.01,73.43,82.1,71.035,1093474
2022-11-14,73.54,73.45,75.86,71.56,539758
2022-11-15,75.84,73.82,76.5,73.35,500620
2022-11-16,73.04,70.66,73.32,69.88,419852
2022-11-17,69.05,69.27,70.42,67.47,385429
2022-11-18,71.09,67.7,71.09,66.58,495219
2022-11-21,67.03,69.44,69.95,66.8,474841
2022-11-22,69.22,68.27,69.22,66.93,518272
2022-11-23,68.51,68.58,70.0,67.56,292771
2022-11-25,67.92,69.69,69.9931,67.6,222507
2022-11-28,69.47,66.56,70.71,66.42,405753
2022-11-29,67.13,66.59,68.37,66.58,227844
2022-11-30,66.8,69.67,69.83,66.37,419969
2022-12-01,69.97,70.65,71.11,67.8,413541
2022-12-02,69.89,70.7,71.16,69.065,206384
2022-12-05,70.8,68.12,71.0,67.62,275302
2022-12-06,68.553,67.84,68.99,67.26,256962
2022-12-07,67.84,68.0,70.31,66.01,575362
2022-12-08,68.41,68.85,70.02,67.62,172682
2022-12-09,68.6,68.67,69.34,67.06,152290
2022-12-12,68.78,71.07,71.88,68.33,318456
2022-12-13,73.92,73.99,74.43,72.01,533574
2022-12-14,74.13,73.72,75.95,72.88,382709
2022-12-15,73.16,73.34,73.9,72.01,332792
2022-12-16,73.3,72.99,74.44,72.755,326222
2022-12-19,72.82,72.0,74.18,70.775,392598
2022-12-20,71.36,72.95,73.25,71.34,321233
2022-12-21,73.0,73.19,73.96,72.52,181624
2022-12-22,72.58,70.05,72.58,69.12,341179
2022-12-23,70.05,70.7,70.98,69.0,189409
2022-12-27,70.31,68.27,70.5428,68.13,212778
2022-12-28,68.01,65.38,68.8,64.73,275518
2022-12-29,66.09,70.52,71.1,65.845,418084
2022-12-30,70.14,71.13,71.86,69.875,247367
2023-01-03,71.13,70.93,72.39,68.93,460534
2023-01-04,71.81,72.48,73.26,71.475,663800
2023-01-05,71.62,71.61,73.04,70.655,446433
2023-01-06,71.87,72.08,72.39,71.065,200233
2023-01-09,72.33,73.32,75.32,72.33,359606
2023-01-10,73.14,75.32,75.53,73.14,217037
2023-01-11,75.6,78.69,78.74,75.01,268208
2023-01-12,78.6,80.12,80.85,77.735,341424
2023-01-13,78.94,79.36,80.26,78.1,417793
2023-01-17,79.31,82.55,82.95,79.235,418683
2023-01-18,83.73,83.7,85.84,82.011,611360
2023-01-19,83.21,82.71,84.1837,80.51,415013
2023-01-20,83.7,84.58,85.17,82.1301,249781
2023-01-23,84.85,86.38,86.87,83.71,179653
2023-01-24,86.0,85.32,87.14,84.39,151204
2023-01-25,84.26,85.82,87.03,82.73,243471
2023-01-26,87.54,87.46,88.35,86.41,301133
2023-01-27,88.32,93.03,94.08,86.58,541560
2023-01-30,91.69,91.76,94.18,91.01,375424
2023-01-31,92.37,95.49,96.29,92.37,306936
2023-02-01,95.65,97.42,98.15,93.52,329888
2023-02-02,99.29,105.3,105.46,99.2,749456
2023-02-03,98.06,99.89,104.55,96.96,1309222
2023-02-06,99.13,99.1,101.08,98.21,298578
2023-02-07,98.32,95.12,98.695,93.02,898510
2023-02-08,95.25,94.82,96.2,93.72,302275
2023-02-09,96.19,95.01,96.4788,94.455,308890
2023-02-10,93.38,91.61,93.38,90.1901,509849
2023-02-13,92.29,93.33,94.31,91.275,234920
2023-02-14,92.3,94.19,95.695,92.29,281498
2023-02-15,94.18,97.62,97.92,93.51,366627
2023-02-16,95.91,94.1,97.29,94.051,264993
2023-02-17,94.0,91.34,94.0,90.78,514001
2023-02-21,90.0,90.88,91.5,89.54,221445
2023-02-22,91.52,90.04,91.66,88.52,277840
2023-02-23,90.48,89.68,90.99,87.73,223414
2023-02-24,87.76,87.16,88.11,86.355,461401
2023-02-27,87.75,89.0,90.69,87.565,631651
2023-02-28,88.54,90.79,94.4,88.37,1176940
2023-03-01,103.11,110.98,111.41,101.27,2080648
2023-03-02,110.34,119.88,121.33,109.87,1450504
2023-03-03,116.12,119.27,120.3788,111.01,1877568
2023-03-06,119.78,127.35,127.52,119.61,1114905
2023-03-07,127.99,123.74,130.495,121.14,1730489
2023-03-08,123.45,126.5,127.13,122.51,502354
2023-03-09,125.8,121.41,126.7499,120.88,458538
2023-03-10,120.94,117.78,122.455,116.5235,527433
2023-03-13,116.83,122.77,124.26,114.1101,830581
2023-03-14,124.44,123.72,125.0,118.935,924706
2023-03-15,121.56,122.91,124.0,119.07,1535705
2023-03-16,122.91,127.37,127.8,122.11,669671
2023-03-17,127.43,126.32,128.9222,125.1,643946
2023-03-20,125.07,129.42,129.86,122.8731,481442
2023-03-21,130.2,132.125,135.7671,129.01,715263
2023-03-22,131.97,136.12,137.47,130.9,656200
2023-03-23,138.11,135.13,139.48,133.02,835280
2023-03-24,135.6,136.51,139.145,134.37,472611
2023-03-27,136.73,136.6,138.0,133.65,434616
2023-03-28,137.32,136.9,139.22,135.645,698070
2023-03-29,137.44,136.99,138.92,135.87,444183
2023-03-30,137.24,136.01,138.48,135.87,539041
2023-03-31,137.0,142.59,146.4013,136.28,975067
2023-04-03,142.05,143.08,143.815,139.55,379885
2023-04-04,144.5,139.7,144.91,138.58,584163
2023-04-05,139.07,136.63,139.745,134.24,435614
2023-04-06,136.63,136.73,138.48,132.53,504047
2023-04-10,134.71,134.7,136.18,134.0,489104
2023-04-11,135.02,135.26,136.96,134.08,547788
2023-04-12,137.36,135.01,138.0,134.345,375321
2023-04-13,137.09,136.08,138.3699,135.65,481274
2023-04-14,136.04,134.9,137.8,133.975,533094
2023-04-17,134.72,135.31,136.0771,129.96,516155
2023-04-18,137.52,139.13,139.17,135.62,407732
2023-04-19,138.23,141.88,142.0,138.23,420014
2023-04-20,141.0,138.24,142.4,137.461,273697
2023-04-21,137.87,140.82,142.45,137.14,360955
2023-04-24,140.53,141.04,144.0,139.95,390460
2023-04-25,139.13,140.0,140.41,136.46,480669
2023-04-26,140.93,136.6,141.35,136.37,285195
2023-04-27,137.92,134.7,138.655,134.235,370177
2023-04-28,133.31,136.16,137.62,131.28,284123
2023-05-01,135.87,139.39,139.605,135.37,369956
2023-05-02,137.61,125.17,137.61,122.31,1603145
2023-05-03,124.85,120.61,125.325,119.24,968367
2023-05-04,120.59,119.66,121.1,116.82,753525
