2013-12-09,25.95,25.9377,25.95,25.85,4651
2014-01-15,27.17,27.34,27.34,27.17,5384
2014-01-16,27.25,27.279,27.29,27.22,8127
2014-01-17,27.2,27.18,27.27,27.18,4585
2014-01-21,27.33,27.2999,27.33,27.2674,16073
2014-01-22,27.32,27.309,27.32,27.2101,10138
2014-01-23,27.13,27.05,27.13,26.9,16716
2014-01-24,26.62,26.27,26.62,26.27,8366
2014-01-27,26.28,26.2099,26.31,26.0376,5370
2014-01-28,26.3,26.46,26.4999,26.3,4323
2014-01-29,26.0,26.04,26.15,25.946,6400
2014-01-30,26.28,26.331,26.49,26.17,8432
2014-01-31,25.91,26.1136,26.15,25.8911,2747
2014-02-03,26.07,25.53,26.08,25.53,12000
2014-02-04,25.62,25.65,25.65,25.62,2088
2014-02-05,25.6604,25.67,25.6828,25.64,977
2014-02-06,25.9501,26.0406,26.052,25.9501,6502
2014-02-07,26.12,26.25,26.25,26.12,340
2014-02-10,26.23,26.1999,26.23,26.1999,500
2014-02-11,26.47,26.6601,26.6601,26.4458,2875
2014-02-12,26.86,26.81,26.86,26.7596,1317
2014-02-13,26.69,27.0229,27.0229,26.65,3686
2014-02-14,27.1599,27.16,27.16,27.15,3004
2014-02-18,27.19,27.12,27.19,27.1,3218
2014-02-20,27.05,27.11,27.11,27.051,858
2014-02-21,27.1901,27.21,27.21,27.1901,1553
2014-02-24,27.26,27.3901,27.422,27.2129,3082
2014-02-25,27.3,27.2899,27.31,27.25,2745
2014-02-26,27.17,27.11,27.17,27.11,5238
2014-02-27,26.9653,27.0793,27.0793,26.9304,1250
2014-02-28,27.2199,27.19,27.2199,27.19,552
2014-03-03,26.8,26.42,26.8,26.37,9152
2014-03-04,27.0961,26.9837,27.1095,26.96,2323
2014-03-05,27.0,27.01,27.0543,27.0,4900
2014-03-06,27.0,26.9872,26.9872,26.9735,513
2014-03-07,26.78,26.643,26.78,26.4628,2639
2014-03-10,26.39,26.286,26.286,26.286,308
2014-03-11,26.41,26.32,26.53,26.32,1022
2014-03-12,26.16,26.16,26.16,26.16,229
2014-03-13,26.21,25.42,26.21,25.38,7806
2014-03-14,25.53,25.6472,25.679,25.51,5345
2014-03-17,25.83,26.073,26.01,25.82,9250
2014-03-18,26.205,26.266,26.3368,26.111,5996
2014-03-19,26.36,26.1118,26.38,26.25,6670
2014-03-20,26.08,26.164,26.164,26.08,320
2014-03-21,26.39,26.4,26.4,26.39,1000
2014-03-24,26.42,26.13,26.42,26.13,887
2014-03-25,26.44,26.39,26.51,26.35,210
2014-03-26,26.8,26.72,26.81,26.66,1036
2014-03-27,26.6,26.73,26.73,26.57,2675
2014-03-28,26.99,27.02,27.08,26.99,16325
2014-03-31,27.12,27.02,27.13,26.94,2800
2014-04-01,27.1699,27.14,27.1699,27.14,658
2014-04-02,27.14,27.22,27.22,27.14,5898
2014-04-03,27.18,27.2399,27.3,27.13,3763
2014-04-04,27.3999,27.22,27.3999,27.22,4000
2014-04-07,26.98,26.8327,26.99,26.82,1568
2014-04-08,26.54,26.69,26.72,26.5,92
2014-04-09,26.82,26.9006,26.83,26.71,1150
2014-04-10,26.98,26.398,26.98,26.398,1082
2014-04-11,26.21,26.35,26.35,26.33,1505
2014-04-14,26.2404,26.2404,26.2404,26.2404,200
2014-04-15,26.22,26.0272,26.28,25.88,532
2014-04-16,26.24,26.45,26.45,26.14,6157
2014-04-17,26.53,26.5488,26.5488,26.4604,800
2014-04-21,26.77,26.68,26.72,26.68,888
2014-04-22,27.01,27.1161,27.1161,27.01,1455
2014-04-23,26.98,27.01,27.02,26.88,23297
2014-04-24,26.85,26.94,26.91,26.56,710
2014-04-25,26.7,26.53,26.71,26.48,5308
2014-04-28,26.58,26.699,26.71,26.51,50
2014-04-29,26.9,26.93,26.96,26.81,9647
2014-04-30,26.9,27.0504,26.97,26.87,1710
2014-05-01,26.96,27.0999,26.97,26.95,2267
2014-05-02,26.85,26.87,26.87,26.85,1085
2014-05-05,26.46,26.73,26.7391,26.46,2127
2014-05-06,26.63,26.6204,26.68,26.56,6904
2014-05-07,26.79,26.8588,26.8588,26.77,6826
2014-05-08,26.88,27.0,26.88,26.88,0
2014-05-09,27.0341,27.0788,27.1,27.01,5059
2014-05-12,27.22,27.2708,27.29,27.22,2549
2014-05-13,27.39,27.3801,27.4558,27.38,2165
2014-05-14,27.39,27.39,27.4,27.39,400
2014-05-15,27.25,27.1,27.25,27.0863,3959
2014-05-16,27.0499,27.0499,27.0499,27.0499,185
2014-05-19,27.11,27.14,27.1496,27.11,7346
2014-05-21,27.35,27.31,27.35,27.31,284
2014-05-22,27.3801,27.3801,27.3801,27.3801,200
2014-05-23,27.4501,27.5526,27.5526,27.45,2153
2014-05-27,27.93,27.98,28.02,27.96,8720
2014-05-28,27.92,27.98,27.99,27.89,28935
2014-05-29,27.96,28.0001,28.0001,27.96,709
2014-05-30,28.08,28.08,28.08,28.08,735
2014-06-02,28.0,28.0,28.0,28.0,289
2014-06-03,28.02,27.99,28.02,27.91,43226
2014-06-05,28.03,28.06,28.13,27.964,45401
2014-06-06,28.192,28.2,28.2,28.192,1038
2014-06-09,28.2,28.1633,28.2,28.1633,613
2014-06-10,28.2527,28.27,28.27,28.24,12250
2014-06-11,28.0,28.0348,28.0348,28.0,6258
2014-06-12,28.1,27.9993,28.066,27.96,12895
2014-06-13,27.89,27.869,27.89,27.869,673
2014-06-16,27.97,27.9799,27.9799,27.96,19097
2014-06-17,28.02,28.05,28.06,28.0,8131
2014-06-18,28.11,28.1832,28.23,28.05,17434
2014-06-19,28.26,28.3599,28.3599,28.26,37821
2014-06-20,28.31,28.18,28.33,28.18,8850
2014-06-23,27.95,27.93,27.98,27.89,28345
2014-06-24,27.98,27.892,28.02,27.892,13150
2014-06-25,27.74,27.87,27.87,27.72,1450
2014-06-26,27.76,27.8,27.8,27.59,1624
2014-06-27,27.66,27.72,27.72,27.66,1915
2014-06-30,27.71,27.86,27.86,27.71,4185
2014-07-01,27.78,27.9699,27.9699,27.78,2757
2014-07-02,27.9598,27.87,27.9598,27.87,499
2014-07-03,28.17,28.12,28.17,28.12,344
2014-07-07,27.9899,27.88,27.9899,27.88,695
2014-07-08,27.72,27.47,27.72,27.47,4475
2014-07-09,27.46,27.52,27.59,27.445,6305
2014-07-10,27.14,27.21,27.21,27.0998,800
2014-07-11,27.08,27.1737,27.1892,27.06,4785
2014-07-14,27.53,27.52,27.53,27.52,1000
2014-07-15,27.45,27.31,27.45,27.31,7934
2014-07-16,27.742,27.742,27.742,27.742,600
2014-07-17,27.58,27.33,27.6,27.33,7856
2014-07-18,27.21,27.43,27.43,27.21,3282
2014-07-22,27.4,27.328,27.4,27.328,960
2014-07-23,27.45,27.39,27.45,27.39,520
2014-07-24,27.5,27.56,27.56,27.48,2200
2014-07-25,27.14,27.2299,27.2299,27.14,4723
2014-07-28,27.03,27.116,27.13,26.968,1584
2014-07-29,27.16,27.1234,27.26,27.12,2069
2014-07-30,27.0896,27.04,27.0896,26.74,9150
2014-07-31,26.66,26.33,26.66,26.33,11290
2014-08-01,26.12,25.96,26.12,25.861,7358
2014-08-04,25.93,26.0423,26.0423,25.79,2741
2014-08-05,25.86,25.64,25.9155,25.64,26224
2014-08-06,25.39,25.59,25.731,25.39,5650
2014-08-07,25.67,25.299,25.67,25.299,5162
2014-08-08,25.29,25.64,25.64,25.29,11805
2014-08-11,25.742,25.83,25.83,25.742,1306
2014-08-12,25.7,25.55,25.7,25.503,21675
2014-08-13,25.73,25.9399,25.9399,25.73,3063
2014-08-14,25.989,25.989,25.989,25.989,520
2014-08-15,26.12,25.7688,26.12,25.59,4411
2014-08-18,26.08,26.1,26.12,26.0301,4786
2014-08-19,26.29,26.25,26.2999,26.197,2736
2014-08-20,26.1,26.26,26.29,26.01,3457
2014-08-21,26.25,26.34,26.42,26.25,2431
2014-08-22,26.37,26.3,26.4199,26.2701,1070
2014-08-25,26.491,26.6198,26.69,26.491,12686
2014-08-26,26.79,26.85,26.89,26.72,6167
2014-08-27,26.85,26.799,26.88,26.789,50619
2014-08-28,26.45,26.5,26.5702,26.45,3220
2014-08-29,26.53,26.55,26.63,26.43,1570
2014-09-02,26.64,26.66,26.663,26.64,1525
2014-09-03,27.11,27.01,27.11,26.9101,1642
2014-09-04,27.127,27.12,27.25,27.12,22784
2014-09-05,27.1991,27.45,27.45,27.1991,4296
2014-09-08,27.18,27.14,27.31,27.125,2673
2014-09-09,27.14,27.02,27.17,27.02,42950
2014-09-10,27.1,27.1081,27.199,27.08,5699
2014-09-12,27.04,26.87,27.04,26.86,3749
2014-09-15,27.06,27.14,27.14,26.99,2702
2014-09-16,26.8503,27.08,27.12,26.815,12038
2014-09-17,27.19,27.22,27.22,27.08,9886
2014-09-18,27.3099,27.31,27.31,27.3099,526
2014-09-19,27.47,27.388,27.47,27.29,90300
2014-09-22,27.27,27.012,27.29,26.99,11900
2014-09-23,26.78,26.58,26.78,26.575,8040
2014-09-24,26.61,26.76,26.8,26.61,6740
2014-09-25,26.88,26.31,26.88,26.31,22879
2014-09-26,26.49,26.37,26.49,26.37,905
2014-09-29,26.06,26.11,26.26,26.06,2847
2014-09-30,26.33,26.224,26.33,26.224,576
2014-10-01,26.051,26.03,26.066,26.03,2255
2014-10-02,25.97,25.8,25.97,25.5776,3711
2014-10-03,25.63,25.979,26.02,25.58,42997
2014-10-06,25.96,25.61,25.96,25.57,2200
2014-10-07,25.52,25.2255,25.52,25.14,6654
2014-10-08,25.12,25.52,25.54,25.12,8753
2014-10-09,25.33,24.782,25.33,24.782,7766
2014-10-10,24.71,24.47,24.71,24.47,5695
2014-10-13,24.573,24.538,24.632,24.48,4171
2014-10-14,24.65,24.59,24.66,24.47,2231
2014-10-15,24.1,24.1599,24.1599,23.7,8004
2014-10-16,23.7267,23.87,23.9101,23.7267,2354
2014-10-17,25.81,24.63,25.81,24.3801,4520
2014-10-20,24.36,24.3212,24.36,24.3212,211
2014-10-21,24.77,24.8119,24.83,24.68,3417
2014-10-22,24.82,24.71,24.82,24.71,880
2014-10-23,25.35,25.2808,25.35,25.25,1360
2014-10-24,25.12,25.12,25.12,25.12,993
2014-10-27,24.92,25.04,25.04,24.85,1164
2014-10-28,25.17,25.388,25.388,25.17,910
2014-10-29,25.49,25.31,25.58,25.31,2366
2014-10-30,25.29,25.55,25.63,25.29,9627
2014-10-31,25.97,26.23,26.23,25.97,61118
2014-11-03,25.93,25.99,26.03,25.8901,3335
2014-11-04,25.52,25.6976,25.94,25.52,11546
2014-11-05,26.14,26.08,26.14,25.9301,32776
2014-11-06,26.3,26.26,26.31,26.18,18578
2014-11-07,25.93,25.95,26.01,25.93,6421
2014-11-10,26.03,26.22,26.22,25.97,7794
2014-11-11,26.27,26.29,26.29,26.21,1782
2014-11-12,25.77,25.99,25.99,25.77,12216
2014-11-13,25.91,26.0,26.0,25.91,635
2014-11-14,25.94,25.94,25.99,25.9001,2921
2014-11-17,25.98,26.188,26.19,25.98,2040
2014-11-18,26.36,26.61,26.61,26.45,3818
2014-11-19,26.55,26.65,26.65,26.55,1200
2014-11-20,26.39,26.6,26.6099,26.34,5910
2014-11-21,27.08,27.15,27.229,27.04,18470
2014-11-24,27.4,27.394,27.409,27.3,35817
2014-11-25,27.51,27.6299,27.63,27.5401,3093
2014-11-26,27.58,27.74,27.74,27.57,31018
2014-11-28,27.8,27.84,27.84,27.71,15420
2014-12-01,27.8,27.75,27.8,27.75,3610
2014-12-02,27.8,27.84,27.85,27.73,9937
2014-12-03,27.831,27.91,27.91,27.831,17242
2014-12-04,27.73,27.766,27.83,27.5501,22137
2014-12-05,27.9,28.15,28.2,27.97,35823
2014-12-08,28.06,27.852,28.06,27.852,14973
2014-12-09,27.48,27.522,27.569,27.3622,3071
2014-12-10,27.5,27.28,27.5,27.27,7983
2014-12-11,27.48,27.47,27.6099,27.47,26452
2014-12-12,27.18,26.77,27.18,26.75,3511
2014-12-15,26.98,26.14,26.269,26.0901,56321
2014-12-16,26.044,26.43,26.83,26.044,21978
2014-12-17,26.36,27.01,27.01,26.55,78541
2014-12-18,27.44,27.53,27.55,27.3806,17506
2014-12-19,26.15,26.17,26.2199,25.85,19070
2014-12-22,26.37,26.4,26.4,26.3,2140
2014-12-23,26.47,26.41,26.49,26.4,21444
2014-12-24,26.41,26.558,26.58,26.41,9880
2014-12-26,26.57,26.57,26.57,26.57,184
2014-12-29,26.36,26.442,26.442,26.36,4099
2014-12-30,26.24,26.146,26.24,26.13,10402
2014-12-31,26.1401,26.12,26.4299,26.12,1000
2015-01-02,26.2799,26.17,26.28,26.0714,93209
2015-01-05,25.6656,25.4404,25.6656,25.4,1583
2015-01-06,25.65,25.4801,25.75,25.4001,4358
2015-01-07,25.72,25.66,25.7999,25.55,14867
2015-01-08,25.86,26.35,26.39,25.86,26618
2015-01-09,26.35,26.009,26.35,25.84,9257
2015-01-12,26.16,26.12,26.2113,26.12,2338
2015-01-13,26.49,26.218,26.56,26.18,3299
2015-01-14,26.34,26.36,26.4,26.26,18104
2015-01-15,26.63,26.69,26.794,26.63,47322
2015-01-16,26.81,27.38,27.38,26.81,34380
2015-01-20,27.4,27.38,27.45,27.25,117444
2015-01-21,27.19,27.49,27.49,27.19,49812
2015-01-22,27.67,27.98,28.07,27.46,207078
2015-01-23,28.2,28.19,28.29,28.15,79244
2015-01-26,28.52,28.69,28.75,28.4,261423
2015-01-27,28.31,28.29,28.4,28.16,92899
2015-01-28,28.44,28.14,28.56,28.14,65820
2015-01-29,28.49,28.72,28.74,28.33,41862
2015-01-30,28.47,28.3,28.53,28.3,61569
2015-02-02,28.58,28.782,28.8,28.44,60605
2015-02-03,28.93,28.99,29.0,28.87,67328
2015-02-04,28.88,28.74,28.94,28.74,39450
2015-02-05,28.92,28.99,29.0,28.81,97384
2015-02-06,28.9,28.66,28.9,28.61,79803
2015-02-09,28.48,28.3199,28.48,28.1401,34013
2015-02-10,28.54,28.7,28.73,28.409,77982
2015-02-11,28.69,28.6,29.0,28.49,39800
2015-02-12,29.3,29.13,29.3,28.96,43949
2015-02-13,29.66,29.14,29.66,29.065,39820
2015-02-17,29.43,29.01,29.43,28.75,129548
2015-02-18,29.36,29.13,29.36,29.06,109891
2015-02-19,29.28,29.22,29.29,29.09,96215
2015-02-20,29.35,29.58,29.652,29.15,95584
2015-02-23,29.82,29.58,29.82,29.5,139088
2015-02-24,29.59,29.81,29.82,29.52,80689
2015-02-25,29.8,29.8,29.844,29.7,159797
2015-02-26,29.9,30.08,30.08,29.83,344394
2015-02-27,30.13,30.19,30.27,30.0,335924
2015-03-02,30.44,30.33,30.44,30.186,221804
2015-03-03,30.26,30.04,30.26,29.87,271369
2015-03-04,30.08,30.22,30.26,29.82,211480
2015-03-05,30.49,30.46,30.52,30.35,414334
2015-03-06,30.57,30.47,30.68,30.421,542514
2015-03-09,30.57,30.62,30.65,30.45,368566
2015-03-10,30.42,30.46,30.54,30.2501,407602
2015-03-11,30.89,31.15,31.21,30.8,1189552
2015-03-12,31.01,31.23,31.23,30.98,653003
2015-03-13,31.06,31.47,31.48,30.95,687507
2015-03-16,31.84,31.91,32.01,31.6701,1275041
2015-03-17,31.69,31.57,31.69,31.3196,892921
2015-03-18,31.34,31.23,31.54,31.16,719935
2015-03-19,31.23,31.3,31.36,31.0613,992395
2015-03-20,31.58,31.68,31.75,31.5705,749510
2015-03-23,31.31,31.17,31.34,31.15,525819
2015-03-24,31.4,31.43,31.59,31.2802,707703
2015-03-25,31.55,31.15,31.55,31.14,349696
2015-03-26,30.84,31.18,31.27,30.68,513236
2015-03-27,31.25,31.2384,31.3,31.1101,186252
2015-03-30,31.61,31.68,31.75,31.55,247153
2015-03-31,31.43,31.3,31.5126,31.2801,365574
2015-04-01,31.7,31.57,31.7,31.42,428452
2015-04-02,31.55,31.53,31.6,31.4,204849
2015-04-06,31.44,31.65,31.6995,31.25,203907
2015-04-07,31.88,31.77,31.94,31.74,281636
2015-04-08,31.88,31.76,31.88,31.63,303441
2015-04-09,31.94,32.16,32.21,31.902,240084
2015-04-10,32.54,32.56,32.56,32.416,439845
2015-04-13,32.52,32.3,32.52,32.25,450994
2015-04-14,32.3,32.25,32.3,32.07,315010
2015-04-15,32.34,32.16,32.35,32.12,306948
2015-04-16,31.89,31.63,31.89,31.58,416207
2015-04-17,31.07,30.83,31.2,30.75,779671
2015-04-20,31.38,31.34,31.4199,31.27,193091
2015-04-21,31.74,31.59,31.742,31.4601,215858
2015-04-22,31.44,31.44,31.44,31.153,335454
2015-04-23,31.07,31.05,31.119,30.81,219529
2015-04-24,31.03,31.08,31.1682,30.8701,148880
2015-04-27,31.59,31.51,31.665,31.49,232802
2015-04-28,31.26,31.11,31.26,30.89,265946
2015-04-29,30.65,30.21,30.65,29.906,583400
2015-04-30,30.22,29.9,30.396,29.8,319112
2015-05-01,29.96,30.27,30.2994,29.96,344657
2015-05-04,30.59,30.5,30.59,30.42,209216
2015-05-05,30.3,29.82,30.305,29.72,324128
2015-05-06,29.84,29.75,29.9199,29.5401,257146
2015-05-07,29.8,29.88,29.97,29.7653,500518
2015-05-08,30.35,30.69,30.73,30.31,288785
2015-05-11,30.62,30.5,30.65,30.442,183276
2015-05-12,30.1,30.15,30.2397,29.9196,221944
2015-05-13,30.09,29.7346,30.17,29.6401,235180
2015-05-14,30.09,30.33,30.35,30.03,156657
2015-05-15,30.26,30.11,30.29,29.88,175552
2015-05-18,30.24,30.47,30.485,30.1499,143391
2015-05-19,30.91,30.94,31.08,30.775,443195
2015-05-20,31.03,31.04,31.09,30.852,183229
2015-05-21,30.92,31.06,31.11,30.92,158085
2015-05-22,31.0,30.96,31.0,30.87,247177
2015-05-26,30.74,30.51,30.74,30.35,256156
2015-05-27,30.5,30.81,30.8299,30.49,125448
2015-05-28,30.68,30.59,30.71,30.4,210512
2015-05-29,30.25,29.99,30.271,29.9,238849
2015-06-01,30.0,30.08,30.1,29.79,204229
2015-06-02,29.77,29.73,29.859,29.6427,172607
2015-06-03,30.08,29.91,30.11,29.81,401970
2015-06-04,29.74,29.53,30.0399,29.4,260911
2015-06-05,29.52,29.39,29.62,29.33,237156
2015-06-08,29.09,28.88,29.21,28.82,396830
2015-06-09,28.71,28.73,28.89,28.6,408455
2015-06-10,29.1,29.5,29.61,29.1,442191
2015-06-11,29.9,29.64,30.0,29.59,216328
2015-06-12,29.33,29.35,29.4,29.05,121920
2015-06-15,28.85,28.8999,28.9699,28.7639,163013
2015-06-16,28.79,29.0,29.02,28.78,260867
2015-06-17,28.91,28.62,29.03,28.55,299548
2015-06-18,28.58,29.16,29.43,28.57,786308
2015-06-19,28.97,28.92,29.11,28.83,912460
2015-06-22,29.28,29.37,29.48,29.19,269679
2015-06-23,29.89,29.76,29.897,29.64,446633
2015-06-24,29.6,29.37,29.61,29.3,259730
2015-06-25,29.45,29.41,29.54,29.26,802733
2015-06-26,29.74,29.66,29.7667,29.531,109112
2015-06-29,28.79,28.27,29.0897,28.23,348837
2015-06-30,28.74,28.45,28.74,28.2401,242325
2015-07-01,29.02,28.85,29.12,28.71,212202
2015-07-02,28.9,28.76,28.9,28.635,526377
2015-07-06,28.2,28.17,28.42,28.0001,245730
2015-07-07,28.0,28.27,28.27,27.65,722417
2015-07-08,27.86,27.67,27.91,27.6,180119
2015-07-09,28.28,28.33,28.49,28.28,196451
2015-07-10,29.13,29.35,29.36,29.0399,195692
2015-07-13,29.63,29.55,29.63,29.4148,181910
2015-07-14,29.41,29.63,29.66,29.34,74074
2015-07-15,29.65,29.61,29.69,29.5,122845
2015-07-16,30.06,30.08,30.16,30.0257,200936
2015-07-17,30.04,29.99,30.04,29.904,121956
2015-07-20,30.25,30.2,30.27,30.1028,136264
2015-07-21,29.99,29.81,30.02,29.75,88939
2015-07-22,29.64,29.71,29.7569,29.59,55234
2015-07-23,29.71,29.5,29.72,29.48,101240
2015-07-24,29.52,29.13,29.5219,29.1,73731
2015-07-27,28.66,28.53,28.7337,28.46,249772
2015-07-28,28.838,28.95,28.862,28.653,143195
2015-07-29,28.9,29.07,29.1,28.833,94994
2015-07-30,28.99,29.06,29.06,28.7761,67283
2015-07-31,28.93,29.17,29.23,28.89,113206
2015-08-03,29.58,29.47,29.58,29.35,45150
2015-08-04,29.53,29.61,29.61,29.51,135805
2015-08-05,29.92,29.89,30.04,29.89,86304
2015-08-06,29.97,29.86,30.029,29.737,66339
2015-08-07,29.72,29.72,29.76,29.63,86141
2015-08-10,29.72,29.91,29.96,29.72,246836
2015-08-11,29.22,29.2,29.31,29.1398,133308
2015-08-12,28.43,28.57,28.6004,28.18,300708
2015-08-13,28.62,28.49,28.65,28.45,116331
2015-08-14,28.51,28.61,28.63,28.395,35664
2015-08-17,28.18,28.44,28.46,28.08,40403
2015-08-18,28.32,28.2647,28.37,28.21,77758
2015-08-19,27.93,27.7264,27.93,27.6794,156762
2015-08-20,27.36,26.72,27.3953,26.72,489959
2015-08-21,26.5,25.88,26.8,25.85,498349
2015-08-24,24.33,24.93,25.6899,24.032,380276
2015-08-25,26.31,25.35,26.35,25.3,518662
2015-08-26,26.18,26.42,26.44,25.71,440448
2015-08-27,26.88,26.87,26.92,26.54,379485
2015-08-28,26.61,26.76,26.83,26.5356,558196
2015-08-31,26.46,26.58,26.756,26.45,52333
2015-09-01,25.94,25.8131,26.07,25.71,287001
2015-09-02,26.18,26.3,26.327,26.0301,82741
2015-09-03,26.63,26.61,26.91,26.55,119436
2015-09-04,26.07,26.03,26.227,25.8904,80520
2015-09-08,26.86,26.82,26.86,26.5901,42950
2015-09-09,27.2,26.48,27.2,26.44,169946
2015-09-10,26.54,26.67,26.74,26.52,90698
2015-09-11,26.33,26.47,26.48,26.33,83914
2015-09-14,26.3,26.36,26.4553,26.25,78825
2015-09-15,26.38,26.56,26.58,26.3,58614
2015-09-16,26.54,26.62,26.62,26.43,27982
2015-09-17,26.55,26.52,26.7744,26.47,52122
2015-09-18,25.68,25.85,26.0,25.68,127542
2015-09-21,25.84,25.92,26.0,25.7501,54829
2015-09-22,25.19,25.1,25.23,24.94,293241
2015-09-23,25.21,25.1,25.293,25.01,93426
2015-09-24,24.63,24.9,24.9996,24.4303,152395
2015-09-25,25.24,25.08,25.34,25.005,121014
2015-09-28,24.91,24.69,24.91,24.61,86037
2015-09-29,24.67,24.77,24.83,24.53,479398
2015-09-30,25.24,25.27,25.4,25.0803,117791
2015-10-01,25.23,25.05,25.23,24.77,95539
2015-10-02,24.77,25.32,25.34,24.62,39941
2015-10-05,25.64,25.81,25.8337,25.64,23314
2015-10-06,25.81,25.83,26.03,25.79,157300
2015-10-07,26.28,26.28,26.3722,26.03,153813
2015-10-08,26.19,26.46,26.4798,26.13,56734
2015-10-09,26.52,26.52,26.54,26.39,31914
2015-10-12,26.52,26.52,26.625,26.47,73791
2015-10-13,25.99,26.14,26.32,25.99,90645
2015-10-14,26.11,26.0,26.2904,25.96,111969
2015-10-15,26.28,26.56,26.56,26.2387,361552
2015-10-16,26.39,26.44,26.45,26.29,62792
2015-10-19,26.55,26.55,26.57,26.47,47618
2015-10-20,26.5,26.54,26.6,26.4501,108754
2015-10-21,26.8,26.68,26.9,26.67,77987
2015-10-22,27.16,27.5725,27.64,27.16,157671
2015-10-23,28.03,28.18,28.2296,27.99,193857
2015-10-26,28.2,28.1,28.211,28.03,218786
2015-10-27,27.88,27.8056,27.9463,27.78,98397
2015-10-28,27.89,28.29,28.3008,27.89,155658
2015-10-29,28.14,28.08,28.14,27.99,82473
2015-10-30,28.01,28.09,28.214,28.0,66001
2015-11-02,28.37,28.46,28.49,28.348,110179
2015-11-03,28.32,28.34,28.44,28.26,42750
2015-11-04,28.38,28.18,28.38,28.09,75298
2015-11-05,28.34,28.27,28.4,28.22,30645
2015-11-06,28.55,28.592,28.666,28.43,112796
2015-11-09,28.48,28.1401,28.48,28.036,480691
2015-11-10,28.15,28.18,28.21,27.99,35552
2015-11-11,28.33,28.1467,28.33,28.14,24436
2015-11-12,27.87,27.7599,28.02,27.73,121530
2015-11-13,27.69,27.64,27.83,27.63,1435590
2015-11-16,27.67,28.03,28.03,27.67,51274
2015-11-17,28.17,28.2299,28.41,28.17,51002
2015-11-18,28.36,28.59,28.595,28.34,30446
2015-11-19,28.66,28.6,28.71,28.59,17856
2015-11-20,28.75,28.69,28.81,28.672,61187
2015-11-23,28.62,28.62,28.71,28.51,40458
2015-11-24,28.27,28.4,28.41,28.2,53592
2015-11-25,28.72,28.81,28.88,28.72,34188
2015-11-27,29.05,29.13,29.15,29.05,17230
2015-11-30,29.35,29.2836,29.38,29.23,29561
2015-12-01,29.3,29.19,29.3,29.0602,84519
2015-12-02,29.04,28.75,29.11,28.7,41316
2015-12-03,28.25,27.7,28.4,27.6401,249862
2015-12-04,27.61,28.25,28.2699,27.6037,145062
2015-12-07,28.23,28.38,28.4099,28.225,88745
2015-12-08,27.77,27.73,27.8899,27.61,75772
2015-12-09,27.31,27.32,27.79,27.1901,77155
2015-12-10,27.5,27.5,27.669,27.46,68123
2015-12-11,26.95,26.69,26.953,26.68,101468
2015-12-14,26.67,26.7,26.79,26.31,83327
2015-12-15,27.04,27.13,27.24,27.04,136862
2015-12-16,27.5,27.62,27.7199,27.24,150007
2015-12-17,27.97,27.87,28.0699,27.79,74749
2015-12-18,27.66,27.3855,27.74,27.36,72957
2015-12-21,26.82,26.52,26.94,26.35,158897
2015-12-22,26.49,26.57,26.61,26.3,183625
2015-12-23,26.76,27.0288,27.04,26.76,125044
2015-12-24,27.03,26.99,27.89,26.96,101304
2015-12-28,26.95,26.87,26.95,26.74,198796
2015-12-29,27.06,27.26,27.33,27.06,153110
2015-12-30,27.1,26.9099,27.1,26.87,188852
2015-12-31,26.68,26.62,26.97,26.62,245594
2016-01-04,26.97,26.13,26.97,25.9,116304
2016-01-05,26.03,26.0,26.052,25.8201,82204
2016-01-06,25.51,25.63,25.73,25.44,101196
2016-01-07,25.0,24.75,25.23,24.72,140262
2016-01-08,25.18,24.6,25.2996,24.53,136146
2016-01-11,25.06,24.97,25.13,24.665,98177
2016-01-12,25.3,25.36,25.43,25.1,67576
2016-01-13,25.42,24.68,25.42,24.61,87963
2016-01-14,24.66,24.99,25.1184,24.5,395253
2016-01-15,23.79,23.95,24.1801,23.79,296732
2016-01-19,24.46,24.35,24.5442,24.13,155884
2016-01-20,23.86,23.95,24.06,23.416,208371
2016-01-21,24.01,24.2398,24.431,23.8982,84532
2016-01-22,24.87,24.9,24.927,24.69,47461
2016-01-25,24.72,24.58,24.81,24.563,60482
2016-01-26,24.76,25.04,25.04,24.76,34028
2016-01-27,24.92,24.798,25.18,24.69,29410
2016-01-28,24.78,24.6,24.86,24.4677,43417
2016-01-29,24.731,25.0199,25.04,24.731,77062
2016-02-01,24.69,24.87,24.9286,24.5501,16989
2016-02-02,24.42,24.2162,24.42,24.16,40089
2016-02-03,24.4,24.24,24.4,23.88,52581
2016-02-04,23.84,23.97,24.125,23.7,76365
2016-02-05,24.04,23.63,24.07,23.61,36028
2016-02-08,23.07,23.02,23.106,22.81,100631
2016-02-09,22.38,22.7,22.83,22.38,701496
2016-02-10,23.02,22.72,23.2372,22.7,93775
2016-02-11,22.44,22.5,22.5652,22.22,100998
2016-02-12,22.73,22.8,22.8,22.5325,98005
2016-02-16,23.35,23.45,23.47,23.1597,79676
2016-02-17,23.72,23.99,24.02,23.72,32699
2016-02-18,24.26,24.12,24.28,24.1,26283
2016-02-19,23.93,23.89,23.93,23.7849,34433
2016-02-22,24.29,24.42,24.432,24.29,34104
2016-02-23,24.28,24.0,24.3,23.97,58731
2016-02-24,23.46,23.73,23.75,23.29,176756
2016-02-25,23.98,23.98,23.98,23.72,242062
2016-02-26,24.18,24.18,24.2779,24.15,25755
2016-02-29,24.08,24.18,24.2602,24.01,31679
2016-03-01,24.55,24.15,24.95,24.55,100
2016-03-02,24.82,24.86,24.8999,24.71,60207
2016-03-03,24.87,24.89,24.87,24.87,17514
2016-03-04,24.9,24.905,25.03,24.8059,16085
2016-03-07,24.76,24.83,24.9,24.69,35916
2016-03-08,24.66,24.83,24.73,24.54,48152
2016-03-09,24.8,24.58,24.8,24.58,69849
2016-03-10,24.65,24.17,24.65,24.65,176280
2016-03-11,24.17,25.15,24.17,24.17,57517
2016-03-14,25.24,25.4,25.4,25.24,31925
2016-03-15,25.38,25.24,25.38,25.38,51357
2016-03-16,25.32,25.39,25.42,25.252,25533
2016-03-17,25.13,25.19,25.25,25.0,60315
2016-03-18,25.2,25.33,25.36,25.2,94215
2016-03-21,25.19,25.33,25.389,25.09,155618
2016-03-22,25.13,25.4,25.45,25.13,25123
2016-03-23,25.54,25.43,25.556,25.38,31800
2016-03-24,25.43,25.17,25.43,25.37,300
2016-03-28,25.16,25.15,25.2199,25.1,8394
2016-03-29,25.14,25.2984,25.2665,25.13,99321
2016-03-30,25.69,25.71,25.83,25.682,43165
2016-03-31,25.5,25.435,25.59,25.46,61899
2016-04-01,24.97,25.219,25.23,24.92,46115
2016-04-04,25.15,25.07,25.26,25.04,78604
2016-04-05,25.07,24.5,25.07,25.07,25504
2016-04-06,24.51,24.85,24.86,24.51,41186
2016-04-07,24.69,24.41,24.69,24.35,72687
2016-04-08,24.81,24.8,24.8819,24.713,9109
2016-04-11,24.95,24.85,25.028,24.84,31957
2016-04-12,24.96,25.16,25.1863,24.92,37993
2016-04-13,25.5,25.72,25.74,25.5,51998
2016-04-14,25.82,25.84,25.873,25.78,41214
2016-04-15,25.75,25.7,25.8,25.69,18098
2016-04-18,25.63,25.945,25.945,25.63,38044
2016-04-19,26.33,26.46,26.46,26.3,102658
2016-04-20,26.41,26.56,26.6197,26.4,13068
2016-04-21,26.41,26.39,26.5,26.33,21988
2016-04-22,26.32,26.41,26.45,26.3,81811
2016-04-25,26.15,26.27,26.27,26.12,123297
2016-04-26,26.2,26.25,26.25,26.07,97264
2016-04-27,26.24,26.37,26.3814,26.24,10945
2016-04-28,26.09,26.06,26.3099,26.04,16752
2016-04-29,25.86,25.76,25.93,25.7158,37620
2016-05-02,25.87,25.96,25.9993,25.81,30581
2016-05-03,25.52,25.56,25.61,25.4901,40069
2016-05-04,25.44,25.34,25.44,25.29,11149
2016-05-05,25.26,25.39,25.42,25.26,16444
2016-05-06,25.29,25.57,25.57,25.29,43763
2016-05-09,25.7,25.65,25.7,25.586,16689
2016-05-10,25.79,25.91,25.92,25.7501,93644
2016-05-11,25.67,25.63,25.75,25.57,45312
2016-05-12,25.74,25.55,25.8,25.4521,38635
2016-05-13,25.7,25.53,25.7,25.49,50382
2016-05-16,25.43,25.66,25.7,25.43,20357
2016-05-17,25.47,25.45,25.61,25.44,34006
2016-05-18,25.42,25.66,25.71,25.42,67831
2016-05-19,25.43,25.5,25.52,25.4,37033
2016-05-20,25.65,25.73,25.7374,25.63,42708
2016-05-23,25.67,25.62,25.71,25.6,29747
2016-05-24,25.86,26.15,26.19,25.86,42667
2016-05-25,26.35,26.34,26.41,26.32,37048
2016-05-26,26.45,26.5096,26.54,26.45,8241
2016-05-27,26.5598,26.6,26.6,26.5,23677
2016-05-31,26.64,26.53,26.65,26.44,144067
2016-06-01,26.33,26.39,26.41,26.33,12823
2016-06-02,26.3501,26.52,26.53,26.34,29691
2016-06-03,26.24,26.14,26.24,26.02,23762
2016-06-06,26.12,26.24,26.29,26.12,50670
2016-06-07,26.58,26.51,26.61,26.49,28733
2016-06-08,26.38,26.49,26.5,26.37,75743
2016-06-09,26.11,26.19,26.23,26.11,19650
2016-06-10,25.55,25.48,25.63,25.39,149097
2016-06-13,25.09,24.98,25.245,24.92,153526
2016-06-14,24.87,24.9,24.99,24.7301,45999
2016-06-15,24.99,24.91,25.08,24.8672,25966
2016-06-16,24.6,25.03,25.05,24.55,156520
2016-06-17,25.02,25.2,25.22,24.993,59541
2016-06-20,24.96,24.92,25.033,24.901,10939
2016-06-21,25.06,25.25,25.39,25.05,132512
2016-06-22,25.35,25.17,25.4,25.17,169425
2016-06-23,25.58,25.82,25.88,25.411,52617
2016-06-24,23.93,23.84,24.39,23.75,188309
2016-06-27,23.45,23.38,23.54,23.08,350744
2016-06-28,23.8,23.743,23.823,23.56,76968
2016-06-29,23.99,23.98,24.02,23.89,24006
2016-06-30,24.01,24.32,24.4526,23.9801,67984
2016-07-01,24.35,24.45,24.5,24.35,64438
2016-07-05,23.89,23.68,23.89,23.62,86636
2016-07-06,23.38,23.56,23.58,23.26,141212
2016-07-07,23.57,23.53,23.73,23.44,49322
2016-07-08,24.0,24.08,24.11,24.0,56831
2016-07-11,24.45,24.45,24.6099,24.41,53705
2016-07-12,24.85,24.86,24.95,24.85,44425
2016-07-13,24.91,24.85,24.9332,24.8,72011
2016-07-14,25.21,25.16,25.2614,25.16,55848
2016-07-15,25.13,25.15,25.2,25.075,133672
2016-07-18,25.09,25.13,25.2799,25.075,15005
2016-07-19,24.95,24.98,25.0,24.9201,16315
2016-07-20,25.22,25.22,25.29,25.19,68910
2016-07-21,25.18,25.19,25.27,25.18,16678
2016-07-22,25.22,25.26,25.3,25.211,22554
2016-07-25,25.39,25.31,25.45,25.28,21389
2016-07-26,25.45,25.47,25.49,25.41,11269
2016-07-27,25.7,25.63,25.729,25.59,5974
2016-07-28,25.62,25.6901,25.71,25.53,39319
2016-07-29,25.62,25.7,25.71,25.62,31964
2016-08-01,25.67,25.61,25.7,25.555,63471
2016-08-02,25.36,25.2866,25.36,25.22,44455
2016-08-03,25.25,25.42,25.45,25.25,43571
2016-08-04,25.4,25.3904,25.47,25.34,24941
2016-08-05,25.61,25.8078,25.81,25.61,81092
2016-08-08,25.96,25.95,25.9721,25.9,34239
2016-08-09,26.21,26.52,26.58,26.21,185682
2016-08-10,26.41,26.4499,26.47,26.4001,82364
2016-08-11,26.62,26.62,26.6295,26.5301,34487
2016-08-12,26.5979,26.54,26.5979,26.5201,17313
2016-08-15,26.59,26.605,26.67,26.59,107830
2016-08-16,26.5,26.465,26.53,26.43,28085
2016-08-17,26.25,26.35,26.36,26.15,83226
2016-08-18,26.31,26.37,26.4,26.31,49493
2016-08-19,26.11,26.26,26.26,26.1036,40290
2016-08-22,26.04,26.17,26.2,26.02,45393
2016-08-23,26.32,26.3268,26.41,26.32,52542
2016-08-24,26.3601,26.32,26.4403,26.32,42123
2016-08-25,26.16,26.13,26.19,26.13,51477
2016-08-26,26.13,26.15,26.35,26.0,48866
2016-08-29,26.14,26.2701,26.2962,26.14,40718
2016-08-30,26.46,26.43,26.53,26.39,32950
2016-08-31,26.4501,26.34,26.4501,26.2458,11855
2016-09-01,26.43,26.35,26.51,26.25,11814
2016-09-02,26.5124,26.628,26.6644,26.46,22441
2016-09-06,26.66,26.585,26.6751,26.54,32502
2016-09-07,26.64,26.68,26.7069,26.58,11581
2016-09-08,26.35,26.48,26.5343,26.34,48186
2016-09-09,26.31,26.0,26.36,26.0,51094
2016-09-12,25.71,26.18,26.18,25.71,212515
2016-09-13,25.91,25.85,26.01,25.73,70152
2016-09-14,25.78,25.73,25.84,25.73,13722
2016-09-15,25.6905,25.96,25.965,25.689,15007
2016-09-16,25.6356,25.65,25.7043,25.57,49837
2016-09-19,25.8203,25.83,25.89,25.76,41360
2016-09-20,25.99,25.92,26.058,25.9,23105
2016-09-21,26.07,26.2,26.2,25.97,22235
2016-09-22,26.58,26.61,26.71,26.58,40489
2016-09-23,26.46,26.45,26.4879,26.42,36254
2016-09-26,25.95,25.87,25.95,25.87,84462
2016-09-27,25.67,25.9,25.92,25.58,66361
2016-09-28,26.05,26.19,26.21,25.97,72769
2016-09-29,26.11,25.67,26.16,25.65,81361
2016-09-30,25.87,26.2,26.24,25.87,43166
2016-10-03,25.95,26.1,26.1,25.93,41507
2016-10-04,26.4,26.27,26.49,26.24,83762
2016-10-05,26.37,26.42,26.455,26.37,66872
2016-10-06,26.37,26.45,26.45,26.35,17569
2016-10-07,26.23,26.12,26.23,26.08,30731
2016-10-10,26.3,26.41,26.4522,26.3,20047
2016-10-11,26.51,26.3,26.51,26.26,53660
2016-10-12,26.3,26.28,26.3,26.23,5684
2016-10-13,25.93,26.07,26.1,25.86,22620
2016-10-14,26.42,26.39,26.45,26.311,43009
2016-10-17,26.27,26.17,26.2737,26.16,5027
2016-10-18,26.43,26.43,26.5,26.4,29094
2016-10-19,26.43,26.5458,26.565,26.43,45227
2016-10-20,26.44,26.625,26.67,26.44,22741
2016-10-21,26.43,26.59,26.59,26.43,21720
2016-10-24,26.765,26.7,26.765,26.64,10019
2016-10-25,26.75,26.68,26.79,26.6396,31935
2016-10-26,26.46,26.53,26.605,26.46,31128
2016-10-27,26.53,26.58,26.67,26.52,28797
2016-10-28,26.46,26.5,26.61,26.46,12643
2016-10-31,26.46,26.51,26.55,26.455,4233
2016-11-01,26.42,26.18,26.42,26.0684,22227
2016-11-02,25.96,25.8899,25.96,25.78,21395
2016-11-03,25.85,25.72,25.936,25.7,37862
2016-11-04,25.59,25.49,25.6522,25.4801,128452
2016-11-07,25.99,26.1,26.1,25.98,27279
2016-11-08,26.06,26.24,26.29,26.0095,30393
2016-11-09,26.0,26.49,26.51,26.0,105949
2016-11-10,26.55,26.53,26.64,26.355,35923
2016-11-11,26.52,26.56,26.564,26.45,9736
2016-11-14,26.55,26.65,26.71,26.55,101217
2016-11-15,26.65,26.81,26.81,26.65,87109
2016-11-16,26.44,26.54,26.59,26.44,44629
2016-11-17,26.52,26.72,26.73,26.52,26081
2016-11-18,26.68,26.57,26.68,26.56,31227
2016-11-21,26.58,26.65,26.69,26.56,92134
2016-11-22,26.76,26.8,26.8,26.7,144126
2016-11-23,26.48,26.6,26.63,26.44,362802
2016-11-25,26.58,26.68,26.68,26.58,39965
2016-11-28,26.45,26.35,26.49,26.35,82596
2016-11-29,26.34,26.48,26.53,26.34,64633
2016-11-30,26.5,26.49,26.6,26.483,26867
2016-12-01,26.44,26.26,26.44,26.24,34957
2016-12-02,26.2,26.3197,26.34,26.2,117062
2016-12-05,26.63,26.73,26.75,26.6,71078
2016-12-06,26.76,27.05,27.08,26.76,98942
2016-12-07,27.29,27.603,27.7,27.29,157550
2016-12-08,27.79,27.86,27.95,27.74,106884
2016-12-09,27.85,28.0,28.0286,27.85,53237
2016-12-12,27.85,27.81,27.9229,27.8,65863
2016-12-13,27.96,28.04,28.12,27.96,43236
2016-12-14,28.02,27.955,28.15,27.94,80815
2016-12-15,28.0,28.24,28.28,28.0,62571
2016-12-16,28.28,28.26,28.37,28.2477,73327
2016-12-19,28.28,28.3,28.369,28.28,91836
2016-12-20,28.41,28.4,28.4414,28.384,91241
2016-12-21,28.39,28.4534,28.47,28.39,136491
2016-12-22,28.49,28.415,28.49,28.3901,40619
2016-12-23,28.35,28.44,28.46,28.35,67705
2016-12-27,28.53,28.52,28.54,28.46,46561
2016-12-28,28.42,28.4267,28.51,28.42,45320
2016-12-29,28.4,28.45,28.4874,28.4,14705
2016-12-30,28.4981,28.49,28.577,28.44,6616
2017-01-03,28.81,28.84,28.9321,28.77,97229
2017-01-04,28.77,28.77,28.81,28.7,128046
2017-01-05,28.71,28.72,28.77,28.7,31117
2017-01-06,28.7,28.75,28.7952,28.6703,18191
2017-01-09,28.56,28.6,28.63,28.56,8455
2017-01-10,28.61,28.6597,28.71,28.61,30002
2017-01-11,28.7,28.84,28.9052,28.7,14507
2017-01-12,28.75,28.67,28.75,28.54,66724
2017-01-13,28.81,28.7501,28.84,28.75,14377
2017-01-17,28.61,28.7,28.76,28.61,59651
2017-01-18,28.67,28.88,28.88,28.67,53944
2017-01-19,28.87,28.78,28.93,28.78,23454
2017-01-20,28.86,28.92,28.95,28.86,18043
2017-01-23,28.83,28.81,28.86,28.68,27797
2017-01-24,28.8399,28.99,29.02,28.8,52270
2017-01-25,29.38,29.39,29.41,29.33,26210
2017-01-26,29.45,29.39,29.45,29.38,33713
2017-01-27,29.3535,29.38,29.39,29.35,10985
2017-01-30,29.17,29.15,29.17,29.06,11478
2017-01-31,29.05,28.85,29.13,28.78,30920
2017-02-01,29.14,28.98,29.15,28.92,127089
2017-02-02,28.95,28.95,28.97,28.86,118755
2017-02-03,29.01,28.98,29.01,28.92,27725
2017-02-06,28.6605,28.6,28.719,28.54,33571
2017-02-07,28.74,28.705,28.81,28.65,17915
2017-02-08,28.61,28.77,28.78,28.61,29451
2017-02-09,28.8,28.97,28.9878,28.8,13853
2017-02-10,29.07,29.0578,29.0983,29.0,21593
2017-02-13,29.39,29.305,29.39,29.295,25531
2017-02-14,29.32,29.37,29.3745,29.28,13019
2017-02-15,29.25,29.34,29.37,29.25,14911
2017-02-16,29.26,29.34,29.34,29.2401,9613
2017-02-17,29.21,29.38,29.4,29.19,41052
2017-02-21,29.59,29.8,29.8,29.59,10491
2017-02-22,29.72,29.7935,29.8145,29.72,25795
2017-02-23,29.74,29.671,29.75,29.6,12269
2017-02-24,29.24,29.4,29.42,29.2238,51581
2017-02-27,29.39,29.43,29.4526,29.3,23259
2017-02-28,29.39,29.37,29.421,29.37,13741
2017-03-01,29.81,29.91,29.96,29.7907,28004
2017-03-02,29.91,29.85,29.9102,29.83,23388
2017-03-03,29.79,29.77,29.826,29.76,26900
2017-03-06,29.76,29.8,29.82,29.62,48745
2017-03-07,29.77,29.72,29.77,29.7,12727
2017-03-08,29.76,29.6599,29.76,29.6201,26938
2017-03-09,29.68,29.66,29.79,29.5901,14790
2017-03-10,29.7,29.61,29.7215,29.56,31529
2017-03-13,29.71,29.72,29.74,29.65,22516
2017-03-14,29.7,29.69,29.7,29.58,29802
2017-03-15,29.7,29.81,29.81,29.69,10227
2017-03-16,29.86,29.84,29.93,29.82,26137
2017-03-17,29.95,29.91,29.956,29.86,21499
2017-03-20,29.92,29.81,29.92,29.81,15353
2017-03-21,29.99,29.48,29.99,29.48,15407
2017-03-22,29.35,29.47,29.512,29.35,26912
2017-03-23,29.45,29.72,29.77,29.45,38470
2017-03-24,29.74,29.86,29.92,29.74,56071
2017-03-27,29.55,29.69,29.76,29.4498,97369
2017-03-28,29.78,30.06,30.07,29.78,32088
2017-03-29,30.1,30.09,30.11,30.05,57571
2017-03-30,30.15,30.25,30.25,30.1201,41322
2017-03-31,30.25,30.43,30.4585,30.25,29601
2017-04-03,30.48,30.4,30.49,30.2536,26804
2017-04-04,30.32,30.3798,30.385,30.2601,14771
2017-04-05,30.29,30.14,30.35,30.11,78901
2017-04-06,30.22,30.24,30.2701,30.15,16616
2017-04-07,30.14,30.29,30.33,30.14,19154
2017-04-10,30.25,30.22,30.2502,30.2128,6695
2017-04-11,30.25,30.19,30.25,30.0,3890
2017-04-12,30.15,30.13,30.1602,30.0901,8791
2017-04-13,30.07,30.02,30.115,29.9646,15574
2017-04-17,30.05,30.05,30.09,29.985,12230
2017-04-18,29.84,29.72,29.8401,29.6601,33635
2017-04-19,29.83,29.7,29.86,29.7,14372
2017-04-20,29.8,29.88,29.935,29.767,7224
2017-04-21,29.93,29.98,29.98,29.88,10525
2017-04-24,30.76,30.83,30.8799,30.71,24761
2017-04-25,30.89,30.8907,30.8907,30.8391,12694
2017-04-26,30.9,30.82,30.9,30.82,14250
2017-04-27,30.84,30.81,30.85,30.78,20007
2017-04-28,30.82,30.76,30.8291,30.76,7750
2017-05-01,30.9,30.99,31.0,30.81,15479
2017-05-02,30.94,30.9835,31.02,30.8953,4971
2017-05-03,30.96,30.9799,30.9799,30.96,8096
2017-05-04,31.24,31.3,31.3099,31.18,42494
2017-05-05,31.32,31.67,31.74,31.32,27097
2017-05-08,31.47,31.413,31.47,31.41,31244
2017-05-09,31.61,31.52,31.61,31.4944,20177
2017-05-10,31.62,31.56,31.62,31.3,40958
2017-05-11,31.5,31.43,31.5,31.3057,32351
2017-05-12,31.4,31.55,31.55,31.4,6391
2017-05-15,31.5,31.63,31.63,31.48,40418
2017-05-16,31.7,31.63,31.7,31.571,25484
2017-05-17,31.4,30.9601,31.4,30.9601,30879
2017-05-18,30.96,31.127,31.1448,30.95,16777
2017-05-19,31.21,31.195,31.27,31.195,2514
2017-05-22,31.29,31.2429,31.29,31.2,24993
2017-05-23,31.36,31.3,31.52,31.2489,49055
2017-05-24,31.27,31.3099,31.3099,31.25,30579
2017-05-25,31.27,31.23,31.31,31.16,48617
2017-05-26,31.16,31.17,31.18,31.1001,14127
2017-05-30,31.31,31.26,31.34,31.2287,10772
2017-05-31,31.47,31.335,31.49,31.335,867
2017-06-01,31.5,31.57,31.58,31.44,25941
2017-06-02,31.89,31.91,31.93,31.84,51419
2017-06-05,31.77,31.8,31.81,31.7328,13723
2017-06-06,31.57,31.44,31.5771,31.4301,18517
2017-06-07,31.57,31.46,31.57,31.4,4309
2017-06-08,31.55,31.555,31.555,31.475,12650
2017-06-09,31.68,31.6918,31.7666,31.63,19026
2017-06-12,31.6,31.52,31.6,31.4674,17723
2017-06-13,31.66,31.7084,31.7376,31.6499,18974
2017-06-14,31.99,31.76,31.99,31.7301,12210
2017-06-15,31.37,31.46,31.46,31.29,40951
2017-06-16,31.57,31.612,31.6256,31.56,29121
2017-06-19,32.05,31.9831,32.05,31.9108,22223
2017-06-20,32.1,31.778,32.1,31.73,34830
2017-06-21,31.78,31.68,31.78,31.655,30292
2017-06-22,31.75,31.66,31.75,31.66,25350
2017-06-23,31.53,31.55,31.6,31.48,16520
2017-06-26,31.27,31.12,31.29,31.11,11168
2017-06-27,30.8,30.67,30.88,30.6447,32602
2017-06-28,30.8,30.84,30.855,30.72,8964
2017-06-29,30.59,30.23,30.59,30.16,19114
2017-06-30,30.3,30.2,30.3479,30.04,22751
2017-07-03,30.36,30.46,30.5,30.36,30891
2017-07-05,30.45,30.44,30.45,30.3101,26133
2017-07-06,30.14,30.12,30.23,30.0801,12453
2017-07-07,30.17,30.34,30.34,30.17,4242
2017-07-10,30.35,30.42,30.46,30.35,7602
2017-07-11,30.54,30.525,30.56,30.39,10423
2017-07-12,30.81,30.8701,30.885,30.75,16018
2017-07-13,30.91,30.92,30.92,30.84,7763
2017-07-14,30.81,30.94,30.95,30.76,35485
2017-07-17,30.8,30.8,30.869,30.77,97370
2017-07-18,30.43,30.488,30.5499,30.4151,15227
2017-07-19,30.5,30.65,30.65,30.5,10259
2017-07-20,30.7,30.53,30.7,30.4512,6748
2017-07-21,30.11,30.0979,30.15,29.94,25816
2017-07-24,29.89,30.0305,30.0305,29.89,9277
2017-07-25,30.14,30.09,30.14,30.051,9577
2017-07-26,30.23,30.0901,30.25,30.0901,12805
2017-07-27,30.12,30.05,30.12,29.95,74540
2017-07-28,29.89,29.94,29.96,29.85,26527
2017-07-31,29.93,29.8,29.93,29.78,31211
2017-08-01,30.18,30.2,30.285,30.12,68983
2017-08-02,30.23,30.09,30.23,30.032,23432
2017-08-03,30.06,30.01,30.0996,30.0,85378
2017-08-04,30.25,30.38,30.46,30.25,10828
2017-08-07,30.3,30.2945,30.34,30.27,5275
2017-08-08,30.21,30.29,30.5,30.21,47346
2017-08-09,30.07,30.2053,30.2053,30.07,5330
2017-08-10,29.85,29.67,29.86,29.66,21318
2017-08-11,29.73,29.73,29.8,29.685,13826
2017-08-14,30.12,30.1634,30.196,30.12,5545
2017-08-15,30.2299,30.2,30.2299,30.11,4307
2017-08-16,30.42,30.3056,30.42,30.285,6439
2017-08-17,30.32,30.0791,30.3543,30.0791,3890
2017-08-18,30.15,30.21,30.25,30.14,2954
2017-08-21,30.04,29.98,30.04,29.88,24573
2017-08-22,30.32,30.37,30.37,30.29,2676
2017-08-23,30.17,30.2111,30.2363,30.17,3429
2017-08-24,30.34,30.225,30.34,30.205,6416
2017-08-25,30.32,30.185,30.36,30.17,4584
2017-08-28,30.13,30.12,30.13,30.04,5452
2017-08-29,29.44,29.7,29.7446,29.38,15952
2017-08-30,29.8,29.845,29.853,29.72,4292
2017-08-31,29.92,29.85,29.932,29.85,6955
2017-09-01,30.1801,30.11,30.1801,30.07,10635
2017-09-05,30.1,29.87,30.166,29.865,16715
2017-09-06,30.29,30.39,30.4235,30.23,8220
2017-09-07,30.48,30.41,30.5,30.4,10690
2017-09-08,30.45,30.38,30.45,30.36,86480
2017-09-11,30.79,30.92,30.9317,30.79,13963
2017-09-12,31.03,30.93,31.03,30.91,28852
2017-09-13,30.95,30.9747,31.01,30.95,67168
2017-09-14,30.95,31.03,31.05,30.95,190640
2017-09-15,30.96,31.04,31.04,30.96,77464
2017-09-18,31.11,31.1,31.1232,31.071,9903
2017-09-19,31.09,31.16,31.18,31.09,5389
2017-09-20,31.14,31.25,31.2769,31.14,9968
2017-09-21,31.329,31.2879,31.329,31.26,3553
2017-09-22,31.32,31.3552,31.389,31.29,5732
2017-09-25,31.3,31.26,31.399,31.22,26774
2017-09-26,31.03,31.03,31.04,30.99,34100
2017-09-27,31.12,31.2,31.2,31.08,8653
2017-09-28,31.2,31.28,31.28,31.19,8048
2017-09-29,31.35,31.5424,31.5492,31.35,16269
2017-10-02,31.56,31.73,31.74,31.56,10902
2017-10-03,31.71,31.78,31.78,31.6634,10054
2017-10-04,31.72,31.73,31.84,31.72,3823
2017-10-05,31.78,31.85,31.857,31.75,46293
2017-10-06,31.8,31.81,31.82,31.755,10388
2017-10-09,31.77,31.7,31.7724,31.7,1905
2017-10-10,31.78,31.8099,31.8099,31.7,7613
2017-10-11,31.82,31.82,31.87,31.79,5002
2017-10-12,31.9,31.92,31.92,31.871,6667
2017-10-13,31.88,31.89,31.95,31.88,3100
2017-10-16,31.94,31.91,31.9799,31.865,12571
2017-10-17,31.91,31.93,31.99,31.9001,8034
2017-10-18,32.05,32.05,32.0783,32.01,15809
2017-10-19,31.72,31.835,31.8471,31.71,6874
2017-10-20,31.9,31.8817,31.9,31.822,2381
2017-10-23,31.9,31.841,31.9,31.84,6736
2017-10-24,31.91,31.93,31.975,31.9,87910
2017-10-25,31.89,31.85,31.94,31.74,12956
2017-10-26,32.04,32.331,32.389,32.04,27361
2017-10-27,32.45,32.49,32.5,32.44,26370
2017-10-30,32.53,32.51,32.555,32.46,11440
2017-10-31,32.59,32.665,32.7,32.59,78757
2017-11-01,33.0,32.97,33.02,32.9301,20897
2017-11-02,32.96,32.98,33.01,32.9,14122
2017-11-03,32.98,33.05,33.0799,32.93,22033
2017-11-06,32.95,33.02,33.04,32.95,60399
2017-11-07,32.96,32.81,32.98,32.73,9360
2017-11-08,32.83,32.89,32.9,32.77,10972
2017-11-09,32.49,32.398,32.49,32.22,61582
2017-11-10,32.3,32.29,32.36,32.24,29909
2017-11-13,31.93,32.145,32.1682,31.93,5770
2017-11-14,32.07,32.08,32.1344,31.99,11811
2017-11-15,31.66,31.81,31.93,31.61,29389
2017-11-16,32.05,32.16,32.1924,32.01,13862
2017-11-17,32.08,31.98,32.08,31.9,7191
2017-11-20,32.09,32.15,32.16,32.09,7468
2017-11-21,32.42,32.45,32.54,32.42,10779
2017-11-22,32.43,32.04,32.43,31.99,56748
2017-11-24,32.31,32.24,32.31,32.23,3196
2017-11-27,32.131,32.12,32.1786,32.06,7347
2017-11-28,32.19,32.36,32.39,32.15,53661
2017-11-29,32.56,32.3253,32.61,32.261,6190
2017-11-30,32.48,32.32,32.48,32.3,9152
2017-12-01,32.32,32.1,32.32,31.9,11803
2017-12-04,32.47,32.32,32.52,32.3,29588
2017-12-05,32.3,32.29,32.43,32.29,26899
2017-12-06,32.11,32.3244,32.36,32.11,16047
2017-12-07,32.24,32.45,32.45,32.24,18166
2017-12-08,32.53,32.53,32.61,32.5,9432
2017-12-11,32.49,32.46,32.5,32.411,3934
2017-12-12,32.47,32.57,32.57,32.435,6519
2017-12-13,32.46,32.3681,32.529,32.3413,10243
2017-12-14,32.35,32.26,32.44,32.231,14478
2017-12-15,32.35,32.4553,32.4553,32.34,3796
2017-12-18,32.81,32.81,32.881,32.8,9062
2017-12-19,32.82,32.79,32.8626,32.68,46492
2017-12-20,32.65,32.46,32.679,32.3841,13231
2017-12-21,32.42,32.4952,32.585,32.42,5829
2017-12-22,32.44,32.44,32.47,32.42,8484
2017-12-26,32.37,32.46,32.5329,32.37,8304
2017-12-27,32.41,32.5,32.5,32.36,46692
2017-12-28,32.41,32.34,32.45,32.31,9664
2017-12-29,32.3,32.2,32.3,32.05,4895
2018-01-02,32.0,32.165,32.187,31.96,18513
2018-01-03,32.29,32.431,32.4807,32.29,36568
2018-01-04,32.77,32.8,32.88,32.7505,12095
2018-01-05,33.11,33.218,33.2378,33.085,7150
2018-01-08,33.23,33.35,33.35,33.22,129510
2018-01-09,33.42,33.415,33.46,33.37,20718
2018-01-10,33.12,33.14,33.18,33.06,12534
2018-01-11,33.02,33.18,33.18,32.89,32843
2018-01-12,33.13,33.2,33.22,33.06,15422
2018-01-16,33.32,33.06,33.35,32.9996,22894
2018-01-17,33.18,33.281,33.34,33.03,10734
2018-01-18,33.33,33.36,33.47,33.24,14954
2018-01-19,33.76,33.7701,33.8001,33.65,11787
2018-01-22,33.73,33.8725,33.89,33.69,15723
2018-01-23,33.91,33.93,33.99,33.88,24851
2018-01-24,33.89,33.64,33.9299,33.53,21600
2018-01-25,33.53,33.355,33.53,33.14,33163
2018-01-26,33.39,33.56,33.56,33.36,19323
2018-01-29,33.41,33.3599,33.4799,33.3193,10041
2018-01-30,33.08,33.01,33.1107,33.01,96209
2018-01-31,33.03,32.95,33.11,32.89,66864
2018-02-01,32.57,32.4701,32.65,32.4101,168724
2018-02-02,32.28,31.9301,32.3,31.92,69567
2018-02-05,31.85,30.7775,31.9878,30.56,136471
2018-02-06,30.81,31.805,31.805,30.81,76895
2018-02-07,31.52,31.6657,31.84,31.52,34722
2018-02-08,31.43,30.7923,31.43,30.7923,19850
2018-02-09,30.96,30.88,31.05,30.28,67370
2018-02-12,31.14,31.3,31.35,31.09,27729
2018-02-13,31.03,31.1,31.12,30.95,7427
2018-02-14,30.98,31.45,31.51,30.98,75392
2018-02-15,31.51,31.36,31.51,31.28,23641
2018-02-16,31.45,31.7,31.702,31.45,8962
2018-02-20,31.48,31.5,31.67,31.46,23374
2018-02-21,31.6,31.545,31.73,31.53,4973
2018-02-22,31.51,31.5,31.65,31.45,16180
2018-02-23,31.76,31.845,31.845,31.73,8856
2018-02-26,31.84,31.8814,31.915,31.751,12824
2018-02-27,31.74,31.5924,31.74,31.56,8060
2018-02-28,31.7,31.48,31.735,31.478,6306
2018-03-01,31.2,30.67,31.2,30.65,30212
2018-03-02,30.4,30.58,30.58,30.351,17046
2018-03-05,30.41,31.0,31.0,30.41,3297
2018-03-06,30.85,30.97,30.999,30.83,2304
2018-03-07,30.92,31.1,31.12,30.92,10047
2018-03-08,31.151,31.2191,31.31,31.151,9510
2018-03-09,31.26,31.38,31.38,31.24,5751
2018-03-12,31.51,31.47,31.57,31.44,9807
2018-03-13,31.42,30.88,31.42,30.84,17575
2018-03-14,31.22,31.08,31.22,31.021,15296
2018-03-15,31.11,31.3,31.319,31.0801,11573
2018-03-16,31.38,31.35,31.38,31.3035,13691
2018-03-19,31.15,30.97,31.16,30.87,51746
2018-03-20,31.1,31.372,31.372,31.1,59860
2018-03-21,31.2,31.1499,31.3599,31.075,13746
2018-03-22,30.79,30.5576,30.812,30.5576,15676
2018-03-23,30.53,30.0601,30.53,30.04,72249
2018-03-26,30.46,30.5511,30.5511,30.03,149453
2018-03-27,30.71,30.31,30.72,30.21,127971
2018-03-28,30.42,30.53,30.69,30.38,51726
2018-03-29,30.87,31.055,31.09,30.8301,14078
2018-04-02,31.18,30.53,31.18,30.435,62097
2018-04-03,30.78,30.84,30.84,30.7021,47096
2018-04-04,30.48,30.78,30.81,30.47,4490
2018-04-05,31.22,31.285,31.38,31.22,8503
2018-04-06,31.16,31.111,31.3,31.111,6381
2018-04-09,31.24,31.33,31.38,31.24,5565
2018-04-10,31.61,31.5201,31.61,31.5026,30787
2018-04-11,31.35,31.321,31.3647,31.321,3101
2018-04-12,31.55,31.6,31.61,31.55,3308
2018-04-13,31.73,31.5201,31.73,31.5201,30914
2018-04-16,31.56,31.55,31.68,31.48,6943
2018-04-17,31.82,31.97,31.99,31.82,4758
2018-04-18,31.975,31.96,31.975,31.9501,1020
2018-04-19,31.91,32.0099,32.0099,31.91,5403
2018-04-20,31.93,31.9003,31.9546,31.9,5377
2018-04-23,31.99,32.031,32.055,31.91,4619
2018-04-24,31.96,31.7,31.96,31.571,1861
2018-04-25,31.49,31.56,31.56,31.48,3609
2018-04-26,31.63,31.91,31.93,31.63,3104
2018-04-27,31.87,31.9301,31.96,31.87,2992
2018-04-30,31.92,31.9,31.98,31.8848,4181
2018-05-01,31.93,31.9601,31.9601,31.817,12888
2018-05-02,32.45,32.43,32.54,32.37,8475
2018-05-03,32.35,32.34,32.38,32.22,19733
2018-05-04,32.33,32.54,32.57,32.33,9010
2018-05-07,32.7,32.7351,32.7776,32.7,29360
2018-05-08,32.57,32.66,32.7,32.57,25268
2018-05-09,32.62,32.759,32.77,32.62,24424
2018-05-10,32.72,32.8,32.839,32.71,11486
2018-05-11,32.71,32.74,32.751,32.71,2899
2018-05-14,32.63,32.7,32.7144,32.62,3008
2018-05-15,32.69,32.76,32.7767,32.64,65127
2018-05-16,32.8,32.821,32.821,32.8,914
2018-05-17,32.98,33.02,33.055,32.96,9058
2018-05-18,32.925,32.925,32.925,32.925,163
2018-05-21,33.19,33.12,33.19,33.12,1332
2018-05-22,33.15,33.1101,33.29,33.11,3244
2018-05-23,32.65,32.74,32.74,32.591,11473
2018-05-24,32.46,32.4595,32.47,32.38,4447
2018-05-25,32.46,32.47,32.5,32.46,705
2018-05-29,31.98,31.88,32.08,31.71,45341
2018-05-30,32.06,32.09,32.1557,31.98,5298
2018-05-31,31.905,31.832,31.98,31.71,4886
2018-06-01,32.13,32.11,32.14,32.11,3565
2018-06-04,32.175,32.17,32.23,32.12,30404
2018-06-05,32.34,32.135,32.42,32.12,8706
2018-06-06,32.14,32.41,32.42,32.05,22612
2018-06-07,32.22,31.99,32.2396,31.92,46085
2018-06-08,31.982,32.09,32.135,31.982,3012
2018-06-11,31.99,32.26,32.26,31.97,9214
2018-06-12,32.17,32.17,32.1916,32.17,12307
2018-06-13,32.2,32.21,32.239,32.16,3405
2018-06-14,32.47,32.7699,32.77,32.47,6599
2018-06-15,32.4327,32.5,32.5258,32.421,17821
2018-06-18,32.01,32.07,32.07,32.01,5553
2018-06-19,31.66,31.83,31.83,31.64,4640
2018-06-20,31.77,31.759,31.775,31.71,5063
2018-06-21,31.41,31.18,31.41,31.18,6027
2018-06-22,31.3,31.4,31.427,31.21,12437
2018-06-25,30.05,29.92,30.05,29.82,5664
2018-06-26,29.92,29.9501,30.01,29.73,11896
2018-06-27,30.05,29.88,30.22,29.87,30633
2018-06-28,29.64,29.71,29.7865,29.47,15248
2018-06-29,29.91,29.77,29.96,29.75,49266
2018-07-02,29.7,29.84,29.84,29.6701,10751
2018-07-03,30.03,29.84,30.03,29.84,9709
2018-07-05,30.23,30.33,30.33,30.151,8030
2018-07-06,30.165,30.31,30.33,30.16,4779
2018-07-09,30.34,30.445,30.455,30.34,12708
2018-07-10,30.54,30.5743,30.5802,30.53,3380
2018-07-11,30.11,30.14,30.19,30.053,19441
2018-07-12,30.22,30.33,30.341,30.17,30658
2018-07-13,30.35,30.4,30.4308,30.35,1870
2018-07-16,30.44,30.455,30.461,30.44,6780
2018-07-17,30.46,30.79,30.83,30.46,41947
2018-07-18,30.93,30.9056,30.93,30.9056,2223
2018-07-19,30.76,30.74,30.77,30.725,11603
2018-07-20,30.3,30.45,30.46,30.3,22775
2018-07-23,30.42,30.57,30.57,30.42,28566
2018-07-24,30.88,30.75,30.88,30.71,13753
2018-07-25,30.6,30.5995,30.6108,30.5995,2108
2018-07-26,30.98,31.0338,31.0338,30.9601,4476
2018-07-27,31.0642,31.0472,31.0642,31.0,1970
2018-07-30,31.14,31.0436,31.14,31.03,8990
2018-07-31,31.16,31.1026,31.16,31.1026,937
2018-08-01,30.99,30.96,31.01,30.93,4038
2018-08-02,30.58,30.73,30.73,30.58,4672
2018-08-03,30.78,30.83,30.84,30.78,1323
2018-08-06,30.74,30.77,30.8257,30.74,9063
2018-08-07,31.04,30.924,31.04,30.9,6917
2018-08-08,30.87,30.84,30.87,30.835,2886
2018-08-09,30.93,30.96,30.96,30.92,3227
2018-08-10,30.43,30.38,30.44,30.325,10139
2018-08-13,30.32,30.315,30.3666,30.28,5641
2018-08-14,30.2,30.4087,30.4087,30.15,9650
2018-08-15,29.9,29.86,29.93,29.74,20392
2018-08-16,29.86,29.91,30.0,29.86,8300
2018-08-17,29.79,29.94,30.0144,29.79,4180
2018-08-20,30.17,30.14,30.26,30.14,8172
2018-08-21,30.42,30.35,30.42,30.34,3108
2018-08-22,30.27,30.285,30.3251,30.27,2183
2018-08-23,30.2,30.235,30.29,30.2,30627
2018-08-24,30.33,30.3258,30.335,30.295,4842
2018-08-27,30.55,30.7672,30.7674,30.55,181420
2018-08-28,30.8,30.7,30.8,30.7,6185
2018-08-29,30.7,30.7826,30.7826,30.66,2134
2018-08-30,30.61,30.5618,30.63,30.5618,4741
2018-08-31,30.42,30.2741,30.42,30.2741,1277
2018-09-04,29.89,30.0728,30.0728,29.89,5268
2018-09-05,29.82,29.72,29.8285,29.66,2839
2018-09-06,29.61,29.552,29.63,29.45,4008
2018-09-07,29.38,29.3865,29.49,29.34,12955
2018-09-10,29.62,29.6233,29.63,29.57,9499
2018-09-11,29.4,29.565,29.5789,29.4,3957
2018-09-12,29.57,29.6,29.6439,29.53,11462
2018-09-13,29.76,29.78,29.78,29.65,6391
2018-09-14,29.87,29.82,29.895,29.82,2569
2018-09-17,29.82,29.79,29.865,29.79,4140
2018-09-18,29.87,30.0559,30.0559,29.87,4505
2018-09-19,30.0301,30.1898,30.19,30.0301,27614
2018-09-20,30.41,30.4678,30.4678,30.41,1820
2018-09-21,30.57,30.58,30.61,30.55,6540
2018-09-24,30.38,30.35,30.4,30.32,7685
2018-09-25,30.23,30.19,30.23,30.19,831
2018-09-26,30.14,30.23,30.32,30.14,1684
2018-09-27,30.3,30.34,30.39,30.3,3920
2018-09-28,29.94,29.9,29.9893,29.8884,16826
2018-10-01,30.23,30.1369,30.23,30.1369,22686
2018-10-02,30.0,30.08,30.09,30.0,17919
2018-10-03,30.34,30.31,30.34,30.2301,3346
2018-10-04,30.18,29.93,30.18,29.8802,1886
2018-10-05,29.71,29.565,29.71,29.56,3220
2018-10-08,29.38,29.29,29.4218,29.23,8171
2018-10-09,29.19,29.292,29.3204,29.19,3407
2018-10-10,29.04,28.62,29.04,28.54,93888
2018-10-11,28.58,28.2162,28.686,28.2162,15652
2018-10-12,28.5,28.35,28.5,28.2,1867
2018-10-15,28.36,28.47,28.53,28.35,3902
2018-10-16,28.69,28.85,28.89,28.69,4549
2018-10-17,28.78,28.79,28.88,28.6,9161
2018-10-18,28.75,28.47,28.7939,28.45,30478
2018-10-19,28.432,28.415,28.46,28.3938,2129
2018-10-22,28.48,28.395,28.5081,28.36,4191
2018-10-23,27.84,28.1858,28.2055,27.782,11489
2018-10-24,28.0,27.38,28.01,27.36,20931
2018-10-25,27.77,28.094,28.1195,27.74,12781
2018-10-26,27.7101,27.692,27.901,27.59,8717
2018-10-29,28.38,27.91,28.43,27.84,17499
2018-10-30,28.12,28.13,28.13,28.02,2603
2018-10-31,28.44,28.455,28.5264,28.44,6220
2018-11-01,28.59,28.5899,28.59,28.49,5154
2018-11-02,29.01,28.87,29.0184,28.745,1265
2018-11-05,28.81,28.7,28.81,28.7,2333
2018-11-06,28.64,28.7547,28.7547,28.64,2699
2018-11-07,28.81,28.8801,28.8801,28.71,17494
2018-11-08,28.71,28.6001,28.71,28.55,1698
2018-11-09,28.57,28.555,28.63,28.555,1020
2018-11-12,28.37,28.2035,28.37,28.19,6613
2018-11-13,28.3,28.51,28.615,28.3,61694
2018-11-14,28.83,28.42,28.875,28.42,1865
2018-11-15,28.31,28.56,28.56,28.27,4813
2018-11-16,28.15,28.3001,28.402,28.15,3581
2018-11-19,28.34,28.07,28.378,28.06,13840
2018-11-20,27.72,27.68,27.822,27.65,18974
2018-11-21,27.9,28.09,28.13,27.9,3513
2018-11-23,27.75,27.8801,27.8801,27.75,4273
2018-11-26,28.26,28.32,28.41,28.26,3995
2018-11-27,28.26,28.29,28.29,28.13,1278
2018-11-28,28.2,28.41,28.41,28.12,8182
2018-11-29,28.2,28.22,28.22,28.1301,4511
2018-11-30,28.0,28.13,28.13,28.0,4246
2018-12-03,28.59,28.52,28.59,28.49,6584
2018-12-04,28.1453,27.625,28.15,27.62,81379
2018-12-06,26.97,27.2,27.21,26.85,64561
2018-12-07,27.1729,26.7201,27.1729,26.7201,3385
2018-12-10,26.61,26.6654,26.6654,26.41,13699
2018-12-11,26.98,26.925,26.98,26.6911,21525
2018-12-12,27.13,27.19,27.2422,27.13,11863
2018-12-13,27.17,27.13,27.21,27.05,2539
2018-12-14,27.0,26.93,27.05,26.9073,26348
2018-12-17,26.7,26.5987,26.7943,26.5987,12706
2018-12-18,26.87,26.75,26.9,26.72,14348
2018-12-19,26.82,26.57,26.8663,26.56,5330
2018-12-20,26.39,26.265,26.52,26.177,5486
2018-12-21,26.4552,26.34,26.548,26.332,8601
2018-12-24,26.01,25.7,26.0593,25.7,13198
2018-12-26,25.6,26.3795,26.3795,25.6,52811
2018-12-27,25.96,26.23,26.23,25.8,17242
2018-12-28,26.42,26.44,26.53,26.38,52325
2018-12-31,26.6,26.48,26.6,26.4301,16777
2019-01-02,26.22,26.4361,26.4361,26.22,965
2019-01-03,26.32,26.17,26.3201,26.17,4133
2019-01-04,26.74,27.09,27.1497,26.74,6397
2019-01-07,26.87,26.9634,26.9634,26.852,94549
2019-01-08,27.3,27.14,27.3,27.14,1349
2019-01-09,27.49,27.4302,27.49,27.35,4740
2019-01-10,27.28,27.35,27.4586,27.28,10534
2019-01-11,27.27,27.33,27.34,27.27,1837
2019-01-14,27.17,27.25,27.36,27.17,4487
2019-01-15,27.29,27.3382,27.3796,27.29,763
2019-01-16,27.43,27.442,27.442,27.421,958
2019-01-17,27.32,27.36,27.36,27.32,485
2019-01-18,27.97,28.1362,28.1362,27.9175,4948
2019-01-22,27.75,27.67,27.78,27.64,12166
2019-01-23,27.9,27.81,27.9,27.6993,6737
2019-01-24,27.88,27.85,27.88,27.83,1774
2019-01-25,28.3359,28.3235,28.3359,28.32,328
2019-01-28,28.17,28.2,28.2,28.17,7980
2019-01-29,28.23,28.2,28.2901,28.2,6169
2019-01-30,28.16,28.2701,28.28,28.09,30401
2019-01-31,27.8701,28.1097,28.1353,27.8701,13784
2019-02-01,28.11,28.22,28.22,28.11,531
2019-02-04,28.1,28.2129,28.2129,28.08,1061
2019-02-05,28.47,28.6301,28.73,28.47,31304
2019-02-06,28.52,28.52,28.52,28.47,3498
2019-02-07,27.89,27.7747,27.9327,27.74,17581
2019-02-08,27.4603,27.51,27.52,27.4,40629
2019-02-11,27.62,27.6016,27.66,27.57,14699
2019-02-12,27.91,27.96,27.97,27.9001,15332
2019-02-13,28.06,28.1276,28.1415,28.051,7068
2019-02-14,27.87,27.899,27.9588,27.86,5103
2019-02-15,28.35,28.422,28.4222,28.33,5875
2019-02-19,28.24,28.39,28.47,28.24,8368
2019-02-20,28.54,28.734,28.734,28.54,8016
2019-02-21,28.61,28.6,28.67,28.57,5987
2019-02-22,28.73,28.72,28.75,28.69,14878
2019-02-25,28.85,28.71,28.93,28.71,8239
2019-02-26,28.81,28.88,28.915,28.81,3703
2019-02-27,28.79,28.7687,28.79,28.7,2513
2019-02-28,28.74,28.821,28.855,28.74,2404
2019-03-01,29.16,29.19,29.23,29.105,15160
2019-03-04,29.22,29.0578,29.25,29.0,36303
2019-03-05,29.11,29.1664,29.17,29.09,28880
2019-03-06,29.13,29.03,29.13,29.02,16727
2019-03-07,28.81,28.722,28.81,28.6462,8258
2019-03-08,28.5,28.5894,28.5894,28.5,3652
2019-03-11,28.67,28.8009,28.8009,28.67,853
2019-03-12,28.74,28.69,28.76,28.69,1514
2019-03-13,28.77,28.9205,28.9205,28.77,945
2019-03-14,28.961,28.96,29.0,28.94,11047
2019-03-15,29.07,29.18,29.18,29.07,1951
2019-03-18,29.13,29.18,29.205,29.13,2876
2019-03-19,29.56,29.37,29.56,29.37,5358
2019-03-20,28.96,28.96,28.99,28.92,6081
2019-03-21,28.8201,28.93,28.93,28.8201,4671
2019-03-22,28.63,28.36,28.67,28.36,54053
2019-03-25,28.35,28.34,28.36,28.34,3804
2019-03-26,28.41,28.42,28.44,28.41,3476
2019-03-27,28.63,28.5783,28.63,28.38,28009
2019-03-28,28.51,28.4,28.56,28.4,6460
2019-03-29,28.6,28.641,28.641,28.52,4067
2019-04-01,28.91,29.125,29.125,28.91,6985
2019-04-02,29.18,29.3187,29.33,29.18,1426
2019-04-03,29.61,29.695,29.71,29.61,2876
2019-04-04,29.77,29.81,29.87,29.76,13311
2019-04-05,29.78,29.8,29.8334,29.78,4400
2019-04-08,29.73,29.7269,29.77,29.7269,2090
2019-04-09,29.56,29.5102,29.56,29.5095,5272
2019-04-10,29.63,29.6712,29.6712,29.62,4462
2019-04-11,29.76,29.74,29.8103,29.7001,3962
2019-04-12,30.01,30.03,30.03,30.0,9550
2019-04-15,30.07,30.13,30.13,30.07,1808
2019-04-16,30.35,30.3534,30.3534,30.34,943
2019-04-17,30.58,30.59,30.59,30.53,3253
2019-04-18,30.62,30.8,30.8,30.61,40246
2019-04-22,30.71,30.6913,30.7499,30.6913,18979
2019-04-23,30.67,30.65,30.68,30.6401,5296
2019-04-24,30.6,30.5501,30.6,30.52,10259
2019-04-25,30.49,30.53,30.5539,30.49,1483
2019-04-26,30.57,30.55,30.57,30.55,599
2019-04-29,30.58,30.6474,30.6474,30.57,2377
2019-04-30,30.57,30.704,30.704,30.5538,1002
2019-05-01,30.67,30.67,30.73,30.66,1255
2019-05-02,30.6601,30.5683,30.6721,30.53,5164
2019-05-03,30.74,30.77,30.77,30.7393,2298
2019-05-06,30.11,30.456,30.456,30.055,5000
2019-05-07,30.12,29.8376,30.1443,29.81,5148
2019-05-08,30.01,30.13,30.13,30.01,26692
2019-05-09,29.58,29.76,29.76,29.5,4663
2019-05-10,29.64,29.93,29.93,29.6158,3851
2019-05-13,29.06,29.06,29.13,29.01,5340
2019-05-14,29.33,29.44,29.48,29.28,10888
2019-05-15,29.198,29.72,29.74,29.198,7860
2019-05-16,29.9464,30.0104,30.029,29.9464,4381
2019-05-17,29.82,29.82,29.82,29.808,2718
2019-05-20,29.45,29.425,29.45,29.37,5406
2019-05-21,29.6086,29.675,29.675,29.6086,446
2019-05-22,29.532,29.532,29.532,29.532,1019
2019-05-23,29.14,29.02,29.14,29.02,41006
2019-05-24,29.27,29.2244,29.3259,29.16,1871
2019-05-28,29.3,28.86,29.3,28.86,850
2019-05-29,28.82,28.905,28.94,28.73,166556
2019-05-30,29.065,29.05,29.065,28.96,1585
2019-05-31,28.58,28.6351,28.67,28.58,2836
2019-06-03,28.76,28.33,28.77,27.83,4877
2019-06-04,29.25,29.275,29.275,29.2367,3509
2019-06-05,29.18,29.33,29.33,29.15,5544
2019-06-06,29.1253,29.1253,29.1253,29.1253,559
2019-06-07,29.38,29.3638,29.45,29.3599,8584
2019-06-10,NaN,29.3638,NaN,NaN,297
2019-06-11,29.6235,29.62,29.6235,29.62,784
2019-06-12,29.5666,29.5663,29.5666,29.5663,1004
2019-06-13,29.69,29.69,29.69,29.69,137
2019-06-14,29.4526,29.4622,29.4622,29.4488,1457
2019-06-17,29.4425,29.445,29.445,29.4425,258
2019-06-18,29.745,29.9,29.97,29.72,57438
2019-06-19,29.9499,30.05,30.05,29.9498,1839
2019-06-20,30.26,30.131,30.26,30.1,2655
2019-06-21,30.1,29.99,30.1604,29.99,3409
2019-06-24,29.18,29.12,29.18,29.12,1061
2019-06-25,28.96,28.8932,28.98,28.88,3793
2019-06-26,29.155,29.12,29.155,29.1,1008
2019-06-27,29.3963,29.3677,29.3963,29.2615,1737
2019-06-28,29.46,29.64,29.65,29.46,120606
2019-07-01,29.905,29.814,29.93,29.814,2562
2019-07-02,29.74,29.71,29.74,29.71,693
2019-07-03,29.94,29.975,30.0164,29.9135,4242
2019-07-05,29.88,29.96,29.96,29.8312,2272
2019-07-08,29.73,29.6831,29.7755,29.6831,3096
2019-07-09,29.5404,29.5448,29.5448,29.5404,2953
2019-07-10,29.51,29.41,29.51,29.3576,1454
2019-07-11,29.308,29.16,29.313,29.13,3751
2019-07-12,29.27,29.2,29.27,29.13,4591
2019-07-15,29.36,29.3099,29.36,29.25,84514
2019-07-16,29.35,29.4804,29.4804,29.35,2143
2019-07-17,29.35,29.19,29.35,29.19,319
2019-07-18,28.9915,28.9466,28.9915,28.9416,3091
2019-07-19,28.99,29.075,29.075,28.99,6676
2019-07-22,29.16,29.0602,29.16,29.05,3872
2019-07-23,29.69,29.8143,29.8143,29.665,3924
2019-07-24,29.9249,29.9297,29.9297,29.9249,762
2019-07-25,29.52,29.52,29.52,29.52,400
2019-07-26,29.4997,29.5787,29.619,29.4997,1056
2019-07-29,29.6289,29.6284,29.6289,29.6284,1973
2019-07-30,28.96,28.892,28.96,28.892,741
2019-07-31,29.12,28.9099,29.12,28.88,745
2019-08-01,29.02,29.1847,29.1847,29.02,2637
2019-08-02,28.54,28.54,28.54,28.54,165
2019-08-05,27.87,27.68,27.87,27.62,7168
2019-08-06,27.75,27.8,27.8,27.6615,844
2019-08-07,27.75,27.8,27.8,27.74,3209
2019-08-08,28.11,28.1317,28.2105,28.11,1706
2019-08-09,27.8096,27.925,27.925,27.8096,849
2019-08-12,27.71,27.77,27.8322,27.71,1290
2019-08-13,27.53,28.05,28.05,27.53,1892
2019-08-14,27.3995,27.32,27.3995,27.27,4250
2019-08-15,27.1,27.08,27.2,27.01,7792
2019-08-16,NaN,27.08,NaN,NaN,72
2019-08-19,27.8569,27.9,27.9,27.8569,753
2019-08-20,27.72,27.7402,27.8,27.72,4351
2019-08-21,28.16,28.08,28.16,28.0246,7836
2019-08-22,28.21,28.02,28.21,28.02,1442
2019-08-23,28.09,27.66,28.09,27.66,4322
2019-08-26,27.85,27.84,27.85,27.81,923
2019-08-27,28.055,27.9764,28.055,27.9764,1807
2019-08-28,27.8,27.94,27.94,27.75,4966
2019-08-29,28.24,28.3262,28.3337,28.21,5026
2019-08-30,28.5,28.49,28.5,28.47,1993
2019-09-03,28.46,28.379,28.46,28.32,1077
2019-09-04,28.66,28.676,28.676,28.63,1226
2019-09-05,28.99,28.94,28.99,28.8901,1711
2019-09-06,NaN,28.94,NaN,NaN,7
2019-09-09,29.3,29.36,29.36,29.3,1871
2019-09-10,29.595,29.576,29.69,29.576,2517
2019-09-11,29.8,29.793,29.84,29.793,542
2019-09-12,29.74,29.8604,29.884,29.74,1052
2019-09-13,30.05,30.02,30.05,30.02,2067
2019-09-16,29.9,29.8617,29.925,29.8572,2751
2019-09-17,29.78,29.8617,29.78,29.78,100
2019-09-18,NaN,29.8617,NaN,NaN,17
2019-09-19,29.8464,29.8039,29.8464,29.8039,542
2019-09-20,29.75,29.76,29.77,29.75,2113
2019-09-23,29.44,29.585,29.61,29.41,15269
2019-09-24,29.53,29.31,29.56,29.29,5194
2019-09-25,29.15,29.21,29.21,29.11,1863
2019-09-26,29.35,29.405,29.405,29.35,650
2019-09-27,29.41,29.44,29.46,29.4,15902
2019-09-30,29.67,29.675,29.675,29.67,769
2019-10-01,29.3212,29.31,29.3212,29.31,408
2019-10-02,28.86,28.63,28.8713,28.63,5520
2019-10-03,28.62,28.74,28.74,28.5457,11369
2019-10-04,28.7006,28.83,28.83,28.7006,2885
2019-10-07,28.87,28.949,28.949,28.87,1783
2019-10-08,28.645,28.66,28.66,28.645,1429
2019-10-09,28.8807,28.91,28.94,28.84,3048
2019-10-10,29.0501,29.0501,29.0501,29.0501,2055
2019-10-11,29.82,29.81,29.9592,29.7402,5723
2019-10-14,29.83,29.874,29.874,29.825,7583
2019-10-15,30.01,30.255,30.255,30.01,22008
2019-10-16,30.39,30.39,30.39,30.39,255
2019-10-17,30.6566,30.402,30.6566,30.402,476
2019-10-18,30.48,30.5061,30.5101,30.41,4360
2019-10-21,30.76,30.82,30.9399,30.76,24257
2019-10-22,30.864,30.8992,30.8992,30.864,361
2019-10-23,31.01,31.085,31.11,30.96,710
2019-10-24,31.31,31.32,31.32,31.25,1384
2019-10-25,31.36,31.3454,31.36,31.3454,1371
2019-10-28,31.53,31.58,31.58,31.53,7440
2019-10-29,31.4646,31.4767,31.4767,31.44,1721
2019-10-30,31.32,31.28,31.3358,31.28,2652
2019-10-31,31.2965,31.2965,31.2965,31.2965,357
2019-11-01,31.51,31.56,31.56,31.51,6107
2019-11-04,32.03,31.97,32.03,31.97,1751
2019-11-05,32.08,32.0802,32.0979,32.05,2604
2019-11-06,32.1,32.22,32.22,32.1,448
2019-11-07,32.43,32.35,32.5,32.35,5941
2019-11-08,32.29,32.294,32.35,32.205,2337
2019-11-11,32.18,32.2602,32.262,32.18,1389
2019-11-12,32.3,32.275,32.3,32.26,701
2019-11-13,NaN,32.275,NaN,NaN,153
2019-11-14,31.992,31.9935,31.9935,31.992,346
2019-11-15,32.1,32.11,32.11,32.0481,1438
2019-11-18,31.9,31.985,32.0,31.7639,4640
2019-11-19,32.25,32.015,32.25,31.94,6680
2019-11-20,31.89,31.8016,31.9,31.7891,3565
2019-11-21,31.85,31.95,31.95,31.85,1697
2019-11-22,32.054,32.07,32.07,32.004,552
2019-11-25,32.1,32.22,32.22,32.098,1485
2019-11-26,32.19,32.18,32.2307,32.135,1503
2019-11-27,32.27,32.27,32.27,32.27,176
2019-11-29,32.116,32.09,32.116,32.09,1105
2019-12-02,31.8458,31.58,31.8458,31.431,2837
2019-12-03,NaN,31.58,NaN,NaN,137
2019-12-04,NaN,31.58,NaN,NaN,45
2019-12-05,31.71,31.745,31.745,31.71,182
2019-12-06,31.9246,31.9502,32.0085,31.9246,559
2019-12-09,31.75,31.775,31.775,31.75,643
2019-12-10,31.63,31.63,31.63,31.63,127
2019-12-11,NaN,31.63,NaN,NaN,43
2019-12-12,32.1,32.19,32.19,32.1,476
2019-12-13,32.4658,32.4,32.4658,32.4,615
2019-12-16,32.6566,32.65,32.7,32.65,833
2019-12-17,32.47,32.41,32.47,32.33,4149
2019-12-18,32.3,32.205,32.3,32.205,643
2019-12-19,32.04,32.12,32.12,32.02,1117
2019-12-20,32.27,32.27,32.27,32.25,3255
2019-12-23,32.1876,32.235,32.235,32.1876,637
2019-12-24,NaN,32.235,NaN,NaN,6
2019-12-26,32.25,32.3255,32.3255,32.25,1612
2019-12-27,32.39,32.265,32.39,32.265,723
2019-12-30,32.12,31.805,32.12,31.8039,2700
2019-12-31,31.78,31.9522,31.9522,31.65,1375
2020-01-02,32.43,32.5861,32.6,32.43,4046
2020-01-03,NaN,32.5861,NaN,NaN,66
2020-01-06,31.725,31.88,31.88,31.725,13668
2020-01-07,32.02,32.0,32.02,32.0,968
2020-01-08,NaN,32.0,NaN,NaN,14
2020-01-09,32.55,32.533,32.55,32.48,1359
2020-01-10,32.4,32.3572,32.4,32.3572,2242
2020-01-13,32.25,32.29,32.36,32.16,2842
2020-01-14,32.21,32.25,32.25,32.21,1546
2020-01-15,32.04,32.035,32.04,31.9467,1776
2020-01-16,31.95,32.095,32.095,31.9,5905
2020-01-17,32.26,32.24,32.26,32.1207,4759
2020-01-21,32.2648,32.285,32.285,32.25,495
2020-01-22,32.146,32.125,32.146,32.125,458
2020-01-23,31.8717,31.98,31.98,31.8717,729
2020-01-24,32.1,31.93,32.1,31.92,1144
2020-01-27,31.34,31.325,31.4,31.325,1291
2020-01-28,31.54,31.565,31.565,31.53,1102
2020-01-29,31.69,31.655,31.69,31.48,1910
2020-01-30,31.3,31.38,31.38,31.13,1837
2020-01-31,NaN,31.38,NaN,NaN,5
2020-02-03,30.85,30.85,30.85,30.802,1804
2020-02-04,31.299,31.38,31.38,31.299,2628
2020-02-05,31.83,31.9,31.9131,31.77,7498
2020-02-06,32.1,32.0223,32.1,31.93,2718
2020-02-07,31.78,31.7796,31.78,31.69,21605
2020-02-10,31.68,31.68,31.68,31.68,297
2020-02-11,NaN,31.68,NaN,NaN,3
2020-02-12,32.48,32.55,32.56,32.48,1399
2020-02-13,32.3576,32.365,32.4022,32.28,1004
2020-02-14,32.48,32.48,32.48,32.48,547
2020-02-18,32.2,32.255,32.255,32.16,4767
2020-02-19,NaN,32.255,NaN,NaN,21
2020-02-20,32.52,32.35,32.52,32.25,7642
2020-02-21,32.08,31.97,32.08,31.84,12061
2020-02-24,30.59,30.6432,30.74,30.59,1619
2020-02-25,30.065,29.8447,30.065,29.8412,567
2020-02-26,30.05,30.08,30.104,30.05,2966
2020-02-27,29.06,28.61,29.235,28.61,11895
2020-02-28,28.05,28.18,28.35,27.91,3972
2020-03-02,28.07,28.4,28.4,27.68,2031
2020-03-03,28.4347,27.9096,28.4347,27.9096,1262
2020-03-04,28.64,28.855,28.855,28.64,851
2020-03-05,27.88,27.6212,27.9,27.5634,4576
2020-03-06,27.03,27.1239,27.3204,26.741,2701
2020-03-09,24.83,24.295,25.25,24.26,8060
2020-03-10,25.37,25.4946,25.4946,24.6683,18546
2020-03-11,24.73,24.1124,24.73,24.0,24920
2020-03-12,22.18,21.0961,22.18,20.99,26181
2020-03-13,22.034,22.3747,22.3747,21.13,8403
2020-03-16,19.31,19.3121,20.145,18.82,3233
2020-03-17,19.8901,20.4204,20.49,19.73,16670
2020-03-18,19.5,19.0,19.5,19.0,4465
2020-03-19,19.13,20.01,20.34,19.11,10594
2020-03-20,20.56,20.0378,20.78,19.89,23094
2020-03-23,20.26,20.372,20.4,20.14,2195
2020-03-24,NaN,20.372,NaN,NaN,0
2020-03-25,22.002,22.5111,22.9337,22.002,33510
2020-03-26,22.44,22.93,22.93,22.34,4737
2020-03-27,22.13,21.86,22.13,21.86,1653
2020-03-30,22.0,22.4902,22.4902,22.0,2782
2020-03-31,22.5,22.4413,22.6286,22.33,12397
2020-04-01,21.98,21.5256,22.005,21.525,2910
2020-04-02,21.61,22.175,22.175,21.61,844
2020-04-03,21.87,21.92,21.92,21.7441,4759
2020-04-06,22.92,23.5293,23.5293,22.92,1705
2020-04-07,24.07,23.4847,24.07,23.4847,3598
2020-04-08,23.58,23.84,23.85,23.58,17846
2020-04-09,24.265,24.5528,24.5528,24.265,18144
2020-04-13,24.44,24.145,24.44,24.0141,1741
2020-04-14,NaN,24.145,NaN,NaN,0
2020-04-15,23.72,23.495,23.72,23.48,2409
2020-04-16,23.73,23.58,23.8476,23.58,1361
2020-04-17,24.331,24.52,24.52,24.331,1578
2020-04-20,24.18,24.165,24.4193,24.165,8189
2020-04-21,23.8,23.6469,23.8,23.61,8730
2020-04-22,24.04,24.015,24.0777,24.015,1004
2020-04-23,23.94,23.9109,24.175,23.9109,639
2020-04-24,24.03,24.1003,24.1003,23.86,1203
2020-04-27,24.48,24.69,24.69,24.48,1004
2020-04-28,25.23,25.0702,25.23,24.9601,1710
2020-04-29,25.67,26.1,26.1,25.67,3071
2020-04-30,25.4076,25.365,25.4076,25.11,3739
2020-05-01,24.85,24.67,24.85,24.58,4574
2020-05-04,24.5048,24.7328,24.7328,24.5048,2250
2020-05-05,25.1467,24.9333,25.1467,24.9333,583
2020-05-06,24.94,24.725,24.9889,24.725,7451
2020-05-07,24.9021,24.925,24.925,24.86,874
2020-05-08,25.4403,25.445,25.445,25.4403,246
2020-05-11,25.11,25.36,25.36,25.11,3684
2020-05-12,25.0,24.945,25.0,24.945,1068
2020-05-13,24.79,24.4,24.7934,24.39,7497
2020-05-14,23.99,24.13,24.13,23.75,1223
2020-05-15,24.38,24.575,24.575,24.38,1566
2020-05-18,25.69,25.8768,25.8768,25.68,3208
2020-05-19,25.725,25.54,25.7338,25.54,1024
2020-05-20,25.92,26.095,26.095,25.92,1471
2020-05-21,25.98,25.815,25.98,25.75,2231
2020-05-22,25.825,25.9,25.9,25.825,929
2020-05-26,26.83,26.83,26.83,26.83,918
2020-05-27,27.44,27.69,27.69,27.2,1551
2020-05-28,27.51,27.3998,27.5622,27.3998,1249
2020-05-29,27.15,27.15,27.15,27.15,131
2020-06-01,27.581,27.862,27.862,27.581,434
2020-06-02,28.15,28.1801,28.1801,27.94,3224
2020-06-03,29.1016,29.35,29.47,29.1016,8312
2020-06-04,29.065,28.9078,29.1,28.84,2403
2020-06-05,29.68,29.7,29.7657,29.66,1866
2020-06-08,29.9,30.1918,30.1918,29.8,3106
2020-06-09,29.37,29.48,29.523,29.32,3354
2020-06-10,28.99,29.08,29.08,28.99,1030
2020-06-11,28.01,27.214,28.0624,27.214,2147
2020-06-12,27.64,27.9968,27.9968,27.55,2498
2020-06-15,27.93,28.08,28.14,27.93,2598
2020-06-16,NaN,28.08,NaN,NaN,74
2020-06-17,28.62,28.53,28.665,28.53,2342
2020-06-18,28.46,28.615,28.6324,28.44,1706
2020-06-19,28.86,28.45,28.86,28.45,253
2020-06-22,28.68,28.68,28.68,28.68,561
2020-06-23,28.6135,28.55,28.6135,28.55,301
2020-06-24,28.0877,27.8621,28.0877,27.8621,685
2020-06-25,28.1467,28.37,28.37,28.1181,728
2020-06-26,28.15,28.15,28.15,28.15,273
2020-06-29,27.9822,28.18,28.18,27.9822,3612
2020-06-30,28.04,28.04,28.04,28.04,134
2020-07-01,28.13,28.205,28.285,28.1268,1587
2020-07-02,28.61,28.61,28.61,28.61,250
2020-07-06,29.03,29.06,29.1,29.03,877
2020-07-07,NaN,29.06,NaN,NaN,110
2020-07-08,28.61,28.87,28.87,28.61,865
2020-07-09,28.8629,28.705,28.8629,28.48,1709
2020-07-10,NaN,28.705,NaN,NaN,65
2020-07-13,NaN,28.705,NaN,NaN,87
2020-07-14,28.865,29.2228,29.2228,28.865,3459
2020-07-15,NaN,29.2228,NaN,NaN,230
2020-07-16,29.4308,29.49,29.49,29.37,2098
2020-07-17,29.35,29.61,29.61,29.35,404
2020-07-20,29.8481,29.82,29.8481,29.82,1437
2020-07-21,29.99,29.87,30.0695,29.87,578
2020-07-22,29.95,29.9,29.95,29.885,789
2020-07-23,30.055,29.72,30.1163,29.72,27035
2020-07-24,29.45,29.355,29.4799,29.355,2272
2020-07-27,29.35,29.435,29.435,29.28,3435
2020-07-28,NaN,29.435,NaN,NaN,112
2020-07-29,NaN,29.435,NaN,NaN,18
2020-07-30,28.14,28.38,28.4,28.02,6364
2020-07-31,NaN,28.38,NaN,NaN,0
2020-08-03,28.4978,28.5739,28.5739,28.4978,4690
2020-08-04,28.49,28.6272,28.6272,28.46,1729
2020-08-05,28.69,28.55,28.7,28.55,1459
2020-08-06,28.44,28.615,28.615,28.44,879
2020-08-07,28.55,28.69,28.69,28.54,1106
2020-08-10,NaN,28.69,NaN,NaN,1
2020-08-11,29.22,29.12,29.4164,29.12,2122
2020-08-12,29.5984,29.7066,29.7066,29.5984,714
2020-08-13,29.45,29.415,29.45,29.415,1155
2020-08-14,29.2397,29.1852,29.2397,29.13,1068
2020-08-17,29.33,29.24,29.33,29.24,1139
2020-08-18,29.2378,29.19,29.2378,29.19,394
2020-08-19,29.37,29.31,29.43,29.31,11823
2020-08-20,NaN,29.31,NaN,NaN,100
2020-08-21,28.85,28.94,28.94,28.7818,8263
2020-08-24,29.52,29.55,29.59,29.515,1366
2020-08-25,29.57,29.6314,29.6314,29.57,195
2020-08-26,29.78,29.86,29.86,29.78,918
2020-08-27,29.75,29.615,29.75,29.6,386
2020-08-28,29.62,29.545,29.62,29.49,3140
2020-08-31,29.54,29.4515,29.54,29.33,4040
2020-09-01,29.2,29.2408,29.2408,29.2,828
2020-09-02,29.8,29.9936,29.9936,29.735,3702
2020-09-03,30.01,29.3921,30.01,29.265,4007
2020-09-04,29.44,29.525,29.525,29.44,228
2020-09-08,29.61,29.48,29.61,29.47,1676
2020-09-09,30.1,30.2131,30.25,30.1,3183
2020-09-10,30.18,29.878,30.18,29.878,1091
2020-09-11,29.8101,29.99,29.99,29.8101,389
2020-09-14,NaN,29.99,NaN,NaN,72
2020-09-15,30.06,29.98,30.06,29.98,522
2020-09-16,29.89,29.9893,29.9893,29.89,3498
2020-09-17,29.94,30.0102,30.0102,29.94,403
2020-09-18,NaN,30.0102,NaN,NaN,0
2020-09-21,28.63,28.625,28.63,28.38,4179
2020-09-22,28.15,28.3731,28.3731,28.15,205
2020-09-23,28.07,28.0838,28.1293,28.07,335
2020-09-24,28.2,28.265,28.476,28.2,603
2020-09-25,27.86,28.1856,28.1856,27.7892,844
2020-09-28,28.66,28.785,28.8,28.66,2370
2020-09-29,28.61,28.61,28.61,28.61,105
2020-09-30,28.6984,28.6586,28.6984,28.6586,1063
2020-10-01,NaN,28.6586,NaN,NaN,6
2020-10-02,28.64,28.68,28.68,28.64,402
2020-10-05,28.98,29.16,29.16,28.98,1200
2020-10-06,29.3,29.005,29.3,29.005,1207
2020-10-07,NaN,29.005,NaN,NaN,249
2020-10-08,29.56,29.5873,29.5873,29.56,727
2020-10-09,29.4808,29.4808,29.4808,29.4808,503
2020-10-12,29.55,29.63,29.63,29.52,2339
2020-10-13,29.32,29.3037,29.32,29.3037,392
2020-10-14,29.25,29.2496,29.25,29.2496,227
2020-10-15,28.7,28.7,28.7,28.7,319
2020-10-16,29.01,29.083,29.083,29.01,245
2020-10-19,29.0378,28.6939,29.0378,28.6939,2022
2020-10-20,NaN,28.6939,NaN,NaN,3
2020-10-21,NaN,28.6939,NaN,NaN,1
2020-10-22,28.4,28.43,28.43,28.4,630
2020-10-23,28.65,28.725,28.725,28.63,1246
2020-10-26,28.1,27.985,28.1,27.8515,670
2020-10-27,NaN,27.985,NaN,NaN,52
2020-10-28,26.58,26.47,26.58,26.32,5361
2020-10-29,26.56,26.56,26.56,26.56,301
2020-10-30,NaN,26.56,NaN,NaN,0
2020-11-02,26.9027,26.905,26.95,26.7,2806
2020-11-03,NaN,26.905,NaN,NaN,60
2020-11-04,NaN,26.905,NaN,NaN,105
2020-11-05,28.31,28.375,28.375,28.31,406
2020-11-06,28.36,28.36,28.36,28.36,221
2020-11-09,29.83,29.44,29.83,29.44,3054
2020-11-10,29.93,29.98,29.98,29.93,778
2020-11-11,30.05,30.1,30.1,30.045,4058
2020-11-12,29.7627,29.63,29.7627,29.63,202
2020-11-13,30.005,30.0789,30.0789,30.005,602
2020-11-16,30.2499,30.2057,30.25,30.2057,615
2020-11-17,NaN,30.2057,NaN,NaN,92
2020-11-18,30.2201,30.1886,30.2201,30.1886,311
2020-11-19,30.18,30.18,30.18,30.18,740
2020-11-20,NaN,30.18,NaN,NaN,2
2020-11-23,30.44,30.399,30.44,30.399,279
2020-11-24,30.6497,30.795,30.795,30.6497,100
2020-11-25,NaN,30.795,NaN,NaN,0
2020-11-27,NaN,30.795,NaN,NaN,0
2020-11-30,31.06,31.06,31.06,31.06,191
2020-12-01,31.03,31.03,31.03,31.03,100
2020-12-02,30.77,30.77,30.77,30.77,611
2020-12-03,30.59,30.68,30.6932,30.59,496
2020-12-04,30.83,30.86,30.86,30.83,493
2020-12-07,NaN,30.86,NaN,NaN,166
2020-12-08,30.63,30.845,30.845,30.63,3857
2020-12-09,31.0,30.81,31.0,30.8,5008
2020-12-10,NaN,30.81,NaN,NaN,27
2020-12-11,NaN,30.81,NaN,NaN,11
2020-12-14,NaN,30.81,NaN,NaN,77
2020-12-15,30.86,31.035,31.035,30.7601,1636
2020-12-16,31.33,31.475,31.475,31.33,688
2020-12-17,31.65,31.6111,31.65,31.6111,1233
2020-12-18,NaN,31.6111,NaN,NaN,0
2020-12-21,30.27,30.695,30.695,30.27,984
2020-12-22,30.74,30.77,30.77,30.74,778
2020-12-23,31.2225,31.2124,31.3199,31.1,1240
2020-12-24,31.25,31.25,31.25,31.25,189
2020-12-28,31.49,31.52,31.69,31.49,557
2020-12-29,NaN,31.52,NaN,NaN,8
2020-12-30,31.37,31.2387,31.37,31.1849,1972
2020-12-31,31.06,31.06,31.06,31.06,356
2021-01-04,31.44,31.415,31.44,31.415,338
2021-01-05,NaN,31.415,NaN,NaN,35
2021-01-06,31.826,31.83,31.9,31.826,1441
2021-01-07,32.18,32.2,32.325,32.149,3219
2021-01-08,32.2,32.315,32.3232,32.2,887
2021-01-11,31.9233,32.05,32.05,31.9233,111
2021-01-12,NaN,32.05,NaN,NaN,110
2021-01-13,32.261,32.09,32.261,32.09,800
2021-01-14,32.12,32.19,32.19,32.12,307
2021-01-15,NaN,32.19,NaN,NaN,0
2021-01-19,31.98,31.9,31.98,31.88,1053
2021-01-20,32.1276,32.33,32.33,32.1276,172
2021-01-21,NaN,32.33,NaN,NaN,6
2021-01-22,32.28,32.2173,32.28,32.2173,293
2021-01-25,31.79,31.79,31.79,31.79,275
2021-01-26,32.0,32.124,32.1442,32.0,648
2021-01-27,31.56,31.5159,31.63,31.45,1606
2021-01-28,NaN,31.5159,NaN,NaN,226
2021-01-29,31.51,31.309,31.51,31.16,1151
2021-02-01,31.55,31.7504,31.7504,31.55,6341
2021-02-02,31.83,32.1141,32.1141,31.83,696
2021-02-03,32.17,32.385,32.385,32.14,2007
2021-02-04,32.45,32.54,32.54,32.45,1133
2021-02-05,32.55,32.5203,32.55,32.425,852
2021-02-08,32.64,32.5656,32.64,32.43,7918
2021-02-09,32.31,32.3757,32.4,32.3,1017
2021-02-10,32.19,32.2827,32.2827,32.19,673
2021-02-11,32.465,32.4,32.465,32.4,369
2021-02-12,NaN,32.4,NaN,NaN,0
2021-02-16,32.5,32.6012,32.62,32.46,4414
2021-02-17,NaN,32.6012,NaN,NaN,15
2021-02-18,32.4799,32.295,32.4799,32.255,278
2021-02-19,NaN,32.295,NaN,NaN,56
2021-02-22,32.22,32.25,32.25,32.22,1713
2021-02-23,32.02,32.11,32.11,31.94,1051
2021-02-24,32.37,32.37,32.37,32.37,323
2021-02-25,32.52,32.0851,32.52,32.01,8294
2021-02-26,31.9924,32.0581,32.0581,31.9924,909
2021-03-01,32.53,32.5069,32.5598,32.44,1439
2021-03-02,32.65,32.605,32.7699,32.52,886
2021-03-03,NaN,32.605,NaN,NaN,1
2021-03-04,32.73,32.66,32.73,32.64,1037
2021-03-05,32.65,32.78,32.78,32.65,342
2021-03-08,33.01,33.455,33.4758,33.01,1272
2021-03-09,33.53,33.53,33.62,33.53,1282
2021-03-10,33.73,33.915,33.915,33.73,1908
2021-03-11,33.93,33.7691,33.93,33.7691,1541
2021-03-12,33.7128,33.805,33.805,33.664,807
2021-03-15,33.7,33.7292,33.7292,33.7,163
2021-03-16,34.04,33.8784,34.138,33.8784,25223
2021-03-17,34.01,34.4112,34.5,34.01,34645
2021-03-18,34.42,34.4337,34.6399,34.4,26474
2021-03-19,34.1,34.0982,34.115,34.07,2304
2021-03-22,34.15,34.23,34.23,34.15,1061
2021-03-23,34.1897,34.0873,34.1897,34.0873,1080
2021-03-24,34.11,33.8578,34.11,33.83,4149
2021-03-25,33.68,34.2025,34.2025,33.68,608
2021-03-26,34.18,34.4493,34.458,34.18,2793
2021-03-29,34.56,34.6342,34.6342,34.52,3651
2021-03-30,34.95,34.9678,35.11,34.95,5031
2021-03-31,NaN,34.9678,NaN,NaN,40
2021-04-01,35.16,35.2741,35.2741,35.105,16699
2021-04-05,35.65,35.925,35.925,35.65,4143
2021-04-06,35.505,35.285,35.505,35.22,3791
2021-04-07,35.3299,35.3372,35.3372,35.325,938
2021-04-08,35.12,35.175,35.175,35.05,3842
2021-04-09,35.1,35.255,35.2678,35.1,4137
2021-04-12,35.22,35.225,35.225,35.22,131
2021-04-13,35.2274,35.2441,35.3077,35.135,1886
2021-04-14,NaN,35.2441,NaN,NaN,5
2021-04-15,35.08,35.1463,35.168,35.06,1704
2021-04-16,35.5899,35.6667,35.6667,35.44,836
2021-04-19,35.5,35.4643,35.5,35.401,1150
2021-04-20,NaN,35.4643,NaN,NaN,10
2021-04-21,NaN,35.4643,NaN,NaN,19
2021-04-22,35.22,35.16,35.22,35.0684,858
2021-04-23,35.1597,35.2621,35.39,35.1597,1147
2021-04-26,35.24,35.345,35.345,35.24,247
2021-04-27,35.2,35.3337,35.3337,35.2,219
2021-04-28,NaN,35.3337,NaN,NaN,88
2021-04-29,34.76,34.9894,34.9894,34.76,441
2021-04-30,35.03,34.8746,35.03,34.8746,551
2021-05-03,35.1732,35.2044,35.2044,35.1732,102
2021-05-04,34.545,34.6449,34.6449,34.52,619
2021-05-05,35.33,35.2749,35.33,35.2749,257
2021-05-06,35.4123,35.5635,35.5635,35.4123,155
2021-05-07,35.74,35.7361,35.82,35.7361,1802
2021-05-10,35.7099,35.5758,35.7099,35.5758,1176
2021-05-11,34.94,35.12,35.26,34.94,402
2021-05-12,35.16,35.103,35.265,35.103,804
2021-05-13,NaN,35.103,NaN,NaN,174
2021-05-14,NaN,35.103,NaN,NaN,0
2021-05-17,NaN,35.103,NaN,NaN,29
2021-05-18,35.6946,35.591,35.6946,35.591,856
2021-05-19,35.06,34.78,35.06,34.78,1085
2021-05-20,35.33,35.6077,35.6077,35.32,1151
2021-05-21,NaN,35.6077,NaN,NaN,0
2021-05-24,NaN,35.6077,NaN,NaN,16
2021-05-25,35.885,35.7968,36.01,35.78,1495
2021-05-26,35.6,35.73,35.73,35.6,192
2021-05-27,NaN,35.73,NaN,NaN,52
2021-05-28,35.9584,35.9173,35.98,35.84,394
2021-06-01,35.93,36.0663,36.18,35.93,831
2021-06-02,NaN,36.0663,NaN,NaN,32
2021-06-03,NaN,36.0663,NaN,NaN,39
2021-06-04,36.39,36.54,36.63,36.29,2335
2021-06-07,NaN,36.54,NaN,NaN,30
2021-06-08,NaN,36.54,NaN,NaN,34
2021-06-09,NaN,36.54,NaN,NaN,0
2021-06-10,NaN,36.54,NaN,NaN,150
2021-06-11,36.47,36.6582,36.6582,36.47,502
2021-06-14,NaN,36.6582,NaN,NaN,4
2021-06-15,NaN,36.6582,NaN,NaN,25
2021-06-16,36.65,36.6984,36.6984,36.65,125
2021-06-17,36.69,36.7108,36.7108,36.69,335
2021-06-18,36.17,36.1592,36.17,36.06,613
2021-06-21,36.3,36.55,36.55,36.3,266
2021-06-22,36.56,36.495,36.56,36.43,316
2021-06-23,NaN,36.495,NaN,NaN,21
2021-06-24,35.9,36.495,35.9,35.9,104
2021-06-25,NaN,36.495,NaN,NaN,92
2021-06-28,35.71,35.62,35.71,35.61,1225
2021-06-29,35.78,35.6852,35.88,35.6852,1038
2021-06-30,35.6074,35.4274,35.6074,35.4274,1396
2021-07-01,35.42,35.615,35.615,35.4,2749
2021-07-02,NaN,35.615,NaN,NaN,60
2021-07-06,NaN,35.615,NaN,NaN,174
2021-07-07,35.54,35.57,35.785,35.54,715
2021-07-08,34.78,35.03,35.05,34.76,1066
2021-07-09,35.41,35.694,35.694,35.41,751
2021-07-12,35.791,35.89,35.89,35.791,305
2021-07-13,35.845,35.885,35.885,35.8025,312
2021-07-14,NaN,35.885,NaN,NaN,17
2021-07-15,35.55,35.55,35.55,35.55,254
2021-07-16,NaN,35.55,NaN,NaN,4
2021-07-19,34.44,34.5,34.5,34.44,652
2021-07-20,NaN,34.5,NaN,NaN,70
2021-07-21,NaN,34.5,NaN,NaN,8
2021-07-22,35.33,35.406,35.406,35.33,6130
2021-07-23,35.75,35.6867,35.87,35.6867,1232
2021-07-26,NaN,35.6867,NaN,NaN,6
2021-07-27,NaN,35.6867,NaN,NaN,30
2021-07-28,NaN,35.6867,NaN,NaN,69
2021-07-29,35.7,35.6771,35.7,35.6771,256
2021-07-30,35.52,35.4694,35.52,35.4694,387
2021-08-02,35.5739,35.43,35.5739,35.411,332
2021-08-03,35.5446,35.5025,35.5446,35.5025,228
2021-08-04,35.5,35.6277,35.655,35.5,9756
2021-08-05,35.75,35.75,35.75,35.75,291
2021-08-06,35.89,35.91,35.91,35.89,1477
2021-08-09,35.86,35.9364,36.03,35.86,401
2021-08-10,36.06,36.06,36.06,36.06,849
2021-08-11,NaN,36.06,NaN,NaN,179
2021-08-12,36.5,36.6261,36.6973,36.48,867
2021-08-13,36.67,36.6394,36.68,36.6394,334
2021-08-16,36.45,36.45,36.45,36.45,316
2021-08-17,36.3613,36.4331,36.4331,36.3613,669
2021-08-18,36.6861,36.4991,36.6861,36.4991,147
2021-08-19,35.99,35.99,35.99,35.99,421
2021-08-20,NaN,35.99,NaN,NaN,0
2021-08-23,NaN,35.99,NaN,NaN,57
2021-08-24,36.31,36.3645,36.3645,36.31,3050
2021-08-25,NaN,36.3645,NaN,NaN,0
2021-08-26,NaN,36.3645,NaN,NaN,22
2021-08-27,NaN,36.3645,NaN,NaN,79
2021-08-30,NaN,36.3645,NaN,NaN,133
2021-08-31,36.2,36.125,36.2,36.05,2094
2021-09-01,36.12,36.0562,36.12,36.0562,1186
2021-09-02,NaN,36.0562,NaN,NaN,102
2021-09-03,NaN,36.0562,NaN,NaN,17
2021-09-07,36.13,36.1426,36.1758,36.08,2875
2021-09-08,35.74,35.7783,35.7783,35.74,118
2021-09-09,35.78,35.615,35.78,35.615,106
2021-09-10,NaN,35.615,NaN,NaN,76
2021-09-13,35.92,35.92,35.92,35.92,2552
2021-09-14,35.95,36.0135,36.07,35.95,5420
2021-09-15,35.99,36.0248,36.0248,35.85,1023
2021-09-16,NaN,36.0248,NaN,NaN,0
2021-09-17,NaN,36.0248,NaN,NaN,18
2021-09-20,34.6,34.6922,34.6922,34.6,347
2021-09-21,35.15,35.05,35.15,35.05,1186
2021-09-22,35.39,35.5207,35.5591,35.38,11795
2021-09-23,35.72,35.785,35.785,35.72,169
2021-09-24,35.54,35.45,35.54,35.45,2437
2021-09-27,35.6515,35.695,35.72,35.6515,362
2021-09-28,35.43,35.1644,35.43,35.09,776
2021-09-29,35.26,35.2498,35.26,35.2001,502
2021-09-30,34.99,35.0258,35.0258,34.99,177
2021-10-01,34.91,35.0244,35.0244,34.91,512
2021-10-04,34.7,34.8016,34.8016,34.7,308
2021-10-05,34.94,35.0059,35.0059,34.93,546
2021-10-06,NaN,35.0059,NaN,NaN,23
2021-10-07,NaN,35.0059,NaN,NaN,11
2021-10-08,34.91,34.9831,34.99,34.91,577
2021-10-11,34.86,34.87,34.875,34.86,501
2021-10-12,34.84,34.84,34.84,34.84,247
2021-10-13,34.99,34.99,34.99,34.99,1827
2021-10-14,NaN,34.99,NaN,NaN,100
2021-10-15,35.46,35.5616,35.5776,35.46,468
2021-10-18,NaN,35.5616,NaN,NaN,49
2021-10-19,NaN,35.5616,NaN,NaN,238
2021-10-20,35.43,35.5068,35.5068,35.43,189
2021-10-21,35.445,35.4556,35.4556,35.445,702
2021-10-22,NaN,35.4556,NaN,NaN,1
2021-10-25,35.68,35.6777,35.69,35.6777,874
2021-10-26,35.96,35.9594,35.96,35.9001,967
2021-10-27,35.95,35.95,35.95,35.95,109
2021-10-28,35.81,35.81,35.81,35.81,325
2021-10-29,35.78,35.8,35.86,35.78,4080
2021-11-01,NaN,35.8,NaN,NaN,69
2021-11-02,NaN,35.8,NaN,NaN,0
2021-11-03,36.47,36.8199,36.8199,36.47,3354
2021-11-04,36.82,36.76,36.82,36.75,583
2021-11-05,36.69,36.709,36.709,36.69,163
2021-11-08,NaN,36.709,NaN,NaN,3
2021-11-09,36.51,36.5741,36.5741,36.492,364
2021-11-10,NaN,36.5741,NaN,NaN,5
2021-11-11,36.8,36.7399,36.81,36.69,3326
2021-11-12,NaN,36.7399,NaN,NaN,10
2021-11-15,NaN,36.7399,NaN,NaN,0
2021-11-16,NaN,36.7399,NaN,NaN,2
2021-11-17,36.81,36.871,36.915,36.81,672
2021-11-18,36.76,36.8621,36.8621,36.76,118
2021-11-19,36.67,36.5678,36.67,36.5678,1621
2021-11-22,36.595,36.5795,36.595,36.5795,276
2021-11-23,36.39,36.4719,36.4719,36.39,1375
2021-11-24,35.98,36.11,36.11,35.89,10516
2021-11-26,35.15,34.92,35.15,34.92,485
2021-11-29,34.9899,34.9899,34.9899,34.9899,355
2021-11-30,34.7944,34.7944,34.7944,34.7944,326
2021-12-01,35.17,35.17,35.17,35.17,428
2021-12-02,35.03,35.0446,35.05,35.03,644
2021-12-03,34.68,34.834,34.834,34.6,878
2021-12-06,35.2502,35.2517,35.2517,35.19,1158
2021-12-07,35.79,35.79,35.79,35.79,403
2021-12-08,NaN,35.79,NaN,NaN,79
2021-12-09,35.91,35.8,35.91,35.8,1088
2021-12-10,35.84,35.9279,35.9279,35.84,951
2021-12-13,35.86,35.86,35.99,35.86,1045
2021-12-14,35.54,35.737,35.737,35.53,2535
2021-12-15,35.94,36.0558,36.0558,35.94,413
2021-12-16,NaN,36.0558,NaN,NaN,1
2021-12-17,35.75,35.75,35.75,35.75,416
2021-12-20,35.1582,35.4248,35.4248,35.1582,296
2021-12-21,NaN,35.4248,NaN,NaN,28
2021-12-22,NaN,35.4248,NaN,NaN,3
2021-12-23,NaN,35.4248,NaN,NaN,11
2021-12-27,35.7893,36.0284,36.0284,35.78,1001
2021-12-28,36.09,36.11,36.11,36.09,761
2021-12-29,36.06,36.029,36.06,36.01,1167
2021-12-30,36.14,35.99,36.1499,35.99,1684
2021-12-31,35.88,35.85,35.99,35.85,2827
2022-01-03,36.3,36.5,36.5,36.3,663
2022-01-04,36.8,36.73,36.8,36.73,357
2022-01-05,37.09,36.9013,37.11,36.9013,3043
2022-01-06,36.75,36.6527,36.75,36.6527,1426
2022-01-07,NaN,36.6527,NaN,NaN,11
2022-01-10,36.31,36.3672,36.3672,36.31,981
2022-01-11,36.52,36.7213,36.7213,36.52,450
2022-01-12,36.78,36.79,36.8,36.78,1003
2022-01-13,36.9399,36.6889,36.9399,36.6889,502
2022-01-14,NaN,36.6889,NaN,NaN,54
2022-01-18,36.8,36.5942,36.81,36.5942,14514
2022-01-19,36.6178,36.55,36.66,36.33,5633
2022-01-20,36.63,36.4387,36.76,36.4387,402
2022-01-21,36.01,35.79,36.01,35.79,4777
2022-01-24,34.73,35.2,35.201,34.73,7840
2022-01-25,34.99,35.2137,35.28,34.91,6518
2022-01-26,35.88,35.6969,36.0108,35.62,26150
2022-01-27,36.03,35.9014,36.03,35.9014,10364
2022-01-28,35.7,35.983,35.983,35.58,10832
2022-01-31,35.84,36.1341,36.1341,35.79,6580
2022-02-01,36.28,36.28,36.28,36.28,353
2022-02-02,36.21,36.2,36.21,36.2,2473
2022-02-03,35.96,35.65,35.96,35.65,369
2022-02-04,35.44,35.44,35.44,35.44,772
2022-02-07,35.56,35.446,35.56,35.446,386
2022-02-08,35.67,35.7628,35.7628,35.67,818
2022-02-09,36.24,36.3128,36.33,36.22,1698
2022-02-10,36.22,36.0524,36.22,36.0524,1444
2022-02-14,35.52,35.24,35.52,35.24,1563
2022-02-15,36.04,36.04,36.04,36.04,404
2022-02-16,36.25,36.25,36.25,36.25,230
2022-02-17,35.86,35.7489,35.86,35.73,1905
2022-02-18,35.4,35.4708,35.49,35.39,6629
2022-02-22,34.58,34.42,34.61,34.42,2238
2022-02-23,34.42,34.098,34.42,34.098,1448
2022-02-24,32.61,33.435,33.435,32.55,3424
2022-02-25,33.81,33.81,33.81,33.81,409
2022-02-28,33.5,33.27,33.67,33.2,2966
2022-03-01,33.305,32.6,33.305,32.6,13436
2022-03-02,32.885,32.831,33.0,32.81,4832
2022-03-04,30.87,30.9074,30.965,30.5712,3548
2022-03-07,30.2836,29.64,30.31,29.64,2107
2022-03-08,30.45,30.65,31.1,30.2402,2093
2022-03-09,32.0,32.39,32.75,32.0,3949
2022-03-10,31.92,31.7847,31.932,31.78,2046
2022-03-11,32.551,32.5882,32.5882,32.55,1387
2022-03-14,33.03,32.805,33.03,32.69,3245
2022-03-15,33.165,33.1398,33.165,33.1398,263
2022-03-17,33.825,33.8574,33.92,33.78,3829
2022-03-18,33.64,33.89,33.975,33.6,8512
2022-03-21,33.83,33.83,33.83,33.83,477
2022-03-22,34.2,34.2,34.2,34.2,251
2022-03-24,33.68,33.75,33.75,33.68,231
2022-03-25,33.6,33.8946,33.8946,33.6,2077
2022-03-29,34.8,34.6622,34.8,34.46,5001
2022-03-30,34.16,34.16,34.16,34.16,205
2022-03-31,33.8536,33.6,33.88,33.6,539
2022-04-01,33.9087,33.9087,33.9087,33.9087,270
2022-04-04,33.95,34.0449,34.0449,33.9,1057
2022-04-07,33.34,33.4208,33.4406,33.2,598
2022-04-08,33.48,33.5,33.5,33.48,830
2022-04-11,33.58,33.529,33.58,33.529,704
2022-04-12,33.38,33.18,33.38,33.18,758
2022-04-13,33.3659,33.3659,33.3659,33.3659,452
2022-04-18,33.51,33.5019,33.6,33.5019,2936
2022-04-19,33.89,33.88,33.89,33.88,561
2022-04-20,34.05,34.04,34.05,34.04,1591
2022-04-21,34.51,34.16,34.5364,34.16,678
2022-04-22,33.6657,33.6657,33.6657,33.6657,0
2022-04-25,33.64,33.6816,33.6816,33.64,101
2022-04-26,32.96,32.96,32.96,32.96,68
2022-04-27,33.09,33.09,33.09,33.09,3
2022-04-28,33.65,33.78,33.78,33.65,761
2022-04-29,33.31,33.32,33.32,33.31,435
2022-05-02,33.39,33.51,33.51,33.39,3318
2022-05-03,33.38,33.38,33.38,33.38,8
2022-05-04,33.64,34.1839,34.1839,33.6,4560
2022-05-05,33.78,33.1716,33.78,33.1,1271
2022-05-06,32.9821,33.04,33.04,32.9821,160
2022-05-09,32.44,32.13,32.4623,32.13,8399
2022-05-10,32.67,32.99,32.99,32.67,357
2022-05-11,33.28,32.67,33.29,32.67,1787
2022-05-12,33.1638,33.37,33.37,32.99,2259
2022-05-13,33.69,33.81,33.81,33.69,553
2022-05-16,33.57,33.66,33.66,33.57,223
2022-05-17,34.1,34.3399,34.3399,34.1,201
2022-05-18,33.95,33.89,33.95,33.65,2902
2022-05-19,33.2,33.35,33.53,33.2,607
2022-05-20,33.51,33.91,33.91,33.51,494
2022-05-23,34.0029,34.06,34.06,34.0029,231
2022-05-24,33.76,33.79,33.79,33.69,771
2022-05-25,33.95,34.03,34.03,33.95,555
2022-05-26,34.08,34.15,34.28,34.08,5140
2022-05-27,34.5567,34.5567,34.5567,34.5567,1
2022-05-31,34.4604,34.4604,34.4604,34.4604,4
2022-06-01,34.49,34.39,34.49,34.39,476
2022-06-02,34.57,34.57,34.57,34.57,44
2022-06-03,34.67,34.67,34.67,34.67,41
2022-06-06,34.8161,34.8161,34.8161,34.8161,5
2022-06-07,34.8165,34.8165,34.8165,34.8165,3
2022-06-08,34.19,34.19,34.19,34.19,22
2022-06-09,33.88,33.96,33.96,33.88,382
2022-06-10,32.83,32.83,32.83,32.83,10
2022-06-13,32.33,32.64,32.64,32.33,364
2022-06-14,32.35,32.14,32.35,32.13,456
2022-06-15,32.86,32.86,32.86,32.86,4
2022-06-16,31.1,31.1,31.1,31.1,19
2022-06-17,31.625,31.63,31.63,31.55,734
2022-06-21,31.64,31.64,31.64,31.64,7
2022-06-22,31.569,31.25,31.569,31.25,257
2022-06-23,30.82,31.04,31.04,30.82,340
2022-06-24,30.7,30.7,30.7,30.7,105
2022-06-27,30.56,30.56,30.56,30.56,4
2022-06-28,31.0,30.63,31.0,30.63,773
2022-06-29,30.52,30.39,30.52,30.39,1074
2022-06-30,29.63,29.94,29.97,29.6098,1569
2022-07-01,30.0,30.33,30.33,30.0,134
2022-07-05,29.3,29.3,29.3,29.3,124
2022-07-06,29.58,29.58,29.58,29.58,4
2022-07-07,30.16,30.16,30.16,30.16,804
2022-07-08,30.71,30.71,30.71,30.71,205
2022-07-11,30.1,29.95,30.1,29.95,498
2022-07-12,30.0,30.11,30.1885,29.95,6772
2022-07-13,29.58,29.75,29.78,29.58,15302
2022-07-14,29.21,29.59,29.59,29.21,103
2022-07-15,29.81,29.88,29.88,29.81,932
2022-07-18,29.9166,29.9166,29.9166,29.9166,42
2022-07-19,31.0,30.95,31.0,30.9,706
2022-07-20,30.51,30.51,30.51,30.51,7
2022-07-21,30.83,30.83,30.83,30.83,6
2022-07-22,30.42,30.42,30.42,30.42,143
2022-07-25,30.46,30.5619,30.5619,30.46,368
2022-07-26,30.26,30.5,30.5,30.25,1578
2022-07-27,30.71,30.71,30.71,30.71,14
2022-07-28,30.87,31.07,31.07,30.87,115
2022-07-29,31.3731,31.4962,31.4962,31.32,6309
2022-08-01,31.52,31.7,31.7,31.39,511
2022-08-02,31.55,31.36,31.55,31.36,653
2022-08-03,31.6022,31.8049,31.8049,31.6022,400
2022-08-04,31.86,31.8136,31.9227,31.8136,200
2022-08-05,31.58,31.79,31.79,31.58,401
2022-08-08,31.64,31.57,31.64,31.57,203
2022-08-09,31.51,31.36,31.51,31.36,113
2022-08-10,31.74,31.82,31.82,31.71,760
2022-08-11,31.73,31.56,31.73,31.56,1100
2022-08-12,31.89,32.19,32.19,31.89,215
2022-08-15,31.8,31.68,31.8,31.68,163
2022-08-16,31.99,32.1331,32.14,31.99,202
2022-08-17,31.51,31.47,31.61,31.45,1295
2022-08-18,31.58,31.73,31.73,31.58,224
2022-08-19,31.31,31.27,31.31,31.27,105
2022-08-22,30.36,30.36,30.36,30.36,27
2022-08-23,30.33,30.56,30.56,30.33,262
2022-08-24,30.48,30.48,30.48,30.48,31
2022-08-25,30.69,31.08,31.08,30.69,110
2022-08-26,30.75,29.86,30.75,29.86,505
2022-08-29,29.86,29.91,30.0,29.86,1002
2022-08-30,30.27,30.06,30.27,30.0,1832
2022-08-31,30.1,29.93,30.1,29.93,2069
2022-09-01,29.43,29.76,29.76,29.43,664
2022-09-02,29.39,29.41,29.41,29.39,108
2022-09-06,29.87,29.99,29.99,29.68,1607
2022-09-07,29.83,30.0,30.0,29.83,485
2022-09-08,29.77,30.06,30.06,29.61,1253
2022-09-09,30.38,30.55,30.55,30.38,3980
2022-09-12,31.17,31.16,31.17,31.16,201
2022-09-13,30.7766,30.58,30.78,30.58,572
2022-09-14,30.4328,30.37,30.4328,30.35,1128
2022-09-15,30.28,30.04,30.28,30.04,128
2022-09-16,29.75,29.87,29.87,29.75,255
2022-09-19,29.84,29.84,29.84,29.84,3
2022-09-20,29.59,29.44,29.59,29.44,787
2022-09-21,29.49,29.46,29.49,29.38,3213
2022-09-22,29.21,29.12,29.21,29.12,1032
2022-09-23,28.46,28.71,28.71,28.46,240
2022-09-26,28.3762,28.32,28.39,28.27,2479
2022-09-27,28.44,28.21,28.46,28.05,436
2022-09-28,28.21,28.34,28.52,28.21,271
2022-09-29,27.89,28.29,28.29,27.65,1183
2022-09-30,28.04,27.71,28.12,27.71,20544
2022-10-03,28.25,28.63,28.63,28.22,2017
2022-10-04,29.04,29.29,29.29,29.04,709
2022-10-05,28.99,29.21,29.21,28.99,123
2022-10-06,28.92,28.5,28.92,28.5,913
2022-10-07,28.15,28.15,28.15,28.15,8
2022-10-10,28.58,28.39,28.58,28.35,933
2022-10-11,28.14,28.0104,28.28,28.0104,776
2022-10-12,28.1119,28.0,28.13,28.0,348
2022-10-13,28.59,28.6353,28.6353,28.59,110
2022-10-14,28.89,28.62,28.89,28.62,667
2022-10-17,29.11,29.3,29.3,29.11,206
2022-10-18,29.38,29.38,29.38,29.38,72
2022-10-19,29.33,29.41,29.41,29.33,4004
2022-10-20,29.53,29.24,29.53,29.24,293
2022-10-21,29.54,29.77,29.77,29.54,108
2022-10-24,30.13,30.13,30.13,30.13,20
2022-10-25,30.3,30.3,30.3,30.3,168
2022-10-26,30.4785,30.4,30.4785,30.4,784
2022-10-27,30.5043,30.52,30.59,30.5043,306
2022-10-28,30.48,30.75,30.75,30.48,726
2022-10-31,30.57,30.64,30.65,30.57,787
2022-11-01,30.96,30.855,30.96,30.68,751
2022-11-02,30.59,30.16,30.59,30.16,119
2022-11-03,30.01,31.57,31.57,30.01,419
2022-11-04,30.96,31.0,31.0,30.96,605
2022-11-07,31.13,31.21,31.21,31.081,1024
2022-11-08,31.5,31.5,31.5,31.5,1055
2022-11-09,31.5,31.34,31.5,31.34,313
2022-11-10,32.61,32.61,32.61,32.61,114
2022-11-11,33.05,33.14,33.14,33.05,855
2022-11-14,32.88,32.88,32.88,32.88,14
2022-11-15,32.6689,32.79,32.79,32.6689,103
2022-11-16,32.77,32.68,32.77,32.68,111
2022-11-17,32.78,32.78,32.78,32.78,47
2022-11-18,33.065,33.32,33.32,33.065,612
2022-11-21,33.03,32.91,33.03,32.91,598
2022-11-22,33.14,33.35,33.35,33.14,223
2022-11-23,32.93,32.95,33.04,32.93,2145
2022-11-25,33.4,33.4,33.4,33.4,4
2022-11-28,32.95,32.95,32.95,32.95,46
2022-11-29,33.33,33.33,33.33,33.33,17
2022-11-30,33.28,33.42,33.4787,33.28,303
2022-12-01,33.325,33.13,33.325,33.13,160
2022-12-02,33.26,33.4605,33.4605,33.26,1318
2022-12-05,33.18,33.18,33.18,33.18,74
2022-12-06,33.01,33.01,33.01,33.01,70
2022-12-07,32.99,32.77,33.064,32.77,5432
2022-12-08,32.8171,32.8171,32.8171,32.8171,32
2022-12-09,33.0382,33.23,33.23,33.0382,232
2022-12-12,32.9,32.77,32.9,32.7018,1040
2022-12-13,32.9507,33.21,33.21,32.9507,304
2022-12-14,33.07,32.86,33.07,32.86,2006
2022-12-15,32.42,32.08,32.42,32.08,504
2022-12-16,32.12,32.12,32.12,32.12,88
2022-12-19,32.23,32.25,32.2699,31.95,19376
2022-12-20,31.93,31.92,32.08,31.92,781
2022-12-21,32.4285,32.63,32.63,32.4285,539
2022-12-22,32.07,32.07,32.07,32.07,70
2022-12-23,31.96,31.96,31.96,31.96,133
2022-12-27,31.86,31.72,31.86,31.69,8917
2022-12-28,31.78,31.69,31.78,31.61,5079
2022-12-29,31.93,31.94,32.05,31.93,507
2022-12-30,31.685,31.38,31.685,31.38,774
2023-01-03,32.6,32.65,32.65,32.6,456
2023-01-04,33.185,33.19,33.19,33.185,150
2023-01-05,33.41,33.41,33.41,33.41,82
2023-01-06,33.23,33.59,33.59,33.23,383
2023-01-09,33.6,33.6,33.6,33.6,8
2023-01-10,33.76,34.04,34.04,33.74,1596
2023-01-11,34.0801,34.22,34.22,34.0801,24363
2023-01-12,34.32,34.605,34.605,34.32,783
2023-01-13,34.4,34.39,34.4,34.39,549
2023-01-17,34.63,34.86,34.86,34.63,1034
2023-01-18,34.8309,34.62,34.85,34.62,307
2023-01-19,34.34,34.34,34.34,34.34,208
2023-01-20,34.65,34.65,34.65,34.65,62
2023-01-23,34.67,34.67,34.67,34.67,69
2023-01-24,34.55,34.715,34.715,34.55,154
2023-01-25,34.8,34.8216,34.8216,34.8,194
2023-01-26,34.81,34.91,34.91,34.6616,1155
2023-01-27,34.7777,34.99,34.99,34.7777,165
2023-01-30,34.75,34.77,34.8308,34.75,1144
2023-01-31,34.87,34.94,34.94,34.87,315
2023-02-01,34.98,35.22,35.22,34.98,503
2023-02-02,35.64,35.96,35.96,35.64,1517
2023-02-03,35.83,35.67,35.83,35.67,510
2023-02-06,35.51,35.5,35.51,35.5,506
2023-02-07,35.5,35.67,35.67,35.5,305
2023-02-08,35.6703,35.7,35.7,35.63,3609
2023-02-09,36.0,35.53,36.0,35.53,7926
2023-02-10,35.48,35.37,35.48,35.37,643
2023-02-13,35.53,35.53,35.53,35.53,9
2023-02-14,35.56,35.575,35.575,35.56,125
2023-02-15,35.74,35.84,35.84,35.74,110
2023-02-16,35.9,35.798,35.97,35.798,1072
2023-02-17,35.84,36.02,36.02,35.84,1335
2023-02-21,35.9099,35.81,35.9099,35.74,1246
2023-02-22,35.74,35.74,35.74,35.74,12
2023-02-23,36.05,36.19,36.19,36.0,1066
2023-02-24,35.56,35.29,35.56,35.2501,2488
2023-02-27,35.65,35.63,35.65,35.63,389
2023-02-28,35.83,35.6437,35.83,35.6226,514
2023-03-01,35.7953,35.64,35.7953,35.64,976
2023-03-02,35.71,35.8821,35.8821,35.68,435
2023-03-03,36.195,36.4204,36.4204,36.195,422
2023-03-06,36.5565,36.32,36.5565,36.32,2862
2023-03-07,36.34,36.1136,36.52,36.1136,4046
2023-03-08,36.11,36.23,36.34,36.11,1694
2023-03-09,35.89,35.89,35.89,35.89,76
2023-03-10,35.64,35.53,35.64,35.53,204
2023-03-13,34.82,34.86,35.21,34.64,6976
2023-03-14,35.41,35.3748,35.41,35.3748,318
2023-03-15,34.46,34.7618,34.7618,34.46,625
2023-03-16,34.46,35.07,35.07,34.46,967
2023-03-17,34.51,34.43,34.6099,34.43,863
2023-03-20,34.845,34.9287,35.05,34.845,355
2023-03-21,35.32,35.41,35.5,35.26,1155
2023-03-22,35.47,35.1412,35.52,35.1412,12073
2023-03-23,35.2029,35.2029,35.2029,35.2029,7
2023-03-24,34.84,35.0898,35.0898,34.75,846
2023-03-27,35.47,35.47,35.47,35.47,3
2023-03-28,35.3,35.3,35.3,35.3,66
2023-03-29,35.7441,35.7441,35.7441,35.7441,2
2023-03-30,35.95,36.05,36.07,35.95,1646
2023-03-31,36.3889,36.3889,36.3889,36.3889,93
2023-04-03,36.03,36.24,36.24,36.03,854
2023-04-04,36.42,36.275,36.42,36.203,1081
2023-04-05,36.13,36.2033,36.2033,36.13,298
2023-04-06,36.29,36.34,36.34,36.29,213
2023-04-10,36.6725,36.6725,36.6725,36.6725,40
2023-04-11,36.56,36.53,36.56,36.53,531
2023-04-12,36.655,36.655,36.655,36.655,19
2023-04-13,36.88,36.88,36.88,36.88,110
2023-04-14,36.9553,37.04,37.04,36.95,1289
2023-04-17,36.9,37.04,37.0973,36.84,1717
2023-04-18,37.23,37.365,37.365,37.1829,1089
2023-04-19,37.19,37.23,37.23,37.06,458
2023-04-20,36.94,36.99,37.4379,35.1141,3045
2023-04-21,37.16,37.16,37.16,37.16,144
2023-04-24,37.31,37.3015,37.318,37.2658,1119
2023-04-25,37.15,36.93,37.15,36.93,2016
2023-04-26,36.85,36.85,36.85,36.85,72
2023-04-27,37.0978,37.0978,37.0978,37.0978,105
2023-04-28,36.91,37.14,37.14,36.91,606
2023-05-01,37.53,37.4477,37.61,37.32,23922
2023-05-02,36.95,36.67,36.95,36.67,1975
2023-05-03,36.8273,36.67,36.8273,36.67,185
2023-05-04,36.62,36.815,36.98,36.58,12140
2023-05-05,37.265,37.3684,37.5,37.265,1856
2023-05-08,37.315,37.3,37.46,37.2871,2609
2023-05-09,37.3,37.305,37.42,37.0601,16210
2023-05-10,37.2,36.98,37.2,36.84,5738
2023-05-11,37.05,36.9,37.1,36.9,1123
2023-05-12,37.0281,36.98,37.0281,36.98,245
2023-05-15,36.9695,37.1274,37.1274,36.9695,2398
2023-05-16,36.92,36.82,36.92,36.7916,977
2023-05-17,37.0,37.0,37.0,37.0,15
2023-05-18,37.23,37.33,37.33,37.16,1916
2023-05-19,37.4611,37.53,37.53,37.4611,358
