2021-04-01,25.2,25.1766,25.229,25.07,404471
2021-04-05,25.15,25.18,25.23,25.15,32077
2021-04-06,25.27,25.3106,25.32,25.13,21469
2021-04-07,25.24,25.0996,25.24,25.06,37806
2021-04-08,25.25,25.23,25.28,25.165,9681
2021-04-09,25.15,25.08,25.15,25.01,40347
2021-04-12,25.08,25.025,25.08,24.96,76803
2021-04-13,25.09,25.1,25.1,25.05,53583
2021-04-14,25.24,25.1395,25.24,25.13,6834
2021-04-15,25.21,25.245,25.29,25.205,6627
2021-04-16,25.24,25.2722,25.3584,25.24,13035
2021-04-19,25.34,25.25,25.34,25.23,1444
2021-04-20,25.205,25.2004,25.205,25.1413,10702
2021-04-21,25.13,25.225,25.26,25.092,5480
2021-04-22,25.28,25.21,25.28,25.1621,1600
2021-04-23,25.37,25.3134,25.38,25.2767,10221
2021-04-26,25.35,25.41,25.41,25.295,11314
2021-04-27,25.44,25.3419,25.44,25.2904,8180
2021-04-28,25.38,25.47,25.52,25.38,40663
2021-04-29,25.46,25.4251,25.48,25.3,64305
2021-04-30,25.3386,25.24,25.3386,25.2081,24914
2021-05-03,25.27,25.1686,25.27,25.1519,51945
2021-05-04,25.1,25.0874,25.1,25.01,7797
2021-05-05,25.19,25.145,25.22,25.08,1790
2021-05-06,25.25,25.2355,25.268,25.1642,4307
2021-05-07,25.4299,25.4,25.4299,25.3135,3575
2021-05-10,25.21,25.21,25.22,25.176,6750
2021-05-11,25.18,25.1633,25.19,25.0,14180
2021-05-12,24.96,24.8155,24.96,24.81,4966
2021-05-13,24.92,24.8022,24.925,24.78,9209
2021-05-14,25.04,25.0149,25.08,24.98,21870
2021-05-17,25.0,25.035,25.068,24.975,9888
2021-05-18,25.2,25.24,25.2782,25.2,9159
2021-05-19,25.08,25.1583,25.22,25.075,10920
2021-05-20,25.28,25.225,25.28,25.1741,14633
2021-05-21,25.22,25.0627,25.22,25.0627,6387
2021-05-24,25.21,25.18,25.2684,25.1113,8977
2021-05-25,25.4,25.2794,25.4,25.2794,4856
2021-05-26,25.4,25.4288,25.435,25.3501,11349
2021-05-27,25.4,25.4549,25.4549,25.28,7672
2021-05-28,25.49,25.5495,25.55,25.48,6810
2021-06-01,25.85,25.7259,25.85,25.67,4793
2021-06-02,25.74,25.7602,25.7602,25.72,5838
2021-06-03,25.74,25.605,25.74,25.53,8936
2021-06-04,25.7,25.735,25.76,25.65,3625
2021-06-07,25.65,25.645,25.65,25.645,667
2021-06-08,25.63,25.62,25.6599,25.5701,4775
2021-06-09,25.5897,25.595,25.648,25.5897,9228
2021-06-10,25.6678,25.68,25.68,25.6678,250
2021-06-11,25.76,25.6302,25.76,25.615,4277
2021-06-14,25.7,25.7201,25.75,25.6836,18797
2021-06-15,25.69,25.6298,25.69,25.6,24309
2021-06-16,25.6169,25.456,25.64,25.425,20749
2021-06-17,25.475,25.5,25.5785,25.45,9051
2021-06-18,25.57,25.4453,25.57,25.41,885
2021-06-21,25.41,25.495,25.519,25.3201,22262
2021-06-22,25.48,25.44,25.49,25.44,418
2021-06-23,25.61,25.525,25.64,25.4614,10817
2021-06-24,25.61,25.633,25.633,25.61,1915
2021-06-25,25.621,25.7601,25.7601,25.62,4619
2021-06-28,25.72,25.7208,25.78,25.64,3901
2021-06-29,25.55,25.7251,25.759,25.53,8481
2021-06-30,25.55,25.6409,25.6409,25.55,118780
2021-07-01,25.605,25.585,25.605,25.54,1379
2021-07-02,25.43,25.562,25.562,25.42,2604
2021-07-06,25.271,25.35,25.35,25.27,1325
2021-07-07,25.33,25.37,25.37,25.33,251
2021-07-08,25.14,25.06,25.14,25.06,588
2021-07-09,25.3499,25.3058,25.3499,25.3058,360
2021-07-12,25.2414,25.2612,25.2612,25.24,777
2021-07-13,25.41,25.3352,25.45,25.3352,15035
2021-07-14,25.5183,25.395,25.5183,25.395,801
2021-07-15,25.415,25.415,25.415,25.415,0
2021-07-16,25.365,25.3128,25.395,25.3128,2209
2021-07-19,25.01,25.0649,25.079,24.97,9700
2021-07-20,25.1778,25.1778,25.1778,25.1778,4
2021-07-21,25.2799,25.3007,25.3007,25.27,7136
2021-07-22,25.39,25.3041,25.39,25.21,1107
2021-07-23,25.25,25.0859,25.25,24.9916,1525
2021-07-26,24.95,24.75,24.95,24.74,2853
2021-07-27,24.46,24.5479,24.6077,24.4415,3300
2021-07-28,24.88,24.975,24.975,24.8304,3394
2021-07-29,25.0499,25.02,25.06,24.98,1636
2021-07-30,24.96,24.8551,24.96,24.835,7019
2021-08-02,25.0505,25.01,25.0599,24.99,3387
2021-08-03,24.99,25.0199,25.0199,24.8901,2133
2021-08-04,25.23,25.0948,25.23,25.0264,3771
2021-08-05,25.125,25.075,25.15,25.075,2778
2021-08-06,24.89,24.9713,24.9713,24.89,265417
2021-08-09,25.1,25.022,25.1,25.022,213
2021-08-10,25.075,25.075,25.0999,25.07,3288
2021-08-11,25.08,25.0599,25.12,25.0599,941
2021-08-12,24.96,24.9541,24.96,24.9241,3410
2021-08-13,24.8909,24.96,24.96,24.8909,704
2021-08-16,24.91,24.8212,24.91,24.815,5362
2021-08-17,24.6,24.585,24.6,24.55,744
2021-08-18,24.66,24.6189,24.68,24.6189,700
2021-08-19,24.36,24.425,24.43,24.36,2697
2021-08-20,24.29,24.3824,24.4284,24.29,10411
2021-08-23,24.51,24.6137,24.6137,24.49,2821
2021-08-24,24.81,24.84,24.8886,24.79,1636
2021-08-25,24.88,24.895,24.895,24.84,2400
2021-08-26,24.84,24.7251,24.84,24.68,7212
2021-08-27,24.919,24.8902,24.935,24.8001,1439
2021-08-30,25.04,24.9387,25.04,24.8701,10582
2021-08-31,25.16,25.1275,25.17,25.11,23931
2021-09-01,25.29,25.29,25.34,25.2101,2138
2021-09-02,25.37,25.1745,25.37,25.16,6647
2021-09-03,25.255,25.3,25.34,25.255,10971
2021-09-07,25.42,25.3576,25.42,25.2717,1756
2021-09-08,25.28,25.1826,25.28,25.071,9599
2021-09-09,25.22,25.19,25.22,25.1189,2671
2021-09-10,25.165,25.1165,25.19,25.11,1982
2021-09-13,25.061,25.16,25.16,25.06,4288
2021-09-14,25.09,25.0349,25.09,24.9714,225
2021-09-15,24.8901,25.0599,25.115,24.8901,5955
2021-09-16,24.91,24.885,24.925,24.8701,10355
2021-09-17,24.92,24.8549,24.92,24.8549,2748
2021-09-20,24.71,24.4799,24.71,24.4,7734
2021-09-21,24.5563,24.5915,24.65,24.521,6692
2021-09-22,24.8,24.7524,24.81,24.7524,3891
2021-09-23,24.78,24.8,24.8,24.77,2197
2021-09-24,24.71,24.7098,24.71,24.7098,153
2021-09-27,24.75,24.7998,24.7998,24.731,900
2021-09-28,24.63,24.615,24.72,24.5499,3772
2021-09-29,24.6799,24.4658,24.6799,24.4658,1725
2021-09-30,24.72,24.6121,24.72,24.551,12019
2021-10-01,24.57,24.6007,24.665,24.57,6764
2021-10-04,24.4,24.4098,24.46,24.4,1089
2021-10-05,24.47,24.4716,24.4716,24.47,437
2021-10-06,24.375,24.4498,24.4498,24.37,7435
2021-10-07,24.6531,24.6582,24.6582,24.63,1588
2021-10-08,24.63,24.6724,24.7,24.6201,1078
2021-10-11,24.7,24.63,24.75,24.63,1818
2021-10-12,24.641,24.6254,24.641,24.611,535
2021-10-13,24.78,24.7999,24.85,24.7729,7050
2021-10-14,24.79,24.8515,24.88,24.78,806
2021-10-15,24.95,24.9933,24.9933,24.875,2287
2021-10-18,24.9647,24.9647,24.9647,24.9647,0
2021-10-19,25.1307,25.1307,25.1307,25.1307,5
2021-10-20,25.2,25.1548,25.2,25.1548,768
2021-10-21,25.1,25.0598,25.1,25.0,3234
2021-10-22,25.04,25.0234,25.08,25.0234,6105
2021-10-25,25.0349,25.0999,25.14,25.0349,3926
2021-10-26,25.13,25.0699,25.13,25.0501,24031
2021-10-27,25.04,24.9761,25.04,24.91,33218
2021-10-28,24.95,24.9207,24.97,24.9207,2867
2021-10-29,24.735,24.7581,24.77,24.7134,2449
2021-11-01,24.88,24.8549,24.9,24.8,1552
2021-11-02,24.82,24.7549,24.82,24.68,8429
2021-11-03,24.69,24.8114,24.8114,24.69,5030
2021-11-04,24.8699,24.77,24.8699,24.7,8184
2021-11-05,24.765,24.7699,24.81,24.7101,4522
2021-11-08,24.91,24.8699,24.92,24.8699,403
2021-11-09,24.751,24.8237,24.8387,24.65,28748
2021-11-10,24.78,24.7749,24.88,24.71,6682
2021-11-11,24.9499,24.9799,25.05,24.92,2523
2021-11-12,25.015,25.0399,25.07,24.96,3282
2021-11-15,25.02,25.0149,25.03,25.0,2110
2021-11-16,25.0,24.9616,25.0,24.93,4248
2021-11-17,24.91,24.9537,24.9537,24.91,1262
2021-11-18,24.86,24.7799,24.86,24.7519,400
2021-11-19,24.74,24.7251,24.765,24.7,3232
2021-11-22,24.81,24.6748,24.81,24.6401,2078
2021-11-23,24.64,24.6241,24.64,24.5516,1884
2021-11-24,24.51,24.52,24.573,24.5,4926
2021-11-26,24.41,24.2118,24.41,24.11,9645
2021-11-29,24.18,24.2282,24.2499,24.17,18117
2021-11-30,24.32,24.1647,24.32,24.16,1083
2021-12-01,24.48,24.2271,24.48,24.2271,1892
2021-12-02,24.31,24.3549,24.39,24.3,4997
2021-12-03,24.3,24.1624,24.31,24.15,4605
2021-12-06,24.29,24.29,24.29,24.29,70
2021-12-07,24.42,24.4508,24.509,24.38,16110
2021-12-08,24.62,24.5299,24.62,24.5,11504
2021-12-09,24.5,24.4997,24.53,24.4997,625
2021-12-10,24.54,24.4951,24.54,24.4951,950
2021-12-13,24.4215,24.3735,24.44,24.3735,1574
2021-12-14,24.33,24.345,24.39,24.3,1927
2021-12-15,24.181,24.35,24.35,24.181,692
2021-12-16,24.4349,24.3498,24.439,24.27,5764
2021-12-17,24.2201,24.2999,24.36,24.2201,7686
2021-12-20,21.87,24.14,24.16,21.87,8961
2021-12-21,24.33,24.3154,24.34,24.22,806
2021-12-22,24.31,24.37,24.41,24.31,1251
2021-12-23,24.3601,24.4407,24.4799,24.3601,1591
2021-12-27,24.4525,24.4749,24.4749,24.42,322
2021-12-28,24.421,24.4548,24.51,24.4,10833
2021-12-29,24.39,24.4,24.469,24.34,3675
2021-12-30,24.43,24.46,24.57,24.43,6603
2021-12-31,24.45,24.4722,24.53,24.41,26171
2022-01-03,24.5231,24.5349,24.5899,24.49,2572
2022-01-04,24.49,24.5229,24.5229,24.49,335
2022-01-05,24.45,24.3948,24.53,24.31,4176
2022-01-06,24.38,24.4217,24.4217,24.38,1432
2022-01-07,24.421,24.4701,24.4701,24.42,10670
2022-01-10,24.4351,24.4325,24.44,24.42,1228
2022-01-11,24.51,24.64,24.66,24.51,2439
2022-01-12,24.799,24.812,24.84,24.7,9162
2022-01-13,24.76,24.6721,24.79,24.57,81681
2022-01-14,24.6749,24.6749,24.6749,24.6749,0
2022-01-18,24.6,24.5599,24.6,24.545,951
2022-01-19,24.6157,24.6015,24.6157,24.6015,601
2022-01-20,24.6588,24.565,24.7334,24.56,5038
2022-01-21,24.54,24.4948,24.61,24.4,22754
2022-01-24,24.165,24.2901,24.2901,24.165,301
2022-01-25,24.2899,24.3598,24.3775,24.24,3974
2022-01-26,24.43,24.2741,24.43,24.21,4391
2022-01-27,24.25,24.2124,24.25,24.2124,1611
2022-01-28,24.13,24.2199,24.2199,24.13,960
2022-01-31,24.46,24.55,24.55,24.42,1062
2022-02-01,24.5201,24.5201,24.5201,24.5201,49
2022-02-02,24.55,24.545,24.55,24.53,875
2022-02-03,24.4706,24.45,24.4706,24.401,266938
2022-02-04,24.493,24.493,24.493,24.493,55
2022-02-07,24.454,24.4999,24.4999,24.454,333
2022-02-08,24.471,24.5501,24.5501,24.471,601
2022-02-09,24.6449,24.6449,24.6449,24.6449,40
2022-02-10,24.61,24.59,24.61,24.49,6315
2022-02-11,24.56,24.4939,24.605,24.42,11775
2022-02-14,24.48,24.4449,24.48,24.42,24117
2022-02-15,24.511,24.5749,24.5749,24.511,163
2022-02-16,24.6282,24.6282,24.6282,24.6282,80
2022-02-17,24.64,24.5549,24.64,24.5549,521
2022-02-18,24.48,24.4661,24.48,24.425,1959
2022-02-22,24.4,24.4317,24.4317,24.36,3712
2022-02-23,24.355,24.355,24.355,24.355,35
2022-02-24,24.03,24.2165,24.2165,23.83,25178
2022-02-25,24.2317,24.3705,24.3705,24.2317,7305
2022-02-28,24.15,24.2254,24.24,24.15,450
2022-03-01,24.08,24.1075,24.1075,24.05,8100
2022-03-02,24.07,24.2199,24.226,24.07,1918
2022-03-03,24.17,24.04,24.21,24.04,28306
2022-03-04,23.89,23.7999,23.89,23.71,6289
2022-03-07,23.64,23.31,23.64,23.31,2534
2022-03-08,23.35,23.471,23.5964,23.35,1683
2022-03-09,23.6255,23.8568,23.89,23.6255,7717
2022-03-10,23.64,23.6495,23.6495,23.54,2096
2022-03-11,23.6,23.3234,23.6,23.3234,2611
2022-03-14,22.9001,22.82,22.9001,22.79,26229
2022-03-15,22.8479,22.8528,22.88,22.78,76338
2022-03-16,23.84,24.0892,24.13,23.84,5035
2022-03-17,23.9,24.04,24.04,23.9,1500
2022-03-18,24.0,24.2698,24.31,24.0,938
2022-03-21,24.0701,24.1371,24.1371,24.07,2251
2022-03-22,24.335,24.3804,24.3804,24.335,357
2022-03-23,24.32,24.3499,24.47,24.3,7284
2022-03-24,24.34,24.4301,24.4301,24.34,727
2022-03-25,24.3999,24.3879,24.44,24.34,2200
2022-03-28,24.35,24.4439,24.4439,24.35,1686
2022-03-29,24.6199,24.6001,24.6199,24.6001,192
2022-03-30,24.59,24.61,24.65,24.59,6601
2022-03-31,24.6,24.53,24.7,24.52,125288
2022-04-01,24.65,24.5892,24.69,24.54,74182
2022-04-04,24.74,24.8226,24.87,24.74,17338
2022-04-05,24.68,24.6251,24.71,24.6161,13043
2022-04-06,24.59,24.4,24.59,24.38,28318
2022-04-07,24.4,24.34,24.44,24.31,8182
2022-04-08,24.4415,24.48,24.52,24.4415,14412
2022-04-11,24.37,24.37,24.38,24.3,12934
2022-04-12,24.41,24.32,24.41,24.289,8344
2022-04-13,24.28,24.38,24.4799,24.28,17815
2022-04-14,24.46,24.29,24.46,24.25,16528
2022-04-18,24.1655,24.2063,24.259,24.1655,3345
2022-04-19,24.0501,24.12,24.22,24.0501,10740
2022-04-20,24.17,24.17,24.17,24.07,4304
2022-04-21,24.14,23.89,24.19,23.81,118158
2022-04-22,23.93,23.78,23.94,23.735,224077
2022-04-25,23.57,23.63,23.75,23.55,107827
2022-04-26,23.58,23.42,23.58,23.385,130187
2022-04-27,23.57,23.55,23.58,23.425,78764
2022-04-28,23.5,23.75,23.79,23.43,54311
2022-04-29,23.97,23.7343,23.97,23.7343,158042
2022-05-02,23.749,23.59,23.749,23.4816,12617
2022-05-03,23.71,23.7332,23.7899,23.68,19807
2022-05-04,23.67,24.01,24.01,23.5471,39472
2022-05-05,23.62,23.51,23.665,23.37,22620
2022-05-06,23.38,23.3163,23.38,23.22,33918
2022-05-09,23.1,22.9297,23.1,22.9297,3201
2022-05-10,23.0,22.9661,23.0,22.9452,5103
2022-05-11,23.15,22.93,23.15,22.925,15220
2022-05-12,22.7429,22.7609,22.8,22.645,5512
2022-05-13,23.11,23.111,23.1799,23.0845,2305
2022-05-16,23.14,23.12,23.2,23.12,18686
2022-05-17,23.405,23.412,23.4899,23.35,7156
2022-05-18,23.34,23.1307,23.34,23.1159,150825
2022-05-19,23.28,23.38,23.44,23.1813,12106
2022-05-20,23.4,23.3368,23.4,23.2,2494
2022-05-23,23.45,23.4857,23.52,23.395,8582
2022-05-24,23.09,23.2055,23.2599,23.09,5544
2022-05-25,23.25,23.38,23.38,23.25,8568
2022-05-26,23.415,23.5211,23.58,23.415,22275
2022-05-27,23.612,23.66,23.71,23.612,5969
2022-05-31,23.9699,23.8999,23.99,23.8999,15747
2022-06-01,23.98,23.78,23.98,23.77,9620
2022-06-02,23.9,23.9909,24.036,23.9,24126
2022-06-03,23.9,23.7753,23.9,23.7601,6575
2022-06-06,24.05,23.85,24.05,23.79,9157
2022-06-07,23.8176,23.8726,23.96,23.8073,15317
2022-06-08,23.985,23.9563,23.99,23.89,3722
2022-06-09,23.78,23.6,23.7899,23.6,40999
2022-06-10,23.66,23.4957,23.66,23.47,8391
2022-06-13,23.18,23.09,23.18,22.98,73920
2022-06-14,23.08,23.2,23.2,23.06,98010
2022-06-15,23.24,23.3761,23.44,23.1868,12811
2022-06-16,22.99,22.96,22.99,22.79,16184
2022-06-17,23.03,23.0,23.05,22.9568,4480
2022-06-21,23.1782,23.2043,23.25,23.1782,13359
2022-06-22,23.0051,23.0048,23.07,22.995,6524
2022-06-23,23.1,23.045,23.13,22.94,19695
2022-06-24,23.285,23.3204,23.34,23.2456,9519
2022-06-27,23.35,23.3182,23.4,23.2967,12492
2022-06-28,23.3901,23.3432,23.3901,23.285,12127
2022-06-29,23.27,23.25,23.31,23.2002,21263
2022-06-30,23.1,23.1782,23.26,23.1,13280
2022-07-01,23.01,23.0756,23.1199,22.93,19443
2022-07-05,22.84,23.01,23.02,22.84,123854
2022-07-06,22.85,22.9357,22.975,22.85,7749
2022-07-07,23.161,23.19,23.26,23.12,29754
2022-07-08,23.11,23.1952,23.249,23.11,4732
2022-07-11,22.875,22.8427,22.875,22.82,3076
2022-07-12,22.81,22.8034,22.86,22.801,2466
2022-07-13,22.58,22.84,22.84,22.556,5036
2022-07-14,22.6,22.6694,22.68,22.6,9113
2022-07-15,22.69,22.72,22.82,22.69,5595
2022-07-18,22.95,22.8651,22.9555,22.79,1908
2022-07-19,23.025,23.0679,23.07,23.0004,1061
2022-07-20,23.05,23.0325,23.05,23.0325,299
2022-07-21,23.07,23.07,23.07,23.02,3707
2022-07-22,23.01,23.0262,23.07,22.967,14078
2022-07-25,23.0899,23.0736,23.11,22.9916,9934
2022-07-26,23.0889,22.9751,23.0889,22.97,3506
2022-07-27,23.0761,23.255,23.2988,23.0728,5823
2022-07-28,23.21,23.2874,23.29,23.1192,1246
2022-07-29,23.13,23.1997,23.23,23.11,2650
2022-08-01,23.05,23.1202,23.1699,23.05,6967
2022-08-02,23.13,23.1159,23.15,23.1159,1760
2022-08-03,23.13,23.21,23.23,23.0932,6830
2022-08-04,23.25,23.26,23.26,23.211,1035
2022-08-05,23.27,23.2755,23.3,23.2613,1786
2022-08-08,23.315,23.28,23.315,23.21,769
2022-08-09,23.2399,23.2399,23.2399,23.2399,83
2022-08-10,23.33,23.39,23.39,23.33,802
2022-08-11,23.55,23.4452,23.55,23.4381,1057
2022-08-12,23.4713,23.5762,23.59,23.4713,3100
2022-08-15,23.57,23.5115,23.57,23.5115,577
2022-08-16,23.477,23.5301,23.56,23.477,2034
2022-08-17,23.43,23.4901,23.55,23.42,879
2022-08-18,23.46,23.46,23.46,23.46,254
2022-08-19,23.24,23.2499,23.2555,23.18,1756
2022-08-22,23.1,23.1299,23.1299,23.1,139
2022-08-23,23.22,23.2049,23.26,23.2049,1449
2022-08-24,23.27,23.2249,23.27,23.2249,3034
2022-08-25,23.36,23.4679,23.4679,23.36,405
2022-08-26,23.42,23.2888,23.42,23.2888,1426
2022-08-29,23.2304,23.2251,23.31,23.19,3120
2022-08-30,22.98,23.0499,23.0499,22.97,2294
2022-08-31,23.071,23.1127,23.1127,23.071,239
2022-09-01,22.96,22.96,22.96,22.96,807
2022-09-02,23.04,22.8882,23.04,22.87,3850
2022-09-06,22.7676,22.7676,22.7676,22.7676,110
2022-09-07,22.865,22.8625,22.865,22.8625,377
2022-09-08,22.74,22.8094,22.829,22.74,1284
2022-09-09,23.03,22.975,23.03,22.975,498
2022-09-12,23.135,23.1391,23.1999,23.135,4320
2022-09-13,22.915,22.7505,22.96,22.7505,629
2022-09-14,22.82,22.8179,22.87,22.81,1237
2022-09-15,22.73,22.75,22.75,22.73,1955
2022-09-16,22.66,22.6157,22.66,22.6157,336
2022-09-19,22.46,22.6652,22.675,22.46,5262
2022-09-20,22.5901,22.6107,22.6107,22.534,1841
2022-09-21,22.59,22.4305,22.59,22.4305,2667
2022-09-22,22.345,22.388,22.45,22.345,1623
2022-09-23,22.06,22.073,22.0947,22.022,10979
2022-09-26,21.9436,21.9436,21.9436,21.9436,122
2022-09-27,21.941,21.8744,21.9811,21.83,4950
2022-09-28,21.9701,22.0156,22.0156,21.9701,3284
2022-09-29,21.621,21.6838,21.6838,21.572,1487
2022-09-30,21.705,21.6172,21.74,21.6172,7804
2022-10-03,21.79,21.8477,21.8477,21.781,1700
2022-10-04,22.2401,22.2422,22.2436,22.22,1481
2022-10-05,22.25,22.275,22.276,22.11,14310
2022-10-06,22.17,22.1969,22.2,22.165,593176
2022-10-07,22.049,21.9002,22.049,21.88,32749
2022-10-10,21.7661,21.69,21.7661,21.66,6326
2022-10-11,21.62,21.5204,21.62,21.511,384
2022-10-12,21.45,21.5063,21.5063,21.45,4067
2022-10-13,21.56,21.5401,21.56,21.52,15021
2022-10-14,21.5,21.347,21.5,21.33,12267
2022-10-17,21.68,21.76,21.76,21.68,813
2022-10-18,21.7,21.78,21.78,21.7,2125
2022-10-19,21.46,21.5,21.51,21.45,19838
2022-10-20,21.56,21.5848,21.76,21.56,3370
2022-10-21,21.58,21.818,21.818,21.58,2371
2022-10-24,21.23,21.2135,21.241,21.14,8253
2022-10-25,21.345,21.3978,21.3978,21.32,5107
2022-10-26,21.6,21.655,21.73,21.6,8562
2022-10-27,21.64,21.545,21.65,21.545,683
2022-10-28,21.4,21.454,21.454,21.4,1788
2022-10-31,21.4506,21.4506,21.4506,21.4506,137
2022-11-01,21.73,21.73,21.73,21.73,239
2022-11-02,21.7116,21.5999,21.87,21.59,2613
2022-11-03,21.606,21.7045,21.7045,21.606,493
2022-11-04,22.2296,22.2106,22.2296,22.1,31603
2022-11-07,22.24,22.2458,22.2458,22.24,150
2022-11-08,22.303,22.3746,22.3746,22.3,2779
2022-11-09,22.13,22.1301,22.1301,22.13,479
2022-11-10,22.51,22.5824,22.5824,22.501,321
2022-11-11,22.8811,22.895,22.895,22.82,1993
2022-11-14,22.89,22.8452,22.89,22.83,9526
2022-11-15,23.105,23.0766,23.14,23.0766,903
2022-11-16,22.95,22.8461,22.95,22.8461,1144
2022-11-17,22.78,22.93,22.9499,22.77,2749
2022-11-18,22.89,22.895,22.895,22.8,236
2022-11-21,22.67,22.7148,22.7148,22.67,1222
2022-11-22,22.7737,22.7904,22.7924,22.75,520
2022-11-23,22.87,22.901,22.901,22.85,1417
2022-11-25,22.9499,22.8535,22.9499,22.85,991
2022-11-28,22.908,22.83,22.908,22.8159,1217
2022-11-29,23.089,23.075,23.1,23.075,16555
2022-11-30,23.201,23.3925,23.4,23.201,680
2022-12-01,23.46,23.3501,23.46,23.3501,1880
2022-12-02,23.28,23.385,23.4336,23.23,6601
2022-12-05,23.3699,23.28,23.3699,23.28,370
2022-12-06,23.28,23.27,23.28,23.25,1237
2022-12-07,23.23,23.2032,23.27,23.2032,960
2022-12-08,23.333,23.3249,23.345,23.3249,1279
2022-12-09,23.345,23.3192,23.36,23.291,6642
2022-12-12,23.2186,23.2186,23.2186,23.2186,85
2022-12-13,23.5,23.3302,23.5,23.33,6834
2022-12-14,23.37,23.3284,23.37,23.3,4265
2022-12-15,23.25,23.12,23.25,23.12,1081
2022-12-16,23.155,23.1749,23.1749,23.155,250
2022-12-19,23.22,23.19,23.29,23.16,13940
2022-12-20,23.1799,23.1799,23.1799,23.1799,29
2022-12-21,23.25,23.28,23.32,23.25,8272
2022-12-22,23.16,23.195,23.195,23.16,610
2022-12-23,23.155,23.1974,23.2268,23.155,701
2022-12-27,23.361,23.3504,23.38,23.3496,1653
2022-12-28,23.29,23.215,23.29,23.215,4766
2022-12-29,23.385,23.3807,23.385,23.34,3941
2022-12-30,23.31,23.2471,23.31,23.1901,2356
2023-01-03,23.3001,23.3549,23.3549,23.3001,163
2023-01-04,23.5,23.6082,23.6082,23.49,6059
2023-01-05,23.6,23.6,23.6,23.6,99
2023-01-06,23.64,23.7805,23.7805,23.64,9853
2023-01-09,23.8649,23.8649,23.8649,23.8649,201
2023-01-10,23.89,23.9295,23.9295,23.8745,2779
2023-01-11,23.97,23.93,24.0,23.93,3147
2023-01-12,23.95,24.01,24.0399,23.94,22621
2023-01-13,24.05,24.0788,24.12,24.0098,8338
2023-01-17,24.069,24.0549,24.069,24.035,580
2023-01-18,24.05,24.0049,24.05,24.0049,460
2023-01-19,24.079,24.0598,24.08,24.045,2549
2023-01-20,24.127,24.15,24.1673,24.12,2493
2023-01-23,24.26,24.215,24.28,24.2132,6502
2023-01-24,24.249,24.2201,24.25,24.2201,8225
2023-01-25,24.121,24.225,24.225,24.121,552
2023-01-26,24.23,24.35,24.35,24.21,15857
2023-01-27,24.29,24.2749,24.31,24.2373,29190
2023-01-30,24.2,24.19,24.2,24.1401,3787
2023-01-31,24.14,24.1271,24.16,24.1271,1097
2023-02-01,24.1517,24.23,24.23,24.145,3402
2023-02-02,24.25,24.175,24.28,24.165,16201
2023-02-03,24.11,24.1001,24.11,24.08,1899
2023-02-06,24.01,24.0152,24.03,24.0,31923
2023-02-07,24.02,24.0601,24.0601,23.922,1853
2023-02-08,24.0487,24.09,24.13,24.04,12317
2023-02-09,24.1021,24.0651,24.15,24.0651,2953
2023-02-10,24.0604,24.0302,24.0604,23.98,2703
2023-02-13,24.08,24.08,24.08,24.08,92
2023-02-14,24.04,24.09,24.09,24.04,159
2023-02-15,24.07,24.0791,24.2,24.02,17593
2023-02-16,24.08,24.0802,24.1299,24.05,2813
2023-02-17,24.04,24.04,24.05,24.0167,22056
2023-02-21,24.05,23.9552,24.05,23.9301,5665
2023-02-22,23.915,23.9253,23.9253,23.9,534
2023-02-23,24.0142,23.9799,24.0142,23.95,3109
2023-02-24,23.8101,23.8997,23.9,23.81,127758
2023-02-27,23.9399,23.9152,23.9399,23.9152,277
2023-02-28,23.905,23.8742,23.919,23.8701,660
2023-03-01,24.06,24.0351,24.06,24.001,2552
2023-03-02,24.0156,24.0602,24.0602,24.0156,585
2023-03-03,24.0701,24.14,24.16,24.0701,2620
2023-03-06,24.18,24.1448,24.18,24.1337,4985
2023-03-07,24.0637,24.0653,24.09,24.04,888
2023-03-08,24.0955,24.0851,24.0955,24.0851,491
2023-03-09,24.01,23.8196,24.01,23.8196,11830
2023-03-10,23.805,23.7902,23.9,23.75,9510
2023-03-13,23.69,23.8425,23.8862,23.69,1188
2023-03-14,23.86,23.8731,23.94,23.86,7595
2023-03-15,23.5579,23.6097,23.6097,23.48,326
2023-03-16,23.66,23.8742,23.8742,23.61,10299
2023-03-17,23.78,23.7748,23.795,23.7748,812
2023-03-20,23.8,23.8749,23.93,23.8,38538
2023-03-21,24.0642,24.0147,24.0642,23.97,2033
2023-03-22,24.07,24.0847,24.0847,24.05,754
2023-03-23,24.2,24.1648,24.2,24.115,26157
2023-03-24,24.16,24.18,24.18,24.1472,1169
2023-03-27,24.1301,24.1987,24.1987,24.1301,325
2023-03-28,24.3189,24.3049,24.33,24.24,7029
2023-03-29,24.37,24.3499,24.37,24.335,2246
2023-03-30,24.3486,24.408,24.42,24.32,38068
2023-03-31,24.42,24.44,24.52,24.33,206061
2023-04-03,24.38,24.3852,24.42,24.1801,112276
2023-04-04,24.28,24.3653,24.39,24.24,49341
2023-04-05,24.2478,24.295,24.3,24.21,61680
2023-04-06,24.27,24.3488,24.36,24.205,19637
2023-04-10,24.35,24.385,24.385,24.2409,15990
2023-04-11,24.4213,24.4302,24.5,24.41,63547
2023-04-12,24.52,24.3255,24.52,24.2808,21141
2023-04-13,24.5006,24.5503,24.56,24.5001,21162
2023-04-14,24.52,24.4404,24.52,24.41,12478
2023-04-17,24.495,24.4753,24.51,24.391,7254
2023-04-18,24.54,24.481,24.54,24.4295,10004
2023-04-19,24.4,24.3303,24.4,24.2413,18207
2023-04-20,24.395,24.3194,24.405,24.31,46197
2023-04-21,24.15,24.23,24.28,24.11,20927
2023-04-24,24.19,24.1153,24.195,24.1,18960
2023-04-25,24.04,23.8752,24.04,23.8601,14305
2023-04-26,24.06,23.9352,24.06,23.89,16296
2023-04-27,24.03,24.1584,24.21,23.9987,25796
2023-04-28,24.14,24.2308,24.25,24.14,34325
2023-05-01,24.19,24.19,24.27,24.17,49078
2023-05-02,24.09,24.0602,24.11,24.0246,11014
2023-05-03,24.02,24.0688,24.2,24.02,29631
2023-05-04,24.206,24.17,24.23,24.15,5173
