2021-09-28,20.0,20.0,20.02,20.0,9551145
2021-09-29,20.02,20.08,20.09,20.02,858015
2021-09-30,20.09,20.1,20.14,20.05,347908
2021-10-01,20.11,20.15,20.19,20.07,229005
2021-10-04,20.18,20.02,20.18,20.01,438074
2021-10-05,20.05,20.01,20.05,20.0,800036
2021-10-06,20.0,20.04,20.04,20.0,2018861
2021-10-07,20.02,20.03,20.0799,20.0,252373
2021-10-08,20.02,20.01,20.05,20.0,169164
2021-10-11,20.03,20.01,20.03,20.01,99565
2021-10-12,20.01,20.0,20.03,20.0,322868
2021-10-13,20.02,20.01,20.04,20.0,137611
2021-10-14,20.02,20.02,20.06,20.0,156856
2021-10-15,20.02,20.01,20.03,20.0,161889
2021-10-18,20.0,20.01,20.04,20.0,135037
2021-10-19,20.0,20.0,20.015,20.0,196435
2021-10-20,20.0,20.01,20.01,20.0,134697
2021-10-21,20.0,20.0,20.01,20.0,291044
2021-10-22,20.01,20.0,20.01,20.0,271848
2021-10-25,20.0,20.0,20.03,20.0,186575
2021-10-26,20.0,20.0,20.01,20.0,124144
2021-10-27,20.0,20.0,20.01,20.0,199230
2021-10-28,20.0,20.0,20.02,20.0,1622092
2021-10-29,20.0,20.01,20.01,20.0,179046
2021-11-01,19.95,19.64,19.95,19.6,126221
2021-11-02,19.68,19.5913,19.777,19.36,180542
2021-11-03,19.6,19.635,19.74,19.51,164079
2021-11-04,19.68,19.54,19.68,19.52,91350
2021-11-05,19.5,19.5,19.73,19.45,133515
2021-11-08,19.64,19.68,19.78,19.5,70428
2021-11-09,19.56,19.58,19.7,19.51,60262
2021-11-10,19.53,19.69,19.75,19.5,112649
2021-11-11,19.74,19.55,19.74,19.46,72281
2021-11-12,19.53,19.56,19.73,19.5,99139
2021-11-15,19.34,19.49,19.6436,19.34,105103
2021-11-16,19.4,19.58,19.7,19.4,151002
2021-11-17,19.5,19.55,19.75,19.48,187461
2021-11-18,19.48,19.52,19.65,19.43,157269
2021-11-19,19.59,19.48,19.6,19.4,76734
2021-11-22,19.45,19.4,19.54,19.2,206635
2021-11-23,19.52,19.3,19.5698,19.14,166233
2021-11-24,19.3,19.08,19.3,19.0,184218
2021-11-26,19.01,19.12,19.22,19.0,74676
2021-11-29,19.14,18.91,19.1817,18.72,288420
2021-11-30,18.81,18.63,18.89,18.51,301277
2021-12-01,18.47,18.66,18.9,18.45,326830
2021-12-02,18.54,18.67,18.7,18.45,450235
2021-12-03,18.68,18.5042,18.7358,18.35,202812
2021-12-06,18.4,18.5,18.7,18.35,451582
2021-12-07,18.53,18.76,18.93,18.53,336050
2021-12-08,18.65,19.21,19.26,18.55,359955
2021-12-09,19.15,19.35,19.6053,19.0,385567
2021-12-10,19.29,19.1,19.4645,19.02,252749
2021-12-13,19.06,18.75,19.1631,18.7,275996
2021-12-14,18.57,18.52,18.87,18.44,399123
2021-12-15,18.51,18.55,18.74,18.35,542590
2021-12-16,18.52,18.41,18.76,18.25,821541
2021-12-17,18.23,18.43,18.57,18.2,463996
2021-12-20,18.41,18.14,18.49,18.07,492022
2021-12-21,18.18,18.26,18.595,17.91,1053864
2021-12-22,18.16,18.47,18.54,18.16,549209
2021-12-23,18.5,18.63,18.73,18.5,568255
2021-12-27,18.66,18.64,18.78,18.54,1139549
2021-12-28,18.61,18.52,18.7,18.35,920028
2021-12-29,18.46,18.55,18.58,18.33,1022218
2021-12-30,18.49,18.63,18.67,18.49,1052381
2021-12-31,18.64,18.65,18.8,18.56,1131694
2022-01-03,18.75,18.93,18.98,18.62,159071
2022-01-04,18.94,18.94,19.07,18.7,245700
2022-01-05,18.81,18.6,18.9,18.56,157418
2022-01-06,18.5,18.5,18.64,18.44,229188
2022-01-07,18.59,18.54,18.59,18.42,165943
2022-01-10,18.49,18.4,18.49,18.22,135051
2022-01-11,18.5,18.52,18.53,18.3101,135175
2022-01-12,18.65,18.56,18.72,18.5,190899
2022-01-13,18.66,18.45,18.66,18.41,116849
2022-01-14,18.29,18.47,18.48,18.27,144842
2022-01-18,18.26,18.02,18.2884,18.01,156267
2022-01-19,18.05,17.86,18.46,17.84,216791
2022-01-20,17.89,17.58,18.07,17.43,287744
2022-01-21,17.45,17.2,17.69,17.2,238406
2022-01-24,16.9,16.95,17.13,16.35,476144
2022-01-25,16.84,16.87,17.11,16.58,348901
2022-01-26,17.08,16.91,17.39,16.82,287352
2022-01-27,17.0,17.02,17.3,16.87,208260
2022-01-28,16.99,17.26,17.26,16.82,131618
2022-01-31,17.44,17.47,17.5,16.9889,202361
2022-02-01,17.45,17.8,17.99,17.38,173147
2022-02-02,17.85,17.78,18.0,17.37,204977
2022-02-03,17.35,17.54,17.73,17.35,152251
2022-02-04,17.35,17.49,17.67,17.35,169921
2022-02-07,17.51,17.23,17.81,17.21,199457
2022-02-08,17.3,17.19,17.39,17.02,366736
2022-02-09,17.28,17.65,17.66,17.2,220006
2022-02-10,17.65,17.26,17.65,17.17,514549
2022-02-11,17.18,16.85,17.37,16.93,146135
2022-02-14,17.02,16.73,17.5,16.68,145998
2022-02-15,16.83,16.8,17.01,16.73,207304
2022-02-16,16.8,16.91,17.0,16.72,215902
2022-02-17,16.66,16.68,16.9,16.54,184366
2022-02-18,16.62,16.54,16.84,16.38,177119
2022-02-22,16.4,16.22,16.58,16.04,250238
2022-02-23,16.3,15.94,16.325,15.86,280728
2022-02-24,15.6,16.05,16.1,15.35,505216
2022-02-25,16.03,16.32,16.4207,15.94,292943
2022-02-28,16.29,16.24,16.37,16.1,187615
2022-03-01,16.14,16.0,16.27,15.95,327827
2022-03-02,16.17,16.16,16.26,16.02,378950
2022-03-03,16.2,16.3,16.41,16.2,376603
2022-03-04,16.18,15.96,16.25,15.81,396330
2022-03-07,15.96,15.5,15.9706,15.36,372398
2022-03-08,15.45,15.53,16.25,14.9,508643
2022-03-09,15.71,15.81,16.08,15.64,287982
2022-03-10,15.55,15.62,15.75,15.45,349838
2022-03-11,15.7,15.48,15.88,15.58,222821
2022-03-14,15.53,15.11,15.67,15.01,245991
2022-03-15,15.12,15.26,15.456,14.775,585126
2022-03-16,15.27,15.58,15.7881,15.27,381602
2022-03-17,15.56,16.15,16.295,15.56,355000
2022-03-18,16.02,16.35,16.43,16.02,417681
2022-03-21,16.3,15.93,16.405,15.86,327218
2022-03-22,16.0,16.17,16.22,15.99,150413
2022-03-23,16.21,16.04,16.21,15.9753,204941
2022-03-24,16.09,16.33,16.37,15.98,251625
2022-03-25,16.32,16.19,16.38,16.05,210440
2022-03-28,16.19,16.21,16.27,16.02,121161
2022-03-29,16.26,16.37,16.425,16.14,280408
2022-03-30,16.36,16.62,16.84,16.26,257056
2022-03-31,16.69,16.66,16.8961,16.51,421521
2022-04-01,16.65,16.63,16.78,16.36,123950
2022-04-04,16.52,16.61,16.7089,16.49,127031
2022-04-05,16.61,16.36,16.66,16.325,245904
2022-04-06,16.18,16.15,16.33,16.01,322579
2022-04-07,16.19,16.19,16.34,16.14,245720
2022-04-08,16.12,16.05,16.31,15.89,196866
2022-04-11,15.83,15.61,15.96,15.56,250542
2022-04-12,15.7,15.58,15.87,15.56,240870
2022-04-13,15.66,15.73,15.8,15.44,269427
2022-04-14,15.81,15.61,15.81,15.41,416795
2022-04-18,15.44,15.47,15.64,15.3,368307
2022-04-19,15.4,15.79,15.81,15.4,498785
2022-04-20,15.88,15.75,15.88,15.58,342453
2022-04-21,15.79,15.56,15.857,15.43,339469
2022-04-22,15.39,15.36,15.5322,15.22,416534
2022-04-25,15.36,15.38,15.44,15.11,342863
2022-04-26,15.38,14.99,15.38,14.9106,356186
2022-04-27,14.98,14.71,15.19,14.6,666089
2022-04-28,14.8,15.06,15.26,14.69,590341
2022-04-29,15.05,14.75,15.14,14.7,431498
2022-05-02,14.56,14.56,14.96,14.38,574755
2022-05-03,14.52,14.59,15.36,14.5,603535
2022-05-04,14.59,14.89,14.94,14.51,511011
2022-05-05,14.76,14.47,14.8,14.3594,211739
2022-05-06,14.39,14.71,14.71,14.3301,487468
2022-05-09,14.39,14.1,14.51,13.87,563020
2022-05-10,14.24,14.19,14.45,13.98,513197
2022-05-11,14.2,13.99,14.51,13.95,670035
2022-05-12,13.83,13.78,14.25,13.61,509816
2022-05-13,13.96,14.25,14.34,13.96,340826
2022-05-16,14.25,14.31,14.51,14.081,308415
2022-05-17,14.5,14.73,14.87,14.35,347637
2022-05-18,14.7,14.4,14.7,14.23,376410
2022-05-19,14.22,14.48,14.64,14.22,427047
2022-05-20,14.52,14.37,14.6975,14.12,285723
2022-05-23,14.37,14.45,14.54,14.35,231263
2022-05-24,14.31,14.29,14.4,14.13,343809
2022-05-25,14.17,14.32,14.39,14.06,713424
2022-05-26,14.25,14.73,14.7399,14.25,514167
2022-05-27,14.74,14.99,14.99,14.74,279419
2022-05-31,15.0,15.09,15.13,14.8,460680
2022-06-01,14.99,14.83,15.14,14.69,516374
2022-06-02,14.68,15.01,15.08,14.67,338481
2022-06-03,14.99,14.96,15.03,14.84,231191
2022-06-06,14.99,14.96,15.07,14.94,230707
2022-06-07,14.85,15.01,15.02,14.85,199326
2022-06-08,15.0,14.86,15.015,14.81,282197
2022-06-09,14.83,14.74,14.9,14.65,329945
2022-06-10,14.52,14.53,14.6741,14.4504,171556
2022-06-13,14.28,13.85,14.3,13.9,330075
2022-06-14,13.99,13.8,14.01,13.78,442809
2022-06-15,13.9,14.11,14.11,13.86,421564
2022-06-16,13.81,13.52,13.895,13.48,389484
2022-06-17,13.48,13.58,13.7298,13.48,307722
2022-06-21,13.7,13.8,13.85,13.7,309397
2022-06-22,13.71,13.88,13.88,13.6832,138958
2022-06-23,13.98,13.78,14.146,13.77,425973
2022-06-24,13.9,14.19,14.19,13.9,203333
2022-06-27,14.27,14.14,14.42,14.11,360877
2022-06-28,14.27,14.1,14.47,14.0,464218
2022-06-29,14.2,14.29,14.31,14.045,410394
2022-06-30,14.25,14.31,14.39,14.09,324587
2022-07-01,14.23,14.42,14.45,14.2042,156634
2022-07-05,14.34,14.31,14.38,14.21,150831
2022-07-06,14.36,14.38,14.43,14.2556,217111
2022-07-07,14.37,14.35,14.49,14.27,274895
2022-07-08,14.22,14.48,14.58,14.22,202826
2022-07-11,14.38,14.1,14.53,14.1,308806
2022-07-12,14.12,13.94,14.23,13.94,429464
2022-07-13,13.82,13.9,14.03,13.82,275630
2022-07-14,13.83,13.86,13.87,13.68,151328
2022-07-15,13.94,14.1,14.16,13.87,212982
2022-07-18,14.24,14.03,14.33,13.96,316638
2022-07-19,14.08,14.48,14.54,14.0713,303216
2022-07-20,14.41,14.59,14.72,14.41,231763
2022-07-21,14.63,14.77,14.81,14.53,300000
2022-07-22,14.74,14.69,14.82,14.55,286108
2022-07-25,14.64,14.71,14.7816,14.61,170046
2022-07-26,14.6,14.34,14.67,14.26,185754
2022-07-27,14.39,14.81,14.87,14.37,372138
2022-07-28,14.78,14.91,15.02,14.7181,375881
2022-07-29,15.1,15.1,15.18,14.89,365390
2022-08-01,14.93,15.08,15.1,14.93,201693
2022-08-02,15.11,15.16,15.2,15.02,241625
2022-08-03,15.15,15.17,15.27,15.09,184811
2022-08-04,15.25,15.29,15.35,15.23,257326
2022-08-05,15.22,15.31,15.34,15.18,242303
2022-08-08,15.34,15.29,15.52,15.27,303612
2022-08-09,15.14,15.18,15.32,15.14,156539
2022-08-10,15.34,15.54,15.54,15.31,295405
2022-08-11,15.54,15.31,15.66,15.33,245721
2022-08-12,15.32,15.4,15.45,15.26,216766
2022-08-15,15.36,15.53,15.53,15.28,236033
2022-08-16,15.42,15.61,15.65,15.4,344649
2022-08-17,15.43,15.43,15.63,15.43,143612
2022-08-18,15.41,15.54,15.56,15.3308,283938
2022-08-19,15.41,15.37,15.48,15.3,128793
2022-08-22,15.34,14.8,15.34,14.8,387554
2022-08-23,14.85,14.84,14.98,14.79,340784
2022-08-24,14.78,14.98,15.0127,14.78,251399
2022-08-25,14.94,15.08,15.1,14.94,287015
2022-08-26,15.05,14.68,15.13,14.68,162147
2022-08-29,14.68,14.655,14.727,14.58,261279
2022-08-30,14.74,14.49,14.74,14.44,208145
2022-08-31,14.59,14.47,14.6867,14.46,131427
2022-09-01,14.5,14.36,14.5,14.195,206959
2022-09-02,14.76,14.28,14.76,14.23,136920
2022-09-06,14.51,14.17,14.545,14.13,431430
2022-09-07,14.22,14.45,14.46,14.2121,254146
2022-09-08,14.4,14.54,14.61,14.316,183428
2022-09-09,14.54,14.66,14.71,14.54,184352
2022-09-12,14.7,14.71,14.91,14.63,307813
2022-09-13,14.49,14.13,14.5,14.21,154343
2022-09-14,14.15,14.12,14.25,14.01,189439
2022-09-15,14.02,13.99,14.15,13.97,269274
2022-09-16,13.9,13.84,13.92,13.77,236728
2022-09-19,13.71,13.83,13.89,13.66,272220
2022-09-20,13.72,13.6,13.78,13.6,205756
2022-09-21,13.66,13.5,13.83,13.5,220952
2022-09-22,13.49,13.35,13.49,13.25,319429
2022-09-23,13.2,13.02,13.23,12.96,495754
2022-09-26,13.0,12.93,13.13,12.87,366907
2022-09-27,13.0,12.91,13.11,12.89,323116
2022-09-28,12.95,13.18,13.201,12.91,425569
2022-09-29,12.96,12.8,13.045,12.78,472136
2022-09-30,12.82,12.81,13.06,12.79,430380
2022-10-03,12.94,13.17,13.29,12.93,375706
2022-10-04,13.25,13.42,13.53,13.25,366779
2022-10-05,13.43,13.44,13.49,13.17,347138
2022-10-06,13.38,13.3,13.54,13.3,199497
2022-10-07,13.13,13.03,13.275,12.87,346097
2022-10-10,12.99,12.95,13.14,12.88,288780
2022-10-11,12.87,13.2,13.4,12.76,1119619
2022-10-12,13.08,12.94,13.3,13.04,388506
2022-10-13,12.82,13.14,13.26,12.74,818034
2022-10-14,13.18,12.94,13.26,12.9189,410227
2022-10-17,13.01,13.18,13.305,13.01,596677
2022-10-18,13.34,13.38,13.41,13.26,311391
2022-10-19,13.2,13.24,13.35,13.18,298243
2022-10-20,13.13,13.18,13.38,13.11,459516
2022-10-21,13.05,13.38,13.48,13.05,422827
2022-10-24,13.35,13.53,13.56,13.35,289907
2022-10-25,13.53,13.62,13.74,13.53,333196
2022-10-26,13.5,13.51,13.775,13.5,425284
2022-10-27,13.54,13.47,13.65,13.41,558534
2022-10-28,13.41,13.75,13.77,13.41,344806
2022-10-31,13.77,13.66,13.779,13.59,531047
2022-11-01,13.71,13.6,13.82,13.51,440771
2022-11-02,13.55,13.35,13.73,13.31,407702
2022-11-03,13.06,13.13,13.29,13.06,657214
2022-11-04,13.23,13.34,13.35,13.18,257842
2022-11-07,13.34,13.49,13.5,13.33,471052
2022-11-08,13.49,13.61,13.66,13.4285,359030
2022-11-09,13.48,13.33,13.56,13.33,413242
2022-11-10,13.61,13.91,14.0,13.61,559039
2022-11-11,13.85,13.98,14.13,13.85,515679
2022-11-14,13.91,13.92,14.05,13.89,465936
2022-11-15,14.15,14.07,14.21,13.97,672079
2022-11-16,14.06,14.01,14.11,13.94,549256
2022-11-17,13.92,14.06,14.13,13.86,456416
2022-11-18,14.08,14.13,14.18,14.04,482019
2022-11-21,14.13,13.93,14.14,13.92,591516
2022-11-22,13.94,14.09,14.09,13.94,518263
2022-11-23,14.1,14.11,14.18,14.05,485479
2022-11-25,14.05,14.18,14.21,14.05,252051
2022-11-28,14.02,14.04,14.19,14.0,761236
2022-11-29,14.05,14.05,14.14,13.99,467887
2022-11-30,14.01,14.34,14.44,13.82,885432
2022-12-01,14.34,14.4,14.46,14.3,546327
2022-12-02,14.25,14.3,14.3686,14.25,578510
2022-12-05,14.19,14.16,14.31,14.07,651639
2022-12-06,14.11,13.89,14.17,13.87,490906
2022-12-07,13.88,14.0,14.04,13.85,517343
2022-12-08,14.01,14.05,14.145,13.95,652331
2022-12-09,13.89,14.0,14.11,13.85,417257
2022-12-12,13.98,14.16,14.18,13.98,421207
2022-12-13,14.48,14.23,14.52,14.15,735811
2022-12-14,14.23,14.16,14.42,14.1801,464522
2022-12-15,14.06,13.87,14.06,13.87,375062
2022-12-16,13.73,13.68,13.825,13.6,574823
2022-12-19,13.66,13.52,13.725,13.49,598752
2022-12-20,13.46,13.42,13.59,13.42,990444
2022-12-21,13.53,13.53,13.62,13.5,1227311
2022-12-22,13.47,13.47,13.5,13.35,848120
2022-12-23,13.43,13.52,13.56,13.42,494638
2022-12-27,13.5,13.53,13.55,13.47,835265
2022-12-28,13.47,13.34,13.6,13.34,1102494
2022-12-29,13.38,13.47,13.51,13.38,1324174
2022-12-30,13.4,13.43,13.46,13.3401,784960
2023-01-03,13.55,13.55,13.59,13.46,345618
2023-01-04,13.65,13.77,13.814,13.59,303348
2023-01-05,13.72,13.66,13.74,13.64,274985
2023-01-06,13.74,14.0,14.01,13.74,298429
2023-01-09,14.12,14.05,14.25,14.05,238038
2023-01-10,14.08,14.18,14.2,14.065,126906
2023-01-11,14.19,14.3,14.43,14.19,219027
2023-01-12,14.35,14.49,14.51,14.28,267846
2023-01-13,14.36,14.49,14.53,14.34,440884
2023-01-17,14.47,14.51,14.56,14.4,241802
2023-01-18,14.63,14.35,14.65,14.35,421870
2023-01-19,14.25,14.3,14.39,14.25,229506
2023-01-20,14.38,14.46,14.5,14.28,219618
2023-01-23,14.55,14.65,14.698,14.48,224256
2023-01-24,14.42,14.69,14.99,14.42,347478
2023-01-25,14.67,14.69,14.78,14.54,447609
2023-01-26,14.73,14.8,14.84,14.6442,490975
2023-01-27,14.8,14.83,14.89,14.76,350703
2023-01-30,14.73,14.65,14.7892,14.59,300546
2023-01-31,14.87,14.79,14.87,14.71,350103
2023-02-01,14.69,14.94,15.0,14.685,245216
2023-02-02,15.1,15.2,15.25,15.1,477197
2023-02-03,15.01,15.01,15.17,14.969,521766
2023-02-06,14.94,14.94,15.04,14.915,214431
2023-02-07,14.91,15.09,15.13,14.9,220284
2023-02-08,15.0,14.97,15.13,14.94,188824
2023-02-09,15.03,14.83,15.096,14.79,254684
2023-02-10,14.75,14.79,14.87,14.75,142889
2023-02-13,14.79,14.835,15.02,14.79,193042
2023-02-14,14.78,14.77,14.88,14.72,160572
2023-02-15,14.83,14.89,14.89,14.67,246969
2023-02-16,14.76,14.72,14.872,14.7,133518
2023-02-17,14.75,14.67,14.79,14.66,137857
2023-02-21,14.56,14.39,14.68,14.39,173299
2023-02-22,14.52,14.33,14.52,14.28,251124
2023-02-23,14.5,14.54,14.54,14.39,262715
2023-02-24,14.44,14.35,14.455,14.32,204332
2023-02-27,14.35,14.47,14.5,14.35,138165
2023-02-28,14.51,14.5,14.555,14.44,268792
2023-03-01,14.57,14.51,14.57,14.44,543331
2023-03-02,14.49,14.57,14.61,14.46,517014
2023-03-03,14.6,14.73,14.755,14.58,387310
2023-03-06,14.71,14.79,14.86,14.71,357781
2023-03-07,14.73,14.59,14.81,14.58,328277
2023-03-08,14.59,14.64,14.6987,14.59,253152
2023-03-09,14.66,14.52,14.72,14.52,475086
2023-03-10,14.42,14.33,14.53,14.3125,719341
2023-03-13,14.2,14.165,14.41,14.14,744402
2023-03-14,14.25,14.49,14.5614,14.25,378392
2023-03-15,14.28,14.33,14.46,14.26,323856
2023-03-16,14.32,14.57,14.59,14.295,286462
2023-03-17,14.44,14.48,14.59,14.435,146175
2023-03-20,14.48,14.6,14.61,14.44,258592
2023-03-21,14.65,14.58,14.735,14.48,222163
2023-03-22,14.56,14.52,14.73,14.51,275812
2023-03-23,14.54,14.59,14.725,14.51,391753
2023-03-24,14.62,14.68,14.73,14.52,242125
2023-03-27,14.77,14.7,14.82,14.69,289117
2023-03-28,14.65,14.77,14.7916,14.65,357297
2023-03-29,14.85,15.01,15.05,14.77,453435
2023-03-30,15.19,15.2,15.23,15.08,278982
2023-03-31,15.28,15.61,15.62,15.2208,2342916
2023-04-03,15.48,15.32,15.6,15.26,253936
2023-04-04,15.27,15.33,15.44,15.27,244191
2023-04-05,15.44,15.29,15.45,15.24,586713
2023-04-06,15.37,15.38,15.4,15.295,300243
2023-04-10,15.4,15.3,15.41,15.265,255820
2023-04-11,15.32,15.3,15.4,15.3,168029
2023-04-12,15.42,15.225,15.51,15.3146,327719
2023-04-13,15.25,15.32,15.35,15.1201,203804
2023-04-14,15.31,15.31,15.4,15.26,119901
2023-04-17,15.25,15.3,15.35,15.24,145073
2023-04-18,15.32,15.36,15.46,15.31,236869
2023-04-19,15.3,15.34,15.4084,15.26,151055
2023-04-20,15.26,15.35,15.42,15.26,396395
2023-04-21,15.33,15.38,15.42,15.32,394395
2023-04-24,15.41,15.34,15.44,15.3,119299
2023-04-25,15.29,15.16,15.35,15.08,272794
2023-04-26,15.09,15.09,15.1962,14.98,680182
2023-04-27,15.12,15.33,15.34,15.12,222629
2023-04-28,15.36,15.52,15.6099,15.3201,481420
2023-05-01,15.44,15.56,15.6,15.44,191286
2023-05-02,15.49,15.44,15.56,15.375,242645
2023-05-03,15.41,15.43,15.56,15.41,280547
2023-05-04,15.4,15.32,15.43,15.3,290801
2023-05-05,15.42,15.61,15.66,15.42,258123
2023-05-08,15.67,15.58,15.67,15.5,228020
2023-05-09,15.58,15.53,15.58,15.51,182680
2023-05-10,15.57,15.49,15.57,15.435,352079
2023-05-11,15.5,15.375,15.59,15.465,335677
2023-05-12,15.37,15.26,15.45,15.25,302867
2023-05-15,15.27,15.31,15.33,15.21,272621
2023-05-16,15.28,15.27,15.32,15.235,160641
2023-05-17,15.36,15.47,15.47,15.27,230955
2023-05-18,15.51,15.47,15.51,15.34,173379
2023-05-19,15.45,15.44,15.615,15.42,276870
