2021-07-19,9.9,9.9,9.93,9.9,505
2021-07-20,9.8,9.7,9.81,9.68,709
2021-07-21,9.69,9.69,9.69,9.69,300
2021-07-22,NaN,9.69,NaN,NaN,3
2021-07-23,NaN,9.69,NaN,NaN,1
2021-07-26,9.8,9.69,9.8,9.8,441
2021-07-28,9.61,9.61,9.61,9.61,100
2021-08-03,9.8,9.73,9.8,9.73,16097
2021-08-04,NaN,9.73,NaN,NaN,1
2021-08-09,NaN,9.73,NaN,NaN,15
2021-08-23,9.68,9.68,9.68,9.68,105
2021-08-24,9.68,9.68,9.68,9.68,100
2021-08-25,9.67,9.67,9.67,9.67,370
2021-08-26,9.63,9.62,9.63,9.62,3202
2021-08-27,9.61,9.61,9.62,9.6,4304
2021-08-31,9.5999,9.62,9.62,9.5999,9356
2021-09-01,9.62,9.6,9.62,9.585,127882
2021-09-02,9.63,9.6,9.63,9.6,53285
2021-09-03,9.6,9.63,9.63,9.59,68720
2021-09-07,9.6,9.68,9.68,9.6,21870
2021-09-08,9.67,9.68,9.68,9.5891,603626
2021-09-09,9.626,9.68,9.68,9.626,619
2021-09-10,9.62,9.68,9.68,9.62,600
2021-09-13,9.66,9.69,9.69,9.64,4357
2021-09-14,9.68,9.69,9.9,9.68,181263
2021-09-15,9.63,9.7,9.72,9.63,11678
2021-09-16,9.9478,9.715,9.9478,9.68,29423
2021-09-17,9.67,9.68,9.705,9.67,836
2021-09-20,9.72,9.65,9.72,9.6,111480
2021-09-21,9.61,9.65,9.66,9.61,137057
2021-09-22,9.64,9.67,9.69,9.64,9590
2021-09-23,9.64,9.68,9.68,9.64,7594
2021-09-24,9.64,9.7,9.7,9.64,1611
2021-09-27,9.64,9.68,9.7,9.64,433
2021-09-30,9.69,9.71,9.71,9.69,5466
2021-10-01,NaN,9.71,NaN,NaN,4
2021-10-04,9.84,9.71,9.84,9.71,1474
2021-10-05,9.79,9.76,9.79,9.72,1184
2021-10-07,9.79,9.73,9.79,9.7,19858
2021-10-08,NaN,9.73,NaN,NaN,119
2021-10-12,NaN,9.73,NaN,NaN,25
2021-10-14,9.86,9.72,9.86,9.68,1670
2021-10-15,9.6814,9.715,9.715,9.6814,486
2021-10-18,NaN,9.715,NaN,NaN,4
2021-10-19,NaN,9.715,NaN,NaN,10
2021-10-20,NaN,9.715,NaN,NaN,12
2021-10-22,9.68,9.7,9.72,9.68,5228
2021-10-25,9.68,9.69,9.7,9.68,150663
2021-10-26,9.7,9.695,9.72,9.69,249773
2021-10-27,9.68,9.72,9.72,9.68,7167
2021-10-28,9.72,9.7,9.72,9.68,5864
2021-10-29,9.7,9.67,9.7,9.67,303
2021-11-01,NaN,9.67,NaN,NaN,102
2021-11-02,NaN,9.67,NaN,NaN,160
2021-11-03,9.68,9.68,9.7,9.68,504748
2021-11-04,9.7,9.7,9.7,9.7,141
2021-11-05,9.7,9.7,9.7,9.69,538
2021-11-08,9.69,9.72,9.72,9.68,550898
2021-11-09,9.71,9.71,9.71,9.69,159459
2021-11-10,9.69,9.77,9.77,9.68,307475
2021-11-11,9.7,9.71,9.73,9.69,106379
2021-11-12,9.7,9.69,9.715,9.69,45211
2021-11-15,NaN,9.69,NaN,NaN,3
2021-11-16,NaN,9.69,NaN,NaN,10
2021-11-17,9.72,9.73,9.73,9.7,7681
2021-11-18,9.71,9.73,9.73,9.7,109153
2021-11-19,9.7,9.71,9.71,9.68,40365
2021-11-22,9.7,9.71,9.71,9.7,1300
2021-11-23,9.71,9.71,9.71,9.68,9269
2021-11-24,9.7,9.7,9.71,9.7,6635
2021-11-26,9.7,9.72,9.72,9.7,15904
2021-11-29,9.72,9.72,9.72,9.72,163
2021-11-30,9.7,9.8,9.8,9.7,17256
2021-12-01,9.7,9.8,9.8,9.7,13701
2021-12-02,9.8,9.79,9.82,9.76,2194
2021-12-03,9.8,9.8,9.8,9.8,100
2021-12-06,9.8,9.8,9.8,9.8,101
2021-12-07,9.8,9.8,9.8,9.8,192
2021-12-08,9.75,9.71,9.75,9.7,72504
2021-12-09,9.71,9.71,9.71,9.71,44
2021-12-10,NaN,9.71,NaN,NaN,32
2021-12-13,9.7,9.7,9.76,9.69,268967
2021-12-14,9.7,9.69,9.73,9.69,31258
2021-12-15,9.7009,9.77,9.77,9.675,96584
2021-12-16,9.7,9.68,9.74,9.67,44215
2021-12-17,9.675,9.7,9.7,9.675,2173
2021-12-20,9.74,9.7,9.74,9.68,22318
2021-12-21,9.7,9.73,9.73,9.685,17459
2021-12-22,9.7,9.77,9.77,9.7,59925
2021-12-23,9.77,9.72,9.77,9.72,232
2021-12-27,NaN,9.72,NaN,NaN,11
2021-12-28,NaN,9.72,NaN,NaN,36
2021-12-29,NaN,9.72,NaN,NaN,167
2021-12-30,9.74,9.74,9.74,9.74,174
2021-12-31,9.69,9.72,9.72,9.69,40423
2022-01-03,9.77,9.74,9.77,9.72,37618
2022-01-04,9.7,9.74,9.74,9.7,200
2022-01-05,9.74,9.74,9.74,9.74,5
2022-01-06,9.72,9.72,9.72,9.72,164
2022-01-07,9.71,9.71,9.71,9.71,103
2022-01-10,9.72,9.72,9.72,9.72,241
2022-01-12,9.72,9.72,9.72,9.71,1331
2022-01-13,9.71,9.71,9.71,9.71,696
2022-01-14,9.71,9.72,9.72,9.71,600
2022-01-18,9.76,9.71,9.76,9.71,699
2022-01-19,9.73,9.73,9.73,9.73,208
2022-01-20,9.73,9.73,9.73,9.73,38
2022-01-21,9.72,9.72,9.72,9.72,795
2022-01-24,9.68,9.7,9.71,9.67,3398
2022-01-25,9.7,9.7,9.7,9.7,1
2022-01-26,9.67,9.68,9.68,9.67,2931
2022-01-27,9.67,9.65,9.67,9.6184,44162
2022-01-28,9.66,9.66,9.66,9.66,6400
2022-01-31,9.77,9.67,9.77,9.67,2300
2022-02-01,9.72,9.65,9.72,9.65,17107
2022-02-02,9.65,9.65,9.65,9.65,245
2022-02-03,9.67,9.67,9.67,9.67,34830
2022-02-04,9.63,9.65,9.65,9.63,664
2022-02-07,9.67,9.66,9.67,9.65,2860
2022-02-08,9.66,9.66,9.66,9.66,7
2022-02-10,9.65,9.66,9.66,9.645,442319
2022-02-11,9.63,9.62,9.63,9.62,594
2022-02-15,9.65,9.65,9.67,9.63,1265
2022-02-16,9.65,9.65,9.65,9.65,0
2022-02-17,9.64,9.64,9.64,9.635,11310
2022-02-18,9.64,9.66,9.66,9.64,16210
2022-02-23,9.65,9.65,9.65,9.64,400403
2022-02-24,9.62,9.69,9.69,9.62,4400
2022-02-25,9.69,9.69,9.69,9.69,0
2022-02-28,9.66,9.64,9.66,9.64,14060
2022-03-01,9.68,9.69,9.7,9.65,9921
2022-03-02,9.7,9.74,9.74,9.7,1482
2022-03-03,9.69,9.69,9.69,9.69,1905
2022-03-04,9.69,9.69,9.69,9.69,1331
2022-03-07,9.63,9.69,9.7,9.63,405347
2022-03-08,9.69,9.69,9.71,9.69,3200
2022-03-09,9.69,9.7,9.7,9.69,4123
2022-03-10,9.7,9.7,9.7,9.7,606
2022-03-11,9.71,9.71,9.71,9.71,18534
2022-03-14,9.74,9.72,9.74,9.7,16609
2022-03-15,9.72,9.72,9.72,9.72,126630
2022-03-16,9.75,9.71,9.75,9.705,14411
2022-03-18,9.71,9.75,9.75,9.71,1390
2022-03-21,9.77,9.72,9.77,9.72,16792
2022-03-23,9.75,9.75,9.75,9.75,101
2022-03-24,9.74,9.73,9.74,9.72,147088
2022-03-25,9.73,9.73,9.73,9.72,17908
2022-03-28,9.72,9.72,9.74,9.72,350302
2022-03-29,9.72,9.72,9.72,9.72,83940
2022-03-30,9.72,9.72,9.72,9.72,45000
2022-03-31,9.72,9.74,9.74,9.72,2552
2022-04-01,9.75,9.75,9.75,9.75,43200
2022-04-04,9.73,9.73,9.74,9.73,14566
2022-04-06,9.72,9.73,9.735,9.71,184795
2022-04-08,9.72,9.72,9.72,9.72,293
2022-04-11,9.72,9.72,9.72,9.72,3013
2022-04-12,9.74,9.74,9.74,9.74,304
2022-04-13,9.73,9.73,9.73,9.73,89646
2022-04-14,9.735,9.73,9.735,9.725,148953
2022-04-18,9.72,9.73,9.75,9.72,17303
2022-04-19,9.73,9.73,9.73,9.73,201304
2022-04-20,9.74,9.72,9.74,9.72,230130
2022-04-21,9.73,9.73,9.73,9.72,806004
2022-04-22,9.74,9.73,9.755,9.73,1450044
2022-04-25,9.72,9.72,9.75,9.72,594061
2022-04-26,9.72,9.71,9.72,9.71,24717
2022-04-27,9.72,9.72,9.73,9.72,296073
2022-04-28,9.72,9.72,9.72,9.72,150000
2022-04-29,9.72,9.73,9.73,9.72,30746
2022-05-02,9.73,9.75,9.75,9.73,13783
2022-05-03,9.75,9.76,9.76,9.75,2662
2022-05-05,9.75,9.74,9.75,9.74,81288
2022-05-06,9.74,9.74,9.74,9.74,429
2022-05-09,9.74,9.73,9.74,9.73,1640
2022-05-10,9.73,9.73,9.73,9.725,3800
2022-05-11,9.94,9.7,9.94,9.7,61680
2022-05-12,9.7,9.69,9.7,9.69,4989
2022-05-16,9.68,9.69,9.69,9.68,1456
2022-05-17,9.7,9.7,9.73,9.7,900
2022-05-23,9.71,9.71,9.71,9.71,800
2022-05-24,9.7,9.7,9.71,9.7,27521
2022-05-25,9.7064,9.71,9.71,9.7064,1017
2022-05-26,9.69,9.7,9.7,9.69,200980
2022-05-27,9.705,9.705,9.705,9.705,248275
2022-05-31,9.7,9.7,9.705,9.7,46384
2022-06-01,9.71,9.7,9.71,9.69,131462
2022-06-07,9.73,9.73,9.73,9.72,22101
2022-06-08,9.73,9.73,9.73,9.73,844
2022-06-09,9.71,9.73,9.73,9.71,1330
2022-06-10,9.73,9.73,9.73,9.73,348
2022-06-14,9.74,9.74,9.74,9.74,726
2022-06-15,9.74,9.74,9.74,9.74,101
2022-06-16,9.73,9.73,9.73,9.73,2181
2022-06-17,9.73,9.73,9.73,9.73,1465
2022-06-21,9.74,9.74,9.74,9.74,4000
2022-06-22,9.73,9.73,9.73,9.73,1872
2022-06-23,9.76,9.76,9.76,9.76,3122
2022-06-24,9.75,9.74,9.76,9.74,10985
2022-06-27,9.74,9.74,9.74,9.74,100
2022-06-28,9.75,9.74,9.75,9.74,3235
2022-06-29,9.73,9.74,9.74,9.73,390
2022-06-30,9.73,9.735,9.735,9.72,7516
2022-07-01,9.72,9.73,9.73,9.72,578
2022-07-05,9.73,9.74,9.74,9.73,400
2022-07-06,9.72,9.74,9.74,9.72,4032
2022-07-07,9.75,9.74,9.75,9.74,1259
2022-07-11,9.74,9.75,9.75,9.74,1898
2022-07-12,9.73,9.75,9.76,9.73,13925
2022-07-13,9.75,9.75,9.75,9.75,3725
2022-07-14,9.75,9.75,9.75,9.75,13145
2022-07-19,9.78,9.78,9.78,9.78,400
2022-07-20,9.79,9.75,9.79,9.75,1041
2022-07-21,9.795,9.795,9.795,9.795,201
2022-07-22,9.76,9.77,9.83,9.76,204324
2022-07-25,9.77,9.75,9.825,9.7498,141759
2022-07-26,9.71,9.76,9.76,9.71,3220
2022-07-29,9.77,9.77,9.78,9.77,33043
2022-08-01,9.77,9.76,9.77,9.76,177832
2022-08-02,9.77,9.76,9.77,9.75,50636
2022-08-05,9.76,9.76,9.76,9.76,129
2022-08-09,9.77,9.77,9.77,9.77,336
2022-08-10,9.77,9.78,9.78,9.77,19116
2022-08-12,9.79,9.79,9.79,9.79,3000
2022-08-18,9.8,9.8,9.8,9.8,100
2022-08-19,9.79,9.79,9.79,9.79,100
2022-08-22,9.8,9.8,9.8,9.8,102
2022-08-23,9.79,9.79,9.79,9.79,200
2022-08-25,9.78,9.78,9.78,9.77,18468
2022-08-26,9.79,9.79,9.79,9.79,113
2022-08-29,9.79,9.79,9.79,9.79,251
2022-08-30,9.78,9.78,9.78,9.78,201
2022-08-31,9.79,9.79,9.79,9.79,1643
2022-09-06,9.78,9.77,9.78,9.76,30708
2022-09-08,9.77,9.76,9.77,9.76,4467
2022-09-09,9.76,9.76,9.76,9.76,3241
2022-09-12,9.78,9.765,9.78,9.765,102550
2022-09-14,9.76,9.76,9.76,9.76,7132
2022-09-15,9.76,9.76,9.76,9.76,100
2022-09-16,9.76,9.76,9.76,9.76,80906
2022-09-19,9.76,9.76,9.76,9.76,13291
2022-09-22,9.76,9.76,9.76,9.76,685
2022-09-26,9.76,9.765,9.765,9.76,500
2022-09-30,9.78,9.7799,9.78,9.7799,38000
2022-10-03,9.78,9.77,9.78,9.75,14068
2022-10-04,9.78,9.78,9.78,9.78,100
2022-10-10,9.77,9.77,9.77,9.77,100
2022-10-12,9.78,9.8,9.8,9.78,281266
2022-10-13,9.8,9.8,9.8,9.79,17762
2022-10-14,9.81,9.81,9.81,9.8,141062
2022-10-17,9.83,9.82,9.85,9.8197,6980
2022-10-18,9.86,9.84,9.86,9.84,1498
2022-10-19,9.815,9.83,9.83,9.815,1121
2022-10-20,9.84,9.83,9.84,9.83,1313
2022-10-21,9.83,9.815,9.83,9.815,1201
2022-10-24,9.88,9.84,9.88,9.8,14792
2022-10-25,9.86,9.85,9.86,9.85,26457
2022-10-26,9.87,9.85,9.87,9.85,9088
2022-10-27,9.8584,9.87,9.87,9.8584,4812
2022-10-28,9.8302,9.8302,9.8302,9.8302,901
2022-10-31,9.88,9.87,9.88,9.85,5122
2022-11-01,9.865,9.86,9.865,9.86,30825
2022-11-02,9.81,9.87,9.87,9.81,100641
2022-11-03,9.84,9.86,9.865,9.84,2693
2022-11-04,9.88,9.88,9.88,9.88,213
2022-11-07,9.84,9.87,9.87,9.84,25542
2022-11-09,9.8725,9.87,9.8725,9.865,155008
2022-11-10,9.85,9.87,9.87,9.85,350
2022-11-14,9.91,9.86,9.91,9.86,6213
2022-11-15,9.86,9.86,9.86,9.86,22002
2022-11-16,9.86,9.86,9.86,9.86,100
2022-11-22,9.86,9.8755,9.88,9.86,7009
2022-11-23,10.065,9.91,10.065,9.89,420
2022-11-25,9.89,9.87,9.89,9.87,481
2022-11-28,9.89,9.9,9.9,9.89,11912
2022-12-01,9.88,9.9,9.9,9.88,27308
2022-12-02,9.91,9.9,9.91,9.9,597884
2022-12-05,9.9,9.89,9.91,9.89,102235
2022-12-08,9.9,9.89,9.91,9.89,2242
2022-12-09,9.89,9.88,9.89,9.88,41004
2022-12-12,9.9,9.88,9.9,9.88,48841
2022-12-13,9.88,9.88,9.9,9.87,141396
2022-12-14,9.88,9.885,9.89,9.88,547335
2022-12-15,9.89,9.89,9.89,9.89,132407
2022-12-16,10.01,9.96,10.01,9.96,1087
2022-12-21,9.92,9.92,9.92,9.92,990
2022-12-22,9.91,9.92,9.92,9.91,101639
2022-12-23,9.92,9.92,9.92,9.92,100061
2022-12-27,9.92,9.94,9.945,9.92,26871
2022-12-28,9.95,9.95,9.96,9.95,688
2022-12-29,9.95,9.95,9.95,9.95,245
2022-12-30,9.96,9.97,9.97,9.96,54632
2023-01-03,9.97,10.0,10.0,9.97,1019702
2023-01-04,10.02,10.02,10.02,10.02,104
2023-01-05,10.05,10.03,10.05,10.02,34908
2023-01-09,10.06,10.03,10.06,10.015,277042
2023-01-10,10.02,10.02,10.02,10.02,25245
2023-01-11,10.02,10.02,10.02,10.02,488
2023-01-12,10.0498,10.02,10.0498,10.02,70697
2023-01-13,10.02,10.02,10.02,10.02,399
2023-01-18,10.07,10.07,10.07,10.07,100
2023-01-19,10.02,10.02,10.02,10.02,622
2023-01-20,10.07,10.03,10.07,10.02,3504
2023-01-23,10.08,10.03,10.08,10.03,64168
2023-01-24,10.03,10.03,10.04,10.03,3458663
2023-01-26,10.04,10.04,10.04,10.03,5401
2023-01-27,10.04,10.05,10.05,10.04,3498
2023-01-31,10.04,10.06,10.06,10.04,1140
2023-02-01,10.03,10.07,10.07,10.03,2872
2023-02-02,10.06,10.06,10.06,10.06,106
2023-02-03,10.065,10.06,10.08,10.06,1567
2023-02-06,10.1,10.07,10.1,10.06,30111
2023-02-07,10.09,10.0799,10.1,10.0799,4730
2023-02-08,10.07,10.07,10.07,10.07,428
2023-02-09,10.07,10.07,10.07,10.07,1858
2023-02-10,10.07,10.07,10.07,10.07,11605
2023-02-13,10.15,10.08,10.15,10.07,11177
2023-02-14,10.11,10.08,10.11,10.08,300
2023-02-15,10.07,10.07,10.07,10.07,501
2023-02-16,10.08,10.08,10.08,10.08,135
2023-02-21,10.07,10.09,10.09,10.07,6470
2023-02-27,10.12,10.145,10.15,10.12,22175
2023-02-28,10.15,10.15,10.15,10.15,381
2023-03-01,10.15,10.15,10.15,10.15,10005
2023-03-02,10.12,10.15,10.16,10.1,620280
2023-03-03,10.15,10.15,10.15,10.15,100
2023-03-06,10.13,10.12,10.13,10.1,537
2023-03-08,10.13,10.14,10.14,10.13,2122
2023-03-10,10.12,10.11,10.125,10.11,8824
2023-03-13,10.15,10.11,10.15,10.11,283
2023-03-14,10.13,10.11,10.13,10.11,5500
2023-03-16,10.13,10.12,10.13,10.12,214
2023-03-17,10.15,10.15,10.15,10.15,144
2023-03-20,10.15,10.13,10.15,10.13,729
2023-03-22,10.11,10.1499,10.15,10.11,1067
2023-03-23,10.13,10.13,10.155,10.13,1492
2023-03-24,10.15,10.16,10.16,10.14,411238
2023-03-27,10.23,10.22,10.23,10.22,509
2023-03-29,10.185,10.185,10.185,10.185,285
2023-03-30,10.16,10.16,10.22,10.16,770040
2023-03-31,10.175,10.18,10.18,10.175,6250
2023-04-03,10.21,10.21,10.21,10.21,309
2023-04-04,10.21,10.18,10.21,10.18,22953
2023-04-05,10.18,10.17,10.18,10.17,65450
2023-04-06,10.17,10.18,10.18,10.16,428427
2023-04-10,10.22,10.22,10.22,10.22,109
2023-04-11,10.17,10.17,10.17,10.17,149
2023-04-12,10.17,10.17,10.17,10.17,89809
2023-04-13,10.18,10.19,10.19,10.17,1524040
2023-04-14,10.2,10.2,10.2,10.2,3013
2023-04-18,10.17,10.2,10.2,10.17,10569
2023-04-19,10.19,10.2,10.2,10.19,7040
2023-04-20,10.2,10.21,10.21,10.2,7399
2023-04-21,10.21,10.21,10.21,10.21,371
2023-04-24,10.19,10.21,10.21,10.19,6585
2023-04-25,10.19,10.21,10.21,10.19,3049
2023-04-26,10.24,10.21,10.24,10.21,8943
2023-04-27,10.21,10.21,10.21,10.21,1437
2023-04-28,10.21,10.21,10.21,10.21,183766
2023-05-01,10.22,10.22,10.22,10.22,245
2023-05-02,10.22,10.22,10.22,10.22,159
2023-05-03,NaN,NaN,NaN,NaN,153
2023-05-04,10.22,10.22,10.22,10.22,520560
2023-05-05,10.22,10.22,10.225,10.22,820771
2023-05-08,10.24,10.22,10.24,10.204,272160
2023-05-09,10.2,10.21,10.22,10.16,486787
2023-05-10,10.25,10.23,10.25,10.23,4308
2023-05-12,10.21,10.23,10.24,10.21,19290
2023-05-15,10.23,10.21,10.23,10.21,130907
2023-05-16,10.14,10.25,10.25,10.14,5938
2023-05-17,10.22,10.2001,10.22,10.2,4826
2023-05-18,10.1999,10.23,10.23,10.1999,44694
