2021-05-14,3320.0,10800.0,10848.0,3320.0,8287
2021-05-17,13032.0,8240.0,16185.62,7580.0,6123
2021-05-18,7260.0,8300.0,8572.4,6200.0,1417
2021-05-19,7420.0,7382.0,7857.3,7050.0,224
2021-05-20,7236.0,5954.0,7303.58,5600.0,187
2021-05-21,5680.0,5900.0,7900.0,5680.0,741
2021-05-24,6062.0,5860.0,6152.0,5622.0,95
2021-05-25,5658.0,5844.0,5996.0,5364.0,100
2021-05-26,5900.0,6010.0,6100.0,5700.0,146
2021-05-27,6020.0,6600.0,7180.0,6020.0,255
2021-05-28,6726.0,7520.0,7520.0,6442.0,410
2021-06-01,8060.0,7790.0,8296.0,7398.0,184
2021-06-02,7800.0,7522.0,8500.0,7472.0,190
2021-06-03,7500.0,7780.0,8318.0,7500.0,134
2021-06-04,7956.0,7940.0,8050.0,7664.0,93
2021-06-07,7950.0,8160.0,8310.0,7868.0,118
2021-06-08,8078.0,8270.0,8290.0,8078.0,36
2021-06-09,8402.0,8420.0,8698.0,8270.0,62
2021-06-10,8420.0,8040.0,8420.0,7900.0,120
2021-06-11,8104.0,8400.0,8754.0,8000.0,350
2021-06-14,8216.0,8040.0,8400.0,8040.0,297
2021-06-15,8198.0,8010.0,8214.0,7976.0,132
2021-06-16,7826.76,7120.0,7850.0,6602.0,280
2021-06-17,7200.0,6812.0,7360.0,6812.0,132
2021-06-18,7250.0,6902.0,7310.0,6836.0,202
2021-06-21,7080.0,7127.0,8141.0,7058.18,434
2021-06-22,7128.0,6750.0,7480.76,6400.0,461
2021-06-23,6830.0,6500.0,7030.0,6100.0,409
2021-06-24,6500.0,6342.0,7546.0,5400.0,2306
2021-06-25,6460.0,6300.0,7982.0,6162.0,2313
2021-06-28,6300.0,5898.0,6699.98,5810.0,1011
2021-06-29,5988.0,5822.0,6500.0,5610.0,1496
2021-06-30,5704.0,5804.0,6650.0,5220.0,1857
2021-07-01,5708.0,5066.0,5838.0,5006.02,709
2021-07-02,5270.0,5294.0,6000.0,5002.0,1681
2021-07-06,5120.0,5236.0,5400.0,5120.0,424
2021-07-07,5192.0,5638.0,5898.0,5016.0,459
2021-07-08,5284.0,5596.0,5978.0,5284.0,376
2021-07-09,5600.0,5676.16,5872.0,5600.0,336
2021-07-12,5674.0,5940.0,5940.0,5584.5,165
2021-07-13,5890.0,5938.0,6292.0,5890.0,173
2021-07-14,5940.0,5720.0,6097.3,5720.0,100
2021-07-15,5880.0,5522.0,6058.0,5502.0,185
2021-07-16,5200.0,5148.0,5639.6,5130.0,211
2021-07-19,5156.0,4786.0,5156.0,4628.0,265
2021-07-20,4792.0,4600.0,4812.0,4265.0,158
2021-07-21,4514.0,4720.0,4720.0,4514.0,133
2021-07-22,4800.0,4316.0,4800.0,4120.0,504
2021-07-23,4520.0,3998.0,4663.94,3860.0,227
2021-07-26,4000.0,3888.0,4074.0,3812.0,78
2021-07-27,3978.0,4102.0,4216.0,3904.04,257
2021-07-28,4191.3,4578.0,4720.0,4178.0,280
2021-07-29,4710.0,5332.0,5508.0,4700.0,545
2021-07-30,5360.0,5678.0,5784.0,5330.0,644
2021-08-02,5780.0,4072.0,5893.98,2302.0,13913
2021-08-03,4140.0,1584.0,4692.0,1282.0,157515
2021-08-04,1554.42,1394.0,1728.0,1362.0,26174
2021-08-05,1340.0,1190.0,1358.0,1170.0,21104
2021-08-06,1110.0,1080.0,1170.0,1060.0,24122
2021-08-09,1109.8,1062.0,1138.0,1020.0,19864
2021-08-10,1060.0,1038.0,1122.0,922.0,53144
2021-08-11,928.0,922.0,995.8,910.0,20466
2021-08-12,904.0,856.0,906.0,852.0,12722
2021-08-13,844.0,800.0,920.0,794.0,18597
2021-08-16,788.0,728.0,788.0,718.0,10091
2021-08-17,712.0,766.0,858.0,678.0,50133
2021-08-18,756.0,718.0,772.0,684.0,10373
2021-08-19,706.0,662.0,824.0,660.0,32470
2021-08-20,689.24,672.0,725.24,662.0,8618
2021-08-23,700.0,708.0,736.7,677.7,8098
2021-08-24,738.0,768.0,786.0,714.0,15475
2021-08-25,786.0,852.0,870.0,766.02,21192
2021-08-26,820.0,798.0,902.0,798.0,14164
2021-08-27,806.0,758.0,812.0,742.0,8880
2021-08-30,764.0,724.0,784.0,670.0,7411
2021-08-31,742.0,746.0,778.0,728.0,4782
2021-09-01,746.0,746.0,764.0,730.0,4087
2021-09-02,760.0,750.0,776.0,740.0,4082
2021-09-03,752.0,746.0,760.0,732.0,3313
2021-09-07,740.0,752.0,754.84,710.0,6347
2021-09-08,754.0,766.0,784.0,714.06,6799
2021-09-09,750.0,764.0,776.0,740.2,4802
2021-09-10,762.0,738.0,778.0,730.0,5730
2021-09-13,708.2,720.0,720.0,690.0,5342
2021-09-14,712.0,662.0,714.0,650.0,4551
2021-09-15,654.0,684.0,692.0,652.0,3067
2021-09-16,676.0,682.0,692.4,654.0,3446
2021-09-17,674.0,680.0,690.0,664.0,5317
2021-09-20,638.58,600.0,650.0,586.0,7644
2021-09-21,600.0,574.0,606.0,570.0,5177
2021-09-22,570.0,556.0,578.0,548.0,4670
2021-09-23,558.0,536.0,568.2,516.0,6906
2021-09-24,522.0,556.0,590.0,514.72,13803
2021-09-27,550.0,548.0,560.0,532.0,3155
2021-09-28,548.0,520.0,550.0,516.0,3391
2021-09-29,522.0,528.0,561.98,514.0,7571
2021-09-30,530.0,528.0,538.0,514.02,3213
2021-10-01,526.0,522.0,532.0,504.0,2984
2021-10-04,514.0,486.0,516.0,478.0,4053
2021-10-05,480.0,462.0,496.0,458.0,3289
2021-10-06,452.0,434.0,466.0,426.0,4289
2021-10-07,432.0,458.0,460.0,428.2,3670
2021-10-08,450.0,524.0,548.0,446.0,10655
2021-10-11,516.0,518.0,542.0,502.2,3242
2021-10-12,510.0,498.0,556.0,494.0,4268
2021-10-13,500.0,546.0,572.36,498.0,11718
2021-10-14,554.0,616.0,638.0,530.0,17894
2021-10-15,608.0,600.0,640.0,592.0,8815
2021-10-18,600.0,616.0,638.0,595.5,4292
2021-10-19,612.0,620.0,636.0,600.0,6903
2021-10-20,624.0,590.0,633.98,574.0,7074
2021-10-21,600.0,600.0,626.44,576.0,6327
2021-10-22,598.0,550.0,600.0,540.0,5461
2021-10-25,546.0,598.0,598.0,540.0,5118
2021-10-26,672.0,622.0,716.0,556.0,100645
2021-10-27,582.0,552.0,620.0,546.0,9670
2021-10-28,546.0,538.0,558.0,524.0,3965
2021-10-29,534.0,540.0,560.0,526.0,5553
2021-11-01,580.42,586.0,630.0,568.0,9977
2021-11-02,580.0,558.0,584.0,546.0,4169
2021-11-03,552.0,566.0,572.0,550.0,5250
2021-11-04,560.0,562.0,574.0,550.0,3205
2021-11-05,560.0,546.0,570.0,542.0,2151
2021-11-08,550.0,536.0,556.0,522.0,2628
2021-11-09,532.0,534.0,540.0,508.0,2619
2021-11-10,522.0,508.0,530.0,506.0,2331
2021-11-11,514.0,484.0,519.9,480.0,2917
2021-11-12,480.0,490.0,498.0,468.0,1970
2021-11-15,514.0,476.0,515.0,472.0,3640
2021-11-16,470.0,488.0,495.46,462.0,3048
2021-11-17,482.0,478.0,496.0,472.0,1176
2021-11-18,472.0,452.0,480.0,446.0,2249
2021-11-19,456.0,462.0,474.0,448.0,1918
2021-11-22,456.0,464.0,468.0,438.0,2276
2021-11-23,462.0,456.0,474.0,445.82,1244
2021-11-24,448.0,472.0,480.0,438.0,4428
2021-11-26,448.0,430.0,470.0,418.0,5384
2021-11-29,440.0,450.0,454.0,418.0,15123
2021-11-30,436.0,430.0,443.0,416.0,5131
2021-12-01,426.0,400.0,434.0,400.0,6628
2021-12-02,404.0,420.0,420.0,380.0,16052
2021-12-03,424.0,368.0,426.0,352.0,21445
2021-12-06,374.0,366.0,377.82,354.0,2147
2021-12-07,380.0,386.0,410.0,368.0,3738
2021-12-08,394.0,410.0,412.0,380.0,1790
2021-12-09,406.0,394.0,410.0,387.0,1442
2021-12-10,394.0,375.82,396.0,374.0,572
2021-12-13,380.0,372.0,383.0,354.16,1613
2021-12-14,364.0,350.0,378.0,350.0,3376
2021-12-15,344.0,352.0,358.0,330.0,2374
2021-12-16,354.0,328.0,372.0,323.0,7447
2021-12-17,324.0,334.0,342.0,306.0,1804
2021-12-20,322.0,327.0,340.0,320.0,2231
2021-12-21,330.0,332.0,340.0,328.0,1469
2021-12-22,330.0,330.0,352.0,326.0,2338
2021-12-23,330.0,322.0,344.0,314.0,1953
2021-12-27,320.0,306.0,320.0,298.0,3614
2021-12-28,298.0,286.0,310.0,286.0,7505
2021-12-29,312.0,296.0,315.0,272.0,26449
2021-12-30,292.0,302.0,310.0,280.0,9141
2021-12-31,294.0,296.0,304.0,286.0,4757
2022-01-03,300.0,308.0,328.0,284.0,5793
2022-01-04,320.0,296.0,326.0,288.0,6480
2022-01-05,286.0,278.0,304.0,268.0,6930
2022-01-06,278.0,258.0,285.98,256.0,2947
2022-01-07,260.0,260.0,272.0,254.0,5152
2022-01-10,265.46,248.0,265.6,239.6,3576
2022-01-11,250.0,250.0,262.0,240.0,4587
2022-01-12,248.0,240.0,258.0,240.0,3979
2022-01-13,240.0,218.0,244.0,218.0,3380
2022-01-14,216.0,222.0,238.0,210.0,10738
2022-01-18,218.0,204.0,232.0,202.0,8322
2022-01-19,202.0,196.0,228.0,192.0,36042
2022-01-20,200.0,189.82,208.0,186.02,30654
2022-01-21,190.4,178.0,204.0,174.98,17980
2022-01-24,174.0,168.44,186.0,158.26,12032
2022-01-25,166.0,162.4,171.0,162.4,6649
2022-01-26,164.4,154.3,165.8,152.8,7304
2022-01-27,154.0,145.1,155.98,144.2,7681
2022-01-28,146.0,147.0,159.96,142.24,15860
2022-01-31,146.0,159.4,159.96,146.0,16805
2022-02-01,158.82,154.4,173.8,149.0,18368
2022-02-02,156.0,150.72,165.7,150.0,5949
2022-02-03,148.0,148.0,153.34,146.0,8732
2022-02-04,150.0,150.68,175.66,148.0,24065
2022-02-07,154.2,144.1,161.8,142.4,7959
2022-02-08,142.0,144.32,149.8,142.0,4136
2022-02-09,144.6,159.9,169.2,144.4,32090
2022-02-10,157.0,156.94,167.98,156.0,8868
2022-02-11,155.4,142.52,161.98,140.4,11871
2022-02-14,142.0,138.68,151.88,136.7,6394
2022-02-15,139.98,143.8,144.9598,137.2,4283
2022-02-16,144.4,140.34,149.6,138.5,5982
2022-02-17,138.0,131.42,141.8,130.42,5612
2022-02-18,134.0,120.0,134.0,116.2,7354
2022-02-22,119.04,115.32,123.98,110.0,2435
2022-02-23,119.08,112.64,120.0,110.46,3325
2022-02-24,105.68,116.5,117.88,104.2,2400
2022-02-25,118.0,119.1,123.8,116.0,4068
2022-02-28,125.0,120.5602,125.0,116.0,3347
2022-03-01,121.2,130.0,132.0,112.42,7838
2022-03-02,130.02,128.56,132.0,124.0,5062
2022-03-03,128.78,124.06,134.0,124.0,5729
2022-03-04,163.58,167.36,175.24,136.0,268379
2022-03-07,163.4,158.46,176.0,148.4,23609
2022-03-08,149.62,149.32,154.0,143.42,16649
2022-03-09,151.4,149.76,154.18,146.22,10018
2022-03-10,148.0,149.78,153.8,136.0,13526
2022-03-11,150.0,129.8,164.0,126.0,15718
2022-03-14,127.52,122.0,131.54,118.0,11382
2022-03-15,121.08,124.0,130.0,120.02,9399
2022-03-16,136.0,135.6,137.6,126.96,14553
2022-03-17,137.06,142.0,144.0,134.0,16140
2022-03-18,140.0,154.0,156.98,140.0,16030
2022-03-21,153.0,159.2,161.8,150.0,16704
2022-03-22,159.4,177.8,183.98,156.0,33176
2022-03-23,172.0,170.0,177.8,162.1,13452
2022-03-24,165.36,166.04,174.0,162.0,11557
2022-03-25,160.62,159.1,168.0,156.0,13152
2022-03-28,158.28,153.64,163.6,150.52,7603
2022-03-29,156.0,157.96,161.6,152.2,9323
2022-03-30,155.6,149.0,163.78,146.0,10141
2022-03-31,150.34,144.0,152.0,139.72,11001
2022-04-01,142.8,145.26,152.0,140.5,6509
2022-04-04,146.0,158.0,158.98,142.0002,9865
2022-04-05,157.36,147.92,157.36,142.2,7747
2022-04-06,143.98,138.4,147.88,137.04,7392
2022-04-07,135.0,138.0,147.02,132.0,15700
2022-04-08,138.0,134.06,142.6,133.0,3547
2022-04-11,130.1,136.0,140.8,130.1,9708
2022-04-12,140.0,133.02,142.76,132.72,4121
2022-04-13,130.66,132.98,142.0,130.66,9007
2022-04-14,134.34,128.38,135.2,125.0,5615
2022-04-18,128.2,122.8,129.8,120.38,2156
2022-04-19,123.08,123.8,127.4,122.0,11070
2022-04-20,123.0,124.28,129.32,120.42,11875
2022-04-21,125.0,123.2,128.36,122.2,11985
2022-04-22,128.08,120.7,130.04,120.14,10665
2022-04-25,120.1,116.0,124.96,112.0,10473
2022-04-26,114.5,105.4,117.8,100.02,12608
2022-04-27,104.0,104.58,107.2,97.2,10581
2022-04-28,102.0,107.26,110.6,100.88,7213
2022-04-29,105.38,105.28,114.0,104.0,12162
2022-05-02,105.26,106.0,107.98,101.0,11969
2022-05-03,105.48,112.6,113.54,104.4,11383
2022-05-04,108.46,107.6,109.6,101.14,11290
2022-05-05,105.18,98.28,110.38,97.0,13238
2022-05-06,97.1,90.94,100.0,88.0,11336
2022-05-09,90.0,83.48,91.86,82.06,10712
2022-05-10,84.0,85.9,85.98,79.0,3710
2022-05-11,85.78,75.98,85.78,73.16,13127
2022-05-12,71.38,82.0,84.86,69.9398,11700
2022-05-13,86.0,85.46,86.8,76.4,12288
2022-05-16,83.74,82.18,84.6,80.12,2865
2022-05-17,80.36,82.8,83.0,78.0,2813
2022-05-18,80.2,80.04,82.0,78.62,1907
2022-05-19,79.8,78.2,81.6,76.2202,5229
2022-05-20,77.64,75.98,81.58,72.4,3964
2022-05-23,77.12,73.96,77.52,72.0,3599
2022-05-24,74.06,69.26,74.74,66.92,3722
2022-05-25,67.58,71.98,75.46,67.58,3165
2022-05-26,70.0,70.42,72.0,69.38,2435
2022-05-27,69.6,70.76,71.98,69.02,6863
2022-05-31,70.0,75.52,76.0,70.0,5581
2022-06-01,73.26,73.9,76.0,71.2,6217
2022-06-02,74.5,75.96,76.0,72.7,11762
2022-06-03,75.8,70.98,77.0,68.8,7579
2022-06-06,71.72,70.4,72.0,70.0,3540
2022-06-07,69.7,68.8,70.94,67.0,3713
2022-06-08,68.28,69.46,70.98,68.0,10528
2022-06-09,70.0,73.44,82.0,66.0,30013
2022-06-10,75.0,75.9798,79.8,70.0,20310
2022-06-13,74.4,75.1,75.8,68.16,13723
2022-06-14,73.2,69.28,78.6,69.02,9919
2022-06-15,70.0,69.0,71.92,66.0,5888
2022-06-16,67.88,64.0,69.58,62.06,11308
2022-06-17,63.4,64.18,65.6,62.1,4007
2022-06-21,64.64,65.28,65.98,62.0,2908
2022-06-22,62.42,64.5,65.78,62.36,2179
2022-06-23,63.8,67.0,75.9598,61.0,23685
2022-06-24,66.2,66.0,73.78,65.52,18206
2022-06-27,65.4,66.28,66.8,62.16,7434
2022-06-28,66.16,64.8,68.0,63.6,7603
2022-06-29,64.6,63.06,65.9,60.24,7183
2022-06-30,63.02,60.0,64.98,57.0,9053
2022-07-01,58.26,57.0,60.0,56.0,11123
2022-07-05,56.18,56.0,57.0,52.44,6290
2022-07-06,54.54,57.4,59.44,54.06,14760
2022-07-07,56.18,62.4,63.16,56.18,13901
2022-07-08,61.68,60.6,62.9,58.22,4241
2022-07-11,60.0,58.7,63.1,58.0,4538
2022-07-12,58.02,56.32,59.98,54.24,2835
2022-07-13,55.24,54.04,56.8,52.12,3760
2022-07-14,54.8,55.0,57.58,52.28,4789
2022-07-15,53.34,59.18,60.36,53.34,20625
2022-07-18,59.4,58.6,62.36,57.4,10533
2022-07-19,58.78,59.78,59.78,56.84,4940
2022-07-20,59.6,59.86,61.0,57.3,4673
2022-07-21,59.4,60.24,61.0,57.6,5394
2022-07-22,58.44,58.2,61.6,57.82,11723
2022-07-25,59.0,56.0,60.0,54.0,3976
2022-07-26,56.64,53.0,58.0,50.26,6804
2022-07-27,76.0,57.48,81.58,55.44,167282
2022-07-28,55.84,57.86,58.22,52.04,39908
2022-07-29,56.4,59.22,65.76,54.4,44752
2022-08-01,61.6,59.3,64.0,56.02,25705
2022-08-02,59.0,59.12,62.2,56.32,34376
2022-08-03,74.0,65.04,76.0,62.06,67161
2022-08-04,70.0,78.0,79.8,61.6,90023
2022-08-05,72.08,74.0,75.94,65.0,24300
2022-08-08,71.2,64.92,72.0,64.0,17518
2022-08-09,64.0,57.26,66.0,54.04,14578
2022-08-10,58.6,56.88,62.0,55.1,11805
2022-08-11,58.68,57.48,62.92,54.0,24172
2022-08-12,57.96,54.12,57.96,52.62,21112
2022-08-15,54.0,53.8,54.8,50.6,33480
2022-08-16,48.6,46.0,49.68,42.0,36962
2022-08-17,46.02,44.8,46.02,43.4,9356
2022-08-18,45.0,45.2,45.4,42.0,10989
2022-08-19,43.84,41.54,44.98,41.32,11073
2022-08-22,42.98,44.76,45.9,40.72,32848
2022-08-23,45.06,45.8,48.0,43.0,24216
2022-08-24,45.84,44.6998,47.0,43.42,11657
2022-08-25,44.6,45.76,48.0,43.74,11362
2022-08-26,45.32,42.6,45.98,42.0,8387
2022-08-29,41.96,42.0,42.8,41.0,5489
2022-08-30,43.2,42.0,43.74,41.0,14299
2022-08-31,42.2,42.4,42.56,40.0,9878
2022-09-01,41.5,41.2,45.76,40.16,19143
2022-09-02,40.48,41.52,41.88,40.2,11148
2022-09-06,41.98,39.08,41.98,38.0,9084
2022-09-07,39.2,39.58,40.0,38.2,8769
2022-09-08,38.44,37.56,39.4,36.0,8935
2022-09-09,38.0,39.18,39.98,36.4,10063
2022-09-12,39.9,38.9,40.0,37.12,4024
2022-09-13,39.72,38.5,41.82,38.14,21396
2022-09-14,40.8,40.66,47.2,40.0,45934
2022-09-15,40.26,40.32,42.0,38.6,12464
2022-09-16,40.28,38.9,40.28,37.0,5455
2022-09-19,38.0,31.0,39.8,30.402,18660
2022-09-20,30.28,24.9,31.62,24.0,63653
2022-09-21,25.2,23.14,25.2,22.8,25676
2022-09-22,23.58,24.4,25.24,21.82,19460
2022-09-23,24.0,23.04,24.0,21.7598,13090
2022-09-26,22.76,18.0,22.9,16.0,75129
2022-09-27,18.2,19.42,19.46,16.6,29683
2022-09-28,19.14,18.44,19.94,17.62,21681
2022-09-29,17.88,18.24,19.8,17.42,22344
2022-09-30,20.4,19.0,20.4,17.7,17729
2022-10-03,19.4,20.52,21.4,17.76,36010
2022-10-04,20.1,18.0,20.6,17.289,61558
2022-10-05,18.1,18.2,19.3,16.3,69185
2022-10-06,17.5,16.8,18.9,16.8,30016
2022-10-07,16.7,16.572,17.199,15.7,32787
2022-10-10,16.0,14.9,16.404,14.401,27885
2022-10-11,14.7,15.2,16.8,14.101,25142
2022-10-12,14.7,16.2,17.899,14.5,95509
2022-10-13,16.0,15.5,16.792,14.8,25661
2022-10-14,15.5,14.05,16.4,14.0,21735
2022-10-17,13.9,13.8,14.4,13.0,17942
2022-10-18,14.1,14.264,15.2,14.0,14818
2022-10-19,14.05,13.885,14.3,13.6,7923
2022-10-20,14.0,13.866,14.2,12.9,20746
2022-10-21,13.0,12.601,13.446,12.4,48892
2022-10-24,12.6,9.985,12.6,8.691,49300
2022-10-25,9.505,11.378,11.4,9.405,27323
2022-10-26,11.0,10.9,11.7,10.5,12787
2022-10-27,11.0,10.5,11.3,10.5,7539
2022-10-28,10.4,10.6,10.733,10.2,11563
2022-10-31,10.3,10.5,10.595,10.2,7909
2022-11-01,10.5,10.4,11.0,10.4,5859
2022-11-02,11.329,10.679,11.329,10.5,5238
2022-11-03,10.8,10.4,11.527,10.0,11754
2022-11-04,10.5,10.4,11.8,9.5,34288
2022-11-07,10.271,9.8,11.0,9.5,24211
2022-11-08,9.506,9.4,9.79999,8.75,26209
2022-11-09,9.199,8.515,9.25,8.304,12821
2022-11-10,8.5,8.399,8.9,8.011,41890
2022-11-11,8.399,8.41,8.6,8.2,26840
2022-11-14,8.66,8.522,8.8,8.3,19490
2022-11-15,8.775,8.595,8.876,8.4,21544
2022-11-16,8.588,7.723,8.788,7.723,20834
2022-11-17,7.491,7.499,7.892,7.356,18048
2022-11-18,7.313,7.275,7.55,6.93,10959
2022-11-21,7.298,7.086,7.5,7.0,14271
2022-11-22,7.1,6.055,7.34851,5.873,34945
2022-11-23,6.0,6.1,6.2,5.91,9933
2022-11-25,6.1,6.2,6.284,6.051,7825
2022-11-28,6.33,6.4,6.896,6.0,23803
2022-11-29,6.4,6.067,6.5,6.01,11015
2022-11-30,5.97,6.379,6.379,5.8,70351
2022-12-01,6.55,6.2,6.575,5.85,29612
2022-12-02,6.014,5.948,6.2,5.505,37876
2022-12-05,5.79,5.394,5.967,5.354,47220
2022-12-06,5.4,5.087,5.449,5.0,29205
2022-12-07,5.1,5.0,5.45,4.852,49963
2022-12-08,4.932,4.57,5.299,4.224,49941
2022-12-09,4.49,4.42,4.797,4.323,57633
2022-12-12,4.624,4.974,5.899,4.301,208911
2022-12-13,5.14,4.87,5.388,4.556,124281
2022-12-14,4.9,5.166,5.45,4.82,135666
2022-12-15,5.1,4.75,5.25,4.196,97453
2022-12-16,4.699,4.042,4.7,3.732,76208
2022-12-19,4.18999,3.804,4.194,3.6,49361
2022-12-20,3.9,5.323,5.733,3.8,257175
2022-12-21,4.9,7.04,8.27,4.3,902162
2022-12-22,7.7,13.5,14.0,7.2,814257
2022-12-23,11.9,6.4,15.0,5.638,532950
2022-12-27,6.398,5.33,6.398,5.0251,119232
2022-12-28,5.28,4.597,5.28,4.5,71653
2022-12-29,4.621,4.4,4.92,4.3425,87723
2022-12-30,4.38,4.299,4.38,4.037,60372
2023-01-03,4.23,4.45,4.9,4.22,128688
2023-01-04,4.6,4.9,5.397,4.2,221799
2023-01-05,4.999,5.599,5.9,4.63,293300
2023-01-06,5.8,4.65,6.0,4.39,198473
2023-01-09,4.749,4.7,4.895,4.501,60960
2023-01-10,4.631,4.6,4.895,4.4,55020
2023-01-11,4.5,4.595,4.76,4.232,78997
2023-01-12,4.4,4.09,4.5,3.9,163633
2023-01-13,4.1,4.436,4.62,4.018,169485
2023-01-17,4.6,4.5,4.68999,4.31,47201
2023-01-18,4.58,4.284,4.7,4.011,116608
2023-01-19,4.18,4.13,4.2,3.9,70297
2023-01-20,4.1,4.17,4.479,4.0,109991
2023-01-23,4.39,4.6,4.995,4.2,118840
2023-01-24,4.6,4.41,4.699,4.4,42614
2023-01-25,4.41,4.37999,4.589,4.2,37226
2023-01-26,4.447,4.72,4.74,4.001,116220
2023-01-27,5.0,4.693,5.1,4.505,136377
2023-01-30,4.523,4.39,4.75,4.3,76177
2023-01-31,4.1,4.07,4.35,3.88,123973
2023-02-01,4.2,4.086,4.2,3.9,108147
2023-02-02,4.154,4.148,4.339,4.021,57488
2023-02-03,4.16,4.179,4.3,4.111,37331
2023-02-06,4.051,3.78,4.16,3.4,196488
2023-02-07,3.8,3.581,4.04,3.512,620576
2023-02-08,3.2,3.111,3.6,3.0755,349580
2023-02-09,3.1,2.9,3.253,2.85,269534
2023-02-10,2.84,2.64,2.888,2.5,254446
2023-02-13,2.65,2.6,2.7,2.5,159349
2023-02-14,2.6,2.54,2.6,2.452,163228
2023-02-15,2.48,2.63,2.648,2.47,106686
2023-02-16,2.551,2.499,2.66,2.409,176404
2023-02-17,2.378,2.25,2.439,2.102,414595
2023-02-21,2.224,2.26,2.3,2.08,228337
2023-02-22,2.2,2.195,2.288,2.102,132907
2023-02-23,2.131,2.135,2.216,2.0,142291
2023-02-24,2.173,1.88,2.173,1.812,236756
2023-02-27,1.852,1.83,1.9,1.74,120739
2023-02-28,1.781,1.8,1.889,1.732,91277
2023-03-01,1.883,2.13,2.248,1.762,764541
2023-03-02,2.237,1.852,2.25,1.752,505345
2023-03-03,1.8,1.83,1.964,1.766,382185
2023-03-06,1.84,1.835,1.849,1.765,277293
2023-03-07,1.84,1.7,1.92,1.551,696771
2023-03-08,1.62,1.575,1.739,1.535,338072
2023-03-09,1.565,1.495,1.6,1.4,483042
2023-03-10,1.48,1.52,1.58,1.408,167104
2023-03-13,1.49,1.407,1.5,1.39,147424
2023-03-14,1.469,1.313,1.469,1.24,382154
2023-03-15,1.283,1.3,1.368,1.249,153929
2023-03-16,1.31,1.258,1.347,1.25,172010
2023-03-17,1.315,1.22,1.339,1.211,454083
2023-03-20,1.231,1.122,1.242,1.1,174282
2023-03-21,1.207,1.151,1.225,1.04,484220
2023-03-22,1.17,1.124,1.197,1.051,206402
2023-03-23,1.08,1.0,1.107,0.989,397787
2023-03-24,1.08,0.971,1.17,0.96,459896
2023-03-27,1.01,0.88,1.02,0.823,384798
2023-03-28,0.85,0.981,0.981,0.783,404925
2023-03-29,0.951,1.319,1.389,0.881,1292635
2023-03-30,1.143,1.2,1.327,1.0,1131775
2023-03-31,1.075,0.967,1.14,0.92,589851
2023-04-03,0.95,0.95,0.985,0.849,294302
2023-04-04,0.968,0.892,0.975,0.88,188946
2023-04-05,0.926,0.948,0.95,0.83,555814
2023-04-06,0.9,0.9,0.95,0.846,1246070
2023-04-10,0.892,0.82,0.94,0.7,1915687
2023-04-11,0.71,0.695,0.8,0.65,3282519
2023-04-12,0.65,0.608,0.67,0.563,1167717
2023-04-13,0.59,0.648,0.648,0.48,1563974
2023-04-14,0.681,0.5989,0.681,0.58,1222475
2023-04-17,0.6147,0.589,0.6243,0.5511,1135793
2023-04-18,0.5941,0.5279,0.6055,0.5112,827530
2023-04-19,0.5171,0.5287,0.53,0.512,577552
2023-04-20,0.5119,0.48,0.53,0.4512,1101465
2023-04-21,0.444,0.428,0.45,0.401,671926
2023-04-24,0.422,0.3696,0.438,0.344,865737
2023-04-25,0.3515,0.36,0.365,0.34,545283
2023-04-26,0.35,0.3249,0.359,0.3013,800781
2023-04-27,0.324,0.3217,0.324,0.301,3550772
2023-04-28,0.3268,0.325,0.359,0.3021,5318567
2023-05-01,0.3216,0.345,0.443,0.312,11771954
2023-05-02,0.353,0.2944,0.3603,0.2822,3624503
2023-05-03,0.28,0.2918,0.2949,0.255,2221856
2023-05-04,0.2917,0.2999,0.3,0.27,1568487
