2021-12-01,0.311,0.34,0.365,0.311,1294700
2021-12-02,0.35,0.3401,0.35,0.34,576128
2021-12-03,0.3401,0.33,0.3401,0.31,2454795
2021-12-06,0.32,0.335,0.34,0.32,39618
2021-12-07,0.335,0.33,0.335,0.33,197998
2021-12-08,0.33,0.33,0.35,0.3002,1250308
2021-12-09,0.3201,0.33,0.33,0.3201,90000
2021-12-10,0.33,0.33,0.33,0.32,131330
2021-12-15,0.32,0.32,0.34,0.32,98172
2021-12-16,0.325,0.325,0.325,0.325,540
2021-12-17,0.32,0.3201,0.3201,0.32,300
2021-12-20,0.3201,0.325001,0.325001,0.3201,6900
2021-12-21,0.33,0.34,0.34,0.33,15598
2021-12-22,0.34,0.34,0.34,0.34,77080
2021-12-23,0.34,0.34,0.34,0.34,25000
2021-12-27,0.34,0.34,0.345,0.34,60800
2021-12-28,0.34,0.3375,0.34,0.3296,97400
2021-12-29,0.330101,0.34,0.34,0.3201,2122645
2021-12-30,0.32,0.32,0.32,0.32,697
2022-01-05,0.32,0.329899,0.329899,0.32,6200
2022-01-06,0.32,0.33,0.33,0.32,2001
2022-01-10,0.32,0.34,0.34,0.32,58949
2022-01-13,0.31,0.3,0.31,0.3,50400
2022-01-18,NaN,0.3,NaN,NaN,55
2022-01-19,NaN,0.3,NaN,NaN,60
2022-01-20,0.29,0.29,0.29,0.29,130
2022-01-21,NaN,0.29,NaN,NaN,25
2022-01-24,0.29,0.2503,0.29,0.25,1101
2022-01-25,0.275,0.25,0.275,0.25,52053
2022-01-26,0.24,0.27,0.27,0.24,6916
2022-02-01,0.26,0.26,0.26,0.25,46652
2022-02-02,0.260101,0.26,0.2602,0.26,3441
2022-02-03,0.27,0.2501,0.27,0.25,5002
2022-02-04,0.2506,0.2449,0.2506,0.2106,21354
2022-02-07,0.2306,0.2251,0.251,0.2206,156900
2022-02-08,0.23,0.24,0.24,0.2251,17710
2022-02-09,0.225,0.2251,0.24,0.225,33197
2022-02-10,0.2232,0.225,0.225,0.22,96195
2022-02-11,0.225,0.2214,0.225,0.2151,195801
2022-02-14,0.2151,0.2294,0.2294,0.2151,138559
2022-02-15,0.21755,0.22,0.22,0.2152,150600
2022-02-16,0.2151,0.2151,0.2151,0.2151,700
2022-02-24,0.2152,0.2152,0.2152,0.2152,25000
2022-03-03,0.2156,0.2122,0.2156,0.2122,9696
2022-03-07,0.2121,0.2121,0.2121,0.2121,900
2022-03-09,0.2052,0.2051,0.2052,0.2051,20344
2022-03-10,0.2031,0.20055,0.2031,0.20055,1900
2022-03-11,0.198,0.1951,0.198,0.1951,1555
2022-03-16,0.165,0.1827,0.19,0.15,2800
2022-03-17,0.1851,0.1807,0.1851,0.1807,2326
2022-03-21,0.1811,0.1811,0.1811,0.1811,842
2022-03-22,0.18,0.18,0.18,0.18,25462
2022-03-23,0.18,0.1825,0.1825,0.18,1012
2022-03-24,0.15,0.15,0.15,0.15,482
2022-03-28,0.17,0.1561,0.18,0.15,101286
2022-03-29,0.1554,0.1507,0.156,0.1507,15270
2022-03-30,0.151,0.1511,0.1511,0.151,1712
2022-03-31,0.16,0.16,0.1601,0.16,900
2022-04-01,0.189299,0.1576,0.189299,0.157,700
2022-04-04,0.16,0.16,0.16,0.16,103
2022-04-06,0.18,0.1601,0.18,0.1598,25151
2022-04-08,0.1894,0.17,0.19,0.17,14710
2022-04-12,0.18,0.18,0.18,0.18,303
2022-04-13,0.18,0.1949,0.1949,0.18,1819
2022-04-14,0.18,0.18,0.18,0.18,1531
2022-04-18,0.1938,0.1992,0.2178,0.1926,105686
2022-04-19,0.1949,0.2097,0.2171,0.1949,35300
2022-04-21,0.1975,0.2,0.2246,0.1975,54168
2022-04-22,0.17,0.1601,0.17,0.1601,200
2022-04-25,0.1601,0.19,0.19,0.1601,11753
2022-04-27,0.175,0.175,0.175,0.175,8278
2022-04-28,0.1848,0.1847,0.1848,0.1847,890
2022-04-29,0.16,0.16,0.16,0.16,1200
2022-05-02,0.16,0.15,0.16,0.14,13752
2022-05-03,0.121,0.15,0.15,0.1137,3163
2022-05-05,0.1,0.12,0.13,0.0627,5644
2022-05-10,0.1311,0.1311,0.1311,0.131,2000
2022-05-17,0.13,0.1301,0.1301,0.13,30499
2022-05-19,0.13,0.13,0.13,0.13,604
2022-05-23,0.1301,0.12,0.1301,0.12,2046
2022-05-24,0.1301,0.134699,0.134699,0.1301,7700
2022-05-27,0.1301,0.12,0.1301,0.12,72420
2022-06-03,0.11,0.11,0.11,0.11,1246
2022-06-07,0.12,0.12,0.12,0.12,1824
2022-06-09,0.12,0.12,0.1298,0.12,3528
2022-06-10,0.12,0.12,0.12,0.12,786
2022-06-13,0.125,0.1249,0.125,0.1249,12408
2022-06-27,0.12,0.121,0.1266,0.12,66356
2022-06-29,0.119,0.119,0.119,0.119,25700
2022-06-30,0.119,0.1205,0.1206,0.119,91550
2022-07-06,0.119899,0.12,0.12,0.119516,25674
2022-07-07,0.1006,0.19,0.2,0.1006,40637
2022-07-08,0.145,0.145,0.1453,0.1267,37300
2022-07-11,0.145,0.12,0.145,0.1107,333012
2022-07-13,0.1175,0.11,0.12,0.1007,103678
2022-07-15,0.1253,0.1007,0.1253,0.1007,56608
2022-07-21,0.1007,0.1007,0.1007,0.1007,50000
2022-07-22,0.11,0.11,0.11,0.11,16000
2022-07-25,0.11,0.11,0.1101,0.11,67102
2022-07-26,0.111249,0.11,0.111249,0.1007,52199
2022-07-27,0.112,0.11,0.112,0.1007,29894
2022-07-28,0.1006,0.11,0.11,0.1006,1740
2022-08-02,0.1,0.1,0.1,0.1,29900
2022-08-03,0.0881,0.0702,0.0881,0.0701,87000
2022-08-04,0.0801,0.0751,0.1147,0.0721,328075
2022-08-08,0.081,0.081,0.081,0.081,1680
2022-08-09,0.09,0.09,0.09,0.09,10117
2022-08-11,0.11,0.1,0.11,0.1,15000
2022-08-17,0.11,0.11,0.11,0.11,200
2022-08-18,0.1,0.1,0.1,0.1,224400
2022-08-19,0.09,0.09,0.09,0.09,175
2022-08-22,0.1089,0.1068,0.1089,0.1068,16812
2022-08-24,0.096201,0.096201,0.096201,0.096201,1500
2022-08-25,0.09,0.09,0.09,0.09,101
2022-08-31,0.1049,0.1049,0.1049,0.1049,131
2022-09-01,0.0856,0.0856,0.0856,0.0856,129
2022-09-02,0.0778,0.0775,0.0778,0.0775,4100
2022-09-07,0.075,0.0899,0.0899,0.075,2946
2022-09-08,0.1049,0.075,0.1049,0.075,2619
2022-09-12,0.0722,0.0722,0.0722,0.0722,3000
2022-09-16,0.0751,0.0751,0.0751,0.0751,2604
2022-09-19,0.1025,0.0722,0.1025,0.0722,31454
2022-09-20,0.0722,0.0722,0.0722,0.0722,6290
2022-09-21,0.0722,0.0723,0.083601,0.0722,25790
2022-09-22,0.0722,0.0722,0.0722,0.0722,5790
2022-09-26,0.0722,0.072217,0.0723,0.0722,35254
2022-09-27,0.08,0.08,0.08,0.08,433
2022-09-28,0.08,0.08,0.08,0.08,1110
2022-09-29,0.08,0.080001,0.080101,0.08,3786
2022-09-30,0.0893,0.0893,0.0893,0.0893,300
2022-10-03,0.0722,0.0722,0.083591,0.0722,500
2022-10-04,0.07,0.07,0.07,0.07,3940
2022-10-05,0.06,0.06,0.0606,0.06,11078
2022-10-06,0.0794,0.0751,0.0794,0.075,32925
2022-10-07,0.0794,0.0794,0.0794,0.0751,4801
2022-10-10,0.075,0.07228,0.075,0.07228,250
2022-10-11,0.07,0.07,0.07,0.07,1000
2022-10-12,0.0794,0.0794,0.0794,0.0794,1900
2022-10-14,0.0794,0.0701,0.0794,0.07,1940
2022-10-24,0.07,0.07,0.07,0.07,500
2022-10-25,0.0794,0.0794,0.0794,0.0794,500
2022-10-27,0.07,0.07,0.07,0.07,99401
2022-10-28,0.07,0.0652,0.07,0.0624,4000
2022-11-01,0.07,0.0664,0.07,0.0664,1300
2022-11-02,0.07,0.08,0.0819,0.0612,133383
2022-11-04,0.0747,0.0747,0.0747,0.0747,980
2022-11-10,0.05,0.05,0.05,0.05,4100
2022-11-11,0.084,0.118,0.2908,0.0616,53156
2022-11-14,0.0847,0.1391,0.1391,0.06,6924
2022-11-15,0.1044,0.074,0.1044,0.0662,38618
2022-11-22,0.0998,0.061,0.0998,0.0502,41870
2022-11-23,0.0749,0.0278,0.0749,0.0071,793
2022-11-25,0.1327,0.0357,0.1327,0.0357,1490
2022-11-28,0.086,0.0551,0.098,0.04,30721
2022-11-29,0.0502,0.05,0.0651,0.047,277098
2022-11-30,0.05,0.05,0.05,0.05,24600
2022-12-06,0.0531,0.1,0.1,0.0501,8588
2022-12-07,0.0978,0.1,0.1,0.0978,5100
2022-12-09,0.1,0.1001,0.1001,0.1,27354
2022-12-12,0.1207,0.1207,0.1207,0.1207,25415
2022-12-15,0.08,0.07,0.08,0.07,886
2022-12-16,0.06,0.0745,0.08,0.06,68100
2022-12-19,0.1,0.1275,0.1497,0.06,14264
2022-12-21,0.06,0.0913,0.0913,0.06,1232
2022-12-22,0.09,0.09,0.09,0.09,500
2022-12-27,0.08,0.06,0.08,0.06,25200
2022-12-30,0.0601,0.0699,0.0724,0.0597,19000
2023-01-04,0.0802,0.1,0.11,0.0802,4500
2023-01-05,0.07,0.07,0.07,0.07,1121
2023-01-09,0.075,0.075,0.075,0.075,906
2023-01-12,0.07,0.07,0.07,0.07,511
2023-01-19,0.075,0.0751,0.0751,0.075,2300
2023-01-20,0.0824,0.0941,0.101951,0.0824,27330
2023-01-23,0.07,0.094,0.094,0.07,8500
2023-01-25,0.094,0.094,0.094,0.094,3492
2023-01-26,0.11,0.11,0.11,0.109,12900
2023-01-27,0.094,0.094,0.094,0.094,100
2023-01-30,0.102,0.102,0.102,0.102,404
2023-02-01,0.11,0.1097,0.11,0.1097,20500
2023-02-06,0.11,0.11,0.11,0.11,9769
2023-02-07,0.11,0.149,0.15,0.098,2081658
2023-02-14,0.15,0.1545,0.1545,0.15,8906
2023-02-22,0.15,0.15,0.15,0.1346,21395
2023-02-23,0.1371,0.1371,0.1371,0.1371,402
2023-02-24,0.1423,0.1423,0.1423,0.1423,752
2023-03-06,0.1499,0.1499,0.1499,0.1499,1100
2023-03-07,0.13,0.1206,0.13,0.1206,2825
2023-03-13,0.069,0.14,0.14,0.069,1144
2023-03-14,0.09,0.135,0.15,0.07,6605
2023-03-15,0.1256,0.15,0.15,0.1256,504
2023-03-20,0.111,0.11,0.1241,0.08,44503
2023-03-21,0.12,0.12,0.12,0.1023,41828
2023-03-22,0.149,0.13,0.149,0.13,702
2023-03-24,0.0981,0.1186,0.1186,0.087,10800
2023-03-28,0.2499,0.0914,0.2499,0.0914,11878
2023-03-29,0.0914,0.1272,0.1272,0.0899,10643
2023-03-30,0.101,0.099407,0.12,0.093,15713
2023-03-31,0.092,0.095,0.095,0.0892,760300
2023-04-03,0.0351,0.09,0.1,0.0351,12150
2023-04-05,0.15,0.15,0.15,0.15,1344
2023-04-06,0.1,0.1,0.1,0.1,24189
2023-04-10,0.11,0.11,0.11,0.11,250000
2023-04-11,0.1019,0.1019,0.1019,0.1019,120
2023-04-12,0.11,0.0897,0.11,0.0859,8300
2023-04-13,0.05,0.0901,0.0901,0.05,2547
2023-04-14,0.11,0.131401,0.1488,0.0985,44500
2023-04-17,0.13,0.13,0.13,0.13,8850
2023-04-19,0.1001,0.1001,0.101,0.1001,8850
2023-04-20,0.1001,0.1,0.1001,0.1,32908
2023-04-21,0.1145,0.12,0.12,0.1145,3621
2023-04-24,0.1011,0.1011,0.1011,0.1011,15000
2023-04-25,0.1012,0.1013,0.1013,0.1012,1964
2023-04-26,0.116,0.116,0.116,0.116,1000
2023-04-28,0.1013,0.10564,0.10564,0.1013,526
2023-05-01,NaN,NaN,NaN,NaN,1
2023-05-02,0.1101,0.1053,0.1101,0.0878,20812
2023-05-05,0.071,0.0701,0.0734,0.0701,2308
2023-05-08,0.0803,0.0876,0.0876,0.0803,400
2023-05-09,NaN,NaN,NaN,NaN,6
2023-05-10,0.06,0.0852,0.15,0.06,30251
2023-05-11,0.08,0.125,0.13,0.0671,18400
2023-05-12,0.12,0.12,0.12,0.12,1601
2023-05-15,0.125,0.17,0.18,0.125,5299
2023-05-16,0.1377,0.15,0.15,0.0987,1210
2023-05-17,0.15,0.15,0.17,0.11,14201
2023-05-18,0.15,0.0914,0.16,0.0914,14298
2023-05-19,0.1046,0.0777,0.1796,0.0777,103223
