2019-11-20,24.83,24.85,25.08,24.83,239200
2019-11-21,24.9,24.87,25.87,24.82,10867630
2019-11-22,24.9,24.85,24.92,24.82,1577377
2019-11-25,24.88,24.85,24.9,24.83,1238444
2019-11-26,24.89,24.92,24.94,24.85,1503839
2019-11-27,24.96,24.96,24.98,24.92,686104
2019-11-29,24.98,24.96,24.98,24.9,188698
2019-12-02,24.95,24.77,24.97,24.77,709689
2019-12-03,24.8,24.9558,24.97,24.74,691430
2019-12-04,24.96,25.03,25.04,24.83,1119022
2019-12-05,25.04,24.98,25.07,24.95,415980
2019-12-06,24.98,25.05,25.07,24.95,469121
2019-12-09,25.05,25.05,25.11,25.03,343656
2019-12-10,25.06,24.99,25.1,24.9799,388617
2019-12-11,25.03,25.16,25.16,25.01,300021
2019-12-12,25.13,25.08,25.17,25.07,687483
2019-12-13,25.1,25.25,25.25,25.08,313829
2019-12-16,25.25,25.28,25.34,25.22,402324
2019-12-17,25.32,25.44,25.44,25.25,658975
2019-12-18,25.41,25.56,25.59,25.38,354323
2019-12-19,25.54,25.6,25.68,25.49,344784
2019-12-20,25.63,25.7,25.74,25.57,547090
2019-12-23,25.8,25.83,25.8604,25.74,1089649
2019-12-24,25.9,25.95,25.98,25.8601,155904
2019-12-26,25.95,25.9,25.95,25.87,253728
2019-12-27,25.95,26.01,26.04,25.8966,288282
2019-12-30,26.03,26.08,26.09,25.96,280035
2019-12-31,26.01,26.1,26.17,25.87,3508835
2020-01-02,25.95,26.19,26.19,25.9,206249
2020-01-03,26.05,26.06,26.19,26.01,198052
2020-01-06,26.06,26.01,26.14,25.97,184396
2020-01-07,26.0,25.965,26.048,25.93,417182
2020-01-08,25.99,25.91,25.99,25.9,244473
2020-01-09,25.96,26.05,26.05,25.93,206527
2020-01-10,26.07,26.05,26.07,25.9869,147014
2020-01-13,25.98,26.02,26.07,25.98,90238
2020-01-14,25.96,26.05,26.07,25.95,75482
2020-01-15,26.05,26.05,26.0627,25.97,83645
2020-01-16,26.06,26.07,26.08,25.95,181253
2020-01-17,26.0,26.13,26.13,25.93,152943
2020-01-21,26.11,26.16,26.18,26.0391,85908
2020-01-22,26.07,26.1876,26.2,26.07,57512
2020-01-23,26.17,26.2896,26.29,26.125,52714
2020-01-24,26.22,26.27,26.32,26.17,67184
2020-01-27,26.16,26.3284,26.3284,26.13,94567
2020-01-28,26.34,26.18,26.34,26.15,65588
2020-01-29,26.24,26.29,26.33,26.04,169314
2020-01-30,26.31,26.35,26.35,26.28,67222
2020-01-31,26.35,26.25,26.36,26.22,184751
2020-02-03,26.33,26.37,26.37,26.2,45726
2020-02-04,26.37,26.32,26.37,26.25,301766
2020-02-05,26.35,26.3,26.37,26.3,136121
2020-02-06,26.35,26.41,26.44,26.31,64806
2020-02-07,26.43,26.46,26.49,26.37,75422
2020-02-10,26.49,26.48,26.56,26.43,44103
2020-02-11,26.5,26.47,26.54,26.43,191031
2020-02-12,26.45,26.37,26.61,26.37,53793
2020-02-13,26.5,26.4717,26.57,26.33,32997
2020-02-14,26.47,26.55,26.56,26.42,30513
2020-02-18,26.63,26.54,26.634,26.49,47414
2020-02-19,26.59,26.21,26.59,26.21,144219
2020-02-20,26.25,26.24,26.31,26.11,75830
2020-02-21,26.17,26.2,26.269,26.11,27763
2020-02-24,25.98,25.91,26.1563,25.76,63686
2020-02-25,25.93,25.53,26.04,25.53,131284
2020-02-26,25.68,25.64,25.7743,25.3515,109901
2020-02-27,25.1,25.3935,25.615,25.1,138749
2020-02-28,25.27,25.0,25.35,25.0,253629
2020-03-02,25.21,25.52,25.52,25.05,165989
2020-03-03,25.52,25.056259,25.9,25.45,101139
2020-03-04,25.3,25.43,25.43,25.2,142661
2020-03-05,25.35,25.29,25.55,25.27,171340
2020-03-06,25.25,24.97,25.25,24.9391,280282
2020-03-09,24.5,23.86,24.75,23.4,151272
2020-03-10,24.7,24.11,24.7,23.95,174742
2020-03-11,23.43,23.43,24.0,23.21,127192
2020-03-12,22.27,18.2,22.27,18.09,350550
2020-03-13,19.14,22.0,22.0,19.14,205551
2020-03-16,17.15,15.1,18.42,14.63,491767
2020-03-17,15.65,17.15,18.24,15.01,220170
2020-03-18,16.65,10.0,16.6658,9.25,398606
2020-03-19,10.15,13.4,13.6891,9.48,309119
2020-03-20,13.9,15.09,16.91,13.9,174020
2020-03-23,14.59,15.25,15.75,13.5,142383
2020-03-24,15.75,15.2762,17.9,14.4,146963
2020-03-25,15.6,17.05,17.74,15.6,328683
2020-03-26,17.49,20.28,20.49,17.42,219325
2020-03-27,20.11,18.5,20.11,18.34,140953
2020-03-30,19.86,18.28,19.86,18.06,159534
2020-03-31,19.89,16.92,19.89,16.895,193452
2020-04-01,16.74,16.45,16.74,15.38,326948
2020-04-02,16.35,17.8,17.87,15.9,156244
2020-04-03,17.14,17.76,17.7999,16.12,126807
2020-04-06,18.1,17.36,18.37,17.1,213287
2020-04-07,17.93,17.96,18.5,17.54,379446
2020-04-08,18.22,20.54,20.9612,18.14,282008
2020-04-09,21.15,22.8,22.9,20.44,252654
2020-04-13,23.0,20.91,23.0,20.01,239132
2020-04-14,21.9,21.54,22.5,20.75,348275
2020-04-15,20.99,21.96,22.068,20.75,128415
2020-04-16,22.0,21.62,22.23,21.11,124930
2020-04-17,22.1,22.84,22.98,21.64,198304
2020-04-20,22.14,23.0,23.0,21.73,150303
2020-04-21,22.3,23.0,23.0,22.1776,127261
2020-04-22,23.05,22.97,23.3,22.62,95635
2020-04-23,23.03,22.73,23.15,22.57,84952
2020-04-24,22.85,22.85,22.99,22.65,46016
2020-04-27,22.86,22.74,22.87,22.49,98475
2020-04-28,22.88,22.875,23.26,22.655,103976
2020-04-29,23.13,23.18,23.28,22.95,70066
2020-04-30,23.18,24.12,24.12,23.175,217946
2020-05-01,23.84,23.71,24.0,23.41,103710
2020-05-04,23.71,23.82,23.92,23.34,61594
2020-05-05,23.85,23.502,23.98,23.502,89471
2020-05-06,23.77,23.0,23.77,22.95,915612
2020-05-07,23.35,23.05,23.42,23.05,76600
2020-05-08,23.13,23.2342,23.41,23.1,53588
2020-05-11,23.14,23.35,23.62,23.14,72391
2020-05-12,23.33,23.02,23.62,23.02,62944
2020-05-13,23.06,21.91,23.09,21.91,143038
2020-05-14,22.04,22.28,22.28,20.76,56286
2020-05-15,22.42,21.94,22.42,21.64,46586
2020-05-18,22.47,22.09,22.53,21.78,134732
2020-05-19,22.09,22.3,22.36,21.81,78374
2020-05-20,22.36,22.84,22.91,22.3,56904
2020-05-21,22.91,23.45,23.45,22.91,69016
2020-05-22,23.49,23.7,23.75,22.95,48098
2020-05-26,23.79,23.6,23.8,23.5112,87649
2020-05-27,23.65,23.75,23.7787,23.62,69896
2020-05-28,23.78,23.59,23.99,23.55,131437
2020-05-29,23.63,23.89,23.89,23.4,41658
2020-06-01,23.89,23.95,23.98,23.72,77279
2020-06-02,23.95,23.8,23.95,23.7788,119854
2020-06-03,23.93,23.731875,24.1,23.8818,106882
2020-06-04,23.75,23.33,23.8,23.31,133533
2020-06-05,23.55,23.5,23.6499,23.42,148606
2020-06-08,23.55,23.37,23.56,23.27,117819
2020-06-09,23.35,23.3,23.5,23.06,81672
2020-06-10,23.36,23.32,23.36,22.75,81596
2020-06-11,22.86,22.32,22.98,21.99,75327
2020-06-12,22.44,22.41,22.89,22.4,78888
2020-06-15,22.35,23.04,23.15,22.06,54607
2020-06-16,23.39,23.595,23.68,23.22,52988
2020-06-17,23.69,23.675,23.83,23.53,44821
2020-06-18,23.4,23.75,23.75,23.4,57469
2020-06-19,23.85,23.83,23.99,23.64,46535
2020-06-22,23.79,23.53,23.88,23.53,32451
2020-06-23,23.51,23.55,23.71,23.33,47523
2020-06-24,23.64,23.32,23.67,23.255,71324
2020-06-25,23.38,23.37,23.4,23.16,42305
2020-06-26,23.4,23.14,23.41,23.0,43103
2020-06-29,23.02,22.84,23.2189,22.76,54909
2020-06-30,22.95,22.92,22.95,22.39,427499
2020-07-01,23.0,23.39,23.39,23.0,36812
2020-07-02,23.54,23.6384,23.69,23.21,24064
2020-07-06,23.75,23.92,23.94,23.65,43366
2020-07-07,23.91,23.8,23.91,23.71,74455
2020-07-08,23.85,23.51,23.85,23.51,67836
2020-07-09,23.51,23.62,23.7,23.51,84453
2020-07-10,23.67,23.51,23.71,23.5,94730
2020-07-13,23.65,23.7,24.06,23.51,117991
2020-07-14,23.68,22.99,23.68,22.82,166714
2020-07-15,23.05,23.26,23.3179,22.99,45401
2020-07-16,23.28,23.59,23.98,23.235,79605
2020-07-17,23.76,23.85,23.92,23.6,216473
2020-07-20,23.79,24.0,24.09,23.75,60969
2020-07-21,24.01,23.84,24.21,23.82,143162
2020-07-22,23.98,23.94,24.105,23.61,95845
2020-07-23,23.99,24.14,24.19,23.85,103449
2020-07-24,24.19,24.29,24.34,24.14,87786
2020-07-27,24.33,24.54,24.63,24.23,97016
2020-07-28,24.5,24.74,24.81,24.5,102374
2020-07-29,24.6,24.56,24.79,24.45,142509
2020-07-30,24.54,24.62,24.86,24.41,118773
2020-07-31,24.69,24.59,24.83,24.46,110577
2020-08-03,24.61,24.52,24.785,24.5,75435
2020-08-04,24.44,24.39,24.63,24.26,111543
2020-08-05,24.53,24.3401,24.84,24.3401,116025
2020-08-06,24.43,24.8,24.92,24.43,231695
2020-08-07,24.86,25.02,25.04,24.81,210752
2020-08-10,25.08,25.05,25.29,24.95,122078
2020-08-11,25.05,24.92,25.1886,24.83,346457
2020-08-12,25.05,25.09,25.22,25.0,95798
2020-08-13,25.2,25.05,25.36,25.02,58081
2020-08-14,25.12,25.16,25.37,24.93,131823
2020-08-17,25.26,25.12,25.26,24.99,118182
2020-08-18,25.12,25.39,25.43,25.0885,73332
2020-08-19,25.49,25.44,25.6414,25.23,80930
2020-08-20,25.37,25.48,25.59,25.26,71853
2020-08-21,25.47,25.28,25.5,25.28,45802
2020-08-24,25.38,25.19,25.495,25.1,88965
2020-08-25,25.15,25.3,25.41,25.11,158460
2020-08-26,25.34,25.38,25.47,25.21,77272
2020-08-27,25.45,25.4,25.48,25.16,107161
2020-08-28,25.39,25.2,25.4,25.12,243701
2020-08-31,25.32,25.11,25.35,25.11,127924
2020-09-01,25.16,25.25,25.35,25.13,48515
2020-09-02,25.27,24.981875,25.45,25.26,64096
2020-09-03,25.01,24.95,25.22,24.77,139570
2020-09-04,25.1,25.09,25.17,24.91,92265
2020-09-08,25.0,24.95,25.1,24.8875,116083
2020-09-09,25.1,25.29,25.4,25.05,62546
2020-09-10,25.4,25.31,25.48,25.2101,79646
2020-09-11,25.42,25.3,25.42,25.26,58521
2020-09-14,25.36,25.39,25.4699,25.3,79992
2020-09-15,25.49,25.32,25.5,25.32,104580
2020-09-16,25.38,25.39,25.54,25.36,89188
2020-09-17,25.35,25.38,25.5,25.31,53291
2020-09-18,25.38,25.4,25.4,25.3,59208
2020-09-21,25.28,25.296,25.38,25.0401,102971
2020-09-22,25.29,25.18,25.3999,25.12,102474
2020-09-23,25.16,24.95,25.25,24.84,107717
2020-09-24,24.95,25.05,25.19,24.74,99504
2020-09-25,25.13,25.54,25.6,25.13,74324
2020-09-28,25.59,25.62,25.78,25.44,70693
2020-09-29,25.68,25.62,25.75,25.45,67271
2020-09-30,25.73,25.53,25.87,25.53,136112
2020-10-01,25.7,25.92,25.94,25.64,102976
2020-10-02,25.75,26.04,26.08,25.75,64580
2020-10-05,26.04,26.28,26.3,26.0198,61173
2020-10-06,26.16,26.08,26.19,26.03,110115
2020-10-07,26.06,25.86,26.17,25.86,61191
2020-10-08,25.95,26.11,26.11,25.91,69581
2020-10-09,26.03,26.15,26.15,25.87,58515
2020-10-12,26.11,26.02,26.16,25.97,40865
2020-10-13,26.05,26.24,26.27,25.92,55750
2020-10-14,26.15,26.35,26.43,26.1,49749
2020-10-15,26.2,26.16,26.25,25.95,56895
2020-10-16,26.07,25.48,26.09,25.33,191184
2020-10-19,25.57,25.45,25.6283,25.4,66583
2020-10-20,25.52,25.56,25.7315,25.5,62170
2020-10-21,25.6,25.15,25.64,25.15,61372
2020-10-22,25.18,25.49,25.49,25.171,52399
2020-10-23,25.49,25.82,25.82,25.369,59859
2020-10-26,25.83,25.77,25.83,25.65,35928
2020-10-27,25.77,25.75,25.87,25.65,49332
2020-10-28,25.55,25.39,25.7,25.39,71899
2020-10-29,25.49,25.6,25.76,25.4,55425
2020-10-30,25.63,25.29,25.76,25.13,134639
2020-11-02,25.37,25.48,25.62,25.26,51199
2020-11-03,25.51,25.66,25.7604,25.45,78586
2020-11-04,25.76,26.1,26.14,25.76,44026
2020-11-05,26.18,26.29,26.45,26.115,56223
2020-11-06,26.34,26.2,26.41,26.17,46110
2020-11-09,26.25,26.76,26.7798,26.25,98904
2020-11-10,26.7,26.59,26.7,26.515,83827
2020-11-11,26.67,26.665,26.69,26.42,64197
2020-11-12,26.71,26.6401,26.71,26.56,32444
2020-11-13,26.68,26.66,26.74,26.54,40913
2020-11-16,26.72,27.13,27.38,26.56,159473
2020-11-17,27.1,27.1,27.14,26.94,60657
2020-11-18,27.09,26.91,27.2,26.91,61919
2020-11-19,26.99,27.08,27.13,26.905,32594
2020-11-20,27.17,26.93,27.17,26.79,71475
2020-11-23,26.86,26.72,27.0,26.69,165086
2020-11-24,26.8,26.21,26.8279,26.15,66513
2020-11-25,26.09,26.15,26.39,26.09,53866
2020-11-27,26.23,26.22,26.31,26.1599,12807
2020-11-30,26.27,26.0,26.29,25.91,115557
2020-12-01,26.13,26.15,26.24,25.95,45334
2020-12-02,26.2,26.041875,26.44,26.16,62607
2020-12-03,26.12,26.19,26.27,26.06,43874
2020-12-04,26.19,26.31,26.34,26.11,42646
2020-12-07,26.33,26.2,26.33,26.15,45417
2020-12-08,26.18,26.38,26.47,26.18,44012
2020-12-09,26.38,26.44,26.44,26.24,40926
2020-12-10,26.4,26.25,26.5499,26.18,83075
2020-12-11,26.3,26.26,26.4,26.11,54336
2020-12-14,26.31,26.39,26.49,26.26,52689
2020-12-15,26.49,26.64,26.64,26.33,84311
2020-12-16,26.64,26.74,26.775,26.5104,74134
2020-12-17,26.76,26.6,26.816,26.57,52496
2020-12-18,26.68,26.4,26.68,26.36,105008
2020-12-21,26.26,26.2,26.3676,26.2,116838
2020-12-22,26.29,26.0,26.39,25.94,154744
2020-12-23,26.09,25.96,26.1,25.86,95534
2020-12-24,25.98,26.0,26.04,25.88,42051
2020-12-28,26.03,26.13,26.19,26.005,69071
2020-12-29,26.14,26.09,26.14,25.9788,119745
2020-12-30,26.09,26.23,26.235,26.09,40320
2020-12-31,26.23,26.64,26.64,26.18,110392
2021-01-04,26.69,26.27,26.69,26.22,50865
2021-01-05,26.22,26.5,26.5,26.22,99812
2021-01-06,26.5,26.4,26.54,26.0,108002
2021-01-07,26.31,26.38,26.39,26.03,98879
2021-01-08,26.33,26.43,26.43,26.13,52375
2021-01-11,26.3,26.04,26.3,26.01,71934
2021-01-12,25.99,25.88,26.0,25.7,105425
2021-01-13,25.94,26.19,26.27,25.936,54149
2021-01-14,26.33,26.39,26.395,26.09,57778
2021-01-15,26.38,26.2803,26.43,26.21,22932
2021-01-19,26.42,26.27,26.43,26.18,33638
2021-01-20,26.36,26.48,26.59,26.2704,38338
2021-01-21,26.33,26.26,26.38,26.21,76582
2021-01-22,26.26,26.27,26.38,26.23,33999
2021-01-25,26.37,26.19,26.46,26.16,63856
2021-01-26,26.19,26.27,26.35,26.19,24113
2021-01-27,26.16,25.98,26.3,25.96,53992
2021-01-28,26.07,26.08,26.1899,25.97,48199
2021-01-29,26.15,26.07,26.19,25.94,75340
2021-02-01,26.14,26.07,26.3,26.07,35270
2021-02-02,26.19,26.07,26.25,26.05,75066
2021-02-03,26.05,25.97,26.15,25.97,33140
2021-02-04,25.91,26.18,26.2373,25.91,56228
2021-02-05,26.17,26.06,26.27,26.06,25098
2021-02-08,26.24,26.27,26.28,26.12,33701
2021-02-09,26.28,26.36,26.48,26.21,35098
2021-02-10,26.38,26.27,26.5,26.19,31717
2021-02-11,26.26,26.11,26.33,26.03,72058
2021-02-12,26.15,26.1,26.2,25.86,42986
2021-02-16,26.05,26.0,26.1,25.85,46445
2021-02-17,26.09,25.93,26.09,25.88,27188
2021-02-18,25.94,25.94,25.9689,25.78,40378
2021-02-19,25.79,25.91,25.9612,25.75,25650
2021-02-22,25.98,25.82,25.98,25.67,76856
2021-02-23,25.82,25.7,25.82,25.64,46521
2021-02-24,25.63,25.5925,25.69,25.4675,100548
2021-02-25,25.62,25.425,25.62,25.31,107791
2021-02-26,25.52,25.51,25.52,25.31,93635
2021-03-01,25.68,25.62,25.75,25.4401,59834
2021-03-02,25.71,25.8,25.84,25.55,71387
2021-03-03,25.78,25.421875,25.92,25.57,68260
2021-03-04,25.54,25.38,25.58,25.31,78030
2021-03-05,25.47,25.57,25.58,25.3452,41829
2021-03-08,25.44,25.74,25.75,25.44,31955
2021-03-09,25.86,25.73,25.86,25.6208,51271
2021-03-10,25.66,25.88,25.93,25.62,33137
2021-03-11,25.94,26.17,26.22,25.865,78608
2021-03-12,26.17,26.11,26.17,25.9,30298
2021-03-15,26.17,26.261,26.29,26.0,32711
2021-03-16,26.3,26.37,26.4396,26.14,43676
2021-03-17,26.35,26.21,26.35,26.14,31671
2021-03-18,26.11,25.97,26.23,25.94,44175
2021-03-19,26.03,26.05,26.105,25.83,20277
2021-03-22,26.05,26.08,26.19,26.0027,47664
2021-03-23,26.13,26.1,26.183,25.99,34669
2021-03-24,26.15,26.23,26.3243,26.1,27926
2021-03-25,26.31,26.17,26.31,26.11,19288
2021-03-26,26.3,26.2,26.33,26.08,28064
2021-03-29,26.28,26.05,26.3,26.02,38941
2021-03-30,25.98,26.31,26.31,25.98,65833
2021-03-31,26.33,26.28,26.44,26.23,62077
2021-04-01,26.45,26.44,26.54,26.31,51112
2021-04-05,26.45,26.56,26.6,26.42,41708
2021-04-06,26.57,26.54,26.8,26.449,63298
2021-04-07,26.54,26.47,26.55,26.43,45214
2021-04-08,26.5,26.48,26.53,26.4,38028
2021-04-09,26.53,26.67,26.67,26.48,24157
2021-04-12,26.64,26.62,26.67,26.56,17306
2021-04-13,26.63,26.58,26.77,26.53,34037
2021-04-14,26.65,26.74,26.84,26.65,62712
2021-04-15,26.82,26.73,26.84,26.63,26470
2021-04-16,26.72,26.7,26.72,26.55,41850
2021-04-19,26.62,26.4,26.62,26.38,43252
2021-04-20,26.49,26.3562,26.5,26.24,42829
2021-04-21,26.34,26.45,26.49,26.3274,32158
2021-04-22,26.49,26.3946,26.5399,26.36,32941
2021-04-23,26.42,26.43,26.5,26.41,36538
2021-04-26,26.54,26.5,26.5573,26.4401,22554
2021-04-27,26.56,26.4,26.63,26.4,28145
2021-04-28,26.49,26.33,26.49,26.3,33373
2021-04-29,26.41,26.28,26.4528,26.2241,13388
2021-04-30,26.28,26.08,26.3551,26.08,117971
2021-05-03,26.13,26.3,26.32,26.13,27978
2021-05-04,26.3,26.37,26.38,26.22,26491
2021-05-05,26.38,26.23,26.45,26.23,37130
2021-05-06,26.35,26.34,26.4,26.23,16939
2021-05-07,26.37,26.5,26.5,26.36,20930
2021-05-10,26.5,26.4925,26.53,26.37,27453
2021-05-11,26.37,26.225,26.42,26.15,58848
2021-05-12,26.09,26.08,26.19,25.98,87923
2021-05-13,26.22,26.29,26.34,26.15,32323
2021-05-14,26.31,26.43,26.451,26.3001,15769
2021-05-17,26.45,26.38,26.46,26.2126,19687
2021-05-18,26.43,26.48,26.52,26.21,25159
2021-05-19,26.39,26.3,26.42,26.21,17547
2021-05-20,26.46,26.58,26.6,26.405,23494
2021-05-21,26.64,26.6,26.74,26.5101,31541
2021-05-24,26.65,26.72,26.7274,26.61,19527
2021-05-25,26.75,26.74,26.75,26.5631,24161
2021-05-26,26.64,26.47,26.7153,26.41,32635
2021-05-27,26.41,26.42,26.6089,26.29,32317
2021-05-28,26.41,26.61,26.6302,26.395,26482
2021-06-01,26.6,26.74,26.74,26.5195,29603
2021-06-02,26.74,26.571875,26.9,26.69,25761
2021-06-03,26.55,26.65,26.71,26.382,45716
2021-06-04,26.62,26.71,26.7645,26.54,12597
2021-06-07,26.61,26.77,26.77,26.61,13375
2021-06-08,26.82,26.79,26.82,26.74,21980
2021-06-09,26.7,26.72,26.98,26.66,73836
2021-06-10,26.74,26.8,26.84,26.67,18969
2021-06-11,26.71,26.78,26.84,26.71,18760
2021-06-14,26.83,26.93,26.93,26.78,49311
2021-06-15,26.95,26.88,26.95,26.7891,35869
2021-06-16,26.95,26.82,26.95,26.761,36757
2021-06-17,26.9,26.79,26.915,26.77,32780
2021-06-18,26.76,26.66,26.8399,26.64,64505
2021-06-21,26.71,26.81,26.82,26.69,29729
2021-06-22,26.81,26.69,26.81,26.56,49013
2021-06-23,26.74,26.81,26.81,26.67,31723
2021-06-24,26.81,26.75,26.81,26.75,16225
2021-06-25,26.8,26.63,26.8,26.6,18158
2021-06-28,26.65,26.81,26.81,26.65,38465
2021-06-29,26.81,26.81,26.849,26.7,38835
2021-06-30,26.81,26.85,26.9,26.77,143488
2021-07-01,26.85,26.77,26.9,26.7332,44291
2021-07-02,26.81,26.76,26.89,26.74,32819
2021-07-06,26.85,26.84,26.91,26.74,45765
2021-07-07,26.9,26.99,26.99,26.8,24706
2021-07-08,26.93,26.79,26.9784,26.71,42223
2021-07-09,26.98,26.92,27.07,26.79,25599
2021-07-12,27.03,26.92,27.0386,26.89,31334
2021-07-13,27.0,26.68,27.0199,26.62,109439
2021-07-14,26.76,26.69,26.8415,26.62,34321
2021-07-15,26.69,26.6615,26.725,26.62,18692
2021-07-16,26.69,26.61,26.7799,26.58,23477
2021-07-19,26.61,26.51,26.64,26.4,27206
2021-07-20,26.6,26.49,26.69,26.45,46340
2021-07-21,26.53,26.45,26.53,26.37,23684
2021-07-22,26.49,26.43,26.49,26.3203,16339
2021-07-23,26.45,26.51,26.51,26.36,16958
2021-07-26,26.51,26.46,26.51,26.38,22204
2021-07-27,26.46,26.39,26.46,26.26,14528
2021-07-28,26.4,26.45,26.45,26.3,52362
2021-07-29,26.47,26.5,26.54,26.352,46900
2021-07-30,26.5,26.55,26.55,26.4112,33253
2021-08-02,26.55,26.55,26.59,26.5,42296
2021-08-03,26.54,26.69,26.72,26.53,58583
2021-08-04,26.66,26.82,26.82,26.6,52193
2021-08-05,26.82,26.9,26.91,26.805,35054
2021-08-06,26.93,26.95,26.95,26.73,24920
2021-08-09,26.97,26.88,27.0,26.72,73026
2021-08-10,26.87,26.63,26.87,26.43,75076
2021-08-11,26.64,26.64,26.82,26.58,24899
2021-08-12,26.68,26.53,26.78,26.52,46392
2021-08-13,26.62,26.76,26.77,26.57,21195
2021-08-16,26.76,26.68,26.8,26.52,33111
2021-08-17,26.73,26.75,26.8,26.64,20318
2021-08-18,26.68,26.66,26.7399,26.5272,17735
2021-08-19,26.66,26.72,26.75,26.6,18835
2021-08-20,26.75,26.88,26.88,26.7346,26038
2021-08-23,26.93,26.95,26.9526,26.8,15385
2021-08-24,26.95,26.96,26.9747,26.86,25027
2021-08-25,26.95,26.95,26.9729,26.89,22773
2021-08-26,26.95,26.7657,26.95,26.735,58877
2021-08-27,26.83,26.83,26.83,26.71,34169
2021-08-30,26.86,26.88,26.9,26.7801,19000
2021-08-31,26.8,26.98,27.0,26.8,271048
2021-09-01,27.0,26.771875,27.12,26.9817,53010
2021-09-02,26.86,26.77,26.88,26.71,50001
2021-09-03,26.73,26.77,26.7821,26.65,23773
2021-09-07,26.76,26.69,26.79,26.5721,64531
2021-09-08,26.75,26.77,26.77,26.6401,30269
2021-09-09,26.75,26.78,26.83,26.7,43547
2021-09-10,26.8,26.8,26.8,26.72,13426
2021-09-13,26.87,26.845,26.89,26.73,19981
2021-09-14,26.9,26.7,26.94,26.7,26396
2021-09-15,26.8,26.83,26.9,26.715,23242
2021-09-16,26.89,27.04,27.05,26.75,19149
2021-09-17,27.02,27.015,27.11,26.96,21575
2021-09-20,26.88,26.89,27.011,26.77,31969
2021-09-21,26.93,26.85,26.93,26.67,396525
2021-09-22,26.88,27.06,27.14,26.88,40052
2021-09-23,27.17,27.02,27.2,26.84,19573
2021-09-24,26.94,26.89,26.9659,26.82,43878
2021-09-27,26.84,26.95,26.97,26.75,134946
2021-09-28,26.86,26.775,26.9081,26.5301,69641
2021-09-29,26.84,27.1,27.14,26.72,51145
2021-09-30,27.12,27.03,27.19,26.87,67360
2021-10-01,27.09,27.0,27.09,26.9659,11367
2021-10-04,27.1,26.77,27.1,26.6934,32589
2021-10-05,26.88,26.62,26.88,26.57,43880
2021-10-06,26.61,26.65,26.66,26.46,22590
2021-10-07,26.6,26.52,26.72,26.5,35256
2021-10-08,26.62,26.58,26.6498,26.48,19908
2021-10-11,26.63,26.705,26.74,26.55,14404
2021-10-12,26.66,26.9,26.91,26.66,11521
2021-10-13,26.9,27.05,27.15,26.9,37690
2021-10-14,27.07,27.23,27.26,27.01,161014
2021-10-15,27.18,27.08,27.2,26.95,16811
2021-10-18,27.02,26.85,27.02,26.77,33123
2021-10-19,26.85,26.75,26.87,26.66,40816
2021-10-20,26.75,26.66,26.84,26.66,64976
2021-10-21,26.72,26.7,26.755,26.6072,15501
2021-10-22,26.65,26.62,26.75,26.6,28296
2021-10-25,26.68,26.67,26.68,26.61,29229
2021-10-26,26.71,26.58,26.73,26.54,114649
2021-10-27,26.61,26.47,26.61,25.92,157202
2021-10-28,26.48,26.45,26.62,26.42,78269
2021-10-29,26.49,26.58,26.6,26.44,124584
2021-11-01,26.49,26.65,26.68,26.49,52943
2021-11-02,26.65,26.7,26.73,26.639,35040
2021-11-03,26.71,26.69,26.72,26.68,25127
2021-11-04,26.72,26.8,26.85,26.65,26983
2021-11-05,26.83,26.9,26.9,26.76,35805
2021-11-08,26.91,26.87,26.93,26.83,37922
2021-11-09,26.81,26.82,26.87,26.76,23563
2021-11-10,26.82,26.65,26.82,26.48,27895
2021-11-11,26.7,26.53,26.7,26.4504,18701
2021-11-12,26.59,26.39,26.59,26.36,21383
2021-11-15,26.39,26.26,26.47,26.22,29937
2021-11-16,26.21,26.21,26.4,26.18,24708
2021-11-17,26.2,26.32,26.34,26.16,14679
2021-11-18,26.34,26.27,26.43,26.22,56937
2021-11-19,26.29,26.21,26.29,26.16,19193
2021-11-22,26.2,26.1,26.27,26.03,23762
2021-11-23,26.05,25.99,26.1,25.94,26573
2021-11-24,26.05,26.11,26.19,25.94,23666
2021-11-26,25.96,25.87,25.98,25.81,15590
2021-11-29,26.0,25.92,26.17,25.9,52469
2021-11-30,25.96,26.06,26.06,25.76,89372
2021-12-01,26.21,26.051875,26.39,26.21,58672
2021-12-02,26.07,26.37,26.46,26.01,81925
2021-12-03,26.37,26.42,26.456,26.34,57391
2021-12-06,26.49,26.59,26.63,26.35,18129
2021-12-07,26.65,26.59,26.81,26.45,39304
2021-12-08,26.59,26.5,26.59,26.35,30552
2021-12-09,26.43,26.43,26.6,26.43,18595
2021-12-10,26.53,26.45,26.55,26.42,17855
2021-12-13,26.48,26.53,26.53,26.4,35355
2021-12-14,26.45,26.43,26.53,26.42,28078
2021-12-15,26.51,26.4212,26.54,26.42,35270
2021-12-16,26.45,26.63,26.63,26.42,46073
2021-12-17,26.59,26.41,26.7,26.41,42877
2021-12-20,26.37,26.31,26.52,26.31,23497
2021-12-21,26.43,26.4,26.52,26.36,17516
2021-12-22,26.47,26.535,26.54,26.42,14088
2021-12-23,26.6,26.555,26.6,26.51,8545
2021-12-27,26.56,26.43,26.68,26.43,10278
2021-12-28,26.5,26.44,26.5,26.37,11664
2021-12-29,26.37,26.49,26.5,26.37,12264
2021-12-30,26.45,26.49,26.65,26.45,18520
2021-12-31,26.51,26.5,26.6438,26.43,55366
2022-01-03,26.51,26.36,26.55,26.36,21479
2022-01-04,26.27,26.05,26.28,26.0,30520
2022-01-05,26.11,25.85,26.1654,25.81,48424
2022-01-06,25.84,26.17,26.18,25.84,29809
2022-01-07,26.01,26.09,26.12,26.01,22245
2022-01-10,25.99,26.12,26.159,25.99,47701
2022-01-11,26.16,26.16,26.3499,26.11,31964
2022-01-12,26.21,26.29,26.32,26.16,17522
2022-01-13,26.2,26.2903,26.41,26.2,24018
2022-01-14,26.27,26.17,26.31,26.15,19390
2022-01-18,26.08,26.09,26.2181,25.97,57233
2022-01-19,26.11,26.12,26.23,26.06,37527
2022-01-20,26.25,26.16,26.2734,26.1,28359
2022-01-21,26.03,26.13,26.25,26.03,40968
2022-01-24,26.07,26.12,26.16,25.8801,63566
2022-01-25,26.055,26.1,26.13,26.05,15774
2022-01-26,26.1,25.78,26.1651,25.6,33038
2022-01-27,25.93,25.25,25.93,25.25,66726
2022-01-28,25.39,25.45,25.62,25.1,52243
2022-01-31,25.5,25.63,25.78,25.34,69299
2022-02-01,25.6,25.84,25.9,25.6,54086
2022-02-02,25.87,25.51,25.88,25.5,44483
2022-02-03,25.4,25.2,25.4457,25.155,77451
2022-02-04,25.15,24.74,25.2782,24.74,110523
2022-02-07,24.89,24.84,24.99,24.725,80828
2022-02-08,24.84,24.6,24.96,24.52,143578
2022-02-09,24.73,24.51,24.9282,24.5,109961
2022-02-10,24.43,23.89,24.5299,23.82,128237
2022-02-11,23.95,23.46,24.1,23.39,95962
2022-02-14,23.39,23.21,23.52,23.1,92538
2022-02-15,23.26,23.45,23.75,23.23,94978
2022-02-16,23.39,23.69,23.76,23.25,141099
2022-02-17,23.66,24.2,24.32,23.65,172845
2022-02-18,24.24,24.38,24.5,24.2,93254
2022-02-22,24.25,24.17,24.41,23.9647,177296
2022-02-23,24.18,24.18,24.322,24.01,64242
2022-02-24,23.9,23.97,24.1487,23.895,83093
2022-02-25,24.1,24.1,24.59,23.8249,180396
2022-02-28,24.15,24.09,24.35,24.02,116011
2022-03-01,24.1,24.23,24.46,24.1,105929
2022-03-02,24.23,23.921875,24.4,24.15,67341
2022-03-03,24.05,24.1,24.14,23.86,67075
2022-03-04,23.96,23.95,24.098,23.853,59311
2022-03-07,23.89,23.7319,23.89,23.69,92946
2022-03-08,23.73,23.65,23.93,23.53,63612
2022-03-09,23.72,23.84,23.93,23.63,40006
2022-03-10,23.72,23.68,23.831,23.5915,32820
2022-03-11,23.61,23.51,23.74,23.5,54550
2022-03-14,23.46,22.82,23.46,22.67,55971
2022-03-15,22.99,22.78,23.1,22.69,69762
2022-03-16,22.91,23.17,23.17,22.79,72320
2022-03-17,23.2,23.65,23.71,23.2,48917
2022-03-18,23.61,23.8,23.97,23.61,44206
2022-03-21,23.75,23.77,23.97,23.69,49531
2022-03-22,23.66,23.57,23.77,23.55,72088
2022-03-23,23.69,23.5,23.74,23.47,73728
2022-03-24,23.56,23.45,23.58,23.4,41455
2022-03-25,23.5,22.9,23.5,22.75,91104
2022-03-28,22.98,22.97,23.17,22.8515,71295
2022-03-29,23.07,23.24,23.3275,23.0111,68946
2022-03-30,23.3,23.38,23.45,23.25,111019
2022-03-31,23.46,23.59,23.59,23.45,60848
2022-04-01,23.46,23.41,23.4972,23.1684,29090
2022-04-04,23.41,23.51,23.52,23.2766,67476
2022-04-05,23.45,23.2,23.52,23.109,68286
2022-04-06,23.0,22.7,23.1,22.6266,69274
2022-04-07,22.62,22.61,22.87,22.54,91970
2022-04-08,22.53,22.3,22.73,22.3,35013
2022-04-11,22.27,21.86,22.4955,21.86,80711
2022-04-12,22.18,21.96,22.5498,21.79,89068
2022-04-13,21.93,22.09,22.13,21.91,258507
2022-04-14,22.01,22.06,22.08,21.85,80842
2022-04-18,22.0,22.03,22.12,21.96,86095
2022-04-19,21.93,22.05,22.07,21.88,81841
2022-04-20,22.12,22.49,22.49,21.97,69727
2022-04-21,22.5,21.9,22.51,21.86,56818
2022-04-22,21.88,21.96,22.02,21.6,166064
2022-04-25,21.96,22.07,22.11,21.75,120698
2022-04-26,22.05,21.75,22.17,21.75,54446
2022-04-27,21.87,21.37,22.01,21.11,89328
2022-04-28,21.41,21.84,21.86,21.0,74979
2022-04-29,21.42,21.76,21.97,21.37,134562
2022-05-02,21.67,21.08,21.67,20.91,97030
2022-05-03,21.02,20.88,21.35,20.74,73564
2022-05-04,20.79,21.48,21.57,20.58,124097
2022-05-05,20.86,20.81,21.3379,20.7102,75404
2022-05-06,20.75,20.74,21.0777,20.55,109556
2022-05-09,20.6,20.1421,20.69,20.14,49793
2022-05-10,20.63,20.44,20.8247,20.16,72346
2022-05-11,20.31,20.67,20.89,20.2125,88682
2022-05-12,20.69,21.19,21.19,20.46,65457
2022-05-13,21.04,21.25,21.37,21.01,62138
2022-05-16,21.15,21.43,21.59,21.04,55913
2022-05-17,21.59,21.4,21.81,21.4,73528
2022-05-18,21.38,21.34,21.62,21.15,63842
2022-05-19,21.34,21.58,21.67,21.135,83393
2022-05-20,21.58,21.56,21.87,21.39,78556
2022-05-23,21.49,21.55,21.89,21.47,96855
2022-05-24,21.64,21.72,21.7499,21.37,80676
2022-05-25,21.78,22.21,22.24,21.78,33651
2022-05-26,22.24,22.43,22.72,22.24,40373
2022-05-27,22.55,23.12,23.25,22.55,40155
2022-05-31,23.1,22.61,23.1,22.46,133954
2022-06-01,22.75,22.521875,23.0,22.64,21531
2022-06-02,22.52,22.55,22.55,22.12,74752
2022-06-03,22.32,22.39,22.5192,22.14,26486
2022-06-06,22.34,22.1951,22.44,22.17,29370
2022-06-07,22.09,22.32,22.3742,22.09,51780
2022-06-08,22.32,22.1,22.49,22.1,26635
2022-06-09,22.1,21.72,22.3176,21.72,28383
2022-06-10,21.57,20.85,21.57,20.85,85346
2022-06-13,20.61,20.09,20.7,19.96,94299
2022-06-14,20.09,20.05,20.25,19.8,84288
2022-06-15,20.39,20.64,20.69,20.06,98262
2022-06-16,20.4,20.29,20.48,20.09,44429
2022-06-17,20.39,20.34,20.42,20.2,38155
2022-06-21,20.44,20.68,20.7,20.37,26870
2022-06-22,20.61,20.9,21.01,20.61,37815
2022-06-23,20.9,20.935,21.2,20.6632,37071
2022-06-24,21.16,20.83,21.16,20.62,43438
2022-06-27,20.93,20.92,21.04,20.8,24680
2022-06-28,20.92,20.96,21.13,20.74,45746
2022-06-29,21.05,21.13,21.13,20.8,36458
2022-06-30,21.14,21.1,21.17,20.8398,31264
2022-07-01,21.21,21.57,21.57,21.21,18927
2022-07-05,21.62,22.02,22.02,21.49,63641
2022-07-06,22.02,21.7889,22.06,21.7,55091
2022-07-07,21.99,22.34,22.37,21.7501,44169
2022-07-08,22.36,22.6,22.6,22.01,33890
2022-07-11,22.61,22.78,22.85,22.3256,34921
2022-07-12,22.89,22.49,22.89,22.49,34951
2022-07-13,22.29,22.62,22.65,22.15,32804
2022-07-14,22.51,22.55,22.56,22.23,20050
2022-07-15,22.65,22.97,23.0,22.35,171068
2022-07-18,23.07,22.85,23.07,22.64,59213
2022-07-19,22.96,22.95,23.18,22.86,64962
2022-07-20,22.95,22.96,23.01,22.88,40183
2022-07-21,23.02,22.89,23.02,22.8601,38693
2022-07-22,23.02,22.93,23.09,22.86,64746
2022-07-25,22.97,22.98,23.0025,22.85,23809
2022-07-26,22.98,22.99,23.0487,22.92,29353
2022-07-27,23.03,22.92,23.1,22.92,53614
2022-07-28,23.04,23.19,23.2,22.7917,58149
2022-07-29,23.19,23.78,23.97,23.19,71968
2022-08-01,23.72,23.9,24.04,23.4986,45740
2022-08-02,23.9,24.19,24.25,23.4769,106704
2022-08-03,24.19,24.0,24.19,23.97,95699
2022-08-04,23.93,23.77,24.0712,23.63,80544
2022-08-05,23.55,23.5706,23.8,23.285,23046
2022-08-08,23.56,23.55,23.75,23.4,52886
2022-08-09,23.61,23.16,23.61,23.13,30642
2022-08-10,23.44,23.4,23.5864,23.27,34714
2022-08-11,23.54,23.38,23.54,23.19,46781
2022-08-12,23.38,23.34,23.38,23.1306,30611
2022-08-15,23.38,23.23,23.48,23.22,52785
2022-08-16,23.28,23.19,23.4,23.0,40183
2022-08-17,23.14,22.7799,23.14,22.69,47284
2022-08-18,22.91,22.79,22.91,22.61,34543
2022-08-19,22.64,22.54,22.64,22.4,25457
2022-08-22,22.47,22.32,22.47,22.25,40365
2022-08-23,22.25,21.69,22.355,20.97,123370
2022-08-24,21.69,21.81,22.04,21.48,142012
2022-08-25,21.8,22.07,22.19,21.8,54488
2022-08-26,22.23,21.77,22.23,21.76,36059
2022-08-29,21.62,21.61,21.7,21.55,57705
2022-08-30,21.72,21.5,21.74,21.5,103771
2022-08-31,21.61,20.841875,21.68,21.17,105451
2022-09-01,20.8,20.64,20.9,20.13,74463
2022-09-02,20.78,20.61,20.78,20.49,54283
2022-09-06,20.5,20.36,20.62,20.27,121447
2022-09-07,20.32,20.55,20.66,20.32,74124
2022-09-08,20.48,20.37,20.68,20.25,96405
2022-09-09,20.42,20.68,20.79,20.42,85561
2022-09-12,20.78,20.96,21.1,20.78,35147
2022-09-13,20.68,20.86,20.89,20.5669,47526
2022-09-14,20.92,20.8,20.9673,20.71,37881
2022-09-15,20.88,20.68,20.93,20.63,49352
2022-09-16,20.5,20.74,20.74,20.4226,24970
2022-09-19,20.56,20.53,20.65,20.46,51669
2022-09-20,20.45,20.62,20.7,20.34,73542
2022-09-21,20.76,20.8478,20.96,20.6807,36637
2022-09-22,20.78,20.57,20.78,20.42,52146
2022-09-23,20.54,20.2,20.54,20.19,53873
2022-09-26,20.21,20.09,20.32,19.9,45200
2022-09-27,20.13,20.35,20.39,19.96,67334
2022-09-28,20.34,20.6,20.88,20.3241,86543
2022-09-29,20.6,20.56,20.6,20.1909,66852
2022-09-30,20.5,20.83,20.9,20.46,208728
2022-10-03,20.8,20.95,21.1875,20.73,53963
2022-10-04,21.17,20.95,21.46,20.93,71096
2022-10-05,20.8,20.65,20.95,20.65,31034
2022-10-06,20.75,20.45,20.83,20.45,24101
2022-10-07,20.35,20.4192,20.4499,20.22,38710
2022-10-10,20.47,20.12,20.47,20.05,48462
2022-10-11,20.13,20.14,20.155,19.9723,31306
2022-10-12,20.02,19.76,20.07,19.76,52456
2022-10-13,19.49,19.8,19.9,19.3,74238
2022-10-14,19.8,19.79,19.95,19.51,43581
2022-10-17,19.84,19.78,20.11,19.67,53046
2022-10-18,19.85,19.51,20.09,19.47,77225
2022-10-19,19.42,19.44,19.664,19.16,71644
2022-10-20,19.44,18.87,19.44,18.7,133802
2022-10-21,18.87,18.68,19.04,18.63,110222
2022-10-24,18.78,18.53,18.85,18.45,79303
2022-10-25,18.68,18.7,18.89,18.57,109524
2022-10-26,18.7,18.48,19.07,18.38,234386
2022-10-27,18.6,18.63,18.77,18.48,127762
2022-10-28,18.67,18.81,18.85,18.62,68362
2022-10-31,18.79,18.62,18.88,18.62,106664
2022-11-01,18.82,18.5,18.82,18.43,75313
2022-11-02,18.54,18.56,18.89,18.31,70219
2022-11-03,18.48,18.42,18.54,18.12,66709
2022-11-04,18.56,18.46,18.61,18.3,71594
2022-11-07,18.55,18.56,18.59,18.38,57652
2022-11-08,18.63,18.97,18.97,18.59,59799
2022-11-09,18.97,18.91,19.07,18.62,80760
2022-11-10,19.42,19.94,19.94,19.2687,108128
2022-11-11,19.94,19.95,20.1946,19.91,73300
2022-11-14,20.02,19.43,20.0241,19.27,78483
2022-11-15,19.62,19.82,19.8551,19.6,109144
2022-11-16,19.84,19.78,19.94,19.77,64596
2022-11-17,19.78,19.6745,19.79,19.54,65736
2022-11-18,19.77,19.74,19.8586,19.51,62620
2022-11-21,19.84,19.89,19.95,19.7798,91305
2022-11-22,19.92,19.95,20.2199,19.877,136749
2022-11-23,20.03,20.2228,20.32,19.921,63398
2022-11-25,20.22,20.4158,20.51,20.0401,27988
2022-11-28,20.45,20.36,20.5,20.3,83301
2022-11-29,20.36,20.23,20.5,20.14,145211
2022-11-30,20.26,20.521875,20.86,20.14,186155
2022-12-01,20.65,20.86,21.12,20.5501,120348
2022-12-02,20.8,20.76,21.12,20.67,74661
2022-12-05,20.78,20.44,20.9408,20.44,85073
2022-12-06,20.51,20.27,20.8,20.22,65333
2022-12-07,20.39,20.49,20.5,20.15,101357
2022-12-08,20.53,20.1,20.68,20.1,83278
2022-12-09,20.16,19.8499,20.27,19.7601,61149
2022-12-12,19.95,19.69,20.0961,19.4451,165306
2022-12-13,20.12,20.2109,20.66,20.0,234922
2022-12-14,20.38,20.18,20.49,20.08,105457
2022-12-15,20.19,20.1,20.24,20.02,138063
2022-12-16,20.04,20.21,20.4,19.9822,86719
2022-12-19,20.28,20.33,20.49,20.274,77027
2022-12-20,20.28,19.97,20.45,19.94,121549
2022-12-21,20.07,20.19,20.38,20.0,105207
2022-12-22,20.16,19.82,20.33,19.65,101516
2022-12-23,19.88,19.87,20.0,19.655,75668
2022-12-27,19.76,19.545,19.83,19.39,80282
2022-12-28,19.6,19.08,19.665,19.08,88403
2022-12-29,19.15,19.05,19.5467,18.94,128961
2022-12-30,19.01,18.81,19.52,18.79,207267
2023-01-03,19.13,19.35,19.5997,19.06,123584
2023-01-04,19.56,19.89,19.99,19.5301,91865
2023-01-05,19.87,19.99,20.33,19.736,66304
2023-01-06,20.24,20.8,20.9,20.165,114889
2023-01-09,20.83,20.95,21.26,20.8,78749
2023-01-10,20.97,21.12,21.16,20.8,50456
2023-01-11,21.17,21.05,21.2996,21.0001,38991
2023-01-12,21.25,21.26,21.33,21.12,60958
2023-01-13,21.23,21.4,21.49,21.13,44318
2023-01-17,21.48,21.72,21.79,21.4355,52768
2023-01-18,22.01,21.92,22.21,21.84,79573
2023-01-19,21.92,22.15,22.24,21.83,33197
2023-01-20,22.24,22.35,22.35,21.93,77657
2023-01-23,22.35,22.65,22.73,22.28,51219
2023-01-24,22.67,22.63,22.6999,22.52,49867
2023-01-25,22.5,22.71,22.73,22.48,57889
2023-01-26,22.71,22.65,22.85,22.54,107713
2023-01-27,22.65,22.48,22.75,22.48,57009
2023-01-30,22.36,22.65,22.86,22.36,59315
2023-01-31,22.66,22.62,22.9297,22.62,61417
2023-02-01,22.62,22.73,22.8085,22.51,47868
2023-02-02,22.79,22.85,22.93,22.7603,54457
2023-02-03,22.57,22.47,22.8496,22.43,24425
2023-02-06,22.3,22.31,22.4456,22.19,26331
2023-02-07,22.32,22.14,22.34,22.06,68082
2023-02-08,22.2,22.24,22.35,22.1544,34957
2023-02-09,22.37,22.16,22.47,22.16,24975
2023-02-10,22.2,22.06,22.2,22.03,22578
2023-02-13,22.12,22.31,22.31,22.0,48376
2023-02-14,22.23,22.44,22.48,22.23,20049
2023-02-15,22.34,22.32,22.465,22.2267,44411
2023-02-16,22.22,22.01,22.2899,22.0,37235
2023-02-17,22.0,21.95,22.08,21.81,33221
2023-02-21,21.85,21.33,21.85,21.33,72437
2023-02-22,21.33,21.63,21.76,21.33,25737
2023-02-23,21.72,21.93,22.03,21.6507,38781
2023-02-24,21.79,21.93,21.9965,21.4558,32249
2023-02-27,22.05,22.09,22.21,22.01,30951
2023-02-28,22.13,22.05,22.43,22.01,71615
2023-03-01,22.14,21.601875,22.2852,21.92,45575
2023-03-02,21.48,21.4,21.51,21.23,29247
2023-03-03,21.59,21.58,21.6684,21.53,30165
2023-03-06,21.64,21.56,21.81,21.3907,54127
2023-03-07,21.56,21.4,21.59,21.26,34111
2023-03-08,21.41,21.37,21.57,21.27,37076
2023-03-09,21.37,20.84,21.39,20.75,47364
2023-03-10,20.89,20.0,21.1023,20.0,66919
2023-03-13,19.78,19.48,19.78,18.63,98484
2023-03-14,19.8,20.15,20.415,19.68,118381
2023-03-15,19.95,19.69,20.12,19.1765,54068
2023-03-16,19.53,20.76,21.02,19.53,66150
2023-03-17,20.11,19.88,20.45,19.7,73746
2023-03-20,20.06,19.34,20.06,19.26,33976
2023-03-21,19.5,19.91,20.6,19.4301,61499
2023-03-22,19.91,20.15,20.46,19.91,33960
2023-03-23,20.12,19.65,20.38,19.65,43677
2023-03-24,19.65,19.86,20.01,19.46,24028
2023-03-27,20.03,20.19,20.5,20.01,42715
2023-03-28,20.19,20.55,20.634,20.12,33029
2023-03-29,20.62,21.47,21.47,20.53,79458
2023-03-30,21.63,21.65,21.72,21.12,61039
2023-03-31,21.57,21.89,21.93,21.57,99388
2023-04-03,21.89,21.66,21.89,21.41,41304
2023-04-04,21.75,21.47,21.78,21.199,45280
2023-04-05,21.46,21.56,21.68,21.18,29524
2023-04-06,21.6,21.71,21.79,21.2601,29868
2023-04-10,21.65,21.47,21.72,21.3,48787
2023-04-11,21.39,21.56,21.777,21.38,31688
2023-04-12,21.63,21.68,21.98,21.4501,56783
2023-04-13,21.86,22.06,22.18,21.7,41024
2023-04-14,22.1,22.24,22.34,22.02,33268
2023-04-17,22.32,22.08,22.3966,22.08,32743
2023-04-18,22.14,22.29,22.35,22.13,42761
2023-04-19,22.26,22.11,22.269,22.05,38938
2023-04-20,22.11,21.82,22.115,21.81,75529
2023-04-21,21.9,21.94,22.08,21.8,34130
2023-04-24,22.05,21.98,22.19,21.91,48371
2023-04-25,22.1,21.72,22.1,21.71,63688
2023-04-26,21.9,21.27,21.95,21.27,104339
2023-04-27,21.35,21.44,21.75,21.327,61486
2023-04-28,21.55,21.47,21.65,21.32,136181
2023-05-01,21.54,21.0,21.6996,20.92,40971
2023-05-02,20.88,20.35,20.925,20.1322,47871
2023-05-03,20.17,19.68,20.7456,19.65,58916
2023-05-04,19.07,18.82,19.44,18.5,152662
