2020-09-17,24.76,24.7493,24.87,24.6244,401510
2020-09-18,24.81,24.5079,24.81,24.41,5001
2020-09-21,24.16,24.0614,24.16,24.0614,430
2020-09-22,24.2827,24.2827,24.2827,24.2827,430
2020-09-23,23.6949,23.6949,23.6949,23.6949,21
2020-09-24,23.7,23.68,23.88,23.6,2639
2020-09-25,23.65,24.0458,24.0458,23.6207,1260
2020-09-28,24.4345,24.4345,24.4345,24.4345,232
2020-09-29,24.3816,24.3816,24.3816,24.3816,2
2020-09-30,24.599,24.599,24.599,24.599,2
2020-10-01,24.74,24.7429,24.7429,24.72,541
2020-10-02,24.57,24.5543,24.57,24.5543,1400
2020-10-05,24.82,24.9755,24.9755,24.78,310
2020-10-06,24.6308,24.6308,24.6308,24.6308,0
2020-10-07,25.0733,25.0733,25.0733,25.0733,10
2020-10-08,25.3,25.3718,25.3718,25.3,1401
2020-10-09,25.5555,25.5555,25.5555,25.5555,12
2020-10-12,25.9303,25.9303,25.9303,25.9303,0
2020-10-13,25.8502,25.8502,25.8502,25.8502,0
2020-10-14,25.5687,25.5687,25.5687,25.5687,2
2020-10-15,25.5316,25.5316,25.5316,25.5316,0
2020-10-16,25.6373,25.6373,25.6373,25.6373,0
2020-10-19,25.2448,25.2448,25.2448,25.2448,0
2020-10-20,25.4862,25.4862,25.4862,25.4862,0
2020-10-21,25.4122,25.4122,25.4122,25.4122,0
2020-10-22,25.5934,25.5934,25.5934,25.5934,0
2020-10-23,25.7573,25.7573,25.7573,25.7573,1
2020-10-26,25.1386,25.1386,25.1386,25.1386,1
2020-10-27,25.0508,25.0508,25.0508,25.0508,4
2020-10-28,24.1729,24.1729,24.1729,24.1729,0
2020-10-29,24.6213,24.6213,24.6213,24.6213,0
2020-10-30,24.2301,24.2301,24.2301,24.2301,0
2020-11-02,24.5499,24.5499,24.5499,24.5499,0
2020-11-03,25.0486,25.0486,25.0486,25.0486,0
2020-11-04,25.4736,25.4736,25.4736,25.4736,0
2020-11-05,25.998,25.998,25.998,25.998,0
2020-11-06,26.0235,26.0235,26.0235,26.0235,0
2020-11-09,27.2,26.8393,27.2,26.8393,370
2020-11-10,26.5999,26.5999,26.5999,26.5999,0
2020-11-11,26.6769,26.6769,26.6769,26.6769,0
2020-11-12,26.3539,26.3539,26.3539,26.3539,0
2020-11-13,26.821,26.821,26.821,26.821,0
2020-11-16,27.1431,27.1431,27.1431,27.1431,5
2020-11-17,27.1882,27.1882,27.1882,27.1882,2
2020-11-18,27.0094,27.0094,27.0094,27.0094,0
2020-11-19,27.063,27.063,27.063,27.063,1
2020-11-20,26.8855,26.8855,26.8855,26.8855,4
2020-11-23,27.1581,27.1581,27.1581,27.1581,0
2020-11-24,27.8886,27.8886,27.8886,27.8886,0
2020-11-25,27.8243,27.8243,27.8243,27.8243,4
2020-11-27,27.8271,27.8271,27.8271,27.8271,0
2020-11-30,27.4879,27.4879,27.4879,27.4879,1
2020-12-01,27.8337,27.8337,27.8337,27.8337,0
2020-12-02,27.9617,27.9617,27.9617,27.9617,3
2020-12-03,28.0458,28.0458,28.0458,28.0458,4
2020-12-04,28.4379,28.4379,28.4379,28.4379,0
2020-12-07,28.3475,28.4022,28.4022,28.3475,211
2020-12-08,28.384,28.384,28.384,28.384,4
2020-12-09,28.38,28.2268,28.39,28.2268,375
2020-12-10,28.249,28.249,28.249,28.249,2
2020-12-11,27.96,28.0893,28.0893,27.96,100
2020-12-14,28.0561,28.0561,28.0561,28.0561,0
2020-12-15,28.2458,28.2458,28.2458,28.2458,0
2020-12-16,28.3,28.3895,28.3895,28.3,302
2020-12-17,28.479,28.479,28.479,28.479,0
2020-12-18,28.4473,28.4473,28.4473,28.4473,0
2020-12-21,28.2978,28.2978,28.2978,28.2978,1
2020-12-22,28.1216,28.1173,28.1216,28.1216,0
2020-12-23,28.3649,28.3649,28.3649,28.3649,40
2020-12-24,28.1952,28.1952,28.1952,28.1952,0
2020-12-28,28.4197,28.4197,28.4197,28.4197,63
2020-12-29,28.4376,28.4376,28.4376,28.4376,1
2020-12-30,28.55,28.5313,28.55,28.5313,199
2020-12-31,28.6994,28.6994,28.6994,28.6994,0
2021-01-04,28.2767,28.2767,28.2767,28.2767,63
2021-01-05,28.6115,28.6115,28.6115,28.6115,2
2021-01-06,28.9626,28.9626,28.9626,28.9626,0
2021-01-07,29.4125,29.4125,29.4125,29.4125,0
2021-01-08,29.5215,29.5215,29.5215,29.5215,7
2021-01-11,29.3462,29.3462,29.3462,29.3462,3
2021-01-12,29.438,29.438,29.438,29.438,1
2021-01-13,29.3719,29.3719,29.3719,29.3719,0
2021-01-14,29.3663,29.3663,29.3663,29.3663,7
2021-01-15,29.0206,29.0206,29.0206,29.0206,0
2021-01-19,29.22,29.3563,29.3563,29.22,401
2021-01-20,29.7853,29.7853,29.7853,29.7853,1
2021-01-21,29.6208,29.6208,29.6208,29.6208,2
2021-01-22,29.448,29.448,29.448,29.448,10
2021-01-25,29.0299,29.2195,29.2195,29.0299,1750
2021-01-26,29.134,29.134,29.134,29.134,51
2021-01-27,28.3105,28.3105,28.3105,28.3105,8
2021-01-28,28.7,28.7382,28.7382,28.66,1306
2021-01-29,28.2097,28.2097,28.2097,28.2097,0
2021-02-01,28.5274,28.5274,28.5274,28.5274,6
2021-02-02,29.0692,29.0692,29.0692,29.0692,0
2021-02-03,29.2927,29.2927,29.2927,29.2927,45
2021-02-04,29.7222,29.7222,29.7222,29.7222,0
2021-02-05,29.8599,29.8599,29.8599,29.8599,1
2021-02-08,30.1749,30.1749,30.1749,30.1749,100
2021-02-09,30.22,30.2305,30.24,30.22,545
2021-02-10,30.2601,30.2601,30.2601,30.2601,2
2021-02-11,30.2376,30.2376,30.2376,30.2376,0
2021-02-12,30.4537,30.4537,30.4537,30.4537,0
2021-02-16,30.6623,30.6623,30.6623,30.6623,2
2021-02-17,30.6647,30.6647,30.6647,30.6647,1
2021-02-18,30.4237,30.4237,30.4237,30.4237,0
2021-02-19,30.509,30.509,30.509,30.509,0
2021-02-22,30.5767,30.5767,30.5767,30.5767,0
2021-02-23,30.6428,30.6428,30.6428,30.6428,270
2021-02-24,31.1274,31.1274,31.1274,31.1274,1
2021-02-25,30.313,30.313,30.313,30.313,63
2021-02-26,30.1742,30.1742,30.1742,30.1742,0
2021-03-01,30.7699,30.7699,30.7699,30.7699,0
2021-03-02,30.6241,30.6241,30.6241,30.6241,0
2021-03-03,30.4254,30.4254,30.4254,30.4254,68
2021-03-04,30.16,30.1894,30.1894,30.16,372
2021-03-05,30.8961,30.8961,30.8961,30.8961,33
2021-03-08,30.8888,30.8888,30.8888,30.8888,3
2021-03-09,31.0956,31.0956,31.0956,31.0956,0
2021-03-10,31.3409,31.3409,31.3409,31.3409,66
2021-03-11,31.5856,31.5856,31.5856,31.5856,16
2021-03-12,31.6593,31.6593,31.6593,31.6593,0
2021-03-15,31.65,31.8387,31.8387,31.65,800
2021-03-16,31.6826,31.6826,31.6826,31.6826,1
2021-03-17,31.9037,31.9037,31.9037,31.9037,0
2021-03-18,31.4362,31.4362,31.4362,31.4362,0
2021-03-19,31.4229,31.4229,31.4229,31.4229,1
2021-03-22,31.3566,31.3566,31.3566,31.3566,0
2021-03-23,30.9881,30.9881,30.9881,30.9881,1
2021-03-24,30.8675,30.8675,30.8675,30.8675,0
2021-03-25,31.063,31.063,31.063,31.063,0
2021-03-26,31.462,31.462,31.462,31.462,0
2021-03-29,31.4437,31.4437,31.4437,31.4437,1
2021-03-30,31.4138,31.4138,31.4138,31.4138,0
2021-03-31,31.5233,31.5233,31.5233,31.5233,0
2021-04-01,31.9155,31.9155,31.9155,31.9155,0
2021-04-05,32.3406,32.3406,32.3406,32.3406,0
2021-04-06,32.3182,32.3182,32.3182,32.3182,1
2021-04-07,32.3561,32.3243,32.3561,32.3561,0
2021-04-08,32.3805,32.3805,32.3805,32.3805,20
2021-04-09,32.5183,32.5183,32.5183,32.5183,1
2021-04-12,32.57,32.5813,32.5813,32.57,564
2021-04-13,32.5697,32.5697,32.5697,32.5697,0
2021-04-14,32.6049,32.6049,32.6049,32.6049,1
2021-04-15,32.8241,32.8241,32.8241,32.8241,0
2021-04-16,32.9012,32.9012,32.9012,32.9012,0
2021-04-19,32.7053,32.7053,32.7053,32.7053,64
2021-04-20,32.256,32.256,32.256,32.256,2
2021-04-21,32.5084,32.5084,32.5084,32.5084,0
2021-04-22,32.2811,32.2811,32.2811,32.2811,0
2021-04-23,32.7115,32.7115,32.7115,32.7115,31
2021-04-26,32.9017,32.9017,32.9017,32.9017,0
2021-04-27,33.0055,33.0055,33.0055,33.0055,0
2021-04-28,33.1242,33.1242,33.1242,33.1242,0
2021-04-29,33.5287,33.5287,33.5287,33.5287,0
2021-04-30,33.1803,33.1803,33.1803,33.1803,5
2021-05-03,33.2754,33.2754,33.2754,33.2754,1
2021-05-04,33.0373,33.0373,33.0373,33.0373,0
2021-05-05,33.1266,33.1266,33.1266,33.1266,1
2021-05-06,33.4004,33.4004,33.4004,33.4004,5
2021-05-07,33.6732,33.6732,33.6732,33.6732,0
2021-05-10,33.355,33.355,33.355,33.355,0
2021-05-11,32.9824,32.9824,32.9824,32.9824,1
2021-05-12,32.4278,32.4278,32.4278,32.4278,0
2021-05-13,32.7294,32.7294,32.7294,32.7294,1
2021-05-14,33.3599,33.3599,33.3599,33.3599,2
2021-05-17,33.2972,33.2972,33.2972,33.2972,0
2021-05-18,33.0228,33.0228,33.0228,33.0228,1
2021-05-19,32.8741,32.8741,32.8741,32.8741,2
2021-05-20,33.1714,33.1714,33.1714,33.1714,0
2021-05-21,33.2681,33.2681,33.2681,33.2681,0
2021-05-24,33.5958,33.5958,33.5958,33.5958,0
2021-05-25,33.4957,33.4957,33.4957,33.4957,2
2021-05-26,33.6272,33.6272,33.6272,33.6272,1
2021-05-27,33.894,33.894,33.894,33.894,0
2021-05-28,33.9108,33.9108,33.9108,33.9108,0
2021-06-01,34.1132,34.1132,34.1132,34.1132,0
2021-06-02,34.16,34.1586,34.16,34.1586,408
2021-06-03,34.16,34.1373,34.16,34.1373,402
2021-06-04,34.3751,34.3751,34.3751,34.3751,0
2021-06-07,34.3364,34.3364,34.3364,34.3364,2
2021-06-08,34.3056,34.3056,34.3056,34.3056,62
2021-06-09,34.0991,34.0991,34.0991,34.0991,0
2021-06-10,34.1264,34.1264,34.1264,34.1264,2
2021-06-11,34.1968,34.1968,34.1968,34.1968,99
2021-06-14,34.1448,34.1448,34.1448,34.1448,2
2021-06-15,34.1515,34.1515,34.1515,34.1515,0
2021-06-16,33.9818,33.9818,33.9818,33.9818,2
2021-06-17,33.708,33.708,33.708,33.708,6
2021-06-18,33.2537,33.2537,33.2537,33.2537,1
2021-06-21,33.7479,33.7479,33.7479,33.7479,30
2021-06-22,33.9127,33.9127,33.9127,33.9127,0
2021-06-23,33.9076,33.9076,33.9076,33.9076,0
2021-06-24,34.2,34.1798,34.2,34.1798,800
2021-06-25,34.4061,34.4061,34.4061,34.4061,0
2021-06-28,34.268,34.268,34.268,34.268,0
2021-06-29,34.18,34.181,34.181,34.18,300
2021-06-30,34.2718,34.2718,34.2718,34.2718,0
2021-07-01,34.5116,34.5116,34.5116,34.5116,0
2021-07-02,34.7002,34.7002,34.7002,34.7002,2
2021-07-06,34.4466,34.4466,34.4466,34.4466,0
2021-07-07,34.3671,34.3671,34.3671,34.3671,14
2021-07-08,33.9724,33.9724,33.9724,33.9724,0
2021-07-09,34.5885,34.5885,34.5885,34.5885,0
2021-07-12,34.7516,34.7516,34.7516,34.7516,0
2021-07-13,34.5656,34.5656,34.5656,34.5656,13
2021-07-14,34.3867,34.3867,34.3867,34.3867,2
2021-07-15,34.24,34.2412,34.2412,34.24,500
2021-07-16,33.8971,33.8971,33.8971,33.8971,0
2021-07-19,33.2413,33.2413,33.2413,33.2413,0
2021-07-20,34.0079,34.0079,34.0079,34.0079,0
2021-07-21,34.4395,34.4395,34.4395,34.4395,0
2021-07-22,34.4089,34.4089,34.4089,34.4089,0
2021-07-23,34.675,34.675,34.675,34.675,1
2021-07-26,34.7651,34.7651,34.7651,34.7651,0
2021-07-27,34.5542,34.5542,34.5542,34.5542,0
2021-07-28,34.63,34.7137,34.7137,34.63,400
2021-07-29,34.8534,34.8534,34.8534,34.8534,2
2021-07-30,34.5749,34.5749,34.5749,34.5749,0
2021-08-02,34.5098,34.5098,34.5098,34.5098,0
2021-08-03,34.39,34.7842,34.7842,34.39,301
2021-08-04,34.674,34.674,34.674,34.674,0
2021-08-05,35.0243,35.0243,35.0243,35.0243,1
2021-08-06,35.2953,35.2953,35.2953,35.2953,2
2021-08-09,35.24,35.24,35.24,35.24,400
2021-08-10,35.4156,35.4156,35.4156,35.4156,0
2021-08-11,35.5243,35.5243,35.5243,35.5243,0
2021-08-12,35.52,35.5997,35.5997,35.52,400
2021-08-13,35.5498,35.5498,35.5498,35.5498,0
2021-08-16,35.24,35.4635,35.4635,35.2399,430
2021-08-17,35.2,35.0345,35.25,34.88,1504
2021-08-18,34.7232,34.7232,34.7232,34.7232,0
2021-08-19,34.51,34.5185,34.5185,34.51,211
2021-08-20,34.8002,34.8002,34.8002,34.8002,0
2021-08-23,35.18,35.2347,35.28,35.18,507
2021-08-24,35.5,35.5,35.5,35.5,3
2021-08-25,35.7619,35.7619,35.7619,35.7619,0
2021-08-26,35.57,35.4075,35.57,35.4075,706
2021-08-27,35.8906,35.8906,35.8906,35.8906,0
2021-08-30,35.7221,35.7221,35.7221,35.7221,1
2021-08-31,35.7677,35.7677,35.7677,35.7677,0
2021-09-01,35.81,35.7223,35.81,35.7223,101
2021-09-02,35.6735,35.6735,35.6735,35.6735,0
2021-09-03,35.6298,35.6298,35.6298,35.6298,0
2021-09-07,35.4341,35.4341,35.4341,35.4341,4
2021-09-08,35.3012,35.3012,35.3012,35.3012,0
2021-09-09,35.2848,35.2848,35.2848,35.2848,0
2021-09-10,35.0894,35.0894,35.0894,35.0894,0
2021-09-13,35.2623,35.2623,35.2623,35.2623,0
2021-09-14,34.9061,34.9061,34.9061,34.9061,3
2021-09-15,35.2701,35.2701,35.2701,35.2701,0
2021-09-16,35.06,35.2402,35.2402,35.06,125500
2021-09-17,34.974,34.974,34.974,34.974,0
2021-09-20,34.2562,34.2562,34.2562,34.2562,3
2021-09-21,34.2324,34.2324,34.2324,34.2324,1
2021-09-22,34.6096,34.6096,34.6096,34.6096,1
2021-09-23,35.2366,35.2366,35.2366,35.2366,3
2021-09-24,35.3158,35.3158,35.3158,35.3158,6
2021-09-27,35.4341,35.4341,35.4341,35.4341,72
2021-09-28,34.8799,34.679,34.88,34.679,602
2021-09-29,34.6496,34.6496,34.6496,34.6496,1
2021-09-30,34.3443,34.3443,34.3443,34.3443,1
2021-10-01,34.7586,34.7586,34.7586,34.7586,31
2021-10-04,34.39,34.3312,34.39,34.3312,200
2021-10-05,34.796,34.796,34.796,34.796,2
2021-10-06,34.8215,34.8215,34.8215,34.8215,0
2021-10-07,35.1057,35.1057,35.1057,35.1057,0
2021-10-08,35.2103,35.2103,35.2103,35.2103,0
2021-10-11,34.9468,34.9468,34.9468,34.9468,0
2021-10-12,34.95,34.8931,34.95,34.8931,542
2021-10-13,34.8859,34.8859,34.8859,34.8859,0
2021-10-14,35.4019,35.4019,35.4019,35.4019,60
2021-10-15,35.7146,35.7146,35.7146,35.7146,0
2021-10-18,35.78,35.7907,35.7907,35.77,601
2021-10-19,35.96,36.0238,36.0238,35.96,1001
2021-10-20,36.1254,36.1254,36.1254,36.1254,0
2021-10-21,36.143,36.143,36.143,36.143,0
2021-10-22,36.0622,36.0622,36.0622,36.0622,0
2021-10-25,36.1374,36.1374,36.1374,36.1374,0
2021-10-26,36.1909,36.1909,36.1909,36.1909,0
2021-10-27,35.7029,35.7029,35.7029,35.7029,0
2021-10-28,35.9867,35.9867,35.9867,35.9867,0
2021-10-29,36.0014,36.0014,36.0014,36.0014,0
2021-11-01,36.1,36.2111,36.2111,36.1,502
2021-11-02,36.23,36.2452,36.2452,36.23,302
2021-11-03,36.5,36.5,36.5,36.5,0
2021-11-04,36.48,36.7272,36.82,36.3,163502
2021-11-05,36.96,36.96,36.96,36.96,101
2021-11-08,37.15,37.15,37.15,37.15,100
2021-11-09,37.0,37.01,37.01,37.0,300
2021-11-10,36.68,36.68,36.68,36.68,110
2021-11-11,36.76,36.7357,36.86,36.7357,2300
2021-11-12,36.9484,36.9484,36.9484,36.9484,0
2021-11-15,36.9826,36.9826,36.9826,36.9826,0
2021-11-16,36.969,36.969,36.969,36.969,0
2021-11-17,36.7106,36.7106,36.7106,36.7106,5
2021-11-18,36.6977,36.6977,36.6977,36.6977,2
2021-11-19,36.53,36.3746,36.53,36.3746,296
2021-11-22,36.2153,36.2153,36.2153,36.2153,0
2021-11-23,36.3443,36.3443,36.3443,36.3443,0
2021-11-24,36.3769,36.3769,36.3769,36.3769,1
2021-11-26,35.3209,35.3209,35.3209,35.3209,0
2021-11-29,35.6047,35.6047,35.6047,35.6047,7
2021-11-30,34.6716,34.6716,34.6716,34.6716,0
2021-12-01,34.55,34.0873,34.55,34.0873,296
2021-12-02,34.8149,34.8149,34.8149,34.8149,0
2021-12-03,34.3835,34.3835,34.3835,34.3835,0
2021-12-06,34.9466,34.9466,34.9466,34.9466,0
2021-12-07,35.6514,35.6514,35.6514,35.6514,0
2021-12-08,35.7693,35.7693,35.7693,35.7693,7
2021-12-09,35.53,35.488,35.53,35.488,700
2021-12-10,35.57,35.7238,35.7238,35.56,1300
2021-12-13,35.247,35.247,35.247,35.247,0
2021-12-14,35.0933,35.0933,35.0933,35.0933,3
2021-12-15,35.4994,35.4994,35.4994,35.4994,0
2021-12-16,35.27,35.3075,35.3075,35.27,100
2021-12-17,34.9207,34.9207,34.9207,34.9207,9
2021-12-20,34.3352,34.3352,34.3352,34.3352,5
2021-12-21,35.1586,35.1586,35.1586,35.1586,0
2021-12-22,35.4358,35.4358,35.4358,35.4358,0
2021-12-23,35.7181,34.1175,35.7181,35.7181,0
2021-12-27,34.3789,34.3789,34.3789,34.3789,4
2021-12-28,34.3564,34.3564,34.3564,34.3564,0
2021-12-29,34.44,34.3629,34.45,34.28,12973
2021-12-30,34.2599,34.2599,34.2599,34.2599,0
2021-12-31,34.1191,34.1191,34.1191,34.1191,85
2022-01-03,34.4365,34.4365,34.4365,34.4365,3
2022-01-04,34.67,34.6832,34.6832,34.6699,1000
2022-01-05,34.05,33.9047,34.05,33.9047,360
2022-01-06,33.9894,33.9894,33.9894,33.9894,0
2022-01-07,34.044,34.044,34.044,34.044,0
2022-01-10,33.9551,33.9551,33.9551,33.9551,0
2022-01-11,34.34,34.5131,34.5131,34.34,200
2022-01-12,34.6102,34.6102,34.6102,34.6102,0
2022-01-13,34.2529,34.2529,34.2529,34.2529,1
2022-01-14,34.3669,34.3669,34.3669,34.3669,33
2022-01-18,33.6132,33.6132,33.6132,33.6132,2
2022-01-19,33.55,33.2636,33.63,33.2636,696
2022-01-20,32.9357,32.9357,32.9357,32.9357,0
2022-01-21,32.138,32.138,32.138,32.138,0
2022-01-24,32.2279,32.2279,32.2279,32.2279,9
2022-01-25,32.0457,32.0457,32.0457,32.0457,0
2022-01-26,31.8746,31.8746,31.8746,31.8746,0
2022-01-27,32.01,31.7498,32.2527,31.64,2088
2022-01-28,32.3093,32.3093,32.3093,32.3093,24
2022-01-31,32.9967,32.9967,32.9967,32.9967,72
2022-02-01,33.4876,33.4876,33.4876,33.4876,0
2022-02-02,33.7064,33.7064,33.7064,33.7064,2
2022-02-03,32.8059,32.8059,32.8059,32.8059,1
2022-02-04,33.1295,33.1295,33.1295,33.1295,0
2022-02-07,32.9905,32.9905,32.9905,32.9905,0
2022-02-08,33.2303,33.2303,33.2303,33.2303,1
2022-02-09,33.7113,33.7113,33.7113,33.7113,0
2022-02-10,33.79,33.3181,33.79,33.3181,750
2022-02-11,32.7366,32.7366,32.7366,32.7366,0
2022-02-14,32.31,32.5298,32.5298,32.31,100
2022-02-15,33.0224,33.0224,33.0224,33.0224,0
2022-02-16,32.95,33.1262,33.1262,32.95,490
2022-02-17,32.67,32.3194,32.67,32.3194,300
2022-02-18,32.0133,32.0133,32.0133,32.0133,0
2022-02-22,31.79,31.6329,31.79,31.6329,190
2022-02-23,31.0716,31.0716,31.0716,31.0716,0
2022-02-24,31.485,31.485,31.485,31.485,0
2022-02-25,32.1088,32.1088,32.1088,32.1088,0
2022-02-28,32.0828,32.0828,32.0828,32.0828,0
2022-03-01,31.3909,31.3909,31.3909,31.3909,0
2022-03-02,31.9352,31.9352,31.9352,31.9352,0
2022-03-03,31.5303,31.5303,31.5303,31.5303,0
2022-03-04,31.0688,31.0688,31.0688,31.0688,0
2022-03-07,31.01,30.3481,31.36,30.3481,2550
2022-03-08,29.9051,29.9051,29.9051,29.9051,0
2022-03-09,30.7742,30.7742,30.7742,30.7742,2
2022-03-10,30.6,30.764,30.764,30.6,1000
2022-03-11,30.3669,30.3669,30.3669,30.3669,53
2022-03-14,30.47,30.2023,30.47,30.2023,2100
2022-03-15,30.6901,30.6901,30.6901,30.6901,2
2022-03-16,31.39,31.5437,31.5437,31.39,1100
2022-03-17,32.0147,32.0147,32.0147,32.0147,0
2022-03-18,32.4903,32.4903,32.4903,32.4903,0
2022-03-21,32.28,32.3015,32.3015,32.28,1000
2022-03-22,32.7587,32.7587,32.7587,32.7587,0
2022-03-23,32.2294,32.2294,32.2294,32.2294,0
2022-03-24,32.34,32.5961,32.5961,32.34,1201
2022-03-25,32.6801,32.6801,32.6801,32.6801,0
2022-03-28,32.7794,32.7794,32.7794,32.7794,0
2022-03-29,33.2508,33.2508,33.2508,33.2508,2
2022-03-30,32.9081,32.9081,32.9081,32.9081,0
2022-03-31,32.4988,32.4988,32.4988,32.4988,0
2022-04-01,32.5928,32.5928,32.5928,32.5928,2
2022-04-04,32.8485,32.8485,32.8485,32.8485,0
2022-04-05,32.3167,32.3167,32.3167,32.3167,0
2022-04-06,31.8918,30.6358,31.8918,31.8918,0
2022-04-07,30.45,30.61,30.64,30.45,676
2022-04-08,30.6832,30.6832,30.6832,30.6832,0
2022-04-11,30.6,30.2042,30.63,30.2042,11963
2022-04-12,30.108,30.108,30.108,30.108,0
2022-04-13,30.5315,30.5315,30.5315,30.5315,3
2022-04-14,30.38,30.1798,30.38,30.1798,300
2022-04-18,30.1079,30.1079,30.1079,30.1079,0
2022-04-19,30.6251,30.6251,30.6251,30.6251,0
2022-04-20,30.3546,30.2096,30.3546,30.2096,2804
2022-04-21,29.5268,29.5268,29.5268,29.5268,0
2022-04-22,28.5867,28.5867,28.5867,28.5867,41
2022-04-26,27.8185,27.8185,27.8185,27.8185,0
2022-04-27,27.66,27.7215,28.03,27.66,3352
2022-04-28,28.4795,28.4795,28.4795,28.4795,4
2022-04-29,27.5294,27.5294,27.5294,27.5294,0
2022-05-02,27.7935,27.7935,27.7935,27.7935,0
2022-05-03,28.0122,28.0122,28.0122,28.0122,0
2022-05-04,28.8703,28.8703,28.8703,28.8703,0
2022-05-05,27.7925,27.7925,27.7925,27.7925,0
2022-05-06,27.6182,27.6182,27.6182,27.6182,0
2022-05-09,26.7,26.3455,26.7001,26.3455,850
2022-05-10,26.4259,26.4259,26.4259,26.4259,0
2022-05-11,25.9066,25.9066,25.9066,25.9066,0
2022-05-12,25.8936,25.8936,25.8936,25.8936,4
2022-05-13,26.8307,26.8307,26.8307,26.8307,0
2022-05-16,26.6554,26.6554,26.6554,26.6554,8
2022-05-17,27.3428,27.3428,27.3428,27.3428,5
2022-05-18,26.57,26.2423,26.57,26.2423,100
2022-05-19,26.2895,26.2895,26.2895,26.2895,0
2022-05-20,26.2603,26.2603,26.2603,26.2603,130
2022-05-23,26.7968,26.7968,26.7968,26.7968,0
2022-05-24,26.0,26.282,26.282,25.94,2920
2022-05-25,26.7445,26.7445,26.7445,26.7445,4
2022-05-26,27.4249,27.4249,27.4249,27.4249,0
2022-05-27,28.0798,28.0798,28.0798,28.0798,3
2022-05-31,27.9998,27.9998,27.9998,27.9998,1
2022-06-01,27.7918,27.7918,27.7918,27.7918,0
2022-06-02,28.4192,28.4192,28.4192,28.4192,0
2022-06-03,28.0145,28.0145,28.0145,28.0145,0
2022-06-06,28.0774,28.0774,28.0774,28.0774,0
2022-06-07,28.396,28.396,28.396,28.396,1
2022-06-08,28.1189,28.1189,28.1189,28.1189,1
2022-06-09,27.2993,27.2993,27.2993,27.2993,0
2022-06-10,26.4144,26.4144,26.4144,26.4144,0
2022-06-13,24.9899,24.9899,24.9899,24.9899,1
2022-06-14,25.0324,25.0324,25.0324,25.0324,3
2022-06-15,25.4883,25.4883,25.4883,25.4883,2
2022-06-16,24.3928,24.3928,24.3928,24.3928,3
2022-06-17,24.6024,24.6024,24.6024,24.6024,0
2022-06-21,24.9764,24.9764,24.9764,24.9764,0
2022-06-22,24.8184,24.8184,24.8184,24.8184,1
2022-06-23,24.9453,24.9453,24.9453,24.9453,0
2022-06-24,25.9093,25.9093,25.9093,25.9093,2
2022-06-27,25.7692,25.7692,25.7692,25.7692,6
2022-06-28,25.3124,25.3124,25.3124,25.3124,5
2022-06-29,24.99,25.1275,25.25,24.27,90509
2022-06-30,24.45,24.6526,24.68,24.44,1070
2022-07-01,25.0624,25.0624,25.0624,25.0624,17
2022-07-05,25.1602,25.1602,25.1602,25.1602,102
2022-07-06,25.0408,25.0408,25.0408,25.0408,0
2022-07-07,25.428,25.6263,25.6263,25.428,100
2022-07-08,25.4,25.6082,25.7302,25.4,504
2022-07-11,25.0772,25.0772,25.0772,25.0772,3
2022-07-12,24.9218,24.9218,24.9218,24.9218,0
2022-07-13,24.8208,24.8208,24.8208,24.8208,0
2022-07-14,24.5156,24.5156,24.5156,24.5156,1
2022-07-15,25.1936,25.1936,25.1936,25.1936,0
2022-07-18,25.1939,25.1939,25.1939,25.1939,94
2022-07-19,25.9995,25.9995,25.9995,25.9995,9
2022-07-20,26.4025,26.4025,26.4025,26.4025,0
2022-07-21,26.5814,26.5814,26.5814,26.5814,1
2022-07-22,26.1637,26.1637,26.1637,26.1637,0
2022-07-25,26.1911,26.1911,26.1911,26.1911,1
2022-07-26,25.7723,25.7723,25.7723,25.7723,0
2022-07-27,26.6077,26.6077,26.6077,26.6077,71
2022-07-28,26.7226,26.7226,26.7226,26.7226,24
2022-07-29,27.0827,27.0827,27.0827,27.0827,2
2022-08-01,27.0242,27.0242,27.0242,27.0242,5
2022-08-02,26.9329,26.9329,26.9329,26.9329,1
2022-08-03,27.5254,27.5254,27.5254,27.5254,0
2022-08-04,27.4834,27.4834,27.4834,27.4834,0
2022-08-05,27.4168,27.4168,27.4168,27.4168,0
2022-08-08,27.516,27.516,27.516,27.516,0
2022-08-09,27.2468,27.2468,27.2468,27.2468,0
2022-08-10,28.0853,28.0853,28.0853,28.0853,0
2022-08-11,28.2383,28.2383,28.2383,28.2383,0
2022-08-12,28.6685,28.6685,28.6685,28.6685,0
2022-08-15,28.76,28.7392,28.76,28.7392,1000
2022-08-16,28.7434,28.7434,28.7434,28.7434,0
2022-08-17,28.5,28.3351,28.5,28.3351,296
2022-08-18,28.4869,28.4869,28.4869,28.4869,1
2022-08-19,27.9472,27.9472,27.9472,27.9472,3
2022-08-22,27.2872,27.2872,27.2872,27.2872,0
2022-08-23,27.2816,27.2816,27.2816,27.2816,0
2022-08-24,27.5081,27.5081,27.5081,27.5081,0
2022-08-25,27.9717,27.9717,27.9717,27.9717,1
2022-08-26,27.051,27.051,27.051,27.051,0
2022-08-29,26.8772,26.8772,26.8772,26.8772,0
2022-08-30,26.5591,26.5591,26.5591,26.5591,0
2022-08-31,26.5245,26.5245,26.5245,26.5245,1
2022-09-01,26.431,26.431,26.431,26.431,0
2022-09-02,26.1602,26.1602,26.1602,26.1602,95
2022-09-06,26.18,25.9632,26.2,25.9632,10618
2022-09-07,26.5377,26.5377,26.5377,26.5377,0
2022-09-08,26.19,26.8425,26.8425,25.98,18200
2022-09-09,27.4126,27.4126,27.4126,27.4126,95
2022-09-12,27.6654,27.6654,27.6654,27.6654,0
2022-09-13,26.4326,26.4326,26.4326,26.4326,0
2022-09-14,26.5255,26.5255,26.5255,26.5255,0
2022-09-15,26.4252,26.4252,26.4252,26.4252,6
2022-09-16,25.9499,26.1258,26.1258,25.9499,100
2022-09-19,26.2934,26.2934,26.2934,26.2934,0
2022-09-20,25.875,25.875,25.875,25.875,0
2022-09-21,26.14,25.4134,26.14,25.4134,103
2022-09-22,25.0026,25.0026,25.0026,25.0026,0
2022-09-23,24.3205,24.3205,24.3205,24.3205,1
2022-09-26,24.0658,24.0658,24.0658,24.0658,0
2022-09-27,24.0118,24.0118,24.0118,24.0118,0
2022-09-28,24.7946,24.7946,24.7946,24.7946,0
2022-09-29,24.15,24.255,24.255,24.13,2790
2022-09-30,23.8947,23.8947,23.8947,23.8947,0
2022-10-03,24.5173,24.5173,24.5173,24.5173,0
2022-10-04,25.4598,25.4598,25.4598,25.4598,2
2022-10-05,25.4647,25.4647,25.4647,25.4647,1
2022-10-06,25.3754,25.3754,25.3754,25.3754,0
2022-10-07,24.6397,24.6397,24.6397,24.6397,0
2022-10-10,24.56,24.42,24.58,24.34,2259
2022-10-11,24.0426,24.0426,24.0426,24.0426,0
2022-10-12,24.0892,24.0892,24.0892,24.0892,7
2022-10-13,24.6229,24.6229,24.6229,24.6229,0
2022-10-14,23.9872,23.9872,23.9872,23.9872,0
2022-10-17,24.7151,24.7151,24.7151,24.7151,5
2022-10-18,24.8895,24.8895,24.8895,24.8895,0
2022-10-19,24.8315,24.8315,24.8315,24.8315,1
2022-10-20,24.7905,24.7905,24.7905,24.7905,0
2022-10-21,25.3347,25.3347,25.3347,25.3347,2
2022-10-24,25.4748,25.4748,25.4748,25.4748,2
2022-10-25,26.0874,26.0874,26.0874,26.0874,0
2022-10-26,25.9166,25.9166,25.9166,25.9166,0
2022-10-27,25.6305,25.6305,25.6305,25.6305,0
2022-10-28,26.06,26.1353,26.1353,26.06,275
2022-10-31,25.9635,25.9635,25.9635,25.9635,0
2022-11-01,25.8706,25.8706,25.8706,25.8706,0
2022-11-02,25.2101,25.2101,25.2101,25.2101,0
2022-11-03,24.971,24.971,24.971,24.971,0
2022-11-04,25.3156,25.3156,25.3156,25.3156,0
2022-11-07,25.6128,25.6128,25.6128,25.6128,0
2022-11-08,25.765,25.765,25.765,25.765,0
2022-11-09,25.145,25.145,25.145,25.145,0
2022-11-10,26.843,26.843,26.843,26.843,0
2022-11-11,27.4573,27.4573,27.4573,27.4573,0
2022-11-14,27.0997,27.0997,27.0997,27.0997,0
2022-11-15,27.4348,27.4348,27.4348,27.4348,0
2022-11-16,27.0953,27.0953,27.0953,27.0953,0
2022-11-17,26.61,26.6978,26.6978,26.61,2190
2022-11-18,27.07,26.6911,27.08,26.6911,23000
2022-11-21,26.5812,26.5319,26.5812,26.5319,400
2022-11-22,26.87,26.9034,26.9034,26.86,4000
2022-11-23,27.1,27.1021,27.1021,27.09,2014
2022-11-25,27.0908,27.0908,27.0908,27.0908,0
2022-11-28,26.6504,26.6504,26.6504,26.6504,0
2022-11-29,26.6739,26.6739,26.6739,26.6739,0
2022-11-30,27.64,27.6832,27.6832,27.64,1400
2022-12-01,27.7097,27.7097,27.7097,27.7097,3
2022-12-02,27.669,27.669,27.669,27.669,0
2022-12-05,26.9966,26.9966,26.9966,26.9966,0
2022-12-06,26.4534,26.4534,26.4534,26.4534,0
2022-12-07,26.3922,26.3922,26.3922,26.3922,0
2022-12-08,26.5825,26.5825,26.5825,26.5825,24
2022-12-09,26.525,26.525,26.525,26.525,0
2022-12-12,26.865,26.865,26.865,26.865,6
2022-12-13,27.2604,27.2604,27.2604,27.2604,0
2022-12-14,27.0227,27.0227,27.0227,27.0227,0
2022-12-15,26.2269,26.2269,26.2269,26.2269,116
2022-12-16,26.0118,26.0118,26.0118,26.0118,1
2022-12-19,25.7045,25.7045,25.7045,25.7045,1
2022-12-20,25.7593,25.7593,25.7593,25.7593,0
2022-12-21,26.1668,26.1668,26.1668,26.1668,6
2022-12-22,25.7251,25.7251,25.7251,25.7251,2
2022-12-23,25.8696,25.0775,25.8696,25.8696,0
2022-12-27,24.8593,24.8593,24.8593,24.8593,0
2022-12-28,24.5665,24.5665,24.5665,24.5665,0
2022-12-29,24.82,25.1458,25.19,24.82,9539
2022-12-30,25.1201,25.1201,25.1201,25.1201,1
2023-01-03,25.2018,25.2018,25.2018,25.2018,0
2023-01-04,25.6124,25.6124,25.6124,25.6124,0
2023-01-05,25.39,25.3548,25.39,25.3548,800
2023-01-06,25.27,25.9123,25.915,25.27,881
2023-01-09,26.0562,26.0562,26.0562,26.0562,0
2023-01-10,26.2716,26.2716,26.2716,26.2716,2
2023-01-11,26.6585,26.6585,26.6585,26.6585,40
2023-01-12,26.882,26.882,26.882,26.882,98
2023-01-13,27.0872,27.0872,27.0872,27.0872,0
2023-01-17,27.0053,27.0053,27.0053,27.0053,6
2023-01-18,26.79,26.6929,26.79,26.6929,100
2023-01-19,26.4942,26.4942,26.4942,26.4942,5
2023-01-20,27.2566,27.2566,27.2566,27.2566,0
2023-01-23,27.7859,27.7859,27.7859,27.7859,0
2023-01-24,27.6197,27.6197,27.6197,27.6197,0
2023-01-25,27.7351,27.7351,27.7351,27.7351,0
2023-01-26,28.1029,28.1029,28.1029,28.1029,0
2023-01-27,28.2871,28.2871,28.2871,28.2871,0
2023-01-30,27.8237,27.8237,27.8237,27.8237,0
2023-01-31,28.2712,28.2712,28.2712,28.2712,0
2023-02-01,28.7167,28.7167,28.7167,28.7167,0
2023-02-02,29.31,29.462,29.462,29.3,1601
2023-02-03,29.1059,29.1059,29.1059,29.1059,5
2023-02-06,28.8482,28.8482,28.8482,28.8482,0
2023-02-07,29.3269,29.3269,29.3269,29.3269,0
2023-02-08,28.9081,28.9081,28.9081,28.9081,0
2023-02-09,28.6035,28.6035,28.6035,28.6035,37
2023-02-10,28.4495,28.4495,28.4495,28.4495,0
2023-02-13,28.8374,28.8374,28.8374,28.8374,0
2023-02-14,28.9305,28.9305,28.9305,28.9305,0
2023-02-15,29.0019,29.0019,29.0019,29.0019,0
2023-02-16,28.5116,28.5116,28.5116,28.5116,0
2023-02-17,28.2926,28.2926,28.2926,28.2926,0
2023-02-21,27.6053,27.6053,27.6053,27.6053,0
2023-02-22,27.6252,27.6252,27.6252,27.6252,0
2023-02-23,27.8311,27.8311,27.8311,27.8311,0
2023-02-24,27.43,27.4121,27.43,27.4121,100
2023-02-27,27.5115,27.5115,27.5115,27.5115,0
2023-02-28,27.5353,27.5353,27.5353,27.5353,0
2023-03-01,27.4194,27.4194,27.4194,27.4194,0
2023-03-02,27.7004,27.7004,27.7004,27.7004,0
2023-03-03,28.2688,28.2688,28.2688,28.2688,0
2023-03-06,28.1647,28.1647,28.1647,28.1647,0
2023-03-07,27.7084,27.7084,27.7084,27.7084,0
2023-03-08,27.7003,27.7003,27.7003,27.7003,0
2023-03-09,26.9848,26.9848,26.9848,26.9848,0
2023-03-10,26.2976,26.2976,26.2976,26.2976,0
2023-03-13,26.0638,26.0638,26.0638,26.0638,40
2023-03-14,26.6208,26.6208,26.6208,26.6208,0
2023-03-15,26.3563,26.3563,26.3563,26.3563,0
2023-03-16,26.9421,26.9421,26.9421,26.9421,0
2023-03-17,26.5473,26.5473,26.5473,26.5473,0
2023-03-20,26.7968,26.7968,26.7968,26.7968,0
2023-03-21,27.4212,27.4212,27.4212,27.4212,0
2023-03-22,26.9349,26.9349,26.9349,26.9349,0
2023-03-23,27.0032,27.0032,27.0032,27.0032,0
2023-03-24,26.9835,26.9835,26.9835,26.9835,0
2023-03-27,27.1668,27.1668,27.1668,27.1668,0
2023-03-28,27.0827,27.0827,27.0827,27.0827,0
2023-03-29,27.5432,27.5432,27.5432,27.5432,0
2023-03-30,27.6755,27.6755,27.6755,27.6755,0
2023-03-31,28.1857,28.1857,28.1857,28.1857,0
2023-04-03,28.2318,28.2318,28.2318,28.2318,0
2023-04-04,28.0407,28.0407,28.0407,28.0407,0
2023-04-05,27.8198,27.7424,27.8198,27.8198,0
2023-04-06,27.9048,27.9048,27.9048,27.9048,0
2023-04-10,27.9366,27.9366,27.9366,27.9366,0
2023-04-11,28.01,28.0234,28.13,28.01,860
2023-04-12,27.7886,27.7886,27.7886,27.7886,1
2023-04-13,28.2374,28.2374,28.2374,28.2374,0
2023-04-14,28.2462,28.2462,28.2462,28.2462,21
2023-04-17,28.305,28.305,28.305,28.305,0
2023-04-18,28.3454,28.3454,28.3454,28.3454,0
2023-04-19,28.3303,28.3303,28.3303,28.3303,27
2023-04-20,28.0718,28.0718,28.0718,28.0718,2
2023-04-21,28.1448,28.1448,28.1448,28.1448,0
2023-04-24,28.1332,28.1332,28.1332,28.1332,36
2023-04-25,27.95,27.5885,27.95,27.5885,179
2023-04-26,27.4854,27.4854,27.4854,27.4854,0
2023-04-27,28.1727,28.1727,28.1727,28.1727,0
2023-04-28,28.447,28.447,28.447,28.447,2
2023-05-01,28.4667,28.4667,28.4667,28.4667,30
2023-05-02,28.0119,28.0119,28.0119,28.0119,1
2023-05-03,27.849,27.849,27.849,27.849,0
2023-05-04,27.5828,27.5828,27.5828,27.5828,0
2023-05-05,28.0888,28.0888,28.0888,28.0888,0
2023-05-08,28.1308,28.1308,28.1308,28.1308,0
2023-05-09,28.0441,28.0441,28.0441,28.0441,0
2023-05-10,28.1831,28.1831,28.1831,28.1831,0
2023-05-11,28.2269,28.2269,28.2269,28.2269,0
2023-05-12,28.0913,28.0913,28.0913,28.0913,0
2023-05-15,28.3008,28.3008,28.3008,28.3008,0
2023-05-16,28.1467,28.1467,28.1467,28.1467,0
2023-05-17,28.6382,28.6382,28.6382,28.6382,0
2023-05-18,29.1021,29.1021,29.1021,29.1021,0
2023-05-19,28.9805,28.9805,28.9805,28.9805,0
