2022-05-10,10.35,8.66,10.8622,8.15,380811
2022-05-11,8.49,9.37,11.625,8.2,2449009
2022-05-12,8.44,6.44,8.44,6.06,822212
2022-05-13,6.5,6.35,6.77,6.015,481011
2022-05-16,6.53,7.63,7.7,5.685,1005514
2022-05-17,7.71,8.53,10.18,7.7,1089120
2022-05-18,8.4,7.09,9.1,6.92,356207
2022-05-19,6.96,8.35,8.56,6.89,483022
2022-05-20,9.98,8.87,11.84,8.14,2958762
2022-05-23,10.25,9.09,10.25,8.36,308506
2022-05-24,8.67,9.7,10.15,8.36,780231
2022-05-25,9.58,9.05,10.75,9.04,376983
2022-05-26,9.16,9.43,10.18,9.09,356490
2022-05-27,9.56,9.33,10.27,9.2,224709
2022-05-31,9.38,8.71,9.94,8.61,209550
2022-06-01,8.56,10.1,10.15,8.56,206585
2022-06-02,10.11,9.8,10.24,9.28,130803
2022-06-03,9.75,9.96,10.09,9.5,56878
2022-06-06,10.08,7.58,10.199,7.45,489121
2022-06-07,7.71,8.43,9.485,7.45,1003041
2022-06-08,8.02,8.19,8.79,8.02,118894
2022-06-09,8.05,7.94,8.2338,7.83,102936
2022-06-10,8.53,7.67,8.53,7.59,83773
2022-06-13,7.5,7.91,8.0,7.31,163491
2022-06-14,8.25,7.89,8.375,7.83,88906
2022-06-15,7.9,7.34,7.99,7.27,48438
2022-06-16,7.06,7.41,7.99,7.0,188023
2022-06-17,7.49,7.44,7.6596,7.13,44741
2022-06-21,7.31,7.31,7.5,7.21,83285
2022-06-22,7.22,6.56,7.3327,6.51,178520
2022-06-23,6.51,6.18,6.73,6.0,139294
2022-06-24,6.18,6.34,7.0,6.11,111979
2022-06-27,6.58,5.88,6.7,5.88,72006
2022-06-28,5.98,5.45,6.0,5.31,276281
2022-06-29,5.49,5.95,6.25,5.3,95565
2022-06-30,5.87,6.2,6.35,5.65,58952
2022-07-01,6.25,6.6,6.73,6.25,46057
2022-07-05,6.52,6.39,7.13,6.23,88445
2022-07-06,6.13,6.2,6.34,6.13,9629
2022-07-07,6.2,6.11,6.64,5.84,56070
2022-07-08,6.58,6.22,6.61,6.05,26880
2022-07-11,6.12,5.87,6.17,5.74,13415
2022-07-12,5.76,6.35,6.3837,5.76,30680
2022-07-13,6.4,6.28,6.55,6.1616,23150
2022-07-14,6.19,6.68,6.9787,6.19,108943
2022-07-15,6.99,6.71,6.99,6.553,53448
2022-07-18,6.7,6.68,6.75,6.4,23753
2022-07-19,6.74,6.45,7.0,6.0,207290
2022-07-20,6.67,6.94,7.2,6.3727,55578
2022-07-21,6.96,7.19,7.8248,6.3301,233389
2022-07-22,7.23,8.31,9.0,6.8,430569
2022-07-25,9.65,8.23,10.48,8.23,257903
2022-07-26,8.05,8.19,8.34,7.85,144134
2022-07-27,9.41,8.67,9.62,8.62,211558
2022-07-28,8.69,8.5,9.44,8.48,161572
2022-07-29,8.67,7.69,9.1,7.66,94486
2022-08-01,7.69,8.25,8.46,7.69,98712
2022-08-02,8.01,7.69,8.4,7.69,70583
2022-08-03,7.67,7.62,7.78,7.25,47504
2022-08-04,7.59,7.15,8.3399,7.0,45874
2022-08-05,7.06,7.56,7.7,7.06,28064
2022-08-08,7.5,7.59,8.0,7.31,27084
2022-08-09,7.79,7.14,7.79,7.14,29983
2022-08-10,7.2,7.23,7.47,7.01,46634
2022-08-11,7.63,7.39,7.8,7.265,70055
2022-08-12,7.43,7.74,8.28,7.38,58696
2022-08-15,7.55,7.33,7.73,6.89,38391
2022-08-16,7.29,7.02,7.45,6.871,72125
2022-08-17,6.99,7.01,7.29,6.84,55128
2022-08-18,7.04,7.14,7.42,7.03,32061
2022-08-19,7.16,7.38,7.3916,7.0038,116843
2022-08-22,7.35,7.97,8.07,7.05,164855
2022-08-23,7.95,7.1,8.2,7.1,68855
2022-08-24,7.09,6.8,7.4839,6.8,60929
2022-08-25,6.8,6.97,7.19,6.75,34654
2022-08-26,7.15,6.89,7.2888,6.8,17994
2022-08-29,6.93,6.81,6.95,6.75,14537
2022-08-30,6.75,6.21,6.7501,6.2,58857
2022-08-31,6.23,6.68,6.7,6.23,20364
2022-09-01,6.43,6.41,6.73,6.41,14780
2022-09-02,6.26,6.28,6.38,6.1,12480
2022-09-06,6.16,6.03,7.02,6.03,14253
2022-09-07,6.03,6.16,6.3423,6.0,33499
2022-09-08,7.38,7.39,7.49,6.65,185509
2022-09-09,8.1,7.71,8.66,7.59,220964
2022-09-12,8.47,8.15,8.51,8.01,174999
2022-09-13,8.15,8.7,8.8899,7.82,140739
2022-09-14,9.0,9.61,9.99,8.72,219548
2022-09-15,9.96,10.63,11.0,9.84,171175
2022-09-16,10.21,11.1,12.0,10.07,324879
2022-09-19,10.5,11.23,12.0,10.5,234811
2022-09-20,10.99,11.73,12.3,10.9237,161136
2022-09-21,12.35,12.38,12.7,11.73,242402
2022-09-22,12.31,12.3,13.34,12.1,269291
2022-09-23,11.98,11.78,12.25,11.61,131341
2022-09-26,11.9,12.29,12.37,11.6215,87174
2022-09-27,12.44,10.02,12.4999,9.9,209254
2022-09-28,10.39,11.02,11.28,10.0812,78354
2022-09-29,11.0,9.94,11.0,9.76,53246
2022-09-30,9.8,9.24,10.4944,9.01,129596
2022-10-03,9.17,7.89,9.17,7.83,141107
2022-10-04,7.86,8.19,8.4288,7.7346,69975
2022-10-05,8.24,7.92,8.34,7.7,42030
2022-10-06,7.93,8.03,8.1999,7.7001,96646
2022-10-07,7.77,7.64,7.796,7.5,67537
2022-10-10,7.5,8.12,8.23,7.5,21834
2022-10-11,8.54,8.24,8.56,8.0,31191
2022-10-12,8.15,8.28,8.42,8.0393,30906
2022-10-13,8.47,8.2,8.47,8.0,26939
2022-10-14,8.29,7.99,8.68,7.91,28864
2022-10-17,8.52,8.33,8.52,7.9,40455
2022-10-18,8.27,8.05,8.3504,7.9,24058
2022-10-19,8.05,8.22,8.49,7.92,28431
2022-10-20,8.2,9.03,9.35,8.2,71917
2022-10-21,8.83,9.79,9.9798,8.83,31497
2022-10-24,10.3,10.95,11.11,9.8854,124144
2022-10-25,10.95,9.63,10.99,9.46,56787
2022-10-26,9.46,9.89,10.32,9.46,44582
2022-10-27,10.4,11.06,11.08,9.85,54793
2022-10-28,10.91,10.55,11.1,10.1,26234
2022-10-31,10.28,10.58,10.915,10.28,39070
2022-11-01,10.42,10.17,10.79,10.15,11676
2022-11-02,10.1,10.11,10.75,9.8,41379
2022-11-03,9.85,10.7,10.99,9.5101,37059
2022-11-04,10.85,10.63,10.85,10.2968,20217
2022-11-07,10.34,10.48,10.77,10.2055,31993
2022-11-08,10.53,10.46,10.785,10.45,9647
2022-11-09,11.33,10.64,11.75,10.41,38960
2022-11-10,10.69,10.4,11.4899,10.2603,38196
2022-11-11,10.27,10.26,10.9,10.2554,21680
2022-11-14,10.09,10.42,10.82,10.0,36893
2022-11-15,10.06,10.43,10.68,10.06,12334
2022-11-16,10.31,9.9,10.4,9.66,25471
2022-11-17,9.82,9.85,10.3,9.18,30193
2022-11-18,9.54,9.49,9.91,9.35,26602
2022-11-21,9.6,8.79,9.6,8.69,30987
2022-11-22,8.64,8.12,9.49,7.9,78867
2022-11-23,8.09,8.0,8.52,7.89,31084
2022-11-25,8.22,8.39,8.63,8.22,9878
2022-11-28,8.17,8.21,8.99,8.0525,19298
2022-11-29,8.44,8.08,8.53,8.0,5885
2022-11-30,7.89,8.36,8.4899,7.89,11426
2022-12-01,8.66,8.46,8.66,8.39,6595
2022-12-02,8.39,8.25,8.4793,7.9801,11692
2022-12-05,8.13,7.98,8.285,7.92,14482
2022-12-06,7.85,7.95,8.2902,7.65,15049
2022-12-07,7.97,7.61,8.2399,7.5,21943
2022-12-08,7.5,7.7,7.9199,7.5,4875
2022-12-09,7.555,8.0,8.14,7.555,11569
2022-12-12,8.37,7.94,8.37,7.92,10794
2022-12-13,7.95,7.7,8.154,7.5,18989
2022-12-14,7.6,7.6,7.95,7.55,13213
2022-12-15,7.69,7.62,7.82,7.5811,6952
2022-12-16,7.56,7.35,7.94,7.3,7440
2022-12-19,7.09,7.0,7.2,6.9,46805
2022-12-20,7.09,7.51,7.76,7.04,18006
2022-12-21,7.82,7.66,7.82,7.19,15770
2022-12-22,7.74,7.42,7.74,7.4,11341
2022-12-23,7.7,7.49,7.7,7.12,25451
2022-12-27,7.35,7.15,7.39,7.0,18168
2022-12-28,7.24,7.2,7.28,7.0,10663
2022-12-29,7.04,7.44,7.5,7.0,8647
2022-12-30,7.2,7.2,7.48,7.08,21998
2023-01-03,7.45,7.02,7.45,7.0,15134
2023-01-04,7.0,7.21,7.44,7.0,10016
2023-01-05,7.32,7.23,7.54,7.0623,22854
2023-01-06,7.32,7.65,8.12,7.32,20314
2023-01-09,7.65,7.87,8.01,7.65,14021
2023-01-10,7.77,7.85,7.98,7.6,5662
2023-01-11,7.87,7.9,8.0,7.87,7239
2023-01-12,7.84,7.77,8.22,7.5501,17304
2023-01-13,7.75,7.85,8.1,7.7362,7606
2023-01-17,7.27,7.24,7.84,7.195,40255
2023-01-18,7.28,7.57,7.68,7.25,12909
2023-01-19,7.79,7.25,7.79,7.22,17147
2023-01-20,7.21,7.3399,7.88,7.21,21217
2023-01-23,6.99,6.69,7.2199,6.11,153617
2023-01-24,6.36,6.52,6.61,6.36,39427
2023-01-25,6.45,6.61,6.61,6.45,23974
2023-01-26,6.52,6.88,6.88,6.52,66576
2023-01-27,6.8,7.82,7.85,6.65,76637
2023-01-30,7.58,7.42,7.58,7.1001,38412
2023-01-31,7.33,6.96,7.67,6.82,80989
2023-02-01,6.9,6.82,7.2,6.59,47671
2023-02-02,6.82,6.76,7.18,6.76,59707
2023-02-03,7.0,6.91,7.12,6.6,41678
2023-02-06,6.74,6.75,7.12,6.7,32851
2023-02-07,7.0,6.71,7.0,6.4501,71581
2023-02-08,6.77,6.65,6.77,6.325,48474
2023-02-09,6.55,6.39,6.7,6.33,36071
2023-02-10,6.31,6.26,6.57,6.25,30943
2023-02-13,6.3,6.3,6.43,6.24,22420
2023-02-14,6.3,6.18,6.3622,6.14,44655
2023-02-15,6.12,6.1,6.33,6.0413,32524
2023-02-16,6.03,6.19,6.26,5.9015,49212
2023-02-17,6.22,6.2,6.39,6.03,17334
2023-02-21,6.2,6.25,6.4,6.0499,23363
2023-02-22,6.25,6.02,6.25,5.98,32166
2023-02-23,5.99,5.68,6.0,5.51,83394
2023-02-24,5.71,5.61,5.78,5.54,40289
2023-02-27,5.68,5.58,5.76,5.3901,31965
2023-02-28,5.58,5.46,5.65,5.35,22065
2023-03-01,5.64,6.0,6.21,5.36,170674
2023-03-02,6.15,6.08,6.4971,6.0,121833
2023-03-03,6.25,6.4,6.54,6.1296,55734
2023-03-06,6.45,6.5,6.6,6.25,76133
2023-03-07,6.47,6.27,6.58,6.2515,13280
2023-03-08,6.27,6.03,6.44,6.0,43559
2023-03-09,6.08,5.73,6.12,5.59,37456
2023-03-10,5.68,5.6,5.83,5.47,40716
2023-03-13,5.47,5.54,5.63,5.1,46959
2023-03-14,5.45,5.71,5.8,5.45,16682
2023-03-15,5.57,5.74,5.88,5.5401,16345
2023-03-16,5.57,6.07,6.33,5.57,19385
2023-03-17,6.07,6.03,6.41,5.8102,31626
2023-03-20,6.03,5.99,6.25,5.99,25872
2023-03-21,5.97,6.15,6.2,5.97,18956
2023-03-22,6.18,6.15,6.19,5.972,9647
2023-03-23,6.2,6.22,6.28,6.15,11860
2023-03-24,6.23,6.23,6.3,5.95,19486
2023-03-27,6.21,6.5,6.55,6.19,24854
2023-03-28,6.51,6.77,6.77,6.45,26154
2023-03-29,6.7,6.88,6.9,6.5115,36044
2023-03-30,6.95,7.0,7.05,6.85,25161
2023-03-31,6.95,7.24,7.3099,6.82,21767
2023-04-03,7.23,7.19,7.29,6.99,16338
2023-04-04,7.2047,7.18,7.31,7.0918,11140
2023-04-05,7.12,7.01,7.22,7.0,16648
2023-04-06,7.0,7.13,7.24,7.0,9414
2023-04-10,7.1858,7.13,7.4,7.13,22868
2023-04-11,7.26,7.26,7.3,7.12,17415
2023-04-12,7.3,7.43,7.54,7.1,41616
2023-04-13,7.47,7.35,7.54,7.25,11862
2023-04-14,7.24,7.25,7.5,7.02,12826
2023-04-17,7.2,7.24,7.36,7.18,10532
2023-04-18,7.19,7.33,7.38,7.19,13351
2023-04-19,7.29,7.2,7.36,7.11,10605
2023-04-20,7.02,7.62,7.62,7.02,18713
2023-04-21,7.49,7.49,7.5,7.22,27316
2023-04-24,7.34,7.53,7.64,7.1915,25901
2023-04-25,7.34,7.49,7.49,7.1895,20087
2023-04-26,7.17,7.32,7.49,7.04,19686
2023-04-27,7.24,7.62,7.77,7.1678,26063
2023-04-28,7.5,7.8,7.835,7.23,16777
2023-05-01,7.5,7.93,7.93,7.5,21803
2023-05-02,7.83,7.9,7.95,7.6801,14156
2023-05-03,7.71,8.07,8.13,7.68,45373
2023-05-04,7.87,7.75,8.13,7.51,121070
