2011-08-08,6.0E-4,6.0E-4,6.0E-4,6.0E-4,1666
2011-09-22,6.0E-4,6.0E-4,6.0E-4,6.0E-4,3333
2011-10-13,6.0E-4,6.0E-4,6.0E-4,6.0E-4,333
2011-12-16,6.0E-4,6.0E-4,6.0E-4,6.0E-4,25000
2011-12-28,6.0E-4,6.0E-4,6.0E-4,6.0E-4,1666
2012-02-17,6.0E-4,6.0E-4,6.0E-4,6.0E-4,333
2012-03-14,6.0E-4,6.0E-4,6.0E-4,6.0E-4,9965
2012-04-27,6.0E-4,6.0E-4,6.0E-4,6.0E-4,500
2012-05-11,0.006,0.006,0.006,0.006,90000
2012-06-26,6.0E-4,6.0E-4,6.0E-4,6.0E-4,6266
2012-08-13,6.0E-4,6.0E-4,6.0E-4,6.0E-4,133
2012-08-24,6.0E-4,6.0E-4,6.0E-4,6.0E-4,20000
2013-09-24,6.0E-4,6.0E-4,6.0E-4,6.0E-4,93568
2013-11-20,6.0E-4,6.0E-4,6.0E-4,6.0E-4,30000
2014-01-24,6.0E-4,6.0E-4,6.0E-4,6.0E-4,167
2014-03-03,6.0E-4,6.0E-4,6.0E-4,6.0E-4,200000
2014-06-09,7.0E-4,7.0E-4,7.0E-4,7.0E-4,0
2014-07-08,7.0E-4,7.0E-4,7.0E-4,7.0E-4,1001
2014-07-10,0.01,0.01,0.01,0.01,100
2014-09-04,0.001,0.001,0.001,0.001,334
2014-10-08,0.0015,0.0015,0.0015,0.0015,2000
2014-11-05,0.0015,0.0015,0.0015,0.0015,166
2015-03-02,0.0017,0.0017,0.0017,0.0017,433
2015-03-10,0.0018,0.0018,0.0018,0.0018,98816
2015-03-11,NaN,0.0018,NaN,NaN,0
2015-04-14,0.0019,0.0019,0.0019,0.0019,366
2015-07-22,0.002,0.002,0.002,0.002,10000
2015-09-18,0.002,0.002,0.002,0.002,261902
2015-12-02,0.0014,0.0014,0.0014,0.0014,333
2016-01-19,0.0014,0.0014,0.0014,0.0014,36666
2016-02-11,0.003148,0.003148,0.003148,0.003148,216
2016-03-24,0.0014,0.0014,0.0014,0.0014,10000
2016-04-11,0.003,0.003,0.003,0.003,10000
2016-04-14,0.0035,0.0035,0.0035,0.0035,10000
2016-04-19,0.0066,0.0066,0.0066,0.0066,33166
2016-04-20,0.0066,0.0066,0.0066,0.0066,0
2016-04-21,0.0066,0.0066,0.0066,0.0066,0
2016-04-22,0.0066,0.0066,0.0066,0.0066,0
2016-04-25,0.005,0.005,0.005,0.005,10000
2016-04-26,0.005,0.005,0.005,0.005,0
2016-04-27,0.005,0.005,0.005,0.005,0
2016-04-28,0.005,0.005,0.005,0.005,0
2016-04-29,0.005,0.005,0.005,0.005,0
2016-05-19,0.004,0.006,0.006,0.004,124000
2016-05-20,0.006,0.004,0.006,0.004,34000
2016-05-31,0.004,0.004,0.004,0.004,50000
2016-06-01,0.004,0.004,0.004,0.004,0
2016-06-02,0.004,0.004,0.004,0.004,0
2016-06-03,0.004,0.004,0.004,0.004,0
2016-07-11,0.004,0.004,0.004,0.004,100723
2016-07-12,0.004,0.004,0.004,0.004,0
2016-07-13,0.004,0.004,0.004,0.004,0
2016-07-14,0.004,0.004,0.004,0.004,0
2016-07-15,0.004,0.004,0.004,0.004,0
2016-07-18,0.004,0.004,0.004,0.004,0
2016-07-19,0.004,0.004,0.004,0.004,0
2016-07-20,0.004,0.004,0.004,0.004,0
2016-07-21,0.004,0.004,0.004,0.004,0
2016-07-22,0.004,0.004,0.004,0.004,0
2016-07-25,0.004,0.004,0.004,0.004,0
2016-07-26,0.004,0.004,0.004,0.004,0
2016-07-27,0.004,0.004,0.004,0.004,0
2016-07-28,0.004,0.004,0.004,0.004,0
2016-07-29,0.004,0.004,0.004,0.004,0
2016-08-01,0.004,0.004,0.004,0.004,0
2016-08-02,0.004,0.004,0.004,0.004,0
2016-08-03,0.004,0.004,0.004,0.004,0
2016-08-04,0.004,0.004,0.004,0.004,0
2016-08-05,0.004,0.004,0.004,0.004,0
2016-08-26,0.004,0.003,0.004,0.003,25000
2016-09-13,0.00269,0.00269,0.00269,0.00269,201
2016-10-20,0.005,0.006,0.006,0.005,75000
2016-10-21,0.0065,0.0072,0.0089,0.006,180257
2016-10-24,0.0089,0.011,0.011,0.0089,118100
2016-10-25,0.01752,0.02,0.03,0.01752,289015
2016-10-26,0.0239,0.03,0.04,0.0239,345436
2016-10-27,0.03958,0.036,0.03958,0.036,360000
2016-10-28,0.04,0.0432,0.045,0.039,180000
2016-10-31,0.048,0.05425,0.055,0.048,95100
2016-11-01,0.055,0.058,0.058,0.045,265100
2016-11-02,0.05,0.0696,0.07,0.05,111451
2016-11-03,0.07,0.075,0.075,0.07,58000
2016-11-04,0.075,0.077,0.089,0.0749,239796
2016-11-07,0.092,0.093,0.093,0.08,26446
2016-11-08,0.098,0.1,0.1,0.098,40000
2016-11-09,0.1,0.122,0.122,0.1,75800
2016-11-10,0.1,0.129,0.129,0.1,69900
2016-11-11,0.139,0.139,0.139,0.11,52000
2016-11-14,0.12,0.1,0.159,0.1,113685
2016-11-15,0.1197,0.11,0.12,0.0999,77800
2016-11-16,0.1,0.129,0.13,0.1,54800
2016-11-17,0.125,0.169,0.169,0.125,62409
2016-11-18,0.179,0.189,0.189,0.1333,31600
2016-11-21,0.189,0.2,0.2,0.16,43100
2016-11-22,0.209,0.239,0.239,0.209,21100
2016-11-23,0.239,0.289,0.289,0.2389,60800
2016-11-25,0.299,0.3425,0.3425,0.28587,28610
2016-11-28,0.354,0.21,0.36,0.13,209155
2016-11-29,0.18,0.209,0.21,0.18,97250
2016-11-30,0.209,0.2,0.25,0.195,43700
2016-12-01,0.2299,0.185,0.2299,0.185,25750
2016-12-02,0.185,0.26,0.26,0.185,5600
2016-12-05,0.3,0.3,0.334,0.2999,16050
2016-12-06,0.35,0.35,0.398,0.35,8350
2016-12-07,0.397,0.397,0.397,0.397,3000
2016-12-08,0.31,0.4,0.4,0.31,8408
2016-12-09,0.35,0.3969,0.3969,0.3499,18873
2016-12-12,0.3969,0.3969,0.3969,0.3969,100
2016-12-13,0.375,0.38,0.38,0.375,2750
2016-12-14,0.35,0.35,0.35,0.345,5450
2016-12-15,0.34,0.35,0.35,0.34,6334
2016-12-16,0.185,0.392,0.392,0.185,1737
2016-12-20,0.2,0.28,0.28,0.1849,25300
2016-12-21,0.3,0.28,0.3,0.2,6300
2016-12-22,0.3,0.3,0.3,0.3,300
2017-01-10,0.07109,0.0501,0.07109,0.0501,15000
2017-01-13,0.0511,0.0601,0.0601,0.05,93500
2017-01-27,0.046717,0.0499,0.05,0.0344,52778
2017-02-01,0.149,0.149,0.149,0.149,1000
2017-02-02,0.1344,0.1344,0.1344,0.1344,4000
2017-02-07,0.148,0.15,0.15,0.148,35500
2017-02-13,0.1794,0.1794,0.1794,0.1794,4000
2017-02-14,0.2,0.2,0.2,0.0361,9400
2017-02-15,0.2169,0.23,0.24,0.2169,7809
2017-02-16,0.27,0.276,0.286,0.27,5250
2017-02-17,0.2888,0.29,0.29,0.2888,6700
2017-02-21,0.3,0.3,0.3,0.3,100
2017-03-10,0.295,0.0651,0.295,0.0651,1266
2017-03-13,0.275,0.29495,0.29495,0.275,700
2017-03-20,0.2939,0.294,0.294,0.2939,2100
2017-04-04,0.0352,0.0352,0.0352,0.0352,10000
2017-04-13,0.0422,0.0422,0.0422,0.0422,10000
2017-04-18,0.0533,0.082232,0.082232,0.0533,2182
2017-05-02,0.1,0.1,0.1,0.1,200
2017-05-22,0.09,0.09,0.09,0.09,100
2021-10-01,27.14,27.1,30.38,26.9,6060507
2021-10-04,28.59,25.26,29.25,23.1,1782189
2021-10-05,26.1798,22.8,26.1798,21.13,566172
2021-10-06,21.64,22.29,22.85,21.64,365442
2021-10-07,22.31,22.4,23.54,21.5,340250
2021-10-08,22.5,24.05,24.785,22.5,138764
2021-10-11,24.5,21.0,25.1599,20.7604,301095
2021-10-12,21.21,20.67,22.05,20.05,268374
2021-10-13,20.25,22.77,23.86,20.25,139608
2021-10-14,22.98,20.2,23.69,19.85,165513
2021-10-15,20.5,21.04,21.67,20.5,131849
2021-10-18,21.48,19.36,21.5822,19.165,55550
2021-10-19,19.47,20.14,20.2,19.4216,132015
2021-10-20,20.03,20.69,20.99,20.0001,36404
2021-10-21,20.81,21.15,21.4858,20.8001,74553
2021-10-22,22.2,22.2,22.85,22.2,140305
2021-10-25,23.31,23.49,24.27,22.24,180323
2021-10-26,23.11,21.51,23.133,21.5,73982
2021-10-27,21.06,20.0,21.675,19.6,228003
2021-10-28,20.0,20.97,21.245,20.0,23837
2021-10-29,20.75,22.19,22.55,20.32,99420
2021-11-01,22.37,20.75,22.9,20.55,60945
2021-11-02,20.9,20.71,21.89,20.55,14633
2021-11-03,21.06,21.37,21.37,20.25,23060
2021-11-04,21.49,22.38,22.67,21.013,45157
2021-11-05,22.55,22.42,22.88,20.745,123937
2021-11-08,22.42,22.03,22.97,21.4697,33567
2021-11-09,22.03,21.1,22.3204,20.955,28432
2021-11-10,21.0,20.59,22.96,20.55,32430
2021-11-11,20.59,20.82,20.99,20.34,114973
2021-11-12,20.72,20.83,21.6,20.54,68736
2021-11-15,21.0,19.92,21.6702,19.9,91378
2021-11-16,20.14,20.57,20.7336,20.01,32229
2021-11-17,20.1,21.27,21.27,20.1,106932
2021-11-18,21.27,20.28,21.27,20.0,175132
2021-11-19,21.59,20.55,21.59,20.105,35274
2021-11-22,20.5,19.73,21.5,19.5,47766
2021-11-23,19.43,19.55,20.7658,19.21,86661
2021-11-24,20.03,21.23,21.477,20.03,10986
2021-11-26,21.2,19.84,21.2,19.03,62003
2021-11-29,20.58,21.89,22.2,19.93,51688
2021-11-30,21.77,21.8,21.836,21.12,10919
2021-12-01,21.7,21.5,21.7899,21.11,7774
2021-12-02,21.49,20.49,21.74,20.28,9440
2021-12-03,20.48,19.62,21.23,19.44,15967
2021-12-06,20.09,20.0,20.5699,19.5,15649
2021-12-07,19.56,21.3,21.48,19.56,24722
2021-12-08,21.36,22.7,23.41,21.055,36995
2021-12-09,23.0,24.13,24.5,22.28,63090
2021-12-10,23.41,22.72,24.99,22.72,44033
2021-12-13,22.72,19.95,23.93,19.65,50180
2021-12-14,19.41,19.25,21.54,19.04,58856
2021-12-15,20.38,19.7,21.3898,17.75,139270
2021-12-16,21.3,20.12,21.3,17.95,184352
2021-12-17,20.01,19.66,21.01,18.82,114961
2021-12-20,20.11,19.46,21.23,18.1,160198
2021-12-21,21.06,19.15,21.06,18.51,125728
2021-12-22,19.88,19.8,20.1,18.33,154305
2021-12-23,19.63,19.54,20.055,18.63,121823
2021-12-27,19.505,19.16,20.5,18.8,122219
2021-12-28,18.9,19.21,20.4,18.9,153795
2021-12-29,19.4,17.63,19.76,17.02,181728
2021-12-30,18.46,19.18,19.38,18.05,53135
2021-12-31,19.4,19.76,19.96,18.85,69647
2022-01-03,20.01,20.31,20.55,19.13,30407
2022-01-04,20.58,20.61,21.74,19.5,44537
2022-01-05,20.61,18.57,20.61,18.22,32771
2022-01-06,19.08,18.19,19.31,17.47,31119
2022-01-07,20.24,20.06,20.33,17.61,427457
2022-01-10,20.25,19.51,20.27,19.205,227787
2022-01-11,19.48,19.02,19.48,18.135,172265
2022-01-12,18.64,18.6,19.0,18.2861,53845
2022-01-13,18.31,18.01,19.01,17.97,74909
2022-01-14,17.64,18.8,18.85,17.64,30981
2022-01-18,18.84,21.05,22.82,18.14,494960
2022-01-19,24.0,22.05,24.7399,21.88,773411
2022-01-20,23.13,20.0,23.13,20.0,481793
2022-01-21,20.24,18.31,20.5135,18.11,401215
2022-01-24,18.05,18.09,18.68,15.8101,336884
2022-01-25,17.97,17.13,17.97,16.3,166635
2022-01-26,17.3,16.77,17.829,16.2,156707
2022-01-27,16.75,15.86,17.16,15.5918,139773
2022-01-28,15.95,15.12,16.08,14.86,180333
2022-01-31,15.64,17.9,18.27,15.6,195910
2022-02-01,18.24,18.8,19.25,17.55,214284
2022-02-02,19.34,18.64,19.4,18.61,216088
2022-02-03,19.01,18.06,19.01,17.05,172738
2022-02-04,18.96,16.97,19.37,16.0702,556449
2022-02-07,18.79,19.4,20.3648,18.16,600093
2022-02-08,20.44,21.16,21.428,18.668,633497
2022-02-09,21.64,20.06,21.94,19.95,448568
2022-02-10,20.41,21.16,21.9369,20.02,330332
2022-02-11,21.2,21.82,22.99,21.05,295531
2022-02-14,22.4,19.89,22.4,19.41,262842
2022-02-15,20.04,19.88,21.015,19.88,185536
2022-02-16,20.05,20.26,20.91,19.9,190012
2022-02-17,20.58,18.42,20.65,18.3642,239360
2022-02-18,18.42,17.87,19.2772,17.56,163919
2022-02-22,17.84,16.38,18.1,15.94,286751
2022-02-23,16.7,14.96,16.9899,14.73,312574
2022-02-24,13.96,15.78,15.78,13.2,332001
2022-02-25,16.19,15.83,16.31,15.5,119172
2022-02-28,15.83,16.93,17.21,15.7222,183767
2022-03-01,16.8,15.5,17.39,15.34,148874
2022-03-02,15.46,14.33,15.5218,13.9,291667
2022-03-03,14.27,12.97,14.5,12.59,293936
2022-03-04,12.8,11.52,13.4947,11.5,264896
2022-03-07,11.36,11.76,11.99,11.1,167081
2022-03-08,11.76,13.26,13.4799,11.3001,321717
2022-03-09,14.66,15.79,16.1,14.1624,400007
2022-03-10,15.77,15.02,15.8,14.11,206282
2022-03-11,15.05,14.43,15.6468,14.26,114733
2022-03-14,14.77,13.23,14.97,12.88,201430
2022-03-15,14.43,14.0,14.8599,13.89,284112
2022-03-16,14.76,14.6,15.622,14.25,180191
2022-03-17,14.72,15.8,16.1,14.61,177921
2022-03-18,15.7,16.35,17.6609,15.62,217779
2022-03-21,16.5,15.95,16.93,15.63,187814
2022-03-22,16.1,15.62,16.5,15.62,223031
2022-03-23,15.84,15.2,16.53,15.02,232475
2022-03-24,15.35,14.61,15.86,14.1,233493
2022-03-25,14.61,13.9,15.08,13.9,220627
2022-03-28,13.9,13.51,14.3999,13.305,150341
2022-03-29,13.52,14.55,15.11,13.52,141738
2022-03-30,14.36,14.14,15.16,14.12,98877
2022-03-31,14.22,14.4,14.77,13.825,107890
2022-04-01,14.2,14.93,15.28,14.2,96192
2022-04-04,15.27,14.32,15.34,14.29,142417
2022-04-05,14.03,13.43,14.25,13.31,150740
2022-04-06,13.25,13.93,14.44,13.1,94246
2022-04-07,13.94,13.51,14.23,13.27,99635
2022-04-08,13.68,12.78,13.68,12.66,114845
2022-04-11,12.99,12.08,13.0,11.79,227407
2022-04-12,12.16,12.35,12.6359,12.0,161649
2022-04-13,12.79,15.08,15.269,12.6,257628
2022-04-14,14.75,14.36,14.94,14.1927,66852
2022-04-18,14.6,13.7,15.48,13.495,101367
2022-04-19,13.74,14.19,14.34,13.15,65671
2022-04-20,14.04,13.39,14.6,13.28,74990
2022-04-21,13.72,12.65,13.72,12.46,87764
2022-04-22,13.3,13.23,13.41,12.51,69507
2022-04-25,13.39,13.67,14.0,13.2,57114
2022-04-26,13.7,12.39,13.7461,12.26,86356
2022-04-27,12.39,11.51,12.76,11.5,114659
2022-04-28,11.52,10.98,11.52,10.21,154705
2022-04-29,10.85,10.76,11.49,10.71,95890
2022-05-02,10.61,11.02,11.6745,10.5701,74222
2022-05-03,11.25,11.0,11.25,10.41,94412
2022-05-04,11.14,11.07,11.155,10.09,91293
2022-05-05,10.92,9.82,10.92,9.2401,169772
2022-05-06,9.57,9.64,9.98,9.0434,96932
2022-05-09,9.29,8.83,9.6,8.7,160841
2022-05-10,8.9,8.1,9.035,8.0,246766
2022-05-11,8.24,6.92,8.3785,6.8496,389231
2022-05-12,6.58,7.93,8.06,6.56,162943
2022-05-13,8.0,8.33,8.46,7.92,98643
2022-05-16,8.3,8.84,9.11,8.2,133161
2022-05-17,8.89,9.45,9.49,8.83,81253
2022-05-18,9.29,9.8,10.1,9.28,120011
2022-05-19,9.84,9.9,10.1234,8.87,116982
2022-05-20,10.1,11.2,11.44,10.05,209815
2022-05-23,11.48,10.19,11.48,9.65,141939
2022-05-24,9.88,9.81,10.1167,9.54,76952
2022-05-25,9.85,10.05,10.44,9.75,64387
2022-05-26,10.04,10.67,10.75,10.04,51420
2022-05-27,10.76,11.8,11.82,10.53,104056
2022-05-31,11.83,11.77,12.39,11.24,111664
2022-06-01,11.62,11.7,12.04,11.5,63254
2022-06-02,11.79,13.54,13.61,11.68,179412
2022-06-03,13.46,13.05,13.52,12.79,149584
2022-06-06,13.21,12.52,13.23,12.36,171135
2022-06-07,12.36,13.39,13.39,12.15,244700
2022-06-08,15.43,15.97,16.45,14.86,704012
2022-06-09,16.02,15.21,16.45,14.66,240989
2022-06-10,14.6,14.78,15.0999,13.73,192197
2022-06-13,14.44,12.42,14.44,12.2501,350228
2022-06-14,12.35,12.0,12.7,11.725,305894
2022-06-15,12.29,12.3,12.7,11.91,194843
2022-06-16,11.98,12.0,12.22,11.74,116803
2022-06-17,12.0,12.98,13.02,11.875,224485
2022-06-21,13.25,13.0,14.27,12.76,132180
2022-06-22,12.57,13.1,13.29,12.56,101425
2022-06-23,13.08,13.6,13.68,12.99,71271
2022-06-24,13.67,13.7,13.82,13.0113,89771
2022-06-27,13.77,12.52,13.77,12.39,86581
2022-06-28,12.44,11.09,12.95,11.09,125587
2022-06-29,10.99,10.68,11.0,10.115,209816
2022-06-30,10.35,10.89,11.22,10.03,93350
2022-07-01,11.1,11.29,11.38,10.5,51070
2022-07-05,10.95,12.05,12.12,10.8442,104994
2022-07-06,12.2,11.71,12.2,11.415,55939
2022-07-07,11.7,11.93,12.22,11.7,114042
2022-07-08,11.82,11.3,12.01,11.112,46389
2022-07-11,11.13,10.45,11.13,10.28,58447
2022-07-12,10.69,10.72,11.01,10.15,71045
2022-07-13,10.54,10.97,11.0,10.335,45908
2022-07-14,10.94,10.64,11.0,10.32,40550
2022-07-15,10.74,10.01,10.74,9.63,94163
2022-07-18,10.15,9.93,10.46,9.9,63638
2022-07-19,10.04,10.72,10.88,9.9,120584
2022-07-20,10.87,11.82,12.39,10.7,264120
2022-07-21,11.8,11.66,11.81,11.36,100211
2022-07-22,11.71,10.51,11.87,10.47,95378
2022-07-25,10.96,10.74,10.99,10.25,100281
2022-07-26,10.82,10.05,10.93,9.9501,98322
2022-07-27,10.41,10.45,10.48,9.8198,58064
2022-07-28,10.48,10.19,10.58,10.0,48488
2022-07-29,10.07,9.72,10.25,9.5,138534
2022-08-01,9.62,9.32,9.98,9.29,94753
2022-08-02,9.09,9.9,10.0,9.0556,142107
2022-08-03,10.09,10.24,10.4,9.9,86920
2022-08-04,10.34,12.21,12.21,10.27,247018
2022-08-05,12.06,12.1,12.58,11.56,187120
2022-08-08,12.3,11.58,12.45,11.52,89423
2022-08-09,11.72,11.32,11.72,11.0,80017
2022-08-10,11.34,12.2,12.53,11.34,131817
2022-08-11,12.25,11.55,12.47,11.5,195215
2022-08-12,11.83,12.92,13.2,11.42,500158
2022-08-15,13.0,12.75,13.0,12.21,125830
2022-08-16,12.69,12.3,12.75,12.24,116102
2022-08-17,12.42,11.49,12.5,11.43,144031
2022-08-18,11.86,9.55,12.0,9.49,369018
2022-08-19,9.82,10.29,10.35,9.5,215954
2022-08-22,10.2,9.6,10.32,9.31,231637
2022-08-23,9.51,9.87,10.25,9.51,53329
2022-08-24,9.86,9.76,9.9399,9.63,98447
2022-08-25,9.8,9.68,9.95,9.55,160027
2022-08-26,9.56,9.82,9.87,9.43,142381
2022-08-29,9.68,9.67,10.05,9.57,72608
2022-08-30,9.67,9.64,9.71,9.4,143040
2022-08-31,9.66,9.68,9.83,9.6152,65543
2022-09-01,9.55,9.89,9.89,9.48,140366
2022-09-02,9.9,9.42,9.97,9.37,166384
2022-09-06,9.4,9.36,9.65,9.21,154492
2022-09-07,9.36,9.16,9.71,9.05,196846
2022-09-08,9.27,9.44,9.6084,9.06,81731
2022-09-09,9.5,9.02,9.5,8.95,104038
2022-09-12,9.14,9.91,10.18,9.048,162670
2022-09-13,9.79,9.13,9.89,9.13,100074
2022-09-14,9.26,9.42,9.6,9.15,55412
2022-09-15,9.52,8.91,9.52,8.91,79963
2022-09-16,9.0,8.96,9.04,8.53,150192
2022-09-19,9.25,8.19,9.25,8.0,143063
2022-09-20,8.21,8.3,8.71,8.2,132533
2022-09-21,8.42,7.74,8.42,7.6,236041
2022-09-22,7.83,7.98,8.31,7.74,173975
2022-09-23,8.01,7.36,8.01,7.23,137355
2022-09-26,7.42,7.27,7.7,7.2,93291
2022-09-27,7.2,7.68,7.85,7.2,63522
2022-09-28,7.64,8.05,8.12,7.64,65796
2022-09-29,7.83,7.89,8.05,7.7482,64641
2022-09-30,7.89,8.21,8.75,7.68,118628
2022-10-03,8.17,8.33,8.43,7.91,144290
2022-10-04,8.59,8.94,9.15,8.541,455118
2022-10-05,8.61,8.7,8.91,8.3,194020
2022-10-06,8.66,8.81,8.91,8.4803,147266
2022-10-07,8.72,8.6,8.72,8.5,37531
2022-10-10,8.62,7.8,8.62,7.71,97645
2022-10-11,7.58,7.37,7.94,7.29,98918
2022-10-12,7.56,7.29,7.61,7.2082,159228
2022-10-13,7.14,7.31,7.5,7.0,66665
2022-10-14,7.22,6.69,7.5,6.65,126685
2022-10-17,7.13,7.15,7.25,6.9105,131526
2022-10-18,7.15,7.07,7.25,6.92,110985
2022-10-19,6.94,6.92,7.14,6.8,95681
2022-10-20,7.61,7.025,7.64,6.92,237314
2022-10-21,7.03,7.1,7.2825,6.835,47813
2022-10-24,7.06,6.78,7.1,6.55,173243
2022-10-25,6.81,7.15,7.21,6.81,242123
2022-10-26,7.15,7.25,7.635,7.08,91339
2022-10-27,7.34,7.26,7.48,7.04,100621
2022-10-28,7.27,7.21,7.38,7.18,137036
2022-10-31,7.07,7.06,7.19,7.0,63394
2022-11-01,7.28,7.41,7.65,7.17,288262
2022-11-02,7.53,7.08,7.68,6.96,314745
2022-11-03,6.92,7.04,7.16,6.91,74216
2022-11-04,7.04,7.0,7.59,6.89,129773
2022-11-07,7.14,7.12,7.29,7.0,105060
2022-11-08,7.18,6.92,7.18,6.88,121956
2022-11-09,6.82,6.86,6.97,6.7613,107282
2022-11-10,7.03,7.0,7.1534,6.89,498445
2022-11-11,7.02,7.85,8.0,7.0,279697
2022-11-14,7.8,7.59,7.885,7.3,282409
2022-11-15,7.37,7.18,7.58,7.135,188503
2022-11-16,7.11,6.96,7.1299,6.9,101933
2022-11-17,6.91,6.29,6.91,6.26,157941
2022-11-18,6.41,6.37,6.97,6.3162,216796
2022-11-21,6.39,5.81,6.63,5.81,287077
2022-11-22,5.85,5.82,6.08,5.7,167763
2022-11-23,5.79,5.4,6.0,5.4,168332
2022-11-25,5.45,5.73,5.78,5.3512,81418
2022-11-28,5.94,5.56,5.98,5.52,241030
2022-11-29,5.57,5.38,5.94,5.36,192016
2022-11-30,5.53,5.7,5.8,5.3,317109
2022-12-01,5.65,5.77,5.89,5.65,175785
2022-12-02,5.73,6.14,6.28,5.6594,248719
2022-12-05,6.1,5.51,6.41,5.51,212597
2022-12-06,5.51,4.98,5.54,4.9,210910
2022-12-07,5.04,5.0,5.355,4.955,310466
2022-12-08,5.05,4.96,5.18,4.9,186088
2022-12-09,4.96,5.11,5.28,4.96,200205
2022-12-12,5.07,5.17,5.39,5.06,156290
2022-12-13,5.5,4.73,5.65,4.72,288489
2022-12-14,4.85,4.62,5.015,4.53,208788
2022-12-15,4.71,4.66,4.85,4.51,301790
2022-12-16,4.7,4.51,5.08,4.48,1257910
2022-12-19,4.61,4.38,4.6104,4.3,270822
2022-12-20,4.35,4.4,4.65,4.3,131468
2022-12-21,4.43,4.34,4.605,4.2,250372
2022-12-22,4.29,4.68,4.72,4.29,153229
2022-12-23,4.6,4.37,4.6699,4.312,167369
2022-12-27,4.36,4.1,4.38,4.09,287394
2022-12-28,4.11,4.28,4.33,4.11,180038
2022-12-29,4.34,4.99,4.99,4.301,165463
2022-12-30,4.95,5.33,5.35,4.83,161597
2023-01-03,5.57,5.61,5.8,5.43,262770
2023-01-04,5.75,5.74,5.8097,5.43,200308
2023-01-05,5.96,5.96,6.0,5.6901,158909
2023-01-06,6.13,6.07,6.59,5.69,411645
2023-01-09,6.22,6.01,6.22,5.93,105960
2023-01-10,5.99,6.01,6.16,5.875,87235
2023-01-11,5.96,6.07,6.145,5.96,52300
2023-01-12,6.06,6.49,6.56,5.7795,113254
2023-01-13,6.45,7.05,7.05,6.45,279839
2023-01-17,7.05,6.38,7.1,6.34,176584
2023-01-18,6.39,6.14,6.55,6.14,93218
2023-01-19,6.1,6.03,6.235,5.9,98920
2023-01-20,6.02,5.85,6.17,5.81,80912
2023-01-23,5.79,5.77,6.07,5.7,90893
2023-01-24,5.75,6.06,6.25,5.72,118975
2023-01-25,6.13,6.25,6.35,5.91,55167
2023-01-26,6.3,6.71,6.76,6.3,96133
2023-01-27,6.7,6.71,6.95,6.61,88081
2023-01-30,6.76,6.02,6.76,5.98,125934
2023-01-31,5.95,7.04,7.1,5.95,519150
2023-02-01,8.525,8.02,8.63,7.34,1338502
2023-02-02,8.83,8.81,9.31,8.0,874267
2023-02-03,8.74,9.0,9.66,8.65,436862
2023-02-06,9.0,9.0,9.19,8.44,542738
2023-02-07,9.0,10.8,11.52,8.9,1627122
2023-02-08,11.11,10.93,11.34,10.3,626274
2023-02-09,11.07,8.55,11.3365,8.44,834460
2023-02-10,8.78,8.07,8.88,8.03,302391
2023-02-13,8.18,7.19,8.18,7.1,478721
2023-02-14,7.19,7.43,7.84,7.18,333120
2023-02-15,7.43,7.7,7.7899,7.25,250280
2023-02-16,7.68,7.6,7.86,7.475,140844
2023-02-17,7.6,7.16,7.6,6.55,576137
2023-02-21,7.12,6.91,7.12,6.83,228749
2023-02-22,6.92,7.25,7.404,6.91,143005
2023-02-23,7.44,7.09,7.4999,6.8706,217307
2023-02-24,6.95,6.95,7.0693,6.84,490453
2023-02-27,7.05,6.34,7.16,6.2,282768
2023-02-28,6.3,6.51,6.65,6.24,107887
2023-03-01,6.45,6.6,6.65,6.29,129075
2023-03-02,6.46,6.1,6.46,6.02,203261
2023-03-03,6.15,6.77,7.03,6.03,150351
2023-03-06,6.63,6.58,6.7,6.2824,195741
2023-03-07,6.56,6.86,7.11,6.56,185520
2023-03-08,6.86,6.77,6.89,6.69,58309
2023-03-09,6.82,6.49,6.98,6.4,236862
2023-03-10,6.43,6.24,6.5612,6.12,184460
2023-03-13,6.04,6.67,6.74,6.0201,70830
2023-03-14,6.94,6.91,6.97,6.68,88818
2023-03-15,6.8,6.61,6.9341,6.47,125488
2023-03-16,6.73,6.96,6.98,6.68,126854
2023-03-17,6.86,6.48,6.9179,6.25,102110
2023-03-20,6.47,5.94,6.47,5.825,209632
2023-03-21,6.2,6.52,6.65,6.2,127289
2023-03-22,6.56,6.29,6.68,6.27,141760
2023-03-23,6.47,6.95,7.11,6.3224,785702
2023-03-24,6.94,6.25,6.95,6.13,214106
2023-03-27,6.2,5.54,6.53,5.5,330806
2023-03-28,5.51,5.44,5.7369,5.07,914961
2023-03-29,5.34,5.65,5.79,5.21,325117
2023-03-30,5.64,5.3,5.725,5.15,257187
2023-03-31,5.28,5.3,5.44,5.25,200681
2023-04-03,5.32,5.23,5.4499,5.04,181457
2023-04-04,5.2,5.04,5.24,4.95,192907
2023-04-05,5.04,5.0,5.2,4.92,235550
2023-04-06,4.99,5.04,5.18,4.9,244944
2023-04-10,5.0,4.92,5.2,4.86,133516
2023-04-11,4.91,5.45,5.45,4.8701,3264024
2023-04-12,5.72,5.31,5.7689,5.2109,187956
2023-04-13,5.35,5.68,5.83,5.35,327112
2023-04-14,5.97,4.79,6.09,4.75,619392
2023-04-17,4.82,5.31,5.545,4.8001,292139
2023-04-18,5.26,5.29,5.46,5.105,195659
2023-04-19,5.39,5.64,5.73,5.3,402778
2023-04-20,5.6,5.95,6.045,5.51,278696
2023-04-21,6.06,5.65,6.1576,5.53,161587
2023-04-24,5.68,5.13,5.87,5.0301,228844
2023-04-25,5.11,5.13,5.46,5.1,148099
2023-04-26,5.13,5.1,5.36,4.99,179184
2023-04-27,5.11,5.1,5.27,5.04,81918
2023-04-28,5.08,5.13,5.25,5.02,63864
2023-05-01,5.09,4.9,5.2,4.85,184236
2023-05-02,5.0,4.85,5.06,4.72,153498
2023-05-03,4.85,5.09,5.25,4.7434,310643
2023-05-04,5.09,5.04,5.1499,4.87,115868
