2011-05-23,19.01,18.89,19.01,18.8,15404
2011-05-24,18.89,18.8201,18.95,18.8,13348
2011-05-25,18.77,19.07,19.13,18.6327,32237
2011-05-26,19.0,19.06,19.06,18.89,14111
2011-05-27,19.18,19.101,19.21,19.07,4764
2011-05-31,19.35,19.29,19.35,19.11,10126
2011-06-01,19.27,18.86,19.27,18.86,20387
2011-06-02,18.91,18.86,18.94,18.8,21553
2011-06-03,18.74,18.76,18.82,18.68,23821
2011-06-06,18.71,18.44,18.71,18.44,27093
2011-06-07,18.49,18.48,18.59,18.48,18563
2011-06-08,18.36,18.35,18.45,18.3,34861
2011-06-09,18.32,18.37,18.45,18.27,11014
2011-06-10,18.27,18.12,18.29,18.1,48735
2011-06-13,18.07,17.0,18.14,17.0,27530
2011-06-14,18.02,18.22,18.23,18.02,14297
2011-06-15,18.1,17.851,18.1,17.85,46840
2011-06-16,17.95,17.92,17.9828,17.778,14442
2011-06-17,18.04,17.96,18.07,17.96,12715
2011-06-20,17.91,17.96,18.03,17.9,30718
2011-06-21,18.06,18.42,18.44,18.06,23815
2011-06-22,18.45,18.39,18.52,18.38,9658
2011-06-23,18.2,18.32,18.3299,17.98,27638
2011-06-24,18.31,18.18,18.32,18.18,18350
2011-06-27,18.18,18.29,18.369,18.18,11341
2011-06-28,18.37,18.6,18.626,18.37,16182
2011-06-29,18.74,18.9,18.93,18.71,11725
2011-06-30,18.88,19.1,19.1,18.88,17871
2011-07-01,19.05,19.33,19.335,19.05,9508
2011-07-05,19.3,19.34,19.39,19.27,53218
2011-07-06,19.34,19.45,19.49,19.27,41410
2011-07-07,19.57,19.75,19.78,19.57,11476
2011-07-08,20.83,19.64,20.83,19.46,15791
2011-07-11,19.48,19.31,19.51,19.25,17455
2011-07-12,19.21,19.1836,19.45,19.17,19285
2011-07-13,19.3,19.3,19.456,19.27,18660
2011-07-14,19.3,19.21,19.47,19.2,5190
2011-07-15,19.27,19.22,19.44,19.12,21733
2011-07-18,19.21,19.12,19.21,18.98,16501
2011-07-19,19.28,19.52,19.5399,19.25,10150
2011-07-20,19.68,19.63,19.68,19.53,12072
2011-07-21,19.65,19.82,20.0,19.65,24615
2011-07-22,19.77,19.74,19.82,19.72,8284
2011-07-25,19.59,19.715,19.76,19.46,9306
2011-07-26,19.68,19.74,19.7901,19.62,39439
2011-07-27,19.69,19.33,19.69,19.33,47571
2011-07-28,19.28,19.17,19.47,19.17,26830
2011-07-29,19.08,19.07,19.26,18.82,10867
2011-08-01,19.17,18.92,19.36,18.71,22910
2011-08-02,18.75,18.39,18.9,18.38,27892
2011-08-03,18.36,18.35,18.41,17.97,48295
2011-08-04,18.23,17.54,18.23,17.515,97669
2011-08-05,17.63,17.35,17.63,16.84,21435
2011-08-08,17.06,16.03,17.1,15.99,57412
2011-08-09,16.15,16.77,16.77,15.93,45658
2011-08-10,16.58,16.23,16.78,16.23,25162
2011-08-11,16.31,17.04,17.1897,16.31,15033
2011-08-12,17.04,17.3,17.31,17.03,24448
2011-08-15,17.34,17.55,17.6,17.34,11711
2011-08-16,17.31,17.39,17.4545,17.19,28515
2011-08-17,17.4,17.27,17.5494,17.1894,9455
2011-08-18,16.74,16.39,16.74,16.3,72141
2011-08-19,16.3,15.99,16.47,15.9,12819
2011-08-22,16.27,15.91,16.3,15.88,11796
2011-08-23,15.93,16.6,16.6,15.93,20638
2011-08-24,16.62,16.85,16.85,16.47,7123
2011-08-25,16.92,16.51,16.93,16.44,16048
2011-08-26,16.45,16.78,16.87,16.17,10305
2011-08-29,16.95,17.42,17.43,16.95,8599
2011-08-30,17.35,17.5295,17.61,17.19,6275
2011-08-31,17.7,17.66,17.81,17.61,14816
2011-09-01,17.66,17.55,17.84,17.49,12097
2011-09-02,17.16,17.0499,17.26,17.02,8138
2011-09-06,16.86,17.04,17.04,16.62,11447
2011-09-07,17.23,17.48,17.5,17.23,6691
2011-09-08,17.34,17.39,17.6,17.34,13444
2011-09-09,17.3,16.928,17.3,16.9208,5893
2011-09-12,16.93,17.01,17.01,16.65,11324
2011-09-13,17.03,17.2487,17.27,17.03,16961
2011-09-14,17.3,17.45,17.63,17.13,7560
2011-09-15,17.51,17.65,17.7,17.51,18334
2011-09-16,17.74,17.72,17.85,17.68,7133
2011-09-19,17.59,17.69,17.76,17.38,9479
2011-09-20,17.81,17.63,17.95,17.63,16596
2011-09-21,17.62,17.11,17.68,17.11,13573
2011-09-22,16.54,16.41,16.65,16.25,27332
2011-09-23,16.36,16.4661,16.58,16.34,11773
2011-09-26,16.56,16.78,16.8,16.34,15152
2011-09-27,17.1,16.88,17.21,16.88,11710
2011-09-28,16.95,16.5575,17.02,16.53,14999
2011-09-29,16.71,16.43,16.81,16.07,65251
2011-09-30,16.99,15.64,16.99,15.64,35698
2011-10-03,15.6,15.06,15.61,15.03,20488
2011-10-04,14.83,15.39,15.42,14.43,58670
2011-10-05,15.39,15.47,15.5,15.19,158082
2011-10-06,15.48,15.93,15.93,15.45,58187
2011-10-07,16.04,15.82,16.04,15.74,17340
2011-10-10,15.91,16.36,16.37,15.91,18720
2011-10-11,16.31,16.6,16.62,16.31,11589
2011-10-12,16.64,16.82,16.94,16.64,20951
2011-10-13,16.74,16.71,16.77,16.55,7244
2011-10-14,16.85,17.01,17.05,16.84,8120
2011-10-17,16.98,16.61,16.98,16.61,22936
2011-10-18,16.63,16.89,16.94,16.43,25320
2011-10-19,16.85,16.53,16.87,16.47,29499
2011-10-20,16.52,16.41,16.53,16.23,6580
2011-10-21,16.5,16.62,16.72,16.5,11662
2011-10-24,16.62,16.92,16.97,16.62,19791
2011-10-25,16.94,16.58,16.94,16.58,18718
2011-10-26,16.68,16.82,16.82,16.46,23654
2011-10-27,17.09,17.39,17.4989,17.04,52012
2011-10-28,17.32,17.42,17.46,17.26,82990
2011-10-31,17.34,17.12,17.34,17.12,47602
2011-11-01,16.45,16.49,16.75,16.43,32578
2011-11-02,16.57,16.65,16.82,16.57,34122
2011-11-03,16.85,16.95,16.95,16.73,60822
2011-11-04,16.92,16.99,17.05,16.76,53664
2011-11-07,17.03,17.056,17.07,16.9,37983
2011-11-08,17.01,17.24,17.24,16.98,77575
2011-11-09,16.89,16.71,16.94,16.7,59363
2011-11-10,16.9,16.68,16.97,16.64,76959
2011-11-11,16.73,16.81,16.87,16.68,58588
2011-11-14,16.75,16.71,16.79,16.65,37011
2011-11-15,16.73,16.94,16.95,16.69,36472
2011-11-16,16.89,16.61,16.89,16.59,248050
2011-11-17,16.56,16.23,16.59,16.2,19186
2011-11-18,16.2,16.17,16.32,16.127,7004
2011-11-21,16.05,15.81,16.05,15.73,28378
2011-11-22,15.85,15.73,15.88,15.68,20692
2011-11-23,15.63,15.47,15.67,15.45,23043
2011-11-25,15.48,15.42,15.53,15.38,57632
2011-11-28,15.78,15.87,15.94,15.77,32365
2011-11-29,15.88,15.87,15.952,15.83,7764
2011-11-30,16.25,16.61,16.61,16.25,116349
2011-12-01,16.57,16.53,16.61,16.47,29586
2011-12-02,16.67,16.64,16.75,16.6,25138
2011-12-05,16.79,16.78,16.86,16.71,15680
2011-12-06,16.68,16.67,16.75,16.59,17295
2011-12-07,16.62,16.67,16.73,16.3525,226202
2011-12-08,16.68,16.315,16.68,16.31,18732
2011-12-09,16.36,16.62,16.64,16.36,51201
2011-12-12,16.5,16.39,16.5,16.2205,49510
2011-12-13,16.41,16.27,16.53,16.19,30646
2011-12-14,16.19,15.91,16.19,15.91,22928
2011-12-15,15.37,15.43,15.5,15.34,156004
2011-12-16,15.37,15.48,15.57,15.37,37231
2011-12-19,15.52,15.37,15.6,15.36,25892
2011-12-20,15.54,15.885,15.89,15.54,9699
2011-12-21,15.85,15.965,15.97,15.8,16085
2011-12-22,15.97,16.11,16.15,15.97,9787
2011-12-23,16.1,16.27,16.29,16.1,34423
2011-12-27,16.25,16.38,16.44,16.25,18283
2011-12-28,16.3,16.12,16.38,16.12,18554
2011-12-29,16.13,16.26,16.29,16.13,15816
2011-12-30,16.29,16.22,16.34,16.21,13784
2012-01-03,16.4,16.53,16.61,16.4,50820
2012-01-04,16.5,16.54,16.59,16.44,32832
2012-01-05,16.52,16.59,16.59,16.44,39312
2012-01-06,16.53,16.61,16.62,16.48,4493
2012-01-09,16.57,16.58,16.59,16.5,70112
2012-01-10,16.65,16.7601,16.8,16.65,19791
2012-01-11,16.79,16.76,16.79,16.72,17537
2012-01-12,16.79,16.81,16.84,16.7285,44885
2012-01-13,16.64,16.78,16.79,16.6,33257
2022-01-25,5.0,3.9,5.53,3.75,5290535
2022-01-26,3.85,3.75,4.1488,3.75,640254
2022-01-27,3.85,3.16,3.85,3.06,574000
2022-01-28,3.17,3.77,3.98,3.0,1277757
2022-01-31,5.05,4.86,6.25,4.5,50703180
2022-02-01,4.63,4.8,4.9,4.15,3423171
2022-02-02,4.56,4.18,4.66,4.11,1808547
2022-02-03,4.1298,4.05,4.34,3.98,858660
2022-02-04,3.99,3.87,4.16,3.75,909431
2022-02-07,3.8,3.71,3.96,3.66,732086
2022-02-08,3.71,3.76,3.86,3.64,464434
2022-02-09,3.74,3.84,4.18,3.72,773508
2022-02-10,3.75,3.6,3.84,3.49,437611
2022-02-11,3.56,3.35,3.65,3.26,392075
2022-02-14,3.26,3.42,3.51,3.22,331759
2022-02-15,3.42,3.37,3.51,3.33,183466
2022-02-16,3.38,3.4,3.425,3.3,112145
2022-02-17,3.32,3.54,3.68,3.2,1094536
2022-02-18,3.49,3.31,3.5,3.29,263115
2022-02-22,3.12,3.17,3.27,3.11,282280
2022-02-23,3.25,3.19,3.41,3.15,322481
2022-02-24,2.95,3.08,3.16,2.92,309299
2022-02-25,3.05,3.01,3.09,2.99,162949
2022-02-28,3.03,3.15,3.2099,3.0,171321
2022-03-01,3.18,3.12,3.19,3.07,66961
2022-03-02,3.09,3.16,3.22,3.09,43327
2022-03-03,3.15,3.14,3.2199,3.0899,82254
2022-03-04,3.08,3.14,3.15,3.08,78396
2022-03-07,3.15,2.99,3.29,2.9022,290108
2022-03-08,2.75,2.81,2.85,2.6225,241068
2022-03-09,2.86,3.05,3.1099,2.85,195402
2022-03-10,2.98,3.15,3.33,2.98,306563
2022-03-11,3.22,3.14,3.22,2.98,80189
2022-03-14,3.17,2.99,3.24,2.88,168437
2022-03-15,2.96,3.01,3.12,2.9434,113660
2022-03-16,3.09,3.12,3.2332,3.04,109267
2022-03-17,3.16,3.59,4.0599,3.13,2672671
2022-03-18,3.58,4.01,4.3499,3.47,2743293
2022-03-21,4.13,3.805,4.19,3.7,742587
2022-03-22,3.77,4.04,4.3806,3.7595,1833972
2022-03-23,3.99,4.19,4.2899,3.9601,359655
2022-03-24,4.15,4.35,4.48,4.1,650958
2022-03-25,4.3,3.96,4.4399,3.8827,399979
2022-03-28,3.92,3.64,4.095,3.61,336029
2022-03-29,3.5,3.1,3.6,2.91,778184
2022-03-30,3.03,3.07,3.13,2.95,180500
2022-03-31,3.07,3.0,3.08,2.91,135368
2022-04-01,3.0,2.92,3.03,2.8601,199660
2022-04-04,2.85,2.86,2.96,2.82,162004
2022-04-05,2.87,2.73,2.87,2.69,151524
2022-04-06,2.7,2.69,2.8,2.62,112530
2022-04-07,2.73,2.71,2.75,2.69,45975
2022-04-08,2.7,2.68,2.75,2.65,74060
2022-04-11,2.65,2.56,2.7,2.532,113572
2022-04-12,2.53,2.47,2.65,2.47,98339
2022-04-13,2.47,2.52,2.58,2.47,57766
2022-04-14,2.54,2.54,2.6399,2.5109,26663
2022-04-18,2.53,2.47,2.6,2.45,89423
2022-04-19,2.5,2.53,2.6,2.4501,49095
2022-04-20,2.47,2.52,2.59,2.47,15631
2022-04-21,2.51,2.41,2.6,2.4,77793
2022-04-22,2.415,2.29,2.49,2.2601,145322
2022-04-25,2.24,2.3,2.4,2.22,32223
2022-04-26,2.3,2.2,2.5,2.2,65105
2022-04-27,2.3,2.34,2.49,2.19,285059
2022-04-28,2.32,2.43,2.44,2.27,95405
2022-04-29,2.43,2.35,2.46,2.32,37899
2022-05-02,2.37,2.42,2.45,2.33,18508
2022-05-03,2.3,2.53,2.53,2.3,68608
2022-05-04,2.52,2.5999,2.64,2.4585,24488
2022-05-05,2.57,2.35,2.58,2.27,38519
2022-05-06,2.33,2.44,2.47,2.23,35364
2022-05-09,2.292,2.06,2.33,2.03,53215
2022-05-10,2.102,2.2,2.345,2.07,103440
2022-05-11,2.2,2.26,2.32,2.1727,73281
2022-05-12,2.2,2.08,2.35,2.07,104850
2022-05-13,2.09,2.15,2.17,2.04,139885
2022-05-16,2.1333,2.09,2.15,2.05,23726
2022-05-17,2.1201,2.2,2.2273,2.101,49755
2022-05-18,2.17,2.12,2.18,2.06,15793
2022-05-19,2.1577,2.09,2.1577,2.0455,23166
2022-05-20,2.0673,2.15,2.17,2.0002,35172
2022-05-23,2.15,2.14,2.15,2.07,20428
2022-05-24,2.13,2.18,2.18,2.05,42231
2022-05-25,2.1701,2.17,2.1745,2.1,88667
2022-05-26,2.17,2.21,2.225,2.16,42182
2022-05-27,2.19,2.21,2.21,2.1699,60491
2022-05-31,2.24,2.29,2.29,2.18,29444
2022-06-01,2.3,2.27,2.3,2.21,37635
2022-06-02,2.29,2.3,2.3,2.2378,41198
2022-06-03,2.2109,2.27,2.3,2.2101,21861
2022-06-06,2.27,2.24,2.27,2.21,7309
2022-06-07,2.16,2.32,2.3661,2.16,29622
2022-06-08,2.21,2.32,2.33,2.2027,21937
2022-06-09,2.37,2.31,2.37,2.25,6637
2022-06-10,2.4,2.21,2.4,2.17,39102
2022-06-13,2.39,2.3,2.4,2.175,99049
2022-06-14,2.36,2.36,2.38,2.2497,56621
2022-06-15,2.4,2.42,2.54,2.35,23718
2022-06-16,2.37,2.53,2.59,2.3009,34825
2022-06-17,2.56,2.39,2.56,2.3401,24007
2022-06-21,2.35,2.56,2.56,2.335,37403
2022-06-22,2.5,2.48,2.5,2.37,41686
2022-06-23,2.505,2.47,2.505,2.436,31854
2022-06-24,2.59,2.5,2.6,2.5,28115
2022-06-27,2.5,2.45,2.525,2.26,51240
2022-06-28,2.38,2.48,2.4857,2.38,35549
2022-06-29,2.45,2.52,2.53,2.4,44965
2022-06-30,2.62,2.31,2.62,2.255,74875
2022-07-01,2.25,2.3,2.335,2.25,4747
2022-07-05,2.39,2.31,2.39,2.29,11561
2022-07-06,2.31,2.21,2.3131,2.21,12907
2022-07-07,2.28,2.27,2.32,2.2,16528
2022-07-08,2.25,2.22,2.2637,2.18,9136
2022-07-11,2.22,2.21,2.26,2.15,15439
2022-07-12,2.26,2.2,2.3,2.19,17865
2022-07-13,2.2,2.19,2.22,2.18,8596
2022-07-14,2.21,2.15,2.21,2.15,7015
2022-07-15,2.1752,2.15,2.1899,2.12,5861
2022-07-18,2.2,2.25,2.3,2.19,20712
2022-07-19,2.2883,2.2799,2.3,2.2401,14118
2022-07-20,2.27,2.4,2.44,2.21,53630
2022-07-21,2.3945,2.52,2.55,2.38,63977
2022-07-22,2.51,2.36,2.59,2.31,77794
2022-07-25,2.55,2.35,2.55,2.35,5307
2022-07-26,2.26,2.39,2.49,2.26,11510
2022-07-27,2.4163,2.49,2.5073,2.41,4516
2022-07-28,2.475,2.6,2.6,2.2703,37519
2022-07-29,2.5999,2.63,2.68,2.51,31686
2022-08-01,2.56,2.5,2.58,2.48,12473
2022-08-02,2.5,2.61,2.68,2.5,16431
2022-08-03,2.6,2.52,2.61,2.52,9283
2022-08-05,2.4935,2.56,2.59,2.46,4558
2022-08-08,2.5689,2.61,2.61,2.5689,6424
2022-08-09,2.55,2.58,2.67,2.55,17884
2022-08-10,2.56,2.45,2.56,2.45,25975
2022-08-11,2.6,2.73,2.9,2.5001,115803
2022-08-12,2.58,2.63,2.685,2.4,53806
2022-08-15,2.54,2.9,2.98,2.45,48179
2022-08-16,2.97,2.79,2.97,2.75,25969
2022-08-17,2.79,2.76,2.845,2.7201,5205
2022-08-18,2.69,2.73,2.9,2.65,16743
2022-08-19,2.77,2.81,2.87,2.7,18595
2022-08-22,2.9,2.78,2.9,2.55,26882
2022-08-23,2.71,3.33,3.6,2.62,844558
2022-08-24,3.65,2.96,4.1,2.76,3132388
2022-08-25,2.79,2.9,3.1,2.43,471047
2022-08-26,2.73,2.65,2.9,2.6,130649
2022-08-29,2.56,2.59,2.69,2.522,50528
2022-08-30,2.6,2.6,2.73,2.5,64454
2022-08-31,2.56,2.69,2.76,2.55,32224
2022-09-01,2.58,2.49,2.58,2.45,55908
2022-09-02,2.48,2.46,2.55,2.42,19285
2022-09-06,2.41,2.39,2.48,2.3,38265
2022-09-07,2.395,2.49,2.51,2.335,20683
2022-09-08,2.38,2.48,2.53,2.38,4541
2022-09-09,2.41,2.52,2.68,2.41,13802
2022-09-12,2.53,2.6,2.74,2.46,36294
2022-09-13,2.48,2.56,2.65,2.48,5247
2022-09-14,2.57,2.6,2.74,2.48,41602
2022-09-15,2.52,2.61,2.72,2.5101,36144
2022-09-16,2.545,2.5,2.63,2.46,22665
2022-09-19,2.45,2.43,2.53,2.4,15022
2022-09-20,2.4,2.36,2.4,2.26,20136
2022-09-21,2.37,2.27,2.39,2.19,22983
2022-09-22,2.3,2.33,2.38,2.16,27666
2022-09-23,2.32,2.23,2.32,2.15,13830
2022-09-26,2.25,2.12,2.25,2.05,71389
2022-09-27,2.12,2.22,2.22,2.1,9751
2022-09-28,2.08,2.27,2.3,2.08,17303
2022-09-29,2.1663,2.18,2.255,2.05,20539
2022-09-30,2.24,2.22,2.29,2.22,7346
2022-10-03,2.19,2.25,2.29,2.1829,2857
2022-10-04,2.3,2.32,2.38,2.244,16598
2022-10-05,2.4,2.32,2.45,2.3,14187
2022-10-06,2.3027,2.3,2.33,2.28,11563
2022-10-07,2.2,2.19,2.24,2.18,9175
2022-10-10,2.11,2.2,2.29,2.11,4926
2022-10-11,2.14,2.24,2.51,2.14,35631
2022-10-12,2.1521,2.15,2.24,2.15,3753
2022-10-13,2.1675,2.16,2.38,2.16,5226
2022-10-14,2.15,2.1,2.15,2.1,5833
2022-10-17,2.59,2.12,2.6,2.12,5234
2022-10-18,2.19,2.19,2.25,2.18,13138
2022-10-19,2.23,2.2,2.27,2.2,2267
2022-10-20,2.2075,2.26,2.3,2.2,22277
2022-10-21,2.25,2.35,2.35,2.25,8645
2022-10-24,2.27,2.32,2.34,2.27,4521
2022-10-25,2.32,2.55,2.56,2.3,39351
2022-10-26,2.44,2.54,2.55,2.44,12623
2022-10-27,2.4,2.69,2.71,2.3999,18231
2022-10-28,2.75,2.85,2.88,2.68,71716
2022-10-31,2.97,2.96,2.97,2.65,57464
2022-11-01,2.73,2.96,2.96,2.73,26993
2022-11-02,3.0,3.04,3.08,2.9,62745
2022-11-03,3.11,3.0,3.11,2.85,26369
2022-11-04,2.92,3.0,3.045,2.862,68387
2022-11-07,2.9,3.06,3.08,2.885,86845
2022-11-08,3.08,3.03,3.08,3.0,6655
2022-11-09,2.96,3.07,3.07,2.96,11369
2022-11-10,2.64,2.52,2.85,2.06,144059
2022-11-11,2.4,2.41,2.54,2.22,14973
2022-11-14,2.32,2.32,2.36,2.31,9987
2022-11-15,2.48,2.39,2.48,2.33,4942
2022-11-16,2.33,2.29,2.34,2.23,3954
2022-11-17,2.29,2.25,2.29,2.23,7492
2022-11-18,2.23,2.2,2.25,2.14,9840
2022-11-21,2.26,2.21,2.58,2.1715,2713
2022-11-22,2.19,2.18,2.2025,2.13,14241
2022-11-23,2.15,2.25,2.25,2.15,7506
2022-11-25,2.43,2.38,2.43,2.37,5825
2022-11-28,2.399,2.43,2.43,2.32,12913
2022-11-29,2.4751,2.33,2.4751,2.3199,8085
2022-11-30,2.26,2.33,2.55,2.26,10112
2022-12-01,2.43,2.41,2.445,2.37,1741
2022-12-02,2.425,2.44,2.45,2.4201,8041
2022-12-05,2.44,2.38,2.44,2.38,11604
2022-12-06,2.35,2.4,2.43,2.35,13823
2022-12-07,2.44,2.42,2.44,2.375,4509
2022-12-08,2.4,2.4,2.4,2.4,633
2022-12-09,2.41,2.41,2.41,2.41,583
2022-12-12,2.45,2.4,2.45,2.4,4613
2022-12-13,2.4,2.37,2.41,2.37,4274
2022-12-14,2.35,2.32,2.35,2.2538,3853
2022-12-15,2.32,2.245,2.32,2.24,2418
2022-12-16,2.19,2.23,2.3,2.14,8273
2022-12-19,2.14,2.2,2.2016,2.14,7101
2022-12-20,2.2208,2.15,2.2208,2.15,5197
2022-12-21,2.26,2.14,2.26,2.08,5497
2022-12-22,2.14,1.98,2.14,1.9483,31074
2022-12-23,1.9597,1.98,2.0,1.9597,3400
2022-12-27,1.98,2.02,2.099,1.98,14953
2022-12-28,2.0081,2.05,2.1698,1.98,12378
2022-12-29,2.05,2.07,2.105,2.01,16559
2022-12-30,2.09,2.15,2.15,2.06,12633
2023-01-03,2.2501,2.2,2.2501,2.12,15454
2023-01-04,2.15,2.15,2.1989,2.02,5487
2023-01-05,2.1499,2.16,2.1786,2.12,19344
2023-01-06,2.2,2.33,2.35,2.2,7654
2023-01-09,2.275,2.25,2.2801,2.25,2964
2023-01-10,2.29,2.38,2.41,2.29,14643
2023-01-11,2.33,2.38,2.42,2.33,12809
2023-01-12,2.355,2.39,2.4442,2.35,9284
2023-01-13,2.3816,2.44,2.45,2.33,4520
2023-01-17,2.36,2.38,2.395,2.36,1172
2023-01-18,2.37,2.26,2.387,2.26,7979
2023-01-19,2.31,2.21,2.31,2.21,2768
2023-01-20,2.26,2.26,2.33,2.16,4979
2023-01-23,2.2701,2.3,2.362,2.2,9672
2023-01-24,2.2,2.2,2.31,2.11,18179
2023-01-25,2.2,2.22,2.27,2.2,1956
2023-01-26,2.2,2.21,2.25,2.2,15414
2023-01-27,2.15,2.2,2.25,2.15,15189
2023-01-30,2.3,2.2,2.3,2.15,9150
2023-01-31,2.1999,2.3,2.3,2.191,9613
2023-02-01,2.3,2.27,2.3,2.2301,10726
2023-02-02,2.27,2.3,2.3,2.25,11716
2023-02-03,2.3,2.25,2.3,2.22,10738
2023-02-06,2.27,2.267,2.29,2.24,8351
2023-02-07,2.27,2.348,2.348,2.25,17714
2023-02-08,2.3384,2.3701,2.4,2.3,4524
2023-02-09,2.3848,2.3,2.3848,2.28,25812
2023-02-10,2.3,2.3,2.3,2.275,2797
2023-02-13,2.23,2.3001,2.3061,2.23,1504
2023-02-14,2.33,2.3001,2.33,2.3,4508
2023-02-15,2.3,2.3,2.3001,2.26,3694
2023-02-16,2.31,2.326,2.34,2.31,1069
2023-02-17,2.3007,2.35,2.46,2.3,12729
2023-02-21,2.36,2.2701,2.3712,2.25,9670
2023-02-22,2.2599,2.04,2.2599,2.0,46985
2023-02-23,1.99,2.01,2.0485,1.95,15669
2023-02-24,2.01,2.0,2.04,1.899,7350
2023-02-27,1.99,1.95,2.06,1.95,2899
2023-02-28,1.95,1.96,1.97,1.85,6401
2023-03-01,1.94,1.92,1.94,1.82,23340
2023-03-02,1.82,1.88,1.9,1.82,15097
2023-03-03,1.92,1.9088,1.93,1.87,14301
2023-03-06,1.94,2.04,2.1,1.93,32483
2023-03-07,2.01,1.94,2.04,1.94,2155
2023-03-08,1.956,1.9,1.9618,1.8718,7812
2023-03-09,1.9227,1.88,1.9227,1.865,9425
2023-03-10,1.9,1.845,1.9,1.83,4915
2023-03-13,1.82,1.7999,1.825,1.75,12698
2023-03-14,1.7811,1.72,1.8,1.71,13102
2023-03-15,1.99,1.75,1.99,1.75,16657
2023-03-16,1.75,1.77,1.77,1.75,880
2023-03-17,1.775,1.75,1.775,1.7227,12874
2023-03-20,1.73,1.78,1.84,1.73,9829
2023-03-21,1.86,1.82,1.86,1.7828,20083
2023-03-22,1.8588,1.87,1.92,1.8555,4489
2023-03-23,1.91,1.87,1.92,1.84,3248
2023-03-24,1.8227,1.88,1.88,1.82,2651
2023-03-27,1.95,1.95,1.95,1.925,4226
2023-03-28,1.9601,2.15,2.27,1.9601,24805
2023-03-29,2.15,2.075,2.15,2.01,17279
2023-03-30,2.09,2.0001,2.09,1.95,1741
2023-03-31,1.9,1.95,2.0,1.9,6001
2023-04-03,1.95,1.99,2.05,1.9,15075
2023-04-04,1.99,1.93,1.99,1.89,2860
2023-04-05,1.95,1.94,1.95,1.94,1890
2023-04-06,1.88,1.92,1.9297,1.88,5797
2023-04-10,1.94,1.8644,1.94,1.8644,2967
2023-04-11,1.82,1.78,1.89,1.78,9702
2023-04-12,1.7486,1.7589,1.82,1.7486,3451
2023-04-13,1.7757,1.74,1.7798,1.699,44612
2023-04-14,1.7106,1.715,1.7396,1.71,6558
2023-04-17,1.71,1.8,1.811,1.71,11199
2023-04-18,1.83,1.76,1.89,1.76,6104
2023-04-19,1.74,1.8,1.81,1.74,2110
2023-04-20,1.85,1.8,1.85,1.75,19102
2023-04-21,2.18,1.75,2.18,1.73,95067
2023-04-24,1.75,1.84,1.9399,1.75,68300
2023-04-25,1.8375,1.78,1.8917,1.78,18893
2023-04-26,1.8,1.9072,1.95,1.8,31147
2023-04-27,1.89,1.955,1.9601,1.85,13436
2023-04-28,1.96,1.91,1.96,1.89,10588
2023-05-01,1.9,1.88,1.92,1.88,1555
2023-05-02,1.87,1.93,1.96,1.83,16745
2023-05-03,1.91,1.94,2.0199,1.91,5539
2023-05-04,1.9159,1.7807,1.9159,1.7807,19570
2023-05-05,1.78,1.79,1.8939,1.77,13782
2023-05-08,1.79,1.73,1.8216,1.73,13249
2023-05-09,1.78,1.7999,1.83,1.77,14471
2023-05-10,1.77,1.8,1.82,1.77,14441
2023-05-11,1.72,1.98,2.0118,1.72,45336
2023-05-12,1.98,1.89,1.98,1.89,4706
2023-05-15,1.83,1.7609,1.83,1.7601,2982
2023-05-16,1.805,1.75,1.805,1.75,1926
2023-05-17,1.7792,1.78,1.78,1.7792,2321
2023-05-18,1.79,1.73,1.79,1.71,5752
2023-05-19,1.71,1.73,1.7577,1.71,1364
