2018-07-26,35.9,37.55,38.81,35.01,3834864
2018-07-27,37.04,38.01,39.02,35.98,1008579
2018-07-30,37.69,40.13,41.25,36.0162,829380
2018-07-31,40.21,40.74,41.26,39.0154,615544
2018-08-01,40.62,40.0,42.9912,39.01,1193332
2018-08-02,39.85,38.76,39.9538,38.26,458858
2018-08-03,38.45,38.58,39.26,38.0,211140
2018-08-06,38.36,39.55,40.28,38.36,117428
2018-08-07,39.47,40.01,40.95,39.25,120100
2018-08-08,40.35,39.83,41.04,38.68,208778
2018-08-09,39.88,40.6,40.94,39.3285,61130
2018-08-10,39.83,40.9,41.78,39.01,160407
2018-08-13,41.0,40.92,41.32,40.26,122942
2018-08-14,41.3,40.35,41.56,40.111,68055
2018-08-15,40.5,39.72,41.0,39.0,134126
2018-08-16,39.99,38.48,39.99,37.72,144722
2018-08-17,38.29,38.5,38.89,38.195,106234
2018-08-20,38.61,36.95,38.61,36.265,450962
2018-08-21,37.05,39.3,40.0,36.401,204647
2018-08-22,39.3,39.8,40.95,38.79,150079
2018-08-23,39.63,39.52,40.7,38.2,101330
2018-08-24,39.39,39.34,39.74,38.22,55087
2018-08-27,39.53,39.83,40.45,38.36,171560
2018-08-28,39.83,41.0,41.2,39.43,370487
2018-08-29,41.0,42.28,42.8199,40.75,705356
2018-08-30,42.24,42.2,42.6999,41.56,146535
2018-08-31,41.96,42.09,42.41,41.52,62494
2018-09-04,42.1,45.74,46.1,42.03,558650
2018-09-05,45.87,47.71,49.515,45.3703,381819
2018-09-06,47.54,47.49,48.0,46.96,325212
2018-09-07,47.28,46.91,47.84,46.59,233508
2018-09-10,47.21,46.99,48.43,45.065,294692
2018-09-11,46.74,46.33,47.52,45.82,232078
2018-09-12,46.21,46.61,46.97,45.7,176438
2018-09-13,46.68,46.9,47.1,45.8926,154108
2018-09-14,46.98,45.04,47.22,44.76,238468
2018-09-17,45.13,46.02,46.66,44.45,275919
2018-09-18,45.91,46.77,47.34,44.95,294828
2018-09-19,46.77,46.33,48.0,46.14,492802
2018-09-20,46.6,46.89,47.19,46.42,295404
2018-09-21,46.87,47.65,48.95,45.95,3064431
2018-09-24,47.65,48.4,48.94,47.3,245340
2018-09-25,48.64,46.38,49.25,46.1,204315
2018-09-26,46.26,47.57,48.02,45.9038,132037
2018-09-27,47.56,45.71,47.56,45.64,118573
2018-09-28,46.0,47.46,47.91,46.0,417121
2018-10-01,47.74,47.44,48.37,46.03,366172
2018-10-02,47.54,46.29,47.55,46.125,178170
2018-10-03,46.58,47.02,47.675,46.38,152023
2018-10-04,46.84,46.13,47.54,45.545,141456
2018-10-05,46.2,45.31,46.7195,44.1101,142999
2018-10-08,45.18,44.13,45.68,43.06,122750
2018-10-09,43.99,44.62,45.285,43.47,121359
2018-10-10,44.57,42.34,44.57,42.22,121652
2018-10-11,42.4,41.25,43.3,41.23,318478
2018-10-12,41.88,40.56,42.05,39.33,266036
2018-10-15,40.32,41.23,41.6,40.02,96239
2018-10-16,41.6,42.51,43.835,40.6,142017
2018-10-17,42.39,42.15,44.97,42.04,138882
2018-10-18,41.95,42.09,42.97,41.07,117777
2018-10-19,41.86,41.84,42.6272,41.08,73686
2018-10-22,41.96,41.75,42.16,40.74,90132
2018-10-23,41.28,40.68,41.78,39.0,174384
2018-10-24,40.66,39.0,41.655,38.98,178285
2018-10-25,39.21,40.25,41.41,37.8085,88979
2018-10-26,39.69,40.09,40.67,37.66,239230
2018-10-29,40.64,39.94,44.39,39.41,311334
2018-10-30,39.85,38.7,39.89,37.45,352601
2018-10-31,38.95,38.2,39.26,38.02,205793
2018-11-01,38.45,38.12,38.9,37.79,118328
2018-11-02,38.34,38.45,38.96,37.6675,91864
2018-11-05,38.45,38.87,39.251,38.11,279328
2018-11-06,38.65,38.5,39.3481,38.07,164649
2018-11-07,38.67,38.94,40.06,38.32,167310
2018-11-08,38.75,39.25,39.58,38.14,176076
2018-11-09,38.92,38.2,39.5,37.77,403112
2018-11-12,38.16,36.33,39.47,35.88,426559
2018-11-13,35.85,31.99,37.305,30.0005,1464457
2018-11-14,32.05,30.4,32.32,29.45,651391
2018-11-15,30.3,31.1,32.77,29.68,434304
2018-11-16,30.88,31.22,34.75,30.22,253664
2018-11-19,31.13,31.17,32.29,30.97,136564
2018-11-20,30.68,31.1,31.42,29.74,192735
2018-11-21,31.24,30.96,31.24,30.68,195187
2018-11-23,30.71,30.85,31.58,30.71,65832
2018-11-26,30.56,30.93,31.405,30.53,164377
2018-11-27,30.87,30.39,31.99,30.35,83999
2018-11-28,30.32,31.21,31.7,30.32,172786
2018-11-29,31.25,30.1,31.63,30.02,200812
2018-11-30,30.0,30.92,31.1775,30.0,116549
2018-12-03,31.08,31.43,31.83,30.25,105451
2018-12-04,31.29,29.03,31.5,28.87,184639
2018-12-06,28.47,27.66,28.85,26.88,620547
2018-12-07,27.88,27.45,28.7,27.39,368215
2018-12-10,27.45,27.8,28.16,27.0,245607
2018-12-11,28.05,27.65,28.79,27.335,147588
2018-12-12,27.98,28.34,28.92,27.73,201871
2018-12-13,28.44,28.68,29.09,27.5,243227
2018-12-14,28.32,28.65,29.05,28.0,236837
2018-12-17,28.54,27.86,28.99,27.67,203189
2018-12-18,28.03,28.5,29.23,27.91,363265
2018-12-19,28.54,28.0,28.755,27.21,200165
2018-12-20,27.88,25.51,28.18,25.1505,365543
2018-12-21,25.52,24.09,26.66,23.33,471612
2018-12-24,23.93,23.25,25.0095,23.1,213883
2018-12-26,23.47,24.4,24.42,22.61,333025
2018-12-27,24.08,25.07,25.135,24.08,110352
2018-12-28,25.08,25.55,26.52,24.18,155291
2018-12-31,26.15,26.33,26.57,25.26,138836
2019-01-02,25.98,26.26,27.15,25.65,240104
2019-01-03,26.11,24.78,26.655,24.54,103166
2019-01-04,24.94,25.31,25.89,24.835,97307
2019-01-07,25.28,26.0,26.48,25.095,128364
2019-01-08,26.5,26.75,27.0,26.23,233305
2019-01-09,26.8,27.26,27.71,26.68,173904
2019-01-10,27.18,27.47,27.8266,26.8,38054
2019-01-11,27.09,26.73,27.2122,26.195,201170
2019-01-14,26.47,26.38,27.1198,26.09,155417
2019-01-15,26.41,26.52,26.66,26.126,101793
2019-01-16,26.6,27.6,27.83,26.5,119117
2019-01-17,27.19,27.36,28.565,26.6335,123080
2019-01-18,27.28,27.36,28.25,27.1552,98076
2019-01-22,27.13,27.87,28.7,27.13,122076
2019-01-23,27.95,27.48,28.743,26.9,155829
2019-01-24,27.52,27.79,28.379,27.1,51650
2019-01-25,28.13,28.39,28.9,27.88,65178
2019-01-28,28.03,28.64,29.02,27.53,118651
2019-01-29,28.66,29.1,29.17,28.34,184313
2019-01-30,29.31,28.61,29.31,28.1,103655
2019-01-31,26.75,28.12,28.21,26.75,155544
2019-02-01,28.12,28.56,28.99,28.11,124920
2019-02-04,28.55,29.06,29.12,27.93,116677
2019-02-05,29.32,29.72,30.65,28.97,175064
2019-02-06,29.73,29.95,30.37,29.31,90093
2019-02-07,29.86,28.63,29.86,28.16,94160
2019-02-08,28.52,28.19,28.79,27.28,26973
2019-02-11,28.21,28.78,29.0,27.75,71463
2019-02-12,29.07,29.01,29.455,28.65,107033
2019-02-13,29.09,28.99,29.3,28.06,104225
2019-02-14,28.99,29.53,29.95,28.97,87345
2019-02-15,29.68,30.49,30.8,29.33,131766
2019-02-19,30.36,30.33,30.73,30.18,82132
2019-02-20,30.34,30.66,30.78,30.12,83715
2019-02-21,32.0,32.35,33.41,31.02,360867
2019-02-22,32.81,33.91,34.59,31.515,319242
2019-02-25,34.0,35.39,35.68,33.5,332890
2019-02-26,35.4,36.64,37.485,35.06,332955
2019-02-27,36.56,37.86,38.08,36.15,379595
2019-02-28,37.68,37.85,38.43,37.47,252305
2019-03-01,38.07,39.15,39.7,37.69,219916
2019-03-04,39.65,38.79,40.36,38.6,574956
2019-03-05,38.8,38.92,39.36,37.74,187465
2019-03-06,38.98,38.1,39.18,38.06,192973
2019-03-07,37.79,36.41,37.79,36.38,303978
2019-03-08,36.22,36.83,37.01,36.22,147857
2019-03-11,36.99,36.5,37.96,36.12,291619
2019-03-12,36.6,36.9,37.47,36.46,199162
2019-03-13,37.0,36.98,37.73,36.72,616428
2019-03-14,37.04,37.03,37.92,36.88,376881
2019-03-15,37.23,36.43,37.57,36.31,1372132
2019-03-18,36.55,36.21,37.525,34.8403,614684
2019-03-19,36.5,34.6,36.64,33.87,439650
2019-03-20,34.5,34.01,35.28,33.83,340170
2019-03-21,33.79,33.84,34.48,33.405,149307
2019-03-22,33.53,32.0,33.97,31.54,183135
2019-03-25,31.95,32.71,33.685,31.95,158993
2019-03-26,32.95,34.26,34.32,32.925,165656
2019-03-27,34.1,34.7,34.75,33.935,176023
2019-03-28,34.68,34.78,35.26,34.055,125675
2019-03-29,35.0,35.64,35.775,34.58,247346
2019-04-01,35.9,36.64,36.76,35.31,183900
2019-04-02,36.49,36.79,36.93,35.95,98873
2019-04-03,37.0,35.78,37.16,35.65,128440
2019-04-04,35.79,36.55,36.59,35.49,115705
2019-04-05,36.62,36.61,37.95,35.71,158648
2019-04-08,36.45,36.91,37.37,36.088,79306
2019-04-09,37.07,36.52,37.24,36.2153,106397
2019-04-10,36.63,37.28,37.35,36.11,101067
2019-04-11,37.36,36.88,37.44,36.78,73006
2019-04-12,37.27,37.38,37.78,36.71,92924
2019-04-15,37.35,37.39,37.99,36.88,73663
2019-04-16,37.38,37.5,37.94,37.2,241225
2019-04-17,37.5,37.42,38.23,37.0823,77284
2019-04-18,37.27,36.8,37.4,36.06,155059
2019-04-22,36.43,37.36,37.4,36.4,74534
2019-04-23,37.28,37.5,38.73,37.24,211696
2019-04-24,37.55,37.5,37.92,37.155,253479
2019-04-25,37.38,37.5,37.7025,36.91,106287
2019-04-26,37.84,37.5,38.1155,37.11,206168
2019-04-29,37.57,37.5,38.46,37.28,207854
2019-04-30,37.6,37.5,38.0,37.17,311963
2019-05-01,37.55,37.1,37.9996,36.95,146684
2019-05-02,37.1,37.48,38.0,36.95,137671
2019-05-03,37.68,38.75,39.15,37.49,330013
2019-05-06,37.9,38.0,39.365,37.31,393296
2019-05-07,37.68,37.37,38.38,36.5117,164055
2019-05-08,37.37,37.44,37.98,36.84,152135
2019-05-09,37.21,34.08,38.1878,33.61,596593
2019-05-10,34.0,34.08,34.65,33.7252,592659
2019-05-13,33.39,32.19,33.4062,31.49,336245
2019-05-14,32.28,32.26,32.85,32.0,305720
2019-05-15,31.98,32.02,32.47,31.665,235668
2019-05-16,32.05,32.04,32.36,31.605,188435
2019-05-17,31.67,31.36,32.04,31.07,200557
2019-05-20,31.11,30.48,31.41,30.31,387497
2019-05-21,30.73,30.7,31.36,30.55,447504
2019-05-22,30.57,30.33,30.81,29.99,291112
2019-05-23,29.97,29.8,30.03,29.55,198531
2019-05-24,29.99,29.43,30.21,29.38,233573
2019-05-28,29.49,29.68,29.975,29.49,306235
2019-05-29,29.48,29.75,29.85,29.26,721695
2019-05-30,29.92,29.0,30.21,28.61,148885
2019-05-31,28.63,28.05,28.84,27.76,219782
2019-06-03,28.03,27.59,28.35,27.35,182503
2019-06-04,27.93,28.56,28.59,27.55,498745
2019-06-05,28.56,27.98,28.56,27.785,243671
2019-06-06,27.87,27.35,28.3275,27.18,110766
2019-06-07,27.47,27.6,27.87,27.23,118926
2019-06-10,27.76,28.28,28.515,27.76,197540
2019-06-11,28.51,27.38,28.78,27.225,187016
2019-06-12,27.34,27.87,28.14,27.11,111862
2019-06-13,27.99,27.89,28.255,27.71,151534
2019-06-14,27.84,27.75,28.1,27.52,105196
2019-06-17,27.73,27.65,28.11,27.57,112911
2019-06-18,27.79,27.85,28.55,27.73,467941
2019-06-19,27.9,27.94,28.21,27.5998,146342
2019-06-20,28.22,27.85,28.5,27.7,298682
2019-06-21,27.68,28.0,28.22,27.205,685766
2019-06-24,27.83,27.14,28.015,26.72,237553
2019-06-25,27.26,26.95,27.4,26.65,149867
2019-06-26,27.08,26.9,27.1437,26.62,234353
2019-06-27,26.8,27.5,27.61,26.65,380995
2019-06-28,27.68,27.31,27.97,27.26,1116186
2019-07-01,27.74,27.9,28.03,27.295,351574
2019-07-02,27.93,27.87,28.27,27.545,194712
2019-07-03,27.67,28.07,28.42,27.67,78306
2019-07-05,28.14,27.8,28.26,27.65,134140
2019-07-08,27.71,27.68,28.08,27.51,114594
2019-07-09,27.58,27.7,28.03,27.35,88395
2019-07-10,27.95,27.8,28.36,27.78,133610
2019-07-11,27.95,28.01,28.46,27.45,134859
2019-07-12,29.31,29.25,29.55,28.6,196065
2019-07-15,29.57,28.76,30.36,28.6272,131679
2019-07-16,28.87,29.0,29.22,28.7,59046
2019-07-17,28.86,28.13,28.87,27.96,105263
2019-07-18,28.14,28.06,28.2,27.89,59374
2019-07-19,28.01,28.54,28.75,27.83,290196
2019-07-22,28.63,28.45,28.63,27.89,173018
2019-07-23,28.7,29.04,29.25,28.64,137121
2019-07-24,29.04,29.82,29.9399,28.1266,122730
2019-07-25,29.96,29.12,29.96,28.89,88971
2019-07-26,29.32,29.49,29.86,29.16,76057
2019-07-29,29.45,28.57,29.45,28.43,184103
2019-07-30,28.34,28.13,28.48,27.77,153259
2019-07-31,28.27,27.91,28.76,27.77,168275
2019-08-01,27.97,26.29,27.97,26.17,221211
2019-08-02,26.21,26.67,26.85,25.89,216358
2019-08-05,26.4,25.42,26.4,25.07,277907
2019-08-06,25.55,25.45,25.8,24.945,132751
2019-08-07,24.96,24.93,25.175,24.39,97995
2019-08-08,27.72,24.2,28.07,23.62,452941
2019-08-09,24.42,24.12,24.69,23.3,491255
2019-08-12,24.13,22.75,24.13,22.68,259366
2019-08-13,22.65,23.4,23.55,22.55,359275
2019-08-14,22.95,21.9,22.95,21.89,265294
2019-08-15,22.1,21.41,22.1,21.15,266644
2019-08-16,21.56,21.75,22.05,21.46,222490
2019-08-19,22.15,21.75,22.25,21.55,206242
2019-08-20,21.64,21.76,21.84,20.87,513016
2019-08-21,22.07,21.62,22.17,21.52,237408
2019-08-22,21.7,21.21,22.1,21.07,229221
2019-08-23,21.04,20.2,21.3873,20.04,310158
2019-08-26,20.79,20.28,20.79,20.04,315254
2019-08-27,20.28,20.12,20.31,19.61,485522
2019-08-28,19.94,19.87,20.2,19.75,251959
2019-08-29,20.13,20.15,20.42,19.94,368162
2019-08-30,20.35,20.52,20.52,19.885,213561
2019-09-03,20.14,19.78,20.64,19.05,438318
2019-09-04,20.04,19.58,20.32,19.36,203740
2019-09-05,19.9,20.23,20.9,19.875,322514
2019-09-06,20.4,20.23,20.81,20.15,301912
2019-09-09,20.42,21.12,21.42,20.42,499639
2019-09-10,21.25,22.34,22.5,21.25,657810
2019-09-11,22.59,22.88,23.08,22.11,388297
2019-09-12,22.74,22.88,23.165,22.28,274244
2019-09-13,23.03,23.25,23.45,22.81,248615
2019-09-16,23.07,23.6,23.96,23.0,250098
2019-09-17,23.6,23.52,23.6,22.72,872665
2019-09-18,23.49,23.48,23.89,23.18,243306
2019-09-19,23.55,23.6,24.26,23.24,316615
2019-09-20,23.54,23.99,24.06,23.51,802029
2019-09-23,23.81,24.02,24.13,23.78,286118
2019-09-24,24.14,23.65,24.16,22.95,456769
2019-09-25,23.64,23.94,24.27,23.5,421688
2019-09-26,23.95,23.7,24.1,23.6,134900
2019-09-27,23.91,23.765,24.15,23.55,117752
2019-09-30,23.93,23.8,24.1494,23.5253,155822
2019-10-01,24.15,23.76,24.5,23.38,257331
2019-10-02,23.42,23.29,23.665,22.98,280752
2019-10-03,23.15,22.53,23.245,22.4,230420
2019-10-04,22.57,22.14,22.57,21.79,185189
2019-10-07,22.03,21.53,22.21,21.46,262602
2019-10-08,21.32,21.28,21.49,21.03,520901
2019-10-09,21.37,21.75,22.02,21.28,447238
2019-10-10,21.84,22.0,22.625,21.835,628823
2019-10-11,22.32,22.68,23.05,22.32,471290
2019-10-14,22.41,22.595,22.85,22.14,155142
2019-10-15,22.6,22.99,23.13,22.375,240326
2019-10-16,22.87,22.4,23.14,22.3,158876
2019-10-17,22.57,22.25,22.75,21.12,206889
2019-10-18,22.07,22.23,22.55,22.07,177123
2019-10-21,22.47,22.59,22.87,22.07,259706
2019-10-22,22.65,22.38,22.76,22.23,184968
2019-10-23,22.38,22.13,22.61,22.0,245853
2019-10-24,22.17,21.67,22.29,21.31,200915
2019-10-25,21.71,21.99,22.475,21.62,246591
2019-10-28,22.1,22.67,22.76,22.0,270829
2019-10-29,22.73,22.57,23.18,22.5,316923
2019-10-30,22.49,22.09,22.79,21.84,179785
2019-10-31,21.9,21.88,21.96,21.49,161395
2019-11-01,21.75,22.57,22.87,21.75,294258
2019-11-04,22.81,23.34,23.85,22.75,412555
2019-11-05,23.44,23.25,23.84,22.99,146214
2019-11-06,23.21,23.77,23.79,22.98,314345
2019-11-07,25.0,26.15,26.51,24.81,568764
2019-11-08,26.4,26.73,27.0,26.14,471044
2019-11-11,26.55,26.51,27.01,26.32,195176
2019-11-12,26.96,26.26,26.96,25.94,247383
2019-11-13,25.94,26.5,26.64,25.8,279880
2019-11-14,26.5,26.61,26.76,26.31,194812
2019-11-15,26.87,26.74,27.145,26.63,161548
2019-11-18,26.55,26.29,26.6462,26.18,387698
2019-11-19,26.46,26.81,27.41,26.15,418111
2019-11-20,26.61,26.08,27.03,25.58,351327
2019-11-21,26.19,26.62,26.86,25.76,309335
2019-11-22,26.71,26.99,27.13,26.53,241362
2019-11-25,27.1,27.92,28.29,26.51,353416
2019-11-26,27.86,27.57,28.48,27.44,761006
2019-11-27,27.65,27.98,28.399,27.45,204970
2019-11-29,27.83,28.11,28.77,27.83,169018
2019-12-02,28.24,27.91,28.81,27.71,255640
2019-12-03,27.39,27.29,27.62,26.98,196126
2019-12-04,27.44,27.24,27.67,27.2,146163
2019-12-05,27.48,26.97,27.49,26.93,224064
2019-12-06,27.43,27.2,27.71,26.9,237502
2019-12-09,27.08,26.81,27.29,26.51,256849
2019-12-10,27.11,27.5,28.33,26.59,180541
2019-12-11,27.73,27.9,28.33,27.305,155308
2019-12-12,27.81,28.2,28.6723,27.7207,308305
2019-12-13,28.24,28.72,28.99,27.91,515859
2019-12-16,29.08,28.99,29.1508,28.549,134263
2019-12-17,28.94,28.07,29.05,27.86,204408
2019-12-18,28.09,29.38,29.64,27.68,353753
2019-12-19,29.19,29.85,30.0,29.08,236503
2019-12-20,29.89,29.74,29.95,29.02,340332
2019-12-23,29.59,29.58,29.8404,29.1,96374
2019-12-24,29.58,29.78,29.87,29.29,68478
2019-12-26,29.72,30.22,30.35,29.64,148775
2019-12-27,30.36,29.64,30.69,29.5,233422
2019-12-30,29.78,29.76,30.07,29.34,134651
2019-12-31,29.65,29.47,30.2728,29.4,170114
2020-01-02,29.73,29.62,29.9094,28.91,131387
2020-01-03,29.08,29.3,29.56,28.7097,105153
2020-01-06,29.09,29.88,29.92,28.51,210838
2020-01-07,29.84,30.06,30.48,29.59,222045
2020-01-08,30.2,30.36,30.65,29.78,328301
2020-01-09,30.52,30.53,30.57,30.04,108950
2020-01-10,30.38,29.62,30.56,29.51,252659
2020-01-13,29.7,30.25,30.26,29.69,89937
2020-01-14,30.16,29.735,30.31,29.5,169777
2020-01-15,29.57,28.65,29.75,28.57,349533
2020-01-16,28.72,27.09,28.82,27.03,434909
2020-01-17,27.34,28.26,28.515,26.32,642765
2020-01-21,28.21,28.91,29.27,28.08,475189
2020-01-22,29.08,29.76,29.87,28.98,303465
2020-01-23,29.56,29.46,29.83,29.04,188746
2020-01-24,29.54,28.0,29.59,27.61,203270
2020-01-27,27.25,27.91,28.1,27.19,279038
2020-01-28,28.06,28.14,28.5367,27.895,77901
2020-01-29,28.2,28.37,29.03,27.83,98917
2020-01-30,28.06,28.69,29.15,28.06,130069
2020-01-31,28.53,28.25,28.71,28.2,226070
2020-02-03,28.51,28.95,29.44,28.51,214458
2020-02-04,29.41,29.12,29.7,28.95,137766
2020-02-05,29.42,29.42,29.68,29.125,117385
2020-02-06,29.53,29.0,29.53,28.855,158328
2020-02-07,28.81,28.22,28.81,28.0711,164530
2020-02-10,28.15,29.07,29.16,27.95,241338
2020-02-11,29.26,29.49,30.35,29.26,173634
2020-02-12,29.8,29.75,30.58,29.64,198272
2020-02-13,29.66,29.8,30.13,29.65,190336
2020-02-14,29.88,29.68,29.9,29.495,135037
2020-02-18,29.6,29.95,30.05,29.45,278763
2020-02-19,30.16,31.01,31.6528,30.16,664491
2020-02-20,32.1,34.04,34.44,32.09,746590
2020-02-21,34.0,33.91,34.96,33.67,527151
2020-02-24,32.72,31.66,32.95,31.59,283609
2020-02-25,31.82,30.29,31.962,29.75,310835
2020-02-26,30.47,29.08,30.9838,29.0,235412
2020-02-27,28.36,27.84,29.96,26.91,441492
2020-02-28,26.76,27.19,27.72,26.17,519485
2020-03-02,27.03,28.235,28.41,25.48,703283
2020-03-03,28.13,26.98,28.29,26.5,370153
2020-03-04,27.8,27.45,28.23,26.54,226264
2020-03-05,26.45,25.67,27.23,25.32,390458
2020-03-06,24.51,25.22,25.66,24.4,365042
2020-03-09,23.05,23.35,24.98,21.84,409416
2020-03-10,23.99,23.54,24.24,21.86,337962
2020-03-11,22.8,21.59,23.21,21.11,366548
2020-03-12,20.11,17.64,20.11,16.11,982100
2020-03-13,18.5,19.08,19.1739,17.2,677930
2020-03-16,16.97,15.79,17.97,15.77,467032
2020-03-17,16.28,15.88,16.97,14.77,801117
2020-03-18,14.95,13.88,15.87,12.17,593975
2020-03-19,13.76,16.46,16.56,13.5,472846
2020-03-20,16.56,17.13,18.5699,16.45,511297
2020-03-23,17.37,16.8,17.37,15.29,421256
2020-03-24,17.8,20.32,20.4098,17.8,394601
2020-03-25,20.34,21.28,22.095,19.62,485697
2020-03-26,21.45,23.32,23.53,20.88,306510
2020-03-27,22.25,22.22,22.65,20.76,828135
2020-03-30,22.16,22.54,23.16,21.6401,122906
2020-03-31,22.4,23.01,23.1,21.91,271285
2020-04-01,21.58,20.89,22.33,19.82,324479
2020-04-02,20.65,19.62,21.33,19.3301,315449
2020-04-03,19.33,18.66,19.55,17.8,529843
2020-04-06,19.75,19.46,20.7,19.29,319922
2020-04-07,20.27,20.045,21.58,20.03,332784
2020-04-08,20.4,20.32,21.115,19.69,417928
2020-04-09,20.68,20.75,22.18,20.34,563309
2020-04-13,20.56,18.91,20.56,18.51,269748
2020-04-14,19.36,19.73,20.05,19.09,248929
2020-04-15,18.78,19.54,19.84,18.25,260057
2020-04-16,19.61,18.79,19.87,18.5167,214834
2020-04-17,19.47,20.7,20.96,19.47,406175
2020-04-20,20.07,19.86,20.4,19.26,205434
2020-04-21,19.22,19.32,20.0,18.71,113992
2020-04-22,19.76,19.42,20.38,19.25,120672
2020-04-23,19.58,19.82,20.36,19.43,130372
2020-04-24,20.0,19.92,20.19,19.38,100506
2020-04-27,20.05,21.89,22.48,19.88,224787
2020-04-28,22.78,24.21,24.93,22.78,449475
2020-04-29,24.94,25.48,26.45,24.85,241448
2020-04-30,24.66,23.86,25.61,23.81,137548
2020-05-01,22.97,22.63,22.97,21.56,202826
2020-05-04,22.23,23.26,23.44,22.14,141566
2020-05-05,23.71,22.76,24.01,22.57,123702
2020-05-06,22.75,22.82,23.23,22.45,148836
2020-05-07,24.35,24.05,25.05,23.05,205439
2020-05-08,25.05,24.75,25.1,24.01,254212
2020-05-11,24.25,23.09,24.31,22.67,179968
2020-05-12,23.19,21.77,23.19,21.72,152086
2020-05-13,21.43,20.35,22.01,19.82,152798
2020-05-14,19.7,21.72,22.18,19.235,229547
2020-05-15,21.62,22.5,22.755,21.0878,252359
2020-05-18,23.73,24.17,24.52,23.0254,143307
2020-05-19,23.93,23.73,25.3,23.64,288896
2020-05-20,24.23,25.81,25.98,23.95,246101
2020-05-21,26.33,28.55,29.24,26.32,870569
2020-05-22,28.83,27.94,28.83,27.3994,351625
2020-05-26,29.15,28.2,29.389,27.46,330587
2020-05-27,28.85,29.43,30.0,28.205,301323
2020-05-28,29.96,28.48,30.0,28.14,289945
2020-05-29,28.03,27.84,28.3,26.5226,632998
2020-06-01,28.03,27.42,29.24,27.38,311754
2020-06-02,27.74,27.49,28.25,27.11,551573
2020-06-03,28.1,29.73,31.07,27.79,485428
2020-06-04,29.74,29.22,30.75,28.2,325932
2020-06-05,30.7,29.605,31.41,29.5,574641
2020-06-08,30.49,30.45,31.25,30.18,357148
2020-06-09,29.46,30.43,30.97,29.46,334838
2020-06-10,30.37,29.42,30.56,28.87,165524
2020-06-11,27.93,27.01,28.7,26.235,309478
2020-06-12,28.29,27.95,28.3898,26.73,196157
2020-06-15,26.69,29.1,29.34,26.69,244586
2020-06-16,30.56,29.92,30.56,28.7,245779
2020-06-17,30.11,29.73,30.57,29.57,230702
2020-06-18,29.43,30.03,30.6,29.37,221563
2020-06-19,30.42,30.13,31.13,29.66,362020
2020-06-22,30.13,29.75,31.12,29.41,319992
2020-06-23,31.34,32.6,32.9,30.56,964786
2020-06-24,32.48,29.75,32.48,29.55,420396
2020-06-25,29.45,30.01,30.18,28.16,280941
2020-06-26,29.86,28.59,29.86,28.36,647909
2020-06-29,29.04,30.18,30.41,28.54,211530
2020-06-30,31.62,33.05,33.42,31.085,809675
2020-07-01,33.0,33.35,33.695,31.43,410751
2020-07-02,33.65,33.86,34.39,32.5816,632836
2020-07-06,34.6,33.93,34.8,33.6249,431780
2020-07-07,33.67,33.57,34.185,33.11,312110
2020-07-08,33.57,35.01,35.07,33.57,350731
2020-07-09,34.34,34.37,34.97,33.62,507230
2020-07-10,34.39,35.24,35.78,34.1,474938
2020-07-13,35.99,34.82,36.24,34.82,431286
2020-07-14,34.29,35.47,35.72,34.09,308619
2020-07-15,36.5,36.92,37.16,35.97,393314
2020-07-16,36.49,38.44,38.85,36.145,649606
2020-07-17,38.33,37.75,38.65,37.13,397155
2020-07-20,37.53,38.87,39.15,37.25,419471
2020-07-21,39.2,38.49,39.2399,37.82,207122
2020-07-22,38.39,38.49,39.33,38.39,286817
2020-07-23,38.52,37.88,38.78,37.71,346911
2020-07-24,37.51,37.61,37.955,37.334,190417
2020-07-27,37.94,38.01,38.3999,37.45,478072
2020-07-28,37.84,36.8,38.2,36.7,388944
2020-07-29,36.86,37.12,37.8,36.86,473970
2020-07-30,36.39,37.26,37.35,36.3,243640
2020-07-31,37.05,36.95,37.1,36.01,402720
2020-08-03,37.42,37.14,37.81,36.81,356467
2020-08-04,37.28,37.04,37.715,36.73,420232
2020-08-05,37.64,39.17,39.37,37.64,549083
2020-08-06,39.17,39.94,40.6553,38.4,821002
2020-08-07,39.75,38.73,40.94,38.43,441790
2020-08-10,38.86,39.67,39.73,38.6,799430
2020-08-11,39.94,38.46,40.99,38.06,572518
2020-08-12,39.05,38.83,39.97,38.43,251848
2020-08-13,38.79,38.5,39.36,38.29,504410
2020-08-14,38.4,39.105,39.19,38.03,723594
2020-08-17,39.25,37.71,39.57,36.85,304979
2020-08-18,37.78,37.25,38.0,36.85,349843
2020-08-19,37.24,37.11,37.4399,36.8,454214
2020-08-20,36.02,36.59,37.64,36.01,397845
2020-08-21,36.45,35.8,36.86,35.52,325083
2020-08-24,36.2,36.74,37.09,35.75,331108
2020-08-25,36.97,35.98,36.97,35.57,449989
2020-08-26,35.99,35.48,35.99,35.26,306836
2020-08-27,35.84,35.69,36.62,35.51,363323
2020-08-28,35.73,35.24,36.0,35.07,224583
2020-08-31,35.78,35.39,35.83,34.31,449347
2020-09-01,35.13,36.34,36.41,34.855,170223
2020-09-02,36.44,36.94,37.39,36.08,266399
2020-09-03,36.91,34.35,37.095,34.03,225339
2020-09-04,34.81,33.91,34.93,33.23,323194
2020-09-08,33.37,31.64,34.03,31.44,693219
2020-09-09,31.75,31.79,32.52,30.9,526219
2020-09-10,32.0,31.09,32.41,30.9,790523
2020-09-11,31.56,31.64,32.42,31.28,486930
2020-09-14,31.77,31.57,32.34,31.37,348225
2020-09-15,31.65,30.42,31.885,30.205,257759
2020-09-16,30.36,30.46,31.22,30.165,335873
2020-09-17,29.92,30.69,30.85,29.44,233326
2020-09-18,30.97,31.32,32.66,30.59,597749
2020-09-21,30.45,31.8,31.87,30.41,424049
2020-09-22,32.0,32.65,32.9,31.51,441668
2020-09-23,32.62,31.18,33.145,31.11,325289
2020-09-24,30.99,30.48,31.23,30.04,250026
2020-09-25,30.26,31.51,31.6,30.24,159772
2020-09-28,32.14,32.32,32.67,31.93,196650
2020-09-29,32.35,32.88,32.97,31.97,322792
2020-09-30,33.0,32.79,33.46,31.96,340875
2020-10-01,33.17,32.93,33.435,32.22,180742
2020-10-02,32.13,32.95,33.54,32.13,220126
2020-10-05,33.38,33.53,33.76,32.79,125777
2020-10-06,33.54,34.15,35.19,33.35,356433
2020-10-07,34.95,35.65,35.81,34.89,236855
2020-10-08,36.02,37.56,37.76,35.715,294667
2020-10-09,38.13,37.47,38.62,37.21,337041
2020-10-12,37.45,38.3,38.375,37.36,213571
2020-10-13,37.88,38.11,38.63,37.29,221377
2020-10-14,38.48,38.05,38.75,37.99,134710
2020-10-15,37.5,39.0,39.14,37.2312,117409
2020-10-16,39.0,39.22,39.37,38.825,181299
2020-10-19,39.55,38.61,40.59,38.455,258422
2020-10-20,39.01,39.1,39.26,38.36,99522
2020-10-21,39.25,39.0,39.39,38.55,239198
2020-10-22,39.12,40.41,40.7,39.05,353465
2020-10-23,40.58,39.99,41.66,39.53,532751
2020-10-26,39.45,38.24,40.19,37.12,287416
2020-10-27,38.18,37.63,38.75,37.32,146052
2020-10-28,36.76,36.65,36.79,36.03,288220
2020-10-29,36.0,37.87,38.01,35.555,381146
2020-10-30,37.6,36.51,38.05,36.19,193665
2020-11-02,37.12,38.21,38.74,36.695,241498
2020-11-03,39.07,38.87,39.93,38.51,212109
2020-11-04,38.71,39.97,40.03,38.34,196169
2020-11-05,38.78,39.24,40.865,38.78,549738
2020-11-06,39.2,37.49,39.42,36.605,384958
2020-11-09,39.0,38.07,40.36,38.053,402360
2020-11-10,38.51,37.72,39.06,37.31,245458
2020-11-11,37.72,38.07,38.13,37.28,166632
2020-11-12,37.66,37.53,38.105,37.19,168385
2020-11-13,37.76,37.53,38.74,37.36,212384
2020-11-16,38.34,38.35,39.01,37.8738,128171
2020-11-17,37.95,38.7,38.87,36.7431,184637
2020-11-18,38.82,38.29,39.34,38.29,178819
2020-11-19,38.3,38.97,39.1,38.05,124309
2020-11-20,38.56,38.61,39.1,36.7701,137842
2020-11-23,39.0,39.6,40.5071,39.0,238581
2020-11-24,40.03,39.79,40.31,39.2368,375726
2020-11-25,39.46,39.56,40.07,38.02,187210
2020-11-27,39.59,40.63,40.8,38.9,132286
2020-11-30,40.63,39.61,40.63,38.58,432518
2020-12-01,40.0,39.59,40.0,38.69,486385
2020-12-02,39.47,39.98,40.2362,38.9355,306541
2020-12-03,40.22,43.41,43.88,39.78,1086094
2020-12-04,43.5,42.42,44.26,42.13,510861
2020-12-07,42.53,44.71,45.03,42.19,502264
2020-12-08,44.68,45.03,45.58,44.1018,468651
2020-12-09,45.47,45.92,45.97,44.43,756002
2020-12-10,45.55,45.28,45.9,44.54,193580
2020-12-11,45.0,44.93,45.38,44.1,248381
2020-12-14,45.44,44.63,47.09,44.63,337175
2020-12-15,44.75,44.35,45.41,43.8218,408660
2020-12-16,44.8,44.51,44.93,43.95,323986
2020-12-17,44.73,46.01,47.18,44.4093,321240
2020-12-18,46.0,46.17,46.845,45.48,646440
2020-12-21,45.0,44.91,45.765,43.6298,367088
2020-12-22,45.11,45.19,45.71,44.33,132834
2020-12-23,45.91,45.17,47.0,45.01,188658
2020-12-24,45.54,44.71,45.8475,44.34,80807
2020-12-28,44.71,44.1,44.9385,43.86,141555
2020-12-29,44.41,43.46,44.525,42.65,213734
2020-12-30,43.8,43.84,44.43,43.47,101656
2020-12-31,43.5,43.5,44.843,43.21,129970
2021-01-04,43.55,43.47,44.193,42.71,235630
2021-01-05,43.3,44.25,44.62,42.83,281491
2021-01-06,44.7,44.83,46.0,44.4913,235226
2021-01-07,45.04,46.66,46.76,45.04,222094
2021-01-08,47.68,47.67,48.68,46.83,352475
2021-01-11,47.67,48.43,49.18,47.15,225767
2021-01-12,48.82,48.86,49.47,47.71,216025
2021-01-13,48.58,48.26,49.07,46.0264,162982
2021-01-14,48.72,49.64,49.9,48.05,267041
2021-01-15,49.31,49.72,49.72,48.21,189924
2021-01-19,49.99,51.05,51.26,48.43,351760
2021-01-20,51.05,51.13,51.54,50.28,268871
2021-01-21,51.42,50.7,51.42,50.2,154692
2021-01-22,50.5,51.64,51.97,50.3,299426
2021-01-25,51.7,50.91,51.7,50.1312,314444
2021-01-26,51.0,49.93,51.2,49.7364,187112
2021-01-27,48.73,48.72,49.88,47.7107,245664
2021-01-28,49.56,49.52,50.79,48.98,253994
2021-01-29,49.54,47.58,49.54,46.97,248683
2021-02-01,48.02,49.27,49.42,47.5131,143084
2021-02-02,49.91,50.45,50.87,48.795,172567
2021-02-03,50.55,50.71,50.76,49.63,158690
2021-02-04,51.0,51.29,51.74,50.21,180865
2021-02-05,51.56,52.0,52.075,51.01,223111
2021-02-08,52.52,53.16,53.195,51.97,152471
2021-02-09,53.23,53.17,53.94,52.5,100297
2021-02-10,53.65,52.58,54.2,52.34,119351
2021-02-11,52.63,52.2,53.275,51.55,90161
2021-02-12,51.93,52.82,53.115,51.93,70038
2021-02-16,53.07,52.97,53.72,52.7201,116539
2021-02-17,52.87,53.14,53.67,52.3837,195995
2021-02-18,52.24,54.7,56.16,52.24,399193
2021-02-19,55.41,52.96,56.56,51.78,252894
2021-02-22,52.25,52.0,53.93,51.89,225096
2021-02-23,51.975,52.4,52.6548,49.31,177996
2021-02-24,52.42,52.76,53.445,51.16,169991
2021-02-25,52.92,52.27,53.656,52.2,133708
2021-02-26,47.35,47.01,47.68,45.9,2899022
2021-03-01,47.1,47.03,48.3,46.89,1683925
2021-03-02,47.12,45.43,48.03,45.295,1544358
2021-03-03,45.24,47.31,48.49,45.24,1904762
2021-03-04,46.81,46.43,48.15,46.07,709800
2021-03-05,46.49,47.09,47.64,44.89,498625
2021-03-08,47.22,46.77,47.36,45.796,349020
2021-03-09,47.25,47.76,48.2,46.34,306957
2021-03-10,48.29,46.9,48.57,46.75,676096
2021-03-11,47.33,48.25,48.89,46.9,529416
2021-03-12,48.01,47.24,48.58,46.58,371894
2021-03-15,47.07,47.85,47.86,46.13,278998
2021-03-16,47.99,46.43,47.99,44.76,460572
2021-03-17,46.25,46.05,47.27,45.15,375497
2021-03-18,46.07,44.525,46.93,44.23,423338
2021-03-19,44.09,44.38,44.815,43.08,959503
2021-03-22,44.71,44.28,44.88,43.88,341775
2021-03-23,43.85,43.28,44.32,43.18,598519
2021-03-24,43.86,43.13,43.96,43.13,691466
2021-03-25,43.02,43.97,44.2,42.38,485054
2021-03-26,44.07,43.47,44.5651,42.74,427970
2021-03-29,43.2,41.36,43.84,41.33,643166
2021-03-30,41.45,41.98,42.105,40.93,1542586
2021-03-31,42.04,41.62,42.48,41.44,1717408
2021-04-01,42.06,43.25,43.56,42.0,2480841
2021-04-05,44.675,43.29,44.675,42.87,862773
2021-04-06,43.21,42.34,43.47,42.12,1598210
2021-04-07,42.71,42.54,43.36,42.34,726858
2021-04-08,42.92,42.41,43.17,41.755,523442
2021-04-09,42.75,43.365,43.54,42.66,395496
2021-04-12,43.26,43.94,44.06,43.1,288050
2021-04-13,44.1,43.79,44.42,43.43,316605
2021-04-14,43.78,43.66,44.82,43.525,160645
2021-04-15,44.06,44.02,44.2723,43.42,171558
2021-04-16,44.1,44.07,44.46,43.67,332915
2021-04-19,44.07,43.3,44.47,42.96,307418
2021-04-20,42.95,43.1,43.25,42.3,413034
2021-04-21,42.68,44.14,44.35,42.55,396113
2021-04-22,44.14,45.14,45.55,44.14,472283
2021-04-23,45.36,46.17,46.56,45.0,367904
2021-04-26,46.21,46.5,47.63,45.85,757171
2021-04-27,46.28,46.6,47.21,46.28,262499
2021-04-28,46.75,46.64,46.87,46.413,395570
2021-04-29,46.88,47.34,47.44,46.59,173319
2021-04-30,47.06,47.06,47.65,46.85,321937
2021-05-03,47.41,47.2,47.9,46.38,597059
2021-05-04,46.77,47.14,47.38,45.79,386802
2021-05-05,47.49,47.57,48.14,46.97,611199
2021-05-06,47.63,46.64,47.865,44.53,804269
2021-05-07,46.08,48.42,49.59,46.08,754165
2021-05-10,48.66,47.04,48.66,46.5,365805
2021-05-11,46.32,47.09,47.24,45.335,291292
2021-05-12,47.0,45.32,47.0,45.25,380515
2021-05-13,45.57,45.98,46.5711,45.02,369720
2021-05-14,46.18,47.13,47.25,46.09,416046
2021-05-17,46.85,47.06,47.13,46.1,128927
2021-05-18,47.13,47.35,48.42,47.11,391064
2021-05-19,46.64,46.94,48.71,46.0,243386
2021-05-20,47.0,47.62,47.8,46.77,297124
2021-05-21,48.15,47.71,48.51,47.45,227604
2021-05-24,47.99,48.97,49.34,47.5,264628
2021-05-25,49.25,48.95,50.43,48.94,466870
2021-05-26,48.85,50.06,50.475,48.65,609560
2021-05-27,50.48,49.89,50.48,49.55,246424
2021-05-28,50.24,50.69,50.94,49.51,434505
2021-06-01,51.06,52.49,53.09,51.06,1147790
2021-06-02,52.46,52.26,52.74,51.44,589157
2021-06-03,51.5,51.67,51.86,50.89,256847
2021-06-04,51.56,52.0,52.23,51.42,172497
2021-06-07,52.27,53.23,53.26,51.68,394688
2021-06-08,53.25,53.25,53.51,52.17,276522
2021-06-09,53.4,53.1,53.53,52.6125,474934
2021-06-10,53.21,53.22,53.35,52.73,564629
2021-06-11,53.3,53.04,53.45,52.66,305924
2021-06-14,53.34,53.79,53.8,53.11,278582
2021-06-15,53.83,54.04,54.41,53.83,375831
2021-06-16,54.04,54.45,54.75,53.88,464622
2021-06-17,54.54,54.25,54.7,52.93,374478
2021-06-18,53.46,53.23,54.015,53.09,700481
2021-06-21,53.45,54.39,54.48,53.21,394326
2021-06-22,49.72,51.19,51.39,49.42,4852041
2021-06-23,51.65,51.83,52.195,51.195,1906410
2021-06-24,52.32,51.44,52.5799,50.78,738904
2021-06-25,51.08,51.47,51.98,50.935,2479174
2021-06-28,51.43,50.03,51.62,50.0,435161
2021-06-29,50.13,49.39,50.53,49.06,531124
2021-06-30,49.37,48.5,49.55,48.4,605328
2021-07-01,49.01,50.0,50.11,48.835,855738
2021-07-02,50.27,50.19,50.445,49.525,454473
2021-07-06,50.35,51.25,51.56,49.96,525929
2021-07-07,51.43,51.83,51.91,50.64,650253
2021-07-08,51.2,50.49,51.2,49.76,505195
2021-07-09,51.07,52.36,52.425,50.76,474020
2021-07-12,52.41,53.52,53.98,52.22,667841
2021-07-13,53.33,52.39,53.65,52.33,360832
2021-07-14,51.82,51.89,52.57,50.85,525072
2021-07-15,51.63,50.77,52.915,50.3,327205
2021-07-16,51.3,49.85,51.47,49.73,336037
2021-07-19,48.78,48.09,48.99,47.2148,428645
2021-07-20,48.23,50.0,50.11,48.23,454330
2021-07-21,50.48,50.75,51.075,49.6882,436595
2021-07-22,50.76,50.02,51.01,49.5,172847
2021-07-23,50.51,50.11,50.67,49.781,191842
2021-07-26,50.19,50.21,51.08,50.05,284321
2021-07-27,49.71,49.66,50.2,49.29,198534
2021-07-28,49.73,49.57,50.1,49.0,253992
2021-07-29,50.2,51.38,52.145,50.02,382576
2021-07-30,51.32,51.33,52.71,51.12,432782
2021-08-02,51.63,51.26,52.57,51.16,470525
2021-08-03,51.23,51.69,52.07,50.59,310656
2021-08-04,51.26,51.64,51.92,50.75,346053
2021-08-05,52.43,50.7,52.43,50.53,594523
2021-08-06,51.24,50.49,51.72,49.34,370724
2021-08-09,50.63,50.36,50.66,49.51,206963
2021-08-10,50.41,50.48,50.97,50.0,392080
2021-08-11,50.9,50.19,51.32,49.982,284996
2021-08-12,49.99,49.99,50.155,49.64,253032
2021-08-13,50.06,49.91,50.22,49.5501,184100
2021-08-16,49.82,49.81,50.12,49.05,270535
2021-08-17,49.52,49.09,49.84,48.46,268628
2021-08-18,49.3,48.99,50.03,48.84,333586
2021-08-19,48.36,48.63,49.03,47.88,277633
2021-08-20,48.62,49.11,49.15,48.56,291082
2021-08-23,49.6,50.7,51.03,49.6,426669
2021-08-24,50.96,50.97,51.51,50.84,378696
2021-08-25,50.99,51.37,51.65,50.79,267362
2021-08-26,51.39,51.05,51.89,50.835,378866
2021-08-27,51.02,52.09,52.685,50.58,411705
2021-08-30,52.41,52.01,52.44,51.75,221775
2021-08-31,52.05,51.88,52.44,51.6,226451
2021-09-01,51.92,52.94,53.375,51.66,294282
2021-09-02,53.34,53.55,54.42,52.98,355326
2021-09-03,53.63,53.34,54.2199,52.86,187845
2021-09-07,53.37,52.31,53.89,52.12,281920
2021-09-08,52.22,51.42,52.28,50.7,344449
2021-09-09,51.25,51.29,51.87,50.71,278361
2021-09-10,51.68,51.92,52.21,50.71,343488
2021-09-13,52.41,52.51,52.76,52.01,311388
2021-09-14,52.97,52.03,53.185,51.765,345198
2021-09-15,52.09,52.25,52.72,50.795,358962
2021-09-16,52.5,52.8,52.89,51.96,380073
2021-09-17,53.43,52.7,53.75,52.54,1373822
2021-09-20,51.63,49.23,51.8,48.71,579246
2021-09-21,49.63,49.37,50.24,48.7796,474201
2021-09-22,49.1,50.23,50.77,48.97,270374
2021-09-23,50.56,51.65,52.05,49.42,244919
2021-09-24,51.42,51.88,52.36,51.03,274231
2021-09-27,51.46,53.28,53.3,51.46,307683
2021-09-28,53.25,52.3,53.25,52.18,405800
2021-09-29,52.45,52.26,52.48,51.55,400489
2021-09-30,52.51,52.37,53.21,52.24,324113
2021-10-01,52.55,52.65,53.13,52.04,264248
2021-10-04,52.49,53.09,53.27,51.44,377581
2021-10-05,53.29,55.57,55.94,52.48,666872
2021-10-06,55.12,55.16,55.73,53.88,547243
2021-10-07,55.34,56.68,57.33,55.1,821195
2021-10-08,57.09,57.66,58.75,56.285,479753
2021-10-11,58.09,58.84,60.0,57.66,554190
2021-10-12,58.87,58.13,59.385,57.97,354999
2021-10-13,58.45,58.89,59.59,57.5468,475978
2021-10-14,59.91,58.97,60.0,58.64,471937
2021-10-15,60.0,58.41,60.0,58.34,302148
2021-10-18,58.22,59.15,59.4,58.01,244540
2021-10-19,59.49,60.31,60.49,58.68,385846
2021-10-20,60.48,60.85,61.33,59.46,399874
2021-10-21,60.84,61.76,61.92,60.71,366931
2021-10-22,62.03,61.48,62.13,61.3,459598
2021-10-25,61.5,62.05,62.45,60.95,353346
2021-10-26,62.81,62.49,62.89,61.82,197062
2021-10-27,62.23,61.23,62.91,61.23,213082
2021-10-28,61.41,61.5,62.43,61.1,313565
2021-10-29,61.37,62.86,62.88,59.76,303616
2021-11-01,63.66,64.0,64.77,63.565,507488
2021-11-02,64.28,64.09,64.7983,63.54,263626
2021-11-03,64.04,65.72,66.0,64.04,459217
2021-11-04,65.72,65.4,66.1,63.26,270432
2021-11-05,67.39,66.58,67.58,63.0206,331477
2021-11-08,67.19,66.93,67.2,65.62,314287
2021-11-09,67.0,67.1,67.79,66.59,318584
2021-11-10,66.57,66.81,67.12,66.1,370178
2021-11-11,67.35,68.14,68.35,66.754,218324
2021-11-12,68.8,67.76,68.945,67.59,422763
2021-11-15,67.8,68.0,68.63,67.2,274912
2021-11-16,67.7,67.59,68.38,66.9676,252518
2021-11-17,67.23,67.43,67.89,66.68,283223
2021-11-18,67.5,68.21,68.4099,66.9975,268530
2021-11-19,67.94,68.15,69.13,67.87,328068
2021-11-22,68.48,67.28,68.5,66.79,333742
2021-11-23,67.21,67.42,67.765,67.045,580545
2021-11-24,66.65,67.23,67.69,66.255,381714
2021-11-26,65.51,65.52,66.03,64.21,219019
2021-11-29,66.79,63.75,66.79,63.47,754765
2021-11-30,64.04,61.54,64.99,61.39,642771
2021-12-01,63.03,61.8,64.1,61.36,759951
2021-12-02,61.8,63.06,63.46,61.2488,488989
2021-12-03,63.18,62.71,64.05,61.98,649473
2021-12-06,63.26,64.38,65.37,62.46,593795
2021-12-07,65.0,65.53,67.28,64.73,444818
2021-12-08,65.79,66.67,66.96,65.18,529452
2021-12-09,66.28,65.09,66.65,64.91,392778
2021-12-10,66.21,64.71,66.79,64.32,367391
2021-12-13,64.48,62.46,64.7,62.33,276529
2021-12-14,62.24,61.47,62.81,60.48,479837
2021-12-15,61.31,61.01,61.31,59.511,431937
2021-12-16,59.9,60.4,62.31,59.6287,1656658
2021-12-17,58.15,57.62,60.18,57.4,1455270
2021-12-20,56.86,56.15,57.16,55.02,546542
2021-12-21,56.81,58.19,58.73,56.65,296280
2021-12-22,58.0,58.5,58.915,57.56,321754
2021-12-23,58.78,59.5,59.55,58.45,377017
2021-12-27,59.7,61.06,61.24,59.67,178556
2021-12-28,60.99,61.24,61.51,60.65,257721
2021-12-29,61.19,60.38,61.63,60.1,157162
2021-12-30,60.24,59.92,60.77,59.86,205092
2021-12-31,59.85,59.72,60.6116,59.625,126790
2022-01-03,59.84,61.16,61.2,59.35,318316
2022-01-04,60.74,59.93,62.24,59.82,324577
2022-01-05,60.2,57.53,60.43,57.335,313188
2022-01-06,57.85,57.15,58.37,57.13,288937
2022-01-07,57.28,56.66,57.55,56.555,242500
2022-01-10,56.27,55.97,56.449,54.92,494095
2022-01-11,56.28,56.74,57.34,55.2,346045
2022-01-12,57.32,56.15,57.83,55.91,231751
2022-01-13,56.51,55.03,56.87,54.83,224054
2022-01-14,54.31,54.74,54.97,53.75,263736
2022-01-18,53.88,54.05,54.5181,53.14,414262
2022-01-19,54.59,52.7,54.6,52.27,290182
2022-01-20,52.94,51.97,53.74,51.88,250553
2022-01-21,51.44,50.77,52.285,50.67,463706
2022-01-24,49.84,50.17,50.27,47.45,555055
2022-01-25,49.21,48.03,49.35,47.425,458325
2022-01-26,49.04,47.47,49.77,47.03,470249
2022-01-27,48.46,47.46,48.67,47.06,256667
2022-01-28,47.28,47.54,47.54,46.01,340543
2022-01-31,47.51,50.36,50.37,47.39,374358
2022-02-01,50.67,52.28,52.38,49.96,380367
2022-02-02,52.53,51.66,52.76,51.26,563557
2022-02-03,51.41,51.14,52.53,51.05,316761
2022-02-04,51.11,52.27,52.82,50.99,260814
2022-02-07,52.18,51.64,52.74,51.37,297895
2022-02-08,51.53,52.21,52.57,51.43,249564
2022-02-09,52.655,52.82,53.24,52.13,388106
2022-02-10,51.95,51.96,53.49,51.45,311603
2022-02-11,51.78,52.0,52.69,50.83,472069
2022-02-14,51.98,52.25,53.14,51.69,303899
2022-02-15,52.87,53.86,54.06,52.75,272292
2022-02-16,53.71,54.2,54.61,53.325,378917
2022-02-17,53.3,52.69,53.53,51.99,616857
2022-02-18,52.77,51.73,53.2,50.539,509823
2022-02-22,51.73,52.19,52.86,50.98,530960
2022-02-23,52.64,49.93,52.925,49.89,532350
2022-02-24,48.59,51.26,51.37,48.44,438975
2022-02-25,51.04,51.3,52.21,50.98,599872
2022-02-28,50.53,50.04,51.24,49.84,407147
2022-03-01,49.78,47.6,50.48,47.34,589903
2022-03-02,48.23,48.31,48.95,47.71,462880
2022-03-03,48.58,47.41,48.99,47.05,360212
2022-03-04,46.91,45.51,47.27,44.74,469979
2022-03-07,45.29,43.07,45.91,42.89,518616
2022-03-08,43.18,43.08,44.655,42.19,571393
2022-03-09,44.18,45.09,45.83,44.18,361915
2022-03-10,44.1,44.63,44.79,43.32,250560
2022-03-11,45.11,44.27,45.435,44.19,217571
2022-03-14,44.65,43.65,45.49,43.43,303693
2022-03-15,42.16,44.09,44.34,42.16,306852
2022-03-16,44.81,46.35,47.01,44.74,608735
2022-03-17,46.11,46.25,46.87,45.64,400003
2022-03-18,46.36,46.58,47.14,45.93,1366876
2022-03-21,43.98,46.5,47.87,43.98,492623
2022-03-22,46.83,47.13,47.805,46.18,343609
2022-03-23,46.67,46.16,46.78,45.9,282519
2022-03-24,46.18,46.61,46.95,45.71,187968
2022-03-25,46.38,46.38,47.2685,46.03,267993
2022-03-28,46.77,45.33,46.94,45.19,291095
2022-03-29,46.22,47.12,47.23,45.91,412448
2022-03-30,46.93,46.95,48.067,46.7,409975
2022-03-31,46.62,45.74,46.99,45.68,348257
2022-04-01,45.91,46.02,46.63,45.6,290594
2022-04-04,45.88,45.6,46.52,45.47,240096
2022-04-05,45.1,44.8,45.69,44.37,379117
2022-04-06,44.14,43.4,44.61,42.24,374067
2022-04-07,43.1,42.65,43.24,42.15,342993
2022-04-08,42.57,43.0,43.415,42.285,355248
2022-04-11,42.82,42.81,43.55,42.36,393569
2022-04-12,42.63,42.01,43.5499,41.96,371086
2022-04-13,41.76,42.68,42.93,41.51,400849
2022-04-14,42.78,42.86,43.45,42.4,447259
2022-04-18,42.58,42.17,42.58,41.51,257496
2022-04-19,42.13,43.39,43.57,41.81,411992
2022-04-20,43.95,43.35,44.09,43.0,231983
2022-04-21,43.87,42.18,44.002,42.09,313897
2022-04-22,41.96,40.94,42.02,40.73,389453
2022-04-25,40.38,40.65,40.74,39.67,381560
2022-04-26,40.09,38.51,40.09,38.41,357444
2022-04-27,38.37,38.65,39.27,38.105,460005
2022-04-28,39.19,39.88,40.08,38.2,480251
2022-04-29,39.91,39.45,40.38,39.22,527175
2022-05-02,39.315,40.37,40.55,39.1325,379587
2022-05-03,40.61,40.35,41.04,39.93,280705
2022-05-04,40.21,41.8,41.95,39.19,428701
2022-05-05,41.26,38.95,41.365,38.17,669088
2022-05-06,38.47,37.26,39.91,36.63,428680
2022-05-09,36.56,35.01,37.205,34.906,585962
2022-05-10,35.94,35.0,36.23,34.26,578377
2022-05-11,34.83,34.18,35.81,33.2,368713
2022-05-12,34.14,34.66,35.15,33.365,373406
2022-05-13,35.27,36.22,36.93,35.27,549325
2022-05-16,35.8,35.73,36.355,35.3,222606
2022-05-17,36.71,37.0,37.64,36.39,472572
2022-05-18,36.29,35.49,36.8,35.25,431229
2022-05-19,35.21,36.06,36.69,34.87,596568
2022-05-20,36.61,36.29,36.675,35.71,470874
2022-05-23,36.85,36.86,37.145,36.12,518088
2022-05-24,36.16,36.75,37.0,35.37,524471
2022-05-25,36.65,36.54,37.11,35.9201,437975
2022-05-26,36.98,37.8,38.14,36.24,497197
2022-05-27,38.17,37.7,38.61,37.69,445394
2022-05-31,37.82,37.7,38.0,37.17,491504
2022-06-01,37.67,37.4,38.06,36.675,390342
2022-06-02,37.37,38.35,38.585,36.81,427605
2022-06-03,37.92,38.3,38.45,37.5475,281075
2022-06-06,38.625,38.74,38.94,38.15,300147
2022-06-07,38.1,38.83,39.0275,37.64,224846
2022-06-08,38.45,38.24,38.86,38.165,241374
2022-06-09,38.06,37.59,38.26,37.47,217794
2022-06-10,36.61,36.24,36.8285,36.1,297333
2022-06-13,35.0,34.01,35.19,33.77,401917
2022-06-14,34.01,33.85,34.49,33.4,332071
2022-06-15,34.14,33.97,34.7,33.44,317210
2022-06-16,33.0,31.77,33.14,30.88,780616
2022-06-17,31.98,31.44,31.98,30.94,980026
2022-06-21,32.27,32.26,32.69,31.91,648444
2022-06-22,31.9,32.56,32.77,31.87,377740
2022-06-23,32.52,34.08,34.09,32.17,698364
2022-06-24,34.62,36.91,37.17,34.62,1976002
2022-06-27,37.04,36.77,37.04,36.08,552405
2022-06-28,37.11,35.68,37.17,35.52,333469
2022-06-29,35.33,35.16,35.52,34.52,363704
2022-06-30,34.37,34.06,35.52,31.3825,346406
2022-07-01,33.45,34.53,34.66,33.45,428550
2022-07-05,33.8,34.73,34.8,33.34,254730
2022-07-06,34.53,34.75,35.35,33.86,284574
2022-07-07,34.88,36.11,36.19,34.88,191234
2022-07-08,36.21,36.31,37.0,35.66,214930
2022-07-11,35.89,35.48,36.04,35.3201,326778
2022-07-12,35.44,35.59,36.5,35.181,307535
2022-07-13,34.87,34.19,34.965,33.92,329599
2022-07-14,33.71,34.22,34.26,33.09,298262
2022-07-15,34.54,35.63,35.79,34.54,262285
2022-07-18,35.6,34.94,36.42,34.74,276781
2022-07-19,35.5,35.77,36.09,35.5,308412
2022-07-20,35.84,36.86,37.03,35.38,386049
2022-07-21,36.76,37.81,37.87,36.41,241749
2022-07-22,37.99,37.57,38.22,37.21,172902
2022-07-25,37.35,37.99,38.58,37.27,250239
2022-07-26,37.72,37.0,37.855,36.93,308607
2022-07-27,37.41,38.47,39.03,37.11,278361
2022-07-28,38.68,39.58,39.765,37.89,224999
2022-07-29,39.55,40.43,40.81,39.55,360736
2022-08-01,39.88,40.62,41.06,39.24,247141
2022-08-02,40.2,40.67,41.38,39.98,217167
2022-08-03,40.92,42.41,42.44,40.71,487293
2022-08-04,41.92,42.72,43.87,41.92,373050
2022-08-05,42.15,42.19,42.61,41.01,291020
2022-08-08,42.27,41.76,43.35,41.65,307846
2022-08-09,41.51,40.34,41.55,39.72,353628
2022-08-10,41.39,42.36,42.55,41.17,304612
2022-08-11,42.78,42.73,43.46,42.275,233654
2022-08-12,43.0,44.03,44.19,42.59,262230
2022-08-15,43.55,44.06,44.06,43.19,205303
2022-08-16,43.58,43.94,44.12,43.1,291600
2022-08-17,43.43,43.69,44.12,42.99,269701
2022-08-18,43.38,44.25,44.41,43.25,237068
2022-08-19,43.86,42.49,43.98,42.26,296825
2022-08-22,41.36,40.85,42.175,40.6,271922
2022-08-23,40.62,40.25,41.43,40.22,162201
2022-08-24,40.23,41.02,41.46,40.06,218929
2022-08-25,41.39,41.85,42.3539,40.865,173766
2022-08-26,41.83,40.54,42.5275,40.36,354575
2022-08-29,40.1,39.98,40.56,39.72,316175
2022-08-30,39.98,39.79,40.46,39.455,307494
2022-08-31,40.0,39.15,40.125,39.135,333718
2022-09-01,38.41,37.75,38.6,36.56,431819
2022-09-02,38.42,37.58,38.6,37.15,213525
2022-09-06,37.82,37.61,37.82,36.95,158766
2022-09-07,37.37,38.6,38.63,37.0,311650
2022-09-08,38.12,38.72,38.87,37.355,167050
2022-09-09,39.09,39.55,39.7717,37.99,303637
2022-09-12,39.93,40.8,40.96,39.36,438513
2022-09-13,38.95,37.85,39.755,37.72,270163
2022-09-14,37.85,37.87,38.015,36.9,189339
2022-09-15,37.72,37.55,38.37,37.3,195340
2022-09-16,36.43,35.93,36.73,35.23,401465
2022-09-19,35.26,36.83,36.85,35.26,193409
2022-09-20,35.68,35.15,35.96,34.7625,384666
2022-09-21,35.43,34.59,35.535,34.16,494658
2022-09-22,34.43,33.55,34.56,33.52,397414
2022-09-23,33.0,32.25,33.21,31.43,478663
2022-09-26,32.0,31.75,32.505,30.86,470120
2022-09-27,32.14,31.79,32.545,31.26,544444
2022-09-28,32.06,32.82,33.09,31.81,282182
2022-09-29,32.15,32.32,32.48,31.89,490386
2022-09-30,32.2,31.51,33.03,31.49,459753
2022-10-03,31.94,31.74,32.58,31.28,436534
2022-10-04,32.48,34.66,34.68,32.32,526901
2022-10-05,33.85,34.29,34.71,33.38,240139
2022-10-06,34.13,33.63,34.77,33.56,191319
2022-10-07,33.37,33.17,33.37,32.45,366896
2022-10-10,33.27,32.93,33.465,32.6918,290206
2022-10-11,32.59,31.84,32.65,31.34,367591
2022-10-12,31.63,31.81,32.08,30.71,300514
2022-10-13,30.9,32.82,33.18,30.34,342207
2022-10-14,33.08,30.87,33.48,30.82,440382
2022-10-17,31.75,32.09,32.61,31.75,300058
2022-10-18,33.09,32.64,33.74,32.42,317830
2022-10-19,32.1,31.5,32.37,31.295,209791
2022-10-20,31.57,30.65,31.89,30.27,253234
2022-10-21,30.78,31.51,31.56,30.31,226364
2022-10-24,31.71,31.83,32.16,31.35,213313
2022-10-25,32.08,33.14,33.22,31.85,376401
2022-10-26,33.35,33.29,34.24,33.135,215534
2022-10-27,33.75,34.14,34.49,33.52,224674
2022-10-28,34.17,35.49,35.675,34.17,285447
2022-10-31,35.14,34.79,35.59,34.57,245106
2022-11-01,35.0,34.98,35.51,34.81,293817
2022-11-02,35.02,33.98,35.53,33.96,231898
2022-11-03,34.42,32.91,34.49,32.63,245783
2022-11-04,33.3,32.86,33.53,32.495,291937
2022-11-07,32.94,32.38,33.1,31.745,249426
2022-11-08,32.47,32.4,32.87,31.19,414994
2022-11-09,32.2,32.97,33.54,31.93,464403
2022-11-10,34.58,39.51,39.68,34.58,810244
2022-11-11,39.67,39.97,41.92,39.59,668702
2022-11-14,39.84,39.0,40.76,38.88,521340
2022-11-15,39.98,39.88,40.61,39.545,320803
2022-11-16,39.38,38.91,39.59,38.5175,186613
2022-11-17,38.02,37.72,38.24,37.39,173662
2022-11-18,38.66,37.68,39.03,37.34,236898
2022-11-21,37.35,37.53,37.94,36.75,140233
2022-11-22,37.92,38.56,38.85,37.72,226914
2022-11-23,38.6,38.72,39.23,37.71,321319
2022-11-25,38.78,38.81,39.06,38.0175,83371
2022-11-28,38.36,37.84,38.97,37.6,229170
2022-11-29,37.5,37.01,37.5,36.91,220530
2022-11-30,37.01,38.16,38.18,36.415,275576
2022-12-01,38.54,38.5,38.76,37.695,234265
2022-12-02,37.67,38.69,38.93,37.335,151744
2022-12-05,38.33,37.53,38.86,37.345,216339
2022-12-06,37.52,36.75,37.63,36.31,438580
2022-12-07,36.52,35.58,37.115,35.58,278379
2022-12-08,35.67,36.65,36.745,35.23,266748
2022-12-09,36.44,36.75,37.03,36.07,177480
2022-12-12,36.78,37.59,37.66,36.31,283139
2022-12-13,39.08,39.02,40.21,38.52,495820
2022-12-14,38.69,39.29,39.9,38.6,373912
2022-12-15,38.45,37.65,38.45,37.21,357098
2022-12-16,37.02,36.78,37.86,36.37,656099
2022-12-19,36.49,36.1,36.8,35.7231,382964
2022-12-20,35.94,36.02,36.89,35.7,384495
2022-12-21,36.58,37.71,37.76,36.51,259833
2022-12-22,37.17,36.95,37.42,36.0,204713
2022-12-23,36.88,36.97,37.1991,36.325,153769
2022-12-27,37.32,36.47,37.32,36.2755,163778
2022-12-28,36.44,35.81,36.94,35.2362,242074
2022-12-29,36.39,37.37,37.5,36.21,199477
2022-12-30,36.75,37.27,37.51,36.62,174612
2023-01-03,37.87,37.77,38.52,37.295,209547
2023-01-04,38.61,39.23,39.29,38.3,256250
2023-01-05,38.9,38.87,39.62,38.59,203989
2023-01-06,39.47,39.93,40.5,38.86,202281
2023-01-09,40.77,40.3,41.09,40.16,220990
2023-01-10,39.85,41.34,41.37,39.65,157754
2023-01-11,41.77,41.99,42.32,41.54,459008
2023-01-12,42.24,42.6,42.725,41.551,372290
2023-01-13,41.9,42.955,43.27,41.9,287199
2023-01-17,42.96,43.06,43.65,42.71,245488
2023-01-18,43.24,43.68,43.85,43.09,266124
2023-01-19,42.96,43.18,43.34,42.235,239572
2023-01-20,43.55,43.77,43.98,42.83,277462
2023-01-23,43.74,44.32,44.35,42.75,371344
2023-01-24,44.07,44.62,44.82,43.73,193729
2023-01-25,44.34,44.54,44.74,43.78,301324
2023-01-26,44.89,44.38,45.48,43.855,169785
2023-01-27,44.1,44.35,44.61,43.935,122175
2023-01-30,43.6,43.95,44.4,43.6,142431
2023-01-31,44.03,45.15,45.3,43.95,228857
2023-02-01,45.01,46.27,46.68,44.7,471846
2023-02-02,52.0,50.01,52.62,49.525,5362730
2023-02-03,49.8,50.29,50.565,49.65,1447295
2023-02-06,49.85,49.9,50.38,49.82,978322
2023-02-07,49.91,50.65,50.88,49.75,770844
2023-02-08,50.44,50.33,50.58,50.25,344003
2023-02-09,50.57,50.12,50.75,50.02,789177
2023-02-10,50.1,50.25,50.3,49.95,1301173
2023-02-13,50.11,50.01,50.28,49.98,667837
2023-02-14,50.04,50.16,50.27,49.9,776199
2023-02-15,50.2,50.2,50.26,50.1,1440602
2023-02-16,50.2,50.21,50.36,50.04,913521
2023-02-17,50.21,50.12,50.35,49.95,892783
2023-02-21,50.05,49.75,50.14,49.45,662780
2023-02-22,49.76,49.54,50.03,49.46,535039
2023-02-23,49.66,49.69,49.9,49.2,694833
2023-02-24,49.4,50.2,50.25,49.25,677984
2023-02-27,51.73,51.75,51.8,51.62,11933524
2023-02-28,51.73,51.86,51.89,51.73,3497081
2023-03-01,51.85,51.8,51.88,51.78,2946168
2023-03-02,51.8,51.83,51.84,51.795,2075016
2023-03-03,51.85,51.82,51.95,51.765,4006975
2023-03-06,51.82,51.83,51.845,51.81,2136883
2023-03-07,51.82,51.85,51.87,51.79,2278695
2023-03-08,51.83,51.77,51.87,51.765,1078351
2023-03-09,51.82,51.59,51.82,51.45,2769783
2023-03-10,51.56,51.33,51.58,50.73,3787908
2023-03-13,51.0,50.92,51.25,50.09,2509188
2023-03-14,51.46,51.5,51.53,51.06,1713981
2023-03-15,51.1,51.41,51.48,51.04,1521061
2023-03-16,51.3,51.38,51.5,51.23,2063799
2023-03-17,51.39,51.19,51.45,51.04,2159521
2023-03-20,51.26,51.23,51.46,51.17,948988
2023-03-21,51.4,51.29,51.61,51.23,1033049
2023-03-22,51.36,51.2,51.51,51.19,733765
2023-03-23,51.3,51.56,51.64,51.255,772638
2023-03-24,51.45,51.63,51.74,51.45,704549
2023-03-27,51.69,51.78,51.85,51.63,600786
2023-03-28,51.7,51.85,51.86,51.67,752589
2023-03-29,51.84,51.93,51.99,51.7,785957
2023-03-30,51.81,51.85,51.96,51.72,566945
2023-03-31,51.85,51.87,51.87,51.71,653290
2023-04-03,51.85,51.84,51.9175,51.78,717360
2023-04-04,51.85,51.85,51.86,51.77,724551
2023-04-05,51.82,51.88,51.91,51.74,948104
2023-04-06,51.85,51.89,51.92,51.81,657962
2023-04-10,51.81,52.06,52.08,51.81,1718117
2023-04-11,52.05,51.87,52.06,51.75,7500168
2023-04-12,52.02,52.0,52.06,51.95,656588
2023-04-13,52.04,52.03,52.14,51.995,565576
2023-04-14,52.03,51.95,52.08,51.915,1666158
2023-04-17,51.94,51.99,52.0,51.9,1157012
2023-04-18,52.04,52.0,52.1,51.93,1245915
2023-04-19,51.95,51.99,52.05,51.95,511377
2023-04-20,51.96,51.94,52.0,51.93,1650575
2023-04-21,51.95,51.94,51.96,51.92,497502
2023-04-24,51.95,51.93,51.98,51.91,461549
2023-04-25,51.95,51.95,52.02,51.94,808628
2023-04-26,51.95,51.9,51.98,51.89,1107371
2023-04-27,51.95,51.94,51.98,51.9,594881
2023-04-28,51.93,51.94,51.96,51.9,698803
2023-05-01,51.95,51.93,51.99,51.91,479417
2023-05-02,51.92,51.92,51.98,51.81,695251
2023-05-03,51.94,51.97,52.04,51.88,958355
2023-05-04,51.91,51.88,51.94,51.77,1052228
2023-05-05,51.88,51.95,51.95,51.86,519588
2023-05-08,51.9,51.91,51.93,51.86,865395
2023-05-09,51.91,51.93,51.955,51.9,726443
2023-05-10,51.95,51.95,51.99,51.92,699497
2023-05-11,51.96,51.95,51.96,51.88,751802
2023-05-12,51.95,51.93,51.96,51.9,366944
2023-05-15,51.94,51.94,51.99,51.86,221423
2023-05-16,51.92,51.91,51.96,51.8986,209580
2023-05-17,51.92,51.94,51.95,51.9,307198
2023-05-18,51.92,52.05,52.05,51.91,612118
2023-05-19,51.83,52.0,52.1,51.83,598107
