2020-07-31,11.5,10.03,12.25,10.02,2018024
2020-08-03,10.1,10.0,10.12,10.0,446667
2020-08-04,10.0,8.8,10.07,8.615,411455
2020-08-05,8.8,9.75,9.75,8.8,198900
2020-08-06,9.69,9.69,9.695,9.37,101365
2020-08-07,9.26,10.24,10.39,9.26,133067
2020-08-10,10.4,10.45,11.3,10.09,315297
2020-08-11,10.66,11.53,11.69,10.5,151598
2020-08-12,11.62,11.86,12.0,11.3001,103206
2020-08-13,12.09,12.15,12.54,11.55,114342
2020-08-14,12.28,13.25,14.28,12.25,178929
2020-08-17,13.5,13.13,14.29,12.68,73210
2020-08-18,13.15,13.5,13.98,12.1119,296219
2020-08-19,13.5,15.94,16.53,13.49,320538
2020-08-20,16.21,18.7,19.0,15.55,331917
2020-08-21,18.7,18.95,19.85,18.15,205000
2020-08-24,19.34,16.62,19.53,16.0,224123
2020-08-25,16.6,17.68,17.68,16.5,128944
2020-08-26,17.99,17.19,17.9998,15.75,73254
2020-08-27,17.2,17.36,18.0,17.2,113830
2020-08-28,17.48,18.14,18.29,17.2286,57793
2020-08-31,18.07,17.81,18.49,16.87,110538
2020-09-01,17.85,17.06,18.0,17.0,60067
2020-09-02,17.29,20.26,21.22,17.1721,240464
2020-09-03,19.66,17.24,20.29,17.22,205398
2020-09-04,17.36,16.73,18.0,15.23,194406
2020-09-08,15.76,16.0,16.7,15.51,84233
2020-09-09,16.24,15.87,18.0,15.68,67551
2020-09-10,15.93,15.5,16.1299,15.25,133927
2020-09-11,15.44,15.1,15.97,14.615,65484
2020-09-14,15.38,16.98,17.31,15.38,325931
2020-09-15,17.12,16.5,17.12,15.8,94972
2020-09-16,16.23,16.03,16.9899,15.68,118690
2020-09-17,15.58,16.76,16.84,15.04,105577
2020-09-18,16.76,15.36,17.15,15.015,524763
2020-09-21,15.07,15.18,15.33,13.665,109486
2020-09-22,15.46,15.45,15.72,15.0,76760
2020-09-23,15.36,14.83,15.36,14.53,71886
2020-09-24,14.82,15.3,15.98,14.41,51940
2020-09-25,15.19,15.6,15.81,14.88,39996
2020-09-28,15.89,15.45,15.99,14.751,42766
2020-09-29,15.36,15.32,15.5,14.91,52614
2020-09-30,15.38,15.74,15.9,15.23,41668
2020-10-01,15.79,17.15,17.75,15.4401,178541
2020-10-02,16.6,17.85,18.03,15.96,70822
2020-10-05,18.16,18.64,19.0,18.0,101965
2020-10-06,18.61,18.09,18.75,17.9701,86844
2020-10-07,17.97,19.9,20.25,17.103,179542
2020-10-08,20.09,19.87,20.86,19.2654,79491
2020-10-09,20.0,19.86,20.4744,19.43,66721
2020-10-12,20.68,20.15,20.95,18.3,142118
2020-10-13,20.5,23.81,24.84,20.005,834507
2020-10-14,24.1,22.89,24.2,22.12,135481
2020-10-15,22.0,22.41,22.965,21.5,121485
2020-10-16,22.49,21.51,22.9,19.8,220175
2020-10-19,21.89,20.145,22.3723,20.145,75688
2020-10-20,20.2,18.86,20.43,18.76,78381
2020-10-21,18.5,18.88,18.95,17.93,49292
2020-10-22,18.93,20.4,20.45,18.77,89268
2020-10-23,20.78,19.77,20.78,19.09,62254
2020-10-26,19.78,18.92,20.28,18.5,63221
2020-10-27,19.13,19.94,20.0,18.58,45819
2020-10-28,19.42,18.99,19.45,18.21,79114
2020-10-29,19.06,19.15,19.75,18.51,33759
2020-10-30,18.99,18.76,19.485,18.5,30320
2020-11-02,19.04,18.51,19.2499,17.47,73304
2020-11-03,18.76,18.94,19.0,18.5,24191
2020-11-04,19.12,20.1,20.43,18.8107,40084
2020-11-05,20.34,22.0,22.88,20.11,106644
2020-11-06,22.09,20.7,22.25,19.5,60361
2020-11-09,21.24,20.14,22.24,20.06,36380
2020-11-10,20.11,20.31,20.76,19.01,23669
2020-11-11,20.59,21.44,21.44,19.57,61158
2020-11-12,23.74,21.57,23.8,21.53,78243
2020-11-13,21.79,21.64,22.8509,20.075,68282
2020-11-16,22.15,22.06,22.2,20.739,42341
2020-11-17,22.07,22.32,23.11,21.14,55183
2020-11-18,22.32,21.02,22.89,20.75,52228
2020-11-19,21.02,21.08,21.91,20.66,27134
2020-11-20,20.89,21.04,21.5,20.33,39769
2020-11-23,21.05,20.47,21.1,20.3,33594
2020-11-24,20.75,21.9,24.0,20.32,246083
2020-11-25,21.82,22.8,23.2079,20.75,77633
2020-11-27,22.54,22.37,22.7923,21.66,19033
2020-11-30,22.3059,22.2,22.46,21.25,28044
2020-12-01,22.62,26.03,26.5,22.62,270099
2020-12-02,25.8,24.67,26.045,24.2333,97536
2020-12-03,24.99,25.28,26.7992,24.99,85723
2020-12-04,25.56,26.1,26.2615,24.71,71532
2020-12-07,26.3,28.35,28.39,26.08,111147
2020-12-08,28.11,27.97,28.49,27.04,67846
2020-12-09,28.02,27.41,28.88,27.35,63844
2020-12-10,27.0,27.38,28.07,26.3,53962
2020-12-11,26.92,27.2,27.4531,26.6219,39321
2020-12-14,27.67,26.84,28.8098,26.5,46263
2020-12-15,27.24,27.4,27.72,26.51,32695
2020-12-16,27.5,28.53,28.86,27.5,39771
2020-12-17,29.21,31.35,31.57,29.0029,114101
2020-12-18,31.88,35.82,35.82,30.29,227528
2020-12-21,35.9,34.82,37.55,33.0,119626
2020-12-22,35.42,35.09,35.5901,33.2161,94370
2020-12-23,35.0,36.24,37.05,33.79,97796
2020-12-24,37.07,36.92,37.38,35.76,53174
2020-12-28,38.48,39.83,40.05,37.25,143294
2020-12-29,40.0,35.81,40.0,33.66,137081
2020-12-30,35.89,37.41,38.3327,35.765,60749
2020-12-31,37.22,36.04,37.4,35.22,54881
2021-01-04,36.37,36.31,36.73,31.86,93993
2021-01-05,35.76,39.51,39.66,35.76,104697
2021-01-06,39.1,39.63,40.999,38.09,210486
2021-01-07,40.16,39.22,41.22,37.36,86694
2021-01-08,39.5,37.74,39.5,35.07,127870
2021-01-11,37.94,35.16,38.1,35.05,77493
2021-01-12,35.51,38.54,38.85,35.0,97048
2021-01-13,38.17,36.02,38.95,35.32,86504
2021-01-14,36.12,36.17,37.98,35.5683,53221
2021-01-15,35.75,36.68,36.94,33.9106,70608
2021-01-19,36.8,37.0,39.0,35.76,90278
2021-01-20,37.37,37.77,37.79,35.5,123781
2021-01-21,37.8,40.85,42.2,37.4588,333359
2021-01-22,40.75,41.8,44.01,39.56,292960
2021-01-25,43.81,42.13,44.8467,32.13,507286
2021-01-26,43.02,40.1,43.02,38.86,108769
2021-01-27,37.0,37.09,41.0299,35.58,202475
2021-01-28,36.43,39.21,39.9799,36.43,97312
2021-01-29,38.8,37.79,40.9499,36.37,102246
2021-02-01,38.26,37.54,38.8803,36.99,52178
2021-02-02,38.47,39.27,39.37,37.71,73053
2021-02-03,39.29,38.76,40.33,37.29,81984
2021-02-04,39.54,39.16,39.77,38.2933,36517
2021-02-05,39.78,39.51,40.3,39.06,66566
2021-02-08,40.0,45.9,46.7,39.55,302333
2021-02-09,49.91,46.3,49.91,45.91,199317
2021-02-10,47.24,44.58,48.05,43.71,88376
2021-02-11,45.55,51.11,52.7,45.55,184512
2021-02-12,54.27,54.25,56.27,51.89,192428
2021-02-16,55.47,52.57,56.81,49.8,131734
2021-02-17,51.64,47.54,52.33,46.9,102537
2021-02-18,45.51,49.87,50.78,45.07,149357
2021-02-19,51.0,50.92,53.31,48.97,68655
2021-02-22,49.85,51.16,51.63,46.8846,50065
2021-02-23,49.43,47.72,49.78,46.0,63999
2021-02-24,47.19,49.75,50.49,46.84,50154
2021-02-25,49.08,45.68,50.09,44.0,79495
2021-02-26,45.68,43.58,47.26,42.215,87990
2021-03-01,44.98,44.0,45.52,42.79,90026
2021-03-02,44.36,43.36,45.0,42.52,65575
2021-03-03,42.84,39.97,43.5099,39.61,60270
2021-03-04,39.14,35.09,39.8,34.0,133298
2021-03-05,35.09,32.87,35.9108,28.4,263721
2021-03-08,32.09,30.43,34.305,29.88,116114
2021-03-09,31.65,30.99,35.21,30.82,138521
2021-03-10,32.22,33.2,35.4099,31.43,97838
2021-03-11,34.26,36.35,37.0,33.58,155613
2021-03-12,35.52,38.33,40.8399,34.63,87955
2021-03-15,38.24,40.19,41.0,36.751,84241
2021-03-16,40.46,39.11,40.46,35.46,153571
2021-03-17,36.89,42.94,43.7,36.82,213545
2021-03-18,42.56,41.5,43.6299,39.8735,123058
2021-03-19,41.29,43.98,45.8,39.002,264006
2021-03-22,43.98,45.97,47.35,43.08,172937
2021-03-23,46.51,43.61,47.01,42.37,193034
2021-03-24,44.51,39.11,46.94,37.5,141025
2021-03-25,37.52,40.09,40.9894,36.7053,65505
2021-03-26,40.54,40.59,42.245,39.28,72278
2021-03-29,40.34,37.11,40.6,37.11,54992
2021-03-30,37.65,35.83,37.74,35.15,119483
2021-03-31,36.43,36.63,37.99,36.35,132193
2021-04-01,37.52,37.02,37.9391,34.235,227043
2021-04-05,38.03,38.19,38.8,37.07,64495
2021-04-06,38.15,37.82,39.14,37.54,36237
2021-04-07,37.29,36.01,37.48,35.3,55374
2021-04-08,37.03,35.0,37.06,33.8995,117073
2021-04-09,34.75,34.19,35.4,33.03,188395
2021-04-12,33.62,33.19,34.59,32.49,30459
2021-04-13,33.48,31.9,34.0,31.265,151823
2021-04-14,33.72,31.44,34.07,31.08,120735
2021-04-15,32.22,31.73,32.39,31.38,61771
2021-04-16,32.19,32.37,33.33,30.535,51668
2021-04-19,32.0,31.76,33.915,30.52,45556
2021-04-20,31.58,31.33,33.03,30.7001,72550
2021-04-21,31.22,31.89,31.94,30.82,29124
2021-04-22,31.97,31.74,32.51,30.98,31000
2021-04-23,31.76,33.27,34.17,31.03,26071
2021-04-26,33.66,33.8,35.0,32.05,31337
2021-04-27,34.17,35.33,36.07,34.17,91956
2021-04-28,35.24,36.26,37.13,35.0,35599
2021-04-29,36.22,35.0,36.22,34.71,20643
2021-04-30,34.64,34.3,35.32,33.7801,22368
2021-05-03,35.0,34.9,36.51,34.67,166948
2021-05-04,36.3,33.35,36.3,33.25,113533
2021-05-05,34.11,33.31,34.1299,33.18,53587
2021-05-06,33.63,31.97,33.63,31.31,66205
2021-05-07,32.49,31.56,32.98,31.26,95441
2021-05-10,31.85,28.95,31.85,28.8128,133397
2021-05-11,28.0,29.86,30.4,27.22,61277
2021-05-12,29.22,27.42,29.77,27.08,74751
2021-05-13,27.48,26.19,27.97,25.65,120590
2021-05-14,25.5,29.4,30.24,25.0,129343
2021-05-17,30.07,28.96,31.0,27.4671,78723
2021-05-18,29.3,32.69,34.0,29.3,136491
2021-05-19,31.77,32.1,32.19,30.985,93144
2021-05-20,32.25,32.8,33.0,31.45,72353
2021-05-21,33.19,31.44,33.42,31.16,68780
2021-05-24,31.59,31.33,32.61,30.82,32117
2021-05-25,31.21,30.17,31.91,29.79,100510
2021-05-26,30.59,31.4,31.98,30.0,85074
2021-05-27,31.56,32.37,32.43,31.01,23949
2021-05-28,32.37,33.02,33.3894,32.37,24136
2021-06-01,33.36,32.87,33.36,31.9701,30882
2021-06-02,32.93,32.97,33.2,31.83,39980
2021-06-03,32.9,32.22,33.2,32.01,33167
2021-06-04,32.44,31.1,33.5199,31.055,52241
2021-06-07,30.92,31.78,32.25,30.77,32712
2021-06-08,32.0,31.9,32.7,31.1735,61641
2021-06-09,32.01,32.39,32.9899,31.98,40644
2021-06-10,32.48,31.89,32.9546,31.22,35371
2021-06-11,32.09,32.79,32.91,32.09,24677
2021-06-14,32.96,33.91,34.3399,32.96,33383
2021-06-15,34.1,33.59,34.31,32.48,32164
2021-06-16,33.66,34.04,34.81,33.0918,32640
2021-06-17,33.83,34.51,34.83,33.53,31110
2021-06-18,34.06,33.87,35.3503,33.82,70725
2021-06-21,34.32,34.48,35.24,33.5,29137
2021-06-22,34.46,34.91,34.97,33.68,18110
2021-06-23,35.0,36.0,36.3,35.0,47357
2021-06-24,36.01,36.86,37.11,35.72,72421
2021-06-25,37.24,36.1,38.16,36.01,215711
2021-06-28,36.6,34.76,37.08,34.11,48750
2021-06-29,34.5,33.23,34.5,33.0,33349
2021-06-30,33.0,32.79,33.48,32.36,91385
2021-07-01,33.0,34.42,34.78,32.5414,33138
2021-07-02,35.09,34.89,35.41,33.57,29594
2021-07-06,34.89,32.82,34.91,32.37,42745
2021-07-07,32.7,31.92,32.7007,31.6,41231
2021-07-08,31.18,31.9,32.41,30.5701,27932
2021-07-09,32.3,31.86,32.48,31.2503,17548
2021-07-12,32.04,32.48,32.78,31.368,18516
2021-07-13,31.66,29.62,32.4,28.93,94855
2021-07-14,29.72,27.8,29.77,27.31,72700
2021-07-15,27.76,26.62,28.74,25.0,124268
2021-07-16,27.09,26.04,27.6982,25.755,52192
2021-07-19,26.04,26.49,27.408,25.02,40464
2021-07-20,26.61,26.95,27.64,26.17,40871
2021-07-21,27.24,27.98,28.13,25.4,56239
2021-07-22,27.87,26.25,27.88,26.15,60889
2021-07-23,27.15,26.15,28.1814,25.54,23825
2021-07-26,25.99,25.99,27.01,25.35,37228
2021-07-27,25.79,26.46,26.96,25.24,42116
2021-07-28,26.54,26.49,27.1,26.38,19823
2021-07-29,26.76,25.97,27.2,25.8,13073
2021-07-30,25.63,25.3,26.42,25.1301,43277
2021-08-02,25.83,26.31,26.6,25.39,36056
2021-08-03,26.0,26.54,26.64,25.4,35671
2021-08-04,26.54,26.505,27.85,25.99,46524
2021-08-05,26.76,27.06,27.47,26.26,35133
2021-08-06,27.2,26.49,27.27,26.22,21460
2021-08-09,26.95,29.58,29.87,26.7901,76380
2021-08-10,29.62,29.47,29.95,28.15,27710
2021-08-11,29.85,29.21,29.939,28.09,32314
2021-08-12,31.56,33.95,34.22,31.08,101513
2021-08-13,33.79,30.32,33.8,30.3,56448
2021-08-16,30.0,27.5,30.0,27.14,54680
2021-08-17,27.3,26.35,28.47,26.29,33084
2021-08-18,26.35,25.83,26.5,25.41,45882
2021-08-19,25.9,26.58,27.42,25.9,52329
2021-08-20,26.64,27.23,27.47,26.33,33134
2021-08-23,27.88,28.31,29.52,27.3763,32329
2021-08-24,28.35,28.98,29.63,28.1497,25051
2021-08-25,29.2,28.3,29.385,28.08,18964
2021-08-26,28.26,27.45,29.45,27.44,12858
2021-08-27,27.63,28.2,28.53,27.25,17777
2021-08-30,28.55,28.82,28.9,27.97,22199
2021-08-31,28.84,28.58,29.0,28.3267,16444
2021-09-01,28.73,29.67,29.8799,28.6923,26729
2021-09-02,29.84,29.46,29.8752,29.08,21195
2021-09-03,29.51,29.08,29.76,28.68,23604
2021-09-07,29.03,28.72,29.6196,28.5,31204
2021-09-08,28.51,28.45,28.985,28.0101,16867
2021-09-09,28.18,28.58,29.87,27.95,23269
2021-09-10,28.72,28.05,28.72,27.67,12619
2021-09-13,28.07,28.54,29.3,27.4171,18651
2021-09-14,28.83,28.08,29.41,27.8407,20703
2021-09-15,27.88,28.35,28.54,27.605,26655
2021-09-16,28.35,28.53,29.7293,27.85,16940
2021-09-17,28.83,29.72,29.8767,28.83,24722
2021-09-20,28.9,28.1,29.22,27.4454,25969
2021-09-21,28.26,28.01,28.5326,27.1001,20865
2021-09-22,28.18,28.66,29.29,28.15,13451
2021-09-23,29.2471,29.6,29.8799,28.3,21743
2021-09-24,29.08,29.4,29.45,28.3733,20447
2021-09-27,29.21,29.59,30.5,29.21,28447
2021-09-28,29.48,27.69,29.95,27.26,61604
2021-09-29,27.98,26.84,27.98,26.76,22105
2021-09-30,27.18,26.7,27.235,26.01,27289
2021-10-01,27.06,26.7,27.2,25.91,28472
2021-10-04,26.57,25.73,26.57,25.565,24562
2021-10-05,25.73,25.33,25.9055,25.3,30453
2021-10-06,25.01,24.7,25.3,24.05,38784
2021-10-07,24.54,24.94,26.0639,24.54,26536
2021-10-08,24.9,24.43,25.443,24.1101,15489
2021-10-11,24.32,23.0,24.43,22.0,127829
2021-10-12,22.84,22.94,23.19,22.36,69119
2021-10-13,22.82,21.84,23.357,21.61,72946
2021-10-14,22.26,23.55,23.8,21.92,40290
2021-10-15,24.0,24.59,25.3621,23.6,70150
2021-10-18,24.4,24.29,24.9899,23.96,21295
2021-10-19,24.49,24.66,24.82,24.31,12493
2021-10-20,24.89,24.84,25.2743,24.04,25805
2021-10-21,25.04,25.08,25.8963,24.835,16283
2021-10-22,25.02,25.5,25.8,23.9653,21826
2021-10-25,25.77,26.13,26.5901,25.74,62503
2021-10-26,26.51,25.39,26.51,25.01,34013
2021-10-27,25.48,25.0,25.66,24.43,25451
2021-10-28,25.24,25.3,25.57,24.99,12861
2021-11-01,25.59,26.2,26.44,25.555,50269
2021-11-02,26.33,26.23,26.49,25.39,34789
2021-11-03,25.84,26.03,26.42,25.84,17977
2021-11-04,26.14,26.6,26.83,25.98,19711
2021-11-05,26.79,27.63,27.75,26.64,23786
2021-11-08,27.8,27.27,28.2741,26.95,20082
2021-11-09,27.34,26.64,27.8552,26.53,15131
2021-11-10,26.5,26.99,27.14,26.07,36922
2021-11-11,26.99,28.5,29.49,26.58,49127
2021-11-12,28.9,27.74,28.9,27.06,57868
2021-11-15,27.81,24.93,27.81,24.44,75713
2021-11-16,24.72,24.13,24.7799,23.0,44069
2021-11-17,24.4,25.87,27.0172,23.16,79676
2021-11-18,25.05,25.13,25.14,24.15,511084
2021-11-19,25.17,24.7,25.5,24.32,56792
2021-11-22,25.1,24.28,25.17,23.32,229817
2021-11-23,24.28,24.25,24.83,23.7,73733
2021-11-24,23.91,23.84,24.41,23.5,52235
2021-11-29,24.0,23.64,24.87,23.49,49421
2021-11-30,23.55,23.59,23.88,23.43,77328
2021-12-01,23.98,22.34,23.98,21.725,155255
2021-12-02,22.53,22.23,22.93,21.25,67175
2021-12-03,22.2,21.4,22.58,20.85,97165
2021-12-06,21.43,20.65,21.79,20.57,162077
2021-12-07,21.1,21.01,21.5,20.41,165313
2021-12-08,21.17,22.16,22.53,21.0201,170757
2021-12-09,21.82,21.44,22.1,20.99,157992
2021-12-10,21.54,20.03,22.71,19.818,392772
2021-12-13,20.04,18.34,20.1,17.25,241189
2021-12-14,18.27,17.63,18.6474,17.12,174164
2021-12-15,17.66,17.95,18.27,17.01,287780
2021-12-16,18.57,18.65,18.965,18.07,249892
2021-12-17,18.48,18.67,19.26,17.66,281871
2021-12-20,18.3,17.72,18.86,17.26,196518
2021-12-21,17.83,18.17,18.22,17.26,189269
2021-12-22,18.15,18.35,18.48,17.79,104651
2021-12-23,18.47,19.33,19.7317,18.29,67138
2021-12-27,19.48,19.13,19.53,18.94,53639
2021-12-28,19.03,19.26,19.4,18.9975,60166
2021-12-29,19.31,19.25,19.535,19.0,55663
2021-12-30,19.16,20.49,20.97,19.16,97315
2021-12-31,20.93,20.46,24.0,20.14,52915
2022-01-03,20.4,20.23,20.84,20.03,60415
2022-01-04,20.32,19.75,20.32,19.21,35428
2022-01-05,19.6,18.41,19.6,18.1472,59969
2022-01-06,18.35,18.33,18.56,17.56,46661
2022-01-07,18.22,18.02,18.595,17.67,44962
2022-01-10,17.73,18.86,19.415,17.11,103811
2022-01-11,18.9,18.87,19.74,18.12,121246
2022-01-12,19.15,19.26,20.8268,19.08,82236
2022-01-13,19.52,18.66,19.7599,18.5,69264
2022-01-14,18.52,18.97,18.97,18.09,81751
2022-01-18,18.6,18.16,18.9165,18.07,88592
2022-01-19,18.22,16.91,18.4,16.9,109531
2022-01-20,17.05,15.98,17.75,15.82,151129
2022-01-21,15.69,13.9,15.69,13.85,143788
2022-01-24,13.46,13.57,13.74,11.6301,409626
2022-01-25,13.15,12.57,13.25,12.49,140145
2022-01-26,12.91,12.9,13.59,12.63,124469
2022-01-27,13.08,11.76,13.5925,11.56,86214
2022-01-28,11.81,12.8,12.89,11.56,77932
2022-01-31,12.94,14.3,14.36,12.94,61571
2022-02-01,14.36,14.27,14.78,13.825,78063
2022-02-02,14.39,13.17,14.4398,12.9,52008
2022-02-03,12.81,12.93,13.2,12.71,58769
2022-02-04,12.9,13.04,13.3008,12.63,57698
2022-02-07,13.0,13.35,13.89,12.68,50851
2022-02-08,13.23,13.56,13.635,12.855,30948
2022-02-09,13.75,14.08,14.18,13.74,53773
2022-02-10,13.6,14.53,14.93,13.6,79181
2022-02-11,15.935,14.14,15.935,13.82,57783
2022-02-14,14.09,13.93,14.63,13.81,38396
2022-02-15,14.26,15.4,15.53,13.94,40654
2022-02-16,15.35,15.85,16.1595,15.235,73927
2022-02-17,15.51,14.85,15.8356,14.57,48789
2022-02-18,14.76,13.56,14.9294,13.3,59544
2022-02-22,13.39,13.31,13.86,12.835,59214
2022-02-23,13.59,11.95,13.59,11.86,63664
2022-02-24,11.37,12.47,12.63,11.24,79353
2022-02-25,12.52,12.7,12.9,12.03,44798
2022-02-28,12.5,12.83,13.05,12.255,40665
2022-03-01,12.77,12.97,13.4034,12.615,41762
2022-03-02,13.07,12.85,13.25,12.31,38198
2022-03-03,12.99,12.44,13.25,12.31,57986
2022-03-04,12.37,11.85,12.37,11.5159,50739
2022-03-07,11.72,11.98,12.35,11.5197,72890
2022-03-08,12.09,12.75,14.0239,11.86,94188
2022-03-09,12.75,12.13,13.7,11.39,116977
2022-03-10,11.94,11.61,11.94,11.41,74776
2022-03-11,11.57,10.82,11.875,10.47,99158
2022-03-14,10.81,10.58,11.22,10.46,62851
2022-03-15,10.58,10.95,11.0,10.47,59882
2022-03-16,11.03,11.22,11.7,10.89,51990
2022-03-17,11.1,12.02,12.04,11.1,49478
2022-03-18,11.79,11.96,12.71,11.79,138325
2022-03-21,11.77,11.63,12.24,11.49,76941
2022-03-22,11.64,11.69,12.49,11.63,43566
2022-03-23,11.56,11.68,12.32,11.38,45986
2022-03-24,11.75,11.91,12.0,11.49,33416
2022-03-25,11.84,11.58,12.2699,11.56,42414
2022-03-28,11.51,11.33,11.73,11.0204,68419
2022-03-29,11.37,11.49,12.06,11.2827,74314
2022-03-30,11.3,10.84,11.73,10.6,58478
2022-03-31,10.84,10.7,11.27,10.395,63609
2022-04-01,10.67,10.13,11.05,10.0,88744
2022-04-04,10.16,10.7,11.01,10.16,49400
2022-04-05,10.71,10.13,11.06,10.02,111332
2022-04-06,10.09,9.27,10.31,9.1727,145885
2022-04-07,9.32,9.31,9.53,9.23,72067
2022-04-08,9.32,9.26,9.48,8.86,68267
2022-04-11,9.13,8.67,9.14,8.64,124634
2022-04-12,8.93,8.12,8.93,7.88,139718
2022-04-13,8.16,8.31,8.6,8.12,64924
2022-04-14,8.36,8.05,8.65,7.935,82718
2022-04-18,8.0,7.67,8.0,7.5,127454
2022-04-19,7.71,7.61,8.2,7.58,122093
2022-04-20,7.7,7.62,7.93,7.5,120073
2022-04-21,7.74,7.81,7.95,7.55,92970
2022-04-22,7.77,7.88,8.03,7.65,92076
2022-04-25,7.68,8.3,8.48,7.68,104616
2022-04-26,8.19,7.75,8.24,7.69,92107
2022-04-27,7.72,7.27,7.95,7.22,104221
2022-04-28,7.33,7.64,7.73,6.74,102638
2022-04-29,7.52,7.42,8.0,7.38,74403
2022-05-02,7.44,8.15,8.25,7.28,119199
2022-05-03,8.19,8.17,8.35,7.82,100560
2022-05-04,8.2,8.58,8.65,8.025,157755
2022-05-05,8.45,8.14,9.135,7.9,112755
2022-05-06,8.02,7.13,8.18,7.01,113098
2022-05-09,6.94,6.69,7.02,6.54,119822
2022-05-10,6.84,6.67,6.95,6.33,117253
2022-05-11,6.62,6.3,7.03,6.18,108839
2022-05-12,6.19,7.28,7.33,6.07,108251
2022-05-13,7.5,7.79,7.88,7.5,87955
2022-05-16,7.79,7.72,8.52,7.5428,95982
2022-05-17,7.98,8.35,8.53,7.69,91497
2022-05-18,8.11,7.88,9.0,7.825,91054
2022-05-19,7.79,8.19,8.9364,7.79,368216
2022-05-20,8.3,8.17,8.44,7.785,59206
2022-05-23,8.23,8.28,8.49,8.06,52504
2022-05-24,8.18,8.06,8.245,7.65,78066
2022-05-25,7.96,8.15,8.2,7.79,55861
2022-05-26,8.16,8.47,8.69,8.1,64814
2022-05-27,8.51,9.23,9.74,8.51,91286
2022-05-31,9.2,9.6,9.77,8.83,61562
2022-06-01,9.72,9.78,10.52,9.72,91938
2022-06-02,9.7,10.56,11.08,9.7,55628
2022-06-03,10.41,10.53,10.66,10.055,57013
2022-06-06,10.75,10.69,11.2763,10.54,100142
2022-06-07,10.57,11.5,11.85,10.55,85618
2022-06-08,11.39,11.27,11.74,11.19,54464
2022-06-09,11.105,11.19,11.53,10.995,56039
2022-06-10,10.78,10.03,10.9101,9.8788,82577
2022-06-13,9.52,8.88,9.665,8.64,195928
2022-06-15,8.58,8.89,9.07,8.33,80636
2022-06-16,8.49,7.9,8.55,7.71,107386
2022-06-17,7.99,8.07,8.26,7.6,93442
2022-06-21,8.33,8.11,8.452,7.88,89150
2022-06-22,8.0,7.51,8.28,7.48,74807
2022-06-23,7.52,8.0,8.21,7.42,74065
2022-06-24,8.02,8.23,8.645,7.9,713639
2022-06-27,8.2,7.65,8.2,7.46,65419
2022-06-28,7.945,7.89,8.85,7.67,167107
2022-06-29,7.82,7.11,7.82,7.04,123626
2022-06-30,7.0,7.84,8.0025,7.0,94763
2022-07-01,7.84,7.97,8.21,7.72,49756
2022-07-05,7.81,8.41,8.46,7.79,39230
2022-07-06,8.3,8.08,8.57,7.9744,22500
2022-07-07,8.33,8.75,8.96,8.21,74129
2022-07-08,8.69,8.59,9.01,8.51,35473
2022-07-11,8.48,7.62,8.48,7.58,38785
2022-07-12,7.62,7.57,7.78,7.51,37779
2022-07-13,7.5,7.47,7.757,7.42,35227
2022-07-14,7.33,7.12,7.41,7.11,30888
2022-07-15,7.24,7.09,7.31,7.01,45146
2022-07-18,7.15,6.81,7.2,6.81,50325
2022-07-19,7.0,6.99,7.29,6.99,108586
2022-07-20,7.1,6.99,7.43,6.98,87578
2022-07-21,7.0,7.2,7.255,6.93,44885
2022-07-22,7.11,6.49,7.15,6.42,90088
2022-07-25,6.69,6.39,6.81,6.25,60040
2022-07-26,6.32,6.0,6.37,5.9,69712
2022-07-27,6.09,6.2,6.2265,5.9178,173932
2022-07-28,6.18,6.29,6.33,5.96,84261
2022-07-29,6.22,6.53,6.66,6.22,49417
2022-08-01,6.41,6.63,6.76,6.41,89432
2022-08-02,6.55,7.25,7.5,6.55,54607
2022-08-03,7.28,7.35,7.6133,6.55,94741
2022-08-04,7.36,7.01,7.51,7.01,64400
2022-08-05,6.82,6.24,6.89,6.04,97111
2022-08-08,6.4,6.31,6.945,6.11,61343
2022-08-09,6.29,6.42,6.5,6.25,47217
2022-08-10,6.61,6.81,6.885,6.38,87688
2022-08-11,6.95,7.57,8.15,6.95,93989
2022-08-12,7.61,8.22,8.47,7.445,100768
2022-08-15,8.11,7.96,8.155,7.77,19646
2022-08-16,7.88,7.86,7.903,7.38,42188
2022-08-17,7.79,7.59,7.94,7.45,32557
2022-08-18,7.49,7.41,7.55,7.35,12413
2022-08-19,8.13,7.27,8.13,7.1,66817
2022-08-22,7.07,7.01,7.17,6.81,29491
2022-08-23,7.2,7.13,7.24,6.95,19733
2022-08-24,7.19,7.47,7.58,7.19,20165
2022-08-25,7.53,7.25,7.5355,7.22,13891
2022-08-26,7.26,7.11,7.375,7.09,18600
2022-08-29,7.04,7.0,7.09,6.87,22022
2022-08-30,7.14,6.81,7.14,6.8,21363
2022-08-31,6.95,6.87,6.9514,6.637,15531
2022-09-01,6.71,6.53,6.71,6.43,33441
2022-09-02,6.68,6.75,6.87,6.51,27160
2022-09-06,6.74,6.44,6.755,6.39,19584
2022-09-07,6.43,6.26,6.46,6.16,22505
2022-09-08,6.11,6.29,6.345,6.11,10630
2022-09-09,6.38,6.61,7.03,6.38,19795
2022-09-12,6.62,6.71,6.94,6.62,6718
2022-09-13,6.49,6.02,6.5,6.0,25215
2022-09-14,6.11,6.11,6.32,6.0938,14622
2022-09-15,6.14,6.18,6.7,6.06,22150
2022-09-16,6.01,5.78,6.29,5.7614,104208
2022-09-19,5.88,5.75,6.05,5.7,21270
2022-09-20,5.7,5.76,5.9824,5.7,3652
2022-09-22,5.68,5.12,5.74,5.12,12483
2022-09-23,5.07,4.85,5.5,4.42,117097
2022-09-26,4.97,5.05,5.43,4.9492,30922
2022-09-27,4.64,5.06,5.22,4.31,63692
2022-09-28,4.8932,5.46,5.73,4.8299,44581
2022-09-29,5.46,5.02,5.4845,4.8,40394
2022-09-30,5.05,5.3,5.67,5.0483,52027
2022-10-03,5.34,5.08,5.51,5.08,119193
2022-10-04,5.35,5.33,5.89,5.33,57401
2022-10-05,5.2,5.04,5.285,5.03,55210
2022-10-06,5.0,4.85,5.23,4.76,34587
2022-10-07,4.78,4.71,4.85,4.58,70016
2022-10-10,4.79,4.5,4.79,4.39,12069
2022-10-11,4.53,4.55,4.75,4.2801,25858
2022-10-12,4.5708,4.55,4.65,4.535,6874
2022-10-13,4.41,4.43,4.65,4.41,35352
2022-10-14,4.24,4.2,4.29,3.82,190675
2022-10-17,4.24,4.3,4.48,4.2,183590
2022-10-18,4.35,4.13,4.54,4.05,28792
2022-10-19,4.08,3.93,4.08,3.7,52749
2022-10-20,3.96,3.87,4.188,3.75,36531
2022-10-21,3.87,4.04,4.07,3.76,48362
2022-10-24,4.08,4.0,4.1,3.9,12500
2022-10-25,4.05,4.45,4.48,4.02,47707
2022-10-26,4.43,4.4,4.49,4.315,38186
2022-10-27,4.46,4.85,5.155,4.45,124010
2022-10-28,4.82,4.75,4.9,4.6077,99779
2022-10-31,4.92,4.82,4.97,4.81,18841
2022-11-01,4.91,5.13,5.2385,4.78,68491
2022-11-02,5.07,4.92,5.07,4.7,70006
2022-11-03,4.86,4.88,5.3307,4.7434,54536
2022-11-04,4.91,4.87,4.9637,4.7,16221
2022-11-07,4.72,4.69,4.92,4.6,73359
2022-11-08,4.5,4.15,4.5,3.96,165338
2022-11-09,4.08,3.8,4.08,3.77,63147
2022-11-10,3.95,4.0,4.15,3.86,91452
2022-11-11,3.96,4.12,4.308,3.96,10457
2022-11-14,4.1,3.95,4.1799,3.94,16061
2022-11-15,3.9429,4.56,4.56,3.9429,26768
2022-11-16,4.5,4.84,4.89,4.38,7324
2022-11-17,4.64,4.88,5.0,4.64,6811
2022-11-18,4.89,4.78,4.89,4.5247,11496
2022-11-21,4.7,4.81,4.81,4.62,14379
2022-11-22,4.96,4.65,4.96,4.65,39814
2022-11-23,4.6,4.21,4.6,4.06,11673
2022-11-25,4.25,4.98,5.0,4.0601,35003
2022-11-28,4.87,4.57,4.97,4.44,30053
2022-11-29,4.58,4.53,4.8492,4.48,11561
2022-11-30,4.36,4.89,4.9,4.36,138460
2022-12-01,4.85,5.01,5.22,4.85,47118
2022-12-02,4.89,5.11,5.25,4.89,167079
2022-12-05,5.22,5.2,5.755,4.995,105133
2022-12-06,5.25,5.39,6.13,5.12,134930
2022-12-07,5.3,5.6,5.8,5.2701,67358
2022-12-08,5.63,5.8,5.8,5.38,66072
2022-12-09,5.67,5.81,5.97,5.6201,44579
2022-12-12,5.73,5.7,5.9298,5.6289,33984
2022-12-13,5.84,5.72,5.84,5.64,22563
2022-12-14,5.75,5.99,6.2089,5.72,48764
2022-12-15,6.0,5.59,6.0,5.58,19490
2022-12-16,5.58,5.01,5.58,4.94,31839
2022-12-19,4.54,4.33,5.1,4.32,87127
2022-12-20,4.34,4.85,4.94,4.3,200052
2022-12-21,4.86,4.81,5.02,4.53,96753
2022-12-22,4.75,4.46,4.75,4.3801,105493
2022-12-23,4.41,4.33,4.68,4.33,24225
2022-12-27,4.31,4.61,4.61,4.28,42447
2022-12-28,4.56,4.48,4.64,4.41,71522
2022-12-29,4.44,4.58,4.7,4.44,26465
2022-12-30,4.39,4.25,4.43,4.25,55842
2023-01-03,4.3,4.3,4.37,4.2534,26010
2023-01-04,4.3,4.58,4.89,4.3,45073
2023-01-05,4.55,4.6,4.69,4.34,79011
2023-01-06,4.63,4.97,5.1088,4.58,136471
2023-01-09,5.3,5.29,5.36,5.06,32256
2023-01-10,5.29,5.55,5.85,5.28,15146
2023-01-11,5.74,6.31,6.8,5.705,48895
2023-01-12,6.49,6.21,6.49,6.12,38235
2023-01-13,6.14,6.22,6.2479,6.0,7147
2023-01-17,6.19,6.18,6.33,6.17,50204
2023-01-18,6.135,6.3,6.38,6.0684,40328
2023-01-19,6.1063,6.32,6.44,6.05,12273
2023-01-20,6.385,6.51,6.61,6.385,28151
2023-01-23,6.51,6.99,7.32,6.51,62139
2023-01-24,6.752,6.17,7.15,6.0,50648
2023-01-25,6.2,5.3,6.5,5.04,96104
2023-01-26,5.29,5.0,5.6,5.0,18351
2023-01-27,5.4,5.25,5.65,4.95,89881
2023-01-30,5.25,5.29,5.42,5.1121,11028
2023-01-31,5.45,5.35,5.53,5.23,8872
2023-02-01,5.37,6.15,6.58,5.18,61164
2023-02-02,6.24,6.1,6.5,6.0501,100089
2023-02-03,5.98,6.0,6.175,5.92,26870
2023-02-06,6.0,5.88,6.0001,5.75,10946
2023-02-07,5.77,6.1,6.24,5.549,23154
2023-02-08,6.125,5.41,6.2199,5.38,23474
2023-02-09,5.57,5.85,5.9,5.57,15378
2023-02-10,5.96,5.61,5.96,5.41,49078
2023-02-13,5.56,5.32,5.628,5.01,50199
2023-02-14,5.25,5.45,5.45,5.14,21147
2023-02-15,5.32,5.535,5.7,5.3,16301
2023-02-16,5.25,6.13,6.39,5.21,62457
2023-02-17,6.05,5.71,6.05,5.66,37759
2023-02-21,5.71,5.53,5.79,5.4,30827
2023-02-22,5.73,5.25,5.73,5.0001,30320
2023-02-23,5.27,5.1,5.29,4.83,172509
2023-02-24,5.0,5.02,5.31,4.99,28763
2023-02-27,4.89,4.91,5.38,4.89,49957
2023-02-28,4.9,4.74,5.16,4.74,29884
2023-03-01,4.79,4.66,4.882,4.56,71654
2023-03-02,4.57,4.54,4.7539,4.4,25953
2023-03-03,4.48,4.54,4.65,4.41,48955
2023-03-06,4.53,4.47,4.62,4.41,20504
2023-03-07,4.41,4.13,4.466,4.1,64759
2023-03-08,4.17,3.95,4.4442,3.95,38408
2023-03-09,3.95,3.62,4.0305,3.61,70263
2023-03-10,3.8,3.62,3.8,3.47,29652
2023-03-13,3.42,3.82,4.02,3.25,167090
2023-03-14,3.98,4.17,4.27,3.75,86570
2023-03-15,4.07,4.79,4.83,3.8246,41373
2023-03-16,4.77,4.94,4.95,4.5683,45134
2023-03-17,4.9,4.15,4.9,4.02,44556
2023-03-20,4.13,4.2,4.23,3.89,66511
2023-03-21,4.29,4.33,4.52,4.02,41127
2023-03-22,4.48,4.46,4.77,4.16,54836
2023-03-23,4.15,4.54,4.81,4.08,50664
2023-03-24,4.62,4.72,4.72,4.5039,9767
2023-03-27,4.77,4.85,4.955,4.73,49599
2023-03-28,4.87,4.74,4.95,4.5132,57457
2023-03-29,4.77,4.49,4.8,4.39,54963
2023-03-30,4.5,4.65,4.7,4.49,38506
2023-03-31,4.5,4.25,4.83,4.25,86091
2023-04-03,4.31,4.07,4.31,3.84,44045
2023-04-04,4.11,3.85,4.39,3.58,30234
2023-04-05,3.77,3.9,4.0,3.53,22758
2023-04-06,3.81,4.02,4.02,3.62,23284
2023-04-10,4.02,4.4,4.42,4.02,47254
2023-04-11,4.78,4.84,5.04,4.6301,53787
2023-04-12,4.85,5.07,5.32,4.703,25384
2023-04-13,5.08,5.5,5.5,5.04,57748
2023-04-14,5.35,5.5,5.65,5.2494,43804
2023-04-17,5.42,5.09,5.5,5.04,22784
2023-04-18,5.09,5.08,5.18,4.67,32809
2023-04-19,5.05,4.94,5.36,4.78,54514
2023-04-20,4.9,4.51,5.0251,4.36,71688
2023-04-21,4.6,4.97,4.99,4.56,24652
2023-04-24,4.9,4.64,4.9121,4.58,18792
2023-04-25,4.6,4.02,4.6,3.9,27085
2023-04-26,4.04,4.07,4.44,4.04,10827
2023-04-27,4.25,4.26,4.51,4.08,29325
2023-04-28,4.26,4.9,4.9,4.2001,19156
2023-05-01,4.95,4.69,4.95,4.4,18083
2023-05-02,4.52,4.31,4.53,4.31,7868
2023-05-03,4.35,4.4,4.465,4.31,11248
2023-05-04,4.36,4.19,4.52,4.13,22233
