2011-05-23,28.39,28.1,28.41,28.08,117840
2011-05-24,28.18,28.28,28.48,27.93,131406
2011-05-25,28.18,28.52,28.69,28.1599,204909
2011-05-26,28.41,28.73,28.79,28.28,65813
2011-05-27,28.9,28.55,28.9,28.4,145081
2011-05-31,28.78,28.95,29.0,28.51,197961
2011-06-01,28.86,28.17,28.95,28.11,175180
2011-06-02,28.15,28.15,28.37,27.75,88527
2011-06-03,27.78,27.61,27.92,27.59,95945
2011-06-06,27.66,27.37,27.79,27.3,94396
2011-06-07,27.64,27.4,27.84,27.27,129627
2011-06-08,27.36,27.28,27.45,27.06,121980
2011-06-09,27.3,27.22,27.45,27.2,113961
2011-06-10,27.02,26.51,27.07,26.48,136674
2011-06-13,26.53,26.28,26.53,26.13,108982
2011-06-14,26.5,26.82,26.97,26.27,110273
2011-06-15,26.56,26.25,26.72,26.19,92797
2011-06-16,26.25,26.33,26.669,26.06,170190
2011-06-17,26.44,26.2,26.48,26.1,239544
2011-06-20,26.06,26.27,26.85,25.91,169287
2011-06-21,26.39,26.65,27.04,26.17,191810
2011-06-22,26.54,26.81,27.09,26.52,111562
2011-06-23,26.5,26.73,26.77,26.17,123491
2011-06-24,26.76,26.38,26.76,26.05,211084
2011-06-27,26.32,26.77,26.9,26.32,77166
2011-06-28,26.79,26.98,26.98,26.69,74146
2011-06-29,27.13,26.64,27.25,26.4,102138
2011-06-30,26.64,26.82,26.94,26.406,109979
2011-07-01,26.87,27.23,27.4,26.8,187493
2011-07-05,27.18,27.41,27.44,26.72,154196
2011-07-06,27.38,27.86,28.03,27.29,192811
2011-07-07,28.14,28.2,28.33,27.89,124358
2011-07-08,27.87,27.88,28.0,27.7,97365
2011-07-11,27.57,27.26,27.68,27.19,155970
2011-07-12,27.18,27.44,27.76,27.18,119623
2011-07-13,27.54,27.51,27.81,27.2946,219077
2011-07-14,27.51,27.34,27.7,27.249,123855
2011-07-15,27.46,27.36,27.46,27.05,131958
2011-07-18,27.13,26.62,27.41,26.56,154442
2011-07-19,26.74,27.24,27.27,26.5,238800
2011-07-20,27.28,26.62,27.42,26.41,168034
2011-07-21,26.76,26.96,27.04,26.62,103373
2011-07-22,26.9,26.7,26.92,26.6,53820
2011-07-25,26.42,26.34,26.6,26.33,80630
2011-07-26,26.39,25.99,26.41,25.95,68122
2011-07-27,25.81,25.36,25.81,25.3,195391
2011-07-28,25.23,25.22,26.0,25.13,207256
2011-07-29,24.92,24.92,25.06,24.61,238658
2011-08-01,24.92,24.23,24.97,24.03,268654
2011-08-02,24.08,23.82,24.3,23.79,242758
2011-08-03,23.86,24.0,24.03,23.36,172612
2011-08-04,23.78,22.94,24.02,22.94,153267
2011-08-05,23.17,22.67,23.17,22.4,254816
2011-08-08,22.06,20.82,22.56,20.82,240425
2011-08-09,21.34,22.03,22.06,20.438,363020
2011-08-10,21.5,20.65,21.58,20.61,221757
2011-08-11,20.71,21.49,21.81,20.47,178078
2011-08-12,21.66,21.61,21.762,21.22,83810
2011-08-15,21.89,22.1,22.13,21.79,76683
2011-08-16,21.86,21.76,21.92,21.45,82527
2011-08-17,21.93,21.7,22.0584,21.45,116559
2011-08-18,21.12,20.5,21.12,20.37,140772
2011-08-19,20.15,20.77,20.99,19.88,229336
2011-08-22,21.29,20.48,21.29,20.42,132744
2011-08-23,20.54,21.36,21.37,20.16,125415
2011-08-24,21.32,21.59,21.76,21.26,179005
2011-08-25,21.73,20.77,21.97,20.72,119658
2011-08-26,20.66,21.36,21.41,20.36,79228
2011-08-29,21.62,22.42,22.42,21.55,137327
2011-08-30,22.22,22.02,22.22,21.64,281979
2011-08-31,22.13,22.35,22.58,21.9,156255
2011-09-01,22.38,21.81,22.6,21.67,153712
2011-09-02,21.38,20.91,21.59,20.9,136005
2011-09-06,20.28,20.89,20.98,20.28,102324
2011-09-07,21.25,21.72,21.72,21.19,118145
2011-09-08,21.48,20.81,21.72,20.5,1162906
2011-09-09,20.61,20.07,20.72,20.0,221062
2011-09-12,19.79,19.81,19.97,19.43,417724
2011-09-13,19.95,19.9,20.1,19.65,245763
2011-09-14,20.11,20.15,20.31,19.83,454241
2011-09-15,20.34,20.44,20.51,19.84,175479
2011-09-16,20.47,20.52,20.82,20.39,219996
2011-09-19,20.12,20.18,20.39,19.78,151253
2011-09-20,20.26,19.88,20.57,19.86,90585
2011-09-21,19.92,19.19,20.09,19.17,132155
2011-09-22,18.6,19.31,19.41,18.55,251706
2011-09-23,19.27,19.5,19.85,19.07,194133
2011-09-26,19.67,19.67,19.71,19.16,97707
2011-09-27,20.13,20.22,20.66,20.01,146122
2011-09-28,20.25,19.95,20.25,19.715,221122
2011-09-29,20.43,20.49,20.91,20.16,182573
2011-09-30,20.17,20.01,20.7,19.98,204036
2011-10-03,19.82,18.86,19.97,18.86,227169
2011-10-04,18.78,19.77,19.82,18.78,238322
2011-10-05,19.8,19.86,20.16,19.64,111614
2011-10-06,19.78,20.21,20.22,19.78,117137
2011-10-07,20.2,19.6,20.31,19.55,128978
2011-10-10,19.98,20.0,20.1,19.73,175559
2011-10-11,19.84,20.22,20.31,19.8,177850
2011-10-12,20.33,20.34,20.56,20.236,203612
2011-10-13,20.29,20.4,20.53,20.28,523171
2011-10-14,20.64,20.49,20.87,20.37,224867
2011-10-17,20.34,19.84,20.42,19.77,223345
2011-10-18,19.9,20.0,20.14,19.57,241188
2011-10-19,19.89,19.83,20.38,19.78,194345
2011-10-20,19.88,19.94,20.03,19.6,179278
2011-10-21,20.28,21.06,21.11,20.28,282970
2011-10-24,21.08,21.55,21.67,21.08,117483
2011-10-25,21.4,20.98,21.46,20.84,167768
2011-10-26,21.37,21.36,21.44,20.94,121810
2011-10-27,21.99,21.79,22.38,21.62,194810
2011-10-28,22.38,22.68,22.84,22.15,199835
2011-10-31,22.37,22.33,22.55,22.1,217186
2011-11-01,21.55,21.38,21.95,21.24,229586
2011-11-02,21.68,21.6,21.83,21.38,119964
2011-11-03,21.86,22.17,22.2599,21.44,97833
2011-11-04,22.02,22.02,22.05,21.72,115623
2011-11-07,21.92,21.98,22.03,21.49,79178
2011-11-08,22.15,22.2,22.31,21.56,88664
2011-11-09,21.7,21.19,21.82,21.14,127895
2011-11-10,21.47,21.37,21.56,21.12,76001
2011-11-11,21.57,21.77,21.9,21.57,68953
2011-11-14,21.73,21.4,21.73,21.22,85663
2011-11-15,21.36,21.61,21.73,21.16,63850
2011-11-16,21.41,21.17,21.75,21.11,131549
2011-11-17,21.2,20.96,21.25,20.81,107687
2011-11-18,20.97,20.87,21.06,20.78,88360
2011-11-21,20.53,20.42,20.7,20.34,93261
2011-11-22,20.42,20.32,20.66,20.17,101669
2011-11-23,20.17,19.72,20.17,19.64,97675
2011-11-25,19.59,19.32,19.84,19.31,37358
2011-11-28,19.91,20.08,20.15,19.82,157315
2011-11-29,20.09,20.52,20.73,19.98,139807
2011-11-30,21.35,22.12,22.12,21.27,288052
2011-12-01,22.2,22.74,22.92,21.98,261644
2011-12-02,23.06,21.97,23.1,21.88,316261
2011-12-05,22.28,21.69,22.29,21.51,150990
2011-12-06,21.74,21.42,21.78,21.34,104570
2011-12-07,21.3,21.73,21.81,21.09,116543
2011-12-08,21.57,20.76,21.6,20.67,117675
2011-12-09,20.85,21.15,21.3,20.77,129382
2011-12-12,20.95,20.87,21.08,20.72,93373
2011-12-13,20.98,20.56,21.22,20.5,79387
2011-12-14,20.44,20.31,20.93,20.29,148817
2011-12-15,20.54,20.41,20.59,20.05,163580
2011-12-16,20.63,20.6,20.88,20.24,218788
2011-12-19,20.7,20.55,20.99,20.48,120408
2011-12-20,20.89,21.47,21.53,20.89,112868
2011-12-21,21.32,21.74,21.79,21.17,84660
2011-12-22,21.81,22.05,22.22,21.79,145421
2011-12-23,22.18,22.14,22.22,22.0,50352
2011-12-27,22.05,22.29,22.43,22.05,61973
2011-12-28,22.24,21.77,22.24,21.73,127488
2011-12-29,21.88,22.15,22.2,21.88,58823
2011-12-30,22.21,22.1,22.4,22.06,122159
2012-01-03,22.55,22.39,22.81,22.32,121801
2012-01-04,22.24,22.14,22.27,21.89,125696
2012-01-05,21.99,22.2,22.25,21.815,93267
2012-01-06,22.16,21.87,22.36,21.73,426457
2012-01-09,21.87,21.64,21.87,21.5,150094
2012-01-10,21.93,21.9,21.93,21.71,143419
2012-01-11,21.83,21.95,22.05,21.83,255553
2012-01-12,21.97,21.76,21.98,21.48,272132
2012-01-13,21.5,21.78,21.85,21.5,77050
2012-01-17,21.96,21.8,22.24,21.7,124200
2012-01-18,21.73,21.97,21.97,21.72,253068
2012-01-19,21.99,21.85,22.09,21.85,211411
2012-01-20,21.8,21.94,22.26,21.8,414672
2012-01-23,22.0,21.69,22.15,21.49,96193
2012-01-24,21.52,21.51,21.69,21.35,212522
2012-01-25,21.5,22.23,22.3,21.41,356441
2012-01-26,22.38,22.58,22.62,22.21,114739
2012-01-27,22.46,22.82,22.82,22.46,129451
2012-01-30,22.65,23.22,23.27,22.52,227712
2012-01-31,23.36,23.42,23.58,23.15,210749
2012-02-01,23.67,23.94,24.15,23.5,199053
2012-02-02,23.94,24.17,24.25,23.787,153766
2012-02-03,24.47,24.88,25.0201,24.29,174796
2012-02-06,24.72,24.8,24.97,24.66,127924
2012-02-07,24.69,24.76,24.86,24.6,122296
2012-02-08,24.75,25.04,25.135,24.59,104890
2012-02-09,25.16,25.03,25.16,24.76,229712
2012-02-10,24.79,24.84,25.0,24.68,141988
2012-02-13,25.1,25.03,25.2,24.93,115881
2012-02-14,24.95,24.89,24.958,24.68,138477
2012-02-15,25.03,24.83,25.12,24.73,138891
2012-02-16,24.84,25.16,25.23,24.72,80593
2012-02-17,25.24,25.14,25.43,25.04,121310
2012-02-21,25.13,24.75,25.13,24.6,147776
2012-02-22,24.72,24.8,24.9355,24.63,81919
2012-02-23,24.77,25.0,25.105,24.59,131611
2012-02-24,26.23,25.16,27.22,24.931,224433
2012-02-27,25.04,25.45,25.52,24.77,131548
2012-02-28,25.44,25.49,25.67,25.34,162898
2012-02-29,25.56,24.75,25.79,24.72,227884
2012-03-01,24.75,24.46,24.79,24.38,177908
2012-03-02,24.5,23.95,24.58,23.79,144491
2012-03-05,23.91,23.73,23.93,23.63,259889
2012-03-06,23.46,23.45,23.69,23.1,234686
2012-03-07,23.58,23.61,23.7,23.46,130759
2012-03-08,23.78,23.71,23.83,23.42,106081
2012-03-09,23.69,23.88,24.09,23.65,182806
2012-03-12,23.86,23.76,23.94,23.69,81889
2012-03-13,23.96,24.06,24.07,23.81,136980
2012-03-14,24.08,23.91,24.2,23.75,239530
2012-03-15,23.93,24.12,24.17,23.78,81306
2012-03-16,24.15,24.03,24.21,23.98,119050
2012-03-19,24.03,24.25,24.5,24.0,243044
2012-03-20,24.14,24.07,24.25,24.05,113748
2012-03-21,24.15,23.93,24.35,23.92,90780
2012-03-22,23.73,23.9,23.92,23.56,136376
2012-03-23,24.0,24.1,24.16,23.82,176987
2012-03-26,24.32,24.59,24.77,24.31,175354
2012-03-27,24.62,24.3,24.8,24.3,89070
2012-03-28,24.3,24.54,24.59,24.2899,114153
2012-03-29,24.39,24.44,24.52,24.25,174992
2012-03-30,24.65,24.52,24.83,24.52,144632
2012-04-02,24.52,24.59,24.7,24.36,185758
2012-04-03,24.61,24.44,24.82,24.33,91842
2012-04-04,24.17,23.75,24.17,23.53,144899
2012-04-05,23.72,23.95,23.96,23.64,121051
2012-04-09,23.59,23.48,23.64,23.33,128844
2012-04-10,23.46,22.77,23.46,22.76,198209
2012-04-11,22.99,23.15,23.15,22.9,119177
2012-04-12,23.12,23.56,23.71,23.12,112969
2012-04-13,23.44,23.6,24.0,23.12,340675
2012-04-16,23.68,23.67,23.76,23.43,227033
2012-04-17,23.81,24.19,24.47,23.72,138721
2012-04-18,24.08,23.86,24.175,23.76,103826
2012-04-19,23.94,23.99,24.36,23.69,192605
2012-04-20,24.17,23.94,24.32,23.92,102984
2012-04-23,23.54,23.83,23.85,23.44,144376
2012-04-24,23.77,24.08,24.08,23.68,143379
2012-04-25,24.38,24.54,24.7,24.3,90858
2012-04-26,24.43,24.7,24.71,24.07,73883
2012-04-27,22.7,23.07,23.66,22.66,571017
2012-04-30,23.05,23.29,23.4,22.96,291914
2012-05-01,23.26,23.18,23.8,23.1,184439
2012-05-02,23.07,23.3,23.32,23.02,131346
2012-05-03,23.23,23.12,23.34,23.02,112240
2012-05-04,23.0,22.53,23.03,22.49,120975
2012-05-07,22.49,22.79,22.86,22.386,68033
2012-05-08,22.59,22.78,22.83,22.56,97648
2012-05-09,22.54,22.48,22.74,22.44,82615
2012-05-10,22.67,22.39,22.75,22.29,148541
2012-05-11,22.2,21.94,22.38,21.87,131111
2012-05-14,21.71,21.82,21.97,21.54,163409
2012-05-15,21.77,21.74,21.97,21.68,65395
2012-05-16,21.84,21.5,22.0078,21.48,58730
2012-05-17,21.52,21.09,21.52,21.08,64626
2012-05-18,21.05,20.71,21.05,20.64,96830
2012-05-21,20.74,20.91,21.01,20.55,130061
2012-05-22,20.91,20.65,20.92,20.54,97677
2012-05-23,20.42,20.64,20.68,20.29,129001
2012-05-24,20.72,20.74,20.811,20.41,81310
2012-05-25,20.7,20.6,20.78,20.5,50528
2012-05-29,20.79,20.78,20.98,20.54,66118
2012-05-30,20.61,20.57,20.76,20.52,101847
2012-05-31,20.63,20.76,20.86,20.45,151358
2012-06-01,20.46,20.51,20.64,20.343,167598
2012-06-04,21.01,20.66,21.19,20.55,190671
2012-06-05,20.5,20.94,20.97,20.5,120504
2012-06-06,21.1,21.13,21.19,20.92,84555
2012-06-07,21.4,20.96,21.44,20.94,79178
2012-06-08,20.92,21.31,21.34,20.76,101103
2012-06-11,21.44,20.76,21.52,20.75,84201
2012-06-12,20.82,20.82,20.86,20.52,81133
2012-06-13,20.83,20.63,20.91,20.55,64252
2012-06-14,20.72,20.78,21.05,20.55,111295
2012-06-15,20.8,21.35,21.37,20.63,148318
2012-06-18,21.2,21.32,21.57,21.06,90696
2012-06-19,21.42,21.34,21.69,21.27,170644
2012-06-20,21.26,21.47,21.53,21.23,43135
2012-06-21,21.43,21.67,21.74,21.36,165863
2012-06-22,21.72,21.69,21.87,21.6,179155
2012-06-25,21.44,21.38,21.63,21.35,94859
2012-06-26,21.48,21.17,21.48,21.142,84900
2012-06-27,21.21,21.3,21.47,21.21,103510
2012-06-28,21.22,21.37,21.46,21.1516,193651
2012-06-29,22.0,22.71,22.71,21.8,204838
2012-07-02,22.78,23.0,23.0,22.6201,109205
2012-07-03,22.99,23.47,23.47,22.92,68017
2012-07-05,23.44,23.4,23.56,23.33,83355
2012-07-06,23.12,23.4,23.45,23.12,103820
2012-07-09,23.43,23.58,23.66,23.28,121336
2012-07-10,23.76,23.28,23.76,23.19,66397
2012-07-11,23.25,23.13,23.46,23.08,75135
2012-07-12,22.99,22.82,23.01,22.4,91549
2012-07-13,22.83,23.04,23.26,22.83,61505
2012-07-16,23.06,23.02,23.22,22.89,56279
2012-07-17,23.18,23.4,23.56,23.113,54218
2012-07-18,23.3,23.61,23.75,23.3,71055
2012-07-19,23.72,23.53,23.72,23.34,87593
2012-07-20,23.34,23.19,23.55,23.17,101842
2012-07-23,22.79,22.31,22.79,22.05,118801
2012-07-24,22.38,22.34,22.64,22.19,151431
2012-07-25,22.55,22.48,22.57,22.18,89730
2012-07-26,23.13,22.62,23.48,22.59,130731
2012-07-27,22.65,23.27,23.39,22.65,98299
2012-07-30,23.27,23.1,23.52,22.91,73815
2012-07-31,23.06,22.83,23.355,22.8,67868
2012-08-01,22.94,22.51,22.95,22.51,97131
2012-08-02,22.38,22.75,22.79,22.26,105093
2012-08-03,23.08,23.67,23.78,23.0,126756
2012-08-06,23.64,23.83,24.01,23.64,75756
2012-08-07,23.9,24.01,24.3,23.75,102897
2012-08-08,23.9,24.32,24.67,23.81,125264
2012-08-09,24.25,23.84,24.26,23.7,106027
2012-08-10,23.82,23.83,23.96,23.67,51633
2012-08-13,23.73,23.68,23.92,23.48,46022
2012-08-14,23.87,23.43,23.87,23.3797,101063
2012-08-15,23.39,23.66,23.71,23.39,51214
2012-08-16,23.68,23.63,23.78,23.42,81772
2012-08-17,23.55,23.77,23.85,23.55,67510
2012-08-20,23.66,23.74,23.85,23.47,34452
2012-08-21,23.77,24.0,24.37,23.77,58187
2012-08-22,23.89,23.86,23.89,23.5,105721
2012-08-23,23.77,23.5,23.79,23.43,36815
2012-08-24,23.39,23.45,23.64,23.3,45871
2012-08-27,23.44,23.49,23.7,23.29,40843
2012-08-28,23.46,23.26,23.61,23.25,64396
2012-08-29,23.31,23.4,23.51,23.2,36442
2012-08-30,23.21,23.28,23.4,23.09,30130
2012-08-31,23.49,23.15,23.49,23.0,53703
2012-09-04,23.12,23.49,23.53,23.06,72031
2012-09-05,23.52,23.54,23.69,23.41,356629
2012-09-06,23.7,24.32,24.38,23.7,66927
2012-09-07,24.46,24.26,24.46,24.13,43012
2012-09-10,24.2,24.09,24.25,24.02,49421
2012-09-11,24.01,23.68,24.12,23.61,142237
2012-09-12,23.79,23.7,23.79,23.49,79882
2012-09-13,23.77,24.31,24.39,23.63,68373
2012-09-14,24.44,24.67,24.81,24.3545,82162
2012-09-17,24.64,24.82,24.84,24.19,57149
2012-09-18,24.82,25.3,25.33,24.76,125123
2012-09-19,25.33,25.1,25.635,25.0,59873
2012-09-20,24.87,24.89,25.08,24.58,52077
2012-09-21,25.19,24.87,25.23,24.81,107914
2012-09-24,24.87,24.9,25.1,24.72,68637
2012-09-25,25.01,24.69,25.32,24.66,68303
2012-09-26,24.71,24.46,24.89,24.29,71628
2012-09-27,24.51,24.58,24.77,24.29,81546
2012-09-28,24.46,24.33,24.52,24.21,54419
2012-10-01,24.4,24.61,24.63,24.24,108726
2012-10-02,24.66,24.53,24.76,24.4401,77737
2012-10-03,24.64,24.72,24.85,24.45,39627
2012-10-04,24.74,24.97,25.0,24.55,58035
2012-10-05,25.0,24.68,25.33,24.585,92956
2012-10-08,24.53,24.42,24.68,24.42,58683
2012-10-09,24.4,23.76,24.4,23.73,48626
2012-10-10,23.77,23.68,23.77,23.4522,59346
2012-10-11,23.89,23.69,23.9,23.68,46993
2012-10-12,23.75,23.48,23.8,23.42,50721
2012-10-15,23.44,23.5,23.51,23.19,62264
2012-10-16,23.67,23.62,23.69,23.45,59912
2012-10-17,23.59,23.6,23.72,23.44,77071
2012-10-18,23.51,23.15,23.66,23.1,105851
2012-10-19,23.03,22.51,23.1,22.35,110246
2012-10-22,22.52,22.66,22.73,22.4,74646
2012-10-23,22.43,22.35,22.47,22.17,59400
2012-10-24,22.4,22.26,22.52,22.2,47078
2012-10-25,22.49,22.33,22.74,22.15,85537
2012-10-26,22.37,22.14,22.8,22.06,110609
2012-10-31,22.21,21.98,22.21,21.67,212917
2012-11-01,21.9602,22.39,22.495,21.96,155984
2012-11-02,22.39,22.42,22.56,22.132,99962
2012-11-05,22.45,22.8,22.85,22.44,85382
2012-11-06,22.91,22.96,23.36,22.65,90437
2012-11-07,22.67,22.7,22.9601,22.6,123234
2012-11-08,22.63,22.4,22.6483,22.3,99056
2012-11-09,22.26,22.2,22.54,22.19,50764
2012-11-12,22.29,22.12,22.32,21.87,39579
2012-11-13,22.05,21.95,22.32,21.93,78511
2012-11-14,21.98,21.55,22.47,21.39,89368
2012-11-15,21.5,21.52,21.74,21.08,77803
2012-11-16,21.45,21.71,21.76,21.29,80615
2012-11-19,21.99,21.95,22.03,21.76,47280
2012-11-20,21.84,21.89,22.2795,21.6073,55792
2012-11-21,21.89,21.91,22.02,21.8,81653
2012-11-23,22.03,22.3,22.32,21.95,38839
2012-11-26,22.26,22.23,22.32,22.01,46250
2012-11-27,22.16,22.14,22.54,22.13,74778
2012-11-28,21.99,22.03,22.06,21.62,109320
2012-11-29,22.21,22.43,22.7,22.15,137202
2012-11-30,22.53,22.58,22.71,22.33,119346
2012-12-03,22.76,22.1,22.79,22.05,85433
2012-12-04,22.15,22.17,22.25,21.92,101619
2012-12-05,22.28,21.83,22.285,21.72,141424
2012-12-06,21.9,21.92,22.04,21.64,63682
2012-12-07,22.06,21.86,22.06,21.75,82018
2012-12-10,21.92,22.04,22.15,21.76,85454
2012-12-11,22.19,22.37,22.46,22.15,98791
2012-12-12,22.47,22.3,22.74,22.26,109125
2012-12-13,22.28,21.99,22.67,21.97,65820
2012-12-14,21.89,21.84,22.24,21.71,118761
2012-12-17,21.93,22.06,22.14,21.92,126704
2012-12-18,22.17,22.44,22.55,22.055,299460
2012-12-19,22.48,22.81,22.89,22.31,270431
2012-12-20,22.91,22.9,22.92,22.71,178443
2012-12-21,22.67,23.03,23.05,22.63,351669
2012-12-24,23.07,22.88,23.14,22.7,65789
2012-12-26,23.27,22.85,23.27,22.75,54343
2012-12-27,22.8,22.89,23.0,22.55,103363
2012-12-28,22.84,22.89,23.14,22.77,107139
2012-12-31,22.84,23.24,23.32,22.7,70367
2013-01-02,23.73,23.48,23.89,23.35,154378
2013-01-03,23.51,23.52,23.7,23.39,58526
2013-01-04,23.61,23.54,23.69,23.5,92296
2013-01-07,23.42,23.76,23.78,23.22,78823
2013-01-08,23.85,24.7,24.89,23.775,275773
2013-01-09,24.83,24.74,25.02,24.692,71826
2013-01-10,24.81,25.43,25.44,24.4901,135820
2013-01-11,25.49,25.6,25.66,25.25,165615
2013-01-14,25.55,25.66,25.66,25.36,82652
2013-01-15,25.55,25.82,25.92,25.485,90133
2013-01-16,25.79,25.82,25.95,25.61,126515
2013-01-17,25.9,26.07,26.19,25.83,46324
2013-01-18,26.11,26.19,26.2,25.97,91146
2013-01-22,26.21,26.55,26.57,26.12,58678
2013-01-23,26.57,26.52,26.57,26.2,85982
2013-01-24,26.49,26.71,26.78,26.3,106919
2013-01-25,26.83,27.07,27.09,26.56,100226
2013-01-28,27.05,27.05,27.25,26.96,129856
2013-01-29,27.09,27.38,27.7,27.07,83353
2013-01-30,27.29,26.6,27.29,26.48,78811
2013-01-31,26.6,26.54,26.85,26.45,72390
2013-02-01,26.73,26.75,26.91,26.71,85501
2013-02-04,26.6549,26.32,26.6549,26.01,96540
2013-02-06,26.41,26.51,26.59,26.39,9345
2013-02-08,26.89,27.02,27.174,26.89,26286
2013-02-11,27.1,27.11,27.38,27.0,63569
2013-02-12,27.19,26.98,27.19,26.86,72580
2013-02-13,27.09,27.54,27.55,27.033,119522
2013-02-14,27.49,27.64,27.66,27.35,76696
2013-02-15,27.66,27.7,27.8,27.3,91566
2013-02-19,27.69,27.77,28.0,27.66,90758
2013-02-20,27.85,27.21,27.85,27.2,88899
2013-02-21,27.2,26.89,27.4,26.45,70612
2013-02-22,27.08,26.82,27.08,26.6,107207
2013-02-25,26.95,26.39,26.95,26.33,120785
2013-02-26,25.02,26.85,26.97,25.02,194591
2013-02-27,26.87,27.07,27.35,26.8249,255009
2013-02-28,27.02,27.07,27.16,26.7,129599
2013-03-01,26.84,27.39,27.62,26.755,99529
2013-03-04,27.36,27.31,27.37,26.95,84862
2013-03-05,27.48,27.44,27.76,27.18,93664
2013-03-06,27.5,27.4,27.54,27.24,50709
2013-03-07,27.29,27.53,27.66,27.17,115024
2013-03-08,27.7,27.81,27.905,27.51,86880
2013-03-11,27.8,27.88,27.92,27.63,48682
2013-03-12,27.9,28.06,28.1,27.8401,104714
2013-03-13,28.08,28.33,28.39,27.96,53327
2013-03-14,28.3,28.96,29.0399,28.21,114740
2013-03-15,29.1,28.72,29.1,28.65,180207
2013-03-18,28.4,28.36,28.63,28.27,139547
2013-03-19,28.35,28.57,28.74,28.23,112344
2013-03-20,28.76,29.59,29.6,28.59,270328
2013-03-21,29.37,29.47,29.725,29.37,219248
2013-03-22,29.51,29.82,29.84,29.4508,90109
2013-03-25,29.86,29.88,30.34,29.8,101819
2013-03-26,30.1,30.33,30.36,30.0,96950
2013-03-27,30.09,30.36,30.48,29.94,95445
2013-03-28,30.44,29.87,30.64,29.45,238466
2013-04-01,30.02,29.81,30.02,29.45,204036
2013-04-02,30.01,30.0,30.33,29.91,128062
2013-04-03,30.08,29.98,30.24,29.88,271071
2013-04-04,29.96,30.43,30.45,29.87,81709
2013-04-05,29.9,30.17,30.6,29.9,245812
2013-04-08,30.17,30.32,30.36,29.86,83298
2013-04-09,30.32,30.17,30.51,30.16,75026
2013-04-10,30.32,30.98,31.05,30.11,156569
2013-04-11,30.95,31.14,31.295,30.95,123946
2013-04-12,30.94,30.5,31.22,30.35,148466
2013-04-15,30.23,29.14,30.49,29.07,118892
2013-04-16,29.49,29.25,29.49,28.83,157778
2013-04-17,28.96,28.7,29.21,28.37,198809
2013-04-18,28.76,28.39,29.0,28.2,98917
2013-04-19,28.41,28.98,28.99,28.348,74582
2013-04-22,29.18,28.69,29.18,28.3,70505
2013-04-23,28.9,29.08,29.32,28.63,64105
2013-04-24,28.94,28.88,29.06,28.76,83377
2013-04-25,29.03,28.84,29.1,28.72,63971
2013-04-26,28.5,27.41,28.5,27.03,265164
2013-04-29,27.61,27.69,27.74,27.31,139401
2013-04-30,27.62,27.94,27.94,27.43,140383
2013-05-01,27.9,27.73,28.0788,27.65,194628
2013-05-02,27.85,28.02,28.12,27.58,103903
2013-05-03,28.41,29.0,29.1,28.245,141881
2013-05-06,28.96,29.37,29.42,28.96,72395
2013-05-07,29.5,30.46,30.51,29.44,188820
2013-05-08,30.47,30.47,30.59,29.97,77697
2013-05-09,30.39,30.23,30.48,30.2,69939
2013-05-10,30.37,30.99,30.99,30.35,84727
2013-05-13,31.01,30.99,31.1399,30.78,80788
2013-05-14,31.11,31.09,31.15,30.98,98120
2013-05-15,31.08,31.0,31.13,30.82,81925
2013-05-16,30.87,31.01,31.135,30.7,132746
2013-05-17,31.13,31.28,31.36,30.89,129823
2013-05-20,31.25,31.55,31.83,31.1,145100
2013-05-21,31.49,31.92,31.97,31.32,113426
2013-05-22,31.86,31.84,32.27,31.67,219306
2013-05-23,31.6,31.87,32.0,31.49,158347
2013-05-24,31.66,31.96,32.15,31.47,91798
2013-05-28,32.29,32.82,32.92,32.28,125519
2013-05-29,32.59,32.04,32.59,31.62,94536
2013-05-30,32.07,32.34,32.3699,31.86,101826
2013-05-31,32.13,32.21,32.78,32.13,164958
2013-06-03,32.2,32.32,32.4,31.88,211714
2013-06-04,32.34,32.39,32.63,32.0,164191
2013-06-05,32.3,31.99,32.41,31.85,84485
2013-06-06,32.1,32.39,32.42,31.72,86878
2013-06-07,32.63,32.93,33.04,32.25,105663
2013-06-10,32.97,33.39,33.49,32.61,99883
2013-06-11,32.95,32.94,33.41,32.71,113638
2013-06-12,33.23,32.73,33.23,32.6,54200
2013-06-13,32.64,33.52,33.6,32.47,70513
2013-06-14,33.56,33.96,34.07,33.48,113962
2013-06-17,34.27,34.03,34.38,33.87,206676
2013-06-18,34.13,34.3,34.41,33.6601,77641
2013-06-19,34.31,33.47,34.34,33.43,62306
2013-06-20,32.99,32.56,33.04,32.46,104998
2013-06-21,32.7,32.99,33.02,32.42,172584
2013-06-24,32.57,32.71,32.76,32.1957,136412
2013-06-25,32.89,32.61,33.085,32.32,158427
2013-06-26,32.8,32.72,32.93,32.53,40875
2013-06-27,32.92,32.95,33.05,32.85,189910
2013-06-28,32.92,32.79,33.09,32.66,126695
2013-07-01,32.92,33.67,33.77,32.7,116446
2013-07-02,33.67,34.1,34.16,33.543,76898
2013-07-03,33.85,34.4,34.65,33.85,60659
2013-07-05,34.85,35.12,35.12,34.5101,77093
2013-07-08,35.32,35.45,35.49,35.1101,109423
2013-07-09,35.69,35.74,35.74,35.21,169822
2013-07-10,35.63,35.35,35.8,35.24,128565
2013-07-11,35.78,35.26,35.78,35.23,120664
2013-07-12,35.3,35.09,35.6,35.06,138258
2013-07-15,35.12,35.6,35.73,35.12,104627
2013-07-16,35.59,35.69,35.97,35.59,117312
2013-07-17,35.7,35.88,35.92,35.35,198875
2013-07-18,35.9,36.24,36.47,35.77,103671
2013-07-19,36.13,36.07,36.13,35.75,75755
2013-07-22,36.05,36.11,36.455,35.92,88875
2013-07-23,36.26,36.23,36.43,35.86,96749
2013-07-24,36.3,35.91,36.48,35.82,102105
2013-07-25,35.91,36.62,36.74,35.66,123849
2013-07-26,36.35,36.96,36.98,35.81,163227
2013-07-29,36.81,37.47,37.545,36.81,196148
2013-07-30,37.72,37.81,37.96,37.25,190648
2013-07-31,37.81,37.8,38.11,37.7,162273
2013-08-01,38.2,37.75,38.23,37.57,143652
2013-08-02,37.71,37.31,37.72,37.181,194064
2013-08-05,37.2,37.53,37.58,36.9745,236068
2013-08-06,37.54,37.38,38.0,37.3,140767
2013-08-07,37.35,36.73,37.7,36.53,176606
2013-08-08,37.0,36.93,38.36,36.715,259736
2013-08-09,36.77,37.38,37.58,36.77,155479
2013-08-12,37.23,37.29,37.65,36.9,174361
2013-08-13,37.43,37.0,37.43,36.99,83024
2013-08-14,37.12,36.49,37.24,36.49,242614
2013-08-15,36.2,35.54,36.25,35.49,130011
2013-08-16,35.36,35.11,35.61,35.025,122682
2013-08-19,35.15,35.05,35.4099,34.94,110992
2013-08-20,35.16,35.43,35.44,35.011,132494
2013-08-21,35.38,35.27,35.62,35.07,101797
2013-08-22,35.29,35.3,35.75,34.98,123942
2013-08-23,35.31,34.96,35.43,34.88,142352
2013-08-26,34.95,35.22,35.34,34.87,136659
2013-08-27,34.78,34.28,35.11,34.18,100217
2013-08-28,34.27,34.48,34.63,34.07,84237
2013-08-29,34.51,34.53,34.88,34.28,82775
2013-08-30,34.43,33.97,34.4699,33.88,86950
2013-09-03,34.43,34.06,34.61,33.7,97700
2013-09-04,34.2,34.55,34.56,34.18,188249
2013-09-05,34.5,34.8,34.97,34.46,72665
2013-09-06,35.06,34.93,35.1745,34.22,62741
2013-09-09,34.84,35.51,35.58,34.84,49859
2013-09-10,35.69,35.58,35.87,35.43,119970
2013-09-11,35.43,35.67,35.89,35.38,94862
2013-09-12,35.7,34.91,35.79,34.85,62849
2013-09-13,35.1,34.97,35.1,34.77,68242
2013-09-16,35.35,34.68,35.492,34.64,115245
2013-09-17,34.68,35.08,35.13,34.61,60138
2013-09-18,35.11,35.14,35.43,34.74,57797
2013-09-19,35.16,34.91,35.16,34.785,60680
2013-09-20,35.13,34.75,35.21,34.58,157899
2013-09-23,34.77,34.78,34.97,34.38,48233
2013-09-24,34.72,34.55,34.81,34.205,113482
2013-09-25,34.68,33.94,34.68,33.86,84586
2013-09-26,33.98,33.83,34.12,33.62,57603
2013-09-27,33.56,33.69,33.8,33.52,36298
2013-09-30,33.43,34.03,34.06,33.24,109944
2013-10-01,34.06,34.64,34.68,34.04,82235
2013-10-02,34.36,34.45,34.52,34.26,46330
2013-10-03,34.32,34.54,34.58,33.98,92654
2013-10-04,34.45,34.47,34.58,34.36,34868
2013-10-07,34.08,34.16,34.39,33.95,85349
2013-10-08,34.24,33.55,34.33,33.53,99060
2013-10-09,33.64,34.0,34.14,33.31,72505
2013-10-10,34.42,34.5,34.8,34.33,85924
2013-10-11,34.32,35.19,35.24,34.205,50275
2013-10-14,34.95,35.19,35.41,34.78,116967
2013-10-15,35.18,35.16,35.52,35.05,161330
2013-10-16,35.44,35.28,35.72,35.19,58351
2013-10-17,35.16,35.74,36.19,35.08,125067
2013-10-18,36.07,36.23,36.5,35.63,68415
2013-10-21,36.23,36.58,36.64,36.03,73686
2013-10-22,36.71,36.77,37.09,36.43,104533
2013-10-23,36.67,37.1,37.27,36.42,70195
2013-10-24,37.03,37.15,37.28,36.78,115860
2013-10-25,38.99,39.61,40.91,38.99,269328
2013-10-28,39.54,38.92,39.62,38.73,95011
2013-10-29,39.06,39.19,39.41,38.87,112478
2013-10-30,39.1,38.59,39.27,38.28,111244
2013-10-31,38.51,38.12,38.7,38.12,73504
2013-11-01,38.02,37.76,38.2,37.41,100851
2013-11-04,37.83,38.66,38.79,37.76,110195
2013-11-05,38.35,37.58,38.35,37.57,73944
2013-11-06,37.84,36.99,37.84,36.92,76642
2013-11-07,37.21,35.95,37.24,35.73,125298
2013-11-08,35.93,36.46,36.555,35.93,150888
2013-11-11,36.32,36.43,36.71,36.25,174463
2013-11-12,36.43,39.0,39.7,36.43,240648
2013-11-13,38.83,39.66,39.73,38.61,191574
2013-11-14,39.74,39.79,40.05,39.37,119837
2013-11-15,39.8,40.04,40.37,39.525,246535
2013-11-18,40.06,39.26,40.1,39.1,87667
2013-11-19,39.16,39.66,39.8,39.055,78591
2013-11-20,39.73,39.43,39.73,38.92,71645
2013-11-21,39.64,40.1,40.27,39.64,68015
2013-11-22,40.1,40.25,40.46,39.63,99343
2013-11-25,40.26,40.14,40.45,39.96,192228
2013-11-26,40.23,40.36,40.51,39.78,114993
2013-11-27,40.33,40.94,40.99,40.15,52186
2013-11-29,41.0,40.63,41.0,40.58,27911
2013-12-02,40.71,40.5,41.0,40.42,46936
2013-12-03,40.38,40.74,40.83,40.37,162350
2013-12-04,40.53,40.02,40.896,39.64,62111
2013-12-05,40.07,39.94,40.27,39.72,76158
2013-12-06,40.4,40.25,40.73,40.19,117332
2013-12-09,40.2,39.92,40.21,39.58,88193
2013-12-10,39.78,40.01,40.01,39.59,157761
2013-12-11,39.95,38.67,39.95,38.54,139961
2013-12-12,38.62,38.46,38.8,38.12,104319
2013-12-13,38.47,38.74,38.8,37.98,76856
2013-12-16,38.81,39.02,39.07,38.55,108981
2013-12-17,39.51,40.14,40.56,39.51,183770
2013-12-18,40.1,41.16,41.17,39.89,154432
2013-12-19,41.24,41.02,41.24,40.51,110069
2013-12-20,41.24,42.65,42.81,41.24,367808
2013-12-23,43.13,43.38,43.4833,42.7701,208672
2013-12-24,43.12,43.5,43.78,42.93,59372
2013-12-26,43.6,43.57,44.18,43.42,70639
2013-12-27,43.84,43.51,44.1,42.89,128470
2013-12-30,43.38,43.98,44.21,43.11,115681
2013-12-31,44.1,44.24,45.02,43.87,172736
2014-01-02,43.99,43.42,43.99,43.12,158130
2014-01-03,43.41,43.8,43.93,43.28,105092
2014-01-06,43.87,43.78,43.99,43.32,117866
2014-01-07,43.78,44.27,44.61,43.78,120054
2014-01-08,44.17,44.33,44.615,43.91,198462
2014-01-09,44.6,44.78,44.9,43.8604,141963
2014-01-10,44.9,45.05,45.1,44.27,121321
2014-01-13,44.97,43.98,44.9755,43.74,170747
2014-01-14,44.32,44.35,44.7,43.852,67771
2014-01-15,44.35,44.66,44.78,44.16,51525
2014-01-16,44.45,44.7,44.96,44.45,84892
2014-01-17,44.7,44.5,44.75,44.34,103211
2014-01-21,44.96,45.23,45.24,44.48,212054
2014-01-22,45.35,45.23,45.63,45.13,98046
2014-01-23,45.05,44.88,45.15,44.615,114808
2014-01-24,44.48,43.78,44.51,43.26,115607
2014-01-27,43.98,43.4,43.98,42.74,170529
2014-01-28,43.52,43.2,43.72,43.04,110176
2014-01-29,42.82,42.44,43.444,42.13,108609
2014-01-30,42.89,43.08,43.3,42.44,126134
2014-01-31,42.26,42.51,42.67,41.95,137555
2014-02-03,42.44,40.76,42.93,40.36,189987
2014-02-04,40.89,40.64,40.94,40.4,118397
2014-02-05,40.25,40.37,40.85,40.19,130226
2014-02-06,40.42,40.41,40.75,40.12,79633
2014-02-07,40.51,40.39,40.81,40.11,118113
2014-02-10,40.29,40.5,40.58,40.02,82006
2014-02-11,40.6,40.6,40.8044,40.19,62856
2014-02-12,40.75,41.02,41.24,40.75,45262
2014-02-13,40.67,41.75,41.84,40.67,72787
2014-02-14,41.71,41.29,41.71,41.03,81253
2014-02-18,41.31,41.8,42.13,40.9,121517
2014-02-19,41.55,41.49,42.083,40.51,83303
2014-02-20,41.28,42.54,42.63,41.28,49921
2014-02-21,42.78,42.44,43.27,42.35,119794
2014-02-24,42.41,42.46,42.97,42.25,116789
2014-02-25,42.4,42.93,43.72,41.81,106954
2014-02-26,43.11,43.18,43.28,42.3,119234
2014-02-27,43.13,43.43,43.62,42.56,175020
2014-02-28,43.32,43.33,44.16,42.97,196513
2014-03-03,43.08,43.92,44.11,42.7,193866
2014-03-04,44.6,45.31,45.95,44.4601,291334
2014-03-05,45.36,45.17,45.77,44.85,201998
2014-03-06,45.34,45.29,45.89,45.28,133982
2014-03-07,45.64,45.42,45.88,45.03,117406
2014-03-10,45.33,45.51,45.79,45.06,127061
2014-03-11,45.48,45.42,45.88,45.0,144192
2014-03-12,45.25,45.91,45.99,45.25,172100
2014-03-13,45.99,45.84,46.71,45.74,146456
2014-03-14,45.82,46.39,46.57,45.82,130142
2014-03-17,46.56,46.98,47.78,46.36,207422
2014-03-18,46.97,46.84,47.3999,46.69,211499
2014-03-19,46.9,46.57,47.12,46.34,146830
2014-03-20,46.6,46.85,46.9,46.28,130647
2014-03-21,47.0,46.51,47.01,46.39,234877
2014-03-24,46.67,45.49,46.86,45.25,150177
2014-03-25,45.71,45.68,45.86,45.23,113396
2014-03-26,45.99,45.48,46.136,45.46,125629
2014-03-27,45.54,45.01,45.62,44.89,104162
2014-03-28,45.03,44.83,46.06,44.74,96030
2014-03-31,45.2,45.92,46.1,44.84,100251
2014-04-01,46.13,46.55,46.63,46.05,87500
2014-04-02,46.75,46.78,46.89,46.4701,101770
2014-04-03,46.77,46.42,46.948,46.3,82734
2014-04-04,46.77,44.85,46.774,44.65,136546
2014-04-07,44.77,44.4,44.77,43.65,130847
2014-04-08,44.48,44.9,45.46,44.35,158728
2014-04-09,45.0,45.79,45.95,44.815,111473
2014-04-10,46.0,45.47,46.48,44.44,220301
2014-04-11,45.04,44.8,45.87,44.6295,118984
2014-04-14,45.22,46.0,46.36,45.05,169444
2014-04-15,46.16,46.48,46.65,45.05,120431
2014-04-16,46.94,46.87,47.24,46.43,147926
2014-04-17,46.81,46.86,47.39,46.36,175884
2014-04-21,46.88,47.1,47.11,46.45,47502
2014-04-22,47.4,47.68,47.96,47.312,153781
2014-04-23,47.51,46.9,47.865,46.89,130391
2014-04-24,47.16,46.59,47.2371,46.46,107557
2014-04-25,46.49,46.19,46.65,45.97,110058
2014-04-28,46.46,46.2,46.62,45.1,201230
2014-04-29,46.45,46.29,46.62,46.18,225106
2014-04-30,46.19,46.03,46.39,45.38,207541
2014-05-01,47.0,46.5,47.05,45.82,374790
2014-05-02,46.66,46.64,46.898,46.28,161704
2014-05-05,46.6,46.74,46.91,46.16,219101
2014-05-06,46.7,45.69,46.72,45.5367,106166
2014-05-07,45.81,45.76,45.81,44.78,123542
2014-05-08,45.79,45.54,46.3,45.251,80284
2014-05-09,45.53,46.28,46.37,45.33,124450
2014-05-12,46.36,47.05,47.46,46.08,117642
2014-05-13,47.09,46.38,47.144,46.255,117233
2014-05-14,46.35,45.16,46.35,45.15,100233
2014-05-15,44.95,44.74,45.519,44.31,131314
2014-05-16,44.66,46.03,46.05,44.39,233862
2014-05-19,45.98,46.39,46.51,45.84,99534
2014-05-20,46.36,45.75,46.36,45.25,135091
2014-05-21,45.98,45.64,45.98,45.24,64399
2014-05-22,45.6,45.83,46.02,45.36,69626
2014-05-23,45.96,46.07,46.23,45.67,56541
2014-05-27,46.38,46.75,46.98,46.092,88700
2014-05-28,46.75,46.53,46.9,46.39,93250
2014-05-29,46.55,46.68,46.92,46.3801,52199
2014-05-30,46.78,46.71,47.05,46.67,94795
2014-06-02,46.89,46.33,46.89,45.831,68356
2014-06-03,46.45,47.38,47.48,46.34,164818
2014-06-04,47.32,47.24,47.49,46.89,56493
2014-06-05,47.44,48.29,48.51,46.98,94004
2014-06-06,48.59,48.71,48.77,48.12,94599
2014-06-09,48.66,48.94,49.08,48.5,161462
2014-06-10,48.94,49.35,49.46,48.63,144092
2014-06-11,49.24,48.76,49.48,48.6,105649
2014-06-12,48.58,48.31,48.72,48.02,95644
2014-06-13,48.39,48.09,48.72,47.84,51200
2014-06-16,47.86,48.79,48.83,47.86,72028
2014-06-17,48.86,49.59,49.9,48.331,150387
2014-06-18,49.72,49.68,50.03,48.83,168744
2014-06-19,49.64,49.35,49.97,48.92,101597
2014-06-20,49.68,49.94,50.07,49.1,190130
2014-06-23,50.17,49.79,50.17,49.43,117664
2014-06-24,49.58,48.95,49.84,48.88,136707
2014-06-25,48.74,49.08,49.34,48.46,94326
2014-06-26,49.22,48.54,49.22,48.28,100149
2014-06-27,48.18,48.74,48.775,48.15,128441
2014-06-30,48.67,49.06,49.06,48.39,128580
2014-07-01,49.18,49.8,50.65,49.18,187731
2014-07-02,49.63,49.03,50.056,48.79,149283
2014-07-03,49.37,49.58,49.58,49.21,33285
2014-07-07,49.48,49.13,49.738,48.73,124670
2014-07-08,49.15,48.5,49.242,48.21,152461
2014-07-09,48.75,48.62,48.985,48.27,126315
2014-07-10,48.25,49.54,49.72,48.05,169419
2014-07-11,49.42,50.0,50.06,49.07,112268
2014-07-14,50.37,50.35,50.49,49.91,124154
2014-07-15,50.35,49.31,50.45,49.19,79252
2014-07-16,49.75,49.52,49.87,48.85,136163
2014-07-17,49.22,49.24,49.58,49.05,145924
2014-07-18,49.18,50.57,50.62,49.18,204600
2014-07-21,50.31,50.29,50.4,49.59,164126
2014-07-22,50.45,50.97,51.42,50.32,125560
2014-07-23,50.97,50.32,51.34,50.29,91386
2014-07-24,50.48,50.42,50.55,49.93,139078
2014-07-25,50.04,50.31,50.65,49.8385,144819
2014-07-28,50.36,50.57,50.79,49.63,110770
2014-07-29,50.71,51.0,51.24,50.32,133914
2014-07-30,51.59,50.83,51.64,50.54,133374
2014-07-31,50.39,49.51,50.65,49.44,114161
2014-08-01,49.45,47.74,49.58,47.2,231362
2014-08-04,47.93,47.54,47.93,47.02,241868
2014-08-05,47.42,46.94,47.56,46.598,227492
2014-08-06,46.6,46.17,46.98,46.11,180068
2014-08-07,46.21,45.46,46.31,45.36,140335
2014-08-08,45.38,44.95,45.836,44.9,216404
2014-08-11,45.23,45.38,45.68,44.92,187716
2014-08-12,45.33,45.03,45.5,44.72,167128
2014-08-13,45.16,46.12,46.18,45.16,99532
2014-08-14,46.29,45.83,46.714,45.74,91772
2014-08-15,46.22,45.57,46.24,45.13,106815
2014-08-18,45.88,45.58,46.18,45.44,145746
2014-08-19,45.51,45.56,45.845,45.22,126030
2014-08-20,45.33,45.35,45.61,44.85,145880
2014-08-21,45.44,45.63,45.7,45.0,169952
2014-08-22,45.66,45.71,45.94,45.2,64407
2014-08-25,46.11,45.86,46.13,45.17,211330
2014-08-26,45.86,45.87,46.06,45.68,98728
2014-08-27,46.12,45.96,46.2,45.762,64253
2014-08-28,45.72,45.27,45.734,45.26,61031
2014-08-29,45.24,45.57,45.78,45.08,67862
2014-09-02,45.67,44.91,45.67,44.79,187809
2014-09-03,45.05,45.61,45.64,45.05,170357
2014-09-04,45.76,45.96,46.23,45.28,142747
2014-09-05,45.85,45.95,46.08,45.55,123755
2014-09-08,45.95,46.25,46.46,45.75,135883
2014-09-09,46.14,45.76,46.55,45.62,173667
2014-09-10,45.74,45.3,45.97,45.2,139288
2014-09-11,45.2,45.33,45.62,44.95,142230
2014-09-12,45.22,45.07,45.59,44.76,148095
2014-09-15,45.0,45.59,46.1,45.0,257663
2014-09-16,45.6,45.75,45.93,45.47,161351
2014-09-17,45.81,45.69,46.07,45.58,119876
2014-09-18,45.76,45.98,46.099,45.73,89367
2014-09-19,45.96,45.13,46.0,45.03,247379
2014-09-22,45.0,44.17,45.18,43.98,149671
2014-09-23,43.86,43.24,44.08,43.2125,263720
2014-09-24,43.24,43.41,43.75,43.0619,220317
2014-09-25,43.15,42.95,43.34,42.23,237711
2014-09-26,43.0,43.15,43.32,42.9,144424
2014-09-29,42.91,43.22,43.26,42.84,152283
2014-09-30,42.95,42.61,43.03,42.335,174111
2014-10-01,42.68,42.53,43.04,42.26,131956
2014-10-02,42.37,43.01,43.2,42.37,122062
2014-10-03,43.46,43.56,43.64,43.2,143827
2014-10-06,43.75,43.9,44.145,43.42,141560
2014-10-07,43.79,43.66,44.22,43.65,149882
2014-10-08,43.57,45.44,45.48,43.57,175186
2014-10-09,45.41,44.64,45.43,44.25,148838
2014-10-10,44.55,44.96,45.6,44.38,203900
2014-10-13,44.93,45.4,45.66,44.34,266375
2014-10-14,45.93,45.36,46.37,45.18,197485
2014-10-15,44.72,45.25,45.41,44.01,188712
2014-10-16,44.71,45.21,45.5,44.61,100210
2014-10-17,45.68,45.47,46.02,45.05,148436
2014-10-20,45.26,45.54,45.8,45.24,98768
2014-10-21,45.6,46.95,47.12,45.6,89124
2014-10-22,47.19,46.08,47.23,46.05,111092
2014-10-23,46.42,46.3,47.09,46.19,82875
2014-10-24,46.58,46.86,47.02,46.2,144716
2014-10-27,46.51,46.75,46.953,46.28,80617
2014-10-28,46.9,48.37,48.48,46.9,142060
2014-10-29,48.52,48.24,49.0,47.73,111141
2014-10-30,48.0,48.87,49.055,48.0,143422
2014-10-31,50.03,50.19,50.63,49.1,242775
2014-11-03,50.38,49.21,50.38,49.19,182359
2014-11-04,49.22,48.95,49.65,48.75,104296
2014-11-05,49.2,48.79,49.2,48.48,135324
2014-11-06,48.92,48.95,49.1,48.5,117911
2014-11-07,49.03,48.9,49.08,48.59,110240
2014-11-10,49.0,49.21,49.22,48.71,126875
2014-11-11,49.32,49.78,49.79,48.805,107750
2014-11-12,49.48,50.19,50.22,49.09,102867
2014-11-13,50.23,50.37,50.5,50.2,8363
2014-11-14,49.55,49.57,49.84,49.2,79734
2014-11-17,49.39,49.53,50.31,49.12,94892
2014-11-18,49.67,49.73,50.41,49.58,89964
2014-11-19,49.63,48.89,49.63,48.43,90626
2014-11-20,48.71,49.01,49.4,48.25,79277
2014-11-21,49.71,49.23,49.71,48.89,76803
2014-11-24,49.29,49.9,49.9,49.16,58179
2014-11-25,49.97,50.07,50.155,49.54,52964
2014-11-26,50.21,50.24,50.42,49.77,57877
2014-11-28,50.48,49.57,50.5,49.5,34460
2014-12-01,49.5,49.71,50.12,49.31,82160
2014-12-02,49.71,49.62,50.19,48.89,83902
2014-12-03,49.55,49.91,50.04,49.11,74059
2014-12-04,49.7,49.1,50.06,48.726,86038
2014-12-05,49.04,50.01,50.07,49.02,89833
2014-12-08,49.79,49.51,50.55,49.29,92754
2014-12-09,49.1,50.64,50.69,48.65,97910
2014-12-10,50.37,48.96,50.47,48.8,107405
2014-12-11,49.19,48.73,49.91,48.5501,135301
2014-12-12,48.14,47.67,48.58,47.405,130223
2014-12-15,47.93,47.01,48.13,46.86,128927
2014-12-16,46.95,46.95,47.86,46.79,104346
2014-12-17,46.98,48.14,48.19,46.26,127797
2014-12-18,48.55,48.65,48.98,47.83,331041
2014-12-19,48.71,48.83,48.9999,48.52,163893
2014-12-22,48.79,49.39,49.5999,48.66,102752
2014-12-23,49.76,49.7,49.98,49.16,214146
2014-12-24,49.7,49.34,49.92,49.18,63688
2014-12-26,49.67,49.26,49.945,49.15,87700
2014-12-29,49.15,49.19,49.42,48.99,61556
2014-12-30,49.2,49.63,50.26,49.2,87861
2014-12-31,49.95,49.3,50.38,49.26,132261
2015-01-02,49.58,48.66,50.21,47.72,108291
2015-01-05,48.5,48.68,49.01,48.26,97152
2015-01-06,48.75,48.55,48.88,48.13,169825
2015-01-07,48.76,49.45,49.75,48.3,147128
2015-01-08,49.95,50.0,50.72,49.69,155483
2015-01-09,49.94,50.32,50.39,49.48,161097
2015-01-12,50.34,50.35,50.88,49.71,111707
2015-01-13,50.85,50.61,51.58,50.035,122529
2015-01-14,50.14,50.04,50.8,49.35,101322
2015-01-15,50.05,48.78,50.86,48.37,105822
2015-01-16,48.49,49.49,49.83,48.04,174812
2015-01-20,49.51,48.45,49.772,48.15,107405
2015-01-21,48.22,47.98,48.44,47.78,114506
2015-01-22,48.33,49.1,49.11,47.355,211683
2015-01-23,49.24,50.1,50.44,49.16,98685
2015-01-26,49.95,50.36,50.4199,49.48,74209
2015-01-27,49.87,50.15,50.66,49.36,106526
2015-01-28,50.53,49.36,50.53,49.1,95705
2015-01-29,49.48,50.25,50.33,48.87,96755
2015-01-30,49.78,48.56,50.07,48.45,95667
2015-02-02,48.82,48.41,48.85,47.48,105754
2015-02-03,48.64,49.69,49.78,48.46,101353
2015-02-04,49.56,49.19,49.96,49.03,70300
2015-02-05,49.49,49.95,50.25,49.1,116948
2015-02-06,49.86,49.87,50.5,49.48,91019
2015-02-09,49.58,49.74,50.58,49.37,101895
2015-02-10,50.08,50.34,50.48,49.52,77667
2015-02-11,50.15,50.14,50.73,49.89,66689
2015-02-12,50.56,50.66,50.68,49.945,62783
2015-02-13,50.53,50.86,51.0,50.28,84472
2015-02-17,50.9,50.95,51.0,50.52,49825
2015-02-18,51.0,51.38,51.38,50.7,79392
2015-02-19,51.42,52.01,52.4,50.978,60821
2015-02-20,52.05,52.82,52.95,51.5,89171
2015-02-23,52.8,53.62,53.72,52.464,131319
2015-02-24,53.62,53.1,53.759,52.628,131494
2015-02-25,53.99,54.14,54.67,53.345,117232
2015-02-26,54.08,54.22,54.7,54.0,65191
2015-02-27,54.31,53.14,54.48,53.09,101813
2015-03-02,53.79,54.45,54.54,53.14,182509
2015-03-03,54.14,54.17,54.36,53.4,148286
2015-03-04,54.12,54.39,54.61,53.78,140372
2015-03-05,54.37,54.73,54.87,54.19,121968
2015-03-06,54.56,54.24,54.74,53.97,155007
2015-03-09,54.5,54.27,54.5,54.0,133640
2015-03-10,53.75,53.15,54.13,53.07,131457
2015-03-11,53.09,53.5,54.1,53.02,80384
2015-03-12,53.82,54.5,54.5,53.55,142865
2015-03-13,54.5,53.85,54.5,53.08,123865
2015-03-16,54.33,54.91,55.24,54.33,105757
2015-03-17,54.64,55.1,55.16,54.376,117536
2015-03-18,54.85,55.25,55.72,54.61,95769
2015-03-19,55.1,55.49,55.64,54.86,95972
2015-03-20,56.02,56.06,56.24,55.7,208503
2015-03-23,56.18,56.21,56.5,55.57,118201
2015-03-24,56.31,56.28,56.47,56.08,74917
2015-03-25,56.19,55.82,56.82,55.82,130742
2015-03-26,55.82,55.48,56.04,55.3,67554
2015-03-27,55.39,55.92,56.055,55.23,51060
2015-03-30,56.0,57.11,57.67,56.0,158063
2015-03-31,56.74,57.85,57.9,56.44,191417
2015-04-01,57.96,57.11,58.18,56.49,156924
2015-04-02,57.2,56.72,57.73,56.51,112028
2015-04-06,56.12,56.02,56.86,55.38,136145
2015-04-07,56.1,55.52,56.61,55.1842,90057
2015-04-08,55.66,55.52,55.99,55.26,109135
2015-04-09,55.52,55.03,55.93,54.5126,110074
2015-04-10,55.38,55.11,55.52,55.06,49986
2015-04-13,55.31,55.0,55.645,54.74,55312
2015-04-14,54.99,55.12,55.4,54.76,68655
2015-04-15,55.26,55.06,55.61,54.86,55400
2015-04-16,54.9,54.75,55.32,54.6601,56527
2015-04-17,54.27,53.95,54.41,53.75,121072
2015-04-20,54.26,54.19,54.74,54.07,111743
2015-04-21,54.4,54.55,54.99,53.98,91706
2015-04-22,54.21,54.53,54.72,53.84,145125
2015-04-23,54.4,55.97,56.08,54.4,168588
2015-04-24,56.0,55.62,56.11,55.14,97678
2015-04-27,55.7,54.19,55.99,53.54,125213
2015-04-28,54.02,54.17,54.3,52.82,175285
2015-04-29,54.0,53.73,54.45,53.26,86657
2015-04-30,54.3,53.92,54.69,53.78,309240
2015-05-01,53.97,51.84,55.1,51.76,268670
2015-05-04,51.83,51.83,51.95,51.14,149694
2015-05-05,51.86,51.67,52.25,51.52,206281
2015-05-06,51.69,51.58,51.93,51.1055,154050
2015-05-07,51.52,51.76,52.215,51.52,120692
2015-05-08,52.38,52.0,53.04,51.96,115345
2015-05-11,52.07,52.27,52.845,52.04,137863
2015-05-12,52.15,51.12,52.36,50.88,143882
2015-05-13,51.22,51.22,51.65,50.5701,96963
2015-05-14,51.25,51.45,51.71,50.785,106213
2015-05-15,51.54,51.91,51.93,51.21,128455
2015-05-18,51.95,52.66,52.95,51.7,148989
2015-05-19,52.56,53.17,53.2,52.15,127410
2015-05-20,53.07,53.29,53.56,52.87,123180
2015-05-21,53.3,53.37,53.54,52.976,137064
2015-05-22,53.17,52.61,53.38,52.4672,99923
2015-05-26,52.54,51.24,52.6,50.93,105801
2015-05-27,51.29,51.14,51.57,50.94,91903
2015-05-28,51.16,52.12,52.15,50.642,133987
2015-05-29,51.86,51.98,52.26,51.54,180487
2015-06-01,52.01,53.12,53.12,51.986,223431
2015-06-02,52.84,53.13,53.16,52.102,138948
2015-06-03,53.21,53.88,53.93,52.892,154652
2015-06-04,53.55,52.62,53.55,52.52,86325
2015-06-05,52.53,52.79,52.79,51.56,118164
2015-06-08,52.61,52.58,52.96,52.53,82277
2015-06-09,52.48,52.01,52.48,51.75,104789
2015-06-10,52.35,52.89,53.21,52.14,107837
2015-06-11,52.85,52.89,53.14,52.72,50853
2015-06-12,52.79,52.77,53.04,52.26,78229
2015-06-15,52.39,52.23,52.84,51.74,109822
2015-06-16,52.07,52.7,52.71,51.79,141842
2015-06-17,52.88,53.05,53.29,52.83,135182
2015-06-18,53.29,53.64,54.08,53.21,105265
2015-06-19,53.68,53.66,53.95,53.5,242944
2015-06-22,53.8,54.04,54.18,53.62,83810
2015-06-23,53.91,54.52,54.65,53.63,186275
2015-06-24,54.48,54.13,54.6,53.77,101642
2015-06-25,54.01,54.44,54.58,53.7,82625
2015-06-26,54.66,54.36,54.87,53.92,155083
2015-06-29,53.98,53.54,54.35,53.47,131210
2015-06-30,53.93,53.92,53.97,53.37,163035
2015-07-01,54.32,54.22,54.3348,53.905,122510
2015-07-02,54.33,53.5,54.33,53.05,125209
2015-07-06,53.0,53.12,53.48,52.53,142672
2015-07-07,53.07,52.82,53.545,51.81,127871
2015-07-08,52.36,51.66,52.64,51.44,153553
2015-07-09,52.41,51.31,52.41,51.31,193616
2015-07-10,51.74,52.12,52.67,51.3001,134649
2015-07-13,52.5,52.8,53.04,52.1301,106964
2015-07-14,52.88,53.16,53.45,52.74,114596
2015-07-15,53.25,52.98,53.51,52.9,77204
2015-07-16,53.27,53.28,53.85,53.19,122805
2015-07-17,53.36,53.49,53.6,52.78,81752
2015-07-20,53.44,53.55,53.9,53.08,83753
2015-07-21,53.64,53.63,54.175,53.0,102184
2015-07-22,53.67,54.48,54.59,53.44,137856
2015-07-23,54.48,52.93,54.48,52.85,84914
2015-07-24,52.73,51.64,52.78,51.51,127210
2015-07-27,51.57,51.21,51.82,50.88,188977
2015-07-28,51.33,52.25,52.26,50.86,140732
2015-07-29,52.27,52.44,52.72,51.75,100898
2015-07-30,52.24,52.19,52.5,51.52,118924
2015-07-31,54.0,54.53,54.97,52.96,245261
2015-08-03,54.4,53.58,54.5,53.19,152898
2015-08-04,53.79,53.49,54.18,53.4,95872
2015-08-05,53.84,53.57,54.0,53.12,105606
2015-08-06,53.72,52.23,53.81,51.85,181718
2015-08-07,51.83,51.25,52.28,50.75,118300
2015-08-10,51.55,52.24,52.36,51.53,144944
2015-08-11,51.85,51.93,52.28,51.435,131868
2015-08-12,51.77,51.98,52.16,51.07,83385
2015-08-13,52.12,52.36,52.46,51.52,134411
2015-08-14,52.15,52.83,52.92,52.12,55139
2015-08-17,52.7,53.51,53.55,52.3,74921
2015-08-18,53.53,53.79,54.14,53.35,93703
2015-08-19,53.46,53.19,53.87,52.98,89380
2015-08-20,52.86,52.16,53.06,52.12,143832
2015-08-21,51.26,50.86,51.91,50.43,188274
2015-08-24,48.43,49.2,50.21,47.85,179753
2015-08-25,50.34,48.5,50.5,48.34,207935
2015-08-26,49.3,49.89,50.06,48.62,138485
2015-08-27,56.25,56.94,57.7,53.89,909663
2015-08-28,57.04,57.06,58.345,56.83,296775
2015-08-31,57.06,56.82,58.08,56.46,235262
2015-09-01,55.6,57.25,58.15,55.6,562831
2015-09-02,57.96,57.76,58.2299,56.29,459563
2015-09-03,58.0,57.79,58.35,57.2,428355
2015-09-04,57.02,58.04,58.45,56.89,185607
2015-09-08,59.02,59.6,59.65,58.4,233716
2015-09-09,60.0,60.01,60.71,59.52,287479
2015-09-10,59.83,60.57,60.74,59.528,173945
2015-09-11,60.25,61.2,61.24,60.05,127981
2015-09-14,61.4,60.99,61.7,60.37,136744
2015-09-15,61.31,61.49,61.69,60.74,141496
2015-09-16,61.39,61.52,61.6,60.79,205211
2015-09-17,61.61,62.17,63.19,61.5,154005
2015-09-18,61.49,61.69,62.55,61.49,312484
2015-09-21,62.18,60.82,62.18,60.66,265668
2015-09-22,60.33,59.19,60.5,58.7,214613
2015-09-23,59.42,58.74,59.43,58.32,114479
2015-09-24,58.47,58.38,58.7796,57.52,177728
2015-09-25,58.7,57.1,58.8702,56.94,157972
2015-09-28,56.77,54.53,56.8,53.8001,320776
2015-09-29,54.46,55.31,55.45,53.79,203345
2015-09-30,55.95,56.42,56.69,55.14,287500
2015-10-01,56.26,56.51,56.89,55.38,224215
2015-10-02,55.9,58.43,58.48,55.9,169825
2015-10-05,59.05,58.35,59.05,57.6832,114538
2015-10-06,53.51,52.09,54.02,51.55,832182
2015-10-07,52.11,53.49,53.5,51.6301,334203
2015-10-08,53.17,52.75,53.65,52.26,243517
2015-10-09,52.7,52.47,53.08,51.7,212091
2015-10-12,52.4,52.52,52.915,52.22,127153
2015-10-13,52.18,50.63,52.85,50.58,283525
2015-10-14,50.72,50.21,52.0,50.02,226927
2015-10-15,50.2,52.0,52.0,50.01,173118
2015-10-16,52.2,54.64,54.77,51.33,315789
2015-10-19,53.74,52.45,53.74,51.69,385749
2015-10-20,52.4,51.5,52.42,51.12,238234
2015-10-21,51.71,50.21,51.71,50.03,247785
2015-10-22,50.39,49.35,50.79,49.0,293248
2015-10-23,49.73,49.63,50.46,49.35,228001
2015-10-26,49.7,49.37,50.045,49.24,136736
2015-10-27,49.5,49.27,50.07,49.11,164821
2015-10-28,49.5,50.24,51.12,49.36,297523
2015-10-29,49.88,49.99,50.31,49.07,205072
2015-10-30,51.0,53.45,54.52,50.84,434544
2015-11-02,53.77,55.13,55.51,53.6,190629
2015-11-03,55.18,56.09,56.21,54.62,159539
2015-11-04,56.31,55.65,56.59,55.54,153652
2015-11-05,55.71,56.29,56.37,54.94,173316
2015-11-06,55.94,56.84,56.84,55.41,135693
2015-11-09,56.53,56.4,56.68,55.49,124194
2015-11-10,56.29,56.76,57.01,55.77,138129
2015-11-11,56.89,56.7,57.0,56.01,138822
2015-11-12,56.22,54.26,56.475,54.24,178224
2015-11-13,53.85,54.14,55.27,53.3301,186112
2015-11-16,54.56,54.95,55.03,53.89,171891
2015-11-17,54.9,54.92,55.1,54.1,192483
2015-11-18,55.16,55.25,55.29,54.2,150583
2015-11-19,54.93,54.03,55.0,53.84,90060
2015-11-20,54.41,54.93,55.31,54.05,188500
2015-11-23,54.76,56.19,56.33,54.75,212470
2015-11-24,55.76,56.95,57.01,55.67,254570
2015-11-25,56.95,58.04,58.29,56.95,221174
2015-11-27,58.15,57.75,58.62,57.55,120895
2015-11-30,58.0,58.04,58.46,57.73,163887
2015-12-01,58.88,60.25,61.06,58.79,544352
2015-12-02,60.27,59.23,60.57,59.05,154638
2015-12-03,59.5,58.59,60.12,58.52,211907
2015-12-04,58.65,59.35,59.8899,58.39,310939
2015-12-07,59.36,58.59,59.63,58.31,189035
2015-12-08,58.19,58.73,59.36,57.855,177336
2015-12-09,59.11,58.12,59.54,57.725,155807
2015-12-10,58.2,58.36,58.94,57.785,113012
2015-12-11,57.57,57.0,58.09,56.71,152719
2015-12-14,57.0,56.27,57.23,56.0,134060
2015-12-15,56.5,56.48,56.8,55.64,189353
2015-12-16,56.91,57.49,57.75,56.22,152493
2015-12-17,57.74,55.74,57.74,55.69,197141
2015-12-18,54.97,53.74,55.71,53.66,579782
2015-12-21,54.12,53.56,54.235,53.02,168189
2015-12-22,53.34,53.76,53.81,50.03,627142
2015-12-23,54.04,54.57,54.84,53.767,131726
2015-12-24,54.65,54.64,55.13,54.19,56482
2015-12-28,54.45,54.0,54.61,53.695,109389
2015-12-29,54.33,54.33,54.645,53.55,119555
2015-12-30,54.41,53.9,54.706,53.8,97590
2015-12-31,53.57,52.5,54.6,52.45,110808
2016-01-04,51.31,51.92,52.3,50.85,429768
2016-01-05,52.15,51.88,52.4,51.79,178904
2016-01-06,51.2,51.18,52.06,50.79,166200
2016-01-07,50.25,50.52,51.06,50.0,242271
2016-01-08,50.83,50.48,50.88,50.05,397741
2016-01-11,50.6,49.88,50.905,49.35,140115
2016-01-12,46.45,44.09,49.45,43.05,746719
2016-01-13,44.05,42.02,44.33,42.0,368493
2016-01-14,42.12,42.64,43.07,40.13,443613
2016-01-15,41.59,41.45,41.81,40.8501,433463
2016-01-19,41.84,40.9,42.21,40.48,188227
2016-01-20,40.14,41.02,41.56,39.02,215343
2016-01-21,41.1,40.76,41.84,40.75,273619
2016-01-22,41.25,40.28,41.3,39.82,391600
2016-01-25,40.16,39.92,40.54,39.68,263006
2016-01-26,40.07,39.39,40.12,38.99,407855
2016-01-27,39.21,38.73,39.37,37.9853,280016
2016-01-28,39.12,37.26,39.21,37.08,259805
2016-01-29,37.39,38.61,38.61,37.39,311385
2016-02-01,38.39,37.99,39.36,37.98,218305
2016-02-02,37.67,36.5,37.7768,36.42,284913
2016-02-03,36.96,37.37,37.41,35.77,224157
2016-02-04,37.3,36.97,37.71,36.15,326092
2016-02-05,36.91,36.58,37.723,36.46,501029
2016-02-08,36.42,34.83,36.52,34.39,276325
2016-02-09,34.52,33.78,34.96,33.56,312093
2016-02-10,34.11,34.43,35.09,33.95,372691
2016-02-11,33.79,33.56,34.23,33.35,128639
2016-02-12,34.0,34.0,34.45,33.61,168118
2016-02-16,34.63,36.41,36.555,34.46,333640
2016-02-17,36.56,37.62,37.9,36.56,228106
2016-02-18,37.6,37.6,38.22,37.38,182176
2016-02-19,37.52,38.09,38.16,37.07,143365
2016-02-22,38.33,37.85,38.83,37.77,175829
2016-02-23,37.73,37.51,38.23,37.1,118336
2016-02-24,37.28,36.9,37.62,36.795,393652
2016-02-25,37.0,37.31,37.38,36.79,204306
2016-02-26,37.31,37.36,37.31,37.31,269992
2016-02-29,37.55,37.8,38.36,37.34,345128
2016-03-01,37.8,32.01,37.8,37.8,1218901
2016-03-02,32.06,31.71,32.74,31.45,509604
2016-03-03,31.71,33.89,31.71,31.71,521937
2016-03-04,33.89,34.81,33.89,33.89,481513
2016-03-07,34.4,36.64,37.44,33.9,637532
2016-03-08,36.51,35.0,36.51,34.98,447068
2016-03-09,35.0,35.53,35.0,35.0,338479
2016-03-10,35.61,36.01,36.93,35.36,443575
2016-03-11,36.14,37.5,37.55,35.95,351368
2016-03-14,34.87,34.07,36.89,33.35,965411
2016-03-15,34.07,31.76,34.07,34.07,716156
2016-03-16,31.7,31.48,31.83,31.27,260135
2016-03-17,31.57,33.96,34.25,31.17,803125
2016-03-18,34.06,33.71,34.19,33.0,706120
2016-03-21,33.45,33.76,34.045,33.15,337610
2016-03-22,33.56,32.98,33.94,32.95,401893
2016-03-23,32.99,33.77,34.03,32.605,392587
2016-03-24,33.77,34.01,33.77,33.77,464988
2016-03-28,34.08,33.56,34.08,33.5,383029
2016-03-29,33.51,35.27,35.28,33.14,215619
2016-03-30,35.28,35.07,35.71,35.04,211336
2016-03-31,34.96,35.64,36.45,34.835,292625
2016-04-01,35.31,34.92,35.575,34.82,338691
2016-04-04,35.31,33.97,35.31,33.97,320293
2016-04-05,33.97,33.43,33.97,33.97,299664
2016-04-06,33.5,33.16,33.77,33.14,341815
2016-04-07,33.01,32.6,33.19,32.29,437233
2016-04-08,32.81,33.02,33.03,32.12,335962
2016-04-11,33.31,33.01,33.38,32.78,300515
2016-04-12,32.99,32.71,33.0,31.94,353266
2016-04-13,32.95,33.15,33.3,32.62,794261
2016-04-14,33.43,33.79,34.16,33.06,542340
2016-04-15,33.77,35.64,35.65,33.66,268478
2016-04-18,35.55,35.64,36.11,35.205,374874
2016-04-19,35.75,35.55,36.29,35.47,183896
2016-04-20,35.4,35.87,36.17,35.11,148552
2016-04-21,35.91,36.33,36.45,35.54,146904
2016-04-22,36.34,38.31,38.48,36.225,533807
2016-04-25,38.0,38.06,38.18,36.89,417596
2016-04-26,38.17,39.26,39.37,37.38,518533
2016-04-27,39.24,38.83,39.45,38.43,327522
2016-04-28,39.05,36.57,39.16,36.36,520630
2016-04-29,34.51,34.8,36.34,33.6,741983
2016-05-02,34.99,34.19,35.25,33.11,625911
2016-05-03,33.78,33.14,34.05,33.14,371398
2016-05-04,33.11,32.25,33.29,31.87,556568
2016-05-05,32.4,32.22,32.71,31.86,246193
2016-05-06,32.17,32.41,32.5299,31.76,296014
2016-05-09,32.35,33.16,33.54,32.26,242834
2016-05-10,33.43,33.07,33.43,32.785,156901
2016-05-11,33.01,32.94,33.7,32.805,218929
2016-05-12,32.95,31.31,33.36,30.96,408949
2016-05-13,31.32,31.16,32.15,30.81,286821
2016-05-16,31.12,31.04,31.49,30.97,325045
2016-05-17,31.03,30.94,31.81,30.6435,305289
2016-05-18,30.77,31.07,31.4,30.55,158338
2016-05-19,30.77,31.39,31.65,30.77,241200
2016-05-20,31.45,32.2,32.2,31.065,194864
2016-05-23,32.21,31.17,32.52,31.05,541844
2016-05-24,31.44,31.38,31.97,30.98,330514
2016-05-25,31.52,31.49,32.19,30.99,523971
2016-05-26,31.34,30.44,31.57,30.32,273302
2016-05-27,30.39,31.72,31.95,30.28,210640
2016-05-31,31.88,31.56,31.88,31.26,264456
2016-06-01,31.49,32.65,32.79,31.25,241830
2016-06-02,32.62,33.13,33.18,32.49,242983
2016-06-03,32.91,32.89,33.359,32.71,194986
2016-06-06,32.87,33.78,34.0,32.78,276810
2016-06-07,33.85,33.77,34.44,33.33,292744
2016-06-08,33.65,33.47,34.0,33.07,326543
2016-06-09,33.41,33.14,33.67,33.11,143011
2016-06-10,32.8,32.67,33.12,32.4,147594
2016-06-13,32.44,31.66,32.92,31.58,330960
2016-06-14,31.46,31.26,31.83,31.0,259893
2016-06-15,31.31,31.05,31.7,31.0,209646
2016-06-16,31.0,31.79,31.87,31.0,162115
2016-06-17,31.68,31.45,31.94,31.37,269532
2016-06-20,31.8,32.14,32.6,31.8,183629
2016-06-21,32.27,31.57,32.27,31.26,125590
2016-06-22,31.51,31.05,31.92,31.02,126648
2016-06-23,31.48,31.84,32.19,31.24,223034
2016-06-24,31.0,30.26,31.17,30.08,923748
2016-06-27,30.26,29.1,30.435,28.89,339893
2016-06-28,29.55,28.89,29.55,28.55,212219
2016-06-29,29.4,30.3,30.61,29.045,237355
2016-06-30,30.25,30.93,30.95,30.06,285151
2016-07-01,30.93,30.93,30.93,30.93,0
2016-07-05,30.93,30.93,30.93,30.93,0
2016-07-06,30.93,30.93,30.93,30.93,0
2016-07-07,30.93,30.93,30.93,30.93,0
2016-07-08,30.93,30.93,30.93,30.93,0
2020-08-31,8.0,9.7695,15.0,8.0,151670
2020-09-01,9.5,8.55,9.5,8.33,162050
2020-09-02,8.69,7.63,8.8,7.6,152251
2020-09-03,8.01,7.21,8.01,7.16,87370
2020-09-04,7.01,6.88,7.74,6.67,188937
2020-09-08,7.29,7.09,7.32,6.74,246264
2020-09-09,7.32,7.26,7.7,6.97,232250
2020-09-10,7.0,7.07,7.73,6.97,197589
2020-09-11,7.06,7.31,7.54,7.06,129922
2020-09-14,7.17,7.62,7.62,7.17,19621
2020-09-15,7.6681,7.08,7.6681,7.04,97071
2020-09-16,7.01,7.97,8.19,7.01,136402
2020-09-17,7.73,7.83,8.03,7.5001,22555
2020-09-18,7.68,7.43,7.884,7.395,17328
2020-09-21,7.45,7.18,7.61,7.1,39706
2020-09-22,7.2,7.26,7.53,7.18,7460
2020-09-23,7.39,7.07,7.8,6.95,53227
2020-09-24,6.79,6.82,7.075,6.75,22106
2020-09-25,7.0263,6.945,7.25,6.9,20784
2020-09-28,7.15,7.01,7.19,6.98,2678
2020-09-29,7.53,7.15,7.53,6.9,8294
2020-09-30,7.27,6.95,7.27,6.685,17788
2020-10-01,6.9,7.72,7.75,6.9,29439
2020-10-02,7.57,7.33,7.9,7.12,19525
2020-10-05,7.35,8.15,8.15,7.35,43928
2020-10-06,8.4,8.26,8.89,7.82,27369
2020-10-07,8.65,8.32,8.65,8.0,13839
2020-10-08,8.5,8.77,9.1,8.5,55662
2020-10-09,8.75,8.9,9.0499,8.2,29574
2020-10-12,8.84,8.58,9.0,8.47,9812
2020-10-13,8.68,8.11,8.68,8.11,5313
2020-10-14,8.11,8.6,8.71,8.11,14773
2020-10-15,8.35,8.41,8.73,8.061,3699
2020-10-16,8.79,8.56,9.11,8.54,20203
2020-10-19,8.58,8.77,9.1,8.53,21245
2020-10-20,8.7,8.95,8.99,8.4,3636
2020-10-21,9.23,8.41,9.23,8.41,17615
2020-10-22,8.51,9.12,9.135,8.43,8453
2020-10-23,9.18,8.64,9.18,8.54,25350
2020-10-26,8.47,8.37,9.05,8.37,10315
2020-10-27,8.53,8.58,8.685,8.4,1904
2020-10-28,8.36,8.1,8.63,8.1,15904
2020-10-29,8.14,8.61,8.61,8.0201,13179
2020-10-30,8.43,7.92,8.46,7.76,48227
2020-11-02,8.32,7.5,8.32,7.5,6946
2020-11-03,7.95,7.36,8.47,7.36,3399
2020-11-04,7.86,7.74,8.18,7.71,3875
2020-11-05,7.91,8.34,8.35,7.59,5344
2020-11-06,8.38,8.48,8.49,7.86,6708
2020-11-09,8.9,9.48,10.53,8.795,84610
2020-11-10,9.51,10.26,10.36,9.3,1063611
2020-11-11,10.12,10.3,10.4,9.7,29934
2020-11-12,10.23,10.34,10.59,9.905,6827
2020-11-13,10.26,10.3,10.42,10.1,11690
2020-11-16,10.3,11.04,11.04,10.28,72751
2020-11-17,10.84,10.8,11.07,10.7,24210
2020-11-18,11.0,10.98,11.3322,10.86,53140
2020-11-19,10.96,11.0,11.19,10.96,2953
2020-11-20,11.2,11.17,11.24,10.75,12734
2020-11-23,11.49,11.02,11.49,10.89,8651
2020-11-24,11.09,11.1,11.4,10.5401,20657
2020-11-25,11.5,11.26,11.5,11.22,21865
2020-11-27,11.57,11.65,11.7,11.3438,19833
2020-11-30,11.75,11.5,12.24,11.4,126078
2020-12-01,11.8,11.75,12.21,11.35,8924
2020-12-02,11.75,11.65,11.9,11.55,7740
2020-12-03,12.21,12.09,12.21,11.8,31761
2020-12-04,12.48,12.4,13.25,12.4,133494
2020-12-07,13.5,12.96,13.5,12.76,51174
2020-12-08,13.13,12.65,13.57,12.51,34404
2020-12-09,12.63,13.06,13.3319,12.51,13012
2020-12-10,13.3,13.07,13.3,12.9,13844
2020-12-11,13.23,13.38,13.89,12.864,32947
2020-12-14,13.38,13.05,13.5,13.05,21780
2020-12-15,13.0,13.01,13.66,12.8,33280
2020-12-16,13.25,12.7,13.25,12.7,7917
2020-12-17,15.9,12.44,15.9,12.32,35602
2020-12-18,12.25,12.5,12.68,12.0,335669
2020-12-21,12.06,12.16,12.4175,11.91,5708
2020-12-22,12.51,12.9,13.24,12.0,34691
2020-12-23,12.89,13.21,13.28,12.89,16845
2020-12-24,13.03,12.98,13.27,12.71,4221
2020-12-28,13.6,13.45,13.6,12.94,46659
2020-12-29,13.5,13.15,13.5,12.92,41118
2020-12-30,13.02,13.14,13.4,13.0,19496
2020-12-31,13.6,13.0,13.6,12.99,20796
2021-01-04,13.42,13.04,13.42,12.8,171264
2021-01-05,12.97,13.08,13.15,12.97,5061
2021-01-06,13.14,13.12,13.2,12.9004,7714
2021-01-07,12.95,12.97,13.048,12.91,14680
2021-01-08,12.79,12.97,13.0,12.79,8607
2021-01-11,12.8101,12.94,12.96,12.8101,3994
2021-01-12,12.87,12.64,12.9,12.58,32174
2021-01-13,12.66,12.31,12.7,12.15,33825
2021-01-14,12.57,12.39,12.57,12.38,9368
2021-01-15,12.31,12.22,12.49,12.1201,16074
2021-01-19,12.35,12.74,12.75,12.2078,14155
2021-01-20,12.68,12.7,12.739,12.68,2745
2021-01-21,12.68,12.8,12.9231,12.5812,206298
2021-01-22,12.99,13.33,14.0,12.99,113443
2021-01-25,13.2,13.38,14.0,13.17,20886
2021-01-26,13.35,13.6,13.71,13.35,26492
2021-01-27,13.0,13.75,14.35,12.97,107541
2021-01-28,13.75,13.3,14.1,13.3,57616
2021-01-29,13.1,12.5,13.5,12.5,90317
2021-02-01,12.8,12.42,12.8,12.2,45524
2021-02-02,12.79,12.4,12.79,12.22,12175
2021-02-03,12.5036,12.22,12.58,12.22,6767
2021-02-04,12.32,12.53,12.645,12.32,10375
2021-02-05,12.89,12.8,12.89,12.67,7028
2021-02-08,12.78,12.93,13.23,12.75,20467
2021-02-09,13.08,12.97,13.08,12.7602,7889
2021-02-10,13.01,13.14,13.255,13.01,14790
2021-02-11,13.31,13.24,13.31,13.067,14726
2021-02-12,13.09,13.22,13.29,13.09,6039
2021-02-16,13.17,12.87,13.29,12.76,16368
2021-02-17,12.5456,12.63,13.1,12.5456,15015
2021-02-18,12.54,12.6,12.75,12.43,10915
2021-02-19,12.55,12.84,13.02,12.5033,13951
2021-02-22,12.8398,12.99,13.2967,12.8398,5830
2021-02-23,13.14,12.51,13.195,12.2019,7368
2021-02-24,12.38,12.25,12.49,12.18,4516
2021-02-25,12.46,12.25,12.76,12.25,18454
2021-02-26,12.27,11.82,12.45,11.82,18232
2021-03-01,13.0,12.29,13.0,12.2,14053
2021-03-02,12.04,12.06,12.62,12.04,8270
2021-03-03,12.08,12.16,12.4641,11.86,5367
2021-03-04,11.535,11.5,11.6485,11.5,12293
2021-03-05,11.52,11.93,11.93,11.25,23256
2021-03-08,11.94,12.1,12.2899,11.8622,4141
2021-03-09,11.9027,12.6,12.6,11.7,4084
2021-03-10,12.57,12.37,12.9,12.36,8504
2021-03-11,13.0,12.55,13.0,12.011,59983
2021-03-12,12.4,12.245,12.545,12.245,10178
2021-03-15,12.5,12.49,12.5,12.13,7372
2021-03-16,13.0,12.74,13.05,12.7,17601
2021-03-17,12.59,12.4103,12.59,12.2,2549
2021-03-18,13.15,12.48,13.15,12.29,7650
2021-03-19,12.7,12.39,12.8,12.19,14511
2021-03-22,12.525,12.81,12.8799,12.4,4659
2021-03-23,12.55,12.7,12.83,12.3879,4978
2021-03-24,12.87,12.25,12.87,12.1,15300
2021-03-25,12.01,12.2,12.3998,12.01,4402
2021-03-26,12.19,12.27,12.35,12.15,2129
2021-03-29,12.04,12.17,12.22,12.04,3192
2021-03-30,12.02,12.0,12.35,12.0,7702
2021-03-31,12.02,12.18,12.45,12.01,60009
2021-04-01,12.29,12.71,12.78,12.25,11178
2021-04-05,12.9,12.98,13.1,12.79,31572
2021-04-06,13.11,12.95,13.1954,12.74,12546
2021-04-07,13.0,12.94,13.05,12.82,12950
2021-04-08,12.95,13.05,13.3299,12.865,10618
2021-04-09,13.06,12.02,13.9,12.02,186792
2021-04-12,12.16,12.09,12.4228,11.83,199672
2021-04-13,12.05,11.75,12.36,11.75,125634
2021-04-14,11.76,11.9,12.01,11.75,33940
2021-04-15,11.85,11.65,12.06,11.5,31323
2021-04-16,11.55,11.61,11.65,11.55,41508
2021-04-19,11.3607,11.58,11.58,11.3,40847
2021-04-20,11.4,11.24,11.7899,11.24,14647
2021-04-21,11.21,11.34,11.34,11.15,17826
2021-04-22,11.32,11.15,11.41,11.15,5546
2021-04-23,11.19,11.32,11.41,11.19,2285
2021-04-26,11.22,11.11,11.3644,11.11,9452
2021-04-27,11.1,11.11,11.2899,11.1,22102
2021-04-28,11.11,11.1,11.29,11.1,2151
2021-04-29,11.3,11.09,11.3,11.0,14484
2021-04-30,11.12,10.26,11.12,10.1,37175
2021-05-03,10.37,10.01,10.42,9.99,39663
2021-05-04,9.95,10.53,10.85,9.95,11561
2021-05-05,10.76,11.72,11.72,10.61,17910
2021-05-06,12.34,10.65,12.34,10.25,8125
2021-05-07,11.5,10.51,11.5,10.51,14563
2021-05-10,10.43,10.25,10.43,10.25,2659
2021-05-11,10.05,10.03,10.2277,10.0,5481
2021-05-12,10.2499,10.11,10.2499,10.03,3862
2021-05-13,10.03,10.06,10.27,10.03,3986
2021-05-14,11.03,10.73,11.03,10.7,2940
2021-05-17,10.73,10.87,10.89,10.4301,7902
2021-05-18,10.77,10.83,10.99,10.52,5978
2021-05-19,10.55,10.64,10.87,10.45,1591
2021-05-20,10.41,10.15,10.4169,10.11,17781
2021-05-21,10.13,9.5,10.4,9.34,16321
2021-05-24,10.2,9.72,10.3297,9.66,23642
2021-05-25,9.64,9.66,9.87,9.56,10574
2021-05-26,9.57,9.5,9.7,9.5,17918
2021-05-27,9.5,9.49,9.79,9.47,11350
2021-05-28,9.43,9.68,9.7,9.3766,1776
2021-06-01,9.77,9.6,9.77,9.37,12728
2021-06-02,9.55,9.46,9.83,9.46,36768
2021-06-03,9.27,9.27,9.57,9.1101,34856
2021-06-04,9.33,9.33,9.8,9.33,31343
2021-06-07,9.33,9.61,9.99,9.33,39906
2021-06-08,9.73,9.7,9.73,9.59,4259
2021-06-09,9.85,9.0,9.95,9.0,6072
2021-06-10,9.67,9.4,9.67,9.39,4280
2021-06-11,9.59,10.55,11.14,9.59,27957
2021-06-14,10.6,10.0,10.75,10.0,12695
2021-06-15,10.24,10.4,10.9,10.24,11847
2021-06-16,10.45,10.49,10.89,10.45,6873
2021-06-17,10.7,10.1,10.7,10.1,2605
2021-06-18,10.37,10.89,10.9,10.37,22824
2021-06-21,10.81,10.71,11.15,10.51,31271
2021-06-22,10.54,10.67,10.75,10.51,14069
2021-06-23,10.57,10.6,10.68,10.29,32013
2021-06-24,10.5,10.43,10.5,10.095,25164
2021-06-25,10.26,10.0,10.35,10.0,2818
2021-06-28,9.9,10.02,10.09,9.9,6381
2021-06-29,10.1,10.06,10.1,10.0,4352
2021-06-30,10.0,9.92,10.0,9.9,24218
2021-07-01,9.9,10.05,10.05,9.785,9897
2021-07-02,10.05,9.8,10.08,9.7025,13034
2021-07-06,9.7,9.8,10.0,9.6801,529077
2021-07-07,9.65,9.67,9.79,9.52,3373
2021-07-08,9.5201,9.94,10.07,9.5201,1624
2021-07-09,9.53,9.57,9.63,9.44,3470
2021-07-12,9.44,9.3,9.44,9.18,6467
2021-07-13,9.17,9.2,9.2908,9.17,1733
2021-07-14,9.25,9.2,9.25,9.2,3455
2021-07-15,9.29,9.3,9.43,9.29,2911
2021-07-16,9.68,9.28,9.68,9.19,1194
2021-07-19,9.3,9.21,9.405,9.02,4257
2021-07-20,9.2,9.1,9.2,9.1,1132
2021-07-21,9.325,9.48,9.48,9.23,1044
2021-07-22,9.25,9.14,9.25,9.14,1005
2021-07-23,9.2,9.0,9.73,9.0,7622
2021-07-26,9.12,9.11,9.31,9.05,4543
2021-07-27,9.0,8.89,9.01,8.89,2077
2021-07-28,9.02,8.82,9.02,8.82,2097
2021-07-29,9.01,8.8,9.01,8.8,3306
2021-07-30,8.98,8.64,9.14,8.64,18334
2021-08-02,8.73,8.17,8.73,7.97,5924
2021-08-03,8.175,7.465,8.28,7.21,21544
2021-08-04,7.51,7.8,7.973,7.5,27143
2021-08-05,7.79,7.63,7.81,7.63,2450
2021-08-06,7.815,7.91,7.91,7.8,716
2021-08-09,7.83,7.96,8.1,7.8,6770
2021-08-10,7.95,7.59,7.95,7.5,7664
2021-08-11,7.6,7.89,7.89,7.6,14262
2021-08-12,7.81,8.43,8.43,7.8,4887
2021-08-13,8.09,8.0,8.2,7.85,6258
2021-08-16,8.08,7.77,8.2,7.77,12131
2021-08-17,7.91,7.74,7.91,7.59,7995
2021-08-18,7.51,7.4,7.56,7.19,3972
2021-08-19,7.35,7.16,7.35,7.16,2208
2021-08-20,7.145,7.05,7.145,7.05,1032
2021-08-23,7.415,6.995,7.415,6.92,57946
2021-08-24,6.92,6.63,7.03,6.5,9644
2021-08-25,6.65,6.67,6.87,6.63,5243
2021-08-26,6.7,6.66,7.1,6.53,9953
2021-08-27,7.0252,6.82,7.0252,6.717,3536
2021-08-30,6.91,6.805,6.91,6.7997,12169
2021-08-31,6.8,6.65,6.8,6.6,16990
2021-09-01,6.7,6.63,6.7,6.63,17546
2021-09-02,6.67,6.32,6.67,6.32,28781
2021-09-03,6.46,6.36,6.55,6.3,36703
2021-09-07,6.3,6.43,6.56,6.2849,24184
2021-09-08,6.48,6.66,6.7492,6.4301,86982
2021-09-09,6.7,6.63,6.81,6.55,22212
2021-09-10,6.72,6.6,6.7899,6.57,10380
2021-09-13,6.61,6.44,6.61,6.4,9849
2021-09-14,6.37,6.16,6.37,6.1,9588
2021-09-15,6.14,6.18,6.3499,6.1,16704
2021-09-16,6.24,6.03,6.41,5.92,13313
2021-09-17,5.98,6.1,6.24,5.86,14085
2021-09-20,6.03,6.15,6.24,6.03,12944
2021-09-21,6.196,6.35,6.35,6.196,448
2021-09-22,6.28,6.41,6.51,6.28,5645
2021-09-23,6.48,6.48,6.59,6.455,10855
2021-09-24,6.48,6.35,6.48,6.25,5976
2021-09-27,6.3,6.53,6.6,6.3,16353
2021-09-28,6.45,6.2,6.48,5.74,28969
2021-09-29,6.38,6.05,6.38,6.0,31376
2021-09-30,6.38,6.46,6.5,6.22,22679
2021-10-01,6.75,7.5,8.25,6.6,243057
2021-10-04,8.0,6.77,8.0,6.05,66234
2021-10-05,6.73,6.46,6.86,6.46,7164
2021-10-06,6.38,6.22,6.48,6.11,14921
2021-10-07,6.16,6.2,6.265,6.16,7422
2021-10-08,6.13,6.28,6.35,6.13,5852
2021-10-11,6.36,6.44,6.63,6.3,11768
2021-10-12,6.58,6.6,6.69,6.48,5948
2021-10-13,6.52,6.96,7.26,6.52,11502
2021-10-14,7.1,7.5,7.5,7.1,12166
2021-10-15,7.69,7.36,7.75,7.21,24071
2021-10-18,7.3,7.71,7.75,7.1,12361
2021-10-19,7.63,7.49,7.7136,7.4232,49174
2021-10-20,7.6,7.8,7.95,7.48,21067
2021-10-21,7.99,8.25,8.37,7.9,13872
2021-10-22,8.36,8.2239,8.44,8.16,4590
2021-10-25,8.25,8.477,8.7207,8.25,3055
2021-10-26,8.4,8.5,8.7499,8.4,6580
2021-10-27,8.57,8.58,8.68,8.4169,4845
2021-10-28,8.53,8.64,8.67,8.3914,2353
2021-10-29,8.56,8.43,8.59,8.3,122184
2021-11-01,8.55,8.55,8.55,8.55,4712
2021-11-02,8.58,8.62,8.73,8.52,2753
2021-11-03,8.6,8.68,8.75,8.5047,3919
2021-11-04,8.46,8.92,8.96,8.46,4496
2021-11-05,8.9,9.5,9.57,8.85,19995
2021-11-08,9.5,9.26,9.9888,9.26,9660
2021-11-09,9.32,9.015,9.32,8.8,10910
2021-11-10,9.0,8.965,9.011,8.7711,4631
2021-11-11,8.61,9.1,9.11,8.61,2509
2021-11-12,9.19,9.25,9.25,9.03,5747
2021-11-15,9.25,9.0,9.26,8.8591,12364
2021-11-16,9.0,8.83,9.0,8.6601,3040
2021-11-17,8.71,8.95,8.95,8.71,820
2021-11-18,9.0,8.98,9.0,8.6949,5909
2021-11-19,8.78,8.99,8.99,8.78,1062
2021-11-22,8.9,9.0,9.15,8.9,2655
2021-11-23,9.1453,9.1453,9.1453,9.1453,296
2021-11-24,8.99,8.94,8.99,8.84,595
2021-11-26,8.65,9.1,9.1,8.65,27846
2021-11-29,8.97,8.0,8.97,8.0,16614
2021-11-30,8.12,8.01,8.12,8.0,4545
2021-12-01,8.01,8.2,8.26,8.0,4130
2021-12-02,8.09,8.25,8.25,8.04,1374
2021-12-03,8.1,7.77,8.66,7.77,11462
2021-12-06,7.8,7.3,7.8,7.3,17384
2021-12-07,7.37,8.26,8.26,7.32,5359
2021-12-08,7.78,8.1,8.8,7.78,11630
2021-12-09,8.0,7.75,8.09,7.75,2432
2021-12-10,7.9,7.0,7.9,7.0,6598
2021-12-13,6.92,7.1,7.46,6.92,3347
2021-12-14,7.4,7.12,7.4,7.03,19907
2021-12-15,7.11,6.91,7.11,6.91,3620
2021-12-16,6.87,7.0,7.28,6.87,4052
2021-12-17,6.94,6.79,6.94,6.6,33805
2021-12-20,6.72,6.35,6.85,6.35,13349
2021-12-21,6.44,6.77,7.08,6.4,88246
2021-12-22,6.68,6.41,6.685,6.41,14632
2021-12-23,6.6,6.86,6.86,6.6,9134
2021-12-27,6.79,6.83,6.95,6.6589,2572
2021-12-28,6.91,6.66,7.04,6.66,10825
2021-12-29,6.66,6.49,6.71,6.49,16942
2021-12-30,6.49,6.36,6.53,6.32,9937
2021-12-31,6.27,6.395,6.67,6.0635,15372
2022-01-03,6.35,6.35,6.35,6.35,253
2022-01-04,6.49,6.79,6.79,6.49,183626
2022-01-05,7.1,6.71,7.2499,6.71,7643
2022-01-06,6.81,6.7,6.81,6.65,1667
2022-01-07,6.63,6.84,6.84,6.5,4570
2022-01-10,6.72,6.7,6.88,6.5,11082
2022-01-11,6.75,7.22,7.47,6.75,16791
2022-01-12,7.5,7.5,7.5,7.5,552
2022-01-13,7.43,6.96,7.56,6.81,4064
2022-01-14,7.0,7.0,7.0318,7.0,1627
2022-01-18,6.8001,6.84,6.84,6.8001,2608
2022-01-19,6.78,6.63,6.78,6.63,1456
2022-01-20,6.63,6.8355,6.8355,6.63,500
2022-01-21,6.99,6.21,6.99,6.2,7591
2022-01-24,6.2,6.1,6.3206,6.1,9692
2022-01-25,6.2,6.4364,6.4364,6.1,3118
2022-01-26,6.56,6.28,6.56,6.1,3413
2022-01-27,6.25,6.05,6.25,6.05,848
2022-01-28,6.05,6.0,6.05,6.0,11910
2022-01-31,6.1,5.959,6.1,5.95,2979
2022-02-01,5.89,5.88,5.89,5.8,114233
2022-02-02,5.89,6.1337,6.24,5.88,44535
2022-02-03,6.17,6.49,6.67,6.17,5378
2022-02-04,7.05,6.58,7.05,6.2071,3672
2022-02-07,6.58,6.7,6.75,6.34,4919
2022-02-08,6.54,6.71,7.0,6.45,13119
2022-02-09,6.8,7.06,7.18,6.46,14868
2022-02-10,6.94,7.0,7.675,6.9101,20915
2022-02-11,7.1,7.0,7.2,7.0,6285
2022-02-14,6.98,7.24,7.33,6.92,9721
2022-02-15,7.22,7.09,7.43,6.96,12295
2022-02-16,7.02,7.02,7.02,7.02,312
2022-02-17,7.16,6.67,7.34,6.67,8795
2022-02-18,7.0,6.81,7.01,6.52,8052
2022-02-22,6.71,6.2,6.71,6.11,5379
2022-02-23,6.3,6.34,6.49,6.3,3610
2022-02-24,6.13,6.53,6.53,6.09,3748
2022-02-25,6.47,6.47,6.7499,6.3,2275
2022-02-28,6.83,6.5,6.83,6.5,15101
2022-03-01,6.56,6.31,6.56,6.31,938
2022-03-02,6.31,6.35,6.35,6.31,12306
2022-03-03,6.29,6.35,6.35,6.29,864
2022-03-04,6.35,6.2,6.55,6.2,78663
2022-03-07,6.2,5.5,6.2,5.5,14055
2022-03-08,5.58,5.0,5.7533,5.0,49590
2022-03-09,5.22,5.31,5.4266,5.22,2097
2022-03-10,5.16,5.295,5.38,5.0248,1979
2022-03-11,5.43,5.04,5.43,5.04,6767
2022-03-14,5.16,4.75,5.16,4.75,7388
2022-03-15,4.9,4.9,4.93,4.81,4720
2022-03-16,5.17,4.9,5.17,4.89,3352
2022-03-17,4.9,4.99,5.065,4.9,1651
2022-03-18,5.05,5.17,5.27,5.05,15547
2022-03-21,5.3,5.38,5.38,5.3,952
2022-03-22,5.4,5.62,5.62,5.0,28538
2022-03-23,5.4,5.19,5.82,5.02,30698
2022-03-24,5.28,5.01,5.9,5.01,18495
2022-03-25,5.01,5.11,5.24,5.01,12965
2022-03-28,5.16,5.15,5.44,5.05,22626
2022-03-29,5.15,5.3,5.39,5.15,7970
2022-03-30,5.22,5.48,5.5,5.22,6345
2022-03-31,5.4899,5.5,5.62,5.46,5861
2022-04-01,5.85,5.4,5.85,5.4,204945
2022-04-04,5.46,5.4845,5.5,5.4,5621
2022-04-05,5.42,5.48,5.6,5.42,2516
2022-04-06,5.0,5.19,5.43,5.0,3330
2022-04-07,5.16,5.25,5.325,5.16,1235
2022-04-08,5.13,5.07,5.41,5.07,4720
2022-04-11,5.12,4.9,5.31,4.9,9789
2022-04-12,5.01,4.89,5.2,4.89,3114
2022-04-13,4.9,4.95,5.0,4.8,10035
2022-04-14,5.0,4.76,5.5,4.71,189062
2022-04-18,4.98,5.2,5.63,4.81,30178
2022-04-19,5.46,5.2,5.46,5.0,31771
2022-04-20,5.28,5.19,5.28,5.1,14356
2022-04-21,5.18,5.05,5.44,5.05,5188
2022-04-22,5.13,5.29,5.29,5.05,8440
2022-04-25,5.19,5.01,5.37,5.0,9757
2022-04-26,5.09,5.06,5.32,4.8,4722
2022-04-27,5.0,4.92,5.03,4.92,961
2022-04-28,4.91,5.08,5.1891,4.91,4416
2022-04-29,4.99,5.01,5.3,4.99,5064
2022-05-02,4.94,4.9,5.16,4.8586,19340
2022-05-03,4.97,4.955,5.13,4.955,1923
2022-05-04,4.9,5.23,5.26,4.9,20689
2022-05-05,5.11,5.24,5.24,4.9351,4592
2022-05-06,5.66,5.24,5.78,5.15,29001
2022-05-09,5.26,5.11,5.43,5.11,3823
2022-05-10,5.0,4.0,5.0,3.96,57258
2022-05-11,4.08,4.46,4.6,4.08,10035
2022-05-12,4.45,4.45,4.6,4.45,6587
2022-05-13,4.54,4.52,4.54,4.52,4758
2022-05-16,4.52,4.6,4.68,4.5069,1528
2022-05-17,4.6,4.45,4.83,4.43,40600
2022-05-18,4.5717,4.48,4.6211,4.3598,18622
2022-05-19,5.13,4.74,5.3189,4.6,8940
2022-05-20,4.75,5.15,5.16,4.64,4520
2022-05-23,5.25,5.15,5.25,4.86,5359
2022-05-24,4.935,4.7657,4.935,4.7657,486
2022-05-25,4.665,4.5,5.14,4.35,49795
2022-05-26,4.47,5.15,5.15,4.4499,60334
2022-05-27,5.1,4.98,5.51,4.7799,20190
2022-05-31,4.9,5.26,5.32,4.72,38476
2022-06-01,5.1,4.95,5.2,4.89,265781
2022-06-02,4.91,5.0,5.2733,4.91,9482
2022-06-03,4.95,5.74,5.78,4.95,28738
2022-06-06,5.86,5.74,6.1,5.31,24514
2022-06-07,5.78,5.5,5.99,5.5,4748
2022-06-08,5.24,5.15,5.34,5.0,5543
2022-06-09,5.14,5.13,5.15,5.1,596
2022-06-10,5.15,5.06,5.15,4.97,11499
2022-06-13,4.88,4.82,5.02,4.52,7591
2022-06-14,4.86,5.045,5.19,4.86,1535
2022-06-15,5.01,5.01,5.08,5.01,1081
2022-06-16,5.24,5.08,5.24,5.08,813
2022-06-17,5.03,4.75,5.03,4.75,312
2022-06-21,4.73,4.5,4.87,4.26,51162
2022-06-22,4.2201,4.42,4.62,4.2201,2971
2022-06-23,4.563,4.95,5.35,4.563,10598
2022-06-24,5.24,4.66,5.24,4.66,8152
2022-06-27,4.73,5.0,5.14,4.73,13680
2022-06-28,5.08,4.86,5.08,4.77,6654
2022-06-29,4.7,5.03,5.03,4.7,7722
2022-06-30,4.88,4.92,5.0,4.5701,4796
2022-07-01,4.9,5.2,5.25,4.9,219345
2022-07-05,5.0,5.07,5.2,4.91,11595
2022-07-06,4.9,4.8,5.1,4.8,17344
2022-07-07,4.9,4.87,5.02,4.79,10351
2022-07-08,4.7,4.6,4.8,4.6,1706
2022-07-11,4.59,4.62,4.83,4.58,4274
2022-07-12,4.55,4.61,4.625,4.5,12350
2022-07-13,4.63,4.75,5.02,4.615,42608
2022-07-14,5.1,4.73,5.1,4.73,3471
2022-07-15,4.74,4.67,4.8,4.67,671
2022-07-18,4.75,4.75,4.75,4.75,1078
2022-07-19,4.71,4.7334,4.7334,4.71,366
2022-07-20,4.8,4.85,4.85,4.78,3932
2022-07-21,4.85,4.97,5.0,4.83,10841
2022-07-22,4.98,5.0,5.03,4.98,38578
2022-07-25,5.0,5.0,5.0,5.0,12186
2022-07-26,4.93,4.85,4.93,4.85,212
2022-07-27,5.21,4.87,5.24,4.87,1585
2022-07-28,4.87,4.8,4.87,4.8,2051
2022-07-29,4.8,4.8,4.8,4.8,43879
2022-08-01,4.7,4.6,4.7,4.6,2177
2022-08-02,4.48,4.48,4.48,4.48,297
2022-08-03,4.86,4.78,4.99,4.78,1331
2022-08-05,4.89,4.89,4.89,4.85,560
2022-08-08,4.98,4.98,4.98,4.98,141
2022-08-09,4.9477,5.0,5.0,4.9477,227
2022-08-10,4.74,5.05,5.16,4.74,3992
2022-08-11,5.05,4.9,5.05,4.9,376
2022-08-15,5.25,5.0,5.25,4.74,26539
2022-08-16,4.96,5.14,5.14,4.78,28320
2022-08-17,5.21,5.17,5.32,5.17,1279
2022-08-18,5.31,4.86,5.31,4.86,4403
2022-08-19,4.95,4.97,5.0975,4.95,981
2022-08-22,4.84,5.0,5.29,4.84,3470
2022-08-23,4.97,5.0,5.0,4.97,810
2022-08-24,4.99,4.82,5.26,4.82,5777
2022-08-25,5.0,4.9273,5.031,4.85,2104
2022-08-26,4.89,4.9895,5.18,4.8387,4783
2022-08-29,4.97,4.95,4.97,4.95,798
2022-08-30,4.95,5.18,5.2294,4.8546,10283
2022-08-31,5.08,5.35,5.35,5.08,4999
2022-09-01,5.26,5.1297,5.26,5.1,1662
2022-09-02,5.2051,5.1142,5.3,4.9,2651
2022-09-06,4.98,4.95,4.995,4.8,8586
2022-09-07,4.82,5.075,5.075,4.82,1460
2022-09-08,4.737,4.737,4.737,4.737,230
2022-09-09,4.71,5.11,5.2,4.71,13136
2022-09-12,5.09,5.28,5.65,4.9819,26068
2022-09-13,5.1,4.93,5.25,4.93,5082
2022-09-14,4.85,4.8283,5.01,4.66,20543
2022-09-15,4.79,4.7,4.81,4.7,5679
2022-09-16,4.7,4.6836,4.76,4.65,18678
2022-09-19,5.1462,4.55,5.1462,4.42,5746
2022-09-20,4.63,4.5,4.745,4.5,4437
2022-09-21,4.73,4.84,4.84,4.72,754
2022-09-22,4.64,4.64,5.01,4.64,4323
2022-09-23,4.51,4.45,4.67,4.3,12502
2022-09-26,4.5,4.56,4.56,4.5,7251
2022-09-27,4.65,4.4,4.6542,4.21,7307
2022-09-28,4.5,4.7,4.7,4.5,2667
2022-09-29,4.66,4.66,4.73,4.53,35552
2022-09-30,4.72,4.63,4.72,4.4,6988
2022-10-03,4.65,4.44,4.65,4.34,284847
2022-10-04,4.52,4.43,4.6643,4.34,16171
2022-10-05,4.51,4.46,4.78,4.45,17530
2022-10-06,4.52,4.65,4.875,4.34,14881
2022-10-07,4.7,4.5806,4.7,4.4233,2432
2022-10-10,4.63,4.19,4.63,4.09,8869
2022-10-11,4.25,4.25,4.25,4.09,2334
2022-10-12,3.81,4.2,4.2,3.81,8010
2022-10-13,4.11,4.12,4.2,4.0,59777
2022-10-14,4.0,3.97,4.24,3.95,4096
2022-10-17,3.99,4.07,4.07,3.97,883
2022-10-18,4.115,4.0,4.115,4.0,2367
2022-10-19,4.24,3.95,4.24,3.95,13728
2022-10-20,3.94,3.97,4.19,3.94,3277
2022-10-21,3.9692,4.1001,4.1001,3.9692,2956
2022-10-24,4.02,4.105,4.14,3.95,2250
2022-10-25,4.16,4.21,4.25,4.0,1192
2022-10-26,4.14,4.14,4.2473,3.96,3497
2022-10-28,4.11,4.005,4.11,4.0,1223
2022-10-31,4.22,4.19,4.24,4.04,1199
2022-11-01,4.04,3.96,4.04,3.95,18399
2022-11-03,4.16,3.98,4.16,3.98,411
2022-11-04,4.18,4.0,4.25,4.0,7102
2022-11-07,3.96,3.96,4.15,3.96,1130
2022-11-09,3.84,3.7,3.84,3.7,466
2022-11-10,3.88,3.95,4.0,3.88,9929
2022-11-11,3.9533,3.9111,4.0,3.9111,4249
2022-11-14,3.84,3.91,3.92,3.81,2365
2022-11-15,4.0,4.05,4.1216,3.8274,12803
2022-11-16,4.05,4.19,4.25,4.0,3160
2022-11-17,4.07,4.08,4.08,4.0,2617
2022-11-18,4.1,4.09,4.1592,4.0,2404
2022-11-21,4.25,4.11,4.25,4.07,3694
2022-11-22,4.05,3.98,4.12,3.81,26175
2022-11-23,3.69,3.75,3.925,3.65,9762
2022-11-25,4.12,3.86,4.12,3.7971,7568
2022-11-28,3.95,3.8939,3.95,3.8939,487
2022-11-29,4.0264,3.77,4.04,3.77,2963
2022-11-30,4.07,4.19,4.23,4.0359,2397
2022-12-01,4.25,4.23,4.25,3.91,8745
2022-12-02,4.25,4.05,4.25,4.05,1748
2022-12-05,4.05,4.15,4.1528,3.95,4176
2022-12-06,4.04,4.04,4.04,3.8826,1764
2022-12-07,4.17,3.89,4.17,3.88,4638
2022-12-08,4.0,4.15,4.24,4.0,4829
2022-12-09,4.08,3.98,4.08,3.82,8972
2022-12-12,3.87,3.97,4.0788,3.87,7986
2022-12-13,4.05,4.01,4.05,3.95,9804
2022-12-14,4.0,3.91,4.0,3.91,3666
2022-12-15,3.9,3.9,3.9,3.75,1022
2022-12-16,3.98,3.93,4.16,3.72,13504
2022-12-19,3.76,3.65,3.87,3.49,30780
2022-12-20,3.57,3.52,3.65,3.49,36831
2022-12-21,3.49,3.75,3.75,3.49,8021
2022-12-22,3.6493,3.673,3.673,3.6493,2120
2022-12-23,3.65,4.0099,4.0099,3.645,4525
2022-12-27,4.1,4.76,4.84,4.1,330763
2022-12-28,4.97,4.5,5.06,4.31,30736
2022-12-29,4.41,4.48,4.62,4.33,8459
2022-12-30,4.45,4.63,4.63,4.35,1947
2023-01-03,4.56,4.63,4.7535,4.5,13907
2023-01-04,4.33,4.37,4.785,4.33,19017
2023-01-05,4.36,4.23,4.38,4.12,19307
2023-01-06,4.16,4.36,4.36,4.14,4209
2023-01-09,4.28,4.5,4.57,4.13,4161
2023-01-10,4.51,4.69,4.69,4.31,8260
2023-01-11,4.77,5.28,5.35,4.58,60856
2023-01-12,5.3,5.44,5.57,5.15,22170
2023-01-13,5.28,5.54,5.85,5.0,29429
2023-01-17,5.49,5.47,5.65,5.235,15773
2023-01-18,5.35,5.55,5.55,5.12,4418
2023-01-19,5.38,5.3,5.5,5.25,8092
2023-01-20,5.25,6.25,6.4778,5.25,66468
2023-01-23,6.28,6.2,6.5,5.6006,46130
2023-01-24,5.0,6.42,6.42,5.5,14579
2023-01-25,6.15,6.42,6.52,5.98,13999
2023-01-26,6.48,6.99,6.99,6.16,52709
2023-01-27,6.68,6.59,6.9,6.3138,36828
2023-01-30,6.59,6.84,6.85,6.22,33386
2023-01-31,6.84,6.59,6.9,6.57,18966
2023-02-01,6.8,6.92,6.95,6.6,316345
2023-02-02,6.94,6.95,6.95,6.26,24691
2023-02-03,6.95,7.2,7.2,6.56,66125
2023-02-06,7.2,7.58,7.6,7.0,62355
2023-02-07,7.48,7.16,7.6,6.91,17667
2023-02-08,7.01,7.12,7.24,6.75,14782
2023-02-09,6.77,7.09,7.1,6.77,29258
2023-02-10,7.04,7.15,7.15,6.75,19656
2023-02-13,7.15,7.02,7.15,6.75,15509
2023-02-14,7.15,7.15,7.15,6.89,9972
2023-02-15,6.95,7.0,7.15,6.87,13370
2023-02-16,6.93,7.05,7.142,6.77,14098
2023-02-17,6.87,7.15,7.15,6.87,11348
2023-02-21,6.98,7.03,7.14,6.88,11947
2023-02-22,6.9,7.0,7.0005,6.82,14227
2023-02-23,7.17,7.05,7.17,6.89,12843
2023-02-24,7.06,7.0,7.06,6.82,6006
2023-02-27,7.0,6.99,7.21,6.77,22741
2023-02-28,7.0,7.0,7.0,6.85,19502
2023-03-01,6.88,7.0,7.0,6.75,9449
2023-03-02,6.89,6.9,6.9,6.85,2358
2023-03-03,6.93,6.8201,7.0,6.8201,14444
2023-03-06,6.79,6.84,6.99,6.75,13757
2023-03-07,6.92,6.85,7.0,6.75,5808
2023-03-08,6.97,6.72,6.97,6.62,14037
2023-03-09,6.6,6.45,6.72,6.33,26335
2023-03-10,6.01,6.0,6.2599,5.76,21698
2023-03-13,5.89,5.84,5.9,5.7648,17472
2023-03-14,5.86,6.11,6.236,5.86,7749
2023-03-15,6.19,6.065,6.34,5.87,9393
2023-03-16,5.89,6.14,6.1899,5.89,5070
2023-03-17,6.25,5.9935,6.25,5.9,22018
2023-03-20,5.97,5.88,5.97,5.69,2590
2023-03-21,5.89,5.88,5.95,5.62,5889
2023-03-22,5.94,5.935,5.95,5.8725,10839
2023-03-23,5.95,5.95,6.09,5.835,40704
2023-03-24,6.0,6.04,6.1162,5.81,16709
2023-03-27,6.1,6.1,6.15,6.06,8179
2023-03-28,6.05,6.0,6.07,5.86,19293
2023-03-29,6.09,6.09,6.17,5.99,7256
2023-03-30,6.035,5.97,6.3093,5.97,18029
2023-03-31,6.01,6.0,6.19,5.97,9339
2023-04-03,6.1,6.0,6.18,5.99,13754
2023-04-04,6.08,6.0,6.14,6.0,3874
2023-04-05,6.4683,5.99,6.4683,5.81,3768
2023-04-06,5.85,5.7,6.0,5.63,10962
2023-04-10,5.8,5.75,5.8,5.56,17457
2023-04-11,5.63,5.8099,5.8099,5.55,3094
2023-04-12,5.85,5.9981,5.9981,5.7,1130
2023-04-13,6.19,5.96,6.19,5.75,7642
2023-04-14,5.8,6.0,6.25,5.8,10128
2023-04-17,6.25,5.92,6.25,5.765,8933
2023-04-18,5.95,6.0,6.08,5.75,5381
2023-04-19,6.0725,5.5,6.0725,5.5,11698
2023-04-20,5.415,5.511,5.7526,5.29,19577
2023-04-21,5.83,5.74,5.83,5.632,2948
2023-04-24,5.51,5.41,5.635,5.31,27628
2023-04-25,5.31,5.4,5.446,5.31,6713
2023-04-26,5.5,5.42,5.55,5.26,7681
2023-04-27,5.31,5.29,5.5102,5.28,1916
2023-04-28,5.25,5.52,5.52,5.25,7708
2023-05-01,5.39,5.27,5.4899,5.27,4375
2023-05-02,5.3027,5.26,5.6,5.26,16617
2023-05-03,5.42,5.36,5.79,5.27,4743
2023-05-04,5.44,5.25,5.49,5.25,4187
