2022-04-14,9.88,9.88,9.91,9.88,405201
2022-04-18,9.89,9.94,9.94,9.89,2605
2022-04-19,9.91,9.91,9.92,9.91,28026
2022-04-20,9.91,9.91,9.916,9.91,34851
2022-04-21,9.94,9.94,9.94,9.94,299
2022-04-22,9.94,9.92,9.94,9.92,144676
2022-04-25,9.94,9.93,9.94,9.93,11875
2022-04-26,9.93,9.94,9.94,9.93,100725
2022-05-02,9.92,9.92,9.92,9.92,2500
2022-05-03,9.92,9.91,9.922,9.91,218476
2022-05-04,9.91,9.91,9.93,9.91,6305
2022-05-05,9.91,9.91,9.91,9.91,3022
2022-05-06,9.92,9.93,9.93,9.92,74568
2022-05-09,9.94,9.93,9.94,9.93,5109
2022-05-10,9.92,9.9,9.92,9.9,29827
2022-05-12,9.93,9.93,9.93,9.92,3981
2022-05-13,9.93,9.9,9.93,9.9,1301
2022-05-19,9.885,9.885,9.885,9.885,100
2022-05-23,9.86,9.9,9.9,9.85,69100
2022-06-01,9.88,9.88,9.88,9.88,1501
2022-06-06,9.88,9.89,9.89,9.88,4501
2022-06-10,9.89,9.89,9.93,9.89,321998
2022-06-15,9.89,9.89,9.89,9.89,38700
2022-06-16,9.86,9.86,9.86,9.86,260
2022-06-21,9.94,9.94,10.02,9.89,207556
2022-06-22,9.89,9.9,9.92,9.88,147099
2022-06-23,9.91,9.91,9.91,9.895,88202
2022-06-24,9.9,9.9,9.9,9.9,1894
2022-06-27,9.91,9.91,9.91,9.91,623
2022-06-29,9.89,9.89,9.89,9.89,2419
2022-06-30,9.89,9.89,9.89,9.89,1100
2022-07-05,9.8901,9.89,9.8901,9.89,50201
2022-07-06,9.89,9.89,9.89,9.89,8700
2022-07-07,9.88,9.88,9.88,9.88,1590
2022-07-11,9.88,9.88,9.88,9.88,249
2022-07-20,9.91,9.91,9.91,9.91,107
2022-07-21,9.93,9.91,9.93,9.91,2200
2022-07-22,9.95,9.96,9.96,9.94,1965
2022-07-25,9.95,9.93,9.95,9.92,31767
2022-07-28,9.95,9.95,9.95,9.95,2100
2022-07-29,9.95,9.95,9.95,9.95,91844
2022-08-01,9.95,9.95,9.95,9.95,5523
2022-08-08,9.96,9.93,9.96,9.93,2000
2022-08-09,9.93,9.93,9.93,9.93,100
2022-08-12,9.93,9.93,9.93,9.93,1802
2022-08-23,9.94,9.94,9.94,9.94,100
2022-08-29,9.94,9.94,9.94,9.93,391
2022-09-07,9.95,9.94,9.95,9.94,400400
2022-09-08,9.95,9.94,9.95,9.94,700
2022-09-12,9.95,9.94,9.95,9.94,600
2022-09-19,9.94,9.94,9.94,9.935,135221
2022-09-27,9.93,9.93,9.93,9.93,200
2022-09-28,9.9398,9.94,9.94,9.9398,4128
2022-10-06,9.94,9.94,9.94,9.94,100
2022-10-07,9.94,9.94,9.94,9.94,101
2022-10-14,9.93,9.96,9.99,9.93,2700
2022-10-17,9.96,9.95,9.99,9.95,1434
2022-10-25,9.95,9.95,9.95,9.95,100
2022-10-26,10.03,9.98,10.03,9.98,345
2022-10-27,9.98,10.0202,10.0202,9.98,1977
2022-10-28,10.01,10.034,10.034,10.01,301
2022-11-01,10.09,10.09,10.09,10.09,101
2022-11-09,10.01,10.01,10.01,10.01,140
2022-11-17,10.01,10.01,10.01,10.01,100
2022-11-21,10.02,10.09,10.09,10.02,35100
2022-11-25,10.01,10.01,10.01,10.01,2578
2022-12-05,10.09,10.09,10.09,10.09,100
2022-12-06,10.09,10.09,10.09,10.09,100
2022-12-07,10.01,10.09,10.09,10.01,3200
2022-12-08,10.01,10.01,10.01,10.01,739
2022-12-15,10.02,10.09,10.09,10.02,1943
2022-12-20,10.09,10.06,10.09,10.05,1170
2022-12-30,10.11,10.22,10.22,10.11,225
2023-01-03,10.06,10.06,10.06,10.06,322
2023-01-04,10.06,10.13,10.13,10.06,8950
2023-01-05,10.13,10.15,10.165,10.13,69372
2023-01-06,10.13,10.13,10.13,10.13,2051
2023-01-09,10.13,10.13,10.13,10.13,1894
2023-01-10,10.14,10.14,10.14,10.14,1750
2023-01-11,10.15,10.18,10.18,10.15,48861
2023-01-12,10.19,10.21,10.21,10.19,52989
2023-01-13,10.18,10.2,10.21,10.18,208029
2023-01-17,10.2,10.22,10.23,10.2,757172
2023-01-18,10.2,10.22,11.01,10.2,60381
2023-01-19,10.24,10.25,10.91,10.2,45417
2023-01-20,10.2,10.25,10.25,10.2,25676
2023-01-23,10.5,10.23,10.5,10.2,23858
2023-01-24,10.235,10.235,10.235,10.23,25697
2023-01-25,10.2,10.23,10.23,10.2,52060
2023-01-26,10.23,10.23,10.24,10.23,80110
2023-01-27,10.23,10.23,10.23,10.23,23716
2023-01-30,10.25,10.23,10.25,10.23,6757
2023-01-31,10.24,10.2499,10.25,10.24,20700
2023-02-01,10.255,10.26,10.26,10.255,10918
2023-02-02,10.26,10.26,10.29,10.26,71490
2023-02-03,10.26,10.27,10.275,10.26,30383
2023-02-06,10.27,10.27,10.28,10.27,11965
2023-02-07,10.27,10.27,10.27,10.27,106787
2023-02-08,10.27,10.27,10.27,10.27,16512
2023-02-09,10.27,10.27,10.275,10.27,10248
2023-02-10,10.27,10.27,10.275,10.27,5358
2023-02-13,10.27,10.27,10.27,10.235,33922
2023-02-14,10.27,10.275,10.275,10.27,5284
2023-02-15,10.27,10.27,10.27,10.27,379
2023-02-16,10.27,10.27,10.27,10.27,480
2023-02-23,10.33,10.33,10.33,10.33,100
2023-02-24,10.305,10.305,10.305,10.305,100
2023-02-27,10.285,10.285,10.285,10.285,75000
2023-02-28,10.33,10.33,10.33,10.33,901
2023-03-02,10.32,10.33,10.33,10.28,2900
2023-03-06,10.34,10.335,10.8,10.315,42677
2023-03-07,10.34,10.355,10.355,10.34,14801
2023-03-08,10.36,10.355,10.36,10.355,5240
2023-03-10,10.36,10.36,10.36,10.36,2820
2023-03-20,10.36,10.37,10.42,10.355,72407
2023-03-21,10.85,10.4,10.85,10.4,400
2023-03-22,10.4,10.4,10.4,10.4,1122
2023-03-24,10.38,10.38,10.395,10.38,60169
2023-03-27,10.4408,10.39,10.4408,10.39,2100
2023-03-28,10.38,10.375,10.4,10.37,39486
2023-03-29,10.4,10.38,10.4,10.38,13056
2023-03-31,10.38,10.375,10.38,10.37,16456
2023-04-03,10.88,10.3844,10.88,10.3844,601
2023-04-04,10.5655,10.4396,10.5655,10.38,6549
2023-04-06,10.48,10.48,10.48,10.48,200
2023-04-10,10.96,10.96,10.96,10.96,201
2023-04-11,10.59,10.4,10.59,10.4,2704
2023-04-12,10.42,10.43,10.43,10.4,846
2023-04-14,10.42,10.43,10.43,10.42,1329
2023-04-26,10.49,10.38,10.49,10.38,5189
2023-05-01,NaN,NaN,NaN,NaN,9
2023-05-02,NaN,NaN,NaN,NaN,9
2023-05-03,NaN,NaN,NaN,NaN,11
2023-05-04,NaN,NaN,NaN,NaN,9
