2022-09-07,24.375,24.375,24.375,24.375,0
2022-09-08,24.6573,24.6573,24.6573,24.6573,2
2022-09-09,24.21,24.085,24.21,24.085,285
2022-09-12,24.111,24.0964,24.111,24.0964,131
2022-09-13,25.1634,25.4555,25.5,25.1634,929
2022-09-14,25.5247,25.3334,25.5247,25.3334,1713
2022-09-15,25.5487,25.8086,25.885,25.5487,3620
2022-09-16,26.19,25.8219,26.24,25.8099,5200
2022-09-19,26.02,25.7882,26.02,25.78,682
2022-09-20,26.16,26.24,26.24,26.16,252
2022-09-21,26.201,26.7068,26.73,25.86,7146
2022-09-22,26.66,26.56,26.66,26.45,2283
2022-09-23,26.96,26.9052,26.96,26.9052,1801
2022-09-26,27.08,27.0259,27.08,26.809,4570
2022-09-27,26.73,27.2422,27.31,26.56,5035
2022-09-28,27.2333,26.5143,27.2333,26.47,7362
2022-09-29,26.93,27.2035,27.5401,26.93,2284
2022-09-30,27.319,27.7301,27.7301,27.17,9164
2022-10-03,27.4,26.8942,27.42,26.8942,4810
2022-10-04,26.31,26.1021,26.31,26.05,2585
2022-10-05,26.749,26.14,26.77,26.14,3117
2022-10-06,25.94,26.1349,26.1349,25.89,3304
2022-10-07,26.639,26.83,26.91,26.5887,5142
2022-10-10,26.78,27.0399,27.18,26.78,5807
2022-10-11,27.16,27.2503,27.2503,26.75,6213
2022-10-12,26.95,27.14,27.2,26.91,5241
2022-10-13,27.86,26.712,27.9805,26.6,13282
2022-10-14,26.99,27.42,27.42,26.99,8940
2022-10-17,26.59,26.482,26.59,26.25,4746
2022-10-18,25.61,26.2923,26.2923,25.57,8462
2022-10-19,26.259,26.5332,26.6798,26.2517,11048
2022-10-20,26.359,26.4279,26.5885,25.87,12210
2022-10-21,26.9891,26.1433,26.9891,26.14,17756
2022-10-24,26.15,25.8013,26.369,25.8013,8878
2022-10-25,25.6,25.3097,25.68,25.2399,21757
2022-10-26,27.22,27.6221,27.629,26.829,33119
2022-10-27,28.185,28.4022,28.451,28.051,5827
2022-10-28,28.1,27.1796,28.1,27.13,4647
2022-10-31,27.39,27.6882,27.7293,27.39,4198
2022-11-01,27.35,28.8538,28.8538,27.35,4236
2022-11-02,28.92,29.9472,29.9472,28.73,10736
2022-11-03,30.339,31.1573,31.179,30.299,14344
2022-11-04,30.45,30.0452,30.9795,30.0452,3995
2022-11-07,29.73,29.3571,29.83,29.3571,9158
2022-11-08,29.21,29.2483,29.3,29.0801,3123
2022-11-09,29.37,29.7319,29.74,29.349,4442
2022-11-10,28.01,27.5129,28.0133,27.44,19894
2022-11-11,27.29,26.8116,27.519,26.6431,43718
2022-11-14,27.1799,26.9978,27.1799,26.91,2704
2022-11-15,26.211,26.2334,26.539,25.9,4620
2022-11-16,26.279,26.124,26.35,25.9451,16835
2022-11-17,26.71,26.2687,26.71,26.08,20136
2022-11-18,26.3,26.5242,26.71,26.23,11764
2022-11-21,26.55,27.0039,27.06,26.287,10210
2022-11-22,26.97,26.601,27.3619,26.57,7984
2022-11-23,26.34,26.2642,26.34,26.2,2788
2022-11-25,26.37,26.4939,26.4939,26.37,2376
2022-11-28,26.7499,26.8757,26.92,26.7499,903
2022-11-29,27.029,27.1297,27.141,27.021,5130
2022-11-30,26.99,25.5284,26.99,25.5227,21464
2022-12-01,25.439,25.4869,25.68,25.17,16322
2022-12-02,25.8042,25.6377,25.8404,25.5901,5847
2022-12-05,25.86,25.8753,26.0,25.45,11865
2022-12-06,25.87,26.5598,26.6501,25.87,16255
2022-12-07,26.75,27.113,27.15,26.62,19955
2022-12-08,26.92,27.4733,27.509,26.92,50327
2022-12-09,27.415,27.74,27.75,27.39,5095
2022-12-12,27.82,27.6049,28.04,27.58,15728
2022-12-13,26.22,26.9438,26.96,26.109,31479
2022-12-14,26.701,27.0754,27.27,26.701,6407
2022-12-15,27.65,28.31,28.42,27.5,14234
2022-12-16,28.33,28.4,28.6434,28.3,5274
2022-12-19,28.6668,29.0322,29.069,28.515,7469
2022-12-20,29.05,28.75,29.259,28.75,9247
2022-12-21,28.9901,28.6577,29.0283,28.515,13109
2022-12-22,29.109,29.2359,29.65,29.0499,31800
2022-12-23,29.19,28.7798,29.19,28.66,3847
2022-12-27,28.87,29.3537,29.3537,28.87,8769
2022-12-28,29.55,29.8043,29.81,29.52,8869
2022-12-29,29.61,28.9946,29.61,28.86,5875
2022-12-30,29.55,29.1,29.58,29.069,7397
2023-01-03,28.69,28.78,28.91,28.2758,10957
2023-01-04,28.32,29.121,29.379,28.32,8478
2023-01-05,29.551,29.71,29.77,29.38,9394
2023-01-06,29.59,29.3845,30.219,29.31,9848
2023-01-09,28.92,29.12,29.145,28.58,6414
2023-01-10,29.5439,29.08,29.599,29.051,14487
2023-01-11,28.73,28.07,28.73,28.07,13571
2023-01-12,27.95,28.13,28.18,27.95,19747
2023-01-13,28.25,27.85,28.35,27.85,26610
2023-01-17,27.86,28.1022,28.1022,27.86,1382
2023-01-18,27.86,28.15,28.26,27.78,3599
2023-01-19,28.001,27.58,28.001,27.5156,7154
2023-01-20,27.0,26.0982,27.0,26.049,80511
2023-01-23,26.19,25.6411,26.19,25.58,28353
2023-01-24,25.97,26.1852,26.31,25.78,37256
2023-01-25,26.86,26.88,27.23,26.745,27266
2023-01-26,26.435,26.2,26.5642,26.2,4983
2023-01-27,25.824,25.75,25.84,25.5884,4093
2023-01-30,26.23,26.3625,26.38,26.111,11560
2023-01-31,26.3353,25.8629,26.3353,25.8629,8624
2023-02-01,25.931,25.47,26.14,25.2699,28583
2023-02-02,23.94,23.59,24.08,23.59,63933
2023-02-03,24.62,24.26,24.62,23.66,38808
2023-02-06,24.83,24.71,24.89,24.371,20230
2023-02-07,24.6104,23.565,24.6104,23.56,14586
2023-02-08,24.691,25.4,25.62,24.691,77839
2023-02-09,25.24,26.4838,26.83,25.24,72584
2023-02-10,26.39,26.61,26.685,26.07,24224
2023-02-13,26.57,26.6219,26.8001,26.521,11562
2023-02-14,26.95,26.6,27.27,26.566,50217
2023-02-15,26.57,26.0,26.7299,25.98,35576
2023-02-16,26.43,26.38,26.46,25.9,16683
2023-02-17,26.48,26.72,26.88,26.48,10114
2023-02-21,27.11,27.4,27.4499,27.0806,32513
2023-02-22,27.49,27.48,27.69,27.37,16483
2023-02-23,27.44,27.709,28.03,27.44,30224
2023-02-24,28.12,28.25,28.41,28.081,20524
2023-02-27,27.96,28.0341,28.1428,27.96,8101
2023-02-28,28.15,27.9369,28.15,27.6387,6696
2023-03-01,27.69,27.84,28.04,27.69,8056
2023-03-02,27.9839,27.35,28.089,27.35,26594
2023-03-03,27.2,26.94,27.2,26.89,49463
2023-03-06,26.81,26.4827,26.81,26.3,13006
2023-03-07,26.56,26.8476,26.93,26.44,10412
2023-03-08,26.8,26.73,26.8,26.2911,15374
2023-03-09,26.79,27.28,27.39,26.426,22860
2023-03-10,27.33,27.8129,27.851,27.28,15135
2023-03-13,27.99,27.65,28.1635,27.335,10548
2023-03-14,27.28,26.8055,27.28,26.801,11033
2023-03-15,27.03,26.11,27.03,26.009,23236
2023-03-16,26.29,25.04,26.3091,24.8557,58999
2023-03-17,25.35,24.76,25.35,24.51,40394
2023-03-20,25.029,24.86,25.12,24.8,38184
2023-03-21,24.61,23.73,24.61,23.688,33568
2023-03-22,23.87,24.08,24.08,23.3501,25391
2023-03-23,23.62,23.58,23.82,23.44,34723
2023-03-24,23.781,23.624,23.9,23.62,20824
2023-03-27,24.0399,24.28,24.3301,23.76,41749
2023-03-28,24.51,24.6286,24.91,24.51,29241
2023-03-29,24.27,24.56,24.65,24.27,15407
2023-03-30,24.85,24.6872,24.8918,24.6,12925
2023-03-31,24.5257,23.9803,24.5257,23.9794,20802
2023-04-03,24.03,23.8288,24.26,23.8288,14845
2023-04-04,23.81,23.7817,23.85,23.5985,25534
2023-04-05,23.48,23.82,23.98,23.48,13432
2023-04-06,23.72,22.9482,23.739,22.8605,55944
2023-04-10,23.26,23.39,23.62,23.17,51931
2023-04-11,23.33,23.61,23.715,23.33,12561
2023-04-12,23.35,23.76,23.85,23.35,9259
2023-04-13,23.35,23.15,23.381,23.15,13535
2023-04-14,23.19,22.8618,23.191,22.86,28168
2023-04-17,23.78,23.4906,23.78,23.48,43354
2023-04-18,23.58,23.792,23.87,23.5799,7455
2023-04-19,24.0,23.8841,24.0731,23.73,4401
2023-04-20,23.93,23.61,23.96,23.44,7893
2023-04-21,23.5954,23.6253,23.76,23.4945,8641
2023-04-24,23.6,23.49,23.69,23.389,42588
2023-04-25,23.55,23.94,23.959,23.4,59831
2023-04-26,23.75,24.02,24.229,23.43,44891
2023-04-27,23.85,23.1297,23.991,22.95,64859
2023-04-28,23.3099,23.2161,23.6104,23.2161,80906
2023-05-01,23.2,23.2073,23.23,23.06,31992
2023-05-02,23.25,23.62,23.93,23.25,44741
2023-05-03,23.61,23.6043,23.6168,23.2901,11589
2023-05-04,23.63,23.77,23.93,23.63,34220
2023-05-05,23.82,23.622,23.8863,23.57,41668
2023-05-08,23.7,23.1214,23.7,23.11,10305
2023-05-09,23.0,23.2214,23.229,22.651,45291
2023-05-10,23.03,22.267,23.06,22.015,89298
2023-05-11,21.56,21.29,21.7311,21.08,81755
2023-05-12,21.211,21.1481,21.36,21.13,13637
2023-05-15,21.41,21.3477,21.41,21.0,23597
2023-05-16,21.2201,20.78,21.241,20.6,124349
2023-05-17,20.85,20.55,20.8999,20.425,44971
2023-05-18,20.51,20.2253,20.545,20.1852,53837
2023-05-19,20.08,20.24,20.33,19.78,26624
