2019-04-05,1140.0,1104.0,1170.0,1035.0,1015
2019-04-08,1098.0,1065.0,1107.0,1020.0,220
2019-04-09,1107.0,990.0,1107.0,990.0,216
2019-04-10,990.0,1062.0,1200.0,990.0,367
2019-04-11,1134.0,1062.0,1134.0,1020.0,69
2019-04-12,1080.0,1043.97,1104.9,990.03,78
2019-04-15,1080.0,1032.0,1080.0,990.0,52
2019-04-16,1020.0,872.7,1080.0,765.0,363
2019-04-17,807.03,768.0,893.01,768.0,102
2019-04-18,771.0,777.0,831.0,675.0,147
2019-04-22,777.0,675.0,777.0,600.0,104
2019-04-23,747.0,735.0,747.0,641.4,45
2019-04-24,728.97,675.0,749.7,660.0,78
2019-04-25,729.0,618.0,729.0,600.0,265
2019-04-26,675.0,675.0,705.0,600.0,193
2019-04-29,630.12,633.0,678.0,630.0,75
2019-04-30,636.0,660.0,660.0,579.0,201
2019-05-01,714.0,701.97,809.97,636.0,183
2019-05-02,705.0,636.39,705.0,633.0,39
2019-05-03,639.0,483.0,644.97,408.0,488
2019-05-06,495.0,576.0,576.0,474.0,241
2019-05-07,570.0,558.0,606.0,530.79,184
2019-05-08,567.0,528.0,570.0,501.0,75
2019-05-09,522.0,519.0,570.0,491.52,187
2019-05-10,504.0,474.0,522.93,426.0,288
2019-05-13,491.7,435.0,491.7,405.0,185
2019-05-14,449.67,448.17,459.0,436.29,56
2019-05-15,447.0,441.0,468.0,435.0,34
2019-05-16,423.0,444.0,444.0,423.0,9
2019-05-17,455.7,426.0,455.7,426.0,8
2019-05-20,426.0,444.0,450.0,420.0,25
2019-05-21,433.8,474.0,490.92,423.0,222
2019-05-22,486.0,548.76,555.0,465.03,482
2019-05-23,555.0,561.0,570.0,510.42,136
2019-05-24,558.0,483.0,558.0,483.0,143
2019-05-28,480.0,480.0,504.0,456.0,39
2019-05-29,510.0,496.5,510.0,453.0,114
2019-05-30,507.0,510.0,534.0,480.0,95
2019-05-31,486.0,459.0,531.0,453.0,50
2019-06-03,477.69,471.0,480.0,450.0,112
2019-06-04,472.32,588.0,660.0,472.32,1762
2019-06-05,600.0,528.0,614.97,516.0,271
2019-06-06,510.0,513.0,553.5,486.0,102
2019-06-07,512.55,519.0,525.0,510.0,47
2019-06-10,525.0,510.0,525.0,495.3,69
2019-06-11,507.0,480.0,537.0,480.0,85
2019-06-12,483.0,489.0,510.0,468.0,47
2019-06-13,480.0,483.0,518.04,450.0,85
2019-06-14,495.0,478.5,507.0,465.0,15
2019-06-17,479.25,432.0,479.67,425.13,45
2019-06-18,432.0,405.63,435.0,384.0,85
2019-06-19,432.0,423.0,432.0,399.0,23
2019-06-20,495.0,453.6,657.0,429.0,2100
2019-06-21,435.0,405.0,441.0,405.0,227
2019-06-24,450.0,420.0,450.0,393.0,110
2019-06-25,417.0,396.0,426.33,393.0,64
2019-06-26,408.21,411.09,417.84,394.98,19
2019-06-27,411.0,405.0,420.0,369.0,46
2019-06-28,375.0,378.0,420.0,360.0,82
2019-07-01,399.78,378.0,399.78,378.0,21
2019-07-02,396.0,384.0,432.0,360.0,304
2019-07-03,369.0,372.0,372.03,369.0,14
2019-07-05,359.13,369.0,369.0,310.83,192
2019-07-08,369.0,351.0,408.0,334.2,84
2019-07-09,344.19,339.0,354.0,339.0,56
2019-07-10,339.0,330.0,351.0,330.0,26
2019-07-11,352.44,321.0,356.97,270.0,94
2019-07-12,345.0,297.0,345.0,288.0,59
2019-07-15,309.0,282.3,324.0,282.3,18
2019-07-16,289.47,288.0,308.97,288.0,24
2019-07-17,426.0,558.0,915.0,390.0,112286
2019-07-18,510.0,486.0,522.0,453.03,3818
2019-07-19,453.0,483.0,486.0,453.0,751
2019-07-22,465.0,498.0,705.0,465.0,11785
2019-07-23,492.0,402.0,522.0,399.0,1258
2019-07-24,408.0,432.0,441.0,408.0,657
2019-07-25,429.0,387.0,453.0,384.0,457
2019-07-26,375.0,375.0,394.89,360.0,469
2019-07-29,363.0,366.0,405.0,363.0,362
2019-07-30,363.0,349.5,387.0,336.0,446
2019-07-31,345.0,366.0,368.97,333.0,665
2019-08-01,372.0,370.17,375.0,349.95,66
2019-08-02,366.0,345.0,366.0,337.5,228
2019-08-05,351.0,315.0,351.0,279.0,595
2019-08-06,327.0,317.97,327.0,297.0,159
2019-08-07,255.0,230.94,273.69,225.0,1456
2019-08-08,228.0,168.03,228.0,168.0,1411
2019-08-09,227.97,195.03,227.97,186.0,503
2019-08-12,198.0,178.47,201.0,171.0,1001
2019-08-13,68.4,72.0,80.97,60.54,46823
2019-08-14,84.0,80.88,96.0,77.1,72302
2019-08-15,91.8,84.9,99.0,78.0,82703
2019-08-16,87.0,83.19,89.97,78.6,40665
2019-08-19,87.0,86.7,90.0,82.5,29398
2019-08-20,87.6,81.09,87.6,79.44,20078
2019-08-21,81.9,79.6506,82.5,75.0,14696
2019-08-22,78.0,76.9968,78.0,72.06,15853
2019-08-23,74.7,75.264,76.215,73.2,8590
2019-08-26,75.0,80.73,85.68,74.7,23812
2019-08-27,84.0,79.5,84.0,77.25,12836
2019-08-28,78.0,75.93,78.51,75.03,7866
2019-08-29,76.8,75.9,77.58,73.65,9728
2019-08-30,78.0,76.17,79.5,75.03,7286
2019-09-03,77.04,77.4,80.46,76.5,7274
2019-09-04,77.4,77.16,77.97,75.6,8298
2019-09-05,78.0,78.0,78.3,75.45,9415
2019-09-06,76.8,75.9,77.85,75.45,6469
2019-09-09,79.56,74.4,79.56,73.8,6465
2019-09-10,75.0,75.3,79.05,72.84,11972
2019-09-11,78.0,80.5968,82.2,74.4,20305
2019-09-12,81.0,82.2,86.25,78.0,20450
2019-09-13,86.97,95.25,99.42,83.25,53408
2019-09-16,102.81,113.4,115.53,96.0,45686
2019-09-17,112.5,141.03,152.4,100.5,74528
2019-09-18,150.0,192.0,236.7,148.5,158997
2019-09-19,165.6,156.57,185.4,123.03,69878
2019-09-20,154.17,162.33,183.0,150.0,37548
2019-09-23,166.5,195.0,210.0,163.5,75999
2019-09-24,201.6,237.9,241.5,201.6,91636
2019-09-25,255.0,237.75,285.0,225.0,116323
2019-09-26,216.0,221.04,240.0,190.2,43573
2019-09-27,237.0,238.44,255.0,223.5,33833
2019-09-30,246.3,228.66,251.1,213.75,25295
2019-10-01,220.5,192.0,220.5,168.0,32611
2019-10-02,157.92,165.03,180.0,141.3,30738
2019-10-03,162.0,198.0,200.97,156.0,26780
2019-10-04,207.0,192.93,217.5,189.87,29966
2019-10-07,192.33,181.5,195.0,177.0,10684
2019-10-08,174.0,176.85,186.3,170.25,9378
2019-10-09,173.91,165.96,184.47,160.5,10657
2019-10-10,166.14,174.42,198.0,159.0,36047
2019-10-11,175.86,174.0,186.0,172.2,10941
2019-10-14,174.9,159.72,177.0,156.0,13071
2019-10-15,150.15,157.95,162.0,141.3,11379
2019-10-16,159.0,152.94,161.55,150.0,4678
2019-10-17,150.0,147.0,155.22,144.0,5128
2019-10-18,150.0,152.913,159.0,150.0,8680
2019-10-21,147.0,152.7,156.0,147.0,4443
2019-10-22,150.09,149.475,152.97,147.0,3790
2019-10-23,159.0,155.1,179.67,151.89,23563
2019-10-24,154.8,141.0,158.91,127.5,11688
2019-10-25,141.0,130.0683,142.8,123.0,18764
2019-10-28,93.0,84.81,93.0,81.51,39671
2019-10-29,85.5,83.7,86.4,78.3,11618
2019-10-30,83.7,80.28,87.0,79.5,13275
2019-10-31,84.0,81.27,84.0,78.6,8297
2019-11-01,82.08,81.0,82.5,79.2,5312
2019-11-04,81.0,80.07,81.0,78.0,6938
2019-11-05,79.5,76.5,79.5,69.69,18856
2019-11-06,79.5,83.88,84.0,72.78,17598
2019-11-07,84.0,78.84,85.2,75.0,10716
2019-11-08,77.4,79.17,80.7,75.3,6375
2019-11-11,80.25,76.32,80.25,72.99,6846
2019-11-12,75.0,73.05,75.75,72.78,8505
2019-11-13,73.44,72.93,73.5,69.42,10843
2019-11-14,69.0,66.72,71.97,64.5,11218
2019-11-15,65.4,65.1,66.75,64.5,7037
2019-11-18,67.5,59.94,67.5,58.53,20190
2019-11-19,58.5,55.2,59.4,54.0,17287
2019-11-20,54.0,51.6,55.44,49.5,29416
2019-11-21,53.4,61.2,68.04,51.66,41787
2019-11-22,67.08,64.8,77.4,63.51,51081
2019-11-25,62.7,67.2,73.8,57.9,17301
2019-11-26,67.2,61.2,68.97,57.6,10878
2019-11-27,59.7,59.94,62.07,58.5,7969
2019-11-29,61.5,63.6408,66.0,59.97,7455
2019-12-02,66.0,63.144,68.97,60.69,13918
2019-12-03,61.5,60.0,61.65,57.9,10416
2019-12-04,60.0,63.36,68.49,58.5,17472
2019-12-05,63.06,58.8,63.3,58.8,12152
2019-12-06,60.6,60.0,62.46,58.89,6125
2019-12-09,61.5,59.49,62.4,57.75,9783
2019-12-10,57.9,57.9,59.1,57.0,8788
2019-12-11,58.35,54.06,58.35,54.06,7475
2019-12-12,55.5,54.84,56.4,52.68,6219
2019-12-13,55.5,60.27,66.0,54.9,25922
2019-12-16,59.7,67.35,71.4,59.28,31089
2019-12-17,70.29,63.6,70.5,60.87,20882
2019-12-18,61.62,58.83,62.4,58.5,10654
2019-12-19,59.88,60.0,61.47,58.53,6887
2019-12-20,60.0,59.7,60.9,58.56,4109
2019-12-23,60.0,58.26,60.1377,57.6,5308
2019-12-24,59.28,59.04,59.4,58.2,2963
2019-12-26,61.8,61.02,64.2,59.16,7903
2019-12-27,63.0,63.0,65.4,60.0,11645
2019-12-30,65.7,73.95,77.55,65.37,43174
2019-12-31,76.62,66.093,79.2,63.0,32638
2020-01-02,69.9,75.0,78.0,66.6,24106
2020-01-03,75.0,107.1,121.5,72.6,207091
2020-01-06,142.5,116.55,151.2,112.38,155904
2020-01-07,104.55,107.1,128.97,90.0,77910
2020-01-08,103.5,102.0,112.47,96.3,22461
2020-01-09,102.06,107.88,119.7,96.75,35507
2020-01-10,111.0,106.92,115.5,103.2,27136
2020-01-13,108.0,101.04,109.5,96.6,19191
2020-01-14,96.99,102.0,108.0,96.0,15210
2020-01-15,102.24,103.44,104.91,98.7,10115
2020-01-16,100.86,98.67,102.0,95.97,15031
2020-01-17,98.67,93.75,98.7996,90.0,14491
2020-01-21,93.3,105.0,105.0,90.6,19209
2020-01-22,105.0,96.45,108.0,93.45,18608
2020-01-23,95.7,96.75,99.0,93.0,9715
2020-01-24,95.28,95.58,97.5,93.18,6687
2020-01-27,90.63,95.46,97.5,84.06,9719
2020-01-28,91.5,95.49,97.8,87.1899,6063
2020-01-29,91.5,90.54,93.0,84.0,5384
2020-01-30,90.03,92.4,96.0,87.03,8114
2020-01-31,93.0,90.24,95.4,90.15,4503
2020-02-03,90.0,88.47,92.7,87.03,5262
2020-02-04,84.0,81.3,87.0,78.36,11039
2020-02-05,81.0,80.1,82.2,78.03,5381
2020-02-06,102.9,91.26,105.0,90.0,57802
2020-02-07,85.92,84.24,87.9,81.0,13747
2020-02-10,81.6,82.59,83.4,79.8,7521
2020-02-11,82.5,82.65,84.0,79.89,7153
2020-02-12,85.41,88.2,90.0,83.4,11105
2020-02-13,92.94,88.02,97.47,85.8,14535
2020-02-14,84.15,84.51,88.5,82.56,8430
2020-02-18,84.0,82.5,84.27,80.7,5284
2020-02-19,81.99,85.5,87.0,81.0,9563
2020-02-20,86.1,91.5,94.5,84.48,24582
2020-02-21,91.44,91.38,97.47,87.0,16725
2020-02-24,90.15,89.73,91.38,83.58,8702
2020-02-25,87.03,88.5,98.94,86.1,10505
2020-02-26,96.87,91.53,98.85,87.0,25451
2020-02-27,87.0,141.0,148.5,87.0,161799
2020-02-28,199.38,127.23,222.0,113.19,298008
2020-03-02,150.0,147.9,157.5,132.45,70900
2020-03-03,138.66,123.0,138.66,107.4,48749
2020-03-04,108.3,131.94,134.97,102.03,53809
2020-03-05,132.0,133.5,142.47,118.6308,50481
2020-03-06,144.0,135.21,146.97,129.0,58955
2020-03-09,124.5,111.39,124.5,107.7,22660
2020-03-10,117.0,119.1,129.87,90.03,53895
2020-03-11,111.12,117.0,126.0,105.0,25346
2020-03-12,104.46,97.86,117.0,94.5,19615
2020-03-13,99.0,101.7,114.0,96.0,23334
2020-03-16,93.0,84.03,93.33,77.1,14909
2020-03-17,90.0,90.0,101.4,84.3,12140
2020-03-18,89.73,121.5,126.0,84.45,60650
2020-03-19,138.0,123.6,142.47,114.0,74194
2020-03-20,126.0,142.5,153.0,117.33,67340
2020-03-23,142.38,133.5,143.97,126.06,26613
2020-03-24,126.0,159.0,160.5,117.0,66493
2020-03-25,138.03,135.0,153.0,134.97,24289
2020-03-26,132.0,131.94,141.0,126.0,18074
2020-03-27,131.91,135.0,140.97,127.803,18307
2020-03-30,126.0,125.43,140.7,117.03,25060
2020-03-31,140.7,136.5,141.75,129.0,20135
2020-04-01,138.0,127.47,138.0,123.6,33510
2020-04-02,123.3,122.46,129.87,117.0,19245
2020-04-03,120.0,128.88,133.5,120.0,19398
2020-04-06,128.88,126.45,129.0,120.06,10262
2020-04-07,123.63,132.84,137.7,120.66,23076
2020-04-08,138.0,145.08,152.49,135.0,51429
2020-04-09,145.5,140.73,145.68,133.65,21216
2020-04-13,136.5,141.0303,146.1,132.03,16763
2020-04-14,145.5,142.5,185.25,140.97,139547
2020-04-15,134.4,126.6,135.0,123.3,28220
2020-04-16,127.5,122.1,130.5,120.9,18442
2020-04-17,122.7,124.74,128.1,120.0,14199
2020-04-20,125.04,135.84,141.0,121.89,28412
2020-04-21,135.87,141.87,143.4,129.0,27398
2020-04-22,146.28,126.81,146.28,123.0,29337
2020-04-23,125.82,121.5,127.7226,120.0,19773
2020-04-24,120.48,118.47,122.64,115.5,15006
2020-04-27,122.49,127.89,128.67,116.25,23046
2020-04-28,128.67,132.6,134.0763,124.5,18944
2020-04-29,130.41,130.5,136.41,126.3,14354
2020-04-30,133.8,138.6,140.64,129.0,32720
2020-05-01,141.0,142.47,152.64,135.03,50905
2020-05-04,147.0,149.7,154.5,141.0,35661
2020-05-05,154.5,148.35,154.53,144.0,23593
2020-05-06,145.5,135.3,147.0,132.03,19393
2020-05-07,141.0,140.94,147.0,135.0,11795
2020-05-08,140.49,151.95,155.4,135.0,47388
2020-05-11,156.0,150.0,158.1,144.75,20036
2020-05-12,156.0,144.9,160.8,142.53,29559
2020-05-13,139.65,144.9,156.0,135.03,31657
2020-05-14,141.6,135.0,141.75,130.5,28694
2020-05-15,133.5,134.4,137.7,132.0,14543
2020-05-18,142.5,145.32,146.97,141.0,17609
2020-05-19,146.85,141.0,147.15,138.6,9480
2020-05-20,138.6,146.64,149.7,137.85,19336
2020-05-21,153.57,155.94,164.7,151.5,46297
2020-05-22,151.5,163.5,175.47,150.0,64826
2020-05-26,168.0,158.94,168.0,156.0,26728
2020-05-27,156.9,150.57,157.05,147.0,19788
2020-05-28,150.51,157.2,159.0,145.56,21815
2020-05-29,159.0,158.7,163.5,153.03,26902
2020-06-01,155.22,156.0,162.6,149.22,18098
2020-06-02,162.0,155.28,162.03,151.5,15296
2020-06-03,155.25,153.0,163.2,151.53,35293
2020-06-04,151.65,149.94,152.97,138.03,23201
2020-06-05,153.0,148.5,154.0197,147.0,14221
2020-06-08,132.0,140.34,146.76,126.66,27839
2020-06-09,140.4,145.47,156.45,138.36,36725
2020-06-10,148.5,142.53,149.52,141.03,16084
2020-06-11,133.53,128.7,140.97,127.5,20462
2020-06-12,131.55,131.34,136.44,126.33,16605
2020-06-15,129.0,148.32,153.0,126.0,70785
2020-06-16,139.5,137.73,145.5,136.35,36490
2020-06-17,135.0,129.0,135.69,129.0,20330
2020-06-18,129.0,129.0,134.25,126.75,15137
2020-06-19,129.06,130.44,137.01,128.37,24209
2020-06-22,129.63,130.53,134.07,129.63,14757
2020-06-23,131.85,139.02,148.32,131.7,60634
2020-06-24,138.09,133.47,139.5,127.56,17390
2020-06-25,130.8,139.86,144.0,129.3,27914
2020-06-26,139.8,133.41,140.94,130.5,16857
2020-06-29,134.4,134.58,137.76,132.333,12104
2020-06-30,138.0,131.55,138.0,129.66,12281
2020-07-01,130.92,129.3,130.95,127.5,10998
2020-07-02,128.4,126.03,128.61,120.81,11155
2020-07-06,126.87,126.6,128.7,123.3,7578
2020-07-07,125.1,126.33,130.4088,123.03,10051
2020-07-08,127.95,130.86,133.8,125.1,17815
2020-07-09,129.0,127.17,130.47,124.8,7688
2020-07-10,128.34,125.91,128.7,124.5,9494
2020-07-13,129.0,132.42,135.0,123.0,45412
2020-07-14,128.4,127.17,130.5,121.56,24216
2020-07-15,130.5,129.66,132.54,125.85,25451
2020-07-16,126.3,126.9,130.2,126.0,14229
2020-07-17,126.0,134.85,136.47,126.0,31045
2020-07-20,136.2,142.86,144.0,133.2,25351
2020-07-21,143.76,146.64,155.55,141.3,36395
2020-07-22,143.34,137.43,143.4,136.5,12790
2020-07-23,135.0,135.6,140.16,133.8,9302
2020-07-24,133.65,131.37,134.94,129.0,8459
2020-07-27,130.83,128.43,133.5,127.8,7835
2020-07-28,128.43,131.7,131.7,127.53,5906
2020-07-29,130.5,128.43,131.1,126.3,8392
2020-07-30,126.0,126.69,129.0,126.0,6172
2020-07-31,126.63,126.84,128.97,126.0,5500
2020-08-03,126.0,121.5,126.0,111.03,22932
2020-08-04,121.8,119.97,122.4,117.06,6010
2020-08-05,120.0,120.93,121.8,114.0,16181
2020-08-06,123.0,121.05,124.17,117.09,8964
2020-08-07,118.92,121.98,122.52,117.6,8185
2020-08-10,124.8,132.48,136.5,123.6,35379
2020-08-11,134.7,131.1,134.97,126.6,15120
2020-08-12,127.8,124.65,131.97,120.36,25324
2020-08-13,115.5,115.98,117.48,111.12,13157
2020-08-14,112.8,103.17,114.9,100.59,20776
2020-08-17,104.4,106.47,110.07,104.4,9133
2020-08-18,107.7,103.38,107.7,102.0,8515
2020-08-19,103.5,90.81,105.0,89.4,23610
2020-08-20,87.6,88.35,90.9,84.0,12518
2020-08-21,87.0,97.14,98.7,84.54,15804
2020-08-24,90.0,99.9,100.77,88.89,13230
2020-08-25,97.5,101.13,101.13,93.0,7812
2020-08-26,100.38,103.8,106.56,96.03,11971
2020-08-27,100.5,100.47,102.6,96.3,8965
2020-08-28,97.71,91.41,100.47,88.53,16500
2020-08-31,90.0,94.17,94.92,89.4,7803
2020-09-01,91.74,87.0,92.67,85.53,11519
2020-09-02,85.59,81.96,86.49,78.0,14639
2020-09-03,79.2,75.18,82.38,73.68,10276
2020-09-04,69.03,68.76,72.06,61.23,14651
2020-09-08,66.0,72.36,72.39,66.0,5875
2020-09-09,68.4,73.95,76.9653,68.4,4416
2020-09-10,75.99,74.58,76.59,73.8,4627
2020-09-11,78.0,68.55,78.0,67.5,6423
2020-09-14,69.42,68.61,71.4,64.62,10261
2020-09-15,68.85,71.61,74.94,66.48,15346
2020-09-16,70.5,70.38,73.5,69.93,7026
2020-09-17,70.56,68.25,71.58,67.98,4944
2020-09-18,68.28,66.66,73.5,66.66,15400
2020-09-21,70.65,73.77,79.8,69.0,18081
2020-09-22,75.0,69.39,75.0,68.7,9358
2020-09-23,69.75,68.13,70.47,63.03,11669
2020-09-24,67.89,62.97,68.07,61.5,13605
2020-09-25,64.2,59.04,64.56,57.0,12922
2020-09-28,60.0,59.88,61.41,58.503,4498
2020-09-29,59.43,59.67,59.97,57.75,5538
2020-09-30,60.0,60.12,60.75,58.5,6729
2020-10-01,61.35,63.0,64.41,60.18,6626
2020-10-02,66.0,69.6,82.1256,63.03,85581
2020-10-05,71.19,67.68,73.725,66.0,14400
2020-10-06,66.09,63.15,67.4697,63.0,9318
2020-10-07,63.9,63.69,65.7,63.3,4834
2020-10-08,63.39,64.5,65.82,63.39,4937
2020-10-09,64.23,60.3,66.0,59.4,13834
2020-10-12,60.99,63.84,64.5,60.9,7118
2020-10-13,64.5,63.72,66.0,62.7,4019
2020-10-14,64.5,63.27,64.515,62.55,3028
2020-10-15,63.0,61.59,63.0,61.14,2466
2020-10-16,62.73,60.45,63.0,60.45,2993
2020-10-19,60.0,61.68,61.98,60.0,4149
2020-10-20,60.81,60.03,61.68,60.0,4288
2020-10-21,61.2,60.45,61.2,58.5,4464
2020-10-22,60.0,59.1,60.42,57.9,5132
2020-10-23,59.1,59.16,59.79,58.14,2526
2020-10-26,59.58,65.31,68.7,58.5,48528
2020-10-27,62.97,54.39,62.97,52.5,31715
2020-10-28,57.48,54.3,58.5,51.33,23539
2020-10-29,54.3,56.91,59.4,51.36,16355
2020-10-30,55.77,53.64,57.0,52.5,6053
2020-11-02,54.0,53.07,55.7697,50.64,4384
2020-11-03,51.33,52.2,54.0,51.0,3095
2020-11-04,51.3,51.27,53.37,50.94,3319
2020-11-05,51.48,51.15,52.8,50.79,3801
2020-11-06,52.47,50.07,52.47,49.5,5100
2020-11-09,51.15,51.42,53.4,49.53,10724
2020-11-10,51.75,56.7,59.37,51.42,14765
2020-11-11,59.4,60.72,70.5,53.4,38365
2020-11-12,60.6,56.64,61.5,55.5,10156
2020-11-13,57.96,57.45,60.0,56.4,5638
2020-11-16,59.85,57.39,59.91,56.4003,7173
2020-11-17,55.8,56.4,58.47,54.21,4885
2020-11-18,55.77,61.14,61.5,55.5,13715
2020-11-19,61.14,62.61,67.773,59.1,16764
2020-11-20,67.5,67.89,78.45,63.9,80468
2020-11-23,66.3,73.95,76.83,64.5,22631
2020-11-24,73.65,70.5,73.65,69.09,10921
2020-11-25,70.5,74.7,76.89,70.5,13582
2020-11-27,77.43,73.38,77.43,72.0,6752
2020-11-30,73.5,78.9,80.67,69.48,24297
2020-12-01,82.95,88.14,96.0,80.4,54399
2020-12-02,86.4,86.94,89.94,78.6,15944
2020-12-03,86.16,72.39,86.4,70.095,38861
2020-12-04,75.0,75.87,83.97,73.86,32197
2020-12-07,80.1,76.77,80.1,73.5,11626
2020-12-08,76.23,73.5,77.31,70.5,10566
2020-12-09,75.0,68.64,75.45,66.33,15035
2020-12-10,68.64,71.73,77.1,68.64,19071
2020-12-11,74.4,69.84,74.4,69.0,7710
2020-12-14,70.53,65.73,70.77,64.53,11888
2020-12-15,66.42,65.22,67.5,64.8,4805
2020-12-16,66.0,66.84,67.29,65.58,5476
2020-12-17,68.25,70.5,73.17,67.56,15714
2020-12-18,70.95,73.23,76.2,70.53,11686
2020-12-21,75.36,72.9,76.2,69.06,11578
2020-12-22,71.4,78.27,83.91,71.25,27468
2020-12-23,84.0,111.42,116.25,82.95,187357
2020-12-24,126.0,102.63,139.77,96.78,162542
2020-12-28,93.9,94.05,98.88,88.5,66154
2020-12-29,105.9,114.39,115.2,99.0,139263
2020-12-30,116.1,176.4,192.0,114.0,747300
2020-12-31,150.0,124.5,159.0,117.3,223757
2021-01-04,130.29,152.58,162.0,129.33,120190
2021-01-05,156.0,165.0,175.47,136.53,183472
2021-01-06,240.0,197.76,312.0,180.0,874589
2021-01-07,210.0,210.0,230.25,195.0,176108
2021-01-08,205.47,220.08,225.3,192.03,114014
2021-01-11,220.5,216.0,236.07,207.3,98343
2021-01-12,220.47,201.99,220.5,189.75,92692
2021-01-13,201.0,189.9,207.0,183.09,53373
2021-01-14,189.63,187.38,190.2,174.93,49744
2021-01-15,184.53,190.5,203.97,181.2,93553
2021-01-19,196.38,239.97,246.0,192.0,185843
2021-01-20,269.73,259.2,288.0,225.0,190587
2021-01-21,251.25,242.73,257.7,235.5,83695
2021-01-22,234.0,240.66,249.0,228.0,53199
2021-01-25,242.94,234.0,251.85,229.5,52877
2021-01-26,236.97,225.87,236.97,216.09,38254
2021-01-27,207.0,227.94,255.0,195.0,87973
2021-01-28,231.3,265.5,330.0,227.58,308147
2021-01-29,248.91,243.99,278.25,237.18,79022
2021-02-01,241.5,228.3,241.5,216.3,56947
2021-02-02,231.6,222.75,236.4,208.5,78709
2021-02-03,221.31,225.0,233.25,213.0,66919
2021-02-04,232.5,229.38,243.0,228.0,54820
2021-02-05,236.73,236.25,241.5,231.33,49897
2021-02-08,249.03,293.4,297.0,247.5,201495
2021-02-09,306.0,315.0,339.0,288.12,194371
2021-02-10,351.0,333.0,357.0,300.0,134278
2021-02-11,354.0,345.0,420.0,264.0,184926
2021-02-12,330.0,330.0,345.0,315.0,57679
2021-02-16,351.0,348.0,360.0,330.0,67106
2021-02-17,339.0,324.0,342.0,312.0,47350
2021-02-18,315.0,312.0,330.0,303.0,38922
2021-02-19,309.0,327.0,339.0,303.0,47697
2021-02-22,336.0,312.0,336.0,303.0,50027
2021-02-23,287.01,225.36,293.55,225.0,141713
2021-02-24,237.93,234.27,252.0,231.0,107739
2021-02-25,226.17,208.44,232.5,199.5303,84654
2021-02-26,153.51,151.41,176.64,150.3,246916
2021-03-01,139.5,133.5,149.5,127.5,117886
2021-03-02,136.89,125.0,142.0,125.0,60039
2021-03-03,125.0,141.0,156.5,118.0,142993
2021-03-04,134.5,128.5,140.0,123.5,64095
2021-03-05,136.5,127.5,136.5,106.895,43133
2021-03-08,127.0,123.5,139.0,120.5,29173
2021-03-09,130.5,131.0,132.5,122.0,38275
2021-03-10,133.5,125.5,135.5,125.0,22453
2021-03-11,127.5,144.5,147.5,125.55,42665
2021-03-12,136.0,142.0,146.0,134.3,37348
2021-03-15,143.5,132.0,143.95,128.5,86842
2021-03-16,132.5,135.5,138.0,126.5,76695
2021-03-17,132.0,136.0,153.5,130.0,99881
2021-03-18,136.0,129.5,140.0,126.0,48121
2021-03-19,130.5,131.0,134.0,127.25,20930
2021-03-22,131.5,125.5,132.495,125.0,21780
2021-03-23,124.0,128.5,129.0,116.5,29503
2021-03-24,125.0,129.5,132.5,117.5,46515
2021-03-25,125.0,133.0,134.0,124.5,19814
2021-03-26,133.0,130.0,138.0,123.505,29346
2021-03-29,130.5,123.5,131.515,121.0,17697
2021-03-30,122.0,121.5,126.0,120.0,8834
2021-03-31,122.5,120.0,124.5,118.5,14812
2021-04-01,123.0,123.5,124.0,120.525,10378
2021-04-05,122.0,108.5,123.495,106.0,42577
2021-04-06,107.5,106.5,109.5,102.5,40477
2021-04-07,103.0,102.0,106.0,100.0,24981
2021-04-08,102.0,106.0,108.0,101.0,23893
2021-04-09,105.5,106.0,106.5,103.0,13159
2021-04-12,103.5,93.0,103.69,91.5,27283
2021-04-13,93.055,87.0,93.5,86.5,21052
2021-04-14,86.0,91.0,99.5,85.5,23819
2021-04-15,92.5,83.0,93.0,83.0,17481
2021-04-16,81.225,92.0,95.0,77.0,33502
2021-04-19,90.0,84.0,91.495,82.5,9821
2021-04-20,82.5,82.5,83.995,82.0,7522
2021-04-21,80.0,84.5,86.5,78.0,15988
2021-04-22,85.5,85.0,89.505,82.875,9599
2021-04-23,86.5,86.0,88.75,85.0,5839
2021-04-26,85.0,90.0,92.0,85.0,8529
2021-04-27,94.0,89.0,94.0,86.5,7560
2021-04-28,89.0,91.0,91.5,86.5,5691
2021-04-29,91.0,89.5,91.75,87.505,5671
2021-04-30,89.5,88.0,91.5,86.05,6057
2021-05-03,88.0,88.0,89.05,85.75,6485
2021-05-04,86.0,84.5,87.5,80.5,11224
2021-05-05,84.5,83.5,87.0,83.0,5521
2021-05-06,83.185,80.5,83.185,78.555,9021
2021-05-07,80.5,77.5,82.5,75.19,12778
2021-05-10,77.5,78.0,79.0,75.5,10884
2021-05-11,75.0,78.0,79.5,73.0,7954
2021-05-12,77.0,74.5,78.0,73.5,8418
2021-05-13,74.5,73.5,79.0,73.5,7125
2021-05-14,74.0,79.0,80.5,73.895,5972
2021-05-17,78.0,78.5,80.575,76.5,3172
2021-05-18,83.5,88.0,109.0,83.5,347657
2021-05-19,82.5,79.0,85.5,78.0,35576
2021-05-20,80.0,77.0,80.0,75.5,13490
2021-05-21,77.5,80.0,80.0,75.5,15654
2021-05-24,78.5,78.5,80.0,76.0,12110
2021-05-25,76.0,73.5,79.0,73.0,15885
2021-05-26,72.5,75.5,77.0,72.5,14054
2021-05-27,76.5,77.5,79.0,75.5,8947
2021-05-28,76.65,78.5,79.905,76.65,6021
2021-06-01,79.5,80.5,82.0,78.5,9210
2021-06-02,80.5,80.5,84.5,79.5,13565
2021-06-03,80.5,84.0,86.0,79.0,16799
2021-06-04,84.5,80.0,84.5,80.0,9235
2021-06-07,81.5,85.0,86.0,81.5,9883
2021-06-08,86.0,85.0,87.5,82.0,12140
2021-06-09,84.0,85.5,89.48,84.0,10274
2021-06-10,88.0,86.5,88.15,84.0,8525
2021-06-11,86.5,87.5,89.0,85.5,7547
2021-06-14,88.5,91.5,93.0,88.0,14416
2021-06-15,92.5,87.5,93.11,87.0,9711
2021-06-16,87.0,89.0,89.0,83.04,9524
2021-06-17,88.5,92.5,92.5,87.0,12168
2021-06-18,92.5,86.5,92.5,85.5,10585
2021-06-21,86.5,88.5,88.5,83.0,10645
2021-06-22,88.0,89.5,90.0,84.0,10653
2021-06-23,89.0,89.5,91.0,87.5,5991
2021-06-24,89.5,91.0,91.5,88.0,5686
2021-06-25,90.0,93.5,95.0,90.0,13909
2021-06-28,93.5,92.5,93.5,90.995,5987
2021-06-29,93.5,89.0,93.5,87.4,6638
2021-06-30,88.0,88.0,90.0,86.28,5771
2021-07-01,87.5,86.0,89.5,85.0,4876
2021-07-02,87.0,84.0,87.0,83.01,7257
2021-07-06,84.0,82.5,85.5,82.0,2723
2021-07-07,82.5,78.5,83.5,78.5,7029
2021-07-08,76.5,77.0,79.5,74.5,7165
2021-07-09,77.0,79.0,79.0,74.5,11347
2021-07-12,78.0,77.5,79.25,76.5,2714
2021-07-13,77.5,75.5,80.0,75.0,4336
2021-07-14,75.0,71.0,76.5,71.0,8843
2021-07-15,69.5,72.5,73.5,68.5,4071
2021-07-16,70.0,70.0,75.0,70.0,5790
2021-07-19,67.5,69.0,70.0,65.805,4469
2021-07-20,70.0,70.5,72.49,70.0,3496
2021-07-21,72.5,75.0,75.0,70.5,4354
2021-07-22,76.0,72.0,76.0,71.5,3156
2021-07-23,71.5,71.0,72.355,70.0,2552
2021-07-26,71.5,72.0,72.94,70.0,2181
2021-07-27,71.0,68.5,71.01,67.5,3541
2021-07-28,68.0,70.5,70.5,67.5,3534
2021-07-29,70.0,69.5,71.0,68.5,4381
2021-07-30,70.0,67.5,70.0,66.5,3458
2021-08-02,67.0,67.5,69.44,67.0,2848
2021-08-03,67.0,67.0,68.5,66.0,2729
2021-08-04,66.0,64.5,68.35,64.0,3928
2021-08-05,64.0,68.0,69.5,63.5,8037
2021-08-06,69.0,66.5,69.5,65.0,3476
2021-08-09,66.0,66.5,67.495,65.0,3221
2021-08-10,67.5,66.0,67.5,64.5,4095
2021-08-11,66.0,66.5,67.0,65.0,3767
2021-08-12,65.5,65.0,66.495,64.005,2418
2021-08-13,64.5,62.5,64.95,60.5,4554
2021-08-16,60.5,61.5,62.975,60.5,3044
2021-08-17,60.0,55.5,60.765,55.0,10699
2021-08-18,55.0,57.0,58.0,54.5,5713
2021-08-19,56.0,56.5,58.5,55.505,3561
2021-08-20,57.5,57.0,58.5,56.0,7975
2021-08-23,58.5,58.0,59.0,57.5,6467
2021-08-24,57.5,66.0,71.0,57.5,37280
2021-08-25,64.75,62.5,66.0,61.5,6698
2021-08-26,62.5,64.0,65.5,62.5,5863
2021-08-27,63.5,63.0,65.25,62.5,3537
2021-08-30,63.5,61.0,64.0,61.0,3261
2021-08-31,61.0,62.0,62.5,59.5,5392
2021-09-01,62.5,63.75,64.285,62.0,3220
2021-09-02,65.0,66.0,66.0,63.5,2997
2021-09-03,66.0,67.0,69.0,65.5,5517
2021-09-07,67.0,66.0,68.0,65.0,4661
2021-09-08,65.5,64.5,66.5,63.5,3051
2021-09-09,64.0,64.0,64.5,62.5,1543
2021-09-10,64.0,64.5,65.905,63.0,3524
2021-09-13,64.5,64.0,65.0,62.5,2558
2021-09-14,63.0,61.5,64.0,61.0,2356
2021-09-15,61.5,62.5,63.0,60.0,2694
2021-09-16,62.5,61.0,63.0,59.5,3144
2021-09-17,60.5,61.0,62.0,59.5,3951
2021-09-20,60.0,59.5,60.0,57.0,5187
2021-09-21,60.0,58.0,60.055,57.5,3236
2021-09-22,58.0,59.5,60.5,57.5,3028
2021-09-23,59.0,60.5,60.5,58.5,2706
2021-09-24,59.0,59.5,60.0,58.5,1964
2021-09-27,59.0,61.0,62.5,58.5,3828
2021-09-28,61.0,63.5,70.5,61.0,19238
2021-09-29,65.0,62.5,68.0,59.5,12611
2021-09-30,62.0,63.5,65.0,60.0,7750
2021-10-01,63.0,62.0,63.5,58.5,12001
2021-10-04,61.0,60.0,63.0,59.075,5334
2021-10-05,59.0,58.0,60.31,56.0,10587
2021-10-06,57.0,57.5,58.0,56.505,2377
2021-10-07,57.5,55.5,59.445,52.005,19647
2021-10-08,55.5,54.0,55.5,52.235,11455
2021-10-11,53.5,51.0,53.5,48.0,29199
2021-10-12,49.0,51.5,52.5,49.0,10268
2021-10-13,52.0,51.5,52.985,51.0,5756
2021-10-14,51.5,50.5,51.505,49.12,10995
2021-10-15,50.5,50.5,51.0,49.0,4538
2021-10-18,49.84,50.5,50.5,49.84,3816
2021-10-19,50.0,50.5,51.0,49.01,4021
2021-10-20,50.0,52.5,54.0,50.0,9883
2021-10-21,52.5,53.0,54.5,50.5,5791
2021-10-22,52.0,50.5,52.0,48.05,9430
2021-10-25,50.0,52.5,53.5,49.75,6842
2021-10-26,52.5,59.0,61.0,51.35,322217
2021-10-27,75.5,75.0,99.0,63.5,1728653
2021-10-28,65.25,74.5,74.75,65.0,110317
2021-10-29,69.5,77.5,78.0,67.5,54760
2021-11-01,75.5,76.0,77.25,73.5,27774
2021-11-02,74.5,70.0,75.0,67.5,18433
2021-11-03,68.0,67.5,69.0,66.0,9355
2021-11-04,68.5,66.5,69.0,66.0,9436
2021-11-05,68.0,66.5,68.0,65.0,11657
2021-11-08,67.0,69.0,70.5,67.0,12824
2021-11-09,68.0,68.5,71.5,67.0,7752
2021-11-10,67.0,65.0,69.455,65.0,10950
2021-11-11,65.0,60.5,65.5,60.0,15700
2021-11-12,59.0,66.0,66.5,59.0,10437
2021-11-15,67.5,65.0,69.0,63.56,5492
2021-11-16,64.0,62.5,64.5,61.0,5051
2021-11-17,63.0,61.5,63.0,61.0,5269
2021-11-18,62.5,56.5,62.5,55.0,17489
2021-11-19,55.0,54.5,56.5,53.75,8471
2021-11-22,55.5,55.0,56.5,52.5,6852
2021-11-23,54.0,54.0,54.5,51.5,12258
2021-11-24,52.5,55.0,55.0,52.13,7872
2021-11-26,53.0,56.5,57.0,52.5,3603
2021-11-29,55.5,51.5,55.52,51.5,8664
2021-11-30,52.0,50.5,52.5,49.0,10792
2021-12-01,50.5,47.7,51.5,47.5,11401
2021-12-02,47.25,48.275,50.0,45.09,9505
2021-12-03,48.275,44.2475,48.715,43.5,6688
2021-12-06,42.75,46.155,47.49,42.75,7681
2021-12-07,47.0,49.67,55.5,47.0,6491
2021-12-08,51.0,51.5,52.995,47.675,4450
2021-12-09,50.5,50.0,52.0,49.0,3579
2021-12-10,49.5,47.97,50.0,47.0,3479
2021-12-13,47.54,45.5,47.54,45.01,3186
2021-12-14,45.105,45.875,49.0,45.005,6518
2021-12-15,45.445,43.23,45.49495,42.63,6767
2021-12-16,43.25,41.395,44.5,40.505,11343
2021-12-17,40.5,41.25,41.395,39.0,5943
2021-12-20,39.8,39.5,41.105,39.495,5221
2021-12-21,40.0,41.5,41.5,40.0,3458
2021-12-22,41.28,42.075,43.75,40.37505,5956
2021-12-23,42.075,41.375,42.25,40.5,6362
2021-12-27,41.27,38.08,41.27,38.005,8863
2021-12-28,38.52,35.62,38.52,35.49,6681
2021-12-29,35.5,33.8,37.81,33.0,19674
2021-12-30,33.48,34.13,36.0,33.0,8940
2021-12-31,33.75,32.355,34.99995,32.0,16118
2022-01-03,32.0,34.68,35.47495,32.0,13762
2022-01-04,35.95,34.605,37.125,34.60005,6554
2022-01-05,35.0,31.99,35.5,31.5,5390
2022-01-06,32.005,32.53,33.1,32.0,3547
2022-01-07,32.12,31.085,33.5,31.05,6105
2022-01-10,31.0,30.64,31.085,29.55,3715
2022-01-11,30.0,31.685,33.5,30.0,3194
2022-01-12,33.0,30.935,33.09,30.75,1267
2022-01-13,30.45,29.00505,31.565,28.6,4498
2022-01-14,29.5,29.5,29.5,27.615,3427
2022-01-18,29.5,28.705,29.5,27.66,1934
2022-01-19,30.0,26.47,30.0,25.0,6026
2022-01-20,26.26,27.495,28.605,26.26,2530
2022-01-21,25.38,26.0,27.12,25.26,3428
2022-01-24,25.38,24.925,26.82,21.53555,5450
2022-01-25,24.99,26.0,27.0,24.585,2803
2022-01-26,26.055,25.75,28.495,25.75,2823
2022-01-27,26.775,24.595,27.59,24.005,2078
2022-01-28,24.95,25.1,29.0,24.025,1831
2022-01-31,25.1,27.475,29.5,24.5,3257
2022-02-01,27.5,27.34,28.5,27.0,2023
2022-02-02,28.705,26.7,29.675,25.5,2121
2022-02-03,25.0,25.57,26.0,24.5,5050
2022-02-04,25.5,25.625,27.5,25.0,3070
2022-02-07,26.905,26.985,27.5,25.625,1625
2022-02-08,27.0,28.5,29.0,26.5,2532
2022-02-09,28.0,28.725,31.5,27.55,2641
2022-02-10,27.86,29.1455,30.39,27.86,3373
2022-02-11,29.405,27.77,29.95,27.345,2351
2022-02-14,27.12,27.5,28.0,26.505,1001
2022-02-15,27.5,27.515,29.99,27.345,2365
2022-02-16,27.6,28.08,29.49495,27.6,1494
2022-02-17,23.245,18.5,23.935,18.5,37136
2022-02-18,10.07,10.04,10.855,9.6,754182
2022-02-22,9.7,9.695,10.19,9.13,134728
2022-02-23,9.705,8.95,9.8,8.1,93177
2022-02-24,8.5,9.38,9.8,8.305,117415
2022-02-25,9.625,9.45,9.995,8.9,58765
2022-02-28,9.75,9.47,9.885,9.06,70379
2022-03-01,9.75,14.0,14.5,9.7,1409060
2022-03-02,18.505,12.05,20.0,11.815,2010096
2022-03-03,12.895,10.95,13.335,10.66,497021
2022-03-04,10.995,10.3,11.0,9.95,265467
2022-03-07,9.485,10.055,11.44,9.455,238118
2022-03-08,10.185,10.71,11.995,9.775,234447
2022-03-09,11.625,11.71,12.8,11.0,277897
2022-03-10,11.5,10.995,11.7,10.08,96777
2022-03-11,11.475,10.7,11.5,10.165,70785
2022-03-14,10.75,10.175,11.0,10.13,61958
2022-03-15,10.06,10.695,11.0,9.71,91350
2022-03-16,11.0,11.45,12.1,10.695,123265
2022-03-17,11.45,12.95,13.115,11.175,165104
2022-03-18,12.5,13.44,14.0,12.3,189556
2022-03-21,13.25,12.45,13.425,11.81505,116652
2022-03-22,12.77,13.36,13.75,12.63,80472
2022-03-23,12.895,13.4,13.8,12.57,103704
2022-03-24,13.34,13.7,13.85,12.6,69476
2022-03-25,13.5,12.55,13.615,12.245,58653
2022-03-28,13.015,11.5,13.015,11.23,69635
2022-03-29,11.5,13.025,13.795,11.5,134189
2022-03-30,12.5,12.2,13.0,12.1,52146
2022-03-31,12.38,11.58,12.38,11.35,73481
2022-04-01,12.315,10.71,12.5,9.995,283453
2022-04-04,11.005,10.975,11.36,10.7,82095
2022-04-05,11.35,10.59,11.35,10.55,52162
2022-04-06,12.53,11.58,12.75,11.125,598182
2022-04-07,11.175,11.27,11.35,10.65,135831
2022-04-08,10.95,10.9,11.3,10.25,147846
2022-04-11,10.845,10.4,11.0,10.275,74102
2022-04-12,10.5,10.3,11.0,10.0,120240
2022-04-13,10.05,10.51,10.9,10.0,147339
2022-04-14,10.75,10.29,10.75,10.0,63417
2022-04-18,10.315,10.28,10.39,10.05,54180
2022-04-19,10.28,10.355,10.7,9.505,83061
2022-04-20,10.58,9.96,10.58,9.925,46566
2022-04-21,9.855,9.575,9.975,8.75,60340
2022-04-22,9.475,9.42,9.725,9.15,34166
2022-04-25,9.25,9.035,9.435,8.76,51809
2022-04-26,9.14,8.9,9.25,8.75,38789
2022-04-27,8.815,9.445,9.59,8.65,50909
2022-04-28,9.5,9.565,9.595,9.0,54192
2022-04-29,9.33,9.31,9.94,9.235,29324
2022-05-02,9.75,9.685,9.75,9.25,15990
2022-05-03,9.395,9.465,9.9,9.3,22369
2022-05-04,9.27,9.445,9.695,8.75,26628
2022-05-05,9.4,9.0,9.5,8.8,25370
2022-05-06,8.955,8.63,8.955,8.62,27654
2022-05-09,8.59,7.895,8.675,7.75,47848
2022-05-10,8.0,8.22,8.85005,7.67,57182
2022-05-11,7.5,7.5,8.0,7.185,67239
2022-05-12,6.905,7.765,8.0,6.905,35809
2022-05-13,8.075,8.26,8.725,7.715,54003
2022-05-16,8.805,8.445,9.5,8.305,108344
2022-05-17,7.825,8.46,8.53,7.825,20987
2022-05-18,8.445,7.95,8.45,7.84,16986
2022-05-19,7.94,7.75,8.28,7.75,10776
2022-05-20,8.0,7.715,8.235,7.4,37077
2022-05-23,7.5,7.80505,8.2,7.5,31976
2022-05-24,7.57,7.3,7.92,6.95,33207
2022-05-25,7.0,7.445,7.745,7.0,12523
2022-05-26,9.5,10.2,12.85,9.01,2835243
2022-05-27,9.865,8.635,10.055,7.875,461120
2022-05-31,7.86,8.35,8.5,7.86,112162
2022-06-01,9.0,8.575,9.75,8.56,223781
2022-06-02,8.55,8.61,9.0,8.15,84262
2022-06-03,8.61,8.55,8.75,8.205,34148
2022-06-06,8.55,8.545,8.85,8.29,32851
2022-06-07,8.54,8.585,8.65,8.41,33270
2022-06-08,8.7,8.695,8.9,8.505,33994
2022-06-09,8.695,8.24,8.855,8.24,113493
2022-06-10,8.21,7.89,8.215,7.775,42636
2022-06-13,7.105,7.125,7.695,7.055,58626
2022-06-14,7.15,7.235,7.485,7.125,28224
2022-06-15,7.57,7.2,7.57,7.055,68782
2022-06-16,7.4,7.35,7.655,7.125,99515
2022-06-17,7.38,7.0,7.815,7.0,61768
2022-06-21,7.02,7.175,7.335,7.0,30815
2022-06-22,7.035,7.5,7.56,7.035,28059
2022-06-23,7.56,7.575,7.77,7.475,21691
2022-06-24,7.65,7.465,8.0,7.36,30030
2022-06-27,8.0,7.72,8.0,7.5,29351
2022-06-28,7.455,7.18,7.75,7.16,31381
2022-06-29,7.035,7.49,8.5,7.035,204894
2022-06-30,7.565,7.23,8.175,7.1,222445
2022-07-01,7.215,7.005,7.8,6.83,79978
2022-07-05,7.07,7.25,7.44,6.87,52475
2022-07-06,7.4,7.475,7.75,7.25,53426
2022-07-07,7.5,7.65,7.95,7.305,47401
2022-07-08,7.65,8.0,8.25,7.65,91889
2022-07-11,8.11,8.1,8.595,8.055,95292
2022-07-12,8.1,7.94,8.35,7.555,39816
2022-07-13,7.85,7.455,7.85,7.305,48611
2022-07-14,7.36,7.425,7.495,7.0,37787
2022-07-15,7.27,7.375,7.5,7.155,29223
2022-07-18,7.615,7.41,7.69,7.4,37721
2022-07-19,7.48,7.61,7.97,7.445,50052
2022-07-20,7.6,8.225,8.5,7.6,57644
2022-07-21,8.385,8.175,8.45,8.05,12517
2022-07-22,8.295,7.75,8.5,7.5,37410
2022-07-25,7.745,7.52,7.99495,7.37,34037
2022-07-26,7.54,7.2,7.65,7.085,35966
2022-07-27,7.25,7.405,7.7,7.1,41233
2022-07-28,7.425,7.525,7.99,7.13,35103
2022-07-29,7.685,7.36,8.4,7.285,64465
2022-08-01,7.49,7.0,7.49,6.5,77325
2022-08-02,7.1,7.105,7.47,6.945,42535
2022-08-03,7.1,7.235,7.495,7.05,32442
2022-08-04,7.545,7.665,7.75,7.355,46521
2022-08-05,7.5,7.45,7.52,7.25,19000
2022-08-08,7.445,7.635,7.8,7.28,22112
2022-08-09,7.5,7.2,7.75,7.125,20777
2022-08-10,7.425,7.38,7.695,7.18,34086
2022-08-11,7.75,8.305,8.49,7.605,111633
2022-08-12,8.005,8.61,8.99,7.78,45177
2022-08-15,8.405,8.55745,8.74,8.0,32003
2022-08-16,8.485,8.395,8.5,8.2,15946
2022-08-17,8.35,8.33,8.39,8.125,11305
2022-08-18,8.19,7.78,8.245,7.73,14673
2022-08-19,7.75,7.505,7.75,7.285,20560
2022-08-22,7.45,7.205,7.45,7.18,13897
2022-08-23,7.285,7.265,7.495,7.04,14460
2022-08-24,7.0,7.32,7.42,7.0,12766
2022-08-25,7.5,8.0,8.0,7.495,19042
2022-08-26,7.305,7.445,7.845,7.305,12313
2022-08-29,7.375,7.7,7.75,7.255,11203
2022-08-30,7.47,7.55,8.25,7.255,53850
2022-08-31,7.525,7.54,7.75,7.47,7303
2022-09-01,7.375,7.5,8.145,7.15,93149
2022-09-02,7.605,7.35,7.8,7.245,16092
2022-09-06,7.4,7.32,7.695,7.05,21189
2022-09-07,7.46,7.395,7.5,7.07,27445
2022-09-08,7.4,7.8,7.965,7.4,29729
2022-09-09,7.95,8.015,8.2,7.8,40100
2022-09-12,8.015,8.1,8.4,8.0,24504
2022-09-13,8.2,8.35,9.725,7.75,157127
2022-09-14,8.25,8.45,8.575,8.055,21148
2022-09-15,8.47,8.675,8.675,8.175,20259
2022-09-16,9.0,8.19,9.0,8.125,13124
2022-09-19,8.0,8.085,8.2,7.505,20734
2022-09-20,8.25,8.045,8.445,7.425,35001
2022-09-21,8.025,7.49,8.025,7.45,13690
2022-09-22,7.49,6.76,7.49,6.5,32562
2022-09-23,6.915,7.3,7.375,6.7,20102
2022-09-26,7.29,7.025,7.3,6.865,14933
2022-09-27,7.25,6.96,7.255,6.8,12149
2022-09-28,6.96,7.06,7.145,6.94,5261
2022-09-29,6.865,6.875,7.145,6.75,12091
2022-09-30,6.875,6.9,7.5,6.755,14331
2022-10-03,7.245,6.9,7.255,6.755,15494
2022-10-04,7.0,6.915,7.125,6.855,12745
2022-10-05,7.14,6.9,7.15,6.8,9794
2022-10-06,8.0,9.04,10.5,7.335,424503
2022-10-07,8.275,7.595,8.8745,7.5,40547
2022-10-10,7.65,7.375,7.75,7.225,23321
2022-10-11,7.375,7.3,7.74,7.11,21443
2022-10-12,7.24,7.85,8.15,7.24,22899
2022-10-13,8.095,7.86,8.095,7.505,13610
2022-10-14,7.93,8.12,8.125,7.85,18799
2022-10-17,8.12,8.5,8.975,8.12,30659
2022-10-18,8.895,8.29,9.995,8.235,43207
2022-10-19,8.235,8.0,8.995,7.85,14262
2022-10-20,8.31,8.475,8.845,8.01,13251
2022-10-21,8.25,8.4,8.5,8.25,5578
2022-10-24,8.475,8.0,9.2,7.64,21186
2022-10-25,8.0,8.04,8.7,7.885,15743
2022-10-26,8.47,8.3,9.5,7.755,34217
2022-10-27,8.285,8.33,8.5,8.05,5100
2022-10-28,8.4,8.425,8.5,8.135,9060
2022-10-31,8.295,8.45,9.0,8.175,7111
2022-11-01,8.5,8.4,8.925,8.3,9004
2022-11-02,8.35,8.66,8.745,8.035,9660
2022-11-03,8.75,8.6,8.75,8.4,5323
2022-11-04,8.53,8.6,8.6,8.38,6235
2022-11-07,8.775,8.425,8.775,8.325,4145
2022-11-08,8.4,8.305,8.75,8.3,7595
2022-11-09,8.525,7.97,8.7,7.9,8779
2022-11-10,7.945,8.15,8.66,7.945,7097
2022-11-11,8.15,8.275,8.5,8.0,7239
2022-11-14,8.7,7.55,8.7,7.5,27725
2022-11-15,7.5,7.7,8.0,7.5,12130
2022-11-16,7.79,7.3,7.79,7.25,9897
2022-11-17,7.3,7.32,7.5,7.08,6639
2022-11-18,7.5,7.335,7.5,7.2,3703
2022-11-21,7.4,7.0,7.4,6.815,17003
2022-11-22,7.35,7.7,8.5,7.06505,23234
2022-11-23,8.36,8.0,8.36,7.755,5754
2022-11-25,7.75,8.0,8.45,7.75,4903
2022-11-28,7.915,8.705,8.775,7.845,18320
2022-11-29,8.45,8.50005,8.775,8.26,14056
2022-11-30,8.62,8.625,9.0,7.94,31966
2022-12-01,8.48,8.355,9.0,8.255,8286
2022-12-02,8.4,8.465,8.72,8.4,3420
2022-12-05,8.25,8.48,8.99,8.25,6351
2022-12-06,8.695,8.5,9.12,8.25,13707
2022-12-07,8.705,9.7,10.2,8.50005,68984
2022-12-08,9.995,9.14,10.49,8.88,19947
2022-12-09,9.02,9.0,9.42415,8.8,9557
2022-12-12,9.005,8.75,9.385,8.3,16026
2022-12-13,7.9,7.9,8.9,7.85,39268
2022-12-14,7.9,7.9,8.435,7.9,10206
2022-12-15,8.09,8.12,8.4,7.9,4740
2022-12-16,7.94,8.25,8.35,7.635,6743
2022-12-19,8.0,7.26,8.24995,7.25,16327
2022-12-20,7.5,7.4,7.63,7.14,19257
2022-12-21,7.3,7.315,8.0,7.28,12685
2022-12-22,7.675,7.49,7.75,7.25,11116
2022-12-23,7.49,7.25,7.575,7.16,6556
2022-12-27,7.25,7.275,7.85,7.225,8175
2022-12-28,7.25,7.25,7.545,7.09,9125
2022-12-29,7.2,7.2,7.55,7.1,20247
2022-12-30,7.2,7.255,7.55,7.1,12385
2023-01-03,7.65,7.24995,7.65,7.1,15943
2023-01-04,7.25,7.295,7.54755,7.19,15120
2023-01-05,7.35,7.075,7.35,7.0,13913
2023-01-06,7.25,5.945,7.25915,5.8,94030
2023-01-09,5.84,6.93,7.4432,5.84,266981
2023-01-10,6.71,7.61,8.1605,6.5777,173417
2023-01-11,7.45,7.23,7.85,7.074,62284
2023-01-12,7.8,7.96,8.0,7.4528,48206
2023-01-13,8.01,8.1,8.33,7.89,23200
2023-01-17,8.07,7.96,8.16,7.61,15285
2023-01-18,8.08,7.5,8.08,7.5,19669
2023-01-19,7.31,7.0,7.449,7.0,20807
2023-01-20,7.0,6.68,7.07,6.675,15375
2023-01-23,6.66,6.46,6.7299,6.45,12838
2023-01-24,6.55,6.47,6.55,6.3286,35641
2023-01-25,6.32,6.72,6.74,6.2877,28060
2023-01-26,6.84,6.62,6.95,6.56,17273
2023-01-27,6.48,7.58,7.63,6.48,40654
2023-01-30,7.5,7.09,7.52,7.035,18293
2023-01-31,7.12,7.16,7.33,7.12,16313
2023-02-01,7.16,7.1001,7.25,7.1001,12884
2023-02-02,7.17,7.32,7.3699,7.0101,12730
2023-02-03,7.27,7.3,7.48,7.102,9419
2023-02-06,7.17,7.25,7.47,7.17,11258
2023-02-07,7.26,7.45,7.49,7.09,18658
2023-02-08,7.89,7.38,7.89,7.35,23852
2023-02-09,7.4966,7.69,7.98,7.4966,25374
2023-02-10,7.8833,7.66,7.8833,7.464,13075
2023-02-13,7.45,7.33,7.47,7.14,8959
2023-02-14,7.23,7.194,7.37,7.16,12791
2023-02-15,7.1559,7.3,7.31,7.1559,2711
2023-02-16,7.24,7.28,7.3,7.2,9071
2023-02-17,7.2701,7.29,7.299,7.2,8974
2023-02-21,7.21,6.83,7.21,6.7434,11174
2023-02-22,6.85,6.82,6.89,6.75,7161
2023-02-23,6.76,6.62,6.92,6.62,3208
2023-02-24,6.55,6.59,6.59,6.5,3485
2023-02-27,6.725,6.8832,6.92,6.725,8531
2023-02-28,6.87,6.7975,6.89,6.6001,4697
2023-03-01,6.6298,6.6197,6.71,6.5201,3953
2023-03-02,6.6,6.4,6.6,6.4,2956
2023-03-03,6.545,6.6099,6.6099,6.3756,4656
2023-03-06,6.9,6.62,7.05,6.6,9278
2023-03-07,6.56,6.32,6.8794,6.31,13398
2023-03-08,6.2847,6.2,6.2847,6.06,8930
2023-03-09,6.1001,5.8797,6.3188,5.84,8381
2023-03-10,5.9,5.87,5.9004,5.74,14533
2023-03-13,5.88,5.6641,5.88,5.55,15419
2023-03-14,5.41,5.11,5.59,5.02,10764
2023-03-15,5.2,5.1261,5.3431,5.0,14106
2023-03-16,5.08,5.16,5.215,4.95,14105
2023-03-17,5.16,4.83,5.2322,4.83,11814
2023-03-20,4.83,4.655,5.0499,4.655,8682
2023-03-21,4.73,4.9,5.0,4.6754,4935
2023-03-22,4.945,5.0,5.1599,4.71,18680
2023-03-23,5.085,4.9953,5.085,4.9011,7069
2023-03-24,5.005,5.1699,5.1699,4.96,4448
2023-03-27,5.08,6.2735,6.39,5.08,123248
2023-03-28,6.6,6.45,7.98,5.4,277872
2023-03-29,6.04,6.49,6.51,5.93,41517
2023-03-30,6.36,6.11,6.36,5.8054,42248
2023-03-31,6.27,6.11,6.3,6.11,9272
2023-04-03,6.1,6.27,6.27,6.01,11376
2023-04-04,6.15,6.03,6.15,5.8501,16571
2023-04-05,6.02,5.85,6.02,5.6,4382
2023-04-06,5.8,5.97,6.29,4.99,38139
2023-04-10,5.79,5.34,5.79,5.2401,27867
2023-04-11,5.3499,5.63,5.7,5.2401,5494
2023-04-12,5.7,5.555,5.77,5.51,18222
2023-04-13,5.7405,5.87,5.8814,5.6672,11328
2023-04-14,5.99,5.89,5.99,5.6429,5326
2023-04-17,5.99,6.32,6.325,5.93,8804
2023-04-18,6.3,6.24,6.5,6.0,8690
2023-04-19,6.11,6.215,6.215,6.11,1068
2023-04-20,5.9101,6.242,6.35,5.9101,7912
2023-04-21,6.33,6.34,6.5,6.07,25001
2023-04-24,6.35,5.96,6.35,5.96,1894
2023-04-25,6.01,5.9576,6.04,5.7201,5798
2023-04-26,5.6,6.0,6.0,5.6,1887
2023-04-27,6.07,6.03,6.07,5.7001,2394
2023-04-28,5.87,5.63,6.0,5.5701,4268
2023-05-01,5.7085,5.45,5.7313,5.39,20824
2023-05-02,5.5,5.59,5.71,5.5,3723
2023-05-03,5.67,6.06,6.7762,5.5,86901
2023-05-04,6.01,5.89,6.29,5.87,6843
2023-05-05,6.18,6.05,6.4824,5.9339,7155
2023-05-08,6.0084,6.19,6.35,5.91,4414
2023-05-09,6.3299,6.01,6.3299,6.01,1911
2023-05-10,6.01,6.33,6.33,5.9152,12530
2023-05-11,6.08,6.25,6.25,6.08,1197
2023-05-12,6.09,6.19,6.2,5.99,15062
2023-05-15,5.9718,6.28,6.4299,5.9718,11365
2023-05-16,6.25,6.07,6.49,5.9717,15787
2023-05-17,6.32,6.12,6.4183,6.0327,7027
2023-05-18,6.2569,6.2883,6.3,6.22,3659
2023-05-19,6.29,6.6,6.875,6.29,27953
