2021-12-17,0.5,0.55,0.55,0.5,342000
2021-12-20,0.6,0.59,0.6,0.59,1600
2021-12-21,0.58,0.54,0.58,0.5,271909
2021-12-22,0.518469,0.52,0.52,0.49,8200
2021-12-23,0.52,0.4801,0.52,0.4801,2200
2021-12-27,0.4505,0.6,0.6,0.423,278736
2021-12-29,NaN,0.6,NaN,NaN,50
2021-12-30,0.65,0.65,0.65,0.65,589
2021-12-31,0.55,0.55,0.55,0.55,1352
2022-01-03,0.55,0.529899,0.55,0.529899,120489
2022-01-04,0.5003,0.5,0.5003,0.4803,800
2022-01-05,0.4803,0.49,0.5002,0.468,18200
2022-01-06,0.47,0.4695,0.5,0.4695,41424
2022-01-07,0.51,0.4847,0.51,0.4695,1601
2022-01-10,0.4695,0.47,0.55293,0.4687,29408
2022-01-11,0.48,0.47,0.48,0.47,699
2022-01-12,0.47,0.5,0.5,0.47,59453
2022-01-13,0.4701,0.4686,0.4701,0.4686,2900
2022-01-14,0.46,0.4635,0.4686,0.46,36111
2022-01-19,0.48,0.4635,0.48,0.48,500
2022-01-20,0.4635,0.45,0.4635,0.45,60757
2022-01-21,0.455,0.45,0.455,0.45,35712
2022-01-24,0.4499,0.4473,0.45,0.44,27350
2022-01-28,0.4471,0.4426,0.45,0.4424,62639
2022-01-31,0.4853,0.4851,0.4853,0.4851,1126
2022-02-01,0.4641,0.44,0.4641,0.44,28386
2022-02-02,0.44,0.44,0.44,0.44,200
2022-02-03,0.44,0.4331,0.44,0.4134,74702
2022-02-04,0.4399,0.44,0.44,0.4399,25000
2022-02-07,0.4399,0.4329,0.44,0.43,51082
2022-02-11,0.5499,0.5499,0.5499,0.5499,551
2022-02-14,0.49,0.49,0.51,0.49,55700
2022-02-15,0.45,0.4329,0.45,0.4329,8913
2022-02-16,0.4329,0.433,0.433,0.4329,685
2022-02-22,0.4741,0.4741,0.4741,0.4741,200
2022-02-24,0.52,0.5135,0.52,0.5135,500
2022-02-25,0.52,0.52,0.52,0.52,200
2022-02-28,0.46,0.47,0.512434,0.46,2180
2022-03-01,0.44,0.4054,0.47,0.3701,507206
2022-03-03,0.434425,0.45,0.45,0.434425,600
2022-03-04,0.45,0.45,0.45,0.45,400
2022-03-07,0.45,0.42,0.45,0.37,9731
2022-03-08,0.42,0.42,0.42,0.42,400
2022-03-10,0.4199,0.42,0.42,0.31745,7400
2022-03-11,0.36,0.42,0.42,0.36,3660
2022-03-14,0.42,0.41,0.42,0.41,600
2022-03-15,0.42,0.4,0.42,0.4,1800
2022-03-16,0.4,0.4,0.4,0.4,400
2022-03-17,0.4,0.4,0.4,0.4,600
2022-03-18,0.366049,0.4,0.4,0.366049,800
2022-03-21,0.3835,0.38,0.3835,0.3735,2711
2022-03-22,0.38,0.38,0.38,0.38,600
2022-03-23,0.38,0.38,0.38,0.38,500
2022-03-24,0.38,0.38,0.38,0.38,1500
2022-03-25,0.38,0.35,0.38,0.35,1557
2022-03-28,0.3999,0.4,0.4,0.3592,4300
2022-03-29,0.4499,0.38,0.4499,0.36,5700
2022-03-30,0.36,0.35,0.36,0.35,1800
2022-03-31,0.35,0.35,0.35,0.35,1000
2022-04-01,0.36,0.328612,0.3799,0.328612,102600
2022-04-04,0.36,0.3799,0.3799,0.33,3200
2022-04-05,0.3799,0.32,0.3799,0.25505,5750
2022-04-06,0.33,0.33,0.33,0.33,1101
2022-04-08,0.33,0.33,0.33,0.33,2597
2022-04-11,0.3,0.3,0.3,0.3,1458
2022-04-13,0.31,0.2901,0.33,0.2901,101616
2022-04-14,0.209,0.3768,0.4,0.209,2016
2022-04-19,0.38,0.38,0.38,0.38,100
2022-04-20,0.35,0.3176,0.35,0.2715,34505
2022-04-21,0.2234,0.22605,0.22605,0.2234,341
2022-04-22,0.3299,0.33,0.33,0.3299,510
2022-04-25,0.3699,0.3699,0.3699,0.3699,501
2022-04-26,0.33,0.3898,0.3898,0.33,600
2022-04-28,0.38,0.2501,0.38,0.2501,1400
2022-05-02,0.2501,0.2501,0.2501,0.2501,5900
2022-05-04,0.2501,0.25,0.27,0.25,8255
2022-05-09,0.2501,0.2501,0.2999,0.25,10700
2022-05-12,0.2999,0.2999,0.2999,0.2999,600
2022-05-16,0.2048,0.2999,0.4144,0.2048,4316
2022-05-17,0.1698,0.2168,0.25,0.1558,4226
2022-05-18,0.12,0.2649,0.2649,0.12,2100
2022-05-19,0.2449,0.28,0.4386,0.2449,3714
2022-05-20,0.19,0.21,0.21,0.16,900
2022-05-23,0.1101,0.194,0.2328,0.1101,4211
2022-05-24,0.3376,0.2299,0.3376,0.194,3409
2022-05-25,0.2299,0.2299,0.2299,0.2299,100
2022-05-26,0.2299,0.1799,0.23,0.1575,8275
2022-05-27,0.23715,0.1551,0.23715,0.14715,103056
2022-05-31,0.1849,0.12,0.1849,0.1051,3078
2022-06-01,0.13,0.1709,0.18,0.13,5020
2022-06-02,0.1709,0.1595,0.23,0.1547,3463
2022-06-06,0.1503,0.13,0.1503,0.13,1034
2022-06-07,0.2256,0.216,0.2256,0.216,1200
2022-06-14,0.206,0.206,0.206,0.206,275
2022-06-17,0.1752,0.1674,0.1752,0.1674,634
2022-06-21,0.16,0.16,0.16,0.16,1500
2022-06-22,0.15,0.1686,0.1686,0.15,98390
2022-06-24,0.12,0.1314,0.1314,0.12,20810
2022-06-27,0.1574,0.1274,0.1886,0.1274,2900
2022-06-30,0.17,0.15,0.17,0.15,1410
2022-07-08,0.225,0.225,0.225,0.225,750
2022-07-11,0.2,0.1698,0.2,0.1698,136305
2022-07-12,0.1859,0.18,0.2,0.18,2100
2022-07-13,0.18,0.18,0.18,0.1799,113272
2022-07-14,0.1969,0.16,0.1969,0.15,4000
2022-07-15,0.18,0.18,0.18,0.18,1693
2022-07-18,0.2828,0.1826,0.3,0.1826,4913
2022-07-19,0.16,0.16,0.16,0.16,70596
2022-07-22,0.1752,0.1752,0.206,0.1752,8144
2022-07-25,0.16,0.16,0.16,0.16,211
2022-07-26,0.152,0.1572,0.1593,0.1501,400
2022-07-28,0.2,0.16,0.2,0.16,641
2022-07-29,0.2,0.16,0.2,0.16,679
2022-08-03,0.16,0.16,0.16,0.16,4640
2022-08-04,0.2,0.17,0.2,0.17,641
2022-08-09,0.1999,0.159,0.1999,0.159,628
2022-08-17,0.1799,0.16,0.1799,0.16,606
2022-08-18,0.17,0.17,0.17,0.17,71606
2022-08-19,0.1799,0.16,0.1799,0.16,654
2022-08-22,0.17,0.15,0.17,0.15,69464
2022-08-23,0.20735,0.1648,0.20735,0.1648,600
2022-08-31,0.225,0.225,0.225,0.225,430
2022-09-07,0.2003,0.15,0.2018,0.15,1980
2022-09-15,0.1,0.1796,0.1796,0.0955,1700
2022-09-21,0.13,0.16,0.18,0.13,15847
2022-10-04,0.11,0.1166,0.1166,0.11,440
2022-10-14,0.09,0.0914,0.0914,0.09,220
2022-10-26,0.0662,0.0662,0.0662,0.0662,110
2022-10-27,0.08,0.07,0.08,0.07,99691
2022-10-31,0.095,0.095,0.095,0.095,500
2022-11-09,0.07,0.102,0.102,0.07,137448
2022-11-22,0.05,0.05,0.05,0.05,2189
2022-11-23,0.005,0.05,0.05,0.005,702
2022-11-25,0.05,0.05,0.05,0.05,160
2022-11-30,0.05,0.05,0.05,0.05,50248
2022-12-27,0.03,0.03,0.03,0.03,200
2023-01-05,0.05,0.051,0.061,0.05,300720
2023-01-09,0.0392,0.0382,0.042,0.0373,2910
2023-01-11,0.05,0.05,0.05,0.05,303
2023-01-12,0.055,0.17,0.1798,0.05,23400
2023-01-13,0.27,0.23,0.27,0.22,2130
2023-01-18,0.0883,0.084,0.092,0.084,2126
2023-01-19,0.154,0.1251,0.154,0.11,402
2023-01-20,0.1414,0.1611,0.1611,0.140686,511
2023-01-23,0.1392,0.0769,0.1392,0.0769,2408
2023-01-24,0.071,0.071,0.071,0.071,169
2023-01-27,0.0779,0.18,0.18,0.0779,5390
2023-01-30,0.5555,0.1279,0.5555,0.1119,7160
2023-01-31,0.11,0.12,0.12,0.11,26371
2023-02-01,0.1,0.0851,0.2635,0.08,9127
2023-02-02,0.14,0.1401,0.18,0.14,2900
2023-02-03,0.21,0.1401,0.21,0.1342,1463
2023-02-06,0.1916,0.1233,0.2579,0.12,10969
2023-02-07,0.15,0.12,0.15,0.12,2508
2023-02-08,0.1705,0.140498,0.1896,0.14,8298
2023-02-09,0.15,0.15,0.15,0.15,300
2023-02-14,0.0712,0.12,0.12,0.0712,239
2023-02-15,0.1487,0.0751,0.1587,0.051,10011
2023-02-16,0.1508,0.085,0.1584,0.0512,12552
2023-02-17,0.1577,0.0877,0.1582,0.0532,11358
2023-02-21,0.061,0.0573,0.1584,0.0522,33238
2023-02-22,0.1408,0.12,0.1473,0.0552,11599
2023-02-23,0.13,0.13,0.13,0.1016,1021
2023-02-24,0.097,0.11,0.11,0.087,913
2023-02-28,0.0669,0.137,0.137,0.0667,3440
2023-03-01,0.127,0.1279,0.1358,0.108,3336
2023-03-02,0.1368,0.13,0.1368,0.13,200
2023-03-06,0.15,0.142,0.15,0.1003,3007
2023-03-07,0.15,0.15,0.15,0.15,201
2023-03-08,0.2893,0.14,0.2893,0.1286,6791
2023-03-09,0.2791,0.1515,0.2794,0.116,10050
2023-03-10,0.17,0.1505,0.2986,0.1314,11815
2023-03-13,0.152,0.1552,0.2467,0.142,6645
2023-03-14,0.1501,0.1334,0.2096,0.1334,3111
2023-03-15,0.1175,0.1364,0.182,0.1175,5255
2023-03-16,0.1234,0.1234,0.1234,0.1234,100
2023-03-17,0.1104,0.1031,0.1494,0.1025,1480
2023-03-20,0.145,0.145,0.145,0.145,100
2023-03-21,0.0502,0.0994,0.1,0.0502,4391
2023-03-22,0.079,0.0994,0.0994,0.0695,3010
2023-03-23,0.0605,0.0605,0.0605,0.0605,200
2023-03-24,0.0945,0.0753,0.0945,0.0622,5631
2023-03-27,0.0886,0.11,0.1399,0.0886,4219
2023-03-28,0.1311,0.0944,0.1407,0.091,3971
2023-03-29,0.0923,0.092,0.1144,0.0631,13703
2023-03-30,0.1178,0.0918,0.1178,0.0918,3102
2023-03-31,0.11,0.0989,0.11,0.0914,1704
2023-04-03,0.1141,0.091,0.1141,0.0901,3604
2023-04-04,0.1033,0.0942,0.1046,0.091,1321
2023-04-05,0.1135,0.1145,0.1145,0.1135,1083
2023-04-06,0.0701,0.06,0.1021,0.0598,4009
2023-04-10,0.0515,0.05,0.0516,0.05,1960
2023-04-11,0.042,0.059699,0.059699,0.042,607
2023-04-12,0.059799,0.059799,0.059799,0.059799,300
2023-04-13,0.059699,0.059699,0.059699,0.059699,300
2023-04-14,0.0564,0.0564,0.0564,0.0564,200
2023-04-17,0.0598,0.06,0.06,0.0598,1400
2023-04-18,0.0577,0.0577,0.0577,0.0577,200
2023-04-19,0.0566,0.0566,0.0566,0.0566,200
2023-04-21,0.0522,0.0562,0.0562,0.0492,1117
2023-04-27,0.052699,0.0527,0.0527,0.04,1400
2023-05-01,0.0456,0.0456,0.0456,0.0456,200
2023-05-02,0.035,0.0541,0.0541,0.025,1220
2023-05-03,0.04,0.04,0.04,0.04,200
2023-05-04,0.047799,0.04,0.047799,0.04,500
2023-05-05,0.048,0.0479,0.048,0.0479,280
2023-05-08,0.048,0.07,0.07,0.0479,400
2023-05-09,0.053,0.053,0.053,0.053,200
2023-05-11,0.04009,0.049,0.049,0.04009,600
