2015-08-13,22.75,22.4,23.1,21.65,4714933
2015-08-14,22.42,22.75,23.04,22.42,667614
2015-08-17,22.74,22.45,22.78,22.01,234138
2015-08-18,22.22,22.5,22.52,21.88,248871
2015-08-19,22.26,22.1,22.4,22.1,85122
2015-08-20,21.87,22.0,22.1,21.7601,123201
2015-08-21,21.95,21.69,21.9989,21.65,148916
2015-08-24,20.36,21.12,21.35,18.22,183692
2015-08-25,22.45,21.5,22.45,21.25,116236
2015-08-26,21.2,21.42,21.87,20.97,277314
2015-08-27,21.12,21.82,21.94,20.96,57176
2015-08-28,21.48,21.43,21.81,21.02,214350
2015-08-31,21.0,22.0,22.0,21.0,117923
2015-09-01,21.51,22.04,22.415,21.51,260338
2015-09-02,21.55,22.75,22.98,21.55,232931
2015-09-03,22.41,22.61,22.75,22.24,111007
2015-09-04,22.72,22.35,22.82,22.09,75658
2015-09-08,22.2,21.9,22.44,21.62,198049
2015-09-09,22.3,21.97,22.3,21.682,119672
2015-09-10,21.72,21.95,22.22,21.72,141103
2015-09-11,21.75,21.69,22.1,21.56,65689
2015-09-14,22.05,21.28,22.05,21.0,101102
2015-09-15,21.14,21.92,22.15,21.14,97576
2015-09-16,21.5,21.8,22.0,21.45,162096
2015-09-17,21.52,21.88,21.91,21.5,59264
2015-09-18,21.82,21.97,22.16,21.53,180726
2015-09-21,22.19,21.95,22.2001,21.5,160765
2015-09-22,21.67,22.24,22.28,21.5101,116617
2015-09-23,22.37,22.27,22.5,21.87,58849
2015-09-24,22.28,21.99,22.48,21.94,171788
2015-09-25,22.25,21.38,22.25,21.07,63169
2015-09-28,20.99,20.93,21.21,20.7,106060
2015-09-29,20.9,21.21,21.4,20.71,107526
2015-09-30,21.4,21.8,22.046,21.0101,1919124
2015-10-01,21.78,21.88,22.17,21.6,83860
2015-10-02,21.5,21.49,21.8299,20.85,122731
2015-10-05,21.57,22.47,22.47,21.57,268567
2015-10-06,22.35,22.26,22.7,22.0901,100577
2015-10-07,22.5,23.04,23.09,22.18,205314
2015-10-08,22.97,22.74,23.05,22.27,92944
2015-10-09,22.55,22.26,22.61,22.1567,38743
2015-10-12,22.26,21.76,22.31,21.66,38487
2015-10-13,21.64,22.1,22.245,21.4,68620
2015-10-14,22.07,21.59,22.07,21.379,58733
2015-10-15,21.66,22.32,22.35,21.28,75341
2015-10-16,22.37,21.7,22.44,21.3,68033
2015-10-19,21.55,22.11,22.2,21.45,106957
2015-10-20,22.08,22.0,22.18,21.6005,48782
2015-10-21,22.08,21.94,22.155,21.71,97852
2015-10-22,21.91,21.71,22.21,21.47,101612
2015-10-23,21.84,21.67,21.96,21.08,74064
2015-10-26,21.65,21.17,21.65,21.0,162284
2015-10-27,21.04,21.52,21.63,20.95,118107
2015-10-28,21.01,22.3,22.48,20.9,245873
2015-10-29,22.28,21.88,22.28,21.26,105914
2015-10-30,21.84,21.91,21.91,21.39,182009
2015-11-02,21.89,22.0,22.32,21.36,101891
2015-11-03,22.0,21.99,22.12,21.82,104034
2015-11-04,22.73,21.83,22.73,21.28,154855
2015-11-05,21.9,22.38,22.5,21.42,146977
2015-11-06,22.4,22.11,22.42,22.046,116182
2015-11-09,22.15,22.21,22.32,22.0501,137003
2015-11-10,22.13,22.27,22.45,21.89,175591
2015-11-11,22.4,22.12,22.45,21.9601,66344
2015-11-12,22.0,22.1,22.27,21.9201,62783
2015-11-13,21.97,22.23,22.32,21.97,86786
2015-11-16,22.28,22.2,22.34,22.1,60244
2015-11-17,22.25,22.24,22.4,22.0,116304
2015-11-18,22.3,22.4,22.44,22.05,96275
2015-11-19,22.42,22.24,22.42,22.091,72941
2015-11-20,22.34,22.25,22.45,22.23,85633
2015-11-23,22.33,22.61,22.68,21.85,187701
2015-11-24,22.53,23.31,23.6,22.41,138215
2015-11-25,23.34,23.63,23.87,23.27,96402
2015-11-27,23.62,23.97,24.1,23.36,46733
2015-11-30,24.03,24.45,24.47,23.744,129500
2015-12-01,24.51,24.77,24.93,24.51,81887
2015-12-02,24.58,24.59,24.84,24.3,74064
2015-12-03,24.51,24.17,24.64,23.86,68464
2015-12-04,24.18,24.09,24.25,23.86,51121
2015-12-07,24.11,23.82,24.7,23.62,135279
2015-12-08,23.62,23.54,23.9199,22.87,92195
2015-12-09,23.49,23.36,23.64,23.23,79802
2015-12-10,23.27,23.08,23.675,22.95,71864
2015-12-11,22.69,22.67,23.29,22.6,98756
2015-12-14,22.75,23.21,23.37,22.5271,130758
2015-12-15,23.33,23.56,23.78,23.33,102497
2015-12-16,23.7,23.97,24.25,23.7,132879
2015-12-17,24.09,23.31,24.63,23.06,140251
2015-12-18,23.3,22.72,23.89,22.5,776362
2015-12-21,22.91,23.19,23.31,22.675,103804
2015-12-22,23.35,23.39,23.53,22.98,19416
2015-12-23,23.56,23.75,23.99,23.27,43034
2015-12-24,23.86,23.84,23.89,23.8,12648
2015-12-28,23.81,24.2,24.55,23.62,38798
2015-12-29,24.27,24.54,24.61,23.609,65008
2015-12-30,24.57,25.47,25.74,24.28,50179
2015-12-31,25.46,26.21,26.75,25.28,94142
2016-01-04,25.95,25.32,25.96,25.24,136734
2016-01-05,25.51,24.83,25.75,24.29,168529
2016-01-06,24.49,23.68,24.49,23.63,178621
2016-01-07,23.52,23.82,24.4546,23.01,320511
2016-01-08,24.0,23.56,24.0,23.17,78421
2016-01-11,23.75,24.2,24.28,23.65,66379
2016-01-12,24.67,24.61,24.85,23.91,261978
2016-01-13,24.7,24.15,25.05,23.8701,135395
2016-01-14,24.22,24.51,24.9499,24.09,154292
2016-01-15,23.94,24.31,24.49,23.53,177962
2016-01-19,24.54,23.59,24.6099,23.32,229023
2016-01-20,23.25,23.68,23.98,22.41,108178
2016-01-21,23.72,23.58,23.9,23.49,114706
2016-01-22,23.94,23.84,23.94,23.6,94219
2016-01-25,23.76,23.61,23.79,23.51,64370
2016-01-26,23.67,23.3,23.76,23.13,157007
2016-01-27,22.92,23.11,23.3,22.81,93429
2016-01-28,23.24,23.18,23.33,22.59,88384
2016-01-29,23.27,24.15,24.19,23.27,122763
2016-02-01,24.1,24.25,24.32,23.51,110323
2016-02-02,23.94,23.4,24.18,23.14,139518
2016-02-03,23.5,22.91,23.63,22.406,125583
2016-02-04,22.97,23.63,23.86,22.53,110449
2016-02-05,23.6,23.34,23.8,23.2,87595
2016-02-08,23.21,23.54,23.89,22.69,187628
2016-02-09,22.24,23.43,25.58,22.24,373997
2016-02-10,23.48,24.35,24.65,23.48,107833
2016-02-11,23.87,24.03,24.52,23.59,88670
2016-02-12,24.24,24.09,24.33,23.72,49277
2016-02-16,24.31,24.49,24.6,24.1,67268
2016-02-17,24.6,24.25,24.91,24.08,129411
2016-02-18,24.23,23.98,24.59,23.735,79055
2016-02-19,24.04,24.62,24.92,24.005,126290
2016-02-22,24.87,24.55,24.87,24.38,43420
2016-02-23,24.42,24.44,24.6,23.84,111661
2016-02-24,24.16,24.39,24.59,23.76,105808
2016-02-25,24.48,24.5,24.63,23.98,117410
2016-02-26,24.6,24.54,24.99,24.27,56080
2016-02-29,24.56,25.56,26.09,24.56,129052
2016-03-01,25.6,25.48,25.75,25.27,295174
2016-03-02,25.31,25.55,25.71,25.19,57301
2016-03-03,25.55,25.5,25.55,25.55,259807
2016-03-04,25.5,24.8,25.5,25.5,97374
2016-03-07,24.68,24.03,24.89,23.84,139279
2016-03-08,24.22,23.4,24.24,23.39,196835
2016-03-09,23.4,24.59,23.4,23.4,80537
2016-03-10,24.74,24.93,25.05,24.42,92829
2016-03-11,24.93,25.69,24.93,24.93,106634
2016-03-14,25.63,25.07,25.63,24.91,106219
2016-03-15,25.07,24.17,25.07,25.07,45820
2016-03-16,24.24,23.9,24.24,23.55,55253
2016-03-17,23.83,25.0,25.28,23.515,79271
2016-03-18,25.16,25.0,25.16,24.6501,281634
2016-03-21,25.15,24.99,25.6296,24.93,89304
2016-03-22,24.81,25.01,25.14,24.5701,45200
2016-03-23,24.97,24.29,24.97,24.22,100056
2016-03-24,24.29,24.3,24.29,24.29,233910
2016-03-28,24.32,23.76,24.46,23.51,268349
2016-03-29,23.79,24.76,24.94,23.53,197207
2016-03-30,24.78,24.9,25.05,24.5786,89605
2016-03-31,24.93,24.9,25.09,24.84,43815
2016-04-01,24.67,24.78,24.92,24.47,38526
2016-04-04,24.7,24.63,24.8,24.42,26037
2016-04-05,24.63,23.68,24.63,24.63,99588
2016-04-06,23.77,24.46,24.65,23.61,56916
2016-04-07,24.53,24.27,24.71,24.1,43108
2016-04-08,24.51,24.49,24.71,24.1,63510
2016-04-11,24.58,24.29,24.58,24.04,42908
2016-04-12,24.23,24.12,24.92,23.94,38076
2016-04-13,24.17,24.8,24.92,24.17,46500
2016-04-14,24.87,24.89,25.21,24.79,24267
2016-04-15,24.79,24.88,25.12,24.79,20900
2016-04-18,24.69,25.21,25.37,24.64,38059
2016-04-19,24.86,24.82,25.03,24.74,25563
2016-04-20,24.81,25.17,25.25,24.57,26250
2016-04-21,24.94,25.23,25.33,24.94,25421
2016-04-22,25.25,25.25,25.42,25.0,111149
2016-04-25,25.33,24.54,25.54,24.29,46953
2016-04-26,24.68,25.25,25.28,24.68,29325
2016-04-27,25.23,25.17,25.25,24.86,34729
2016-04-28,25.18,24.98,25.29,24.93,25410
2016-04-29,24.5441,25.21,25.4,24.5441,52253
2016-05-02,25.2,24.87,25.35,24.65,42757
2016-05-03,24.63,24.4,25.15,24.14,31938
2016-05-04,24.32,24.14,24.79,24.06,29725
2016-05-05,24.19,23.73,24.29,23.661,36075
2016-05-06,23.76,23.95,24.09,23.39,29391
2016-05-09,23.88,24.07,24.32,23.57,34798
2016-05-10,24.25,24.39,24.87,24.15,23875
2016-05-11,24.29,23.88,24.38,23.72,40617
2016-05-12,23.85,23.6,23.97,23.53,31550
2016-05-13,23.49,23.31,23.55,23.17,43589
2016-05-16,23.28,23.32,23.6,23.14,96093
2016-05-17,23.18,22.85,23.4,22.56,60617
2016-05-18,22.94,23.34,23.41,22.72,90467
2016-05-19,23.32,22.87,23.62,21.7101,87451
2016-05-20,23.03,23.1,23.36,22.87,97377
2016-05-23,23.03,23.51,23.85,22.88,61787
2016-05-24,23.71,24.32,24.43,23.71,36381
2016-05-25,24.44,24.49,24.8,24.11,63787
2016-05-26,24.6,24.41,24.6,24.38,17758
2016-05-27,24.06,24.43,24.48,24.0,35693
2016-05-31,24.44,23.98,24.55,24.08,104213
2016-06-01,23.81,24.2,24.6,23.72,61805
2016-06-02,24.09,24.11,24.17,23.43,88760
2016-06-03,24.08,23.88,24.08,23.46,100811
2016-06-06,23.83,24.39,24.591,23.82,26572
2016-06-07,24.45,24.19,24.51,24.08,48013
2016-06-08,24.13,24.21,24.55,24.04,26983
2016-06-09,24.04,24.14,24.56,23.72,48530
2016-06-10,23.87,23.92,24.16,23.56,121005
2016-06-13,23.72,24.17,24.3799,23.72,66250
2016-06-14,24.18,23.67,24.27,23.41,80078
2016-06-15,23.69,23.69,24.145,23.64,46988
2016-06-16,23.61,23.58,23.635,23.34,28974
2016-06-17,23.64,23.68,23.97,23.34,70917
2016-06-20,23.97,23.93,24.41,23.91,52200
2016-06-21,24.05,23.77,24.29,23.24,64674
2016-06-22,23.85,23.84,24.02,23.57,43359
2016-06-23,24.08,24.59,24.86,24.07,46452
2016-06-24,23.52,23.26,24.51,23.0,493645
2016-06-27,23.09,22.04,23.09,21.53,140792
2016-06-28,22.26,22.43,22.85,21.99,183390
2016-06-29,22.62,22.23,22.62,21.6367,80856
2016-06-30,22.23,22.37,22.41,21.75,149767
2016-07-01,22.27,21.94,22.46,21.85,63536
2016-07-05,21.75,21.26,21.75,21.2,59999
2016-07-06,21.18,21.33,21.5,20.9601,66038
2016-07-07,21.28,21.39,21.58,20.97,58955
2016-07-08,21.57,21.8,21.84,21.41,138288
2016-07-11,21.81,21.87,22.2,21.78,99074
2016-07-12,22.08,22.62,22.71,22.04,100045
2016-07-13,22.71,22.42,22.7858,22.33,76309
2016-07-14,22.73,22.46,22.95,22.24,135103
2016-07-15,22.66,23.44,23.48,22.66,80856
2016-07-18,23.7,23.54,23.85,23.2,54075
2016-07-19,23.42,23.37,23.65,23.021,65580
2016-07-20,23.35,23.31,23.552,23.19,59936
2016-07-21,23.28,23.16,23.31,23.0701,28225
2016-07-22,23.3,23.28,23.36,23.1,26196
2016-07-25,23.25,23.09,23.35,22.92,35970
2016-07-26,23.07,23.22,23.63,23.02,35837
2016-07-27,23.16,23.46,23.78,23.16,22451
2016-07-28,23.4,23.19,23.47,23.12,21747
2016-07-29,23.15,22.93,23.19,22.82,57910
2016-08-01,22.91,23.5,23.57,22.69,68309
2016-08-02,23.45,23.26,23.59,22.61,194392
2016-08-03,23.71,24.05,25.205,23.3,131445
2016-08-04,23.95,24.28,24.42,23.9,48760
2016-08-05,24.49,25.35,25.485,23.98,124646
2016-08-08,25.32,25.42,25.54,25.24,65924
2016-08-09,25.35,25.08,25.64,25.01,94680
2016-08-10,25.23,25.48,25.75,24.9606,82424
2016-08-11,25.5,25.54,25.63,25.41,26677
2016-08-12,25.45,25.35,25.45,25.16,29244
2016-08-15,25.5,25.88,25.99,25.35,35970
2016-08-16,25.93,25.66,25.95,25.53,39883
2016-08-17,25.67,25.72,25.98,25.59,175391
2016-08-18,25.0,25.17,25.23,24.6101,57812
2016-08-19,25.52,25.13,25.95,25.1,79706
2016-08-22,24.98,25.21,25.3,24.295,28822
2016-08-23,25.31,25.42,25.68,25.21,69142
2016-08-24,25.47,24.92,25.51,24.85,31581
2016-08-25,24.77,24.86,25.08,24.75,66293
2016-08-26,25.0,24.53,25.64,24.42,98493
2016-08-29,24.24,24.89,25.23,24.24,113365
2016-08-30,24.84,25.01,25.22,24.76,42543
2016-08-31,25.11,24.76,25.11,24.44,60872
2016-09-01,24.85,24.65,24.8718,24.32,104526
2016-09-02,24.74,24.94,25.1,24.6,35339
2016-09-06,24.9,24.83,24.97,24.76,33539
2016-09-07,24.72,24.52,24.77,24.25,74476
2016-09-08,24.39,24.71,24.76,24.39,32589
2016-09-09,24.7,24.36,24.7,24.32,33844
2016-09-12,24.3,24.65,25.05,23.931,43600
2016-09-13,24.47,24.06,24.729,23.99,33329
2016-09-14,24.02,23.91,24.25,23.86,28908
2016-09-15,24.0,24.29,24.4,23.83,47809
2016-09-16,24.28,24.34,24.49,23.87,71209
2016-09-19,24.34,24.38,24.74,24.2301,24511
2016-09-20,24.44,24.4,24.565,24.25,22775
2016-09-21,24.47,24.83,25.01,24.47,32695
2016-09-22,24.87,25.03,25.19,24.73,30241
2016-09-23,25.03,24.78,25.12,24.76,24076
2016-09-26,24.61,24.04,24.67,23.96,39028
2016-09-27,24.09,24.23,24.35,24.0,30206
2016-09-28,24.29,24.49,24.64,24.03,31819
2016-09-29,24.56,24.51,25.16,24.36,55325
2016-09-30,24.63,25.05,25.34,24.42,59182
2016-10-03,24.98,25.16,25.37,24.795,38075
2016-10-04,25.37,25.32,25.44,24.96,28734
2016-10-05,25.3,25.57,25.87,25.29,42730
2016-10-06,25.64,24.99,25.64,24.63,39481
2016-10-07,25.07,24.95,25.07,24.65,48447
2016-10-10,25.1,25.22,25.35,25.0,16734
2016-10-11,25.06,24.83,25.34,24.7,47867
2016-10-12,25.02,24.99,25.26,24.74,72472
2016-10-13,24.79,24.42,24.7929,24.335,48091
2016-10-14,24.68,24.73,25.06,24.63,35150
2016-10-17,24.81,24.56,24.97,24.48,30247
2016-10-18,24.8,24.52,24.8,24.48,98915
2016-10-19,24.52,24.89,25.07,24.5,52749
2016-10-20,24.89,24.66,24.96,24.56,27400
2016-10-21,24.46,24.76,24.85,24.04,31920
2016-10-24,24.93,24.91,25.25,24.78,26358
2016-10-25,24.92,25.04,25.15,24.71,38073
2016-10-26,24.93,24.65,25.05,24.57,76298
2016-10-27,24.76,24.78,25.36,24.49,34318
2016-10-28,24.89,24.54,24.89,24.38,49006
2016-10-31,24.56,24.37,25.13,24.32,78359
2016-11-01,24.51,24.19,25.08,24.08,81664
2016-11-02,24.19,23.69,24.19,23.32,37955
2016-11-03,23.71,23.41,24.22,23.4,41948
2016-11-04,23.4,23.48,23.79,23.19,52457
2016-11-07,24.04,24.09,24.52,23.481,43023
2016-11-08,24.03,23.83,24.04,23.7,51341
2016-11-09,24.13,24.2,24.69,24.0,130550
2016-11-10,24.66,24.19,24.66,24.03,276193
2016-11-11,24.2,24.46,25.39,24.2,207475
2016-11-14,24.68,24.96,25.15,23.625,227816
2016-11-15,24.98,25.0,25.46,24.33,468032
2016-11-16,24.84,25.89,25.98,24.84,218235
2016-11-17,25.9,26.76,26.89,25.82,132193
2016-11-18,26.72,27.33,27.92,26.72,211922
2016-11-21,27.57,27.08,27.57,26.95,147558
2016-11-22,27.2,27.9,28.268,26.69,113281
2016-11-23,27.88,28.0,28.23,27.52,81666
2016-11-25,27.91,28.26,28.29,27.7,42175
2016-11-28,28.15,28.01,28.68,27.97,106702
2016-11-29,28.09,28.15,29.04,27.83,192313
2016-11-30,28.49,28.32,28.61,28.13,98533
2016-12-01,28.35,29.12,29.13,28.335,103547
2016-12-02,29.15,29.26,29.48,28.61,79350
2016-12-05,29.58,29.98,30.11,29.38,81751
2016-12-06,30.23,30.19,30.65,30.0,110193
2016-12-07,30.43,31.04,31.27,30.08,74329
2016-12-08,31.15,31.07,31.33,30.82,108412
2016-12-09,31.0,30.98,31.4,30.91,96174
2016-12-12,30.99,30.5,31.25,30.47,131725
2016-12-13,30.73,31.14,31.33,30.08,121450
2016-12-14,31.32,30.89,31.7452,30.73,128838
2016-12-15,31.0,30.96,31.48,30.27,133723
2016-12-16,31.05,31.05,31.41,30.79,252381
2016-12-19,31.05,31.1,31.31,30.74,182928
2016-12-20,31.31,31.24,31.6,31.04,85888
2016-12-21,30.97,31.23,31.42,30.84,95550
2016-12-22,31.09,30.55,31.255,30.28,141150
2016-12-23,30.59,31.0,31.01,30.38,35657
2016-12-27,30.93,30.88,31.07,30.851,40279
2016-12-28,30.97,31.04,31.08,30.5401,108699
2016-12-29,31.07,31.25,31.33,30.7,79253
2016-12-30,31.25,31.12,31.45,30.89,33421
2017-01-03,31.62,31.63,31.71,31.03,75769
2017-01-04,31.95,32.16,32.365,31.81,103991
2017-01-05,32.11,31.38,32.11,31.01,99253
2017-01-06,31.41,31.24,31.62,31.095,26907
2017-01-09,31.28,30.78,31.28,30.77,85660
2017-01-10,31.01,31.2,31.67,30.85,93907
2017-01-11,31.14,31.13,31.21,30.87,46567
2017-01-12,30.93,30.67,30.981,30.36,45033
2017-01-13,30.77,30.78,31.16,30.72,58835
2017-01-17,30.79,30.31,30.79,30.255,68471
2017-01-18,30.6,30.57,30.68,30.13,61612
2017-01-19,30.58,30.49,30.58,30.14,149246
2017-01-20,30.52,30.42,30.72,30.315,78193
2017-01-23,30.39,30.43,30.705,30.33,66147
2017-01-24,30.59,30.97,31.15,30.4,80188
2017-01-25,31.26,31.32,31.39,31.05,44392
2017-01-26,31.47,31.38,31.47,31.06,41243
2017-01-27,31.48,31.4,31.53,31.25,41100
2017-01-30,31.05,31.23,31.3,30.7,79945
2017-01-31,31.16,31.1,31.27,30.71,103759
2017-02-01,31.1,31.55,31.9,31.1,82796
2017-02-02,33.13,32.7,34.66,32.49,364778
2017-02-03,33.04,32.76,33.13,32.56,195413
2017-02-06,32.84,32.57,32.95,32.0818,179376
2017-02-07,31.73,31.6,32.43,30.99,497584
2017-02-08,31.16,29.7,31.39,29.51,579810
2017-02-09,29.66,29.7,30.505,29.53,4480656
2017-02-10,29.89,30.23,30.45,29.82,932619
2017-02-13,30.65,30.67,30.875,30.33,570937
2017-02-14,30.67,32.3,32.59,30.33,752567
2017-02-15,32.3,32.46,32.89,32.245,534087
2017-02-16,32.35,32.51,32.63,32.28,378640
2017-02-17,32.49,31.4,32.49,31.39,596212
2017-02-21,31.46,31.63,32.05,31.46,404391
2017-02-22,31.57,31.73,31.86,31.45,489071
2017-02-23,31.67,31.87,32.08,31.47,350980
2017-02-24,31.8,31.79,31.8769,31.44,188715
2017-02-27,31.65,32.0,32.0,31.54,247036
2017-02-28,31.74,31.29,31.8,31.45,398644
2017-03-01,31.85,32.24,32.33,31.37,851695
2017-03-02,32.0,32.16,32.26,31.88,243567
2017-03-03,32.14,32.2,32.425,32.0093,167740
2017-03-06,32.31,32.19,32.51,31.96,252163
2017-03-07,32.28,32.48,32.72,32.01,255565
2017-03-08,32.52,32.42,32.79,32.33,167742
2017-03-09,32.35,32.53,32.57,32.1,252849
2017-03-10,32.71,32.88,32.95,32.54,113921
2017-03-13,32.72,32.58,33.13,32.41,290401
2017-03-14,32.35,32.04,32.58,31.88,132944
2017-03-15,32.16,32.39,32.69,32.1286,199854
2017-03-16,32.53,33.6,33.72,32.39,321318
2017-03-17,33.59,33.46,33.59,32.871,557958
2017-03-20,33.32,33.03,33.67,32.885,233640
2017-03-21,33.33,32.64,33.63,32.59,287327
2017-03-22,32.47,32.43,32.93,32.37,223913
2017-03-23,32.32,32.61,32.74,32.15,184285
2017-03-24,32.77,32.79,33.05,32.42,256624
2017-03-27,32.21,33.42,33.6,32.0,384969
2017-03-28,33.31,33.73,33.75,33.1,342134
2017-03-29,33.63,33.95,34.15,33.53,217078
2017-03-30,33.93,34.46,34.53,33.93,223648
2017-03-31,34.4,34.45,34.95,34.07,910495
2017-04-03,34.47,33.65,34.6,33.14,253699
2017-04-04,33.54,33.65,33.7,33.19,180000
2017-04-05,33.93,33.06,34.1,33.03,196323
2017-04-06,33.17,33.95,34.01,33.0,192706
2017-04-07,33.6,33.62,34.07,33.29,255609
2017-04-10,33.63,33.29,33.68,33.12,175753
2017-04-11,33.21,33.28,33.29,32.73,210413
2017-04-12,33.11,33.26,33.48,32.87,241999
2017-04-13,33.05,32.63,33.6,32.61,384571
2017-04-17,32.64,32.71,32.775,32.35,199989
2017-04-18,32.73,32.71,32.7625,32.08,137622
2017-04-19,32.89,32.99,33.1,32.55,162798
2017-04-20,33.14,33.41,33.52,32.9,185053
2017-04-21,33.3,32.84,33.43,32.82,159542
2017-04-24,33.41,33.45,33.76,33.28,135064
2017-04-25,33.75,33.84,34.35,33.75,201085
2017-04-26,33.85,33.8,34.37,33.76,213725
2017-04-27,33.85,33.63,34.08,33.58,139975
2017-04-28,33.57,33.54,33.67,33.29,180636
2017-05-01,33.56,33.61,34.1,33.43,171128
2017-05-02,33.59,33.59,33.99,33.37,129795
2017-05-03,33.51,33.84,33.89,33.4755,113889
2017-05-04,33.96,33.86,34.11,33.45,162949
2017-05-05,33.92,33.77,34.19,33.28,196762
2017-05-08,33.79,33.85,34.3099,33.61,133660
2017-05-09,33.99,33.97,34.02,33.48,187226
2017-05-10,35.0,35.97,36.65,34.97,677443
2017-05-11,35.2,34.93,35.83,34.73,375585
2017-05-12,34.58,34.48,35.07,34.44,205477
2017-05-15,34.64,34.82,34.91,34.5,114426
2017-05-16,34.79,35.23,35.25,34.56,141149
2017-05-17,34.75,33.74,34.96,33.64,185818
2017-05-18,33.71,33.83,34.32,33.71,102827
2017-05-19,33.81,34.12,34.315,33.81,104423
2017-05-22,34.19,34.28,34.51,34.02,138706
2017-05-23,34.43,33.75,34.43,33.53,138040
2017-05-24,33.65,33.54,33.78,33.35,190819
2017-05-25,33.61,33.45,34.08,33.34,226846
2017-05-26,33.47,33.65,33.81,33.24,174068
2017-05-30,33.49,33.35,33.78,33.24,128612
2017-05-31,33.4,33.57,33.58,32.72,167974
2017-06-01,33.64,34.51,34.51,33.54,175826
2017-06-02,34.42,34.3,34.86,34.0,117169
2017-06-05,34.36,33.72,34.36,33.72,201888
2017-06-06,33.41,33.45,33.72,33.24,154848
2017-06-07,33.45,33.48,33.79,33.39,111258
2017-06-08,33.51,33.5,33.8,33.44,136431
2017-06-09,33.6,33.82,33.92,33.49,227133
2017-06-12,33.79,34.59,34.63,33.79,257187
2017-06-13,34.68,34.53,34.92,34.32,133778
2017-06-14,34.47,34.77,34.81,34.245,101232
2017-06-15,34.41,34.33,34.75,34.24,118399
2017-06-16,34.12,34.29,34.66,33.97,259795
2017-06-19,34.69,34.9,35.525,34.6709,242283
2017-06-20,35.0,34.82,35.04,34.51,98831
2017-06-21,34.78,34.7,35.04,34.645,103713
2017-06-22,34.7,34.92,35.07,34.64,120995
2017-06-23,34.92,34.39,34.96,34.26,165986
2017-06-26,34.65,34.38,34.7003,34.16,108821
2017-06-27,34.49,34.48,34.75,34.36,140618
2017-06-28,34.78,34.73,35.36,34.62,77180
2017-06-29,35.03,34.84,35.05,34.525,101648
2017-06-30,34.98,34.9,35.01,34.52,220397
2017-07-03,35.06,35.23,35.43,34.935,83591
2017-07-05,35.23,35.5,35.82,35.04,266167
2017-07-06,35.44,35.57,35.65,35.01,220778
2017-07-07,35.87,35.94,36.08,35.57,206214
2017-07-10,36.07,36.58,36.66,35.9,233020
2017-07-11,36.6,36.75,36.84,36.23,192096
2017-07-12,36.92,36.77,37.04,36.66,246161
2017-07-13,36.86,36.99,37.25,36.65,163249
2017-07-14,36.81,36.59,37.02,36.44,166217
2017-07-17,36.41,36.77,37.01,36.13,152789
2017-07-18,36.68,36.82,36.82,36.59,141686
2017-07-19,36.88,36.98,37.2,36.875,209080
2017-07-20,37.03,36.95,37.22,36.75,141464
2017-07-21,37.13,36.78,37.13,36.72,133671
2017-07-24,36.87,36.74,37.3194,36.57,157556
2017-07-25,36.88,37.94,38.08,36.78,197057
2017-07-26,38.91,38.6,39.68,38.26,434401
2017-07-27,38.63,37.68,38.765,37.51,752648
2017-07-28,37.7,37.14,38.04,37.14,174407
2017-07-31,37.1,37.18,37.38,37.02,170791
2017-08-01,37.39,37.21,37.5725,36.96,144874
2017-08-02,37.19,36.63,37.45,36.53,116366
2017-08-03,36.69,36.27,36.75,36.12,158768
2017-08-04,36.56,36.39,36.56,36.19,86109
2017-08-07,36.51,36.05,36.51,35.78,100764
2017-08-08,35.88,35.79,36.3,35.76,98590
2017-08-09,35.61,35.36,35.75,35.18,152876
2017-08-10,35.04,34.88,35.2221,34.8,158143
2017-08-11,35.01,35.1,35.39,34.77,225471
2017-08-14,35.1,36.3,36.35,35.1,292819
2017-08-15,36.45,35.4,36.6,35.38,139437
2017-08-16,35.56,35.43,35.64,35.29,119153
2017-08-17,35.33,34.86,35.65,34.85,163765
2017-08-18,34.57,35.49,35.52,34.41,204302
2017-08-21,35.39,35.71,35.735,35.135,165294
2017-08-22,35.79,35.54,35.89,35.47,137138
2017-08-23,35.4,35.69,35.82,35.35,155481
2017-08-24,35.86,35.99,36.12,35.62,145165
2017-08-25,36.0,36.21,36.24,35.75,150807
2017-08-28,36.22,36.14,36.36,35.855,745895
2017-08-29,35.97,35.47,36.09,35.59,200738
2017-08-30,35.47,35.79,35.91,35.47,192236
2017-08-31,35.95,36.05,36.05,35.72,174915
2017-09-01,35.97,36.27,36.36,35.97,131021
2017-09-05,36.21,35.7,36.26,35.56,289669
2017-09-06,35.8,35.69,35.98,35.58,254065
2017-09-07,35.6,35.68,35.69,35.15,296948
2017-09-08,35.73,35.84,35.99,35.72,234565
2017-09-11,36.29,36.1,36.29,35.98,242010
2017-09-12,36.01,36.94,37.01,35.98,857497
2017-09-13,36.97,36.47,36.98,36.3,243958
2017-09-14,36.49,36.48,36.75,36.38,432618
2017-09-15,36.43,36.37,36.57,35.99,680411
2017-09-18,36.44,37.04,37.11,36.44,145186
2017-09-19,36.95,37.5,37.54,36.87,230678
2017-09-20,37.51,37.73,37.8499,37.17,190953
2017-09-21,37.72,38.28,38.44,37.72,186249
2017-09-22,38.25,38.07,38.33,37.76,143816
2017-09-25,38.0,37.51,38.09,37.365,108276
2017-09-26,37.67,37.57,37.74,37.33,157180
2017-09-27,38.15,38.55,38.59,37.76,198639
2017-09-28,38.51,39.31,39.34,38.15,207954
2017-09-29,39.07,39.13,39.365,38.86,163164
2017-10-02,39.16,39.45,39.46,38.89,122959
2017-10-03,39.52,40.06,40.21,39.42,207643
2017-10-04,40.13,40.23,40.5,39.83,129613
2017-10-05,40.28,40.33,40.63,40.16,89620
2017-10-06,40.16,39.41,40.35,39.41,227089
2017-10-09,39.5,39.29,39.69,39.15,3433663
2017-10-10,39.44,39.25,39.44,39.05,115657
2017-10-11,39.32,39.42,39.895,39.05,174636
2017-10-12,39.45,39.89,40.02,39.38,159178
2017-10-13,39.94,39.96,40.03,39.6,150438
2017-10-16,40.0,40.47,40.63,39.97,156420
2017-10-17,40.52,40.48,40.57,40.24,202023
2017-10-18,40.6,41.35,41.47,40.576,191657
2017-10-19,41.21,41.38,41.48,40.815,175664
2017-10-20,41.78,41.56,41.78,41.37,138599
2017-10-23,41.59,41.51,41.59,41.12,225719
2017-10-24,41.57,41.92,42.12,41.21,246289
2017-10-25,44.15,43.37,44.15,42.59,579741
2017-10-26,41.59,41.33,41.68,40.69,2092301
2017-10-27,41.3,41.73,41.87,41.11,297940
2017-10-30,41.79,41.28,42.16,41.16,568317
2017-10-31,41.51,41.63,41.91,41.15,454166
2017-11-01,41.63,41.78,41.95,41.42,393767
2017-11-02,41.78,41.63,41.95,41.48,175583
2017-11-03,41.65,41.43,41.65,41.27,200401
2017-11-06,41.38,41.56,41.79,41.33,134078
2017-11-07,41.78,40.9,41.85,40.87,150129
2017-11-08,41.04,41.68,41.71,40.69,287449
2017-11-09,41.46,41.67,41.77,41.3,361342
2017-11-10,41.8,41.78,41.95,41.68,206284
2017-11-13,41.74,42.09,42.9,41.53,350502
2017-11-14,41.88,42.38,42.38,41.78,245879
2017-11-15,42.14,42.4,42.46,41.83,197228
2017-11-16,42.5,42.37,42.65,42.27,157431
2017-11-17,42.13,42.41,42.665,42.13,257985
2017-11-20,42.49,43.42,43.57,42.49,220746
2017-11-21,43.6,44.19,44.43,43.43,140263
2017-11-22,44.36,43.99,44.39,43.88,123457
2017-11-24,44.13,44.31,44.49,43.95,77911
2017-11-27,44.31,43.85,44.38,43.75,153430
2017-11-28,44.02,44.27,44.31,43.6,116336
2017-11-29,44.35,44.4,45.12,44.22,126092
2017-11-30,44.65,44.44,44.91,44.37,234167
2017-12-01,44.49,43.97,44.49,42.81,145763
2017-12-04,44.51,44.84,44.89,44.41,155461
2017-12-05,44.86,44.2,45.139,44.171,126809
2017-12-06,43.98,44.26,44.33,43.69,156391
2017-12-07,43.83,44.26,44.395,43.83,99931
2017-12-08,44.44,44.79,44.85,44.07,87211
2017-12-11,44.87,45.06,45.3,44.47,217753
2017-12-12,45.12,45.52,45.86,45.0555,175910
2017-12-13,45.45,45.51,46.3,45.33,320072
2017-12-14,45.61,45.47,46.02,45.11,238214
2017-12-15,45.51,46.02,46.21,44.88,606503
2017-12-18,46.33,45.64,46.99,45.45,157519
2017-12-19,45.63,45.28,45.858,45.0,108036
2017-12-20,45.45,45.09,45.45,44.8,124787
2017-12-21,45.38,45.47,45.72,44.64,123299
2017-12-22,45.91,45.84,45.91,45.32,155998
2017-12-26,45.99,45.78,46.7,45.35,95227
2017-12-27,45.78,45.36,46.06,45.18,186350
2017-12-28,45.33,45.75,45.75,45.12,136558
2017-12-29,45.67,45.43,45.67,45.19,145305
2018-01-02,45.57,45.79,45.8,45.215,190477
2018-01-03,45.93,45.85,46.23,45.68,120720
2018-01-04,46.1,46.14,46.38,45.9,149908
2018-01-05,46.29,45.7,46.31,45.63,121888
2018-01-08,45.9,46.88,46.99,45.52,211351
2018-01-09,47.12,48.07,48.46,47.05,276741
2018-01-10,48.25,48.73,49.184,48.07,253737
2018-01-11,48.91,49.62,49.63,48.5,210851
2018-01-12,49.74,50.25,50.71,49.71,304762
2018-01-16,51.0,50.14,51.45,50.08,248603
2018-01-17,50.14,50.22,50.26,49.66,222141
2018-01-18,50.25,50.25,50.4897,50.08,167317
2018-01-19,50.15,50.5,50.69,50.15,200300
2018-01-22,50.38,50.9,51.04,50.38,145774
2018-01-23,51.16,51.1,51.35,50.78,112778
2018-01-24,51.15,51.55,51.63,51.0,139282
2018-01-25,51.79,50.96,51.79,50.78,251140
2018-01-26,51.35,51.32,51.4,50.71,288423
2018-01-29,51.33,51.07,51.5,50.85,263941
2018-01-30,51.6,49.87,52.81,49.24,539685
2018-01-31,50.04,47.7,50.04,47.42,348168
2018-02-01,47.58,48.29,48.33,46.69,330351
2018-02-02,47.95,47.34,48.04,46.868,201392
2018-02-05,46.56,45.08,47.401,44.77,275410
2018-02-06,44.1,45.71,45.84,43.73,396788
2018-02-07,45.55,47.05,47.27,45.55,270975
2018-02-08,47.12,46.06,47.14,46.06,278522
2018-02-09,46.71,45.87,46.79,44.83,300997
2018-02-12,45.91,46.45,46.83,45.52,209136
2018-02-13,46.31,47.08,47.3294,46.31,250191
2018-02-14,46.93,47.0,47.57,46.93,415321
2018-02-15,47.39,46.28,47.405,45.79,335495
2018-02-16,46.01,46.16,46.76,46.01,222737
2018-02-20,45.96,46.48,47.07,45.92,214919
2018-02-21,46.73,46.41,47.4,46.38,198998
2018-02-22,46.54,46.28,47.12,46.115,225399
2018-02-23,46.37,46.59,46.66,46.11,135766
2018-02-26,46.72,47.36,47.84,46.52,194261
2018-02-27,47.31,46.59,47.88,46.58,128543
2018-02-28,46.67,46.22,47.14,46.33,165108
2018-03-01,46.08,45.39,46.162,44.755,198601
2018-03-02,45.1,45.4,45.59,44.76,193083
2018-03-05,45.02,45.7,45.98,44.83,181944
2018-03-06,46.0,46.0,46.11,45.3,150710
2018-03-07,45.63,46.02,46.165,45.51,192043
2018-03-08,46.02,46.3,46.44,45.7,149591
2018-03-09,46.5,48.17,48.18,46.06,187064
2018-03-12,48.0,48.38,48.95,48.0,291135
2018-03-13,46.98,47.44,47.69,46.36,3164317
2018-03-14,47.5,47.89,48.07,47.18,417186
2018-03-15,48.07,47.07,48.22,46.95,267925
2018-03-16,46.95,47.41,47.58,46.825,532442
2018-03-19,47.47,47.46,47.79,46.92,231112
2018-03-20,47.46,47.53,47.78,47.16,253750
2018-03-21,47.36,47.5,47.87,46.9153,191839
2018-03-22,47.1,45.49,47.48,45.48,263924
2018-03-23,45.59,43.88,45.59,43.86,451859
2018-03-26,44.49,45.12,45.27,44.22,242082
2018-03-27,45.05,43.75,45.225,43.52,209679
2018-03-28,43.9,43.6,44.19,43.22,307484
2018-03-29,43.98,44.6,45.02,43.79,244158
2018-04-02,44.4,43.65,44.715,43.39,248532
2018-04-03,44.06,44.08,44.34,43.49,178241
2018-04-04,43.1,44.18,44.42,43.1,280607
2018-04-05,45.0,45.01,45.5,44.64,213925
2018-04-06,44.47,43.57,44.92,43.23,182772
2018-04-09,43.96,43.73,44.43,43.6,132351
2018-04-10,44.29,44.23,44.55,43.92,147236
2018-04-11,43.98,44.69,44.96,43.92,197733
2018-04-12,44.74,44.9,45.13,44.4,102378
2018-04-13,45.21,44.55,45.21,44.465,121702
2018-04-16,44.89,44.93,45.36,44.73,135216
2018-04-17,45.25,45.52,45.7,45.08,191341
2018-04-18,45.7,45.2,45.76,45.19,166063
2018-04-19,45.28,45.5,45.77,45.28,96587
2018-04-20,45.43,45.27,45.68,45.2,163743
2018-04-23,45.28,45.15,45.7237,44.95,106034
2018-04-24,45.3,44.46,45.57,44.18,150825
2018-04-25,44.27,43.8,44.42,43.51,166701
2018-04-26,43.92,44.63,44.67,43.86,125757
2018-04-27,44.6,44.36,44.76,44.04,117836
2018-04-30,44.45,44.5,44.9,44.14,177143
2018-05-01,44.4,44.96,45.01,44.14,132738
2018-05-02,44.91,44.26,44.92,44.09,144006
2018-05-03,44.17,44.45,44.6,43.6,98435
2018-05-04,44.32,45.28,45.57,44.07,90047
2018-05-07,45.36,46.04,46.25,45.06,144525
2018-05-08,45.78,46.7,47.06,45.78,155494
2018-05-09,46.79,47.22,47.27,46.18,168178
2018-05-10,48.92,49.17,50.74,48.0,442312
2018-05-11,48.91,48.89,49.83,48.44,271342
2018-05-14,49.0,48.6,49.48,48.29,232154
2018-05-15,48.39,49.44,49.6625,48.39,366243
2018-05-16,49.52,48.86,49.765,48.66,203796
2018-05-17,48.88,48.86,49.17,48.69,270550
2018-05-18,49.02,48.49,49.02,48.48,197758
2018-05-21,48.66,49.4,49.44,48.66,102564
2018-05-22,49.5,50.23,50.82,48.85,171715
2018-05-23,50.29,50.16,50.32,49.7,142245
2018-05-24,49.94,49.81,50.47,49.22,104047
2018-05-25,49.66,50.15,50.21,49.44,99040
2018-05-29,49.69,49.5,50.185,48.92,374490
2018-05-30,49.91,49.15,50.39,49.11,480089
2018-05-31,49.5,48.62,49.55,48.56,1806157
2018-06-01,48.9,48.6,49.49,48.56,634990
2018-06-04,48.91,49.1,49.35,48.74,468922
2018-06-05,49.13,49.36,49.545,48.67,234537
2018-06-06,49.45,50.07,50.25,49.45,551490
2018-06-07,50.15,49.52,50.24,49.26,221430
2018-06-08,49.64,50.23,50.33,49.49,339493
2018-06-11,50.4,50.14,50.92,50.12,290458
2018-06-12,50.06,50.01,50.51,49.76,212624
2018-06-13,50.2,50.03,50.72,50.01,486909
2018-06-14,50.09,50.73,50.76,49.54,259424
2018-06-15,50.39,50.78,50.95,50.19,338089
2018-06-18,50.46,51.91,52.0,50.46,304612
2018-06-19,51.48,51.86,51.94,51.285,201682
2018-06-20,52.07,52.52,52.86,52.07,246433
2018-06-21,52.29,51.86,52.38,51.09,483012
2018-06-22,52.07,52.43,52.51,51.68,926890
2018-06-25,52.37,51.48,52.37,51.24,634861
2018-06-26,51.46,51.99,52.05,51.32,277319
2018-06-27,51.96,51.11,52.03,51.05,582697
2018-06-28,51.0,51.43,51.71,50.91,373161
2018-06-29,51.67,51.22,51.78,51.15,363192
2018-07-02,51.0,51.4,51.52,50.63,316031
2018-07-03,51.77,51.19,51.77,51.08,96062
2018-07-05,51.47,50.81,51.47,50.0,197804
2018-07-06,50.86,50.88,51.13,50.56,199847
2018-07-09,51.0,51.56,51.57,50.79,280601
2018-07-10,51.7,50.88,51.7,50.71,145712
2018-07-11,50.75,50.63,50.86,50.3,213435
2018-07-12,51.1,50.7,51.1,50.12,145552
2018-07-13,50.67,50.65,50.91,50.205,134793
2018-07-16,50.72,51.35,51.44,50.7,102358
2018-07-17,51.36,51.14,51.51,51.0,139853
2018-07-18,51.2,52.16,52.18,51.18,125447
2018-07-19,52.05,51.85,52.08,51.65,119904
2018-07-20,51.86,51.94,52.065,51.71,110051
2018-07-23,51.94,52.89,53.0,51.92,143988
2018-07-24,53.14,52.8,53.2,52.54,122350
2018-07-25,53.11,52.6,53.14,52.135,145364
2018-07-26,52.67,52.71,52.93,52.17,167369
2018-07-27,51.05,49.14,51.14,48.67,956938
2018-07-30,48.95,48.4,49.36,47.69,430724
2018-07-31,48.53,49.16,49.185,48.17,414754
2018-08-01,49.16,49.02,49.42,48.26,369866
2018-08-02,48.73,48.66,49.31,48.42,913568
2018-08-03,48.64,47.98,49.18,47.92,276301
2018-08-06,47.85,47.92,48.595,47.68,277425
2018-08-07,48.03,47.7,48.56,47.5,240187
2018-08-08,47.54,47.88,48.04,47.415,259772
2018-08-09,47.96,47.91,48.12,47.39,298547
2018-08-10,47.57,48.21,48.62,47.16,414979
2018-08-13,48.28,47.84,48.71,47.52,322740
2018-08-14,48.05,48.45,48.66,47.55,302961
2018-08-15,48.16,47.7,48.79,47.32,331940
2018-08-16,48.08,48.0,48.65,47.77,205382
2018-08-17,47.87,47.94,48.25,47.695,137793
2018-08-20,48.0,47.47,48.53,47.27,301925
2018-08-21,47.36,47.78,48.0,47.325,277865
2018-08-22,47.85,47.6,48.38,47.41,303272
2018-08-23,47.57,47.28,47.68,46.85,168372
2018-08-24,47.42,47.32,47.66,47.25,208696
2018-08-27,47.58,47.64,48.1585,47.47,200135
2018-08-28,47.8,47.37,47.93,47.26,136747
2018-08-29,47.57,47.0,47.57,46.85,121767
2018-08-30,47.19,47.06,47.57,46.88,114719
2018-08-31,46.85,47.03,47.3,46.61,188213
2018-09-04,46.75,47.0,47.34,46.65,204100
2018-09-05,46.93,46.72,47.19,46.5,209954
2018-09-06,46.8,46.41,47.1,46.27,171389
2018-09-07,46.34,45.87,46.34,45.54,212955
2018-09-10,46.05,45.93,46.38,45.3075,348529
2018-09-11,45.77,46.01,46.35,45.64,184384
2018-09-12,45.95,46.39,46.52,45.51,431848
2018-09-13,46.36,47.05,47.08,46.34,259859
2018-09-14,46.93,47.39,47.8,46.93,213116
2018-09-17,47.38,46.58,47.45,46.42,160005
2018-09-18,46.87,46.2,46.87,45.96,161995
2018-09-19,46.06,46.32,46.5,45.98,151434
2018-09-20,46.5,46.35,46.74,46.01,193989
2018-09-21,46.5,46.57,47.04,46.285,640716
2018-09-24,46.41,46.11,46.41,45.9,174780
2018-09-25,46.13,46.11,46.454,45.95,198719
2018-09-26,46.11,45.49,46.46,45.48,293711
2018-09-27,45.49,45.26,45.76,45.24,152088
2018-09-28,44.93,44.93,45.39,44.68,218880
2018-10-01,45.11,45.14,45.45,44.82,159004
2018-10-02,45.0,44.7,45.0674,44.54,154660
2018-10-03,44.9,44.48,44.9,44.08,184859
2018-10-04,44.5,44.23,44.85,44.19,252160
2018-10-05,44.37,44.04,44.5112,43.53,259751
2018-10-08,43.75,43.32,43.91,42.67,297240
2018-10-09,43.12,43.96,44.02,43.01,225201
2018-10-10,43.9,43.15,44.19,43.14,386895
2018-10-11,42.91,42.03,43.26,41.98,302397
2018-10-12,42.57,42.47,42.77,41.89,239299
2018-10-15,42.36,42.81,43.09,42.28,178238
2018-10-16,43.03,43.74,43.78,42.58,124306
2018-10-17,43.61,43.5,44.07,42.78,141963
2018-10-18,43.32,42.41,43.42,42.274,125137
2018-10-19,42.41,41.92,42.46,41.83,206616
2018-10-22,42.05,41.82,42.32,41.74,164881
2018-10-23,41.12,41.08,41.415,39.91,333263
2018-10-24,41.0,39.21,41.13,39.14,413165
2018-10-25,39.29,39.08,39.7162,38.85,666057
2018-10-26,40.8,39.4,42.98,39.39,564904
2018-10-29,39.93,39.94,40.63,39.35,205628
2018-10-30,40.02,41.31,41.34,39.76,274431
2018-10-31,41.83,41.18,42.19,41.07,443070
2018-11-01,41.49,42.22,42.43,41.09,197108
2018-11-02,42.61,41.08,42.67,41.0,247083
2018-11-05,41.1,41.07,41.68,40.26,193946
2018-11-06,40.91,42.0,42.07,40.71,192720
2018-11-07,42.18,42.15,42.3,41.75,178355
2018-11-08,42.03,42.56,42.61,41.9,146796
2018-11-09,42.43,41.79,42.43,41.7,215599
2018-11-12,41.93,40.97,41.93,40.93,124303
2018-11-13,41.22,40.89,41.56,40.45,195199
2018-11-14,41.2,40.53,41.44,40.29,284026
2018-11-15,40.26,41.35,41.38,39.79,217967
2018-11-16,41.13,41.52,41.61,40.7,152873
2018-11-19,41.52,40.65,41.8,40.25,171697
2018-11-20,40.2,40.25,40.75,39.4409,321844
2018-11-21,40.44,40.66,41.11,40.44,122149
2018-11-23,40.5,41.0,41.18,40.5,62944
2018-11-26,41.34,41.65,42.02,41.27,186598
2018-11-27,41.5,41.1,41.65,40.99,263006
2018-11-28,41.14,42.38,42.6,40.99,242379
2018-11-29,42.04,42.07,42.51,41.88,245447
2018-11-30,42.04,42.3,42.46,41.84,215131
2018-12-03,42.86,42.68,43.16,42.42,262603
2018-12-04,42.46,40.51,42.46,40.48,499372
2018-12-06,39.94,40.75,40.94,39.59,454456
2018-12-07,40.65,39.9,41.69,39.63,245477
2018-12-10,39.89,40.27,40.35,39.13,428159
2018-12-11,40.76,39.79,41.06,39.3,363224
2018-12-12,40.33,40.61,41.12,40.12,316853
2018-12-13,40.45,39.82,41.02,39.72,235162
2018-12-14,39.52,38.22,40.01,38.09,344160
2018-12-17,38.07,37.19,38.07,37.015,342766
2018-12-18,37.51,36.68,37.6094,36.603,270763
2018-12-19,36.7,35.31,36.885,34.99,239143
2018-12-20,35.16,35.11,35.76,34.9288,416769
2018-12-21,35.08,34.99,35.74,34.77,640651
2018-12-24,35.0,34.76,35.32,34.315,217389
2018-12-26,34.82,36.18,36.22,34.35,219916
2018-12-27,35.65,36.26,36.27,35.067,185284
2018-12-28,36.52,36.94,37.35,36.13,277085
2018-12-31,37.06,36.8,37.15,36.09,216161
2019-01-02,36.25,37.16,37.43,36.25,398648
2019-01-03,36.84,36.64,37.6,36.42,314926
2019-01-04,37.39,38.05,38.46,36.82,251020
2019-01-07,37.65,38.61,38.91,37.01,424564
2019-01-08,38.77,39.7,39.76,38.69,320423
2019-01-09,41.07,41.11,41.32,39.81,645487
2019-01-10,40.88,41.31,41.41,40.75,353960
2019-01-11,41.07,41.32,41.89,40.95,380835
2019-01-14,41.06,41.39,41.85,40.95,276251
2019-01-15,41.29,42.24,42.24,41.22,230770
2019-01-16,42.55,42.52,43.19,42.07,241387
2019-01-17,42.2,42.77,42.89,42.16,168884
2019-01-18,43.03,43.6,44.01,42.87,234692
2019-01-22,43.4,43.14,43.56,42.67,228042
2019-01-23,43.4,43.05,43.4,42.47,179321
2019-01-24,43.05,43.58,43.99,43.05,111234
2019-01-25,43.85,43.97,44.15,43.5,122808
2019-01-28,43.58,43.77,44.11,43.08,146170
2019-01-29,43.7,43.24,43.82,43.043,120488
2019-01-30,45.81,44.6,45.81,44.395,349339
2019-01-31,44.6,44.24,44.87,43.92,284569
2019-02-01,44.41,44.22,44.5,43.99,184964
2019-02-04,44.23,44.71,44.84,43.7,293851
2019-02-05,44.7,44.49,45.04,44.29,113133
2019-02-06,44.49,43.94,44.68,43.89,113282
2019-02-07,43.86,44.16,44.57,43.64,183756
2019-02-08,43.97,44.4,44.75,43.82,92565
2019-02-11,44.46,44.33,44.61,44.13,86060
2019-02-12,44.58,45.21,45.23,44.58,130347
2019-02-13,45.34,45.09,45.91,45.061,292066
2019-02-14,44.9,44.99,45.65,44.7,197489
2019-02-15,45.32,45.6,45.96,45.32,164170
2019-02-19,45.35,45.82,46.07,45.1132,138672
2019-02-20,45.8,46.0,46.14,45.4518,85945
2019-02-21,45.84,45.88,46.17,45.25,103073
2019-02-22,45.92,46.11,46.21,45.465,127399
2019-02-25,46.3,45.61,46.71,45.61,157484
2019-02-26,45.5,45.34,45.76,45.09,280025
2019-02-27,45.35,45.99,46.12,45.05,210287
2019-02-28,45.99,45.71,46.08,45.33,165248
2019-03-01,45.98,46.75,46.7603,45.91,155462
2019-03-04,46.74,46.25,47.07,46.12,208535
2019-03-05,46.2,46.14,46.27,45.64,114825
2019-03-06,46.18,45.64,46.275,45.36,208685
2019-03-07,45.57,45.14,45.57,44.79,121513
2019-03-08,44.92,44.82,45.12,44.49,109343
2019-03-11,44.93,45.57,45.68,44.675,125153
2019-03-12,45.56,45.51,45.85,45.19,107015
2019-03-13,45.59,45.73,45.88,45.39,138177
2019-03-14,45.55,45.88,46.0,45.31,246379
2019-03-15,45.94,46.23,46.3,45.71,465387
2019-03-18,46.28,46.47,47.0,46.16,120876
2019-03-19,46.7,45.76,46.7,45.69,78312
2019-03-20,45.45,44.96,45.48,44.77,187661
2019-03-21,44.59,45.06,45.73,44.59,93555
2019-03-22,45.0,44.56,45.14,43.97,331169
2019-03-25,44.65,44.9,45.115,44.285,211507
2019-03-26,44.91,45.56,45.56,44.69,143518
2019-03-27,45.44,45.43,45.75,45.09,149465
2019-03-28,45.41,45.61,45.62,44.88,128909
2019-03-29,45.61,45.85,46.13,45.14,410913
2019-04-01,46.19,46.72,46.95,46.19,141244
2019-04-02,46.7,46.17,46.7,45.98,244150
2019-04-03,48.0,46.69,48.56,46.425,240135
2019-04-04,46.87,46.73,47.37,46.6,208092
2019-04-05,46.73,46.97,47.19,46.69,157646
2019-04-08,46.69,45.84,46.775,45.27,247821
2019-04-09,45.67,45.36,45.7,45.18,208123
2019-04-10,45.48,46.2,46.22,45.07,140017
2019-04-11,46.28,46.3,46.72,46.02,155348
2019-04-12,46.7,46.52,46.97,46.3,116650
2019-04-15,46.53,46.81,46.88,46.37,136576
2019-04-16,47.06,47.72,47.805,47.02,183442
2019-04-17,47.86,47.64,48.3015,47.12,186943
2019-04-18,47.53,47.66,47.9852,46.97,119367
2019-04-22,47.47,48.78,49.17,47.46,360082
2019-04-23,48.78,48.5,49.23,48.46,239641
2019-04-24,48.47,48.5,48.79,47.88,382092
2019-04-25,48.47,48.72,49.28,48.1,125869
2019-04-26,48.68,49.1,49.2,48.56,132321
2019-04-29,49.16,49.5,49.87,49.16,200520
2019-04-30,49.48,49.32,49.6954,48.9625,307403
2019-05-01,49.29,48.99,49.45,48.815,357108
2019-05-02,48.99,49.12,49.42,48.61,158474
2019-05-03,49.33,49.51,49.72,49.07,403407
2019-05-06,48.8,49.32,49.65,48.5,213167
2019-05-07,48.85,48.3,49.1566,47.96,205824
2019-05-08,48.18,47.31,48.78,47.19,237920
2019-05-09,50.0,49.22,50.0,48.25,581633
2019-05-10,48.99,49.09,49.11,47.84,426165
2019-05-13,48.25,47.4,48.25,46.47,281399
2019-05-14,47.44,47.49,47.705,47.18,147804
2019-05-15,46.67,47.22,47.62,46.42,150658
2019-05-16,47.35,48.09,48.34,47.33,176533
2019-05-17,47.55,46.89,48.0,46.82,187043
2019-05-20,46.63,46.62,46.91,46.39,194393
2019-05-21,46.83,46.65,47.13,46.54,228666
2019-05-22,46.4,46.65,47.07,46.3637,148675
2019-05-23,45.7,45.87,46.68,45.2156,425434
2019-05-24,46.13,46.62,46.71,45.99,215569
2019-05-28,46.53,46.63,47.3,46.46,251858
2019-05-29,45.2,45.75,45.97,44.12,1653062
2019-05-30,46.01,45.62,46.535,45.65,307289
2019-05-31,45.23,45.21,45.73,44.86,473557
2019-06-03,45.14,45.0,45.65,44.86,382764
2019-06-04,45.45,45.5,45.76,45.18,403278
2019-06-05,45.51,45.12,45.52,44.87,344258
2019-06-06,45.08,45.49,45.67,44.8,481656
2019-06-07,45.51,46.28,46.32,45.39,286474
2019-06-10,46.49,46.52,46.95,46.25,258421
2019-06-11,46.87,45.93,47.0,45.48,269703
2019-06-12,46.08,46.07,46.14,45.34,243548
2019-06-13,46.14,45.46,46.36,45.37,159117
2019-06-14,45.49,45.14,45.5,44.83,154492
2019-06-17,45.15,44.67,45.44,44.66,248149
2019-06-18,44.87,45.4,45.65,44.68,179610
2019-06-19,45.5,45.47,45.65,45.15,279532
2019-06-20,45.93,45.62,45.93,45.14,298391
2019-06-21,45.46,45.15,45.55,45.015,361663
2019-06-24,45.21,44.58,45.42,44.49,277504
2019-06-25,44.52,44.03,44.55,43.85,423497
2019-06-26,44.04,43.72,44.3,43.71,223957
2019-06-27,43.8,44.37,44.61,43.75,359821
2019-06-28,44.75,44.53,45.05,44.44,458418
2019-07-01,45.11,44.65,45.21,44.4,229645
2019-07-02,44.61,44.79,44.92,44.42,173609
2019-07-03,45.01,45.64,45.71,45.01,162297
2019-07-05,46.06,45.7,46.34,45.43,153241
2019-07-08,45.5,43.85,45.67,43.25,457630
2019-07-09,43.67,43.71,44.1,43.46,364136
2019-07-10,43.93,43.19,44.16,42.975,288407
2019-07-11,43.18,43.4,43.45,42.0436,332924
2019-07-12,43.37,43.45,43.69,43.04,291516
2019-07-15,43.6,43.02,43.62,42.9,186010
2019-07-16,43.12,43.7,43.87,43.0,156860
2019-07-17,43.55,43.68,43.77,43.42,262350
2019-07-18,43.73,43.75,44.115,43.68,167205
2019-07-19,43.72,43.66,44.13,43.63,125770
2019-07-22,43.84,43.16,44.22,43.09,303124
2019-07-23,43.3,43.14,43.84,43.03,245295
2019-07-24,42.93,44.08,44.12,42.93,293517
2019-07-25,44.14,44.38,44.55,44.02,504616
2019-07-26,45.31,46.82,47.1,45.245,688420
2019-07-29,46.64,46.2,46.78,46.06,285478
2019-07-30,45.0,45.87,46.03,44.72,1454145
2019-07-31,45.98,46.0,46.55,45.55,599366
2019-08-01,46.16,44.91,46.5,44.805,772807
2019-08-02,44.67,44.27,44.72,43.725,498600
2019-08-05,43.45,43.19,43.8899,42.41,334924
2019-08-06,43.53,43.45,43.65,43.005,245976
2019-08-07,42.93,43.2,43.44,42.35,274131
2019-08-08,43.53,44.4,44.51,43.33,308528
2019-08-09,44.23,43.03,44.23,42.96,250580
2019-08-12,42.69,41.97,43.13,41.96,178499
2019-08-13,41.82,43.06,43.2,41.8,372693
2019-08-14,42.06,42.16,42.715,41.915,288779
2019-08-15,42.33,41.93,42.611,41.87,203859
2019-08-16,42.2,42.63,42.94,42.2,389010
2019-08-19,43.3,42.89,43.52,42.46,585452
2019-08-20,42.82,43.48,43.6,42.41,412025
2019-08-21,43.9,44.18,44.67,43.64,456408
2019-08-22,44.36,44.08,44.47,43.72,255679
2019-08-23,43.86,42.59,43.97,42.51,295388
2019-08-26,42.99,42.83,43.22,42.54,218633
2019-08-27,43.0,42.49,43.13,42.275,232842
2019-08-28,42.3,43.03,43.16,42.3,230441
2019-08-29,43.5,43.98,44.17,43.355,312429
2019-08-30,44.25,44.18,44.48,43.825,223340
2019-09-03,43.99,43.69,44.22,43.5,345499
2019-09-04,44.11,43.95,44.62,43.85,228109
2019-09-05,44.46,44.61,45.3,44.3,331451
2019-09-06,44.61,44.49,44.94,44.12,261049
2019-09-09,44.75,45.25,45.56,44.57,262871
2019-09-10,45.34,45.53,45.705,44.94,389104
2019-09-11,45.78,46.37,46.37,45.35,377426
2019-09-12,46.27,46.24,46.6,45.735,510665
2019-09-13,46.69,46.46,47.16,45.92,541437
2019-09-16,46.19,46.52,46.89,46.19,272805
2019-09-17,46.28,46.69,46.72,45.97,224263
2019-09-18,46.54,46.59,46.665,45.83,315558
2019-09-19,46.46,46.02,47.02,45.9901,272305
2019-09-20,46.08,45.8,46.66,45.65,1074429
2019-09-23,45.52,45.45,45.66,44.68,207376
2019-09-24,45.58,43.59,45.63,43.51,401211
2019-09-25,43.77,44.89,44.9,43.59,426593
2019-09-26,44.87,44.19,44.96,44.07,286918
2019-09-27,44.5,44.65,44.67,43.79,439399
2019-09-30,44.85,45.1,45.62,44.81,352562
2019-10-01,45.28,44.15,45.4,44.08,323291
2019-10-02,43.75,43.05,43.87,42.85,256866
2019-10-03,42.94,43.11,43.5099,42.54,434325
2019-10-04,43.06,43.95,43.99,43.03,182634
2019-10-07,43.76,43.94,44.38,43.63,193550
2019-10-08,43.6,43.71,44.07,43.38,220408
2019-10-09,44.24,43.9,44.25,43.8,143984
2019-10-10,44.12,44.05,44.58,43.94,239573
2019-10-11,44.93,45.17,45.59,44.85,221509
2019-10-14,44.94,45.16,45.34,44.83,135028
2019-10-15,45.31,45.99,46.35,45.2,197891
2019-10-16,45.82,46.16,46.23,45.82,302289
2019-10-17,46.55,46.94,47.02,46.38,306794
2019-10-18,46.77,47.0,47.68,46.77,289387
2019-10-21,47.33,47.45,47.535,47.05,230181
2019-10-22,47.35,47.36,47.52,47.11,125137
2019-10-23,47.3,46.66,47.48,46.18,234362
2019-10-24,46.74,46.24,46.845,45.82,279814
2019-10-25,45.24,46.47,47.42,45.24,312173
2019-10-28,46.73,46.98,47.47,46.73,444571
2019-10-29,46.75,47.12,47.3,46.75,250820
2019-10-30,46.95,47.17,47.19,46.44,463289
2019-10-31,47.09,47.26,47.28,46.53,436779
2019-11-01,47.5,47.43,47.87,47.055,317007
2019-11-04,47.92,48.32,48.5563,47.705,381003
2019-11-05,48.47,47.8,48.93,47.75,451818
2019-11-06,47.75,48.16,48.21,47.65,225368
2019-11-07,48.29,47.89,48.8,47.77,200258
2019-11-08,47.85,47.99,48.04,47.65,127818
2019-11-11,47.58,48.38,48.53,47.58,274123
2019-11-12,48.5,48.14,48.71,48.01,183924
2019-11-13,47.77,47.65,47.875,47.44,122527
2019-11-14,47.43,47.15,47.59,47.0,164720
2019-11-15,47.35,47.21,47.54,46.92,205855
2019-11-18,47.2,47.5,47.65,47.0378,214764
2019-11-19,47.64,47.67,48.0,47.41,137993
2019-11-20,47.29,47.7,47.81,47.2802,343269
2019-11-21,47.83,47.5,47.97,47.39,192489
2019-11-22,47.6,47.58,47.76,47.44,225401
2019-11-25,47.77,48.57,48.62,47.43,260856
2019-11-26,48.59,48.43,48.725,48.09,346569
2019-11-27,48.61,48.21,48.82,48.13,125340
2019-11-29,48.04,47.67,48.04,47.55,77402
2019-12-02,47.67,47.89,47.91,47.23,287802
2019-12-03,47.47,47.29,47.67,47.09,149460
2019-12-04,47.37,47.93,48.07,47.15,213198
2019-12-05,48.37,48.49,48.77,47.9501,228423
2019-12-06,48.95,48.49,49.11,48.34,222660
2019-12-09,48.34,47.9,48.44,47.83,166427
2019-12-10,47.83,47.81,48.3,47.65,181004
2019-12-11,47.72,47.6,48.0,47.4,151399
2019-12-12,47.68,47.52,48.35,47.5,202616
2019-12-13,47.33,47.64,47.7,47.1,288823
2019-12-16,47.96,48.05,48.43,47.96,235509
2019-12-17,48.1,48.49,48.59,47.98,281856
2019-12-18,48.7,48.2,48.72,48.1,282160
2019-12-19,48.29,48.54,48.58,48.14,278103
2019-12-20,48.6,48.96,49.04,48.44,754537
2019-12-23,48.88,48.68,48.88,48.37,357662
2019-12-24,48.68,48.7,48.85,48.46,117765
2019-12-26,48.85,48.98,48.99,48.49,166587
2019-12-27,49.15,48.94,49.2161,48.7498,246855
2019-12-30,49.07,49.12,49.17,48.74,301021
2019-12-31,49.11,48.87,49.48,48.76,262525
2020-01-02,49.08,49.41,49.41,48.88,212291
2020-01-03,48.86,48.92,49.15,48.49,512049
2020-01-06,48.78,49.46,49.52,48.32,279931
2020-01-07,49.11,49.6,49.64,49.11,150151
2020-01-08,49.6,50.22,50.455,49.6,208850
2020-01-09,50.45,50.5,50.65,50.08,231765
2020-01-10,50.48,50.06,50.58,50.02,253172
2020-01-13,50.17,50.68,50.7,50.07,392350
2020-01-14,50.63,50.46,50.84,50.34,255005
2020-01-15,50.23,50.75,50.81,50.23,282216
2020-01-16,51.16,52.03,52.29,50.98,315372
2020-01-17,52.3,52.49,52.55,51.99,267972
2020-01-21,52.3,52.64,52.88,52.3,224753
2020-01-22,52.88,52.72,52.97,52.53,266234
2020-01-23,52.54,52.43,52.74,52.07,331866
2020-01-24,52.51,51.91,52.55,51.73,238263
2020-01-27,50.77,51.32,51.61,50.46,212342
2020-01-28,51.55,51.83,51.93,51.27,157684
2020-01-29,51.92,52.4,52.59,51.52,180938
2020-01-30,52.11,52.88,52.895,52.01,203339
2020-01-31,52.62,51.85,52.63,51.6,274176
2020-02-03,52.16,52.42,52.98,52.06,256825
2020-02-04,56.5,55.68,59.36,55.09,741150
2020-02-05,56.16,55.88,56.195,53.93,844971
2020-02-06,56.05,56.13,56.59,55.5,466920
2020-02-07,55.93,56.33,56.65,55.77,293688
2020-02-10,56.14,56.52,56.62,56.01,226820
2020-02-11,56.78,56.81,57.26,56.6,274184
2020-02-12,57.24,57.11,57.5,56.86,405470
2020-02-13,56.83,57.15,57.4,56.73,189048
2020-02-14,57.06,57.67,57.78,57.06,210208
2020-02-18,57.48,57.7,57.9,57.19,434458
2020-02-19,57.81,57.92,58.16,57.525,243033
2020-02-20,57.65,57.75,58.4,57.6,246908
2020-02-21,57.59,56.78,57.59,56.2,215846
2020-02-24,55.39,55.93,56.15,54.87,226664
2020-02-25,55.93,54.49,56.18,54.08,225661
2020-02-26,54.78,53.54,55.3,53.44,297514
2020-02-27,52.59,51.58,53.515,51.58,459645
2020-02-28,50.29,51.22,51.52,49.61,782301
2020-03-02,51.61,53.63,53.64,51.18,326494
2020-03-03,53.63,52.32,54.91,52.09,384503
2020-03-04,52.96,52.87,53.18,51.58,397139
2020-03-05,51.47,50.86,52.16,50.44,381951
2020-03-06,49.45,50.15,51.03,48.84,611075
2020-03-09,47.23,48.43,50.14,45.36,679712
2020-03-10,49.79,49.89,50.29,48.0,513496
2020-03-11,48.89,48.92,50.51,48.71,537080
2020-03-12,46.0,46.62,48.33,44.35,684854
2020-03-13,48.63,48.9,49.0,45.57,967269
2020-03-16,45.2,46.81,50.405,44.96,637850
2020-03-17,47.72,51.24,51.58,47.27,915736
2020-03-18,49.24,46.4,50.28,42.86,924420
2020-03-19,46.6,49.08,51.265,46.4382,1047434
2020-03-20,49.18,48.73,52.0,48.0387,991822
2020-03-23,48.95,48.26,50.37,46.95,1034848
2020-03-24,50.87,47.3,51.44,46.275,1033411
2020-03-25,47.05,45.87,48.76,45.44,676601
2020-03-26,46.13,47.49,48.23,45.87,693690
2020-03-27,46.75,46.33,48.52,46.09,589489
2020-03-30,47.08,47.98,48.22,46.61,652058
2020-03-31,47.92,52.12,53.17,47.44,1100842
2020-04-01,50.75,53.68,53.95,49.76,654785
2020-04-02,53.68,55.84,55.98,53.08,567033
2020-04-03,55.66,58.06,58.15,54.9347,710480
2020-04-06,58.66,57.64,59.91,56.7,781059
2020-04-07,58.27,55.89,58.55,55.68,621508
2020-04-08,56.45,55.95,56.87,55.2,388915
2020-04-09,56.25,56.21,56.505,55.19,408210
2020-04-13,56.21,56.13,56.57,55.68,336717
2020-04-14,57.21,56.49,57.36,55.4,368529
2020-04-15,55.64,55.56,56.48,54.97,264600
2020-04-16,55.46,55.73,55.92,54.33,304177
2020-04-17,56.67,56.86,57.45,56.03,386305
2020-04-20,56.29,56.41,57.21,55.79,215699
2020-04-21,55.97,56.84,57.1,54.7,334797
2020-04-22,57.97,58.43,62.24,57.77,669127
2020-04-23,58.18,55.68,58.42,54.3301,561973
2020-04-24,56.33,54.82,56.33,54.74,250328
2020-04-27,55.26,56.53,57.17,54.8472,264067
2020-04-28,57.48,58.05,58.51,56.71,286768
2020-04-29,59.22,59.09,60.57,57.59,373395
2020-04-30,58.28,59.38,59.86,57.54,338786
2020-05-01,58.3,57.55,58.7515,56.83,324494
2020-05-04,57.41,58.2,58.49,56.42,261764
2020-05-05,58.73,58.5,59.04,58.15,383352
2020-05-06,58.83,58.55,59.17,58.07,284747
2020-05-07,58.9,59.77,60.2272,58.9,389393
2020-05-08,60.61,61.33,61.765,60.01,311718
2020-05-11,60.91,62.27,63.52,60.63,406403
2020-05-12,62.41,59.81,63.15,59.72,519789
2020-05-13,59.55,60.97,61.3,58.66,555582
2020-05-14,60.28,60.66,60.75,58.09,491379
2020-05-15,61.0,62.03,62.14,60.55,323165
2020-05-18,63.0,64.39,64.84,62.99,461521
2020-05-19,61.64,60.03,62.81,60.01,1945837
2020-05-20,61.27,59.43,62.57,59.23,1048820
2020-05-21,59.43,59.18,60.44,58.79,776252
2020-05-22,59.32,59.83,60.21,58.9148,519929
2020-05-26,60.82,58.97,61.58,58.73,626694
2020-05-27,59.72,60.51,60.75,58.96,941140
2020-05-28,61.2,59.73,61.85,59.43,529449
2020-05-29,59.62,60.48,60.6,59.02,635679
2020-06-01,60.4,60.22,60.64,59.73,409152
2020-06-02,60.2,60.41,60.6,59.68,346617
2020-06-03,60.59,59.64,61.03,59.9,394216
2020-06-04,59.4,60.15,60.2,59.15,253540
2020-06-05,60.73,60.13,61.34,59.4,386940
2020-06-08,60.36,60.9,61.32,59.96,673611
2020-06-09,60.42,60.6,61.105,60.23,349271
2020-06-10,60.82,60.26,61.15,60.19,319494
2020-06-11,59.21,57.01,59.51,56.86,554413
2020-06-12,58.14,57.26,58.14,56.21,473323
2020-06-15,56.24,57.82,58.215,55.73,367769
2020-06-16,58.97,58.39,59.18,57.09,435906
2020-06-17,58.47,60.3,60.74,58.42,720586
2020-06-18,60.01,58.99,60.11,58.87,332517
2020-06-19,57.3,57.57,58.66,57.175,750328
2020-06-22,57.3,57.39,57.96,57.14,369247
2020-06-23,57.92,57.32,58.17,56.96,450805
2020-06-24,57.16,56.17,57.45,56.14,347956
2020-06-25,56.27,55.66,56.27,54.87,491415
2020-06-26,55.33,53.41,55.5,53.08,1033763
2020-06-29,53.88,53.98,54.81,53.46,499586
2020-06-30,53.91,55.64,55.83,53.61,775492
2020-07-01,55.8,55.91,56.06,55.24,505711
2020-07-02,56.39,56.58,56.99,56.19,409011
2020-07-06,57.08,57.52,58.17,56.93,480278
2020-07-07,56.94,55.73,57.62,55.47,593006
2020-07-08,55.88,56.23,56.8,55.71,232318
2020-07-09,56.2,55.33,56.25,54.96,318295
2020-07-10,54.0,54.89,54.96,52.84,447412
2020-07-13,55.18,54.72,55.65,54.5,437898
2020-07-14,54.82,55.26,55.72,54.6,394682
2020-07-15,56.1,56.69,56.92,55.45,434611
2020-07-16,56.48,56.84,57.39,56.15,292840
2020-07-17,57.14,57.16,58.24,57.06,388160
2020-07-20,57.11,57.04,57.17,56.41,215698
2020-07-21,57.24,57.15,57.44,56.6,412338
2020-07-22,57.04,56.17,57.225,56.01,355948
2020-07-23,56.12,56.41,56.85,55.96,359687
2020-07-24,56.59,56.23,56.75,56.0,232934
2020-07-27,56.12,56.03,56.25,55.54,486540
2020-07-28,56.08,56.07,56.6,55.61,921621
2020-07-29,56.29,55.16,56.29,53.09,2723883
2020-07-30,54.59,54.55,55.19,53.98,436471
2020-07-31,54.55,54.8,55.25,54.12,657520
2020-08-03,55.02,56.05,56.09,54.25,353701
2020-08-04,55.96,55.43,55.96,55.11,327610
2020-08-05,56.04,57.3,57.32,55.92,339819
2020-08-06,57.3,57.24,57.91,56.905,320359
2020-08-07,57.04,57.0,57.165,56.4,234567
2020-08-10,57.32,56.72,57.48,56.65,296557
2020-08-11,57.06,56.98,57.86,56.85,275078
2020-08-12,57.23,57.23,58.09,57.08,289883
2020-08-13,56.98,56.92,57.32,56.6,232110
2020-08-14,56.8,57.35,57.85,56.8,203973
2020-08-17,57.38,57.9,58.26,57.378,310326
2020-08-18,57.9,58.11,58.45,57.53,321282
2020-08-19,58.36,58.25,58.63,58.05,287790
2020-08-20,57.81,58.42,58.95,57.81,324428
2020-08-21,58.11,58.69,58.83,57.54,253110
2020-08-24,58.87,59.06,59.28,58.325,300457
2020-08-25,59.22,60.34,60.6,58.92,426022
2020-08-26,60.48,59.73,60.7,59.59,368105
2020-08-27,59.89,59.47,60.55,59.38,251710
2020-08-28,59.79,59.46,59.88,59.0403,194330
2020-08-31,59.22,58.27,59.38,58.59,479957
2020-09-01,57.97,59.16,59.17,57.87,308355
2020-09-02,59.31,60.0,60.37,59.26,327831
2020-09-03,60.03,58.89,60.3,58.54,277031
2020-09-04,59.39,58.88,59.47,58.42,294380
2020-09-08,58.42,57.97,58.42,57.675,312074
2020-09-09,58.46,59.35,59.54,58.3,316211
2020-09-10,59.32,57.89,59.36,57.87,273105
2020-09-11,58.21,57.45,58.45,57.27,340568
2020-09-14,57.82,58.82,59.22,57.61,320013
2020-09-15,59.17,58.55,59.17,58.4,288319
2020-09-16,58.87,58.99,59.73,58.74,439500
2020-09-17,58.6,58.88,59.14,58.37,261118
2020-09-18,59.23,58.04,59.48,57.65,1392064
2020-09-21,57.44,56.61,58.145,56.18,461898
2020-09-22,56.68,57.07,57.21,56.48,367636
2020-09-23,56.93,56.08,57.54,56.07,471626
2020-09-24,56.29,56.18,56.83,55.905,288457
2020-09-25,55.71,56.2,56.26,55.25,361829
2020-09-28,56.65,57.06,57.33,56.2561,367927
2020-09-29,57.16,58.04,58.215,56.89,311443
2020-09-30,58.11,59.05,59.28,58.02,362378
2020-10-01,59.3,59.42,59.46,58.61,277124
2020-10-02,58.0,59.43,59.58,57.82,279174
2020-10-05,59.89,60.39,60.43,59.62,310802
2020-10-06,60.93,60.75,62.04,60.28,527108
2020-10-07,61.52,61.42,61.95,60.495,479804
2020-10-08,61.67,62.26,62.85,61.23,334514
2020-10-09,62.72,63.49,63.84,62.43,355928
2020-10-12,63.89,63.96,64.55,63.63,309198
2020-10-13,63.85,64.09,64.51,63.6,255741
2020-10-14,64.19,63.75,64.825,63.74,221972
2020-10-15,63.29,64.26,64.45,63.1,217933
2020-10-16,64.24,64.35,64.63,63.99,207727
2020-10-19,64.79,63.21,64.94,63.11,248501
2020-10-20,63.37,63.32,63.95,63.14,222459
2020-10-21,63.76,63.24,64.41,63.05,206381
2020-10-22,63.2,63.25,63.805,63.01,248978
2020-10-23,63.71,63.44,63.89,62.7,254059
2020-10-26,62.78,62.66,63.2,62.07,252609
2020-10-27,63.02,64.71,65.2525,63.01,387161
2020-10-28,63.85,62.95,63.97,62.48,619382
2020-10-29,62.73,63.08,63.7,61.89,447604
2020-10-30,63.6,62.7,64.34,62.14,451336
2020-11-02,63.0,61.48,63.0,61.19,310746
2020-11-03,62.3,61.95,62.925,61.33,377162
2020-11-04,62.32,63.86,63.93,61.81,362927
2020-11-05,64.0,64.85,65.14,63.47,376841
2020-11-06,65.4,63.87,65.4,63.72,252611
2020-11-09,65.0,63.07,65.35,63.06,348883
2020-11-10,63.1,64.94,65.0,62.71,346258
2020-11-11,65.3,64.82,65.53,64.0,292710
2020-11-12,64.66,64.67,64.91,63.91,242127
2020-11-13,65.17,65.04,65.6,64.56,224172
2020-11-16,65.8,64.44,66.36,63.635,366725
2020-11-17,64.21,64.03,64.27,63.21,348153
2020-11-18,64.03,63.2,64.7,63.19,197501
2020-11-19,62.92,63.02,63.21,62.49,155100
2020-11-20,62.77,61.98,62.88,61.54,419462
2020-11-23,62.08,62.32,62.67,61.82,323092
2020-11-24,62.76,64.01,64.19,62.62,320700
2020-11-25,64.25,65.0,65.2,64.025,527687
2020-11-27,65.01,65.0,65.21,64.56,120303
2020-11-30,64.62,64.45,65.21,64.29,363379
2020-12-01,65.16,65.92,65.94,64.38,342452
2020-12-02,65.92,64.89,66.46,64.62,293997
2020-12-03,64.85,65.72,65.9,64.7,320259
2020-12-04,66.14,66.87,67.2,66.085,240684
2020-12-07,66.93,68.51,68.59,66.77,429846
2020-12-08,68.18,69.32,70.0,68.18,361065
2020-12-09,69.59,69.45,69.97,68.88,275064
2020-12-10,69.09,69.87,69.96,68.945,208555
2020-12-11,69.63,70.1,70.66,69.445,336422
2020-12-14,69.97,68.19,71.0,68.16,385151
2020-12-15,68.65,68.18,69.08,67.95,324068
2020-12-16,68.39,68.26,68.97,67.8548,306337
2020-12-17,68.51,68.51,69.07,68.1,275520
2020-12-18,68.7,68.11,68.725,67.59,762035
2020-12-21,67.63,68.5,68.54,66.66,255748
2020-12-22,68.33,67.93,68.79,67.56,378237
2020-12-23,68.14,68.02,68.79,67.62,628681
2020-12-24,68.39,67.15,68.63,66.865,221419
2020-12-28,67.45,67.89,68.3346,66.83,221303
2020-12-29,68.25,66.89,68.25,66.55,198638
2020-12-30,66.89,66.46,67.4017,66.44,186740
2020-12-31,66.37,67.23,67.58,66.02,282284
2021-01-04,67.81,66.89,68.415,66.31,241823
2021-01-05,66.36,66.59,67.68,66.36,278010
2021-01-06,66.88,68.69,68.98,66.88,415797
2021-01-07,69.1,70.77,70.81,69.1,292213
2021-01-08,71.0,71.15,71.38,70.3944,375009
2021-01-11,70.95,71.52,72.055,70.82,285980
2021-01-12,71.92,72.16,72.65,71.7,278533
2021-01-13,72.18,72.24,72.48,71.685,271433
2021-01-14,72.82,71.17,73.26,71.13,354392
2021-01-15,70.78,70.09,71.17,69.8,334411
2021-01-19,70.43,71.69,71.71,70.0,310583
2021-01-20,71.91,71.21,72.4,70.35,195637
2021-01-21,71.0,70.71,71.645,70.28,207171
2021-01-22,70.45,70.29,70.99,69.67,268481
2021-01-25,70.3,70.83,71.265,69.83,221879
2021-01-26,70.96,69.64,70.96,68.9,258522
2021-01-27,68.6,67.36,69.39,67.04,410502
2021-01-28,67.26,67.72,68.6,66.0745,540458
2021-01-29,70.85,64.85,71.51,64.215,787507
2021-02-01,65.37,66.83,67.07,64.65,513826
2021-02-02,67.37,66.55,67.52,65.14,535331
2021-02-03,66.44,66.2,67.68,65.82,550390
2021-02-04,66.12,65.43,66.4,64.99,388820
2021-02-05,65.89,66.22,66.29,65.37,334302
2021-02-08,66.33,68.12,68.12,66.02,409342
2021-02-09,68.13,66.37,68.225,65.5,363074
2021-02-10,66.78,66.15,67.1,66.11,426500
2021-02-11,66.23,66.85,67.09,65.16,554628
2021-02-12,67.0,67.25,67.59,66.32,347251
2021-02-16,67.35,67.66,67.95,67.0501,277748
2021-02-17,67.13,66.55,67.505,66.33,412078
2021-02-18,66.23,66.37,67.12,65.995,378820
2021-02-19,66.41,65.26,66.985,65.14,524022
2021-02-22,64.79,65.56,66.37,64.4701,621030
2021-02-23,65.15,65.88,66.0,64.84,594060
2021-02-24,66.03,64.89,66.12,64.46,598040
2021-02-25,64.47,64.07,65.32,64.03,441772
2021-02-26,64.22,63.23,64.555,63.3817,379840
2021-03-01,63.5,65.08,65.36,63.5,456835
2021-03-02,65.27,64.42,65.27,64.28,359665
2021-03-03,64.45,64.97,66.08,64.27,437371
2021-03-04,64.84,65.29,66.12,64.55,637878
2021-03-05,65.83,65.13,66.21,64.26,746030
2021-03-08,65.51,67.36,67.83,65.19,396215
2021-03-09,67.6,67.64,69.03,67.6,650553
2021-03-10,68.06,67.32,68.37,67.01,329990
2021-03-11,67.26,68.1,68.38,67.09,244288
2021-03-12,68.1,68.27,69.19,67.94,334525
2021-03-15,68.15,68.22,68.3199,67.27,262341
2021-03-16,68.46,68.03,68.475,67.58,308592
2021-03-17,68.18,67.92,68.22,67.13,361295
2021-03-18,67.66,68.08,69.54,67.49,407137
2021-03-19,67.74,66.91,67.77,65.29,1008624
2021-03-22,66.39,65.96,66.61,65.66,258673
2021-03-23,65.86,65.81,66.63,65.37,341624
2021-03-24,66.06,66.02,67.06,65.9,337907
2021-03-25,65.87,66.03,66.362,64.72,291708
2021-03-26,66.31,67.52,67.53,65.89,279217
2021-03-29,67.38,67.16,68.02,66.63,289209
2021-03-30,67.0,67.26,67.83,67.0,261099
2021-03-31,67.36,66.51,67.55,65.8,491825
2021-04-01,66.64,68.63,68.66,66.54,287588
2021-04-05,69.11,69.59,69.65,68.31,287289
2021-04-06,69.51,68.66,69.85,68.53,204021
2021-04-07,68.9,68.41,69.31,68.12,273595
2021-04-08,68.5,66.35,68.5,66.01,333848
2021-04-09,66.12,65.87,66.36,65.2,273672
2021-04-12,65.79,66.74,67.25,65.56,217952
2021-04-13,66.72,65.35,66.72,65.17,209822
2021-04-14,65.35,66.08,66.9,65.25,206253
2021-04-15,66.25,66.15,66.25,65.03,256438
2021-04-16,66.96,67.53,67.78,66.59,320509
2021-04-19,67.89,68.27,68.48,67.14,375348
2021-04-20,68.27,67.25,68.37,66.86,496808
2021-04-21,67.23,68.2,68.34,66.92,229265
2021-04-22,68.65,68.01,68.71,67.52,477659
2021-04-23,67.96,69.76,70.64,67.96,354832
2021-04-26,70.0,68.53,70.38,68.51,287138
2021-04-27,68.51,69.19,69.43,68.14,200346
2021-04-28,69.27,68.66,69.58,68.33,224026
2021-04-29,69.22,68.45,70.02,68.25,299074
2021-04-30,67.9,66.27,68.17,65.94,518469
2021-05-03,66.43,66.48,66.97,65.71,262567
2021-05-04,66.1,66.0,66.47,65.6,433649
2021-05-05,66.03,66.42,66.98,65.46,294297
2021-05-06,66.44,66.97,67.0,65.7,289167
2021-05-07,66.44,67.97,68.1,66.3176,325100
2021-05-10,68.16,66.82,69.01,66.79,442967
2021-05-11,66.1,65.89,66.59,65.03,577036
2021-05-12,66.07,70.37,70.47,66.07,1181625
2021-05-13,70.74,72.27,73.028,70.395,649770
2021-05-14,72.99,74.0,74.51,72.68,450079
2021-05-17,73.88,74.17,74.91,73.72,288918
2021-05-18,73.9,72.55,74.0999,72.46,338072
2021-05-19,71.91,73.39,73.82,71.04,297942
2021-05-20,73.89,73.65,74.14,73.285,222929
2021-05-21,74.25,74.18,75.0,73.85,180631
2021-05-24,74.25,74.41,74.63,73.92,160385
2021-05-25,74.29,72.88,74.81,72.875,209789
2021-05-26,73.17,73.7,74.23,72.53,300312
2021-05-27,74.34,74.13,74.38,73.75,370373
2021-05-28,73.82,74.46,74.97,73.73,381220
2021-06-01,75.0,74.75,76.01,74.66,352955
2021-06-02,74.91,74.55,74.91,73.86,352710
2021-06-03,73.84,74.79,75.34,73.74,238971
2021-06-04,74.68,75.35,75.61,74.57,197396
2021-06-07,75.78,75.82,76.125,75.04,312395
2021-06-08,75.59,76.25,76.51,75.46,367634
2021-06-09,75.98,76.9,77.205,75.785,420793
2021-06-10,77.59,78.92,79.11,76.9,568746
2021-06-11,78.92,79.68,79.68,78.51,328740
2021-06-14,79.5,79.0,80.0,78.34,427322
2021-06-15,79.06,79.29,79.79,78.805,492951
2021-06-16,79.5,79.95,80.18,78.94,433407
2021-06-17,79.23,77.38,79.8,77.32,419725
2021-06-18,77.04,76.24,77.37,76.01,548415
2021-06-21,76.6,77.93,78.13,76.27,236169
2021-06-22,77.53,77.82,78.14,76.98,290626
2021-06-23,78.05,78.54,78.92,77.62,417572
2021-06-24,78.76,79.71,79.74,78.28,221659
2021-06-25,79.94,80.84,81.27,79.83,826632
2021-06-28,80.26,81.4,81.57,80.2005,330592
2021-06-29,81.99,81.08,82.5,80.94,394595
2021-06-30,81.18,81.79,81.95,80.97,333730
2021-07-01,82.2,81.57,82.23,81.42,251246
2021-07-02,81.91,82.19,82.375,81.5125,234015
2021-07-06,82.61,82.25,82.82,81.28,248967
2021-07-07,82.25,82.63,82.93,81.91,241114
2021-07-08,81.65,80.66,81.845,80.24,329799
2021-07-09,81.27,80.75,81.2924,79.69,281030
2021-07-12,81.19,82.27,82.83,81.15,224746
2021-07-13,82.26,82.7,83.35,82.2,240795
2021-07-14,81.3,80.33,82.3075,79.92,334650
2021-07-15,79.99,80.26,80.7,79.5,252229
2021-07-16,80.7,80.54,81.23,80.0,306601
2021-07-19,79.68,80.28,80.68,79.14,305244
2021-07-20,80.28,81.76,83.0,80.28,343073
2021-07-21,82.11,83.15,83.52,82.11,248747
2021-07-22,83.48,84.33,85.685,83.365,454191
2021-07-23,85.08,86.09,86.22,84.585,300831
2021-07-26,86.23,86.35,87.09,85.73,231556
2021-07-27,86.0,85.3,86.14,84.42,307559
2021-07-28,85.43,86.45,86.75,84.99,357088
2021-07-29,87.1,88.7,88.78,86.62,321078
2021-07-30,88.65,89.1,89.86,87.71,405297
2021-08-02,89.44,89.96,91.02,89.29,497475
2021-08-03,89.91,83.63,90.97,83.18,796447
2021-08-04,83.33,85.41,86.395,83.18,526672
2021-08-05,86.05,86.71,86.75,85.04,240399
2021-08-06,87.23,86.8,87.975,86.45,237993
2021-08-09,87.14,87.96,88.0523,86.07,203792
2021-08-10,88.0,88.38,89.32,87.74,220903
2021-08-11,88.91,88.8,89.2,88.03,158133
2021-08-12,88.88,88.15,89.33,87.84,245674
2021-08-13,88.7,88.95,88.98,88.1,200733
2021-08-16,89.32,89.23,89.715,88.28,135975
2021-08-17,88.49,88.14,88.6748,87.68,136114
2021-08-18,87.98,87.73,89.065,87.72,170839
2021-08-19,86.86,86.54,88.01,86.46,343998
2021-08-20,86.85,89.3,90.89,85.84,540308
2021-08-23,89.4,90.23,90.78,88.99,216427
2021-08-24,90.12,90.08,90.9,89.36,181298
2021-08-25,90.18,90.2,91.475,89.95,232112
2021-08-26,90.3,89.09,90.4007,89.09,167560
2021-08-27,89.24,90.5,90.85,89.11,180943
2021-08-30,90.86,90.28,91.05,90.019,130276
2021-08-31,90.42,89.77,90.42,89.4616,207636
2021-09-01,89.78,90.38,91.34,88.5,225899
2021-09-02,90.74,90.83,91.2825,89.965,232374
2021-09-03,90.45,90.32,91.085,90.15,184457
2021-09-07,89.97,89.3,90.17,88.78,205362
2021-09-08,89.49,89.41,89.7,88.2,188955
2021-09-09,89.62,90.05,91.14,89.62,313783
2021-09-10,90.23,88.75,90.23,88.73,210539
2021-09-13,89.47,89.34,89.7,88.7919,238339
2021-09-14,89.29,89.1,90.12,88.5,207677
2021-09-15,89.0,91.07,91.17,88.95,358382
2021-09-16,91.45,91.41,91.78,90.26,230308
2021-09-17,91.93,91.2,92.16,90.55,818992
2021-09-20,89.88,90.82,90.86,88.71,308705
2021-09-21,92.26,90.57,92.26,90.34,259988
2021-09-22,90.96,91.33,91.82,90.19,322266
2021-09-23,92.33,94.05,94.11,91.58,354479
2021-09-24,93.69,95.37,95.635,93.24,243532
2021-09-27,95.18,95.55,96.93,95.18,222286
2021-09-28,95.4,92.14,95.715,92.03,197761
2021-09-29,92.37,91.71,92.95,91.5,281655
2021-09-30,92.31,92.1,92.82,91.63,386549
2021-10-01,93.06,93.45,94.105,92.505,365103
2021-10-04,94.88,94.87,96.12,93.79,322680
2021-10-05,95.51,97.91,98.0,94.99,335559
2021-10-06,97.49,98.18,98.665,96.26,337983
2021-10-07,98.94,99.69,99.91,98.755,335673
2021-10-08,99.99,99.48,100.26,99.07,149600
2021-10-11,99.9,98.1,100.45,98.01,191919
2021-10-12,97.93,98.48,99.45,97.54,231758
2021-10-13,98.53,98.92,99.2,97.9332,204864
2021-10-14,100.0,101.08,101.14,99.43,216948
2021-10-15,101.82,101.3,102.49,100.8301,219105
2021-10-18,101.18,103.63,103.7434,101.18,278366
2021-10-19,103.83,104.71,104.71,103.46,203228
2021-10-20,105.15,103.6,105.3013,103.43,230697
2021-10-21,103.83,102.31,104.34,102.11,249949
2021-10-22,102.63,103.22,103.755,102.26,209080
2021-10-25,103.65,104.24,104.84,103.06,287197
2021-10-26,104.24,103.87,104.72,103.15,357363
2021-10-27,103.43,99.9,103.75,99.79,403031
2021-10-28,100.18,101.91,102.06,99.78,535172
2021-10-29,110.0,112.08,113.1399,107.91,861739
2021-11-01,114.02,116.26,118.285,113.05,885847
2021-11-02,116.07,117.71,118.21,115.37,598046
2021-11-03,117.7,118.52,119.38,117.3606,407682
2021-11-04,118.91,117.93,119.89,117.51,305717
2021-11-05,118.96,116.47,119.88,115.5,373581
2021-11-08,116.42,116.63,117.88,116.26,302142
2021-11-09,116.32,117.35,118.2,116.32,248177
2021-11-10,116.93,116.87,117.695,115.46,279582
2021-11-11,117.4,118.96,119.72,117.08,285250
2021-11-12,118.69,118.1,118.945,117.65,222415
2021-11-15,119.04,116.24,119.6,115.685,301183
2021-11-16,115.61,117.08,117.5405,114.4,290635
2021-11-17,116.6,116.33,116.83,115.16,194249
2021-11-18,116.18,117.42,117.7563,116.18,190163
2021-11-19,117.06,116.11,117.275,115.28,227901
2021-11-22,116.58,115.27,117.65,115.21,241022
2021-11-23,115.25,116.5,117.1782,114.88,251773
2021-11-24,116.34,116.01,116.4369,114.86,354424
2021-11-26,114.04,111.81,114.04,111.62,190548
2021-11-29,114.06,112.18,114.06,111.91,314174
2021-11-30,111.05,108.11,112.19,108.07,447344
2021-12-01,110.0,105.7,110.41,105.68,432471
2021-12-02,106.0,108.9,109.06,105.82,383290
2021-12-03,109.42,105.12,109.59,104.54,327609
2021-12-06,106.29,106.79,108.85,104.8,380547
2021-12-07,108.24,108.76,109.545,107.52,279574
2021-12-08,107.57,104.27,108.13,103.69,417100
2021-12-09,103.75,101.01,104.16,100.95,615193
2021-12-10,102.31,99.46,103.0,98.89,498892
2021-12-13,99.29,99.89,100.98,98.92,495721
2021-12-14,99.23,101.75,102.48,98.75,483186
2021-12-15,101.35,101.54,102.05,100.295,420447
2021-12-16,102.63,102.01,103.1,101.08,345242
2021-12-17,100.94,99.69,102.06,99.68,499744
2021-12-20,98.35,99.69,99.86,96.65,517625
2021-12-21,101.44,101.31,102.0,100.48,367768
2021-12-22,101.0,101.78,102.02,100.34,443431
2021-12-23,102.68,103.6,104.005,101.71,261853
2021-12-27,103.53,105.48,105.87,103.53,287548
2021-12-28,105.12,105.59,106.25,104.87,255545
2021-12-29,105.32,104.93,106.27,104.57,310745
2021-12-30,105.01,103.27,105.7999,103.08,175171
2021-12-31,103.37,103.52,104.48,103.09,154539
2022-01-03,103.81,104.51,104.96,103.49,297706
2022-01-04,106.71,109.27,110.91,106.41,446999
2022-01-05,108.75,104.92,109.07,104.75,318811
2022-01-06,107.58,110.12,110.48,105.49,502418
2022-01-07,110.33,111.32,111.63,109.69,446577
2022-01-10,112.59,115.41,115.55,110.81,636927
2022-01-11,115.2,118.08,118.8,114.0,638815
2022-01-12,119.0,119.53,122.62,117.79,930253
2022-01-13,120.31,117.47,121.19,115.57,569629
2022-01-14,116.74,114.96,116.74,113.37,666289
2022-01-18,113.31,107.0,113.44,106.68,634240
2022-01-19,108.11,104.35,108.11,104.23,365067
2022-01-20,104.98,104.07,107.7339,103.8,356722
2022-01-21,103.8,101.5,104.095,101.39,570127
2022-01-24,99.31,102.06,102.58,97.1201,522992
2022-01-25,100.75,102.16,104.0694,99.71,460934
2022-01-26,103.28,102.04,105.07,100.88,448428
2022-01-27,103.6,102.14,104.62,101.36,371881
2022-01-28,102.35,104.33,104.48,99.66,423039
2022-01-31,103.64,106.28,106.59,103.46,318569
2022-02-01,106.3,106.17,106.71,104.24,264179
2022-02-02,106.16,103.42,107.76,103.35,354226
2022-02-03,102.47,102.65,104.315,101.7575,321422
2022-02-04,102.65,105.02,106.95,102.3,479353
2022-02-07,104.4,105.14,106.34,103.99,386996
2022-02-08,105.3,108.0,108.9,103.99,538010
2022-02-09,111.02,112.96,115.21,109.6,551771
2022-02-10,111.68,110.05,113.31,109.98,787322
2022-02-11,110.38,108.46,112.68,107.75,561555
2022-02-14,108.69,110.33,110.89,108.19,355599
2022-02-15,112.31,111.35,112.5412,110.98,254027
2022-02-16,111.35,112.49,113.14,110.5,284878
2022-02-17,110.86,110.9,112.07,110.77,401272
2022-02-18,111.0,108.34,112.27,107.9,445153
2022-02-22,107.0,105.0,108.135,104.24,536763
2022-02-23,105.71,101.1,106.36,100.83,450629
2022-02-24,97.89,101.16,101.785,95.9764,595208
2022-02-25,101.66,102.96,103.47,101.2208,583837
2022-02-28,101.04,102.43,104.47,101.04,553565
2022-03-01,101.99,99.75,102.8657,98.62,393801
2022-03-02,100.74,102.62,103.535,100.72,375854
2022-03-03,103.83,102.51,104.41,100.64,459564
2022-03-04,100.52,99.32,101.4702,98.36,329687
2022-03-07,99.21,97.56,101.09,97.3,576388
2022-03-08,96.66,94.87,97.425,92.51,519046
2022-03-09,96.49,98.09,98.98,95.73,264523
2022-03-10,96.35,96.98,97.705,95.47,376001
2022-03-11,97.8,95.28,98.4,95.25,293077
2022-03-14,95.92,95.92,98.29,95.52,229842
2022-03-15,96.45,97.61,97.94,95.66,277796
2022-03-16,99.18,98.42,100.5,96.82,632991
2022-03-17,97.2,97.64,98.51,95.63,302306
2022-03-18,98.9,98.07,98.9,96.67,853280
2022-03-21,97.93,92.4,98.12,90.79,745929
2022-03-22,92.0,92.82,93.4,90.8497,754890
2022-03-23,92.0,90.29,92.36,90.1,582067
2022-03-24,89.99,91.19,91.5,89.18,282962
2022-03-25,90.74,89.46,91.88,88.58,372743
2022-03-28,89.41,91.0,91.48,89.33,504133
2022-03-29,92.4,93.16,94.26,92.08,339426
2022-03-30,93.02,90.72,93.72,90.18,257698
2022-03-31,90.84,87.8,91.005,87.45,511678
2022-04-01,88.33,89.0,89.34,86.7,455874
2022-04-04,88.28,89.4,89.91,87.64,467858
2022-04-05,89.2,89.0,90.17,88.52,461020
2022-04-06,88.17,84.34,88.65,84.1,543165
2022-04-07,82.77,83.79,84.51,81.22,561026
2022-04-08,83.49,82.49,84.6968,82.17,551925
2022-04-11,82.55,82.13,84.05,81.6,339704
2022-04-12,82.13,81.68,84.5,81.49,427795
2022-04-13,81.28,82.54,82.63,80.6,298052
2022-04-14,83.0,82.16,83.25,81.57,335553
2022-04-18,81.98,82.68,83.165,81.765,409296
2022-04-19,82.79,86.5,86.62,82.79,501323
2022-04-20,87.45,87.77,88.24,86.38,346694
2022-04-21,88.86,87.27,89.13,86.89,425128
2022-04-22,87.2,85.28,87.3,85.08,576982
2022-04-25,84.76,86.16,86.36,83.34,378772
2022-04-26,86.16,84.83,87.295,84.27,488207
2022-04-27,84.53,85.31,87.53,84.53,527466
2022-04-28,86.3,87.24,88.105,83.77,327521
2022-04-29,86.7,83.29,87.995,82.87,380392
2022-05-02,83.79,86.0,86.15,83.01,376897
2022-05-03,86.09,84.41,86.44,83.49,362784
2022-05-04,84.79,85.99,86.395,82.25,362113
2022-05-05,84.84,85.42,85.95,83.91,358719
2022-05-06,84.84,85.0,85.8,83.97,510031
2022-05-09,83.68,85.4,86.43,83.45,359292
2022-05-10,85.38,83.43,86.68,82.5,435845
2022-05-11,83.43,82.27,85.21,81.92,309408
2022-05-12,81.7,83.3,83.865,80.77,483910
2022-05-13,84.79,84.66,85.78,81.795,644619
2022-05-16,83.47,85.66,86.87,82.93,323999
2022-05-17,86.94,87.42,87.73,85.9,417457
2022-05-18,86.5,85.05,87.265,84.01,326086
2022-05-19,83.74,84.64,85.73,83.48,326124
2022-05-20,85.03,83.97,85.46,80.95,655574
2022-05-23,84.8,84.69,85.8595,83.34,333934
2022-05-24,84.27,82.0,84.61,80.52,316320
2022-05-25,82.27,83.66,84.71,82.255,340294
2022-05-26,84.69,83.79,85.43,83.31,375742
2022-05-27,84.13,85.91,86.01,83.94,213845
2022-05-31,85.28,85.41,86.64,84.62,298983
2022-06-01,85.46,83.76,85.46,82.94,212743
2022-06-02,84.25,86.64,86.79,83.37,179058
2022-06-03,86.09,84.71,86.09,84.312,219696
2022-06-06,84.62,85.53,86.56,84.5,197214
2022-06-07,84.96,85.7,86.65,84.7684,199564
2022-06-08,85.2,83.56,85.53,83.31,154203
2022-06-09,83.63,81.67,83.63,81.44,168952
2022-06-10,80.0,80.22,80.77,79.04,388027
2022-06-13,78.34,78.58,79.48,77.2,365416
2022-06-14,78.18,79.57,80.46,78.18,306450
2022-06-15,80.59,79.43,81.16,78.99,275001
2022-06-16,77.78,76.99,78.38,76.27,336468
2022-06-17,78.24,76.53,78.36,76.44,385493
2022-06-21,78.01,78.32,78.78,77.45,278937
2022-06-22,77.54,78.38,79.11,77.04,278110
2022-06-23,78.26,78.35,78.97,77.15,367554
2022-06-24,79.33,81.32,81.32,78.56,654561
2022-06-27,81.7,81.31,82.28,80.28,316061
2022-06-28,82.6,82.13,82.92,81.63,172458
2022-06-29,82.25,80.9,82.295,80.5,297978
2022-06-30,79.3,78.93,80.1,78.13,325612
2022-07-01,78.4,78.33,80.06,77.63,215406
2022-07-05,77.36,79.4,79.45,76.01,253769
2022-07-06,80.02,79.3,80.49,78.07,315295
2022-07-07,80.06,81.68,82.06,79.86,270304
2022-07-08,80.83,80.24,81.64,79.45,221362
2022-07-11,79.54,77.64,79.58,75.485,301385
2022-07-12,77.54,78.25,79.57,77.54,193126
2022-07-13,77.12,77.91,78.3,76.64,174554
2022-07-14,76.75,75.03,76.75,74.23,250482
2022-07-15,76.18,77.91,78.99,75.99,226733
2022-07-18,78.56,77.68,79.3,77.28,261177
2022-07-19,78.71,80.43,80.63,78.71,196556
2022-07-20,80.47,80.6,80.8,79.54,201557
2022-07-21,80.1,81.45,81.48,79.45,203691
2022-07-22,81.84,81.61,82.068,80.66,134727
2022-07-25,81.47,81.62,82.32,80.965,227986
2022-07-26,81.42,81.96,82.75,81.02,257164
2022-07-27,82.63,82.49,83.32,80.8,324955
2022-07-28,82.84,85.23,85.83,82.38,290623
2022-07-29,85.36,84.56,87.94,84.0,469469
2022-08-01,83.88,84.8,85.195,81.97,378101
2022-08-02,84.58,83.87,84.59,83.33,191092
2022-08-03,84.28,86.22,86.83,84.28,238378
2022-08-04,86.36,86.19,86.85,85.4,196748
2022-08-05,85.69,85.68,86.92,85.085,192548
2022-08-08,85.55,85.84,86.75,85.19,187328
2022-08-09,85.62,84.93,86.0,84.25,208895
2022-08-10,86.32,86.73,87.37,85.92,271348
2022-08-11,87.35,86.93,87.35,86.05,187318
2022-08-12,87.43,87.77,88.01,86.48,188106
2022-08-15,87.3,88.87,89.18,87.23,179822
2022-08-16,88.25,87.86,89.07,87.66,132918
2022-08-17,86.97,87.33,87.87,86.95,143923
2022-08-18,86.97,86.95,87.55,86.03,259581
2022-08-19,86.8,85.06,86.84,84.735,232066
2022-08-22,83.58,81.28,83.58,80.93,244423
2022-08-23,80.85,80.9,81.87,80.575,199265
2022-08-24,80.86,80.74,81.41,80.41,191806
2022-08-25,80.48,82.37,82.37,80.425,162604
2022-08-26,82.2,79.99,82.42,79.175,214606
2022-08-29,79.51,79.0,79.74,78.68,213816
2022-08-30,79.48,78.66,79.48,77.82,161548
2022-08-31,78.99,77.97,79.3,77.93,326943
2022-09-01,77.76,77.75,77.91,76.29,209206
2022-09-02,78.52,75.41,78.52,75.01,185875
2022-09-06,75.83,77.42,77.82,74.915,288198
2022-09-07,77.64,77.99,78.01,76.16,197250
2022-09-08,77.12,77.98,78.2,76.57,230316
2022-09-09,78.36,81.16,81.37,78.36,238436
2022-09-12,81.75,82.23,83.56,81.5845,250410
2022-09-13,80.18,78.79,80.66,78.13,254577
2022-09-14,79.06,78.55,79.06,77.3209,332722
2022-09-15,78.09,80.22,80.54,78.09,348555
2022-09-16,79.43,80.16,80.265,78.4289,569667
2022-09-19,79.44,82.1,82.235,79.36,269286
2022-09-20,81.26,80.35,81.33,79.16,306167
2022-09-21,81.29,79.77,82.46,79.76,165001
2022-09-22,79.59,79.39,79.84,78.018,181344
2022-09-23,78.22,76.92,78.47,75.22,534631
2022-09-26,76.57,76.74,78.06,76.43,341285
2022-09-27,77.75,75.06,78.63,74.18,332035
2022-09-28,75.46,76.63,77.4,74.96,300243
2022-09-29,75.6,76.22,76.73,75.18,309142
2022-09-30,76.44,75.38,77.62,75.32,374809
2022-10-03,76.09,76.69,77.43,74.51,418092
2022-10-04,78.05,81.18,81.26,78.05,350867
2022-10-05,79.95,80.43,80.8725,79.09,209847
2022-10-06,80.12,79.55,80.7,78.86,152247
2022-10-07,78.93,77.38,79.16,76.8601,380347
2022-10-10,77.98,77.99,78.79,77.375,169099
2022-10-11,77.5,77.98,78.53,76.99,251351
2022-10-12,78.3,79.35,79.82,77.11,210416
2022-10-13,78.02,81.8,82.46,77.545,337409
2022-10-14,81.77,79.6,82.51,79.05,369820
2022-10-17,80.29,80.12,81.38,79.5381,326322
2022-10-18,82.3,81.81,82.92,80.45,240229
2022-10-19,81.49,80.54,81.92,79.91,206191
2022-10-20,81.03,79.12,81.16,78.81,185039
2022-10-21,79.45,81.76,82.07,79.0,243728
2022-10-24,82.28,82.25,82.6538,80.67,264701
2022-10-25,81.92,80.26,82.37,79.6194,281651
2022-10-26,80.58,82.17,83.14,80.26,302948
2022-10-27,82.5,83.33,84.88,82.3664,390481
2022-10-28,87.0,89.79,90.0,84.3,602466
2022-10-31,89.61,89.32,90.0,88.4,367939
2022-11-01,89.94,91.02,91.09,89.08,442750
2022-11-02,90.32,91.2,93.12,89.38,572171
2022-11-03,90.03,90.85,91.58,88.6627,320195
2022-11-04,92.21,93.22,93.27,90.8,357966
2022-11-07,94.19,93.81,94.19,92.33,285349
2022-11-08,94.43,93.75,95.1686,92.685,240327
2022-11-09,93.1,91.81,93.675,91.56,157919
2022-11-10,95.0,95.92,96.02,93.575,338851
2022-11-11,97.01,96.14,97.01,94.53,317012
2022-11-14,95.92,98.0,98.62,94.76,375711
2022-11-15,98.39,101.58,102.36,98.13,690712
2022-11-16,102.18,99.59,102.32,98.98,299252
2022-11-17,95.32,96.88,97.26,94.29,330920
2022-11-18,99.0,97.14,99.0,96.65,277156
2022-11-21,97.39,97.54,98.06,96.97,178107
2022-11-22,97.56,98.52,98.89,96.91,273695
2022-11-23,98.64,99.26,99.81,98.12,265258
2022-11-25,99.37,99.81,100.2,98.61,92187
2022-11-28,99.36,97.22,99.63,96.72,188133
2022-11-29,97.19,96.28,97.84,95.98,215907
2022-11-30,96.55,97.82,98.35,94.9513,261527
2022-12-01,97.87,99.09,99.159,96.955,210018
2022-12-02,98.13,99.62,100.22,97.1,327809
2022-12-05,99.09,97.5,100.01,96.8,302950
2022-12-06,98.22,97.51,99.07,96.47,527537
2022-12-07,97.04,96.46,98.51,96.16,369764
2022-12-08,96.58,94.07,97.29,93.79,428688
2022-12-09,93.88,93.57,94.51,92.6,519806
2022-12-12,93.24,93.56,93.6,91.55,480220
2022-12-13,96.03,93.21,96.65,91.87,608190
2022-12-14,93.35,93.61,94.32,92.52,396553
2022-12-15,92.43,91.36,92.755,90.425,418551
2022-12-16,90.4,92.07,92.41,90.33,689336
2022-12-19,91.65,89.18,92.2,88.68,389353
2022-12-20,89.2,89.46,90.325,88.85,346275
2022-12-21,90.41,91.93,92.28,90.41,250525
2022-12-22,91.41,88.81,91.41,87.889,298378
2022-12-23,88.62,89.15,89.86,87.76,193477
2022-12-27,89.86,88.65,89.86,88.09,216520
2022-12-28,88.76,87.84,89.24,87.5,227993
2022-12-29,88.71,88.69,89.4422,88.16,345972
2022-12-30,87.79,87.16,87.91,86.4,249091
2023-01-03,88.26,87.89,88.95,87.32,276387
2023-01-04,88.61,88.24,89.34,86.295,291099
2023-01-05,87.51,88.06,89.03,86.72,305502
2023-01-06,88.81,90.38,90.39,87.95,238168
2023-01-09,90.48,90.59,91.89,90.26,187796
2023-01-10,89.98,93.34,93.99,89.58,334439
2023-01-11,92.72,94.9,95.08,92.25,328725
2023-01-12,95.09,96.25,96.35,93.79,293291
2023-01-13,95.53,97.91,98.49,95.29,306146
2023-01-17,97.15,96.59,97.66,95.67,374785
2023-01-18,96.59,96.57,98.4,96.04,343017
2023-01-19,95.98,95.77,96.17,94.27,237783
2023-01-20,96.36,97.01,97.62,95.89,249828
2023-01-23,96.87,98.0,98.1,96.3,205130
2023-01-24,97.55,96.95,98.88,96.61,184969
2023-01-25,96.06,96.18,96.865,95.52,294195
2023-01-26,96.99,96.95,98.1,96.64,363795
2023-01-27,96.49,97.16,97.35,95.94,277937
2023-01-30,96.97,97.65,99.16,96.55,382844
2023-01-31,97.82,99.07,99.07,97.38,439820
2023-02-01,96.52,97.49,99.04,94.84,613801
2023-02-02,98.19,99.51,100.03,97.3206,414497
2023-02-03,98.98,100.78,101.495,98.38,406655
2023-02-06,100.31,98.87,100.87,98.86,391981
2023-02-07,98.02,98.15,98.83,96.7,398435
2023-02-08,97.27,97.29,98.925,97.08,298810
2023-02-09,97.68,94.59,97.68,94.55,433830
2023-02-10,94.5,96.02,96.87,94.07,319746
2023-02-13,96.18,98.06,98.6,95.24,359257
2023-02-14,98.6,97.71,99.57,97.61,249524
2023-02-15,96.83,96.77,97.34,95.93,235518
2023-02-16,95.45,96.81,97.91,95.45,345215
2023-02-17,96.94,99.17,99.445,96.26,343990
2023-02-21,97.99,97.3,98.75,97.035,665581
2023-02-22,97.36,95.95,97.605,94.75,461656
2023-02-23,95.91,95.26,96.31,93.75,315356
2023-02-24,94.36,94.67,94.95,93.53,282779
2023-02-27,95.45,94.73,95.85,94.19,246484
2023-02-28,94.59,95.17,97.02,94.59,570269
2023-03-01,94.95,95.2,95.67,94.48,318394
2023-03-02,94.29,94.81,95.07,93.24,288647
2023-03-03,95.24,95.66,95.82,94.57,227592
2023-03-06,95.45,94.35,96.13,94.21,303971
2023-03-07,94.06,92.8,94.35,92.79,287430
2023-03-08,92.92,92.7,93.48,92.32,257653
2023-03-09,92.65,90.12,92.8,89.9,388523
2023-03-10,89.55,87.78,90.06,86.66,608558
2023-03-13,85.79,85.36,87.755,84.842,570470
2023-03-14,88.21,88.71,89.57,87.2,617771
2023-03-15,86.12,90.04,90.22,85.77,689198
2023-03-16,89.06,92.71,93.18,88.15,577178
2023-03-17,91.98,90.85,92.295,90.48,800162
2023-03-20,92.09,92.84,93.45,91.73,429560
2023-03-21,94.99,94.13,95.04,93.31,358263
2023-03-22,94.13,91.85,95.22,91.8,337130
2023-03-23,91.85,92.11,92.83,90.83,354626
2023-03-24,90.65,89.78,90.65,87.55,656827
2023-03-27,90.63,89.72,91.72,89.39,582508
2023-03-28,88.35,89.56,89.84,87.02,750985
2023-03-29,90.25,88.35,90.25,87.7,1515267
2023-03-30,88.99,86.3,89.27,86.22,524769
2023-03-31,86.77,87.49,87.935,86.03,763286
2023-04-03,87.75,87.1,88.44,86.29,565035
2023-04-04,87.13,84.95,87.13,84.2,495561
2023-04-05,84.12,85.33,85.7,83.92,347220
2023-04-06,85.92,85.29,86.23,85.175,326975
2023-04-10,84.57,85.44,86.275,84.445,410493
2023-04-11,86.12,86.5,87.26,85.99,336930
2023-04-12,87.32,87.02,88.14,86.97,414341
2023-04-13,87.15,88.22,89.03,86.38,369593
2023-04-14,89.05,90.37,90.48,88.505,402965
2023-04-17,90.13,90.62,90.74,89.601,359189
2023-04-18,90.53,92.29,92.36,90.16,391861
2023-04-19,92.12,92.84,93.57,91.54,297076
2023-04-20,92.33,93.6,93.75,92.33,365386
2023-04-21,93.93,94.82,94.94,92.97,523397
2023-04-24,94.9,93.85,95.52,93.415,356755
2023-04-25,93.03,92.45,93.63,91.94,613165
2023-04-26,91.37,90.99,92.37,90.72,723988
2023-04-27,90.99,91.86,91.93,88.45,658695
2023-04-28,91.36,91.38,92.51,90.98,403865
2023-05-01,91.39,91.0,92.55,90.51,377846
2023-05-02,90.17,88.76,90.33,87.03,679885
2023-05-03,88.77,87.53,89.455,87.315,365700
2023-05-04,86.42,86.35,87.28,84.895,372159
