2021-07-29,38.0,34.82,40.25,33.35,102474737
2021-07-30,34.93,35.15,36.9795,33.25,40632228
2021-08-02,35.97,37.68,37.98,35.3,19948534
2021-08-03,37.911,46.8,48.59,37.1594,93819198
2021-08-04,54.45,70.39,85.0,54.4,175790540
2021-08-05,62.9,50.97,66.5,50.46,82470402
2021-08-06,57.77,55.01,60.88,53.1,70131720
2021-08-09,59.0835,56.83,59.96,56.0,27495240
2021-08-10,56.4852,53.94,58.49,53.5,17066352
2021-08-11,54.5683,51.19,54.6058,49.0,15893137
2021-08-12,50.125,48.1,50.39,47.52,13426242
2021-08-13,48.45,50.63,53.2,48.22,25659808
2021-08-16,49.4,47.19,49.79,47.0,12052503
2021-08-17,47.3,46.67,48.85,46.01,9160299
2021-08-18,47.9651,49.8,52.06,47.2,24407995
2021-08-19,45.06,44.69,46.88,44.135,18517574
2021-08-20,45.2,42.64,45.56,42.44,11764299
2021-08-23,44.16,45.29,46.85,43.32,15664716
2021-08-24,46.46,49.38,50.24,46.0,17122747
2021-08-25,48.425,48.98,50.99,47.5,10837516
2021-08-26,48.0,46.86,49.8499,46.4,7187728
2021-08-27,46.7986,46.87,48.1,46.14,6058053
2021-08-30,46.3,43.64,46.6,42.56,12363840
2021-08-31,42.03,44.32,44.5,41.51,8847512
2021-09-01,43.76,44.57,47.12,43.7,11012953
2021-09-02,45.202,44.49,45.7999,44.2,4099172
2021-09-03,44.6928,43.35,44.88,43.15,4676645
2021-09-07,43.33,42.13,43.39,41.75,6179176
2021-09-08,42.0,40.05,42.21,39.81,7834862
2021-09-09,40.5,41.28,42.54,40.3813,6981918
2021-09-10,41.5,41.17,42.52,40.72,5521802
2021-09-13,41.22,40.6,41.3899,39.8,4309173
2021-09-14,41.0,40.02,41.0,39.23,4298047
2021-09-15,40.2,41.87,41.94,39.83,5835873
2021-09-16,41.62,41.95,42.43,40.91,4206706
2021-09-17,41.92,42.38,42.9012,41.9,5000840
2021-09-20,40.62,40.7,41.56,40.0301,4437794
2021-09-21,41.04,42.29,42.69,40.7938,5984827
2021-09-22,43.0004,46.88,46.94,42.76,14619488
2021-09-23,46.285,45.94,47.84,44.71,12129439
2021-09-24,44.7,44.91,46.55,44.35,6057991
2021-09-27,44.93,44.76,45.91,43.95,4041686
2021-09-28,43.92,44.62,45.96,42.51,5791895
2021-09-29,44.17,43.13,45.4625,43.1,4597599
2021-09-30,43.13,42.08,43.13,41.41,3535993
2021-10-01,42.3617,41.9,42.78,41.12,2655845
2021-10-04,41.8,40.93,41.8123,40.25,2647750
2021-10-05,41.074,42.01,42.4899,41.0509,2813392
2021-10-06,42.0,42.06,42.65,41.7,2730242
2021-10-07,42.2374,41.84,42.84,41.68,2895418
2021-10-08,41.8,41.78,42.06,41.05,3688931
2021-10-11,41.1723,42.07,42.468,41.01,3733178
2021-10-12,42.0,40.53,42.05,40.5,3717965
2021-10-13,40.62,40.52,40.83,39.86,3914428
2021-10-14,40.59,40.93,41.79,40.55,3827495
2021-10-15,41.641,41.03,41.7,40.8601,2579553
2021-10-18,40.95,40.65,41.25,40.31,4019789
2021-10-19,40.91,41.7,41.8,40.54,4529214
2021-10-20,41.8933,41.83,42.44,41.02,4057555
2021-10-21,41.93,41.28,43.36,41.21,5377739
2021-10-22,41.125,39.59,41.13,39.59,5916837
2021-10-25,39.76,39.01,39.87,38.15,8081732
2021-10-26,39.61,39.57,40.25,39.0,13250919
2021-10-27,35.98,35.44,36.19,34.44,29082790
2021-10-28,35.21,35.47,35.52,33.99,17441533
2021-10-29,35.65,34.97,35.85,34.8,10687377
2021-11-01,35.2,34.85,35.215,34.42,7946006
2021-11-02,34.72,34.99,34.99,34.34,5547732
2021-11-03,34.94,37.04,37.5,34.6752,15342781
2021-11-04,37.03,37.07,37.95,36.5,6474368
2021-11-05,37.0,37.01,37.41,36.65,4744776
2021-11-08,37.06,37.98,38.17,36.52,7149237
2021-11-09,36.76,36.7,37.199,36.45,7130040
2021-11-10,35.9,34.49,36.11,33.7501,14707521
2021-11-11,34.82,34.17,34.84,34.04,6037956
2021-11-12,34.645,35.21,35.9,34.59,8727757
2021-11-15,35.5,34.96,35.61,34.23,6219582
2021-11-16,34.37,33.87,34.44,32.87,8929807
2021-11-17,33.8,32.88,33.98,32.81,6763787
2021-11-18,32.9,30.53,32.93,30.41,12654119
2021-11-19,30.3,28.99,30.8,28.8,14289543
2021-11-22,29.0,27.84,29.36,27.44,12690388
2021-11-23,27.6,27.65,28.3001,26.57,8654347
2021-11-24,27.54,27.98,28.54,27.51,5980076
2021-11-26,27.075,27.92,29.22,27.05,5503000
2021-11-29,28.095,27.07,28.29,25.75,15203897
2021-11-30,26.6949,25.94,27.56,25.81,22291032
2021-12-01,26.35,23.93,26.39,23.89,37653088
2021-12-02,23.96,24.2,24.29,23.34,14035688
2021-12-03,23.92,21.55,24.06,21.5,16825218
2021-12-06,21.34,21.9,22.05,20.58,12053688
2021-12-07,22.65,22.73,23.33,22.02,11058383
2021-12-08,23.0,23.72,23.74,21.76,15159432
2021-12-09,23.27,21.91,23.48,21.7,14155120
2021-12-10,21.78,20.13,21.81,19.82,22116637
2021-12-13,19.7,19.7,20.2,18.86,18086872
2021-12-14,19.155,19.13,19.56,18.42,21065868
2021-12-15,19.0,19.5,19.8,17.89,22439347
2021-12-16,19.24,18.14,19.89,17.71,20919960
2021-12-17,17.88,19.1,19.37,17.075,20788720
2021-12-20,18.27,18.03,18.93,17.59,13652145
2021-12-21,18.1048,18.93,19.03,17.98,10885189
2021-12-22,18.64,18.38,18.88,18.04,16627760
2021-12-23,18.31,18.9,19.25,17.89,13067516
2021-12-27,18.83,18.44,18.85,18.21,12360220
2021-12-28,18.1535,17.45,18.53,17.4,15814896
2021-12-29,17.45,17.11,17.67,16.68,12534757
2021-12-30,17.18,18.2,18.72,17.14,16128456
2021-12-31,18.12,17.76,18.76,17.72,10931131
2022-01-03,18.05,18.44,18.9396,17.91,16128983
2022-01-04,18.39,17.4,18.45,16.84,28170145
2022-01-05,17.3,15.98,17.5,15.77,30878596
2022-01-06,15.8,15.58,16.05,14.8,50293158
2022-01-07,15.62,15.89,16.48,15.52,23053667
2022-01-10,15.35,15.61,16.0,14.75,22173436
2022-01-11,15.525,16.41,16.82,15.33,20145318
2022-01-12,16.63,16.25,17.21,16.06,15831365
2022-01-13,16.26,15.3,16.39,15.26,16354458
2022-01-14,15.09,15.17,15.73,14.73,16689711
2022-01-18,14.9,14.4,14.96,14.26,15746277
2022-01-19,14.46,13.89,14.65,13.84,15014166
2022-01-20,14.1,13.69,14.84,13.65,20377477
2022-01-21,13.47,12.98,13.68,12.7734,23868759
2022-01-24,12.25,13.12,13.16,11.15,36969492
2022-01-25,12.87,13.05,13.47,12.705,18463047
2022-01-26,13.35,12.41,13.58,12.34,22797230
2022-01-27,12.655,11.61,12.655,11.4,39144259
2022-01-28,9.97,12.73,12.86,9.94,69488935
2022-01-31,12.6385,14.15,14.54,11.85,52585171
2022-02-01,14.29,14.65,14.74,13.41,29358452
2022-02-02,14.59,14.02,14.85,13.54,24362532
2022-02-03,13.41,14.15,14.68,13.24,22621592
2022-02-04,14.16,15.18,15.33,13.77,23091534
2022-02-07,15.06,13.91,15.24,13.77,24001215
2022-02-08,13.82,13.38,13.8213,12.93,25121068
2022-02-09,13.5941,13.91,14.28,13.22,23897045
2022-02-10,13.38,13.52,14.7,13.32,27800941
2022-02-11,13.6112,13.32,14.19,13.07,17639072
2022-02-14,13.105,13.35,13.87,12.97,21779456
2022-02-15,13.68,13.67,13.77,13.31,17184968
2022-02-16,13.52,13.51,14.06,13.28,16271191
2022-02-17,13.35,12.25,13.49,12.15,23159167
2022-02-18,12.35,11.81,12.4399,11.64,19269403
2022-02-22,11.47,11.31,11.74,10.98,22042980
2022-02-23,11.37,10.86,11.5989,10.83,16146097
2022-02-24,10.0,11.51,11.65,9.93,31330210
2022-02-25,11.54,11.61,11.7,10.91,15928389
2022-02-28,11.495,12.01,12.095,11.31,17105354
2022-03-01,12.055,11.77,12.26,11.51,12587284
2022-03-02,11.77,11.49,11.77,11.075,11838730
2022-03-03,11.52,11.38,11.83,11.11,14725911
2022-03-04,11.19,10.96,11.6727,10.85,18233579
2022-03-07,11.04,11.42,12.03,11.04,26532039
2022-03-08,11.26,11.75,12.07,11.01,16700256
2022-03-09,11.99,12.42,12.47,11.9,18056459
2022-03-10,12.03,12.05,12.11,11.61,15593357
2022-03-11,12.44,11.02,12.46,11.01,21050120
2022-03-14,10.91,10.65,11.14,10.4,17131252
2022-03-15,10.53,11.04,11.12,10.2,16286648
2022-03-16,11.25,12.78,12.85,11.19,35061550
2022-03-17,12.63,13.39,13.71,12.455,27387013
2022-03-18,13.33,13.44,13.95,13.21,25838103
2022-03-21,13.29,13.05,13.3,12.5147,23467395
2022-03-22,13.18,13.42,13.857,12.89,22472718
2022-03-23,13.26,13.08,13.34,12.72,15530558
2022-03-24,13.02,12.96,13.245,12.61,10404281
2022-03-25,12.88,12.39,12.98,12.26,11156887
2022-03-28,12.46,12.81,13.02,12.275,12380208
2022-03-29,13.19,15.91,16.49,13.15,101513589
2022-03-30,15.58,14.56,15.66,14.4,36848463
2022-03-31,14.62,13.51,14.64,13.49,26911112
2022-04-01,13.54,13.5,13.75,13.23,19581990
2022-04-04,13.5,13.83,13.93,13.37,12972273
2022-04-05,13.8,13.03,13.95,12.91,13238525
2022-04-06,12.77,12.51,12.89,12.04,15547794
2022-04-07,12.41,12.07,12.66,11.56,14671662
2022-04-08,11.46,11.24,11.69,11.06,25046542
2022-04-11,11.02,11.35,11.51,10.84,14568299
2022-04-12,11.66,11.43,12.08,11.355,13906405
2022-04-13,11.32,11.89,11.93,11.25,9031765
2022-04-14,11.78,11.38,11.89,11.305,12083941
2022-04-18,11.285,10.99,11.39,10.9,11319980
2022-04-19,10.98,11.56,11.635,10.83,13253461
2022-04-20,11.55,10.71,11.56,10.68,15342371
2022-04-21,10.869,10.44,11.11,10.2,14642011
2022-04-22,10.4,10.26,10.66,10.15,13172512
2022-04-25,10.13,10.39,10.45,9.975,13322012
2022-04-26,10.33,10.0,10.505,9.85,14430940
2022-04-27,9.595,9.51,10.04,9.38,18996438
2022-04-28,9.6,10.09,10.2,9.2601,26970218
2022-04-29,9.05,9.805,10.79,9.0,32541441
2022-05-02,9.76,10.48,10.49,9.52,22709522
2022-05-03,10.12,10.1,10.51,9.64,27084033
2022-05-04,10.09,10.9,10.92,9.853,26056568
2022-05-05,10.85,10.61,10.965,10.365,17641309
2022-05-06,10.5,10.12,10.67,9.91,15359704
2022-05-09,9.86,9.5,10.24,9.39,18935672
2022-05-10,9.635,9.27,9.935,8.915,22732726
2022-05-11,8.98,8.15,9.37,8.01,31547653
2022-05-12,7.902,8.56,8.83,7.71,32064204
2022-05-13,10.54,10.69,10.855,9.84,48560109
2022-05-16,10.64,10.11,10.64,9.945,20918850
2022-05-17,10.35,10.06,10.55,9.5,21824173
2022-05-18,9.9,9.73,10.45,9.675,16585309
2022-05-19,9.74,10.21,10.45,9.625,15708480
2022-05-20,10.35,10.08,10.55,9.5707,12809194
2022-05-23,9.99,10.06,10.115,9.55,14168632
2022-05-24,9.89,9.11,9.92,8.97,12972025
2022-05-25,9.07,9.23,9.37,8.97,11818549
2022-05-26,9.12,9.28,9.535,9.06,10712865
2022-05-27,9.35,10.38,10.42,9.275,17019175
2022-05-31,10.26,10.06,10.55,9.99,24393248
2022-06-01,9.96,9.37,10.005,9.22,21328627
2022-06-02,9.29,9.7,9.715,9.15,13422649
2022-06-03,9.38,9.17,9.45,9.05,13193820
2022-06-06,9.26,9.11,9.8,9.05,24087682
2022-06-07,8.73,8.72,8.795,8.25,31787732
2022-06-08,8.66,8.38,8.93,8.23,32988704
2022-06-09,8.29,8.03,8.43,8.0,19896545
2022-06-10,7.74,7.81,8.12,7.61,21966950
2022-06-13,7.3,7.23,7.475,7.02,27700924
2022-06-14,7.24,7.23,7.48,7.1,16209797
2022-06-15,7.04,7.05,7.21,6.87,32870960
2022-06-16,6.94,6.89,7.14,6.81,21709324
2022-06-17,6.84,7.19,7.22,6.84,18196681
2022-06-21,7.35,7.55,8.02,7.35,19619915
2022-06-22,7.3,7.49,7.73,7.28,15393814
2022-06-23,7.75,7.98,8.07,7.61,16915781
2022-06-24,8.08,8.0,8.38,7.84,60504156
2022-06-27,8.122,9.12,9.72,7.82,73442383
2022-06-28,9.06,8.865,9.3,8.77,34601288
2022-06-29,8.52,8.47,8.815,8.44,12722088
2022-06-30,8.43,8.22,8.51,8.06,13039411
2022-07-01,8.22,8.18,8.395,8.02,10408952
2022-07-05,8.02,8.4,8.44,7.78,12885339
2022-07-06,8.44,8.63,8.8,8.26,14051328
2022-07-07,8.62,9.02,9.02,8.485,12394425
2022-07-08,8.85,9.0,9.25,8.76,9873567
2022-07-11,8.86,8.34,8.94,8.29,10191393
2022-07-12,8.36,8.4,8.52,8.1,11153516
2022-07-13,8.2,8.36,8.47,8.08,8250618
2022-07-14,8.29,8.24,8.35,8.05,8006959
2022-07-15,8.3,8.41,8.42,8.1,10206055
2022-07-18,8.63,8.62,8.84,8.555,9070927
2022-07-19,8.73,9.03,9.07,8.7,10444009
2022-07-20,9.03,9.41,9.44,8.96,10889274
2022-07-21,9.34,9.41,9.5,9.2,7446578
2022-07-22,9.45,9.08,9.5,8.94,8296321
2022-07-25,9.03,8.89,9.03,8.74,5470127
2022-07-26,8.71,8.43,8.73,8.37,7255431
2022-07-27,8.63,8.9,8.93,8.49,6037011
2022-07-28,8.89,9.11,9.175,8.575,7384838
2022-07-29,9.01,9.05,9.15,8.91,7679156
2022-08-01,8.94,9.04,9.04,8.7119,9478573
2022-08-02,8.81,9.23,9.33,8.79,11339195
2022-08-03,9.4,10.31,10.76,9.4,37485669
2022-08-04,10.97,10.88,11.35,10.26,27870330
2022-08-05,10.42,10.4,10.615,9.94,17288096
2022-08-08,10.52,10.68,10.905,10.28,13033183
2022-08-09,10.47,10.1,10.51,10.0,8266029
2022-08-10,10.51,10.58,10.66,10.16,11168657
2022-08-11,11.01,10.51,11.295,10.51,14229972
2022-08-12,10.65,10.93,10.93,10.43,7333567
2022-08-15,10.79,11.01,11.19,10.79,7086896
2022-08-16,11.025,10.9,11.59,10.62,20413432
2022-08-17,10.75,10.42,10.815,10.31,9287033
2022-08-18,10.33,10.17,10.42,9.94,9525442
2022-08-19,9.85,9.26,9.88,9.19,13783771
2022-08-22,8.97,9.04,9.265,8.89,8228130
2022-08-23,9.04,9.18,9.335,8.935,6071578
2022-08-24,9.2,9.32,9.49,9.1575,5350261
2022-08-25,9.43,9.81,9.83,9.34,6123473
2022-08-26,9.87,9.38,9.97,9.21,7071945
2022-08-29,9.26,9.38,9.59,9.2176,5129067
2022-08-30,9.5,9.47,9.64,9.29,5410746
2022-08-31,9.51,9.55,9.685,9.41,7247367
2022-09-01,9.4,9.63,9.63,8.99,8310973
2022-09-02,9.82,9.45,9.85,9.27,7305020
2022-09-06,9.53,9.57,9.74,9.35,13242167
2022-09-07,9.62,9.85,9.92,9.45,9342625
2022-09-08,9.62,10.1,10.11,9.53,11116372
2022-09-09,10.41,10.6,10.93,10.29,15669117
2022-09-12,10.76,11.01,11.28,10.56,14394720
2022-09-13,10.52,10.41,10.915,10.32,15029375
2022-09-14,10.41,10.78,10.905,10.275,17007422
2022-09-15,10.65,11.25,11.625,10.65,18488632
2022-09-16,10.91,10.25,11.03,10.2,46281791
2022-09-19,9.98,10.26,10.295,9.76,10074700
2022-09-20,10.16,9.94,10.26,9.9,5799744
2022-09-21,10.01,9.92,10.52,9.85,8110947
2022-09-22,10.62,9.65,11.1,9.6,28957581
2022-09-23,9.485,9.44,9.58,9.165,10079631
2022-09-26,9.42,9.24,9.74,9.24,7810508
2022-09-27,9.455,9.61,9.79,9.37,8530033
2022-09-28,9.545,10.01,10.15,9.54,9015841
2022-09-29,9.8,9.77,9.9,9.56,5566412
2022-09-30,9.74,10.1,10.4787,9.67,7938444
2022-10-03,10.02,10.1,10.19,9.71,8883110
2022-10-04,10.4,10.82,10.96,10.39,10021897
2022-10-05,10.65,10.76,10.97,10.515,5980688
2022-10-06,10.76,11.17,11.18,10.7,7227794
2022-10-07,10.91,10.8,11.17,10.65,6673666
2022-10-10,10.818,10.52,10.84,10.395,4699864
2022-10-11,10.44,10.44,10.64,9.845,6979403
2022-10-12,10.44,10.66,10.675,10.13,5629992
2022-10-13,10.175,10.63,10.94,9.95,8549732
2022-10-14,10.8,9.89,11.02,9.885,5715752
2022-10-17,10.33,10.21,10.58,10.11,7054061
2022-10-18,10.63,10.44,10.79,10.31,6890375
2022-10-19,10.3,10.11,10.4,9.905,5774051
2022-10-20,10.08,9.83,10.48,9.82,7947942
2022-10-21,9.77,10.14,10.15,9.54,8035214
2022-10-24,10.15,10.21,10.24,9.7,5482049
2022-10-25,10.22,10.83,10.91,10.22,7570118
2022-10-26,10.8,11.08,11.5,10.75,8246803
2022-10-27,11.12,11.16,11.49,11.02,6803058
2022-10-28,11.1,11.5,11.57,11.02,9593253
2022-10-31,11.45,11.68,12.36,11.355,12545251
2022-11-01,12.02,11.92,12.16,11.625,8745142
2022-11-02,11.88,11.4,12.015,11.32,14620355
2022-11-03,11.85,12.33,12.76,11.5,22831723
2022-11-04,12.47,12.28,12.59,11.82,10887043
2022-11-07,12.4,12.03,12.54,11.87,12563825
2022-11-08,11.7238,9.74,11.7238,9.6,42934999
2022-11-09,9.575,8.4,9.635,8.29,37581003
2022-11-10,9.21,9.27,9.41,8.735,26896914
2022-11-11,8.85,10.47,10.54,8.575,31084373
2022-11-14,10.0,9.56,10.28,9.54,17382940
2022-11-15,9.91,10.15,10.4,9.721,16877166
2022-11-16,9.84,9.32,10.0212,9.27,13759631
2022-11-17,9.13,9.47,9.5706,9.03,10392629
2022-11-18,9.55,9.19,9.6,9.1,8570737
2022-11-21,9.03,8.85,9.03,8.73,11079188
2022-11-22,8.8,9.09,9.19,8.65,7808513
2022-11-23,9.01,9.46,9.5,9.01,7444660
2022-11-25,9.33,9.39,9.43,9.24,1823816
2022-11-28,9.3,9.19,9.54,9.07,5920974
2022-11-29,9.28,9.18,9.429,9.03,7360015
2022-11-30,9.29,9.59,9.63,9.05,7533446
2022-12-01,9.6,9.87,10.08,9.55,8576058
2022-12-02,9.68,9.99,10.05,9.575,8184424
2022-12-05,10.0,9.67,10.17,9.65,4483406
2022-12-06,9.67,9.39,9.7601,9.21,7658206
2022-12-07,9.27,9.26,9.42,9.165,5071047
2022-12-08,9.43,9.52,9.56,9.155,6337301
2022-12-09,9.49,9.31,9.49,9.2746,5323417
2022-12-12,9.4,9.58,9.64,9.31,6070387
2022-12-13,10.1,9.35,10.24,9.24,10907230
2022-12-14,9.27,9.09,9.44,8.94,11071033
2022-12-15,8.825,8.67,9.0,8.61,9036284
2022-12-16,8.57,8.61,8.72,8.365,12381281
2022-12-19,8.56,8.2,8.56,8.03,8209672
2022-12-20,8.13,8.1,8.43,8.02,6312410
2022-12-21,8.17,8.17,8.235,7.97,4776648
2022-12-22,8.05,7.99,8.11,7.69,7869711
2022-12-23,7.99,7.95,8.0,7.76,5243930
2022-12-27,7.85,7.7,7.93,7.68,5352966
2022-12-28,7.67,7.7,7.81,7.565,6281967
2022-12-29,7.77,8.05,8.15,7.735,7422597
2022-12-30,7.85,8.14,8.17,7.76,9435821
2023-01-03,8.26,8.08,8.38,7.915,5282396
2023-01-04,8.17,8.36,8.37,8.05,9287906
2023-01-05,8.16,8.11,8.23,7.95,4469130
2023-01-06,8.14,8.25,8.32,7.9279,5880104
2023-01-09,8.44,8.55,8.69,8.39,7311232
2023-01-10,8.49,8.72,8.735,8.37,6335325
2023-01-11,8.76,8.76,8.84,8.63,4901476
2023-01-12,8.81,9.04,9.05,8.49,7845606
2023-01-13,8.93,9.32,9.44,8.9,10717578
2023-01-17,9.36,9.52,9.675,9.29,7924347
2023-01-18,9.66,9.31,9.7,9.17,7824450
2023-01-19,9.18,9.05,9.3,9.04,3549713
2023-01-20,9.16,9.52,9.57,9.06,6450920
2023-01-23,9.58,9.71,9.78,9.43,5774715
2023-01-24,9.6,9.71,9.84,9.56,5210978
2023-01-25,9.55,9.69,9.7801,9.325,5877772
2023-01-26,9.94,9.64,10.0,9.55,5726950
2023-01-27,9.61,10.39,10.545,9.59,12460914
2023-01-30,10.3,10.15,10.65,10.01,6890667
2023-01-31,10.24,10.41,10.42,10.15,7155356
2023-02-01,10.26,10.78,10.88,10.16,10457707
2023-02-02,11.12,11.14,11.52,10.97,15067776
2023-02-03,10.765,10.74,11.235,10.55,11173857
2023-02-06,10.63,10.6,10.73,10.42,6529778
2023-02-07,10.6,10.55,10.74,10.22,7756744
2023-02-08,10.6,10.47,10.795,10.39,13081260
2023-02-09,11.066,10.08,11.16,9.9,16889516
2023-02-10,9.92,9.98,10.325,9.84,8612299
2023-02-13,9.98,9.92,10.08,9.81,5829663
2023-02-14,9.89,10.06,10.26,9.81,5431509
2023-02-15,10.06,10.63,10.63,10.02,7763673
2023-02-16,10.432,10.34,10.92,10.33,8078142
2023-02-17,10.2,10.35,10.37,9.81,9328886
2023-02-21,10.13,9.9,10.29,9.83,5568913
2023-02-22,9.89,9.95,10.095,9.79,5135780
2023-02-23,10.065,10.09,10.1,9.715,4670674
2023-02-24,9.81,9.59,9.92,9.47,6090404
2023-02-27,9.72,9.72,9.875,9.6097,4516777
2023-02-28,9.73,10.07,10.16,9.72,6183898
2023-03-01,10.01,9.73,10.1103,9.7,4785393
2023-03-02,9.48,9.62,9.74,9.21,8129153
2023-03-03,9.61,9.9,9.95,9.5793,4934989
2023-03-06,9.945,9.72,10.04,9.675,4740506
2023-03-07,9.71,9.42,9.78,9.4,6980367
2023-03-08,9.42,9.65,9.72,9.34,3962497
2023-03-09,9.58,9.44,9.832,9.35,7287528
2023-03-10,9.32,9.01,9.37,8.51,12786967
2023-03-13,8.85,8.99,9.27,8.71,8538136
2023-03-14,9.33,9.11,9.475,9.0,7339626
2023-03-15,8.81,9.2,9.22,8.76,5927906
2023-03-16,9.1,9.31,9.37,8.98,4246829
2023-03-17,9.29,9.19,9.37,9.0437,6001220
2023-03-20,9.16,8.8,9.19,8.8,6042040
2023-03-21,8.93,9.34,9.38,8.88,6674508
2023-03-22,9.32,8.93,9.4,8.92,4657163
2023-03-23,8.89,8.57,9.06,8.54,9078133
2023-03-24,8.5,8.68,8.735,8.375,5012974
2023-03-27,8.76,8.61,8.84,8.52,4069819
2023-03-28,8.6,8.67,8.71,8.54,3027492
2023-03-29,8.83,9.1,9.22,8.7404,8636694
2023-03-30,9.22,9.46,9.48,9.2,11434226
2023-03-31,9.5,9.71,9.73,9.48,7841557
2023-04-03,9.65,9.76,9.82,9.53,8771609
2023-04-04,9.8,9.76,9.8,9.605,6472652
2023-04-05,9.7,9.75,9.78,9.52,9488757
2023-04-06,9.72,10.01,10.08,9.71,6895036
2023-04-10,9.93,9.98,10.0,9.645,5884941
2023-04-11,10.0,9.96,10.02,9.825,6217222
2023-04-12,10.12,10.01,10.2,9.66,5637420
2023-04-13,10.09,10.07,10.14,9.9,5893610
2023-04-14,10.04,10.0,10.105,9.915,8618503
2023-04-17,9.85,9.88,9.91,9.58,7762073
2023-04-18,9.97,9.84,10.02,9.75,3515879
2023-04-19,9.67,9.82,9.86,9.62,3042264
2023-04-20,9.7,9.73,9.835,9.62,3626656
2023-04-21,9.69,9.64,9.76,9.55,4759774
2023-04-24,9.63,9.4,9.69,9.3837,3980023
2023-04-25,9.3,9.09,9.37,9.05,4345307
2023-04-26,9.15,8.82,9.25,8.8,7099173
2023-04-27,8.9,8.82,8.94,8.72,8924682
2023-04-28,8.77,8.85,8.94,8.72,4550133
2023-05-01,8.8,8.82,8.85,8.645,6564045
2023-05-02,8.75,8.46,8.79,8.41,7051046
2023-05-03,8.41,8.38,8.5913,8.33,6099973
2023-05-04,8.36,8.48,8.6,8.21,6071719
2023-05-05,8.62,8.85,8.86,8.6,5325243
2023-05-08,8.82,8.91,8.95,8.76,4851807
2023-05-09,8.87,9.11,9.17,8.84,7773504
2023-05-10,9.31,9.07,9.38,8.79,11103994
2023-05-11,9.55,9.65,9.96,9.18,23998439
2023-05-12,9.62,8.74,9.64,8.71,15479101
2023-05-15,8.72,8.65,8.745,8.51,10032870
2023-05-16,8.53,8.35,8.59,8.31,9509032
2023-05-17,8.38,8.46,8.655,8.34,9628962
2023-05-18,8.425,8.62,8.67,8.39,5201886
2023-05-19,8.58,8.47,8.67,8.43,4813013
