2021-07-16,24.95,24.7451,24.95,24.7451,40011
2021-07-19,24.2,24.2578,24.2578,24.2,41067
2021-07-20,24.67,24.6855,24.6855,24.67,41840
2021-07-21,24.89,24.8983,24.95,24.89,41090
2021-07-22,24.84,24.8787,24.8787,24.84,40310
2021-07-23,25.0018,25.0018,25.0018,25.0018,0
2021-07-26,25.07,25.1323,25.1323,25.07,1004
2021-07-27,25.08,25.0876,25.0876,25.04,1510
2021-07-28,25.1487,25.1487,25.1487,25.1487,18
2021-07-29,25.221,25.221,25.221,25.221,8
2021-07-30,25.0272,25.0272,25.0272,25.0272,21
2021-08-02,25.0108,25.0108,25.0108,25.0108,10
2021-08-03,25.18,25.1738,25.18,25.1738,185
2021-08-04,25.1,24.9444,25.1,24.9444,112
2021-08-05,24.92,25.032,25.032,24.92,405
2021-08-06,25.22,25.1132,25.22,25.1,561
2021-08-09,25.17,25.0493,25.17,25.0493,1716
2021-08-10,25.31,25.1973,25.31,25.1,5885
2021-08-11,25.2821,25.2821,25.2821,25.2821,50
2021-08-12,25.3519,25.3519,25.3519,25.3519,1
2021-08-13,25.38,25.3563,25.38,25.3563,591
2021-08-16,25.33,25.3615,25.3615,25.33,535
2021-08-17,25.2758,25.2758,25.2758,25.2758,5
2021-08-18,24.9832,24.9832,24.9832,24.9832,0
2021-08-19,24.8524,24.8524,24.8524,24.8524,0
2021-08-20,25.019,25.019,25.019,25.019,112
2021-08-23,25.2243,25.2243,25.2243,25.2243,15
2021-08-24,25.293,25.293,25.293,25.293,2
2021-08-25,25.3301,25.3301,25.3301,25.3301,1
2021-08-26,25.1443,25.1443,25.1443,25.1443,0
2021-08-27,25.3407,25.3407,25.3407,25.3407,25
2021-08-30,25.3179,25.3179,25.3179,25.3179,40
2021-08-31,25.3464,25.3464,25.3464,25.3464,5
2021-09-01,25.3064,25.3064,25.3064,25.3064,0
2021-09-02,25.4519,25.4519,25.4519,25.4519,0
2021-09-03,25.4038,25.4038,25.4038,25.4038,4
2021-09-07,25.1767,25.1767,25.1767,25.1767,18
2021-09-08,25.1497,25.1497,25.1497,25.1497,0
2021-09-09,24.9763,24.9763,24.9763,24.9763,5
2021-09-10,24.7778,24.7778,24.7778,24.7778,25
2021-09-13,24.9527,24.9527,24.9527,24.9527,0
2021-09-14,24.7858,24.7858,24.7858,24.7858,0
2021-09-15,25.0147,25.0147,25.0147,25.0147,4
2021-09-16,24.9536,24.9536,24.9536,24.9536,14
2021-09-17,24.7675,24.7675,24.7675,24.7675,0
2021-09-20,24.4212,24.4212,24.4212,24.4212,10
2021-09-21,24.3424,24.3424,24.3424,24.3424,0
2021-09-22,24.5554,24.48627,24.5554,24.5554,0
2021-09-23,24.8256,24.8256,24.8256,24.8256,0
2021-09-24,24.848,24.848,24.848,24.848,10
2021-09-27,24.967,24.967,24.967,24.967,0
2021-09-28,24.6609,24.6609,24.6609,24.6609,1
2021-09-29,24.7592,24.7592,24.7592,24.7592,0
2021-09-30,24.4354,24.4354,24.4354,24.4354,3
2021-10-01,24.7524,24.7524,24.7524,24.7524,6
2021-10-04,24.6234,24.6234,24.6234,24.6234,6
2021-10-05,24.7654,24.7654,24.7654,24.7654,5
2021-10-06,24.7505,24.7505,24.7505,24.7505,4
2021-10-07,24.9196,24.9196,24.9196,24.9196,0
2021-10-08,24.8622,24.8622,24.8622,24.8622,1
2021-10-11,24.7054,24.7054,24.7054,24.7054,0
2021-10-12,24.6427,24.6427,24.6427,24.6427,10
2021-10-13,24.7541,24.7541,24.7541,24.7541,11
2021-10-14,25.0446,25.0446,25.0446,25.0446,0
2021-10-15,25.2399,25.2399,25.2399,25.2399,0
2021-10-18,25.209,25.209,25.209,25.209,3
2021-10-19,25.3295,25.3295,25.3295,25.3295,0
2021-10-20,25.4612,25.4612,25.4612,25.4612,5
2021-10-21,25.4054,25.4054,25.4054,25.4054,5
2021-10-22,25.3142,25.3142,25.3142,25.3142,11
2021-10-25,25.3289,25.3289,25.3289,25.3289,0
2021-10-26,25.211,25.211,25.211,25.211,0
2021-10-27,24.9772,24.9772,24.9772,24.9772,0
2021-10-28,25.1994,25.1994,25.1994,25.1994,11
2021-10-29,25.1886,25.1886,25.1886,25.1886,0
2021-11-01,25.4162,25.4162,25.4162,25.4162,1
2021-11-02,25.5714,25.5714,25.5714,25.5714,11
2021-11-03,25.8169,25.8169,25.8169,25.8169,0
2021-11-04,25.6842,25.6842,25.6842,25.6842,1
2021-11-05,25.9715,25.9715,25.9715,25.9715,11
2021-11-08,25.9432,25.9432,25.9432,25.9432,0
2021-11-09,25.944,25.944,25.944,25.944,11
2021-11-10,25.8644,25.8644,25.8644,25.8644,0
2021-11-11,25.8817,25.8817,25.8817,25.8817,0
2021-11-12,25.9614,25.9614,25.9614,25.9614,13
2021-11-15,25.9322,25.9322,25.9322,25.9322,2
2021-11-16,25.7023,25.7023,25.7023,25.7023,0
2021-11-17,25.6178,25.6178,25.6178,25.6178,0
2021-11-18,25.5404,25.5404,25.5404,25.5404,0
2021-11-19,25.1925,25.1925,25.1925,25.1925,0
2021-11-22,25.2417,25.2417,25.2417,25.2417,0
2021-11-23,25.2802,25.2802,25.2802,25.2802,1
2021-11-24,25.0453,25.0453,25.0453,25.0453,7
2021-11-26,24.5786,24.5786,24.5786,24.5786,8
2021-11-29,24.5787,24.5787,24.5787,24.5787,0
2021-11-30,23.9261,23.9261,23.9261,23.9261,0
2021-12-01,23.5974,23.5974,23.5974,23.5974,5
2021-12-02,23.978,23.978,23.978,23.978,4
2021-12-03,23.9485,23.9485,23.9485,23.9485,0
2021-12-06,24.2746,24.2746,24.2746,24.2746,0
2021-12-07,24.5341,24.5341,24.5341,24.5341,0
2021-12-08,24.5752,24.5752,24.5752,24.5752,2
2021-12-09,24.4755,24.4755,24.4755,24.4755,5
2021-12-10,24.5637,24.5637,24.5637,24.5637,0
2021-12-13,24.4947,24.4947,24.4947,24.4947,0
2021-12-14,24.35,24.35,24.35,24.35,0
2021-12-15,24.5633,24.5633,24.5633,24.5633,6
2021-12-16,24.6868,24.6868,24.6868,24.6868,0
2021-12-17,24.4712,24.4712,24.4712,24.4712,0
2021-12-20,24.1737,24.1737,24.1737,24.1737,0
2021-12-21,24.515,24.20124,24.515,24.515,0
2021-12-22,24.3138,24.3138,24.3138,24.3138,0
2021-12-23,24.484,24.484,24.484,24.484,0
2021-12-27,24.6799,24.6799,24.6799,24.6799,4
2021-12-28,24.7078,24.7078,24.7078,24.7078,0
2021-12-29,24.7005,24.7709,24.7709,24.7005,1191
2021-12-30,24.79,24.7178,24.7936,24.7178,402
2021-12-31,24.6821,24.6821,24.6821,24.6821,2
2022-01-03,25.0086,25.0086,25.0086,25.0086,0
2022-01-04,25.34,25.2683,25.34,25.2683,882
2022-01-05,25.43,25.0606,25.43,25.0606,102
2022-01-06,25.0557,25.0557,25.0557,25.0557,13
2022-01-07,25.3085,25.3085,25.3085,25.3085,0
2022-01-10,25.3202,25.3202,25.3202,25.3202,12
2022-01-11,25.5796,25.5796,25.5796,25.5796,1
2022-01-12,25.5697,25.5697,25.5697,25.5697,1
2022-01-13,25.5002,25.5002,25.5002,25.5002,2
2022-01-14,25.7142,25.7142,25.7142,25.7142,0
2022-01-18,25.55,25.49,25.55,25.49,985
2022-01-19,25.345,25.2447,25.345,25.2447,403
2022-01-20,25.23,24.942,25.23,24.942,200
2022-01-21,24.5928,24.5928,24.5928,24.5928,0
2022-01-24,24.6499,24.6499,24.6499,24.6499,10
2022-01-25,24.71,24.5396,24.71,24.5396,295
2022-01-26,24.2983,24.2983,24.2983,24.2983,0
2022-01-27,24.6753,24.426,24.6753,24.426,1101
2022-01-28,24.7223,24.7223,24.7223,24.7223,0
2022-01-31,24.6549,24.9771,24.9771,24.6549,102
2022-02-01,25.1896,25.1896,25.1896,25.1896,35
2022-02-02,25.4,25.3522,25.4,25.3522,1002
2022-02-03,24.946,24.946,24.946,24.946,1
2022-02-04,25.1624,24.9827,25.1624,24.9827,12658
2022-02-07,24.856,24.856,24.856,24.856,0
2022-02-08,25.0762,25.0762,25.0762,25.0762,0
2022-02-09,25.2094,25.2094,25.2094,25.2094,0
2022-02-10,25.01,24.9116,25.01,24.9116,1000
2022-02-11,24.66,24.66,24.66,24.66,115
2022-02-14,24.41,24.49,24.58,24.41,5366
2022-02-15,24.7869,24.7869,24.7869,24.7869,0
2022-02-16,24.69,24.8197,24.8197,24.634,3135
2022-02-17,24.3966,24.3966,24.3966,24.3966,0
2022-02-18,24.33,24.2262,24.33,24.17,1438
2022-02-22,24.0025,24.0025,24.0025,24.0025,1
2022-02-23,23.7484,23.7484,23.7484,23.7484,256
2022-02-24,23.8794,23.8794,23.8794,23.8794,910
2022-02-25,24.5,24.4593,24.5,24.4593,201
2022-02-28,23.74,24.4429,24.4429,23.65,22794
2022-03-01,24.28,24.1008,24.28,24.09,540
2022-03-02,24.7799,24.6466,24.7999,24.6466,2824
2022-03-03,24.4133,24.4133,24.4133,24.4133,0
2022-03-04,24.08,24.1058,24.1058,24.08,6026
2022-03-07,23.8817,23.5296,23.91,23.5296,2936
2022-03-08,23.78,23.4001,23.78,23.4001,152
2022-03-09,23.95,23.8653,23.95,23.8653,200
2022-03-10,23.59,23.7389,23.75,23.59,210
2022-03-11,23.69,23.3998,23.69,23.3998,103
2022-03-14,23.33,23.3667,23.3667,23.33,861
2022-03-15,23.55,23.6964,23.6964,23.5499,15013
2022-03-16,24.0988,24.0988,24.0988,24.0988,0
2022-03-17,24.29,24.3483,24.3483,24.273,3088
2022-03-18,24.42,24.5387,24.5387,24.42,1688
2022-03-21,24.489,24.489,24.489,24.489,50
2022-03-22,24.7747,24.7747,24.7747,24.7747,0
2022-03-23,24.56,24.43554,24.56,24.5197,101
2022-03-24,24.69,24.719,24.719,24.66,208
2022-03-25,24.8592,24.884,24.884,24.8592,977
2022-03-28,24.9102,24.9102,24.9102,24.9102,4
2022-03-29,25.27,25.2562,25.27,25.2562,802
2022-03-30,25.12,25.0588,25.12,25.0588,204
2022-03-31,24.93,24.7374,24.93,24.7374,1059
2022-04-01,24.7755,24.8702,24.8702,24.7755,9699
2022-04-04,24.98,25.0364,25.0364,24.98,263
2022-04-05,24.9,24.7503,24.9,24.75,300
2022-04-06,24.62,24.5622,24.63,24.5622,928
2022-04-07,24.53,24.6219,24.67,24.53,7924
2022-04-08,24.6274,24.6274,24.6274,24.6274,3
2022-04-11,24.57,24.5628,24.61,24.5628,8738
2022-04-12,24.7319,24.4716,24.7319,24.4716,1680
2022-04-13,24.7557,24.7557,24.7557,24.7557,207
2022-04-14,24.5235,24.5235,24.5235,24.5235,14
2022-04-18,24.3733,24.3733,24.3733,24.3733,3
2022-04-19,24.8222,24.8222,24.8222,24.8222,4
2022-04-20,24.9071,24.8573,24.9071,24.8573,100
2022-04-21,24.69,24.5045,24.69,24.5045,100
2022-04-22,23.8506,23.8506,23.8506,23.8506,113
2022-04-25,23.75,23.75,23.75,23.75,115
2022-04-26,23.3488,23.3488,23.3488,23.3488,0
2022-04-27,23.2294,23.2294,23.2294,23.2294,10
2022-04-28,23.6705,23.6705,23.6705,23.6705,7
2022-04-29,23.0,22.8506,23.0,22.8506,2505
2022-05-02,22.96,23.0278,23.0278,22.9597,510
2022-05-03,23.26,23.2421,23.26,23.2421,115
2022-05-04,23.9519,23.9519,23.9519,23.9519,5
2022-05-05,23.2367,23.2367,23.2367,23.2367,2
2022-05-06,22.9969,22.9969,22.9969,22.9969,5
2022-05-09,22.51,22.4167,22.51,22.4167,102
2022-05-10,22.54,22.4058,22.54,22.4058,106
2022-05-11,22.0493,22.0493,22.0493,22.0493,50
2022-05-12,22.1316,22.1316,22.1316,22.1316,2
2022-05-13,22.6105,22.6105,22.6105,22.6105,0
2022-05-16,22.6113,22.6113,22.6113,22.6113,0
2022-05-17,23.0809,23.0809,23.0809,23.0809,52
2022-05-18,22.2012,22.2012,22.2012,22.2012,0
2022-05-19,22.122,22.122,22.122,22.122,16
2022-05-20,22.138,22.138,22.138,22.138,0
2022-05-23,22.4448,22.4448,22.4448,22.4448,0
2022-05-24,22.0653,22.2971,22.2971,22.0653,404
2022-05-25,22.6181,22.6181,22.6181,22.6181,0
2022-05-26,22.9477,22.9477,22.9477,22.9477,0
2022-05-27,23.337,23.337,23.337,23.337,0
2022-05-31,23.24,23.24,23.24,23.24,16
2022-06-01,23.1028,23.1028,23.1028,23.1028,0
2022-06-02,23.4384,23.4384,23.4384,23.4384,0
2022-06-03,23.11,23.1253,23.1253,23.11,13522
2022-06-06,23.26,23.21,23.26,23.21,100
2022-06-07,23.25,23.4587,23.4587,23.25,1319
2022-06-08,23.43,23.256,23.43,23.256,258
2022-06-09,22.84,22.7974,22.84,22.7974,100
2022-06-10,22.252,22.252,22.252,22.252,0
2022-06-13,21.37,21.2762,21.37,21.2762,101
2022-06-14,21.15,21.1581,21.1581,21.15,150
2022-06-15,21.51,21.4741,21.51,21.4741,141
2022-06-16,20.6806,20.6806,20.6806,20.6806,1
2022-06-17,20.8596,20.8596,20.8596,20.8596,2
2022-06-21,21.2442,21.2442,21.2442,21.2442,0
2022-06-22,21.2692,21.18707,21.2692,21.2692,22
2022-06-23,21.3265,21.3265,21.3265,21.3265,2
2022-06-24,22.0501,22.0501,22.0501,22.0501,0
2022-06-27,21.9654,21.9654,21.9654,21.9654,1
2022-06-28,21.5464,21.5464,21.5464,21.5464,3
2022-06-29,21.4,21.5139,21.5139,21.4,448
2022-06-30,21.2338,21.2338,21.2338,21.2338,1
2022-07-01,21.47,21.4711,21.54,21.45,38677
2022-07-05,21.444,21.444,21.444,21.444,3
2022-07-06,21.4231,21.4231,21.4231,21.4231,0
2022-07-07,21.7324,21.7324,21.7324,21.7324,0
2022-07-08,21.6792,21.6792,21.6792,21.6792,1
2022-07-11,21.3959,21.3959,21.3959,21.3959,14
2022-07-12,21.3071,21.3071,21.3071,21.3071,0
2022-07-13,21.2455,21.2455,21.2455,21.2455,1
2022-07-14,21.0253,21.0253,21.0253,21.0253,0
2022-07-15,21.3926,21.3926,21.3926,21.3926,0
2022-07-18,21.3468,21.3468,21.3468,21.3468,0
2022-07-19,21.9686,21.9686,21.9686,21.9686,9
2022-07-20,22.1402,22.1402,22.1402,22.1402,0
2022-07-21,22.2087,22.2087,22.2087,22.2087,0
2022-07-22,22.0,22.0,22.0,22.0,200
2022-07-25,21.9957,21.9957,21.9957,21.9957,0
2022-07-26,21.7748,21.7748,21.7748,21.7748,0
2022-07-27,22.2293,22.2293,22.2293,22.2293,0
2022-07-28,22.4092,22.4092,22.4092,22.4092,3
2022-07-29,22.5862,22.5862,22.5862,22.5862,0
2022-08-01,22.642,22.642,22.642,22.642,0
2022-08-02,22.4756,22.4756,22.4756,22.4756,20
2022-08-03,22.9109,22.9109,22.9109,22.9109,6
2022-08-04,22.8933,22.8933,22.8933,22.8933,0
2022-08-05,22.8308,22.8308,22.8308,22.8308,0
2022-08-08,22.8025,22.8025,22.8025,22.8025,0
2022-08-09,22.5836,22.5836,22.5836,22.5836,0
2022-08-10,23.0479,23.0479,23.0479,23.0479,1
2022-08-11,23.1061,23.1061,23.1061,23.1061,30
2022-08-12,23.439,23.439,23.439,23.439,0
2022-08-15,23.4541,23.4541,23.4541,23.4541,0
2022-08-16,23.56,23.56,23.56,23.56,0
2022-08-17,23.2209,23.2209,23.2209,23.2209,30
2022-08-18,23.2161,23.2161,23.2161,23.2161,0
2022-08-19,22.94,22.9639,22.99,22.89,32733
2022-08-22,22.3502,22.3502,22.3502,22.3502,0
2022-08-23,22.3766,22.3766,22.3766,22.3766,30
2022-08-24,22.3761,22.3761,22.3761,22.3761,10
2022-08-25,22.6334,22.6334,22.6334,22.6334,1
2022-08-26,21.9186,21.9186,21.9186,21.9186,0
2022-08-29,21.87,21.7949,21.87,21.7949,2189
2022-08-30,21.5832,21.5832,21.5832,21.5832,0
2022-08-31,21.4283,21.4283,21.4283,21.4283,1
2022-09-01,21.3415,21.3415,21.3415,21.3415,4
2022-09-02,21.34,21.1433,21.34,21.1433,212
2022-09-06,20.9953,20.9953,20.9953,20.9953,11
2022-09-07,21.3902,21.3902,21.3902,21.3902,0
2022-09-08,21.5029,21.5029,21.5029,21.5029,12
2022-09-09,21.8669,21.8669,21.8669,21.8669,0
2022-09-12,22.1032,22.1032,22.1032,22.1032,0
2022-09-13,21.37,21.1404,21.37,21.1404,129
2022-09-14,21.1361,21.1361,21.1361,21.1361,51
2022-09-15,20.9117,20.9117,20.9117,20.9117,0
2022-09-16,20.7466,20.7466,20.7466,20.7466,45
2022-09-19,20.8905,20.8905,20.8905,20.8905,3
2022-09-20,20.607,20.607,20.607,20.607,15
2022-09-21,20.277,20.2034,20.277,20.277,21
2022-09-22,20.2499,20.0173,20.2499,20.0173,202
2022-09-23,19.6057,19.6057,19.6057,19.6057,0
2022-09-26,19.49,19.4035,19.49,19.4035,205
2022-09-27,19.3299,19.3299,19.3299,19.3299,5
2022-09-28,19.933,19.933,19.933,19.933,0
2022-09-29,19.3993,19.3993,19.3993,19.3993,3
2022-09-30,19.44,19.18,19.46,19.18,2613
2022-10-03,18.98,19.6899,19.6899,18.98,805
2022-10-04,20.3618,20.3618,20.3618,20.3618,5
2022-10-05,20.2984,20.2984,20.2984,20.2984,0
2022-10-06,20.0337,20.0337,20.0337,20.0337,2
2022-10-07,19.4678,19.4678,19.4678,19.4678,5
2022-10-10,19.3817,19.3817,19.3817,19.3817,4
2022-10-11,19.2056,19.2056,19.2056,19.2056,1
2022-10-12,19.1521,19.1521,19.1521,19.1521,0
2022-10-13,18.92,19.6775,19.6775,18.84,4822
2022-10-14,19.23,19.23,19.23,19.23,100
2022-10-17,19.68,19.68,19.68,19.68,100
2022-10-18,19.89,19.89,19.89,19.89,104
2022-10-19,19.7395,19.77,19.77,19.71,13158
2022-10-20,19.7526,19.7526,19.7526,19.7526,50
2022-10-21,20.1153,20.1153,20.1153,20.1153,2
2022-10-24,20.3502,20.3502,20.3502,20.3502,51
2022-10-25,20.6715,20.6715,20.6715,20.6715,0
2022-10-26,20.592,20.592,20.592,20.592,1
2022-10-27,20.5592,20.5592,20.5592,20.5592,1
2022-10-28,20.83,20.9797,20.9797,20.83,41321
2022-10-31,20.8103,20.8103,20.8103,20.8103,0
2022-11-01,20.8038,20.8038,20.8038,20.8038,0
2022-11-02,20.97,20.367,20.97,20.367,100
2022-11-03,20.1863,20.1863,20.1863,20.1863,0
2022-11-04,20.4515,20.4515,20.4515,20.4515,0
2022-11-07,20.7532,20.7532,20.7532,20.7532,0
2022-11-08,20.9936,20.9214,20.9936,20.9214,345
2022-11-09,20.7701,20.6082,20.7701,20.6082,151
2022-11-10,21.8677,21.8677,21.8677,21.8677,0
2022-11-11,22.2007,22.2007,22.2007,22.2007,0
2022-11-14,22.0094,22.0094,22.0094,22.0094,0
2022-11-15,22.2142,22.2142,22.2142,22.2142,0
2022-11-16,21.8959,21.8959,21.8959,21.8959,1
2022-11-17,21.7963,21.7963,21.7963,21.7963,0
2022-11-18,21.8833,21.8833,21.8833,21.8833,2
2022-11-21,21.8724,21.8724,21.8724,21.8724,10
2022-11-22,22.1886,22.1886,22.1886,22.1886,0
2022-11-23,22.3166,22.3166,22.3166,22.3166,1
2022-11-25,22.3696,22.3696,22.3696,22.3696,0
2022-11-28,21.9518,21.9518,21.9518,21.9518,9
2022-11-29,22.004,22.004,22.004,22.004,0
2022-11-30,22.5977,22.5977,22.5977,22.5977,0
2022-12-01,22.588,22.588,22.588,22.588,0
2022-12-02,22.5,22.6278,22.6278,22.5,8100
2022-12-05,22.2054,22.2054,22.2054,22.2054,0
2022-12-06,21.8911,21.8911,21.8911,21.8911,8
2022-12-07,21.9179,21.9179,21.9179,21.9179,0
2022-12-08,21.9818,21.9818,21.9818,21.9818,0
2022-12-09,21.9046,21.9046,21.9046,21.9046,0
2022-12-12,22.1846,22.1846,22.1846,22.1846,0
2022-12-13,22.26,22.3883,22.3883,22.26,201
2022-12-14,22.2275,22.2693,22.2693,22.2275,928
2022-12-15,21.6546,21.6546,21.6546,21.6546,0
2022-12-16,21.5148,21.5148,21.5148,21.5148,0
2022-12-19,21.2718,21.2718,21.2718,21.2718,0
2022-12-20,21.305,21.305,21.305,21.305,0
2022-12-21,21.5978,21.06846,21.5978,21.5978,0
2022-12-22,21.16,20.69,21.2,20.69,52550
2022-12-23,20.88,20.9,20.91,20.85,8601
2022-12-27,20.87,20.87,20.87,20.87,114
2022-12-28,20.6,20.6,20.6,20.6,100
2022-12-29,21.01,21.01,21.01,21.01,152
2022-12-30,20.86,20.93,20.93,20.84,16833
2023-01-03,21.08,21.08,21.08,21.08,102
2023-01-04,21.46,21.46,21.46,21.46,102
2023-01-05,21.26,21.26,21.26,21.26,100
2023-01-06,21.31,21.77,21.77,21.3,2116
2023-01-09,21.83,21.83,21.83,21.83,101
2023-01-10,22.03,22.03,22.03,22.03,100
2023-01-11,22.25,22.25,22.25,22.25,100
2023-01-12,22.46,22.46,22.46,22.46,100
2023-01-13,22.5669,22.5669,22.5669,22.5669,0
2023-01-17,22.4618,22.4618,22.4618,22.4618,64
2023-01-18,22.03,22.0663,22.0663,22.02,1801
2023-01-19,21.93,21.9154,21.96,21.9154,1912
2023-01-20,22.3,22.3335,22.3335,22.3,100
2023-01-23,22.6767,22.6767,22.6767,22.6767,59
2023-01-24,22.5927,22.5927,22.5927,22.5927,0
2023-01-25,22.6,22.6525,22.6525,22.59,1802
2023-01-26,22.8526,22.8526,22.8526,22.8526,0
2023-01-27,22.8736,22.8736,22.8736,22.8736,0
2023-01-30,22.6663,22.6663,22.6663,22.6663,0
2023-01-31,23.0108,23.0108,23.0108,23.0108,2
2023-02-01,23.3347,23.3347,23.3347,23.3347,0
2023-02-02,23.7201,23.7791,23.7791,23.72,313
2023-02-03,23.5627,23.5627,23.5627,23.5627,0
2023-02-06,23.3329,23.3329,23.3329,23.3329,0
2023-02-07,23.5523,23.5523,23.5523,23.5523,0
2023-02-08,23.1629,23.1629,23.1629,23.1629,2
2023-02-09,22.9334,22.9334,22.9334,22.9334,4
2023-02-10,22.8822,22.8822,22.8822,22.8822,0
2023-02-13,23.1734,23.1734,23.1734,23.1734,0
2023-02-14,23.1715,23.1715,23.1715,23.1715,0
2023-02-15,23.12,23.1772,23.1772,23.12,335
2023-02-16,23.0623,22.9033,23.0623,22.9033,435
2023-02-17,22.8246,22.8246,22.8246,22.8246,15
2023-02-21,22.2742,22.2742,22.2742,22.2742,2
2023-02-22,22.2696,22.2696,22.2696,22.2696,0
2023-02-23,22.3524,22.3524,22.3524,22.3524,0
2023-02-24,22.02,22.0538,22.0538,22.02,108
2023-02-27,22.2,22.1229,22.2,22.1229,100
2023-02-28,22.13,22.1375,22.1375,22.13,100
2023-03-01,22.0052,22.0052,22.0052,22.0052,0
2023-03-02,22.2155,22.2155,22.2155,22.2155,1
2023-03-03,22.51,22.5494,22.5494,22.51,100
2023-03-06,22.4196,22.4196,22.4196,22.4196,43
2023-03-07,22.09,22.0773,22.09,22.0773,105
2023-03-08,22.07,22.1154,22.1154,22.07,1759
2023-03-09,21.7117,21.7117,21.7117,21.7117,0
2023-03-10,21.3932,21.3932,21.3932,21.3932,33
2023-03-13,21.2558,21.2558,21.2558,21.2558,0
2023-03-14,21.5694,21.5694,21.5694,21.5694,0
2023-03-15,21.2,21.3903,21.3903,21.2,661
2023-03-16,21.7,21.8189,21.8189,21.7,871
2023-03-17,21.5709,21.5709,21.5709,21.5709,1
2023-03-20,21.7143,21.7143,21.7143,21.7143,9
2023-03-21,22.02,22.0377,22.0377,21.9,1701
2023-03-22,21.6972,21.60678,21.6972,21.6972,2
2023-03-23,21.56,21.6341,21.6341,21.52,5532
2023-03-24,21.6193,21.6193,21.6193,21.6193,2
2023-03-27,21.7206,21.7206,21.7206,21.7206,4
2023-03-28,21.7171,21.7171,21.7171,21.7171,1
2023-03-29,22.0919,22.0919,22.0919,22.0919,27
2023-03-30,22.2383,22.2383,22.2383,22.2383,7
2023-03-31,22.5718,22.5718,22.5718,22.5718,0
2023-04-03,22.5096,22.5914,22.5914,22.5096,116
2023-04-04,22.4893,22.4893,22.4893,22.4893,0
2023-04-05,22.4149,22.4149,22.4149,22.4149,0
2023-04-06,22.4964,22.4964,22.4964,22.4964,9
2023-04-10,22.42,22.5129,22.5129,22.42,100
2023-04-11,22.6223,22.6223,22.6223,22.6223,25
2023-04-12,22.4169,22.4169,22.4169,22.4169,5
2023-04-13,22.6649,22.6649,22.6649,22.6649,3
2023-04-14,22.5811,22.5811,22.5811,22.5811,25
2023-04-17,22.6439,22.7149,22.7149,22.6439,218
2023-04-18,22.7185,22.7185,22.7185,22.7185,0
2023-04-19,22.7036,22.7036,22.7036,22.7036,0
2023-04-20,22.5624,22.5624,22.5624,22.5624,12
2023-04-21,22.5317,22.5317,22.5317,22.5317,1
2023-04-24,22.5191,22.5191,22.5191,22.5191,0
2023-04-25,22.1534,22.1534,22.1534,22.1534,0
2023-04-26,22.0892,22.0892,22.0892,22.0892,0
2023-04-27,22.6103,22.6103,22.6103,22.6103,7
2023-04-28,22.7812,22.7812,22.7812,22.7812,0
2023-05-01,22.8469,22.7599,22.8469,22.7599,8810
2023-05-02,22.31,22.4636,22.4636,22.3,8811
2023-05-03,22.3904,22.3904,22.3904,22.3904,0
2023-05-04,22.1334,22.1334,22.1334,22.1334,0
