2021-04-01,25.09,25.1745,25.18,25.06,578995
2021-04-05,25.32,25.295,25.32,25.1781,60026
2021-04-06,25.18,25.25,25.26,25.1701,83444
2021-04-07,25.205,25.22,25.26,25.1741,7443
2021-04-08,25.31,25.3501,25.366,25.28,17559
2021-04-09,25.37,25.3824,25.3824,25.3,12344
2021-04-12,25.27,25.285,25.29,25.1803,21981
2021-04-13,25.31,25.3706,25.38,25.29,32003
2021-04-14,25.3884,25.36,25.3884,25.2767,15021
2021-04-15,25.47,25.425,25.47,25.365,4888
2021-04-16,25.44,25.505,25.56,25.37,217520
2021-04-19,25.53,25.4859,25.5349,25.4328,6522
2021-04-20,25.51,25.3188,25.51,25.21,55195
2021-04-21,25.2915,25.37,25.42,25.2915,6821
2021-04-22,25.3858,25.385,25.43,25.385,2082
2021-04-23,25.44,25.495,25.53,25.43,17995
2021-04-26,25.53,25.465,25.53,25.4311,3052
2021-04-27,25.5,25.435,25.5,25.38,2378
2021-04-28,25.49,25.53,25.535,25.47,15831
2021-04-29,25.52,25.4551,25.54,25.4,6439
2021-04-30,25.46,25.35,25.46,25.35,10155
2021-05-03,25.45,25.4477,25.51,25.4477,6531
2021-05-04,25.3,25.315,25.33,25.209,9455
2021-05-05,25.32,25.46,25.46,25.32,6359
2021-05-06,25.5,25.48,25.52,25.4552,1663
2021-05-07,25.66,25.61,25.66,25.585,3810
2021-05-10,25.65,25.5531,25.67,25.5432,3096
2021-05-11,25.44,25.505,25.505,25.4179,9543
2021-05-12,25.46,25.2251,25.46,25.1981,6722
2021-05-13,25.22,25.34,25.3799,25.22,19659
2021-05-14,25.55,25.52,25.55,25.47,10405
2021-05-17,25.39,25.485,25.5385,25.39,12285
2021-05-18,25.67,25.535,25.67,25.49,13041
2021-05-19,25.41,25.3949,25.44,25.3433,9681
2021-05-20,25.4699,25.5208,25.559,25.4699,3439
2021-05-21,25.53,25.56,25.618,25.53,2955
2021-05-24,25.65,25.615,25.68,25.615,1919
2021-05-25,25.61,25.645,25.7099,25.61,1325
2021-05-26,25.69,25.6306,25.69,25.5917,8089
2021-05-27,25.63,25.7109,25.7109,25.621,3449
2021-05-28,25.72,25.735,25.788,25.72,3942
2021-06-01,25.7402,25.7802,25.81,25.7402,5124
2021-06-02,25.83,25.815,25.858,25.795,26387
2021-06-03,25.8,25.7196,25.8,25.6857,1544
2021-06-04,25.86,25.8003,25.86,25.8003,369
2021-06-07,25.8299,25.8299,25.8299,25.8299,145
2021-06-08,25.88,25.8353,25.9,25.8189,5558
2021-06-09,25.87,25.8047,25.89,25.8047,10758
2021-06-10,25.74,25.82,25.82,25.74,1099
2021-06-11,25.82,25.8456,25.8456,25.82,775
2021-06-14,25.924,25.861,25.93,25.861,443
2021-06-15,25.96,25.885,25.9683,25.88,1924
2021-06-16,25.965,25.84,25.965,25.815,1123
2021-06-17,25.721,25.7701,25.84,25.705,1421
2021-06-18,25.5693,25.5666,25.5693,25.5666,152
2021-06-21,25.73,25.69,25.73,25.59,4433
2021-06-22,25.7,25.715,25.7799,25.69,4182
2021-06-23,25.7299,25.6989,25.7299,25.59,6722
2021-06-24,25.7899,25.735,25.7899,25.73,3390
2021-06-25,25.69,25.8504,25.8599,25.68,10770
2021-06-28,25.65,25.725,25.79,25.65,2229
2021-06-29,25.73,25.72,25.73,25.65,1264
2021-06-30,25.53,25.632,25.632,25.53,304819
2021-07-01,25.58,25.6594,25.6594,25.57,1075
2021-07-02,25.6019,25.695,25.695,25.6019,2403
2021-07-06,25.655,25.6343,25.655,25.6343,271
2021-07-07,25.58,25.6875,25.6875,25.58,220
2021-07-08,25.515,25.5218,25.5218,25.515,100
2021-07-09,25.65,25.7102,25.7102,25.65,200
2021-07-12,25.83,25.775,25.83,25.775,398
2021-07-13,25.6301,25.7066,25.7066,25.6301,360
2021-07-14,25.69,25.745,25.745,25.67,1060
2021-07-15,25.625,25.63,25.63,25.6,1486
2021-07-16,25.6399,25.5457,25.6399,25.5457,240
2021-07-19,25.221,25.3092,25.317,25.21,4845
2021-07-20,25.398,25.415,25.415,25.398,185
2021-07-21,25.521,25.58,25.58,25.51,1960
2021-07-22,25.5929,25.5929,25.5929,25.5929,0
2021-07-23,25.6,25.68,25.68,25.6,282
2021-07-26,25.6,25.6711,25.692,25.58,8106
2021-07-27,25.58,25.6325,25.6325,25.55,999
2021-07-28,25.66,25.695,25.695,25.66,228
2021-07-29,25.7016,25.76,25.76,25.7016,150
2021-07-30,25.78,25.6933,25.79,25.64,3030
2021-08-02,25.76,25.7469,25.8044,25.73,1215
2021-08-03,25.74,25.8017,25.8017,25.73,2935
2021-08-04,25.73,25.7867,25.7867,25.73,180
2021-08-05,25.835,25.835,25.835,25.835,0
2021-08-06,25.803,25.803,25.803,25.803,0
2021-08-09,25.87,25.815,25.875,25.815,412
2021-08-10,25.84,25.84,25.84,25.84,0
2021-08-11,25.8489,25.92,25.939,25.84,637
2021-08-12,25.92,25.92,25.92,25.92,58
2021-08-13,25.901,25.908,25.942,25.891,3220
2021-08-16,25.85,25.925,25.925,25.85,169
2021-08-17,25.761,25.8286,25.8286,25.75,3321
2021-08-18,25.76,25.8012,25.8012,25.74,271
2021-08-19,25.61,25.68,25.68,25.61,144
2021-08-20,25.72,25.72,25.72,25.72,0
2021-08-23,25.7,25.8335,25.8335,25.7,2121
2021-08-24,25.71,25.8614,25.8614,25.71,2224
2021-08-25,25.7814,25.8666,25.92,25.7814,4912
2021-08-26,25.7966,25.7966,25.7966,25.7966,0
2021-08-27,25.83,25.8951,25.8951,25.83,301
2021-08-30,25.8742,25.895,25.895,25.8742,428
2021-08-31,25.82,25.8939,25.8939,25.82,417
2021-09-01,25.98,25.9775,25.98,25.93,2371
2021-09-02,26.015,26.015,26.015,26.015,2
2021-09-03,26.06,26.06,26.06,26.06,0
2021-09-07,26.07,26.07,26.07,26.0,1616
2021-09-08,25.99,25.985,25.99,25.92,950
2021-09-09,26.015,25.97,26.015,25.93,778
2021-09-10,25.96,25.96,25.96,25.94,618
2021-09-13,25.941,26.0101,26.0101,25.941,462
2021-09-14,25.9799,25.9799,25.9799,25.9799,0
2021-09-15,25.89,26.0091,26.0091,25.89,299
2021-09-16,25.9901,25.9901,25.9901,25.9901,87
2021-09-17,25.81,25.866,25.866,25.81,427
2021-09-20,25.51,25.5837,25.5837,25.51,377
2021-09-21,25.7269,25.7304,25.735,25.69,589
2021-09-22,25.78,25.8314,25.8314,25.76,1058
2021-09-23,25.945,25.86,25.945,25.86,7779
2021-09-24,25.8385,25.8635,25.8635,25.8385,1935
2021-09-27,25.845,25.845,25.845,25.845,176
2021-09-28,25.596,25.596,25.596,25.596,0
2021-09-29,25.501,25.5799,25.5799,25.501,817
2021-09-30,25.58,25.5413,25.6,25.5,8413
2021-10-01,25.645,25.5721,25.645,25.5721,531
2021-10-04,25.3787,25.4469,25.4469,25.36,7796
2021-10-05,25.5491,25.5491,25.5491,25.5491,25
2021-10-06,25.35,25.4449,25.4449,25.35,120
2021-10-07,25.565,25.5521,25.565,25.5,2042
2021-10-08,25.5568,25.5568,25.5568,25.5568,0
2021-10-11,25.5331,25.5331,25.5331,25.5331,0
2021-10-12,25.47,25.5367,25.5367,25.47,170
2021-10-13,25.58,25.6575,25.6575,25.58,438
2021-10-14,25.7201,25.793,25.793,25.7201,390
2021-10-15,25.8899,25.8899,25.8899,25.8899,0
2021-10-18,25.77,25.8399,25.8399,25.77,575
2021-10-19,25.9099,25.9099,25.9099,25.9099,0
2021-10-20,25.9525,25.9525,25.9525,25.9525,0
2021-10-21,25.83,25.9049,25.9049,25.82,2870
2021-10-22,25.86,25.9599,25.9599,25.86,514
2021-10-25,25.948,25.948,25.948,25.948,0
2021-10-26,25.9799,25.9799,25.9799,25.9799,0
2021-10-27,25.9372,25.9372,25.9372,25.9372,0
2021-10-28,26.03,26.03,26.03,26.03,0
2021-10-29,25.9746,25.9746,25.9746,25.9746,74
2021-11-01,25.99,26.0904,26.0904,25.99,604
2021-11-02,26.115,26.1149,26.115,26.1149,187
2021-11-03,26.13,26.1699,26.1699,26.13,246
2021-11-04,26.147,26.147,26.147,26.147,0
2021-11-05,26.081,26.1752,26.19,26.081,2811
2021-11-08,26.1101,26.1849,26.1849,26.11,1300
2021-11-09,26.1592,26.1592,26.1592,26.1592,0
2021-11-10,26.13,26.0259,26.13,26.0259,410
2021-11-11,26.03,26.0721,26.0721,26.03,595
2021-11-12,26.04,26.1399,26.1399,26.04,272
2021-11-15,26.03,26.0951,26.0951,26.03,746
2021-11-16,26.0798,26.0798,26.0798,26.0798,0
2021-11-17,25.981,26.0465,26.0465,25.981,1089
2021-11-18,26.0403,26.0403,26.0403,26.0403,30
2021-11-19,25.9557,25.92,25.9557,25.91,1907
2021-11-22,25.8624,25.8624,25.8624,25.8624,0
2021-11-23,25.751,25.8322,25.8322,25.75,914
2021-11-24,25.63,25.7573,25.7573,25.63,561
2021-11-26,25.4,25.356,25.4,25.356,612
2021-11-29,25.4192,25.4192,25.4192,25.4192,0
2021-11-30,25.221,25.2603,25.2603,25.15,378
2021-12-01,25.5,25.2678,25.53,25.2678,1601
2021-12-02,25.4499,25.4139,25.45,25.4139,1144
2021-12-03,25.3116,25.3116,25.3116,25.3116,226
2021-12-06,25.4637,25.4637,25.4637,25.4637,0
2021-12-07,25.81,25.755,25.83,25.755,421
2021-12-08,25.7907,25.8073,25.8073,25.7907,491
2021-12-09,25.7,25.7,25.7,25.7,0
2021-12-10,25.7188,25.7188,25.7188,25.7188,23
2021-12-13,25.46,25.5015,25.5015,25.46,1132
2021-12-14,25.4155,25.3964,25.4155,25.36,842
2021-12-15,25.5,25.5924,25.5924,25.37,3930
2021-12-16,25.66,25.6349,25.69,25.6349,1878
2021-12-17,25.49,25.4522,25.49,25.41,1481
2021-12-20,25.3999,25.381,25.3999,25.381,100
2021-12-21,25.53,25.5527,25.5527,25.48,400
2021-12-22,25.6767,25.6767,25.6767,25.6767,97
2021-12-23,25.7936,25.7936,25.7936,25.7936,89
2021-12-27,25.801,25.895,25.895,25.801,442
2021-12-28,25.91,25.91,25.91,25.91,1016
2021-12-29,25.87,25.9053,25.9053,25.785,2351
2021-12-30,25.88,25.8286,25.88,25.72,1877
2021-12-31,25.8055,25.865,25.865,25.76,2425
2022-01-03,25.929,25.8957,25.93,25.8476,25728
2022-01-04,25.9951,25.9951,25.9951,25.9951,22
2022-01-05,26.1399,25.9152,26.14,25.9152,14513
2022-01-06,25.84,25.8358,25.84,25.8358,117
2022-01-07,25.87,25.86,25.87,25.82,590
2022-01-10,25.66,25.71,25.71,25.66,492
2022-01-11,25.72,25.8705,25.8705,25.68,1287
2022-01-12,26.04,26.0376,26.04,26.0376,109
2022-01-13,26.0366,25.9384,26.11,25.9384,990
2022-01-14,25.8945,25.8945,25.8945,25.8945,0
2022-01-18,25.8,25.6683,25.8,25.6683,2210
2022-01-19,25.75,25.7023,25.75,25.7022,1039
2022-01-20,25.7,25.5774,25.7,25.5774,256
2022-01-21,25.4063,25.4063,25.4063,25.4063,25
2022-01-24,25.0582,25.2262,25.2262,24.99,3506
2022-01-25,25.01,25.1737,25.24,25.01,12739
2022-01-26,25.0978,25.0978,25.0978,25.0978,33
2022-01-27,25.115,25.0922,25.115,24.97,210923
2022-01-28,24.9315,25.0665,25.09,24.93,10990
2022-01-31,25.27,25.27,25.27,25.27,43
2022-02-01,25.36,25.36,25.36,25.36,39
2022-02-02,25.411,25.49,25.49,25.411,231
2022-02-03,25.4,25.271,25.4,25.271,625
2022-02-04,25.2795,25.2795,25.2795,25.2795,0
2022-02-07,25.25,25.2949,25.35,25.25,1420
2022-02-08,25.4,25.3694,25.4,25.36,6000
2022-02-09,25.64,25.6012,25.64,25.6012,2250
2022-02-10,25.45,25.4277,25.485,25.4277,595
2022-02-11,25.15,25.2312,25.2312,25.15,186
2022-02-14,25.26,25.1159,25.26,25.03,12809
2022-02-15,25.291,25.3502,25.3502,25.29,800
2022-02-16,25.39,25.3984,25.48,25.39,749
2022-02-17,25.19,25.19,25.19,25.19,10
2022-02-18,25.14,25.14,25.14,25.14,0
2022-02-22,24.9989,24.9487,24.9989,24.9487,272
2022-02-23,24.8637,24.8637,24.8637,24.8637,64
2022-02-24,24.7,24.7202,24.7202,24.5662,2671
2022-02-25,24.841,24.957,24.957,24.841,1414
2022-02-28,24.82,24.7809,24.83,24.71,27961
2022-03-01,24.73,24.6114,24.74,24.6114,1816
2022-03-02,24.611,24.65,24.75,24.61,6262
2022-03-03,24.62,24.61,24.629,24.54,6208
2022-03-04,24.3532,24.3532,24.3532,24.3532,0
2022-03-07,24.28,24.0968,24.28,24.09,13685
2022-03-08,24.22,24.2734,24.355,24.22,688
2022-03-09,24.38,24.52,24.54,24.38,7465
2022-03-10,24.3908,24.475,24.475,24.3908,300
2022-03-11,24.49,24.46,24.5,24.46,956581
2022-03-14,24.505,24.4618,24.51,24.4527,2878
2022-03-15,24.515,24.5399,24.5399,24.515,187
2022-03-16,24.624,24.6631,24.68,24.624,12719
2022-03-17,24.709,24.69,24.74,24.69,2139
2022-03-18,24.68,24.7449,24.7449,24.6799,804
2022-03-21,24.705,24.685,24.705,24.685,1373
2022-03-22,24.76,24.74,24.77,24.74,6859
2022-03-23,24.7,24.665,24.75,24.63,3987
2022-03-24,24.73,24.711,24.73,24.675,93178
2022-03-25,24.71,24.6749,24.72,24.62,42200
2022-03-28,24.73,24.6649,24.73,24.6649,2059
2022-03-29,24.63,24.675,24.675,24.63,989
2022-03-30,24.7,24.66,24.7,24.66,80098
2022-03-31,24.63,24.7,24.76,24.63,149907
2022-04-01,24.83,24.91,24.91,24.66,101927
2022-04-04,24.86,24.86,24.92,24.75,968313
2022-04-05,24.74,24.6752,24.81,24.6665,22209
2022-04-06,24.485,24.5188,24.5799,24.464,8220
2022-04-07,24.45,24.5339,24.59,24.38,23498
2022-04-08,24.53,24.5252,24.62,24.4846,25120
2022-04-11,24.54,24.397,24.54,24.3925,13684
2022-04-12,24.41,24.2862,24.47,24.28,13932
2022-04-13,24.36,24.465,24.502,24.36,9131
2022-04-14,24.54,24.44,24.5499,24.37,19717
2022-04-18,24.31,24.23,24.409,24.23,54308
2022-04-19,24.2532,24.3699,24.3999,24.2532,11071
2022-04-20,24.55,24.47,24.55,24.42,32478
2022-04-21,24.68,24.26,24.68,24.25,159542
2022-04-22,24.22,24.01,24.22,24.01,326572
2022-04-25,23.9,24.015,24.06,23.8634,132255
2022-04-26,23.919,23.64,23.92,23.6,136067
2022-04-27,23.64,23.77,23.8099,23.64,71462
2022-04-28,23.71,23.95,23.98,23.677,59218
2022-04-29,24.0,23.7283,24.0,23.7283,23010
2022-05-02,23.58,23.7,23.7,23.4401,36493
2022-05-03,23.78,23.82,23.85,23.67,63672
2022-05-04,23.75,24.06,24.09,23.6241,59748
2022-05-05,23.85,23.5603,23.85,23.41,44264
2022-05-06,23.51,23.4302,23.51,23.325,54587
2022-05-09,23.22,23.0477,23.22,23.0477,16411
2022-05-10,23.18,23.1359,23.21,23.1,11681
2022-05-11,23.26,23.055,23.35,23.055,29379
2022-05-12,23.03,23.0392,23.09,22.9717,7980
2022-05-13,23.32,23.44,23.44,23.32,7015
2022-05-16,23.41,23.4261,23.52,23.3401,10338
2022-05-17,23.5701,23.685,23.73,23.5701,26964
2022-05-18,23.55,23.32,23.58,23.32,20394
2022-05-19,23.425,23.471,23.57,23.38,9504
2022-05-20,23.5855,23.5685,23.62,23.4,13934
2022-05-23,23.82,23.805,23.86,23.7,246621
2022-05-24,23.82,23.8149,23.82,23.705,30645
2022-05-25,23.74,23.8257,23.89,23.6915,20814
2022-05-26,23.86,23.9768,23.98,23.82,95406
2022-05-27,24.05,24.08,24.12,24.0001,21778
2022-05-31,24.01,23.98,24.09,23.96,42857
2022-06-01,23.98,23.9,24.07,23.76,48148
2022-06-02,23.99,24.21,24.21,23.965,54641
2022-06-03,24.02,24.0,24.02,23.8972,40775
2022-06-06,24.13,24.04,24.13,23.9823,3865
2022-06-07,23.93,24.07,24.07,23.93,21469
2022-06-08,23.94,23.79,23.9501,23.79,11769
2022-06-09,23.715,23.5599,23.74,23.5526,101984
2022-06-10,23.32,23.3,23.32,23.1961,27360
2022-06-13,22.9072,22.89,22.98,22.7999,28066
2022-06-14,22.84,22.74,22.84,22.6417,120294
2022-06-15,22.92,22.9,22.99,22.73,27979
2022-06-16,22.68,22.72,22.74,22.61,43906
2022-06-17,22.61,22.67,22.7,22.5701,19989
2022-06-21,22.9,22.8368,22.9,22.8025,38129
2022-06-22,22.87,22.81,22.87,22.77,23961
2022-06-23,22.65,22.67,22.75,22.63,14561
2022-06-24,22.895,23.1,23.1,22.895,29890
2022-06-27,23.08,22.98,23.08,22.98,20552
2022-06-28,22.9901,23.0,23.04,22.9301,43362
2022-06-29,22.99,22.93,22.997,22.8945,47470
2022-06-30,22.65,22.79,22.87,22.64,28189
2022-07-01,22.74,22.84,22.92,22.73,31910
2022-07-05,22.515,22.61,22.6999,22.515,10656
2022-07-06,22.62,22.63,22.7041,22.5,10376
2022-07-07,22.82,22.8,22.88,22.72,36823
2022-07-08,22.7799,22.8642,22.88,22.77,16861
2022-07-11,22.6892,22.63,22.75,22.63,17106
2022-07-12,22.65,22.62,22.8099,22.62,15598
2022-07-13,22.51,22.6426,22.72,22.5001,18981
2022-07-14,22.3,22.52,22.5299,22.3,9730
2022-07-15,22.5661,22.73,22.73,22.5661,11116
2022-07-18,22.8201,22.78,22.8899,22.78,6186
2022-07-19,22.99,23.01,23.07,22.97,17795
2022-07-20,23.0,23.01,23.08,22.9201,10262
2022-07-21,23.03,23.14,23.14,22.9901,17330
2022-07-22,23.2299,23.12,23.2299,23.04,22768
2022-07-25,23.1499,23.2,23.2,23.09,34348
2022-07-26,23.0774,23.07,23.0774,22.9678,21066
2022-07-27,23.05,23.33,23.33,23.0435,20247
2022-07-28,23.21,23.4,23.4,23.15,17648
2022-07-29,23.4,23.53,23.53,23.4,9761
2022-08-01,23.56,23.54,23.56,23.4701,9159
2022-08-02,23.47,23.33,23.47,23.33,13574
2022-08-03,23.33,23.43,23.45,23.33,47800
2022-08-04,23.45,23.5,23.5,23.4177,10687
2022-08-05,23.33,23.39,23.3999,23.2709,14395
2022-08-08,23.45,23.43,23.5,23.385,10229
2022-08-09,23.38,23.39,23.39,23.2889,21401
2022-08-10,23.65,23.65,23.67,23.58,17454
2022-08-11,23.64,23.63,23.67,23.58,13656
2022-08-12,23.584,23.64,23.7099,23.584,26089
2022-08-15,23.61,23.58,23.6799,23.58,3881
2022-08-16,23.6,23.65,23.65,23.5701,9259
2022-08-17,23.53,23.47,23.536,23.44,10492
2022-08-18,23.5099,23.43,23.5099,23.42,8113
2022-08-19,23.31,23.35,23.35,23.28,15707
2022-08-22,23.17,23.07,23.17,23.07,16073
2022-08-23,23.13,23.19,23.19,23.12,14104
2022-08-24,23.21,23.21,23.22,23.14,10143
2022-08-25,23.25,23.23,23.2881,23.16,19068
2022-08-26,23.065,23.04,23.089,23.04,3796
2022-08-29,22.92,22.965,23.03,22.901,6545
2022-08-30,22.937,22.92,22.939,22.8616,4444
2022-08-31,22.9099,22.9,22.91,22.8185,11514
2022-09-01,22.63,22.74,22.74,22.58,16749
2022-09-02,22.81,22.66,22.89,22.56,10220
2022-09-06,22.695,22.63,22.695,22.575,13189
2022-09-07,22.4907,22.64,22.6601,22.4907,4951
2022-09-08,22.6492,22.65,22.7199,22.64,10669
2022-09-09,22.97,23.01,23.04,22.955,16572
2022-09-12,23.2,23.1,23.2,23.1,17590
2022-09-13,22.915,22.74,22.915,22.7,6010
2022-09-14,22.74,22.76,22.81,22.7001,34023
2022-09-15,22.7066,22.7,22.719,22.68,7753
2022-09-16,22.615,22.64,22.64,22.525,5226
2022-09-19,22.43,22.6302,22.66,22.43,7557
2022-09-20,22.4586,22.43,22.46,22.375,13875
2022-09-21,22.45,22.2995,22.49,22.2995,5686
2022-09-22,22.28,22.2218,22.29,22.2,8493
2022-09-23,21.8688,21.8245,21.925,21.715,17774
2022-09-26,21.7481,21.6507,21.765,21.5613,4532
2022-09-27,21.69,21.5411,21.69,21.45,658964
2022-09-28,21.695,21.8932,21.8932,21.695,1138
2022-09-29,21.6255,21.7,21.7,21.615,2839
2022-09-30,21.6805,21.63,21.8,21.63,12556
2022-10-03,21.92,21.941,22.04,21.84,12586
2022-10-04,22.375,22.37,22.44,22.37,1469
2022-10-05,22.185,22.3,22.32,22.1591,12482
2022-10-06,22.11,22.0898,22.15,22.04,785140
2022-10-07,22.0015,21.8622,22.0015,21.79,63634
2022-10-10,21.7723,21.75,21.795,21.68,17596
2022-10-11,21.675,21.623,21.795,21.623,901
2022-10-12,21.63,21.5727,21.63,21.52,5448
2022-10-13,21.83,21.836,21.87,21.794,22210
2022-10-14,21.8,21.6,21.8,21.6,4376
2022-10-17,22.03,21.9445,22.03,21.94,3476
2022-10-18,22.03,22.04,22.085,22.03,13465
2022-10-19,21.92,21.88,21.96,21.775,27913
2022-10-20,22.03,21.9148,22.03,21.9148,224
2022-10-21,21.9,22.1,22.1,21.9,1168
2022-10-24,22.13,22.1365,22.1365,22.13,195
2022-10-25,22.22,22.445,22.445,22.22,874
2022-10-26,22.598,22.562,22.598,22.562,783
2022-10-27,22.47,22.475,22.475,22.47,711
2022-10-28,22.6018,22.6018,22.6018,22.6018,157
2022-10-31,22.42,22.509,22.509,22.42,254
2022-11-01,22.61,22.5983,22.61,22.5228,1719
2022-11-02,22.62,22.38,22.66,22.38,3398
2022-11-03,22.3603,22.3481,22.3701,22.3118,1956
2022-11-04,22.65,22.7701,22.7701,22.65,26098
2022-11-07,22.8318,22.8318,22.8318,22.8318,85
2022-11-08,22.955,22.9274,23.01,22.868,1762
2022-11-09,22.88,22.779,22.88,22.75,726
2022-11-10,23.18,23.3473,23.3799,23.18,2115
2022-11-11,23.54,23.5595,23.5595,23.5099,1936
2022-11-14,23.47,23.42,23.5177,23.42,6517
2022-11-15,23.615,23.5306,23.62,23.457,2218
2022-11-16,23.515,23.4769,23.569,23.46,3447
2022-11-17,23.4,23.55,23.59,23.4,59517
2022-11-18,23.5721,23.56,23.5721,23.56,299
2022-11-21,23.5199,23.51,23.5199,23.51,230
2022-11-22,23.5501,23.6351,23.6351,23.55,1684
2022-11-23,23.73,23.7426,23.7426,23.66,3175
2022-11-25,23.83,23.8,23.83,23.767,1502
2022-11-28,23.7788,23.6883,23.78,23.6883,1381
2022-11-29,23.745,23.7575,23.78,23.7299,24570
2022-11-30,23.7799,23.8647,23.8647,23.74,1877
2022-12-01,23.96,23.9847,23.9847,23.96,973
2022-12-02,24.02,23.9782,24.02,23.9782,748
2022-12-05,23.9281,23.85,23.93,23.85,2754
2022-12-06,23.87,23.7948,23.87,23.7948,901
2022-12-07,23.83,23.8246,23.87,23.8246,16032
2022-12-08,23.88,23.8584,23.91,23.83,2956
2022-12-09,23.9335,23.93,23.97,23.93,6184
2022-12-12,23.91,23.9,23.91,23.9,339
2022-12-13,24.21,24.0889,24.21,24.08,5742
2022-12-14,24.12,24.1,24.18,24.07,12898
2022-12-15,24.01,23.8251,24.01,23.819,1363
2022-12-16,23.7685,23.777,23.777,23.7228,3495
2022-12-19,23.7894,23.76,23.7894,23.74,755
2022-12-20,23.78,23.8049,23.85,23.77,11145
2022-12-21,23.93,23.9,23.93,23.8709,3235
2022-12-22,23.94,23.8288,23.94,23.82,5549
2022-12-23,23.884,23.8701,23.884,23.86,1906
2022-12-27,23.8973,23.8884,23.9299,23.84,4066
2022-12-28,23.93,23.8221,23.93,23.8221,302
2022-12-29,23.94,23.98,23.98,23.9,4987
2022-12-30,23.97,23.8963,23.97,23.85,3942
2023-01-03,23.98,23.97,23.988,23.91,10950
2023-01-04,24.0773,24.0651,24.11,24.02,8541
2023-01-05,23.95,23.9917,24.029,23.95,6371
2023-01-06,24.11,24.1951,24.2003,24.1,26115
2023-01-09,24.2399,24.2399,24.2399,24.2399,0
2023-01-10,24.2,24.255,24.2999,24.2,4092
2023-01-11,24.33,24.28,24.33,24.28,3415
2023-01-12,24.33,24.4392,24.469,24.33,293418
2023-01-13,24.4,24.4919,24.4919,24.4,15278
2023-01-17,24.51,24.54,24.54,24.481,1399
2023-01-18,24.58,24.5275,24.58,24.49,2058
2023-01-19,24.52,24.4852,24.52,24.465,3250
2023-01-20,24.48,24.5353,24.5353,24.471,8486
2023-01-23,24.55,24.5596,24.566,24.52,5642
2023-01-24,24.59,24.5356,24.619,24.5356,5348
2023-01-25,24.491,24.5964,24.63,24.491,4814
2023-01-26,24.57,24.61,24.65,24.5529,37089
2023-01-27,24.5999,24.6103,24.65,24.5469,40673
2023-01-30,24.6,24.57,24.62,24.554,9593
2023-01-31,24.533,24.587,24.587,24.533,5873
2023-02-01,24.555,24.71,24.74,24.55,410681
2023-02-02,24.64,24.71,24.72,24.565,956587
2023-02-03,24.62,24.6219,24.72,24.54,49970
2023-02-06,24.51,24.51,24.51,24.41,26572
2023-02-07,24.49,24.5335,24.575,24.455,8040
2023-02-08,24.4887,24.53,24.53,24.44,12677
2023-02-09,24.61,24.5353,24.62,24.51,19222
2023-02-10,24.54,24.53,24.54,24.44,20716
2023-02-13,24.559,24.584,24.605,24.53,803098
2023-02-14,24.49,24.5914,24.64,24.49,198429
2023-02-15,24.465,24.57,24.61,24.465,259437
2023-02-16,24.52,24.495,24.56,24.4793,60393
2023-02-17,24.49,24.57,24.6,24.48,179353
2023-02-21,24.52,24.4452,24.52,24.4201,64032
2023-02-22,24.4499,24.45,24.46,24.36,55299
2023-02-23,24.36,24.415,24.449,24.36,8728
2023-02-24,24.41,24.45,24.4886,24.31,153689
2023-02-27,24.3882,24.4052,24.43,24.37,3166
2023-02-28,24.4299,24.3701,24.4299,24.315,22216
2023-03-01,24.3944,24.413,24.429,24.34,1453
2023-03-02,24.415,24.4252,24.43,24.41,6786
2023-03-03,24.46,24.4653,24.55,24.38,20118
2023-03-06,24.48,24.4602,24.49,24.43,8461
2023-03-07,24.49,24.47,24.53,24.39,103879
2023-03-08,24.38,24.4503,24.515,24.38,41520
2023-03-09,24.459,24.4299,24.46,24.36,19164
2023-03-10,24.361,24.387,24.5,24.35,8966
2023-03-13,24.38,24.3952,24.41,24.38,3792
2023-03-14,24.46,24.3949,24.46,24.35,11898
2023-03-15,24.2986,24.291,24.35,24.285,9833
2023-03-16,24.26,24.3697,24.3985,24.26,3472
2023-03-17,24.41,24.3652,24.42,24.33,309437
2023-03-20,24.33,24.43,24.44,24.33,48128
2023-03-21,24.44,24.415,24.449,24.36,23994
2023-03-22,24.4285,24.4251,24.48,24.41,33760
2023-03-23,24.47,24.4102,24.47,24.3926,23559
2023-03-24,24.43,24.4414,24.46,24.41,16902
2023-03-27,24.53,24.483,24.53,24.37,20563
2023-03-28,24.47,24.47,24.51,24.4063,13945
2023-03-29,24.48,24.4781,24.53,24.4,40803
2023-03-30,24.48,24.4899,24.5,24.38,93421
2023-03-31,24.5,24.51,24.55,24.4,659591
2023-04-03,24.42,24.48,24.51,24.3501,252955
2023-04-04,24.4201,24.4882,24.54,24.4201,89194
2023-04-05,24.42,24.4,24.475,24.31,247653
2023-04-06,24.44,24.488,24.51,24.3612,147888
2023-04-10,24.47,24.47,24.47,24.3,127042
2023-04-11,24.54,24.4379,24.54,24.41,676472
2023-04-12,24.65,24.6,24.65,24.5118,425887
2023-04-13,24.665,24.7014,24.7799,24.62,40122
2023-04-14,24.65,24.6598,24.775,24.5701,44000
2023-04-17,24.68,24.58,24.68,24.53,39109
2023-04-18,24.78,24.7471,24.78,24.64,46009
2023-04-19,24.66,24.6931,24.81,24.61,655299
2023-04-20,24.59,24.7003,24.77,24.59,103798
2023-04-21,24.75,24.79,25.25,24.655,1017749
2023-04-24,24.82,24.7959,24.84,24.741,95362
2023-04-25,24.6979,24.6182,24.739,24.59,34738
2023-04-26,24.5975,24.6362,24.71,24.58,45929
2023-04-27,24.7199,24.7616,24.78,24.64,30168
2023-04-28,24.74,24.7914,24.86,24.73,75353
2023-05-01,24.83,24.84,24.872,24.72,158416
2023-05-02,24.72,24.6539,24.72,24.5462,131531
2023-05-03,24.68,24.7156,24.8758,24.65,136105
2023-05-04,24.592,24.665,24.715,24.57,73285
2023-05-05,24.76,24.8858,24.9601,24.6805,76149
2023-05-08,24.91,24.8611,24.92,24.81,528288
2023-05-09,24.67,24.8375,24.85,24.67,56750
2023-05-10,24.8299,24.8192,24.9,24.71,70368
2023-05-11,24.81,24.77,24.84,24.63,119019
2023-05-12,24.69,24.7001,24.799,24.64,73382
2023-05-15,24.745,24.86,24.87,24.69,52462
2023-05-16,24.68,24.74,24.81,24.64,37252
2023-05-17,24.6438,24.81,24.81,24.6438,131650
2023-05-18,24.78,24.76,24.8009,24.61,51129
2023-05-19,24.88,24.86,24.905,24.76,76738
