2022-06-30,25.24,25.21,25.24,25.18,3100
2022-07-01,25.5855,25.53,25.5855,25.53,711
2022-07-05,25.56,25.5599,25.59,25.545,1351
2022-07-06,25.45,25.374,25.45,25.374,2325
2022-07-07,25.44,25.3561,25.44,25.3561,3459
2022-07-08,25.27,25.28,25.28,25.27,504
2022-07-11,25.4089,25.4089,25.4089,25.4089,5
2022-07-12,25.48,25.4702,25.48,25.4702,2235
2022-07-13,25.54,25.6389,25.6389,25.54,650
2022-07-14,25.46,25.4785,25.48,25.46,71866
2022-07-15,25.57,25.665,25.665,25.57,300
2022-07-18,25.56,25.56,25.5812,25.55,1004
2022-07-19,25.5361,25.5867,25.59,25.4899,136235
2022-07-20,25.565,25.5,25.565,25.5,400
2022-07-21,25.71,25.79,25.945,25.71,8507
2022-07-22,25.99,26.0456,26.14,25.99,2600
2022-07-25,25.93,25.905,25.95,25.89,22811
2022-07-26,25.94,25.8791,25.94,25.8791,8341
2022-07-27,26.05,26.0628,26.1,26.05,1887
2022-07-28,26.27,26.285,26.52,26.245,8609
2022-07-29,26.26,26.322747,26.398,26.26,23938
2022-08-01,26.3,26.38,26.38,26.3,6550
2022-08-02,26.0133,26.0133,26.0133,26.0133,394
2022-08-03,26.02,26.2,26.21,25.96,3517
2022-08-04,26.219,26.2853,26.2985,26.2061,7869
2022-08-05,25.95,25.935,25.97,25.83,12346
2022-08-08,26.09,26.06,26.13,26.06,754
2022-08-09,25.95,25.965,25.99,25.95,1009
2022-08-10,26.18,26.1426,26.21,26.125,4900
2022-08-11,26.26,25.99,26.26,25.985,21053
2022-08-12,26.09,26.2489,26.26,26.09,8089
2022-08-15,26.29,26.3,26.3,26.29,202
2022-08-16,26.1683,26.17,26.17,26.1683,1531
2022-08-17,25.99,25.94,26.03,25.9,6072
2022-08-18,26.05,26.005,26.07,26.0,1799
2022-08-19,25.76,25.7273,25.77,25.69,2793
2022-08-22,25.65,25.555,25.65,25.545,3778
2022-08-23,25.5,25.5497,25.68,25.5,5599
2022-08-24,25.54,25.49,25.54,25.422,1050
2022-08-25,25.545,25.73,25.73,25.54,813
2022-08-26,25.68,25.595,25.69,25.59,5056
2022-08-29,25.43,25.35,25.43,25.35,723
2022-08-30,25.4,25.32,25.4,25.26,679
2022-08-31,25.32,25.024461,25.3383,25.13,6153
2022-09-01,24.92,24.885,24.92,24.7,2052
2022-09-02,25.03,24.9844,25.03,24.98,1400
2022-09-06,24.92,24.69,24.92,24.63,4497
2022-09-07,24.84,24.9195,24.94,24.84,6373
2022-09-08,24.8867,24.8867,24.8867,24.8867,369
2022-09-09,24.95,24.91,24.98,24.91,1127
2022-09-12,24.9675,24.855,25.03,24.855,7836
2022-09-13,24.64,24.67,24.695,24.64,4123
2022-09-14,24.75,24.735,24.75,24.735,615
2022-09-15,24.69,24.62,24.69,24.62,737
2022-09-16,24.63,24.625,24.655,24.61,45788
2022-09-19,24.62,24.5743,24.62,24.56,871
2022-09-20,24.37,24.3648,24.42,24.3648,900
2022-09-21,24.445,24.4479,24.45,24.34,4257
2022-09-22,24.19,24.124,24.19,24.11,2815
2022-09-23,24.05,24.04,24.05,23.97,4683
2022-09-26,24.04,23.61,24.04,23.61,30778
2022-09-27,23.69,23.3075,23.69,23.29,24371
2022-09-28,23.56,23.817,23.82,23.56,666
2022-09-29,23.63,23.6155,23.64,23.52,7300
2022-09-30,23.6109,23.50527,23.6109,23.6109,83
2022-10-03,23.81,23.95,24.025,23.81,1107
2022-10-04,24.04,24.0811,24.12,24.04,1636
2022-10-05,23.8,23.815,23.815,23.76,10920
2022-10-06,23.97,23.75,23.97,23.7,7705
2022-10-07,23.66,23.56,23.66,23.55,10165
2022-10-10,23.51,23.35,23.51,23.31,4494
2022-10-11,23.43,23.344,23.47,23.33,3102
2022-10-12,23.33,23.35,23.35,23.29,922
2022-10-13,22.93,23.38,23.3975,22.93,2628
2022-10-14,23.23,23.1698,23.23,23.15,1943
2022-10-17,23.4,23.255,23.4,23.25,777
2022-10-18,23.38,23.385,23.385,23.28,1733
2022-10-19,23.2,23.075,23.21,23.075,5399
2022-10-20,22.98,22.88,23.05,22.88,10192
2022-10-21,22.8,22.985,22.99,22.8,4834
2022-10-24,22.96,23.03,23.27,22.92,8119
2022-10-25,23.231,23.305,23.32,23.231,404
2022-10-26,23.39,23.425,23.499,23.39,766
2022-10-27,23.585,23.5468,23.6,23.5468,1646
2022-10-28,23.51,23.5031,23.51,23.5031,177
2022-10-31,23.4,23.266493,23.4,23.3662,308
2022-11-01,23.44,23.415,23.44,23.35,52484
2022-11-02,23.42,23.3133,23.55,23.29,32208
2022-11-03,23.07,23.225,23.25,23.07,4609
2022-11-04,23.32,23.27,23.37,23.2,10143
2022-11-07,23.49,23.25,23.49,23.224,6715
2022-11-08,23.3783,23.365,23.39,23.365,28046
2022-11-09,23.3,23.3111,23.42,23.29,13808
2022-11-10,23.88,24.0494,24.06,23.88,50446
2022-11-11,24.01,24.065,24.28,24.01,15007
2022-11-14,23.98,23.96,24.085,23.96,18422
2022-11-15,24.24,24.24,24.24,24.1301,11515
2022-11-16,24.2999,24.435,24.59,24.2999,6667
2022-11-17,24.24,24.2347,24.24,24.19,4472
2022-11-18,24.26,24.215,24.27,24.21,5156
2022-11-21,24.25,24.18,24.28,24.18,15764
2022-11-22,24.32,24.38,24.4,24.3,9856
2022-11-23,24.475,24.5198,24.53,24.45,8186
2022-11-25,24.5405,24.5405,24.5405,24.5405,81
2022-11-28,24.59,24.4233,24.59,24.4101,8651
2022-11-29,24.38,24.3491,24.39,24.3145,15104
2022-11-30,24.31,24.524527,24.63,24.28,18170
2022-12-01,24.68,24.778,24.778,24.61,6343
2022-12-02,24.66,24.8795,24.8795,24.6,5381
2022-12-05,24.699,24.68,24.72,24.66,25738
2022-12-06,24.719,24.765,24.8092,24.705,4912
2022-12-07,24.89,24.962,25.24,24.86,49459
2022-12-08,25.0,24.938,25.0,24.88,12692
2022-12-09,24.81,24.79,25.0869,24.79,39155
2022-12-12,24.84,24.735,24.84,24.722,13961
2022-12-13,25.11,24.95,25.12,24.95,14237
2022-12-14,24.99,24.964718,25.26,24.85,34044
2022-12-15,24.92,24.955,24.965,24.89,80051
2022-12-16,24.95,24.87,24.95,24.75,16912
2022-12-19,24.74,24.65,24.74,24.63,9568
2022-12-20,24.4,24.4,24.47,24.3973,16495
2022-12-21,24.56,24.505,24.56,24.475,6242
2022-12-22,24.51,24.535,24.58,24.5,284952
2022-12-23,24.45,24.49,24.52,24.45,13063
2022-12-27,24.37,24.18,24.52,24.17,391843
2022-12-28,24.23,24.15,24.3,24.15,12985
2022-12-29,24.218,24.28,24.3,24.218,2395
2022-12-30,24.25,24.18,24.25,24.1421,22268
2023-01-03,24.5,24.31,24.7,24.29,18785
2023-01-04,24.53,24.505,24.54,24.46,166787
2023-01-05,24.41,24.475,24.49,24.36,7868
2023-01-06,24.54,24.855,25.03,24.5199,22835
2023-01-09,24.8,24.9216,24.97,24.8,9196
2023-01-10,24.85,24.835,24.85,24.75,12609
2023-01-11,25.63,25.025,25.63,24.92,16994
2023-01-12,25.11,25.2799,25.28,25.02,11113
2023-01-13,25.2299,25.1489,25.255,25.13,13312
2023-01-17,25.11,25.0943,25.1599,25.0661,14014
2023-01-18,25.41,25.375,25.4699,25.3,35471
2023-01-19,25.3,25.3241,25.3582,25.2803,11243
2023-01-20,25.24,25.15,25.24,25.14,10280
2023-01-23,25.12,25.1741,25.21,25.12,23399
2023-01-24,25.14,25.2805,25.36,25.14,24203
2023-01-25,25.27,25.285,25.32,25.19,49498
2023-01-26,25.3,25.265,25.32,25.19,48129
2023-01-27,25.18,25.225,25.25,25.162,55244
2023-01-30,25.12,25.11,25.27,25.1081,137847
2023-01-31,25.215,25.232569,25.48,25.1481,214989
2023-02-01,25.23,25.48,25.65,25.2,142423
2023-02-02,25.5601,25.46,25.58,25.45,119342
2023-02-03,25.225,25.18,25.28,25.17,51251
2023-02-06,25.24,24.99,25.24,24.99,69894
2023-02-07,25.15,24.89,25.15,24.89,27086
2023-02-08,24.92,24.95,24.96,24.8813,35185
2023-02-09,25.07,24.82,25.07,24.8001,29067
2023-02-10,24.96,24.62,24.96,24.62,37532
2023-02-13,24.65,24.693,24.71,24.63,24401
2023-02-14,24.66,24.6438,24.71,24.54,306063
2023-02-15,24.57,24.56,24.62,24.5105,9693
2023-02-16,24.51,24.4178,24.51,24.3901,8367
2023-02-17,24.35,24.4705,24.49,24.33,61444
2023-02-21,24.29,24.16,24.29,24.16,24397
2023-02-22,24.24,24.2,24.28,24.2,14473
2023-02-23,24.28,24.3584,24.37,24.2501,50877
2023-02-24,24.2,24.23,24.24,24.18,16566
2023-02-27,24.4,24.26,24.4,24.2265,47800
2023-02-28,24.25,24.141018,24.28,24.135,15020
2023-03-01,24.11,23.98,24.11,23.97,38058
2023-03-02,23.92,23.97,23.98,23.87,30430
2023-03-03,24.09,24.235,24.27,24.09,37007
2023-03-06,24.25,24.16,24.26,24.1401,20479
2023-03-07,24.21,24.1248,24.225,24.05,17766
2023-03-08,24.21,24.08,24.21,24.0113,33868
2023-03-09,24.06,24.0831,24.14,24.06,21230
2023-03-10,24.3,24.3786,24.4899,24.3,32996
2023-03-13,24.66,24.55,24.75,24.4701,41326
2023-03-14,24.6,24.43,24.6,24.41,43674
2023-03-15,24.48,24.6893,24.76,24.48,22370
2023-03-16,24.79,24.6,24.82,24.52,37724
2023-03-17,24.75,24.79,24.86,24.75,11223
2023-03-20,24.78,24.71,24.99,24.71,14181
2023-03-21,24.69,24.74,24.7783,24.655,6440
2023-03-22,24.74,24.92,24.97,24.7092,22236
2023-03-23,24.9,25.01,25.059,24.9,23338
2023-03-24,25.14,25.17,25.17,25.07,9296
2023-03-27,24.94,24.89,25.0,24.83,9450
2023-03-28,24.85,24.81,24.88,24.805,5099
2023-03-29,24.81,24.875,24.89,24.7968,23788
2023-03-30,24.86,24.93,24.94,24.8501,19373
2023-03-31,24.98,24.969828,25.09,24.9204,10720
2023-04-03,24.96,25.145,25.16,24.96,8841
2023-04-04,25.02,25.33,25.47,25.02,157320
2023-04-05,25.26,25.3,25.315,25.26,7661
2023-04-06,25.3,25.27,25.31,25.26,5584
2023-04-10,25.1,25.11,25.15,25.05,16656
2023-04-11,25.0797,25.1354,25.14,25.0701,13329
2023-04-12,25.18,25.09,25.18,25.0624,4479
2023-04-13,25.13,25.13,25.2,25.12,18488
2023-04-14,25.065,25.045,25.07,25.012,16599
2023-04-17,24.99,24.91,24.99,24.9,11355
2023-04-18,24.94,24.95,25.01,24.8912,32611
2023-04-19,24.87,24.85,24.8883,24.84,20201
2023-04-20,24.945,24.9,24.97,24.9,11049
2023-04-21,25.0,24.9395,25.02,24.86,47857
2023-04-24,25.0,25.06,25.06,24.97,22146
2023-04-25,25.14,25.2,25.28,25.14,18512
2023-04-26,25.19,25.06,25.21,25.06,55707
2023-04-27,25.0,24.95,25.01,24.95,4725
2023-04-28,25.08,25.011272,25.12,25.08,9672
2023-05-01,25.12,24.7151,25.12,24.68,17268
2023-05-02,24.95,24.98,25.05,24.8037,102132
2023-05-03,25.045,25.06,25.08,25.02,15500
2023-05-04,24.95,25.02,25.0985,24.95,33438
