2017-11-30,10.0,10.0,10.1,10.0,564615
2017-12-01,10.01,10.0,10.015,10.0,122600
2017-12-04,10.0219,10.05,10.06,10.0219,2890
2017-12-05,10.03,10.03,10.03,10.03,970
2017-12-06,10.03,10.03,10.03,10.03,495
2017-12-07,10.03,10.03,10.03,10.0128,12075
2017-12-08,10.06,10.0,10.06,10.0,14025
2017-12-11,10.0,10.0,10.01,10.0,17495
2017-12-12,10.0,10.01,10.01,10.0,4200
2017-12-13,10.0,10.0023,10.01,10.0,14465
2017-12-14,10.0086,10.0,10.0086,10.0,14000
2017-12-15,10.01,10.01,10.01,10.01,4400
2017-12-18,10.01,10.0,10.01,10.0,6120
2017-12-19,10.01,10.0,10.01,10.0,1485
2017-12-20,10.02,10.02,10.02,10.0,2440
2017-12-21,10.0199,10.0199,10.0199,10.0199,1200
2017-12-22,10.0001,10.0001,10.0001,10.0001,900
2017-12-26,10.0647,10.07,10.1,10.0647,3695
2017-12-27,10.0599,10.0599,10.0599,10.0599,512
2017-12-28,10.12,10.12,10.12,10.12,1000
2017-12-29,10.31,10.31,10.31,10.31,1700
2018-01-02,10.3013,10.32,10.33,10.3013,1160
2018-01-03,10.08,10.0,10.15,10.0,54460
2018-01-08,10.04,10.035,10.049,10.02,6475
2018-01-09,10.03,10.0341,10.04,10.03,2500
2018-01-10,10.05,10.04,10.1,10.03,5850
2018-01-11,10.05,10.05,10.05,10.039,3570
2018-01-12,10.05,10.0499,10.1,10.01,5800
2018-01-16,10.0,10.05,10.05,10.0,3635
2018-01-17,10.0398,10.01,10.05,10.01,6100
2018-01-18,9.98,9.99,10.0,9.96,13760
2018-01-19,9.991,9.939,9.991,9.939,7467
2018-01-22,9.9,9.8747,9.9214,9.9,450
2018-01-23,9.9,9.86,9.9,9.85,14565
2018-01-24,9.9,9.9,9.9,9.8601,10512
2018-01-25,NaN,9.9,NaN,NaN,69
2018-01-26,NaN,9.9,NaN,NaN,258
2018-01-29,9.925,9.87,9.925,9.87,1583
2018-01-30,9.9,9.8912,9.9,9.885,4203
2018-01-31,10.05,9.8601,10.05,9.85,10986
2018-02-01,9.88,9.77,9.89,9.77,3741
2018-02-05,9.76,9.45,9.76,9.36,5802
2018-02-06,9.4,9.45,9.4812,9.4,2800
2018-02-07,9.45,9.44,9.46,9.437,8015
2018-02-08,9.45,9.39,9.45,9.38,15632
2018-02-09,9.4038,9.529,9.529,9.38,17722
2018-02-12,9.4748,9.4898,9.4898,9.4748,2900
2018-02-14,9.36,9.43,9.4525,9.36,1939
2018-02-15,9.44,9.47,9.47,9.42,12133
2018-02-16,9.371,9.36,9.3988,9.36,9800
2018-02-20,9.41,9.53,9.54,9.37,12208
2018-02-21,9.52,9.49,9.52,9.49,1901
2018-02-22,9.5133,9.4836,9.5133,9.4836,5763
2018-02-23,9.4175,9.51,9.51,9.4175,2538
2018-02-26,9.519,9.4,9.5366,9.4,17950
2018-02-27,9.42,9.39,9.4216,9.39,3250
2018-02-28,9.43,9.15,9.4499,8.28,110060
2018-03-01,9.14,9.01,9.17,8.995,59505
2018-03-02,9.01,9.2,9.2199,9.01,62246
2018-03-05,9.22,9.09,9.2499,9.0054,41240
2018-03-06,9.1083,9.17,9.1799,9.1083,23031
2018-03-07,9.15,9.1,9.1899,9.07,86058
2018-03-08,9.119,9.27,9.3899,9.1118,35750
2018-03-09,9.3,9.3,9.3132,9.2814,4655
2018-03-12,9.3299,9.3106,9.3299,9.2513,20750
2018-03-13,9.289,9.0933,9.289,9.11,25340
2018-03-14,9.12,9.09,9.12,9.07,37130
2018-03-15,9.21,9.2499,9.2499,9.19,13675
2018-03-16,9.23,9.12,9.2369,9.12,9680
2018-03-19,9.1999,9.1748,9.2,9.1748,4551
2018-03-20,9.18,9.1922,9.199,9.17,9358
2018-03-21,9.1765,9.149,9.18,9.1191,18300
2018-03-22,9.126,9.09,9.139,9.08,21242
2018-03-23,9.13,9.1,9.13,9.09,7401
2018-03-26,9.15,9.12,9.15,9.12,3906
2018-03-27,9.12,9.12,9.1399,9.12,3791
2018-03-28,9.14,9.1445,9.16,9.14,2890
2018-03-29,9.2,9.1939,9.31,9.17,12251
2018-04-02,9.28,9.3552,9.48,9.28,10200
2018-04-03,9.38,9.4,9.6,9.38,27911
2018-04-04,9.4,9.35,9.4,9.35,5975
2018-04-05,9.44,9.48,9.48,9.4202,21500
2018-04-06,9.42,9.4599,9.4653,9.42,6338
2018-04-09,9.44,9.3499,9.4401,9.3,9300
2018-04-10,9.35,9.288,9.38,9.25,14608
2018-04-11,9.26,9.33,9.33,9.26,9405
2018-04-12,9.33,9.35,9.53,9.33,34254
2018-04-13,9.3552,9.33,9.36,9.33,12500
2018-04-16,9.3,9.24,9.3,9.2366,36590
2018-04-17,9.26,9.259,9.28,9.2463,6900
2018-04-18,9.28,9.234,9.28,9.2,14176
2018-04-19,9.2201,9.04,9.2201,9.0,45709
2018-04-20,9.04,8.9799,9.07,8.9774,29573
2018-04-23,9.0,8.89,9.06,8.88,46267
2018-04-24,8.9,8.83,8.95,8.75,98751
2018-04-25,8.8266,8.9,8.9,8.7824,67798
2018-04-26,8.92,9.1,9.15,8.92,72927
2018-04-27,9.08,9.08,9.0876,9.04,15997
2018-04-30,9.1,9.14,9.14,9.07,24170
2018-05-01,9.14,9.14,9.14,9.13,13117
2018-05-02,9.17,9.169,9.17,9.1401,6875
2018-05-03,9.1415,9.09,9.15,8.79,105547
2018-05-04,9.05,9.079,9.079,9.05,11042
2018-05-07,9.09,9.1299,9.13,9.09,37932
2018-05-08,9.13,9.1,9.18,9.09,61635
2018-05-09,9.1192,9.24,9.2678,9.1118,44807
2018-05-10,9.2338,9.26,9.27,9.2201,28377
2018-05-11,9.25,9.24,9.275,9.24,5933
2018-05-14,9.2052,9.1101,9.23,9.1101,45239
2018-05-15,9.1303,9.14,9.169,9.1,54675
2018-05-16,9.14,9.17,9.1765,9.14,16172
2018-05-17,9.17,9.095,9.1784,9.07,44160
2018-05-18,9.12,9.1,9.14,9.05,61801
2018-05-21,9.19,9.09,9.19,9.06,41313
2018-05-22,9.09,9.11,9.14,9.09,20788
2018-05-23,9.2,9.1023,9.2,9.05,60529
2018-05-24,9.11,9.07,9.11,9.01,28100
2018-05-25,9.04,9.0,9.06,8.95,174008
2018-05-29,9.04,9.0401,9.05,8.99,71960
2018-05-30,9.0001,9.05,9.05,8.98,157047
2018-05-31,9.05,9.05,9.05,8.95,138940
2018-06-01,9.02,9.06,9.06,9.01,23782
2018-06-04,9.06,9.14,9.19,9.06,59271
2018-06-05,9.16,9.2,9.2,9.1599,13670
2018-06-06,9.21,9.16,9.22,9.16,61236
2018-06-07,9.16,9.1,9.1601,9.094,69596
2018-06-08,9.11,9.1,9.14,9.1,11484
2018-06-11,9.1,9.0633,9.13,9.1,5930
2018-06-12,9.11,9.05,9.11,9.05,19551
2018-06-13,9.06,9.12,9.12,9.06,7199
2018-06-14,9.11,9.14,9.22,9.1,36137
2018-06-15,9.18,9.16,9.18,9.1436,4456
2018-06-18,9.159,9.13,9.16,9.12,18110
2018-06-19,9.13,9.0199,9.14,9.0,59932
2018-06-20,9.01,9.0053,9.0304,8.995,62296
2018-06-21,9.03,9.05,9.055,9.0127,28860
2018-06-22,9.06,9.06,9.09,9.0,44542
2018-06-25,9.05,9.08,9.08,9.04,21880
2018-06-26,9.08,9.0943,9.1,9.08,18573
2018-06-27,9.0901,9.12,9.12,9.0834,24818
2018-06-28,9.13,9.19,9.19,9.1131,31252
2018-06-29,9.19,9.16,9.2,9.15,33286
2018-07-02,9.14,9.16,9.17,9.14,39571
2018-07-03,9.18,9.18,9.18,9.18,1001
2018-07-05,9.1627,9.14,9.1667,9.14,4144
2018-07-06,9.13,9.29,9.34,9.13,39651
2018-07-09,9.24,9.24,9.24,9.22,27480
2018-07-10,9.24,9.28,9.34,9.2337,24036
2018-07-11,9.35,9.259,9.35,9.25,10591
2018-07-12,9.26,9.2375,9.26,9.1901,24768
2018-07-13,9.2374,9.21,9.2411,9.2038,30643
2018-07-16,9.2,9.28,9.3515,9.1896,21869
2018-07-17,9.27,9.2,9.27,9.2,40435
2018-07-18,9.2,9.2,9.22,9.1901,10849
2018-07-19,9.2017,9.22,9.2299,9.1882,14500
2018-07-20,9.2199,9.22,9.23,9.2,25177
2018-07-23,9.22,9.2,9.22,9.195,8938
2018-07-24,9.19,9.15,9.22,9.15,41222
2018-07-25,9.17,9.14,9.19,9.13,14514
2018-07-26,9.13,9.14,9.15,9.13,10800
2018-07-27,9.1584,9.19,9.19,9.14,22041
2018-07-30,9.19,9.1599,9.21,9.09,34792
2018-07-31,9.18,9.23,9.39,9.15,64902
2018-08-01,9.26,9.24,9.33,9.24,30359
2018-08-02,9.2608,9.28,9.3,9.24,3049
2018-08-03,9.33,9.2801,9.33,9.2801,15450
2018-08-06,9.3299,9.3,9.33,9.3,7164
2018-08-07,9.3299,9.33,9.33,9.27,13592
2018-08-08,9.31,9.3026,9.3653,9.3,33222
2018-08-09,9.28,9.3008,9.3096,9.28,4540
2018-08-10,9.32,9.287,9.32,9.28,14490
2018-08-13,9.26,9.2638,9.28,9.26,7383
2018-08-14,9.3,9.3089,9.3578,9.295,64159
2018-08-15,9.33,9.297,9.33,9.28,60413
2018-08-16,9.31,9.43,9.43,9.31,17761
2018-08-17,9.4485,9.46,9.5,9.4485,31172
2018-08-20,9.5,9.46,9.5,9.42,21565
2018-08-21,9.5,9.5,9.5,9.36,28544
2018-08-22,9.5,9.68,9.72,9.47,36654
2018-08-23,9.68,9.7,9.7,9.6601,9609
2018-08-24,9.75,9.75,9.85,9.6856,10504
2018-08-27,9.75,9.67,9.75,9.65,11913
2018-08-28,9.67,9.45,9.69,9.4,47739
2018-08-29,9.45,9.55,9.55,9.45,18319
2018-08-30,9.5366,9.55,9.55,9.52,880
2018-08-31,9.59,9.6,9.6,9.5653,2785
2018-09-04,9.59,9.61,9.64,9.59,9611
2018-09-05,9.6001,9.52,9.6001,9.52,31653
2018-09-06,9.53,9.4999,9.5452,9.388,47708
2018-09-07,9.49,9.5,9.5,9.49,1051
2018-09-10,9.49,9.45,9.49,9.45,5438
2018-09-11,9.4716,9.395,9.5,9.3905,78301
2018-09-12,9.35,9.3533,9.4122,9.34,74688
2018-09-13,9.38,9.4105,9.4199,9.36,23405
2018-09-14,9.39,9.34,9.39,9.34,15761
2018-09-17,9.3401,9.3,9.37,9.15,45277
2018-09-18,9.2802,9.29,9.31,9.2801,36688
2018-09-19,9.3,9.32,9.32,9.3,13079
2018-09-20,9.34,9.37,9.37,9.33,12626
2018-09-21,9.35,9.4,9.44,9.345,10429
2018-09-24,9.3936,9.43,9.46,9.38,11900
2018-09-25,9.45,9.42,9.6,9.42,26031
2018-09-26,9.48,9.29,9.5199,9.29,54554
2018-09-27,9.31,9.25,9.33,9.25,25250
2018-09-28,9.3,9.29,9.3,9.25,15413
2018-10-01,9.33,9.35,9.35,9.31,28544
2018-10-02,9.3443,9.32,9.3488,9.31,20678
2018-10-03,9.34,9.37,9.37,9.3204,17256
2018-10-04,9.35,9.3477,9.35,9.32,43660
2018-10-05,9.25,9.29,9.3393,9.25,6675
2018-10-08,9.3,9.29,9.32,9.27,5390
2018-10-09,9.3,9.35,9.35,9.28,19602
2018-10-10,9.3419,9.4,9.4,9.32,16810
2018-10-11,9.42,9.47,9.47,9.3901,8151
2018-10-12,9.47,9.54,9.54,9.451,26343
2018-10-15,9.52,9.467,9.52,9.46,5448
2018-10-16,9.49,9.51,9.51,9.43,14952
2018-10-17,9.51,9.5,9.51,9.46,3735
2018-10-18,9.49,9.414,9.5,9.39,30140
2018-10-19,9.4,9.4111,9.4111,9.4,1969
2018-10-22,9.4,9.3,9.416,9.3,6245
2018-10-23,9.2801,9.27,9.3,9.25,22940
2018-10-24,9.2686,9.27,9.28,9.2611,12665
2018-10-25,9.26,9.29,9.3,9.25,15636
2018-10-26,9.26,9.2201,9.262,9.2201,15893
2018-10-29,9.29,9.2,9.29,9.18,29770
2018-10-30,9.18,9.26,9.26,9.1601,39636
2018-10-31,9.28,9.21,9.28,9.21,22962
2018-11-01,9.27,9.29,9.3069,9.22,23524
2018-11-02,9.3021,9.29,9.31,9.2672,19343
2018-11-05,9.28,9.36,9.37,9.28,19868
2018-11-06,9.28,9.4,9.41,9.28,9186
2018-11-07,9.37,9.38,9.41,9.37,5463
2018-11-08,9.3923,9.3833,9.43,9.3923,2989
2018-11-09,9.38,9.3544,9.38,9.3544,1243
2018-11-12,9.27,9.36,9.38,9.27,8523
2018-11-13,9.35,9.3233,9.35,9.27,11564
2018-11-14,9.28,9.16,9.285,9.16,46550
2018-11-15,9.18,9.16,9.22,9.16,45453
2018-11-16,9.19,9.13,9.19,9.13,8763
2018-11-19,9.1128,9.09,9.1385,9.08,47722
2018-11-20,9.09,9.27,9.27,9.072,30314
2018-11-21,9.2601,9.32,9.32,9.2601,6064
2018-11-23,9.33,9.351,9.351,9.3283,3300
2018-11-26,9.3302,9.3,9.3484,9.3,25858
2018-11-27,9.329,9.37,9.39,9.31,9331
2018-11-28,9.37,9.38,9.3974,9.3515,13991
2018-11-29,9.4,9.44,9.44,9.38,18002
2018-11-30,9.47,9.31,9.47,9.31,53455
2018-12-03,9.33,9.35,9.4113,9.32,29792
2018-12-04,9.47,9.42,9.49,9.42,51203
2018-12-06,9.45,9.39,9.45,9.36,17530
2018-12-07,9.3829,9.5,9.5,9.3705,26463
2018-12-10,9.47,9.5,9.5,9.4361,29384
2018-12-11,9.5,9.48,9.52,9.48,41460
2018-12-12,9.45,9.4363,9.52,9.4,22536
2018-12-13,9.45,9.5,9.59,9.34,64793
2018-12-14,9.519,9.57,9.6,9.485,38028
2018-12-17,9.53,9.47,9.53,9.39,43200
2018-12-18,9.4607,9.3499,9.4607,9.27,35546
2018-12-19,9.31,9.3,9.375,9.01,59446
2018-12-20,9.2785,9.15,9.41,9.15,33648
2018-12-21,9.141,9.04,9.18,9.01,66405
2018-12-24,9.3,9.17,9.329,9.17,25118
2018-12-26,9.2,9.06,9.215,9.03,47518
2018-12-27,9.13,9.45,9.45,9.0501,47401
2018-12-28,9.42,9.16,9.42,9.07,76095
2018-12-31,9.31,8.99,9.31,8.87,118412
2019-01-02,8.88,9.01,9.07,8.88,35617
2019-01-03,9.02,9.35,9.35,9.02,32554
2019-01-04,9.3658,9.35,9.37,9.3034,9980
2019-01-07,9.34,9.4,9.4,9.3307,28424
2019-01-08,9.43,9.4,9.44,9.35,17728
2019-01-09,9.44,9.4,9.45,9.38,38335
2019-01-10,9.43,9.42,9.44,9.375,20890
2019-01-11,9.41,9.5,9.5,9.3632,12339
2019-01-14,9.53,9.5033,9.55,9.5001,7310
2019-01-15,9.54,9.3848,9.99,9.25,72783
2019-01-16,9.37,9.4299,9.43,9.32,33545
2019-01-17,9.429,9.43,9.4899,9.35,21192
2019-01-18,9.4201,9.3796,9.4201,9.3796,13746
2019-01-22,9.36,9.45,9.45,9.36,11543
2019-01-23,9.43,9.5,9.5,9.43,17303
2019-01-24,9.4528,9.4108,9.46,9.3932,8258
2019-01-25,9.4104,9.4714,9.5,9.4,65136
2019-01-28,9.4695,9.49,9.49,9.451,20507
2019-01-29,9.49,9.445,9.5,9.37,23984
2019-01-30,9.48,9.47,9.48,9.4001,21158
2019-01-31,9.49,9.46,9.5,9.46,24541
2019-02-01,9.5,9.64,9.64,9.4902,24691
2019-02-04,9.64,9.571,9.6599,9.571,29686
2019-02-05,9.5927,9.51,9.5927,9.47,15022
2019-02-06,9.5256,9.51,9.59,9.51,15397
2019-02-07,9.5208,9.5,9.5651,9.47,10762
2019-02-08,9.56,9.5,9.58,9.47,15328
2019-02-11,9.545,9.6633,9.71,9.51,24620
2019-02-12,9.6796,9.8418,9.8418,9.65,34183
2019-02-13,9.75,9.5495,9.75,9.46,46496
2019-02-14,9.559,9.6099,9.61,9.555,10107
2019-02-15,9.614,9.58,9.63,9.58,20757
2019-02-19,9.65,9.63,9.7,9.59,43284
2019-02-20,9.69,9.745,9.75,9.6599,21019
2019-02-21,9.75,9.7301,9.81,9.73,44158
2019-02-22,9.74,9.76,9.76,9.5901,36438
2019-02-25,9.7325,9.7,9.74,9.65,6558
2019-02-26,9.69,9.53,9.7702,9.53,70915
2019-02-27,9.58,9.56,9.58,9.55,13781
2019-02-28,9.57,9.59,9.59,9.5085,96526
2019-03-01,9.54,9.63,9.65,9.51,32204
2019-03-04,9.6312,9.67,9.68,9.5613,56428
2019-03-05,9.66,9.83,9.83,9.6411,38477
2019-03-06,9.85,9.85,9.9043,9.83,38690
2019-03-07,9.89,9.899,9.8999,9.84,25624
2019-03-08,9.8445,9.87,9.88,9.8321,6450
2019-03-11,9.86,9.9433,9.99,9.86,26562
2019-03-12,9.9506,9.94,9.98,9.94,10104
2019-03-13,9.9305,9.8,9.9305,9.75,20426
2019-03-14,9.97,9.85,9.97,9.85,5950
2019-03-15,9.86,9.82,9.8999,9.82,10289
2019-03-18,9.8,9.73,9.83,9.69,18829
2019-03-19,9.7386,9.72,9.8,9.7,34422
2019-03-20,9.74,9.705,9.75,9.7,11885
2019-03-21,9.7271,9.73,9.77,9.7271,13387
2019-03-22,9.79,9.76,9.79,9.76,19696
2019-03-25,9.71,9.7,9.74,9.6763,9996
2019-03-26,9.7203,9.94,10.0,9.7203,58706
2019-03-27,9.95,9.92,9.95,9.9,7524
2019-03-28,9.9039,9.85,9.9039,9.8159,11472
2019-03-29,9.92,9.8909,9.92,9.8909,7433
2019-04-01,9.9125,10.0,10.0,9.9125,15379
2019-04-02,9.99,9.899,9.99,9.88,18274
2019-04-03,9.884,9.9,9.95,9.884,18951
2019-04-04,9.99,9.92,9.99,9.8701,12139
2019-04-05,9.9,9.89,9.92,9.82,11109
2019-04-08,9.914,9.92,9.92,9.9,8098
2019-04-09,9.82,9.9,9.95,9.82,27064
2019-04-10,9.96,9.8785,9.99,9.9,19045
2019-04-11,9.882,9.9676,9.9899,9.882,31153
2019-04-12,9.9303,9.9737,9.98,9.9301,3438
2019-04-15,9.97,9.9501,9.97,9.9501,4289
2019-04-16,9.92,9.9,9.9435,9.9,5743
2019-04-17,9.929,9.98,9.99,9.929,19301
2019-04-18,9.9684,9.9,9.99,9.9,22755
2019-04-22,9.9,9.91,9.9427,9.9,8027
2019-04-23,9.98,9.8764,10.1,9.85,14336
2019-04-24,9.8751,9.92,9.9499,9.8751,8166
2019-04-25,9.93,9.96,9.96,9.85,69469
2019-04-26,9.95,10.0,10.0,9.95,3421
2019-04-29,10.0,9.91,10.0,9.91,11996
2019-04-30,9.97,9.96,9.97,9.945,2436
2019-05-01,9.9715,10.08,10.08,9.96,15139
2019-05-02,9.98,10.0,10.0,9.98,2590
2019-05-03,9.95,9.96,9.9834,9.95,3559
2019-05-06,9.9666,10.07,10.07,9.9666,2503
2019-05-07,10.0,10.0225,10.04,9.9959,8420
2019-05-08,10.08,10.08,10.08,9.9848,1877
2019-05-09,10.0754,10.1,10.2038,10.0754,14429
2019-05-10,10.0917,10.0787,10.1,10.0787,12140
2019-05-13,10.099,10.0133,10.13,10.0189,8763
2019-05-14,10.001,9.9913,10.03,9.9805,6980
2019-05-15,9.98,9.98,10.0,9.97,4923
2019-05-16,9.9795,9.82,10.0,9.82,44424
2019-05-17,9.87,9.88,9.91,9.8567,39418
2019-05-20,9.8799,9.85,9.8799,9.85,13333
2019-05-21,9.86,9.86,9.95,9.82,14290
2019-05-22,9.89,9.92,9.97,9.8774,38246
2019-05-23,9.901,9.99,9.99,9.9,10176
2019-05-24,10.0,10.1,10.19,9.94,30445
2019-05-28,10.1836,10.125,10.19,10.111,9050
2019-05-29,10.15,10.0485,10.15,10.02,16567
2019-05-30,10.0206,10.06,10.06,10.0206,12102
2019-05-31,10.06,10.01,10.06,9.98,15804
2019-06-03,9.96,10.06,10.06,9.96,12673
2019-06-04,10.06,10.02,10.06,9.9903,46587
2019-06-05,10.05,10.22,10.36,10.05,46195
2019-06-06,10.27,10.19,10.28,10.18,21828
2019-06-07,10.22,10.14,10.22,10.1,17703
2019-06-10,10.1361,10.1303,10.1554,10.09,6968
2019-06-11,10.17,12.3,12.3,10.1001,25463
2019-06-12,10.6,10.1533,10.6,10.1,19277
2019-06-13,10.19,10.3,10.3,10.18,24903
2019-06-14,10.35,10.36,10.371,10.2,24215
2019-06-17,10.38,10.08,10.42,10.07,41828
2019-06-18,10.14,10.1,10.2499,10.1,18922
2019-06-19,10.14,10.07,10.14,10.055,48247
2019-06-20,10.14,10.145,10.21,10.14,20710
2019-06-21,10.1648,10.1568,10.17,10.15,8228
2019-06-24,10.19,10.2,10.2,10.1501,1201
2019-06-25,10.2,10.2086,10.21,10.1668,19093
2019-06-26,10.25,10.1772,10.25,10.1,24055
2019-06-27,10.1896,10.12,10.2136,10.12,18221
2019-06-28,10.19,10.16,10.19,10.1201,15231
2019-07-01,10.19,10.35,10.3999,10.1,80691
2019-07-02,10.34,10.3655,10.4989,10.34,55008
2019-07-03,10.49,10.38,10.49,10.38,12003
2019-07-05,10.3,10.2,10.3206,10.2,28824
2019-07-08,10.22,10.14,10.25,10.1159,26136
2019-07-09,10.15,10.19,10.19,10.15,2378
2019-07-10,10.2017,10.2598,10.2598,10.2016,7500
2019-07-11,10.35,10.3,10.35,10.3,43703
2019-07-12,10.25,10.281,10.3,10.25,10621
2019-07-15,10.4,10.1333,10.4,10.18,21086
2019-07-16,10.2,10.2036,10.25,10.2,9089
2019-07-17,10.2,10.18,10.21,10.1785,37542
2019-07-18,10.2,10.2,10.22,10.17,11619
2019-07-19,10.2,10.2191,10.2423,10.2,7815
2019-07-22,10.2122,10.19,10.2438,10.19,14353
2019-07-23,10.28,10.3,10.34,10.19,27771
2019-07-24,10.35,10.2,10.36,10.2,10211
2019-07-25,10.29,10.3092,10.3092,10.2146,7604
2019-07-26,10.34,10.23,10.39,10.23,14428
2019-07-29,10.34,10.25,10.38,10.23,19304
2019-07-30,10.2711,10.2,10.28,10.16,68675
2019-07-31,10.21,10.21,10.2361,10.2,6690
2019-08-01,10.25,10.23,10.25,10.1861,6943
2019-08-02,10.25,10.24,10.29,10.18,28050
2019-08-05,10.28,10.341,10.341,10.25,31517
2019-08-06,10.33,10.38,10.4,10.2601,23432
2019-08-07,10.29,10.33,10.36,10.29,3914
2019-08-08,10.3201,10.3,10.35,10.3,10696
2019-08-09,10.3,10.37,10.39,10.3,3248
2019-08-12,10.31,10.3033,10.4,10.31,20071
2019-08-13,10.38,10.32,10.4,10.28,19172
2019-08-14,10.34,10.4,10.4,10.3061,8500
2019-08-15,10.4,10.39,10.45,10.3689,27366
2019-08-16,10.48,10.4496,10.48,10.43,9598
2019-08-19,10.56,10.4,10.56,10.3265,11721
2019-08-20,10.45,10.35,10.45,10.35,16155
2019-08-21,10.4,10.32,10.43,10.32,16311
2019-08-22,10.4,10.35,10.4,10.3,5518
2019-08-23,10.4,10.4,10.4,10.3209,2359
2019-08-26,10.4,10.25,10.4,10.22,10932
2019-08-27,10.25,10.27,10.3,10.25,14587
2019-08-28,10.32,10.23,10.32,10.2,45824
2019-08-29,10.33,10.38,10.44,10.251,40695
2019-08-30,10.4,10.33,10.4,10.33,11225
2019-09-03,10.39,10.35,10.39,10.27,24597
2019-09-04,10.35,10.4,10.4,10.31,47004
2019-09-05,10.35,10.6,10.6,10.35,70064
2019-09-06,10.45,10.3,10.45,10.3,29204
2019-09-09,10.36,10.35,10.38,10.31,11317
2019-09-10,10.3723,10.35,10.44,10.35,11635
2019-09-11,10.34,10.3,10.34,10.3,8276
2019-09-12,10.34,10.4272,10.4272,10.3,57451
2019-09-13,10.44,10.37,10.44,10.37,15469
2019-09-16,10.44,10.3133,10.44,10.32,2491
2019-09-17,10.38,10.31,10.39,10.31,9060
2019-09-18,10.33,10.2954,10.33,10.27,15781
2019-09-19,10.33,10.27,10.36,10.27,28427
2019-09-20,10.42,10.31,10.42,10.2713,6257
2019-09-23,10.41,10.31,10.44,10.31,16440
2019-09-24,10.35,10.32,10.4199,10.32,31922
2019-09-25,10.34,10.31,10.35,10.29,20442
2019-09-26,10.31,10.37,10.4,10.31,7853
2019-09-27,10.4,10.44,10.4483,10.36,8049
2019-09-30,10.43,10.4,10.44,10.31,12922
2019-10-01,10.389,10.44,10.44,10.3781,9633
2019-10-02,10.44,10.4,10.44,10.36,11405
2019-10-03,10.33,10.42,10.42,10.27,18435
2019-10-04,10.41,10.42,10.42,10.35,7662
2019-10-07,10.34,10.4,10.41,10.34,3874
2019-10-08,10.44,10.33,10.44,10.31,20766
2019-10-09,10.4,10.41,10.43,10.4,9054
2019-10-10,10.44,10.4027,10.45,10.4,8971
2019-10-11,10.44,10.405,10.44,10.4,9132
2019-10-14,10.3639,10.3203,10.39,10.33,13272
2019-10-15,10.43,10.43,10.43,10.3951,36071
2019-10-16,10.41,10.4599,10.54,10.4,31004
2019-10-17,10.4426,10.42,10.4429,10.34,34195
2019-10-18,10.43,10.45,10.45,10.3987,4342
2019-10-21,10.44,10.43,10.44,10.38,7168
2019-10-22,10.43,10.501,10.52,10.43,40520
2019-10-23,10.4801,10.44,10.55,10.43,30106
2019-10-24,10.4657,10.44,10.52,10.37,29925
2019-10-25,10.42,10.4,10.45,10.39,18846
2019-10-28,10.38,10.3901,10.4,10.37,13250
2019-10-29,10.4,10.3914,10.4,10.37,16484
2019-10-30,10.45,10.5,10.5152,10.4001,22113
2019-10-31,10.4,10.37,10.47,10.37,50215
2019-11-01,10.4,10.4,10.4,10.36,36580
2019-11-04,10.4,10.3999,10.4284,10.3999,7708
2019-11-05,10.4,10.5,10.5,10.4,26968
2019-11-06,10.55,10.48,10.55,10.45,74614
2019-11-07,10.41,10.68,10.7,10.41,67493
2019-11-08,10.65,10.52,10.7,10.45,59953
2019-11-11,10.52,10.3929,10.52,10.42,12577
2019-11-12,10.41,10.3378,10.449,10.31,77028
2019-11-13,10.3552,10.4095,10.44,10.33,15635
2019-11-14,10.43,10.38,10.43,10.38,5288
2019-11-15,10.4,10.425,10.45,10.4,9047
2019-11-18,10.41,10.45,10.49,10.41,5833
2019-11-19,10.4661,10.45,10.48,10.43,24240
2019-11-20,10.4361,10.42,10.49,10.4199,8359
2019-11-21,10.4075,10.4454,10.45,10.4075,6202
2019-11-22,10.44,10.5,10.51,10.41,16102
2019-11-25,10.5,10.5,10.5,10.4605,4809
2019-11-26,10.5,10.44,10.5,10.44,4429
2019-11-27,10.45,10.48,10.48,10.45,9077
2019-11-29,10.49,10.49,10.5,10.475,1740
2019-12-02,10.5,10.52,10.52,10.46,12015
2019-12-03,10.45,10.45,10.499,10.43,32578
2019-12-04,10.4634,10.4347,10.4634,10.4285,27643
2019-12-05,10.43,10.4306,10.4306,10.4,12942
2019-12-06,10.42,10.476,10.476,10.4,16651
2019-12-09,10.48,10.52,10.52,10.4731,25148
2019-12-10,10.52,10.49,10.52,10.48,8816
2019-12-11,10.5,10.413,10.5,10.45,17007
2019-12-12,10.4,10.5,10.51,10.36,45896
2019-12-13,10.4589,10.5014,10.57,10.45,55280
2019-12-16,10.6,10.55,10.6,10.4234,22377
2019-12-17,10.5373,10.4649,10.5373,10.41,8092
2019-12-18,10.52,10.4201,10.52,10.42,10251
2019-12-19,10.43,10.44,10.48,10.4,10292
2019-12-20,10.4735,10.3,10.4735,10.3,112405
2019-12-23,10.31,10.43,10.43,10.3,41466
2019-12-24,10.43,10.44,10.44,10.4298,5791
2019-12-26,10.42,10.44,10.44,10.4086,12249
2019-12-27,10.44,10.44,10.44,10.42,17962
2019-12-30,10.44,10.43,10.44,10.42,20586
2019-12-31,10.44,10.4305,10.44,10.4,11675
2020-01-02,10.44,10.43,10.44,10.4,21114
2020-01-03,10.42,10.46,10.46,10.42,13119
2020-01-06,10.47,10.53,10.53,10.47,5090
2020-01-07,10.54,10.5717,10.6312,10.51,68552
2020-01-08,10.5665,10.5274,10.5665,10.5274,1617
2020-01-09,10.54,10.5362,10.54,10.5183,10596
2020-01-10,10.54,10.5655,10.57,10.5346,22397
2020-01-13,10.582,10.5483,10.64,10.5701,12400
2020-01-14,10.49,10.67,10.7,10.4847,12360
2020-01-15,10.59,10.67,10.7,10.5082,40019
2020-01-16,10.66,10.55,10.7,10.54,21700
2020-01-17,10.54,10.65,10.69,10.54,12280
2020-01-21,10.69,10.66,10.69,10.5701,8113
2020-01-22,10.634,10.7,10.7,10.634,1212
2020-01-23,10.7,10.68,10.7,10.6194,29310
2020-01-24,10.74,10.65,10.74,10.62,4869
2020-01-27,10.65,10.6901,10.6991,10.65,14149
2020-01-28,10.64,10.62,10.6516,10.62,23782
2020-01-29,10.7,10.66,10.7,10.62,4513
2020-01-30,10.67,10.65,10.6773,10.65,7470
2020-01-31,10.68,10.67,10.7,10.5979,37138
2020-02-03,10.63,10.69,10.71,10.63,19272
2020-02-04,10.69,10.755,10.755,10.675,4975
2020-02-05,10.779,10.82,10.89,10.7662,17913
2020-02-06,10.94,10.8,10.94,10.792,13280
2020-02-07,NaN,10.8,NaN,NaN,36
2020-02-10,10.82,10.855,10.86,10.82,3600
2020-02-11,10.8,10.98,10.98,10.78,7951
2020-02-12,10.96,10.7983,10.96,10.845,8559
2020-02-13,10.7301,10.63,10.75,10.63,19284
2020-02-14,10.6432,10.65,10.69,10.61,10065
2020-02-18,10.7,10.6909,10.7093,10.6732,5150
2020-02-19,10.65,10.66,10.67,10.65,12463
2020-02-20,10.66,10.66,10.69,10.65,11905
2020-02-21,10.67,10.7,10.7,10.67,7126
2020-02-24,10.64,10.7079,10.721,10.64,9195
2020-02-25,10.7532,10.7376,10.78,10.69,30322
2020-02-26,10.76,10.76,10.78,10.7,15049
2020-02-27,10.74,10.58,10.76,10.57,42851
2020-02-28,10.55,10.33,10.55,10.32,37480
2020-03-02,10.37,10.59,10.72,10.364,50948
2020-03-03,10.61,10.64,10.6699,10.544,14861
2020-03-04,10.6,10.54,10.62,10.52,27638
2020-03-05,10.55,10.486,10.55,10.486,15804
2020-03-06,10.44,10.45,10.45,10.2,35629
2020-03-09,10.34,10.25,10.5599,10.18,62220
2020-03-10,10.25,10.2962,10.3,10.133,24664
2020-03-11,10.29,10.12,10.4863,9.67,92682
2020-03-12,10.0219,9.4,10.0219,8.92,96565
2020-03-13,9.6,9.4933,10.0,9.2317,38827
2020-03-16,9.25,9.48,9.48,9.1,29402
2020-03-17,9.3,8.91,9.4,8.8,32588
2020-03-18,8.5,6.65,8.638,6.38,74394
2020-03-19,6.65,6.8,7.1445,6.0,28589
2020-03-20,7.0,7.2,7.68,7.0,34199
2020-03-23,7.16,6.89,7.16,6.84,46371
2020-03-24,7.44,6.85,7.44,6.85,28007
2020-03-25,6.84,7.12,7.5198,6.27,111273
2020-03-26,6.65,6.57,6.82,6.46,70021
2020-03-27,6.12,6.42,6.5,6.11,34312
2020-03-30,6.4001,6.8,7.13,6.4001,32050
2020-03-31,6.99,7.35,7.43,6.88,42405
2020-04-01,7.4085,7.15,7.58,7.15,18405
2020-04-02,6.81,7.22,7.22,6.81,19870
2020-04-03,7.22,6.51,7.22,6.51,4796
2020-04-06,6.68,6.91,6.91,6.62,11620
2020-04-07,6.93,6.795,6.9447,6.73,35881
2020-04-08,6.94,7.05,7.1199,6.6656,14602
2020-04-09,7.0,7.13,7.186,6.914,14534
2020-04-13,7.27,7.1233,7.27,7.13,39313
2020-04-14,7.3539,7.26,7.39,7.22,15087
2020-04-15,7.3,7.5,7.64,7.25,22500
2020-04-16,7.44,6.6,7.44,6.43,55389
2020-04-17,6.85,6.86,6.9399,6.85,15451
2020-04-20,6.85,6.85,6.9499,6.78,19560
2020-04-21,6.92,6.61,6.95,6.58,14969
2020-04-22,6.79,6.4328,6.79,6.37,34319
2020-04-23,6.4662,6.3398,6.5306,6.3,26058
2020-04-24,6.44,6.28,6.467,6.28,52875
2020-04-27,6.42,6.33,6.44,6.31,26797
2020-04-28,6.34,6.28,6.4999,6.28,21626
2020-04-29,6.43,6.32,6.4556,6.31,149577
2020-04-30,6.36,6.29,6.38,6.25,82336
2020-05-01,6.2,6.05,6.349,6.05,62145
2020-05-04,6.12,6.19,6.28,6.12,45528
2020-05-05,6.28,6.34,6.4,6.24,71819
2020-05-06,6.3893,6.37,6.39,6.3,23646
2020-05-07,6.39,6.4,6.43,6.3705,6750
2020-05-08,6.49,6.51,6.64,6.435,66827
2020-05-11,6.57,6.49,6.61,6.44,6822
2020-05-12,6.51,6.42,6.55,6.41,16934
2020-05-13,6.455,6.2533,6.4993,6.3,15202
2020-05-14,6.3,6.25,6.435,6.23,9478
2020-05-15,6.33,6.3,6.33,6.22,18322
2020-05-18,6.36,6.2672,6.36,6.22,19983
2020-05-19,6.32,6.33,6.3575,6.275,16993
2020-05-20,6.36,6.31,6.375,6.29,34370
2020-05-21,6.3,6.33,6.41,6.2,46170
2020-05-22,6.34,6.28,6.38,6.13,46848
2020-05-26,6.29,6.29,6.29,6.2272,18995
2020-05-27,6.25,6.31,6.34,6.24,17908
2020-05-28,6.34,6.36,6.37,6.25,30957
2020-05-29,6.31,6.29,6.38,6.29,28336
2020-06-01,6.34,6.37,6.43,6.3,28240
2020-06-02,6.43,6.44,6.51,6.3602,57302
2020-06-03,6.5,6.58,6.673,6.4765,42443
2020-06-04,6.543,6.65,6.68,6.4801,35289
2020-06-05,6.76,6.87,7.02,6.6767,52965
2020-06-08,6.88,6.91,6.99,6.69,49089
2020-06-09,6.95,6.78,6.95,6.77,37419
2020-06-10,6.9224,6.94,7.005,6.83,35350
2020-06-11,6.87,6.79,7.03,6.63,44443
2020-06-12,7.0,6.6733,7.26,6.72,89422
2020-06-15,6.86,6.7341,6.86,6.7341,33111
2020-06-16,6.8,7.3,7.35,6.77,50115
2020-06-17,7.28,7.22,7.28,7.0801,40856
2020-06-18,7.22,7.28,7.28,7.21,18123
2020-06-19,7.23,7.42,7.55,7.21,41567
2020-06-22,7.32,7.59,7.82,7.25,71229
2020-06-23,7.52,7.445,7.52,7.31,66983
2020-06-24,7.52,7.585,7.64,7.43,55685
2020-06-25,7.58,7.65,7.65,7.55,21111
2020-06-26,7.61,7.67,7.67,7.5443,21178
2020-06-29,7.5476,7.77,7.79,7.5476,25264
2020-06-30,7.83,7.75,7.83,7.65,31439
2020-07-01,7.6929,7.66,7.81,7.66,12805
2020-07-02,7.57,7.58,7.64,7.05,29308
2020-07-06,7.47,7.4,7.48,7.33,53298
2020-07-07,7.46,7.39,7.46,7.18,50897
2020-07-08,7.3214,7.3,7.34,7.2923,17286
2020-07-09,7.26,7.2937,7.3899,7.21,33862
2020-07-10,7.3,7.34,7.39,7.21,19055
2020-07-13,7.36,7.2833,7.36,7.32,6153
2020-07-14,7.33,7.35,7.35,7.32,12234
2020-07-15,7.31,7.35,7.38,7.2,37289
2020-07-16,7.31,7.27,7.31,7.2,16634
2020-07-17,7.2973,7.3,7.31,7.19,18162
2020-07-20,7.31,7.3,7.36,7.26,23235
2020-07-21,7.31,7.29,7.4,7.25,59428
2020-07-22,7.315,7.39,7.39,7.28,27018
2020-07-23,7.35,7.18,7.42,7.18,48595
2020-07-24,7.21,7.27,7.29,7.21,31272
2020-07-27,7.31,7.37,7.3917,7.29,32452
2020-07-28,7.3899,7.5,7.53,7.37,30404
2020-07-29,7.52,7.43,7.52,7.36,31411
2020-07-30,7.42,7.44,7.4429,7.31,13860
2020-07-31,7.47,7.49,7.5099,7.41,11397
2020-08-03,7.43,7.49,7.55,7.36,28354
2020-08-04,7.49,7.58,7.58,7.4486,19722
2020-08-05,7.61,7.44,7.61,7.42,16078
2020-08-06,7.51,7.67,7.73,7.51,40627
2020-08-07,7.64,7.73,7.73,7.64,44690
2020-08-10,7.75,7.725,7.77,7.64,10533
2020-08-11,7.77,7.725,7.8,7.7009,11688
2020-08-12,7.89,7.8033,7.89,7.7019,15571
2020-08-13,7.8083,7.855,7.86,7.7358,25754
2020-08-14,7.7496,7.69,7.82,7.67,12704
2020-08-17,7.67,7.67,7.8254,7.63,13632
2020-08-18,7.83,7.8,7.83,7.67,8996
2020-08-19,7.7624,7.91,7.92,7.7624,31159
2020-08-20,7.94,7.8894,7.94,7.8422,12413
2020-08-21,7.95,7.75,7.95,7.75,8028
2020-08-24,7.88,7.94,7.95,7.8393,20695
2020-08-25,7.95,7.71,7.95,7.7,36277
2020-08-26,7.71,7.72,7.75,7.6,40979
2020-08-27,7.71,7.71,7.73,7.7,16433
2020-08-28,7.71,7.8,7.81,7.7,28806
2020-08-31,7.8,7.76,7.8499,7.72,21325
2020-09-01,7.7201,7.75,7.85,7.7201,29706
2020-09-02,7.9,7.73,7.9,7.73,26022
2020-09-03,7.75,7.66,7.785,7.65,44023
2020-09-04,7.68,7.63,7.68,7.63,15770
2020-09-08,7.7,7.66,7.74,7.65,26033
2020-09-09,7.733,7.767,7.81,7.7286,21538
2020-09-10,7.81,7.67,7.82,7.65,46189
2020-09-11,7.74,7.6733,7.83,7.7,27726
2020-09-14,7.73,7.77,7.8,7.73,15668
2020-09-15,7.8074,7.88,7.88,7.7696,5771
2020-09-16,7.81,7.94,7.94,7.8,31589
2020-09-17,7.892,7.87,7.93,7.86,39618
2020-09-18,7.93,7.89,7.94,7.87,4938
2020-09-21,7.89,7.9,7.97,7.85,33616
2020-09-22,7.86,7.8,8.04,7.8,30055
2020-09-23,7.85,7.9,7.9906,7.85,23432
2020-09-24,7.82,7.95,7.95,7.82,9622
2020-09-25,7.99,8.055,8.07,7.92,9042
2020-09-28,8.11,8.06,8.11,7.99,6602
2020-09-29,8.11,7.95,8.11,7.94,12630
2020-09-30,8.11,7.91,8.11,7.87,31694
2020-10-01,7.9993,8.13,8.13,7.985,9438
2020-10-02,8.1,8.13,8.13,8.092,6100
2020-10-05,8.1074,8.05,8.1554,8.05,22343
2020-10-06,8.03,8.05,8.1076,8.01,33424
2020-10-07,8.08,8.18,8.18,8.0742,17067
2020-10-08,8.4,8.2,8.4,8.195,4165
2020-10-09,8.25,8.23,8.25,8.0803,25362
2020-10-12,8.1601,8.05,8.21,8.04,18600
2020-10-13,8.05,8.0283,8.1604,8.01,18980
2020-10-14,8.03,8.11,8.12,8.03,7222
2020-10-15,8.11,8.07,8.11,8.03,17053
2020-10-16,8.04,8.03,8.0625,8.0,13368
2020-10-19,8.12,7.93,8.12,7.92,20832
2020-10-20,7.958,7.86,7.9883,7.84,36880
2020-10-21,8.0,7.98,8.01,7.91,17990
2020-10-22,7.91,7.95,7.9619,7.91,2600
2020-10-23,7.9,7.9,7.9499,7.9,8848
2020-10-26,7.82,7.82,7.8858,7.765,9899
2020-10-27,7.8572,7.86,7.92,7.79,30436
2020-10-28,7.7932,7.9,7.92,7.7932,4540
2020-10-29,7.85,8.02,8.02,7.85,10622
2020-10-30,8.01,7.95,8.0499,7.95,22811
2020-11-02,8.05,8.006,8.08,7.9516,10886
2020-11-03,8.12,8.0,8.12,7.9,16094
2020-11-04,8.01,8.0176,8.1,7.97,10672
2020-11-05,8.01,7.99,8.14,7.89,24635
2020-11-06,7.95,7.9528,7.98,7.88,19043
2020-11-09,8.0,8.09,8.09,7.91,61804
2020-11-10,8.15,8.14,8.15,8.09,33382
2020-11-11,8.14,8.0933,8.2,8.05,37285
2020-11-12,8.06,7.96,8.1109,7.89,80432
2020-11-13,8.01,8.01,8.01,7.93,39648
2020-11-16,8.01,8.033,8.05,8.0,16607
2020-11-17,8.06,7.9,8.1449,7.895,81885
2020-11-18,7.99,8.13,8.15,7.98,110830
2020-11-19,8.05,8.05,8.11,8.02,63296
2020-11-20,8.11,8.17,8.18,8.107,27599
2020-11-23,8.18,8.2,8.2,8.1501,14771
2020-11-24,8.14,8.22,8.29,8.14,80859
2020-11-25,8.22,8.26,8.27,8.22,16861
2020-11-27,8.29,8.28,8.29,8.25,1783
2020-11-30,8.33,8.35,8.35,8.2401,51826
2020-12-01,8.25,8.32,8.34,8.25,43471
2020-12-02,8.37,8.38,8.41,8.35,49286
2020-12-03,8.28,8.49,8.49,8.28,51252
2020-12-04,8.52,8.33,8.5263,8.31,77655
2020-12-07,8.33,8.53,8.55,8.33,34274
2020-12-08,8.52,8.6201,8.67,8.52,39280
2020-12-09,8.67,8.72,9.47,8.63,46859
2020-12-10,8.67,8.74,8.8199,8.67,46905
2020-12-11,8.61,8.8326,8.94,8.61,49316
2020-12-14,8.76,9.02,9.07,8.74,62210
2020-12-15,8.97,9.01,9.035,8.8465,123478
2020-12-16,8.88,8.83,8.8862,8.74,50617
2020-12-17,9.0,9.01,9.11,8.8344,61291
2020-12-18,8.9837,8.77,8.9837,8.76,57664
2020-12-21,8.68,8.73,8.79,8.655,69365
2020-12-22,8.65,8.69,8.7299,8.62,73838
2020-12-23,8.6,8.67,8.93,8.59,60475
2020-12-24,8.7401,8.93,8.945,8.71,11498
2020-12-28,8.78,8.95,8.95,8.78,62748
2020-12-29,8.82,8.96,9.06,8.82,44772
2020-12-30,8.84,8.79,8.9715,8.77,94966
2020-12-31,8.63,8.72,8.83,8.63,101003
2021-01-04,8.78,8.71,8.78,8.63,34646
2021-01-05,8.8,8.89,8.9,8.7516,20053
2021-01-06,8.94,8.88,8.94,8.77,3708
2021-01-07,9.07,8.95,9.07,8.8705,32048
2021-01-08,8.89,8.935,8.98,8.88,7586
2021-01-11,8.98,8.88,8.98,8.88,29413
2021-01-12,8.88,8.97,8.99,8.88,24791
2021-01-13,8.97,8.9933,9.09,8.96,29738
2021-01-14,9.1,8.99,9.1,8.95,9936
2021-01-15,8.99,8.85,9.0722,8.82,21367
2021-01-19,8.94,9.02,9.03,8.885,22680
2021-01-20,9.02,8.94,9.049,8.8412,16375
2021-01-21,9.0,8.96,9.0,8.68,13777
2021-01-22,8.99,8.975,9.0,8.88,19246
2021-01-25,8.88,9.05,9.05,8.88,17020
2021-01-26,9.05,9.08,9.085,8.98,9615
2021-01-27,8.89,8.95,9.09,8.89,11051
2021-01-28,9.074,9.07,9.074,9.02,12683
2021-01-29,9.1,9.54,9.59,9.05,70416
2021-02-01,9.41,9.28,9.41,9.0,24286
2021-02-02,9.24,9.255,9.3495,9.1538,15468
2021-02-03,9.16,9.16,9.3399,9.15,34390
2021-02-04,9.25,9.19,9.25,9.11,11075
2021-02-05,9.18,9.23,9.3013,9.071,9631
2021-02-08,9.2,9.3,9.3,9.2,15543
2021-02-09,9.26,9.3,9.35,9.25,3295
2021-02-10,9.3,9.2273,9.34,9.18,8910
2021-02-11,9.25,9.26,9.33,9.25,3536
2021-02-12,9.21,9.27,9.3003,9.16,14239
2021-02-16,9.37,9.3558,9.37,9.27,19186
2021-02-17,9.37,9.37,9.37,9.32,17818
2021-02-18,9.37,9.353,9.37,9.32,4944
2021-02-19,9.37,9.36,9.3994,9.23,54124
2021-02-22,9.28,9.33,9.3999,9.26,5742
2021-02-23,9.27,9.28,9.338,9.26,10010
2021-02-24,9.33,9.38,9.38,9.26,5077
2021-02-25,9.44,9.4,9.44,9.27,22394
2021-02-26,9.44,9.36,9.44,9.18,9644
2021-03-01,9.31,9.412,9.44,9.31,18743
2021-03-02,9.52,9.36,9.52,9.3212,22245
2021-03-03,9.36,9.35,9.54,9.35,20841
2021-03-04,9.36,9.42,9.52,9.3304,22139
2021-03-05,9.476,9.4,9.476,9.35,22730
2021-03-08,9.5,9.55,9.55,9.5,14375
2021-03-09,9.46,9.48,9.55,9.37,22983
2021-03-10,9.48,9.59,9.67,9.48,19455
2021-03-11,9.645,9.6833,9.755,9.645,29910
2021-03-12,9.76,9.82,9.86,9.76,26664
2021-03-15,9.81,9.8,9.81,9.8,33652
2021-03-16,9.97,9.97,9.97,9.8,30096
2021-03-17,9.82,9.75,9.95,9.43,47948
2021-03-18,9.54,9.61,9.69,9.54,28864
2021-03-19,9.61,9.54,9.7,9.36,21719
2021-03-22,9.54,9.61,9.7849,9.54,11309
2021-03-23,9.6,9.61,9.7982,9.6,12275
2021-03-24,9.7,9.73,9.7883,9.62,13126
2021-03-25,9.8,9.79,9.8,9.76,24626
2021-03-26,9.7999,9.7457,9.8,9.7,6765
2021-03-29,9.7,9.64,9.7416,9.6006,6899
2021-03-30,9.58,9.65,9.7405,9.58,25799
2021-03-31,9.75,9.69,9.75,9.53,38478
2021-04-01,9.65,9.63,9.7251,9.6252,5107
2021-04-05,9.75,9.71,9.75,9.51,40280
2021-04-06,9.65,9.55,9.67,9.55,66601
2021-04-07,9.5,9.56,9.7,9.5,15343
2021-04-08,9.64,9.6,9.64,9.56,11771
2021-04-09,9.57,9.61,9.64,9.57,12129
2021-04-12,9.59,9.7134,9.8,9.59,15236
2021-04-13,9.61,9.74,9.8,9.61,23246
2021-04-14,9.67,9.78,9.8,9.67,9392
2021-04-15,9.76,9.75,9.76,9.63,11095
2021-04-16,9.75,9.67,9.75,9.6201,9264
2021-04-19,9.65,9.6658,9.68,9.59,18747
2021-04-20,9.7008,9.7,9.7008,9.6609,6101
2021-04-21,9.69,9.645,9.7,9.59,12979
2021-04-22,9.72,9.685,9.72,9.65,7592
2021-04-23,9.62,9.67,9.84,9.57,7277
2021-04-26,9.7,9.61,9.74,9.6001,18947
2021-04-27,9.66,9.65,9.6807,9.61,6334
2021-04-28,9.66,9.695,9.7764,9.66,10338
2021-04-29,9.76,9.62,9.76,9.59,13395
2021-04-30,9.65,9.64,9.6899,9.52,22219
2021-05-03,9.6,9.8,9.88,9.6,11442
2021-05-04,9.79,9.6,9.8,9.6,21143
2021-05-05,9.64,9.71,9.73,9.64,21579
2021-05-06,9.68,9.72,9.78,9.6707,8156
2021-05-07,9.77,9.78,9.7858,9.73,9103
2021-05-10,9.74,9.79,9.9699,9.74,15796
2021-05-11,9.74,9.73,9.9739,9.72,19241
2021-05-12,9.71,9.82,9.9188,9.71,15729
2021-05-13,9.71,9.6933,9.85,9.71,13086
2021-05-14,9.71,9.785,9.8688,9.71,1729
2021-05-17,9.72,9.7687,9.88,9.72,7129
2021-05-18,9.72,9.77,9.7975,9.72,12183
2021-05-19,9.62,9.65,9.79,9.62,5296
2021-05-20,9.65,9.676,9.7,9.6478,10373
2021-05-21,9.79,9.79,9.79,9.64,5787
2021-05-24,9.79,9.77,9.8,9.69,32938
2021-05-25,9.79,9.73,9.79,9.68,23480
2021-05-26,9.75,9.74,9.7794,9.72,21924
2021-05-27,9.71,9.66,9.78,9.66,45547
2021-05-28,9.7,9.7,9.749,9.67,17014
2021-06-01,9.73,9.77,9.8,9.73,12337
2021-06-02,9.71,9.75,9.77,9.67,11972
2021-06-03,9.66,9.69,9.7877,9.66,30216
2021-06-04,9.79,9.76,9.79,9.68,22696
2021-06-07,9.7,9.75,9.8,9.69,36319
2021-06-08,9.71,9.75,9.78,9.66,51176
2021-06-09,9.7,9.74,9.77,9.69,21765
2021-06-10,9.74,9.756,9.82,9.71,13159
2021-06-11,9.71,9.75,9.76,9.71,14925
2021-06-14,9.71,9.71,9.79,9.7,10063
2021-06-15,9.71,9.71,9.75,9.7,13089
2021-06-16,9.77,9.745,9.77,9.72,7340
2021-06-17,9.77,9.7393,9.77,9.72,5163
2021-06-18,9.72,9.72,9.72,9.715,10217
2021-06-21,9.72,9.75,9.76,9.661,15590
2021-06-22,9.74,9.745,9.76,9.72,24503
2021-06-23,9.7578,9.8,9.8,9.7578,14041
2021-06-24,9.73,9.8166,9.83,9.73,19315
2021-06-25,9.7782,9.68,9.79,9.68,31282
2021-06-28,9.69,9.75,9.79,9.69,25442
2021-06-29,9.79,9.8575,9.9941,9.79,8136
2021-06-30,9.86,9.81,9.86,9.765,15769
2021-07-01,9.81,9.79,9.885,9.72,55428
2021-07-02,9.79,9.78,9.97,9.71,12722
2021-07-06,9.74,9.8,9.8908,9.73,15743
2021-07-07,9.87,9.82,9.99,9.7501,13833
2021-07-08,9.85,9.825,9.85,9.7768,12860
2021-07-09,9.83,9.82,9.83,9.8,7410
2021-07-12,9.8,9.8394,9.98,9.7303,42621
2021-07-13,9.85,9.96,9.98,9.85,34895
2021-07-14,9.94,10.041,10.1,9.87,21533
2021-07-15,10.006,9.83,10.006,9.79,25818
2021-07-16,9.77,9.65,9.8099,9.63,92682
2021-07-19,9.64,9.77,9.8,9.6307,23539
2021-07-20,9.82,9.8,9.92,9.74,24122
2021-07-21,9.8561,9.81,9.86,9.77,10591
2021-07-22,9.7996,9.795,9.8099,9.76,6954
2021-07-23,9.83,9.85,9.9177,9.7801,1828
2021-07-26,9.75,9.82,9.8714,9.67,62173
2021-07-27,9.8,9.84,9.89,9.74,21381
2021-07-28,9.82,9.81,9.8444,9.7708,1850
2021-07-29,9.83,9.815,9.8399,9.78,13553
2021-07-30,9.84,9.81,9.84,9.7509,6732
2021-08-02,9.82,9.83,9.84,9.8132,10103
2021-08-03,9.82,9.86,9.93,9.82,16603
2021-08-04,9.94,9.9,9.94,9.8906,5498
2021-08-05,9.94,9.92,10.0,9.894,30489
2021-08-06,10.0,9.8459,10.0,9.8459,8159
2021-08-09,9.87,9.9,9.98,9.84,20374
2021-08-10,9.86,9.8946,9.95,9.86,4605
2021-08-11,9.89,9.94,9.989,9.89,5648
2021-08-12,9.989,9.8394,9.989,9.88,10833
2021-08-13,9.83,9.8968,9.95,9.83,8238
2021-08-16,9.94,9.8633,9.9824,9.84,5776
2021-08-17,9.9564,9.875,9.9564,9.85,14955
2021-08-18,9.87,9.902,9.9045,9.85,11460
2021-08-19,9.89,9.882,9.9196,9.88,18518
2021-08-20,9.8601,9.83,9.9,9.83,13951
2021-08-23,9.83,9.76,9.83,9.72,20656
2021-08-24,9.78,9.8,9.805,9.64,41446
2021-08-25,9.8,9.71,9.8,9.68,31507
2021-08-26,9.75,9.73,9.8,9.69,36554
2021-08-27,9.79,9.78,9.89,9.73,9192
2021-08-30,9.78,9.83,9.83,9.78,17447
2021-08-31,9.84,9.86,9.89,9.8298,7568
2021-09-01,9.84,9.85,9.8893,9.82,14398
2021-09-02,9.85,9.87,9.89,9.81,13600
2021-09-03,9.83,9.8,9.847,9.8,13609
2021-09-07,9.8,9.84,9.88,9.8,7790
2021-09-08,9.88,9.88,9.89,9.86,5398
2021-09-09,9.8243,9.81,9.89,9.72,16108
2021-09-10,9.8,9.7094,9.82,9.722,10662
2021-09-13,9.72,9.72,9.7601,9.7,13652
2021-09-14,9.82,9.77,9.82,9.74,10361
2021-09-15,9.83,9.83,9.84,9.8125,8543
2021-09-16,9.81,9.8032,9.8434,9.8032,1982
2021-09-17,9.86,9.8717,9.89,9.81,9004
2021-09-20,9.89,9.78,9.89,9.78,4318
2021-09-21,9.851,9.85,9.851,9.85,910
2021-09-22,9.8504,9.87,9.87,9.85,6810
2021-09-23,9.89,9.75,9.8995,9.75,25540
2021-09-24,9.82,9.8575,9.8646,9.7952,6656
2021-09-27,9.8,9.85,9.85,9.8,3959
2021-09-28,9.819,9.7709,9.8595,9.7709,28989
2021-09-29,9.83,9.85,9.9,9.75,28388
2021-09-30,9.9,9.85,9.9,9.85,1177
2021-10-01,9.9,9.77,9.9,9.77,5163
2021-10-04,9.81,9.8,9.8899,9.78,5598
2021-10-05,9.835,9.8107,9.89,9.8,10851
2021-10-06,9.86,9.86,9.86,9.86,280
2021-10-07,9.8338,9.84,9.89,9.8302,16287
2021-10-08,9.83,9.868,9.8798,9.8206,21290
2021-10-11,9.89,9.88,9.89,9.855,5963
2021-10-12,9.88,9.8492,9.9,9.83,35961
2021-10-13,9.78,9.9008,9.94,9.78,5507
2021-10-14,9.884,9.92,9.92,9.884,5007
2021-10-15,9.9,9.95,9.95,9.87,9339
2021-10-18,9.9,9.81,9.9,9.81,7298
2021-10-19,9.8798,9.85,9.8798,9.79,13308
2021-10-20,9.8582,9.8147,9.8582,9.8,19299
2021-10-21,9.8042,9.835,9.8502,9.8042,27108
2021-10-22,9.8,9.85,9.8976,9.79,16980
2021-10-25,9.85,9.88,9.88,9.85,2083
2021-10-26,9.8821,9.88,9.887,9.84,6419
2021-10-27,9.89,9.85,9.9,9.8409,8836
2021-10-28,9.85,9.84,9.8595,9.84,10817
2021-10-29,9.91,9.895,9.94,9.895,4026
2021-11-01,9.88,9.925,9.95,9.88,7010
2021-11-02,9.95,9.927,9.9544,9.885,6274
2021-11-03,9.9999,9.96,10.0799,9.925,16827
2021-11-04,10.0,9.9898,10.0,9.84,19633
2021-11-05,10.058,10.04,10.058,9.9232,19077
2021-11-08,9.9544,10.0,10.0481,9.9544,10865
2021-11-09,10.03,9.97,10.03,9.91,9966
2021-11-10,9.89,9.92,9.9598,9.89,9021
2021-11-11,9.9,9.8394,9.95,9.88,8456
2021-11-12,9.86,9.93,9.95,9.86,5766
2021-11-15,9.95,9.926,9.95,9.91,5134
2021-11-16,9.9,9.95,9.9596,9.86,14749
2021-11-17,9.9664,9.91,9.9664,9.905,5428
2021-11-18,9.94,9.88,9.94,9.88,3508
2021-11-19,9.91,9.88,9.9199,9.87,5847
2021-11-22,9.88,9.89,9.97,9.8776,5815
2021-11-23,9.9008,9.86,9.9008,9.81,12487
2021-11-24,9.8313,9.87,9.898,9.8313,512
2021-11-26,9.83,9.855,9.9,9.83,3275
2021-11-29,9.89,9.86,9.89,9.83,2755
2021-11-30,9.88,9.9,9.9,9.8601,28614
2021-12-01,9.89,9.88,9.9493,9.88,10417
2021-12-02,9.92,9.9,9.93,9.8963,3386
2021-12-03,9.8914,9.88,9.8914,9.81,6110
2021-12-06,9.83,9.82,9.8888,9.8,5996
2021-12-07,9.79,9.84,9.84,9.79,20369
2021-12-08,9.8166,9.8,9.8325,9.79,20803
2021-12-09,9.81,9.8698,9.893,9.81,9952
2021-12-10,9.85,9.8492,9.9,9.85,3168
2021-12-13,9.81,9.86,9.86,9.81,4327
2021-12-14,9.884,9.9123,9.92,9.8383,3729
2021-12-15,9.93,9.84,9.93,9.84,14614
2021-12-16,9.88,9.8901,9.9,9.8506,9730
2021-12-17,9.875,9.83,9.8807,9.83,8375
2021-12-20,9.85,9.83,9.93,9.8002,8444
2021-12-21,9.87,9.845,9.93,9.845,7746
2021-12-22,9.8,9.865,9.9,9.8,7489
2021-12-23,9.9,9.89,9.9,9.89,1750
2021-12-27,9.9521,9.79,9.9521,9.79,14466
2021-12-28,9.86,9.78,9.86,9.76,5969
2021-12-29,9.82,9.85,9.86,9.8001,9897
2021-12-30,9.9,9.83,9.9,9.7508,7776
2021-12-31,9.89,9.86,9.89,9.86,1465
2022-01-03,9.89,9.77,9.89,9.76,9864
2022-01-04,9.77,9.8,9.82,9.76,16055
2022-01-05,9.81,9.8601,9.93,9.81,7486
2022-01-06,9.83,9.82,9.83,9.8,4027
2022-01-07,9.824,9.84,9.86,9.824,5420
2022-01-10,9.87,9.8985,9.9044,9.81,5697
2022-01-11,9.85,9.85,9.8892,9.85,937
2022-01-12,9.8658,9.85,9.89,9.8,16611
2022-01-13,9.86,9.8291,9.87,9.85,4350
2022-01-14,9.8,9.89,9.93,9.76,16171
2022-01-18,9.91,9.8698,9.91,9.78,12521
2022-01-19,9.84,9.75,9.84,9.75,27630
2022-01-20,9.78,9.77,9.7929,9.77,3922
2022-01-21,9.76,9.76,9.77,9.74,38536
2022-01-24,9.75,9.54,9.76,9.51,26969
2022-01-25,9.57,9.53,9.5729,9.45,17786
2022-01-26,9.56,9.5058,9.581,9.45,16059
2022-01-27,9.53,9.43,9.55,9.41,7007
2022-01-28,9.4,9.425,9.5038,9.4,5822
2022-01-31,9.48,9.42,9.61,9.32,36564
2022-02-01,9.47,9.65,9.65,9.47,17549
2022-02-02,9.63,9.67,9.67,9.6052,3142
2022-02-03,9.6329,9.64,9.64,9.56,2702
2022-02-04,9.62,9.52,9.62,9.43,13018
2022-02-07,9.49,9.5,9.5399,9.49,2744
2022-02-08,9.45,9.4395,9.465,9.38,14009
2022-02-09,9.4692,9.429,9.4692,9.42,5468
2022-02-10,9.4,9.415,9.415,9.4,3346
2022-02-11,9.41,9.1894,9.46,9.21,12085
2022-02-14,9.18,9.086,9.225,9.02,18208
2022-02-15,9.1764,9.08,9.19,9.05,8629
2022-02-16,9.1,9.09,9.16,9.07,6972
2022-02-17,9.1,9.12,9.166,9.1,3692
2022-02-18,9.08,9.03,9.16,9.0,24982
2022-02-22,9.01,9.03,9.1,9.01,9138
2022-02-23,9.046,9.06,9.09,9.01,11790
2022-02-24,9.0,8.98,9.0,8.9,24373
2022-02-25,8.96,9.07,9.11,8.92,32437
2022-02-28,9.06,9.09,9.11,9.04,7123
2022-03-01,9.0874,9.08,9.0999,9.08,2634
2022-03-02,9.07,9.1,9.11,9.07,697
2022-03-03,9.1,9.09,9.12,9.09,3175
2022-03-04,9.09,9.09,9.13,9.07,6828
2022-03-07,9.11,9.01,9.11,8.96,7214
2022-03-08,8.99,8.98,9.055,8.98,5657
2022-03-09,9.0545,9.01,9.0545,8.98,15272
2022-03-10,8.99,9.07,9.07,8.99,6009
2022-03-11,8.9801,8.9894,9.03,8.9801,1621
2022-03-14,8.96,8.95,9.0,8.95,9146
2022-03-15,9.0,8.88,9.05,8.83,13603
2022-03-16,8.83,8.87,8.9463,8.83,17085
2022-03-17,8.84,8.9594,8.9594,8.84,6105
2022-03-18,8.9,8.97,8.99,8.9,19026
2022-03-21,8.97,8.9,8.97,8.85,5964
2022-03-22,8.88,8.9,8.95,8.88,10289
2022-03-23,8.875,8.9,8.92,8.875,8261
2022-03-24,8.86,8.88,8.89,8.86,29820
2022-03-25,8.87,8.9,8.905,8.86,2932
2022-03-28,8.86,8.8635,8.9253,8.78,9647
2022-03-29,8.8042,8.871,8.94,8.8042,8862
2022-03-30,8.93,8.99,9.0,8.8968,8875
2022-03-31,9.0,9.03,9.03,8.9,6976
2022-04-01,9.03,9.0198,9.0335,8.97,11406
2022-04-04,9.0,9.0,9.03,8.9,7836
2022-04-05,9.0,8.82,9.0,8.79,25005
2022-04-06,8.82,8.78,8.94,8.72,15028
2022-04-07,8.76,8.76,8.8302,8.76,5782
2022-04-08,8.77,8.86,8.86,8.76,29861
2022-04-11,8.82,8.53,8.8345,8.53,31684
2022-04-12,8.65,8.67,8.7899,8.65,8533
2022-04-13,8.7499,8.6994,8.8387,8.73,19322
2022-04-14,8.7,8.73,8.78,8.7,16364
2022-04-18,8.73,8.735,8.775,8.71,21835
2022-04-19,8.71,8.6999,8.78,8.6999,6068
2022-04-20,8.77,8.74,8.77,8.65,16051
2022-04-21,8.72,8.7,8.7676,8.67,4579
2022-04-22,8.7,8.69,8.7,8.64,6276
2022-04-25,8.6449,8.68,8.69,8.6449,1793
2022-04-26,8.69,8.6885,8.7,8.6862,5318
2022-04-27,8.6881,8.75,8.78,8.68,11370
2022-04-28,8.78,8.7,8.88,8.7,15214
2022-04-29,8.87,8.74,8.88,8.72,12295
2022-05-02,8.75,8.76,8.89,8.69,43497
2022-05-03,8.72,8.71,8.8,8.71,4268
2022-05-04,8.7,8.68,8.7,8.67,14348
2022-05-05,8.67,8.725,8.74,8.67,7957
2022-05-06,8.71,8.76,8.76,8.71,1774
2022-05-09,8.7,8.7,8.76,8.63,12808
2022-05-10,8.64,8.77,8.77,8.63,16699
2022-05-11,8.64,8.6899,8.7,8.55,55298
2022-05-12,8.76,8.6794,8.76,8.6132,32063
2022-05-13,8.62,8.66,8.67,8.6063,19718
2022-05-16,8.6273,8.6694,8.6699,8.6273,4804
2022-05-17,8.67,8.71,8.77,8.6659,26535
2022-05-18,8.7194,8.62,8.7194,8.62,11047
2022-05-19,8.61,8.58,8.61,8.56,9189
2022-05-20,8.57,8.58,8.75,8.57,31594
2022-05-23,8.56,8.65,8.71,8.53,19486
2022-05-24,8.65,8.75,8.7518,8.5943,26067
2022-05-25,8.63,8.7,8.75,8.63,30500
2022-05-26,8.75,8.75,8.76,8.745,42327
2022-05-27,8.77,8.78,8.795,8.726,30913
2022-05-31,8.84,8.675,8.84,8.62,44425
2022-06-01,8.7944,8.77,8.7944,8.6939,2008
2022-06-02,8.72,8.82,8.82,8.6663,6105
2022-06-03,8.78,8.87,8.87,8.745,28470
2022-06-06,8.85,8.82,8.859,8.8,9783
2022-06-07,8.7972,8.845,8.86,8.7972,8942
2022-06-08,8.84,8.7,8.86,8.67,21318
2022-06-09,8.758,8.72,8.79,8.7,15531
2022-06-10,8.68,8.74,8.753,8.67,13365
2022-06-13,8.67,8.4894,8.68,8.53,13754
2022-06-14,8.5581,8.48,8.5581,8.42,5245
2022-06-15,8.4852,8.4358,8.4852,8.4117,2101
2022-06-16,8.41,8.26,8.41,8.16,11482
2022-06-17,8.2,8.39,8.44,8.18,12647
2022-06-21,8.2161,8.18,8.4452,8.06,14652
2022-06-22,8.1646,8.33,8.33,8.1646,8386
2022-06-23,8.29,8.43,8.43,8.17,13769
2022-06-24,8.43,8.28,8.43,8.2743,2321
2022-06-27,8.31,8.3336,8.375,8.31,644
2022-06-28,8.54,8.5,8.55,8.4214,12470
2022-06-29,8.54,8.57,8.57,8.5254,6949
2022-06-30,8.57,8.61,8.61,8.558,6595
2022-07-01,8.555,8.64,8.64,8.555,4453
2022-07-05,8.63,8.64,8.64,8.5051,3728
2022-07-06,8.5159,8.54,8.59,8.5159,4916
2022-07-07,8.5393,8.55,8.5705,8.5393,30174
2022-07-08,8.66,8.58,8.67,8.5401,15476
2022-07-11,8.57,8.46,8.57,8.46,11251
2022-07-12,8.54,8.49,8.54,8.42,12577
2022-07-13,8.5001,8.427,8.5001,8.3701,1686
2022-07-14,8.37,8.41,8.4999,8.37,769
2022-07-15,8.41,8.4674,8.48,8.36,10281
2022-07-18,8.4,8.4,8.49,8.34,49350
2022-07-19,8.37,8.42,8.5,8.35,29963
2022-07-20,8.39,8.44,8.44,8.37,2745
2022-07-21,8.3718,8.42,8.47,8.36,4022
2022-07-22,8.47,8.41,8.47,8.3848,1528
2022-07-25,8.34,8.3801,8.41,8.34,4555
2022-07-26,8.35,8.37,8.375,8.35,11844
2022-07-27,8.38,8.4,8.4,8.22,10945
2022-07-28,8.4,8.39,8.41,8.36,6111
2022-07-29,8.43,8.51,8.61,8.415,14136
2022-08-01,8.52,8.55,8.62,8.43,12162
2022-08-02,8.5,8.49,8.5,8.46,13142
2022-08-03,8.48,8.52,8.6,8.46,21509
2022-08-04,8.55,8.55,8.6804,8.518,17329
2022-08-05,8.6282,8.61,8.67,8.484,9402
2022-08-08,8.7152,8.5914,8.7183,8.51,5893
2022-08-09,8.4746,8.7,8.71,8.4746,20006
2022-08-10,8.58,8.604,8.6987,8.58,5474
2022-08-11,8.55,8.567,8.6589,8.55,20412
2022-08-12,8.56,8.5717,8.5717,8.56,3259
2022-08-15,8.5122,8.6195,8.6195,8.5122,2974
2022-08-16,8.5831,8.59,8.6282,8.553,6014
2022-08-17,8.5,8.6,8.66,8.5,4163
2022-08-18,8.6501,8.53,8.6501,8.53,1444
2022-08-19,8.64,8.72,8.72,8.51,17325
2022-08-22,8.62,8.44,8.645,8.35,39119
2022-08-23,8.4715,8.45,8.5236,8.45,2160
2022-08-24,8.535,8.68,8.68,8.5303,25470
2022-08-25,8.61,8.57,8.63,8.56,3758
2022-08-26,8.55,8.55,8.555,8.49,5996
2022-08-29,8.5,8.51,8.51,8.4601,2663
2022-08-30,8.5,8.47,8.5,8.46,7827
2022-08-31,8.56,8.55,8.56,8.47,5075
2022-09-01,8.51,8.52,8.6099,8.46,3366
2022-09-02,8.48,8.59,8.59,8.48,2374
2022-09-06,8.4934,8.5,8.53,8.4934,4305
2022-09-07,8.49,8.5,8.6009,8.49,5164
2022-09-08,8.5459,8.45,8.5459,8.45,6330
2022-09-09,8.45,8.46,8.49,8.45,4633
2022-09-12,8.4,8.46,8.46,8.4,4823
2022-09-13,8.46,8.487,8.52,8.42,7315
2022-09-14,8.53,8.54,8.55,8.43,8104
2022-09-15,8.57,8.5,8.64,8.41,29128
2022-09-16,8.57,8.55,8.58,8.482,4052
2022-09-19,8.49,8.55,8.55,8.49,1126
2022-09-20,8.52,8.36,8.55,8.3,29437
2022-09-21,8.27,8.35,8.36,8.23,8581
2022-09-22,8.27,8.08,8.27,8.08,15370
2022-09-23,8.1,8.05,8.1,7.94,27415
2022-09-26,7.98,8.05,8.06,7.95,26987
2022-09-27,8.0823,7.93,8.0823,7.9101,9891
2022-09-28,8.0,7.92,8.0,7.9,41512
2022-09-29,7.8,7.795,7.89,7.76,28622
2022-09-30,7.79,7.73,7.79,7.6801,17852
2022-10-03,7.83,7.98,7.99,7.7409,83403
2022-10-04,7.97,7.97,8.05,7.87,20715
2022-10-05,7.92,8.08,8.1,7.92,61478
2022-10-06,8.08,8.07,8.09,8.06,11084
2022-10-07,8.06,7.71,8.06,7.71,32386
2022-10-10,7.77,7.73,7.77,7.72,15185
2022-10-11,7.72,7.68,7.7218,7.68,5404
2022-10-12,7.7063,7.69,7.745,7.69,3728
2022-10-13,7.8,7.567,7.8,7.6,56272
2022-10-14,7.58,7.66,7.73,7.55,29973
2022-10-17,7.58,7.8,7.84,7.58,16497
2022-10-18,7.77,7.75,7.8381,7.7,13061
2022-10-19,7.7,7.62,7.7,7.57,12273
2022-10-20,7.58,7.59,7.59,7.55,26197
2022-10-21,7.55,7.6499,7.6499,7.55,32995
2022-10-24,7.605,7.59,7.61,7.54,18089
2022-10-25,7.58,7.7,7.74,7.5306,46007
2022-10-26,7.6125,7.72,7.77,7.6125,33382
2022-10-27,7.76,7.8,7.8,7.71,26476
2022-10-28,7.79,7.97,7.98,7.7457,33217
2022-10-31,7.97,8.06,8.14,7.8415,139111
2022-11-01,8.0,8.08,8.15,7.9838,14693
2022-11-02,8.0,8.12,8.13,7.99,14430
2022-11-03,8.1,8.27,8.36,7.9022,61263
2022-11-04,8.27,8.31,8.33,8.244,12567
2022-11-07,8.29,8.35,8.35,8.27,28068
2022-11-08,8.39,8.32,8.39,8.1874,8859
2022-11-09,8.29,8.3,8.33,8.275,26892
2022-11-10,8.3449,8.31,8.49,8.31,38451
2022-11-11,8.3,8.307,8.47,8.27,42559
2022-11-14,8.3,8.46,8.46,8.2399,12217
2022-11-15,8.4,8.45,8.48,8.24,70006
2022-11-16,8.44,8.57,8.57,8.324,25317
2022-11-17,8.55,8.57,8.57,8.4,17267
2022-11-18,8.5,8.38,8.72,8.29,83578
2022-11-21,8.31,8.33,8.43,8.18,66672
2022-11-22,8.38,8.32,8.47,8.2808,89638
2022-11-23,8.18,8.39,8.48,8.18,31117
2022-11-25,8.4575,8.48,8.48,8.3,24121
2022-11-28,8.5,8.8,8.96,8.5,114183
2022-11-29,8.77,8.62,8.77,8.62,18714
2022-11-30,8.73,8.51,8.73,8.51,37895
2022-12-01,8.6,8.56,8.7,8.53,23229
2022-12-02,8.58,8.6,8.69,8.44,6059
2022-12-05,8.56,8.46,8.61,8.46,18999
2022-12-06,8.5758,8.47,8.61,8.34,4208
2022-12-07,8.49,8.48,8.6099,8.33,21103
2022-12-08,8.43,8.37,8.57,8.35,15376
2022-12-09,8.41,8.32,8.42,8.3,29364
2022-12-12,8.33,8.36,8.43,8.2871,35913
2022-12-13,8.37,8.287,8.4963,8.3,12730
2022-12-14,8.37,8.3,8.3857,8.26,19826
2022-12-15,8.285,8.31,8.4605,8.254,12196
2022-12-16,8.28,8.3,8.4157,8.2335,4619
2022-12-19,8.23,8.3,8.31,8.2075,22385
2022-12-20,8.28,8.4,8.4,8.2274,14482
2022-12-21,8.285,8.355,8.425,8.269,5143
2022-12-22,8.3,8.3,8.32,8.25,31724
2022-12-23,8.3,8.31,8.335,8.28,36271
2022-12-27,8.28,8.3,8.3616,8.28,25243
2022-12-28,8.31,8.06,8.31,7.96,81126
2022-12-29,8.08,8.09,8.149,8.07,15078
2022-12-30,8.12,8.08,8.13,8.02,27399
2023-01-03,8.11,8.09,8.13,8.07,16698
2023-01-04,8.1,8.14,8.18,8.08,4237
2023-01-05,8.18,8.09,8.18,8.0283,6752
2023-01-06,8.0904,8.11,8.1525,8.08,4864
2023-01-09,8.16,8.21,8.27,8.13,22936
2023-01-10,8.19,8.22,8.2392,8.179,4640
2023-01-11,8.25,8.23,8.25,8.1819,3519
2023-01-12,8.2,8.227,8.26,8.1931,8682
2023-01-13,8.22,8.12,8.22,8.04,93796
2023-01-17,8.14,8.09,8.14,8.08,24195
2023-01-18,8.1,8.11,8.174,8.0742,15961
2023-01-19,8.11,8.2,8.35,8.04,51873
2023-01-20,8.1901,8.2,8.2133,8.17,7985
2023-01-23,8.16,8.16,8.17,8.13,10880
2023-01-24,8.16,8.16,8.17,8.14,26853
2023-01-25,8.08,8.09,8.155,8.05,15369
2023-01-26,8.09,8.1298,8.1298,8.09,2687
2023-01-27,8.13,8.14,8.2,8.11,16526
2023-01-30,8.13,8.0,8.13,7.96,71291
2023-01-31,8.04,8.11,8.12,8.04,28349
2023-02-01,8.09,8.11,8.14,8.08,15825
2023-02-02,8.12,8.17,8.2194,8.12,39031
2023-02-03,8.1723,8.13,8.1723,8.1,15249
2023-02-06,8.12,8.1,8.17,8.07,13494
2023-02-07,8.1374,8.1,8.17,8.04,14478
2023-02-08,8.07,8.09,8.1067,8.07,4196
2023-02-09,8.09,8.06,8.13,8.06,22936
2023-02-10,8.06,8.11,8.1298,8.06,15812
2023-02-13,8.1098,8.097,8.14,8.1098,9964
2023-02-14,8.1,8.1079,8.1199,8.09,11857
2023-02-15,8.1,8.08,8.14,8.08,4999
2023-02-16,8.08,8.075,8.1166,8.06,8438
2023-02-17,8.06,8.03,8.0601,8.0,25142
2023-02-21,8.0,8.0,8.03,8.0,17376
2023-02-22,8.01,8.0,8.045,7.98,17299
2023-02-23,8.0,8.005,8.06,8.0,16010
2023-02-24,8.03,8.06,8.07,7.98,22767
2023-02-27,8.08,8.07,8.1,8.061,11287
2023-02-28,8.08,8.05,8.08,8.04,2926
2023-03-01,8.0,7.99,8.06,7.98,17234
2023-03-02,7.97,8.01,8.024,7.97,6847
2023-03-03,7.97,7.97,7.995,7.96,13038
2023-03-06,7.96,7.99,8.01,7.9403,34360
2023-03-07,7.96,7.9107,8.01,7.9107,18485
2023-03-08,7.88,7.9,7.91,7.87,6404
2023-03-09,7.88,7.75,7.88,7.75,11923
2023-03-10,7.7272,7.71,7.74,7.66,5590
2023-03-13,7.5501,7.505,7.58,7.538,4679
2023-03-14,7.47,7.44,7.53,7.44,9269
2023-03-15,7.47,7.39,7.47,7.39,4120
2023-03-16,7.39,7.4001,7.4799,7.365,15919
2023-03-17,7.3972,7.4,7.43,7.38,8989
2023-03-20,7.39,7.3182,7.39,7.31,8943
2023-03-21,7.35,7.358,7.43,7.33,19950
2023-03-22,7.43,7.2801,7.43,7.28,18060
2023-03-23,7.28,7.24,7.3399,7.23,21376
2023-03-24,7.3,7.185,7.325,7.16,36844
2023-03-27,7.25,7.2,7.25,7.1999,15223
2023-03-28,7.2,7.18,7.24,7.16,17898
2023-03-29,7.19,7.23,7.3,7.19,16677
2023-03-30,7.23,7.2396,7.2699,7.18,14093
2023-03-31,7.25,7.29,7.333,7.22,17881
2023-04-03,7.25,7.29,7.34,7.25,27837
2023-04-04,7.29,7.26,7.34,7.23,18568
2023-04-05,7.26,7.29,7.31,7.18,38215
2023-04-06,7.31,7.26,7.31,7.25,11738
2023-04-10,7.2,7.27,7.3,7.2,25518
2023-04-11,7.25,7.25,7.2772,7.11,56852
2023-04-12,7.34,7.36,7.45,7.2738,40490
2023-04-13,7.3,7.477,7.51,7.3,45683
2023-04-14,7.5,7.41,7.5,7.405,34361
2023-04-17,7.41,7.38,7.4604,7.34,25947
2023-04-18,7.39,7.39,7.44,7.3515,8979
2023-04-19,7.44,7.44,7.475,7.35,20093
2023-04-20,7.42,7.42,7.4992,7.42,19310
2023-04-21,7.45,7.39,7.45,7.3769,2318
2023-04-24,7.3604,7.32,7.42,7.25,28881
2023-04-25,7.31,7.28,7.31,7.275,4999
2023-04-26,7.29,7.3,7.3,7.26,3182
2023-04-27,7.24,7.28,7.29,7.24,1099
2023-04-28,7.28,7.29,7.33,7.27,10982
2023-05-01,7.25,7.26,7.3223,7.22,16837
2023-05-02,7.22,7.1777,7.25,7.11,25174
2023-05-03,7.17,7.04,7.18,6.98,125359
2023-05-04,7.04,7.06,7.0999,7.02,12129
