2017-08-11,6.0,6.0,6.0,6.0,200
2017-08-14,6.4,6.5,6.5,6.4,425
2017-08-15,6.7,6.7,6.7,6.7,1575
2017-08-16,6.75,6.75,6.75,6.75,822
2017-08-17,6.75,6.75,6.75,6.75,907
2017-08-18,6.85,6.85,6.85,6.85,562
2017-08-21,6.95,6.95,6.95,6.95,700
2017-08-22,7.0,7.0,7.0,7.0,406
2017-08-23,NaN,7.0,NaN,NaN,12
2017-08-24,7.0,7.0,7.0,7.0,510
2017-08-25,7.1,7.1,7.1,7.1,1000
2017-08-28,7.2,7.2,7.2,7.2,1301
2017-08-29,7.2,7.2,7.2,7.2,300
2017-08-30,7.2,7.2,7.2,7.2,319
2017-08-31,NaN,7.2,NaN,NaN,61
2017-09-01,7.35,7.35,7.35,7.35,515
2017-09-05,7.35,7.35,7.35,7.35,301
2017-09-06,7.35,7.35,7.35,7.35,309
2017-09-07,7.5,7.5,7.5,7.5,243
2017-09-08,7.5,7.5,7.5,7.5,540
2017-09-11,NaN,7.5,NaN,NaN,67
2017-09-12,7.65,7.65,7.65,7.65,821
2017-09-13,NaN,7.65,NaN,NaN,28
2017-09-14,7.75,7.75,7.75,7.75,1117
2017-09-15,8.03,7.4999,8.03,7.4999,2539
2017-09-18,NaN,7.4999,NaN,NaN,54
2017-09-19,NaN,7.4999,NaN,NaN,60
2017-09-20,7.34,7.9,7.9,7.34,529
2017-09-21,7.95,7.95,7.95,7.95,524
2017-09-22,NaN,7.95,NaN,NaN,31
2017-09-25,NaN,7.95,NaN,NaN,17
2017-09-26,7.5,7.5,7.5,7.5,200
2017-09-27,NaN,7.5,NaN,NaN,14
2017-09-28,NaN,7.5,NaN,NaN,14
2017-09-29,NaN,7.5,NaN,NaN,37
2017-10-02,NaN,7.5,NaN,NaN,16
2017-10-03,NaN,7.5,NaN,NaN,11
2017-10-04,7.5,7.5,7.5,7.5,1142
2017-10-05,NaN,7.5,NaN,NaN,1
2017-10-06,7.12,7.12,7.12,7.12,106
2017-10-09,NaN,7.12,NaN,NaN,4
2017-10-11,NaN,7.12,NaN,NaN,71
2017-10-13,NaN,7.12,NaN,NaN,1
2017-10-16,NaN,7.12,NaN,NaN,3
2017-10-17,NaN,7.12,NaN,NaN,4
2017-10-19,NaN,7.12,NaN,NaN,6
2017-10-20,NaN,7.12,NaN,NaN,100
2017-10-23,NaN,7.12,NaN,NaN,6
2017-10-24,NaN,7.12,NaN,NaN,23
2017-10-25,NaN,7.12,NaN,NaN,35
2017-10-26,NaN,7.12,NaN,NaN,50
2017-10-27,NaN,7.12,NaN,NaN,2
2017-10-31,NaN,7.12,NaN,NaN,63
2017-11-02,NaN,7.12,NaN,NaN,5
2017-11-06,NaN,7.12,NaN,NaN,1
2017-11-08,NaN,7.12,NaN,NaN,1
2017-11-09,NaN,7.12,NaN,NaN,1
2017-11-15,NaN,7.12,NaN,NaN,2
2017-11-21,NaN,7.12,NaN,NaN,1
2017-11-22,8.05,10.0,10.0,8.05,6876
2017-11-24,9.6,8.1263,10.0,8.06,5228
2017-11-27,NaN,8.1263,NaN,NaN,64
2017-11-28,7.2,7.0,7.2,7.0,539
2017-11-29,7.0,6.0,7.0,6.0,2786
2017-11-30,NaN,6.0,NaN,NaN,168
2017-12-01,6.25,6.25,6.25,6.25,513
2017-12-04,NaN,6.25,NaN,NaN,101
2017-12-05,6.86,6.86,6.86,6.86,168
2017-12-06,7.2367,7.0,7.2367,7.0,1232
2017-12-07,7.0,7.0,7.15,6.8001,4341
2017-12-11,6.3,6.3,6.3,6.3,210
2017-12-14,5.6,6.25,6.25,5.6,526
2017-12-15,NaN,6.25,NaN,NaN,3
2017-12-21,5.63,5.63,5.63,5.63,103
2017-12-26,NaN,5.63,NaN,NaN,71
2017-12-29,5.63,5.63,5.63,5.63,1000
2018-01-02,5.6,5.6,5.6,5.5999,300
2018-01-03,NaN,5.6,NaN,NaN,100
2018-01-04,5.04,5.26,5.26,5.04,574
2018-01-08,5.7,5.5,5.7,5.5,1170
2018-01-09,5.6,5.6,5.95,5.6,3033
2018-01-10,5.65,5.99,5.99,5.65,700
2018-01-11,5.5275,5.86,6.25,5.5275,3234
2018-01-12,NaN,5.86,NaN,NaN,49
2018-01-16,5.79,5.79,5.79,5.79,229
2018-01-17,5.8,5.8,5.8,5.8,160
2018-01-18,NaN,5.8,NaN,NaN,2
2018-01-23,5.65,5.6,5.65,5.6,404
2018-01-24,5.6,5.6,5.6,5.6,100
2018-01-29,NaN,5.6,NaN,NaN,12
2018-01-31,5.49,6.0,6.0,5.49,267
2018-02-01,NaN,6.0,NaN,NaN,6
2018-02-02,NaN,6.0,NaN,NaN,9
2018-02-05,5.42,5.27,5.42,5.27,206
2018-02-07,NaN,5.27,NaN,NaN,3
2018-02-08,4.8,5.0,5.0,4.8,1065
2018-02-09,5.04,5.0,5.04,5.0,402
2018-02-13,5.01,5.0,5.01,5.0,300
2018-02-15,NaN,5.0,NaN,NaN,1
2018-02-20,4.42,4.43,4.71,4.42,2001
2018-02-21,4.07,4.03,4.07,4.03,1160
2018-02-23,4.24,4.24,4.24,4.24,813
2018-03-02,4.0,4.0,4.0,4.0,1000
2018-03-05,4.39,4.39,4.39,4.39,800
2018-03-06,NaN,4.39,NaN,NaN,3
2018-03-08,4.9,4.87,4.9,4.87,1242
2018-03-09,NaN,4.87,NaN,NaN,21
2018-03-12,4.12,4.03,4.12,4.03,2102
2018-03-13,4.12,3.48,4.12,3.34,1545
2018-03-14,3.82,3.82,3.82,3.82,249
2018-03-15,4.01,3.38,4.01,3.22,917
2018-03-16,NaN,3.38,NaN,NaN,5
2018-03-21,NaN,3.38,NaN,NaN,10
2018-03-22,NaN,3.38,NaN,NaN,7
2018-03-26,NaN,3.38,NaN,NaN,12
2018-03-29,3.19,3.19,3.19,3.19,396
2018-04-02,3.22,3.22,3.22,3.22,173
2018-04-03,NaN,3.22,NaN,NaN,2
2018-04-05,3.1,3.1,3.1,3.1,108
2018-04-06,3.12,3.0,3.12,3.0,3404
2018-04-09,NaN,3.0,NaN,NaN,1
2018-04-10,NaN,3.0,NaN,NaN,10
2018-04-11,NaN,3.0,NaN,NaN,11
2018-04-16,NaN,3.0,NaN,NaN,29
2018-04-17,NaN,3.0,NaN,NaN,31
2018-04-18,NaN,3.0,NaN,NaN,33
2018-04-19,NaN,3.0,NaN,NaN,30
2018-04-20,NaN,3.0,NaN,NaN,28
2018-04-23,2.46,2.42,2.46,2.42,3645
2018-04-24,2.3,2.25,2.3,2.25,1028
2018-04-25,2.2288,2.1374,2.24,2.03,3829
2018-04-26,1.999,2.0,2.0,1.9,890
2018-04-27,2.24,1.85,2.24,1.85,497
2018-04-30,2.0,2.0,2.0,2.0,147
2018-05-01,NaN,2.0,NaN,NaN,32
2018-05-02,2.39,21.95,41.2599,2.2914,2188742
2018-05-03,32.25,32.11,44.0,30.01,858722
2018-05-04,22.0,20.11,28.0,17.0201,499376
2018-05-07,19.0,16.82,22.1277,16.17,243705
2018-05-08,18.79,18.5027,19.8672,16.01,288401
2018-05-09,17.11,16.65,18.09,16.65,109407
2018-05-10,16.78,11.18,17.0,10.5401,229696
2018-05-11,12.25,11.5801,13.06,11.2426,159451
2018-05-14,11.89,18.95,21.7,11.4441,1282822
2018-05-15,21.29,16.95,21.5,15.71,301709
2018-05-16,15.15,16.3,17.39,15.15,91598
2018-05-17,16.25,14.66,16.8646,14.66,63008
2018-05-18,14.66,14.35,15.63,14.3,45576
2018-05-21,15.29,15.5,15.5,14.011,37255
2018-05-22,16.3,15.04,16.38,14.65,72488
2018-05-23,15.044,14.51,15.99,13.56,80927
2018-05-24,14.6146,15.1,15.8119,14.56,47775
2018-05-25,15.1101,14.88,15.1101,14.73,30882
2018-05-29,14.26,14.55,15.42,14.26,25755
2018-05-30,14.7797,14.9,15.3134,14.6025,9682
2018-05-31,15.05,15.405,16.259,15.0,16976
2018-06-01,15.16,15.15,15.5609,14.7298,16901
2018-06-04,15.0001,14.86,15.2,14.59,12960
2018-06-05,14.76,14.59,14.94,14.12,10890
2018-06-06,15.149,18.025,20.77,15.0788,286468
2018-06-07,18.21,18.15,19.7689,17.3,74089
2018-06-08,17.68,17.39,18.49,17.12,54580
2018-06-11,17.17,17.98,18.6254,17.17,26224
2018-06-12,18.2,17.7946,18.62,16.0,28867
2018-06-13,18.0,18.205,18.95,17.851,18392
2018-06-14,18.4785,18.86,19.45,18.111,16219
2018-06-15,18.85,18.9767,19.25,18.281,7321
2018-06-18,18.9151,18.9,19.2,18.281,12917
2018-06-19,18.65,19.0,19.2,17.571,25019
2018-06-20,18.673,19.1926,19.1926,18.1,10333
2018-06-21,19.5,18.64,19.57,18.0046,8413
2018-06-22,18.15,18.79,19.05,18.15,6362
2018-06-25,18.05,18.3,19.4999,18.05,11495
2018-06-26,18.0003,16.82,18.3352,16.38,13481
2018-06-27,17.086,17.5,18.7,17.086,3051
2018-06-28,16.83,17.349,18.28,14.751,9351
2018-06-29,16.64,17.36,17.6045,16.64,9548
2018-07-02,17.11,17.0,17.28,16.7171,3261
2018-07-03,16.56,16.6,17.0,16.55,1509
2018-07-05,14.8,15.6,16.4547,14.8,9486
2018-07-06,15.65,15.5123,15.88,15.467,3542
2018-07-09,15.1397,14.74,15.1397,14.55,5934
2018-07-10,14.85,14.94,14.94,14.85,1546
2018-07-11,14.7275,15.1067,15.1067,14.65,1650
2018-07-12,15.11,15.4781,15.4781,14.4818,1557
2018-07-13,14.71,14.59,15.44,14.5,1954
2018-07-16,14.4,13.6404,14.4,13.039,7723
2018-07-17,13.2,14.479,14.4999,13.0073,5053
2018-07-18,13.495,13.8,14.2,13.495,14075
2018-07-19,13.8,13.81,18.04,13.5582,52197
2018-07-20,14.0,13.6072,14.14,13.6,12791
2018-07-23,13.6627,13.61,13.9407,13.0,11366
2018-07-24,13.5,12.01,13.6,11.524,9267
2018-07-25,12.16,12.3846,12.3846,11.6831,3806
2018-07-26,12.4815,12.4815,12.4815,12.4815,740
2018-07-27,11.25,11.51,12.3672,11.25,3169
2018-07-30,11.2435,10.75,11.5,10.2647,6134
2018-07-31,10.2497,11.0324,11.402,9.74,10249
2018-08-01,10.12,10.1413,11.2,10.12,2676
2018-08-02,11.499,11.0,11.55,11.0,14040
2018-08-03,11.5,11.5853,11.8635,11.1997,1367
2018-08-06,13.964,13.18,14.0,12.06,6029
2018-08-07,13.83,13.56,13.83,13.3,1552
2018-08-08,13.52,13.51,13.52,13.51,474
2018-08-09,13.51,12.54,13.8997,11.99,9179
2018-08-10,13.16,11.5744,13.77,11.5744,1866
2018-08-13,12.7168,11.2089,12.7168,11.2089,1868
2018-08-14,13.8259,12.774,13.8259,11.23,1565
2018-08-15,12.1526,12.81,12.81,11.138,818
2018-08-16,11.91,12.26,12.2614,10.835,3809
2018-08-17,NaN,12.26,NaN,NaN,96
2018-08-20,12.87,12.45,13.44,11.01,5554
2018-08-21,NaN,12.45,NaN,NaN,75
2018-08-22,11.15,12.029,12.9,11.15,2055
2018-08-23,12.1763,12.1763,12.9759,12.1763,712
2018-08-24,12.3,12.3395,12.3395,12.3,530
2018-08-27,11.1,11.95,11.95,11.1,828
2018-08-28,12.33,11.5083,12.33,11.5083,4131
2018-08-29,12.0724,12.7266,13.28,11.975,6870
2018-08-30,11.7,11.9,12.4,11.7,2198
2018-08-31,11.9713,11.6042,11.989,11.6,8184
2018-09-04,11.977,11.6265,11.977,11.25,3763
2018-09-05,11.2501,11.6085,11.6085,11.2501,415
2018-09-06,11.7932,11.5448,11.7932,11.2501,545
2018-09-07,11.2501,11.2501,11.2501,11.2501,551
2018-09-10,11.45,11.2501,11.7136,11.2501,2107
2018-09-11,11.25,10.6074,11.25,9.603,4107
2018-09-12,10.6799,10.76,10.76,10.6799,1586
2018-09-13,10.74,10.4162,10.74,10.05,906
2018-09-14,11.0798,10.845,11.0798,10.845,250
2018-09-17,10.4996,9.9805,11.4497,9.7,1861
2018-09-18,10.9253,10.375,11.62,10.375,2466
2018-09-19,10.9745,10.49,11.4786,10.201,3267
2018-09-20,10.3717,10.4018,10.46,10.35,896
2018-09-21,10.0,10.2,10.95,9.8945,6160
2018-09-24,10.695,10.1705,10.695,8.38,7563
2018-09-25,10.0,10.0,10.0,10.0,176
2018-09-26,NaN,10.0,NaN,NaN,19
2018-09-27,9.02,9.0921,9.1688,9.01,1472
2018-09-28,8.769,9.0,9.02,8.769,735
2018-10-01,8.1,7.93,8.7214,6.55,7389
2018-10-02,8.15,8.83,12.9999,7.5,35285
2018-10-03,9.75,8.3744,9.75,8.05,9752
2018-10-04,8.69,7.11,9.12,6.95,4709
2018-10-05,7.02,7.48,7.96,7.0,9863
2018-10-08,8.0109,7.73,8.0109,7.07,1135
2018-10-09,8.0,7.15,8.0,6.85,12837
2018-10-10,7.5,6.905,8.3,6.52,12817
2018-10-11,7.25,6.95,7.25,6.72,3607
2018-10-12,7.945,7.0,7.945,6.8001,5402
2018-10-15,7.3229,6.72,7.3229,6.72,1305
2018-10-16,NaN,6.72,NaN,NaN,222
2018-10-17,7.0413,9.6375,11.8237,6.97,86568
2018-10-18,9.25,8.9114,11.75,8.5973,30237
2018-10-19,8.99,7.73,8.99,7.6,6139
2018-10-22,7.3,6.7,7.7,6.69,14811
2018-10-23,6.5,6.67,6.98,6.5,12939
2018-10-24,6.52,6.6104,6.8,6.5,7346
2018-10-25,7.1399,6.9178,7.1399,6.9178,646
2018-10-26,6.5,6.55,7.7652,6.5,23421
2018-10-29,6.78,6.6253,6.78,6.5001,2239
2018-10-30,7.45,6.71,7.45,6.71,417
2018-10-31,6.8704,5.79,6.9542,5.5,20906
2018-11-01,5.77,5.85,6.5299,5.5,22275
2018-11-02,5.97,5.7267,6.5243,5.7267,7305
2018-11-05,5.84,5.75,6.1,5.5,8261
2018-11-06,6.4625,6.57,7.83,5.7854,57709
2018-11-07,7.4,6.7901,7.4,6.3,7410
2018-11-08,6.43,6.55,6.72,6.39,2891
2018-11-09,6.42,7.01,7.1,6.42,1012
2018-11-12,7.0483,6.45,7.0483,6.354,1500
2018-11-13,6.77,6.57,6.77,6.47,1297
2018-11-14,NaN,6.57,NaN,NaN,36
2018-11-15,5.95,5.95,5.95,5.95,154
2018-11-16,5.95,5.95,7.0602,5.95,2864
2018-11-19,6.03,6.06,6.42,6.03,3317
2018-11-20,6.4494,5.42,6.4494,5.42,5925
2018-11-21,5.96,6.04,7.4999,5.75,13016
2018-11-23,6.02,6.2,6.2,6.01,996
2018-11-26,6.1,5.8,6.1305,5.209,3216
2018-11-27,5.4,5.65,5.7398,5.4,4041
2018-11-28,5.5401,5.6596,5.6597,5.5401,705
2018-11-29,5.92,5.93,6.0,5.92,964
2018-11-30,NaN,5.93,NaN,NaN,57
2018-12-03,5.8518,5.7,6.0,5.7,1627
2018-12-04,5.98,5.9701,6.51,5.9701,3682
2018-12-06,5.85,5.9,5.9,5.85,850
2018-12-07,5.57,5.51,5.699,5.2,2785
2018-12-10,NaN,5.51,NaN,NaN,58
2018-12-11,6.68,5.6,6.68,5.22,3347
2018-12-12,NaN,5.6,NaN,NaN,69
2018-12-13,5.6001,5.6001,5.6001,5.6001,312
2018-12-14,5.17,5.17,5.17,5.12,610
2018-12-17,5.15,4.85,5.15,4.55,2267
2018-12-18,5.0,4.9,5.0,4.01,4971
2018-12-19,5.35,4.65,5.4,4.65,2537
2018-12-20,4.68,4.74,4.8094,4.4174,2369
2018-12-21,4.5001,4.4,4.5001,4.4,2265
2018-12-24,4.4,4.4,4.422,4.4,697
2018-12-26,4.4,5.93,5.93,4.4,10315
2018-12-27,6.63,5.11,6.63,5.05,7857
2018-12-28,5.08,5.43,6.08,5.05,4032
2018-12-31,5.97,6.46,6.46,4.82,9519
2019-01-02,6.38,6.9973,7.0,6.0413,4483
2019-01-03,6.484,8.4,9.64,6.484,11736
2019-01-04,7.23,7.9831,9.2,7.23,8310
2019-01-07,7.98,7.3001,8.47,7.25,6353
2019-01-08,7.38,7.5,7.7524,7.01,3048
2019-01-09,7.3999,7.035,9.46,6.61,31514
2019-01-10,7.73,6.51,8.23,6.4,7058
2019-01-11,6.5382,6.5657,6.66,6.35,3355
2019-01-14,6.37,5.86,6.37,5.6,3051
2019-01-15,5.87,6.1,6.4,5.55,6958
2019-01-16,5.9,7.54,8.41,5.31,45975
2019-01-17,7.25,7.01,7.5,7.0,5939
2019-01-18,7.01,6.98,7.01,6.5,2007
2019-01-22,6.96,6.97,6.97,6.26,796
2019-01-23,6.85,6.32,6.85,6.2939,1548
2019-01-24,6.6,6.1047,6.6,5.76,5940
2019-01-25,6.11,6.62,6.7693,6.11,1562
2019-01-28,6.6,6.79,7.48,6.6,68820
2019-01-29,6.6,6.53,7.035,6.53,5267
2019-01-30,6.21,6.69,6.84,6.21,1522
2019-01-31,6.5239,6.12,6.65,5.92,3966
2019-02-01,6.5,8.4,13.89,6.44,398684
2019-02-04,8.34,8.31,11.99,8.0936,211996
2019-02-05,8.25,10.0,10.0,8.25,34131
2019-02-06,9.72,8.5,9.9,8.3,16565
2019-02-07,8.5,8.95,9.25,8.5,10196
2019-02-08,8.4368,8.7722,9.09,7.5,15414
2019-02-11,8.7324,7.71,8.7324,7.5,11658
2019-02-12,7.86,7.3,7.9,7.0501,14649
2019-02-13,6.8,6.83,7.646,6.8,9459
2019-02-14,6.83,7.0025,7.36,6.5,13984
2019-02-15,6.94,7.11,7.36,6.94,7240
2019-02-19,7.11,7.06,7.35,6.7,8986
2019-02-20,6.6533,6.8843,7.51,6.6533,3076
2019-02-21,6.96,7.4139,7.6,6.94,21047
2019-02-22,7.2027,7.05,7.5999,7.05,6542
2019-02-25,7.8392,8.7656,9.0,6.78,21735
2019-02-26,8.0,8.34,8.34,7.8101,5093
2019-02-27,8.518,8.1,8.65,7.84,24213
2019-02-28,8.0778,8.4,8.7499,7.8001,27196
2019-03-01,8.2175,8.4,8.65,8.1138,5590
2019-03-04,8.1,8.74,10.46,8.1,43183
2019-03-05,8.9201,8.66,9.81,8.4192,7789
2019-03-06,8.92,8.09,9.23,7.9,16819
2019-03-07,8.32,8.02,8.5,7.335,8132
2019-03-08,8.0,7.99,8.01,7.23,10872
2019-03-11,7.6542,8.28,8.73,7.4355,10016
2019-03-12,8.03,8.95,9.0,7.5375,10026
2019-03-13,8.9,8.8,9.65,8.5169,20681
2019-03-14,8.8,8.8,9.2971,8.5201,12422
2019-03-15,8.8,9.5,9.89,8.5,11993
2019-03-18,9.55,9.48,9.55,8.94,5764
2019-03-19,9.2,9.01,9.79,8.9066,4791
2019-03-20,8.5713,9.0425,9.34,8.5713,5428
2019-03-21,9.1614,8.45,9.1614,7.7,15902
2019-03-22,8.39,8.7832,8.7832,8.0401,10137
2019-03-25,8.76,8.68,8.78,8.0024,18151
2019-03-26,8.4,8.95,10.0,7.8823,84511
2019-03-27,9.1,12.4,18.0,8.5461,1714588
2019-03-28,13.2,13.4,17.5,11.03,1228132
2019-03-29,13.81,12.99,15.2498,12.0,195103
2019-04-01,12.52,12.35,13.0,11.51,68279
2019-04-02,12.1,11.0,12.49,10.18,82888
2019-04-03,11.0,11.32,12.0,10.2505,31617
2019-04-04,11.12,10.88,11.8,10.7,23213
2019-04-05,11.0,12.2,13.0,11.0,69966
2019-04-08,11.73,12.0,12.8826,11.5832,28754
2019-04-09,11.82,11.83,12.075,11.6223,10752
2019-04-10,12.19,12.5,12.585,11.87,25398
2019-04-11,12.31,12.57,13.1,11.8849,16440
2019-04-12,12.57,13.37,13.697,11.766,29944
2019-04-15,13.14,13.0,13.3739,12.65,14759
2019-04-16,12.62,12.9536,13.98,12.0687,20202
2019-04-17,13.1057,13.75,13.75,12.6352,27853
2019-04-18,13.54,14.52,15.25,13.1511,50676
2019-04-22,14.17,14.4682,14.6825,13.8738,25430
2019-04-23,14.345,15.1,15.25,14.03,17109
2019-04-24,14.68,15.18,15.49,14.2548,14265
2019-04-25,15.5072,14.58,15.5072,14.276,26778
2019-04-26,14.5,13.7,14.654,13.1301,21608
2019-04-29,13.23,13.1,13.54,12.65,20828
2019-04-30,13.04,12.1,13.8209,11.98,15265
2019-05-01,12.02,12.04,12.8557,11.7001,10111
2019-05-02,13.5,12.06,13.5,11.69,2567
2019-05-03,11.75,11.5,11.75,10.6,6516
2019-05-06,11.67,11.1085,12.03,11.1085,2126
2019-05-07,10.62,10.6,11.3861,10.6,9964
2019-05-08,10.5,10.75,11.02,10.5,6541
2019-05-09,10.7124,9.3,10.97,9.0601,10541
2019-05-10,9.5475,9.8,10.62,9.5475,3577
2019-05-13,10.37,8.7,10.37,8.7,9168
2019-05-14,8.9099,8.37,9.06,8.23,33411
2019-05-15,8.0,8.04,8.31,7.5538,22585
2019-05-16,8.24,8.22,9.0166,7.81,27906
2019-05-17,8.0,7.52,8.12,7.51,5552
2019-05-20,7.77,7.96,8.16,7.65,2463
2019-05-21,7.93,7.56,7.93,7.56,514
2019-05-22,7.5001,7.5301,7.9,7.5001,3175
2019-05-23,7.53,7.65,8.28,7.39,7849
2019-05-24,7.6809,7.65,7.6809,7.65,1098
2019-05-28,8.18,7.5,8.18,7.5,5327
2019-05-29,7.555,7.9439,7.9439,7.429,1336
2019-05-30,7.72,7.81,7.9053,7.4598,13832
2019-05-31,7.91,7.52,8.1154,7.3,5523
2019-06-03,8.3,7.98,8.3,7.68,3936
2019-06-04,7.79,8.1467,8.1899,7.75,1776
2019-06-05,8.0,7.85,8.1899,7.44,18389
2019-06-06,7.75,8.01,8.01,7.4544,2350
2019-06-07,7.9624,7.9,8.859,7.8288,5927
2019-06-10,8.4,8.0507,8.4,7.6047,4403
2019-06-11,8.355,7.95,8.8,7.95,4880
2019-06-12,8.4,8.5,8.5,8.01,4578
2019-06-13,8.51,8.48,8.51,8.48,477
2019-06-14,8.52,8.46,8.52,8.04,2328
2019-06-17,8.23,8.7898,8.8509,7.7219,2366
2019-06-18,8.768,9.14,9.93,8.5682,6754
2019-06-19,9.15,9.15,9.15,9.15,256
2019-06-20,8.905,9.32,9.4,8.9,1100
2019-06-21,NaN,9.32,NaN,NaN,58
2019-06-24,NaN,9.32,NaN,NaN,293
2019-06-25,9.44,10.032,11.48,9.28,37004
2019-06-26,10.4122,9.5,11.3,9.15,10287
2019-06-27,8.6001,9.35,9.61,8.6001,1634
2019-06-28,9.15,8.675,9.54,8.4,9819
2019-07-01,10.26,9.05,10.26,8.75,6925
2019-07-02,9.23,9.4935,9.4935,9.19,638
2019-07-03,9.0253,8.85,9.0253,8.85,689
2019-07-05,8.85,8.54,8.98,8.15,28142
2019-07-08,8.44,8.3352,8.45,8.0124,3457
2019-07-09,8.1101,8.4718,8.4718,7.76,7796
2019-07-10,8.14,8.27,8.7775,7.9964,836
2019-07-11,7.9716,7.91,7.9716,7.91,610
2019-07-12,8.1,8.02,8.2,7.6667,1982
2019-07-15,7.5602,7.8722,7.9,7.5602,978
2019-07-16,7.65,7.57,7.7852,7.57,4947
2019-07-17,7.7,7.9866,8.1971,7.7,1393
2019-07-18,7.507,7.9225,8.18,7.507,2995
2019-07-19,8.1325,7.7174,8.1325,7.7174,783
2019-07-22,7.55,7.56,7.56,7.5,1448
2019-07-23,7.7,7.5124,7.995,7.5,1650
2019-07-24,7.5,7.5,7.9099,7.5,4791
2019-07-25,7.7,7.6,7.7,7.5375,430
2019-07-26,7.55,7.1665,7.55,6.351,1338
2019-07-29,7.09,7.56,7.56,7.09,503
2019-07-30,7.17,7.55,7.55,7.17,606
2019-07-31,7.26,7.5451,7.5451,7.26,414
2019-08-01,7.13,7.01,7.4,6.94,10895
2019-08-02,7.1407,6.8,7.24,6.5,3356
2019-08-05,7.37,6.6008,7.37,6.6008,2146
2019-08-06,6.71,7.01,7.13,6.71,3639
2019-08-07,6.9,6.73,7.1559,6.6675,7803
2019-08-08,6.83,6.6159,6.9,6.5273,2208
2019-08-09,6.803,6.5753,7.1,6.5753,1740
2019-08-12,6.9939,6.8912,6.9939,6.5001,911
2019-08-13,6.79,6.79,6.79,6.79,542
2019-08-14,6.7,6.6494,6.9714,6.6494,633
2019-08-15,7.0307,7.0,7.0307,6.6138,1099
2019-08-16,7.0789,8.0431,8.0431,7.0773,7529
2019-08-19,8.1674,8.135,8.3,7.06,3734
2019-08-20,8.15,8.49,8.49,7.72,888
2019-08-21,8.74,8.475,8.76,8.02,1975
2019-08-22,7.5,8.1624,8.2225,7.5,596
2019-08-23,8.47,8.47,8.47,8.47,167
2019-08-26,8.1894,8.7,8.7,8.1894,321
2019-08-27,8.38,7.985,8.38,7.3948,2151
2019-08-28,8.48,8.63,8.84,8.0,2158
2019-08-29,7.8893,8.0968,8.0968,7.8893,3249
2019-08-30,7.6812,7.9,8.0,7.3466,1855
2019-09-03,7.52,8.0549,8.0549,7.52,634
2019-09-04,NaN,8.0549,NaN,NaN,21
2019-09-05,7.9,8.5426,8.5426,7.7101,1879
2019-09-06,8.6,7.805,8.6,7.34,2663
2019-09-09,7.7304,7.51,7.8018,7.51,1836
2019-09-10,7.825,7.5698,7.825,7.1569,668
2019-09-11,8.1,7.7632,8.1,7.59,316
2019-09-12,7.6755,8.0,8.44,7.21,1675
2019-09-13,NaN,8.0,NaN,NaN,453
2019-09-16,7.1462,7.1462,7.1462,7.1462,684
2019-09-17,7.5416,7.19,7.5416,7.19,476
2019-09-18,7.5601,7.374,7.5601,7.16,1381
2019-09-19,7.5071,7.4,7.5071,7.1128,561
2019-09-20,6.66,7.4,7.72,6.66,1004
2019-09-23,NaN,7.4,NaN,NaN,20
2019-09-24,7.347,7.3431,7.347,7.3431,519
2019-09-25,7.25,7.25,7.25,7.25,189
2019-09-26,7.4598,7.13,7.4598,6.93,7696
2019-09-27,7.42,7.35,7.42,7.0877,1731
2019-09-30,6.67,6.835,7.2,6.67,7738
2019-10-01,6.8,6.92,6.92,6.8,1203
2019-10-02,6.7,6.67,6.71,6.66,1206
2019-10-03,6.66,6.5946,6.66,6.5,7898
2019-10-04,6.58,6.6136,6.6136,6.58,1448
2019-10-07,6.8,7.2405,7.2822,6.8,6305
2019-10-08,7.3,7.3,7.3,7.3,118
2019-10-09,7.4,7.2162,7.5,7.1084,518
2019-10-10,7.1964,7.38,7.38,6.9624,592
2019-10-11,7.28,7.2,7.3,6.9928,1827
2019-10-14,7.1204,7.3,7.3,6.8304,4619
2019-10-15,6.875,7.1,7.2299,6.875,1164
2019-10-16,6.87,7.0,7.09,6.7,715
2019-10-17,6.71,7.2001,7.23,6.6504,3412
2019-10-18,7.0,7.01,7.2635,7.0,802
2019-10-21,6.81,7.05,7.05,6.81,756
2019-10-22,7.2,7.2,7.2,7.2,106
2019-10-23,7.18,7.18,7.18,7.18,1166
2019-10-24,6.9,6.85,7.2,6.7271,2170
2019-10-25,6.86,6.9427,7.25,6.85,1438
2019-10-28,6.9138,6.94,6.94,6.8968,1186
2019-10-29,7.0351,7.0351,7.0351,7.0351,114
2019-10-30,6.9418,6.9749,6.9749,6.9418,451
2019-10-31,6.8,7.1,7.1,6.735,9613
2019-11-01,6.86,6.8894,7.04,6.81,719
2019-11-04,7.1467,7.1467,7.1467,7.1467,141
2019-11-05,7.01,7.1834,7.1834,7.01,1040
2019-11-06,6.817,7.1411,7.1411,6.817,781
2019-11-07,6.5575,7.06,7.1,6.5575,1511
2019-11-08,NaN,7.06,NaN,NaN,277
2019-11-11,6.7648,6.9004,6.9004,6.657,902
2019-11-12,7.1422,6.8,7.1422,6.8,1190
2019-11-13,6.8988,6.895,6.8988,6.801,1107
2019-11-14,6.8,6.9596,6.9596,6.5,4028
2019-11-15,6.9,6.75,6.94,6.5,6460
2019-11-18,NaN,6.75,NaN,NaN,160
2019-11-19,6.23,6.4984,6.5,6.184,1262
2019-11-20,6.4583,6.58,6.58,5.44,23147
2019-11-21,6.58,8.1927,8.3,6.58,14878
2019-11-22,8.2,8.18,8.71,7.3003,5668
2019-11-25,NaN,8.18,NaN,NaN,165
2019-11-26,7.2,7.7264,7.88,7.2,3352
2019-11-27,NaN,7.7264,NaN,NaN,65
2019-11-29,NaN,7.7264,NaN,NaN,231
2019-12-02,NaN,7.7264,NaN,NaN,234
2019-12-03,NaN,7.7264,NaN,NaN,5
2019-12-04,7.02,7.7139,7.7139,7.0,3612
2019-12-05,NaN,7.7139,NaN,NaN,67
2019-12-06,7.1513,7.5549,7.75,7.1513,6103
2019-12-09,7.0001,7.24,7.24,6.882,1583
2019-12-10,7.1459,7.57,7.57,7.0,1207
2019-12-11,7.01,7.4088,7.5,6.8,4147
2019-12-12,7.1932,7.71,7.71,7.1932,846
2019-12-13,NaN,7.71,NaN,NaN,10
2019-12-16,6.5,7.42,7.5,6.5,4795
2019-12-17,7.66,7.66,7.66,7.66,102
2019-12-18,7.0,7.0,7.0,7.0,452
2019-12-19,7.6457,7.5865,7.6793,7.0,1439
2019-12-20,6.7694,7.6477,7.6477,6.7694,1164
2019-12-23,7.7,9.8437,10.15,7.5,36912
2019-12-24,10.0,9.4,11.8185,9.05,25513
2019-12-26,9.97,8.99,10.8899,8.73,8024
2019-12-27,8.99,8.6389,8.99,8.5,4508
2019-12-30,8.7,9.49,9.794,8.5,4360
2019-12-31,9.18,9.18,9.18,8.8031,1650
2020-01-02,8.99,9.3558,9.4813,8.53,840
2020-01-03,9.11,9.12,9.12,9.11,541
2020-01-06,8.38,9.1094,9.191,8.1062,3204
2020-01-07,8.7,8.6684,8.7881,8.2507,6486
2020-01-08,8.26,8.48,9.34,8.26,30526
2020-01-09,8.33,9.094,9.2253,8.33,2483
2020-01-10,9.07,9.0,9.2975,8.4,20003
2020-01-13,8.61,8.937,9.067,8.6,2588
2020-01-14,9.0,9.236,9.5966,8.9252,5528
2020-01-15,8.88,9.6522,9.8,8.76,6798
2020-01-16,9.8569,8.985,9.8977,8.5501,23501
2020-01-17,9.65,9.195,9.65,8.7101,5139
2020-01-21,9.175,8.73,9.1755,8.7148,1610
2020-01-22,8.88,8.7772,9.03,8.5425,10031
2020-01-23,9.1555,8.7772,9.1555,8.6631,1370
2020-01-24,8.55,7.9474,8.59,7.7224,7246
2020-01-27,7.8187,8.3168,8.3179,7.8187,1453
2020-01-28,8.383,8.383,8.383,8.383,190
2020-01-29,NaN,8.383,NaN,NaN,100
2020-01-30,7.87,8.4745,8.4745,7.87,589
2020-01-31,NaN,8.4745,NaN,NaN,40
2020-02-03,8.0,7.9955,8.1023,7.5,3964
2020-02-04,7.9157,7.4465,8.2434,7.22,5255
2020-02-05,7.658,7.72,8.1585,7.5,1941
2020-02-06,NaN,7.72,NaN,NaN,148
2020-02-07,7.59,7.95,8.4971,7.55,11131
2020-02-10,8.2581,7.8535,8.2581,7.5517,5772
2020-02-11,7.8,7.9962,7.9962,7.8,244
2020-02-12,7.5066,7.8277,7.8277,7.45,1367
2020-02-13,7.38,7.68,7.8075,7.25,11727
2020-02-14,7.1959,6.6,7.48,6.6,16260
2020-02-18,6.5,6.2005,6.75,6.1,8797
2020-02-19,6.2001,6.4,6.6061,6.2001,1717
2020-02-20,6.5,6.5166,6.5166,6.4844,702
2020-02-21,6.6072,6.4665,6.6072,6.4,396
2020-02-24,6.2,6.274,6.3,5.58,2374
2020-02-25,5.62,6.1,6.67,5.2668,10507
2020-02-26,5.609,5.908,6.69,5.609,8660
2020-02-27,5.6,5.145,5.6,4.85,15172
2020-02-28,4.99,5.0796,5.297,4.8401,12509
2020-03-02,4.77,5.0174,5.24,4.77,2159
2020-03-03,5.49,5.04,5.49,4.85,3273
2020-03-04,5.23,5.1766,5.2689,5.0611,4575
2020-03-05,4.9182,4.85,5.0317,4.6545,3771
2020-03-06,4.7,4.867,4.93,4.472,3694
2020-03-09,4.05,4.3603,4.75,4.01,7146
2020-03-10,3.78,4.4527,4.9145,3.78,5693
2020-03-11,4.44,4.15,4.4645,3.66,14746
2020-03-12,2.99,3.57,4.35,2.99,4064
2020-03-13,4.14,3.8428,4.14,3.31,4747
2020-03-16,3.75,3.44,3.857,3.2126,5020
2020-03-17,3.79,3.3826,3.79,3.3826,1379
2020-03-18,3.56,3.1,3.56,2.93,1870
2020-03-19,3.15,3.14,3.21,2.64,58371
2020-03-20,3.14,2.69,3.14,2.65,8297
2020-03-23,2.65,2.95,3.0899,2.65,14424
2020-03-24,2.96,2.8921,3.0587,2.6,21444
2020-03-25,3.109,3.16,3.5088,2.8172,17826
2020-03-26,3.19,2.86,3.19,2.86,9889
2020-03-27,2.86,3.3,3.45,2.6,49319
2020-03-30,3.12,2.97,3.47,2.87,6136
2020-03-31,3.15,3.1641,3.8,2.8766,35575
2020-04-01,3.101,3.0,3.29,3.0,9079
2020-04-02,3.21,3.5236,3.7,2.88,13574
2020-04-03,3.31,3.67,3.67,3.07,8496
2020-04-06,3.75,3.58,3.7894,3.35,5889
2020-04-07,3.46,3.275,3.5,3.1,16560
2020-04-08,3.49,3.38,3.49,3.32,1764
2020-04-09,3.55,3.35,3.55,3.26,2378
2020-04-13,3.55,3.5,3.55,3.15,2425
2020-04-14,3.3005,3.42,3.51,3.3005,10500
2020-04-15,3.4,3.51,3.54,3.2,2511
2020-04-16,3.4799,3.52,3.52,3.3562,1923
2020-04-17,3.3951,3.49,3.63,3.35,5108
2020-04-20,3.4,3.5,3.52,3.37,2499
2020-04-21,3.5,4.54,4.54,3.0502,100795
2020-04-22,4.45,3.9472,5.24,3.75,78028
2020-04-23,4.33,3.8295,4.33,3.4,10068
2020-04-24,3.75,3.45,3.8949,3.4087,11340
2020-04-27,3.47,3.43,3.86,3.3101,17241
2020-04-28,3.42,3.3338,3.67,3.1202,13316
2020-04-29,3.29,3.33,3.67,3.29,22197
2020-04-30,3.5,3.34,3.5,3.13,4040
2020-05-01,3.3,3.1201,3.3,3.1104,4726
2020-05-04,3.2702,3.14,3.3632,2.93,23532
2020-05-05,3.24,3.61,3.7,3.0973,108456
2020-05-06,3.61,3.35,4.2,3.1,145752
2020-05-07,3.02,3.34,3.78,3.0,52513
2020-05-08,3.25,3.4,3.5,3.25,10115
2020-05-11,3.38,3.275,3.41,3.13,12383
2020-05-12,3.335,3.1533,3.4099,3.15,5898
2020-05-13,3.245,3.385,3.89,3.04,172191
2020-05-14,3.73,3.51,3.92,3.3003,91554
2020-05-15,3.45,3.21,3.5,3.1208,59642
2020-05-18,3.39,3.525,3.63,3.2,36966
2020-05-19,3.28,3.39,3.54,3.26,29072
2020-05-20,3.4001,3.52,3.6,3.4001,37518
2020-05-21,3.505,3.41,3.65,3.09,31305
2020-05-22,3.3,3.361,3.49,3.21,10064
2020-05-26,3.37,3.57,3.57,3.3,29383
2020-05-27,3.49,3.755,3.96,3.38,90277
2020-05-28,3.8,3.71,4.37,3.5977,113953
2020-05-29,3.72,3.6,3.72,3.55,9310
2020-06-01,3.575,3.65,4.15,3.5604,56914
2020-06-02,3.81,3.5,3.84,3.44,142875
2020-06-03,3.5,3.59,3.72,3.23,248932
2020-06-04,3.75,3.94,4.4,3.6,393383
2020-06-05,3.85,3.48,3.85,3.3,190725
2020-06-08,3.48,3.51,3.7,3.4301,54072
2020-06-09,3.42,3.57,3.67,3.42,37549
2020-06-10,3.53,3.8,4.4,3.53,364844
2020-06-11,4.02,3.48,4.1,3.46,176390
2020-06-12,3.58,3.8594,4.09,3.5,119742
2020-06-15,4.0,4.14,4.68,3.6,364354
2020-06-16,4.06,4.4,4.53,3.89,680075
2020-06-17,8.0,5.5,13.31,5.28,4575452
2020-06-18,5.1,5.95,6.13,4.83,460723
2020-06-19,5.53,5.25,5.755,4.78,207210
2020-06-22,4.92,4.88,5.24,4.76,74489
2020-06-23,4.77,4.63,4.95,4.56,89440
2020-06-24,4.54,3.9,4.56,3.87,113380
2020-06-25,3.91,4.34,4.38,3.91,84126
2020-06-26,4.3,3.85,4.31,3.7,66627
2020-06-29,3.8,3.5,3.9999,3.3,95583
2020-06-30,3.45,3.69,3.8499,3.38,92879
2020-07-01,3.6,3.72,3.8,3.48,47616
2020-07-02,3.67,3.76,4.0,3.57,53366
2020-07-06,3.7,3.76,3.8599,3.61,47249
2020-07-07,3.67,3.82,3.88,3.67,16816
2020-07-08,3.75,3.83,3.84,3.66,25437
2020-07-09,3.74,3.76,3.89,3.67,15224
2020-07-10,3.85,3.61,3.85,3.53,22959
2020-07-13,3.62,3.47,3.7799,3.3795,35299
2020-07-14,3.39,3.47,3.51,3.39,12695
2020-07-15,3.47,3.54,3.61,3.4,18254
2020-07-16,3.45,3.76,4.23,3.45,218811
2020-07-17,3.68,3.64,3.839,3.57,26388
2020-07-20,3.62,3.63,3.85,3.5659,25742
2020-07-21,3.64,3.55,3.68,3.52,17061
2020-07-22,3.51,3.77,3.85,3.5002,35024
2020-07-23,3.85,3.6,3.85,3.55,24165
2020-07-24,3.77,3.52,3.77,3.4,20679
2020-07-27,3.51,3.53,3.78,3.51,12633
2020-07-28,3.51,3.52,3.61,3.51,6137
2020-07-29,3.6899,3.51,3.6899,3.49,10256
2020-07-30,3.6163,3.59,3.85,3.51,57972
2020-07-31,3.55,3.49,3.61,3.41,28780
2020-08-03,3.5488,3.49,3.6799,3.4589,8585
2020-08-04,3.59,3.68,3.82,3.59,43575
2020-08-05,3.78,3.8691,3.88,3.67,26837
2020-08-06,3.81,4.6401,4.7998,3.78,290815
2020-08-07,4.5,4.01,4.81,3.91,143572
2020-08-10,4.06,4.01,4.37,3.91,32768
2020-08-11,4.14,3.83,4.14,3.83,64560
2020-08-12,3.94,4.14,4.175,3.83,48444
2020-08-13,4.18,3.81,4.26,3.81,38209
2020-08-14,4.05,3.73,4.05,3.61,22973
2020-08-17,3.8,3.78,3.9,3.6501,12802
2020-08-18,3.7,3.67,3.8,3.6,20319
2020-08-19,3.67,3.52,3.69,3.52,13057
2020-08-20,3.53,3.52,3.68,3.5,17418
2020-08-21,3.59,3.53,3.61,3.51,11868
2020-08-24,3.63,3.35,3.63,3.3064,29159
2020-08-25,3.29,3.36,3.4861,3.29,8915
2020-08-26,3.43,3.5,3.5,3.2801,5799
2020-08-27,3.39,3.61,3.67,3.3021,42579
2020-08-28,3.69,3.46,3.69,3.43,9328
2020-08-31,3.37,3.47,3.62,3.37,10010
2020-09-01,3.5,3.9,4.16,3.39,107285
2020-09-02,4.035,3.98,4.035,3.72,17592
2020-09-03,3.79,3.99,4.0,3.7,23748
2020-09-04,3.85,3.88,3.91,3.43,15548
2020-09-08,3.81,3.61,3.86,3.61,19625
2020-09-09,3.69,3.64,3.87,3.62,19959
2020-09-10,3.68,3.65,3.75,3.6,15390
2020-09-11,3.675,3.65,3.676,3.524,2677
2020-09-14,3.62,3.67,3.7,3.6,9387
2020-09-15,3.75,3.67,3.8,3.67,9945
2020-09-16,3.72,3.7464,3.8443,3.665,14400
2020-09-17,3.69,3.75,4.05,3.685,47049
2020-09-18,3.7045,3.94,4.0465,3.7001,31234
2020-09-21,4.06,3.8,4.1368,3.8,20087
2020-09-22,3.97,3.95,3.97,3.9,3584
2020-09-23,3.89,3.6,4.158,3.56,34504
2020-09-24,3.57,3.78,3.86,3.54,18669
2020-09-25,3.75,3.8,3.96,3.75,6324
2020-09-28,3.93,3.7553,3.93,3.75,16410
2020-09-29,3.7619,3.61,3.77,3.57,26122
2020-09-30,3.63,3.76,4.04,3.62,72245
2020-10-01,3.98,3.73,4.01,3.7,16322
2020-10-02,3.72,3.74,3.91,3.6,27696
2020-10-05,3.7,3.82,3.83,3.7,6712
2020-10-06,3.75,3.99,3.99,3.74,5501
2020-10-07,3.85,4.2,4.88,3.755,463411
2020-10-08,4.17,3.82,4.2799,3.7,51822
2020-10-09,3.82,3.84,3.97,3.781,9875
2020-10-12,3.77,3.847,4.2,3.75,51369
2020-10-13,3.83,3.85,3.92,3.773,5822
2020-10-14,3.85,3.79,3.995,3.79,5565
2020-10-15,3.7682,3.83,3.95,3.7386,20465
2020-10-16,4.0199,4.55,4.7,3.92,470391
2020-10-19,4.31,4.01,4.58,4.01,130686
2020-10-20,4.01,3.93,4.42,3.93,60327
2020-10-21,4.0982,4.01,4.1473,3.97,17981
2020-10-22,4.0899,4.45,4.5699,4.0799,73091
2020-10-23,4.37,4.825,4.825,4.14,269216
2020-10-26,4.6,4.42,4.63,4.163,149285
2020-10-27,4.3,4.12,4.4121,4.03,48575
2020-10-28,4.24,3.97,4.24,3.78,68295
2020-10-29,3.93,3.99,4.075,3.7915,32003
2020-10-30,3.8488,3.81,3.96,3.8,9541
2020-11-02,3.8722,3.88,3.96,3.79,18993
2020-11-03,3.95,4.0,4.1,3.9,15340
2020-11-04,4.0,4.14,4.15,4.0,17041
2020-11-05,4.14,4.61,4.7257,3.98,185848
2020-11-06,4.19,4.19,4.645,4.08,44929
2020-11-09,4.19,4.04,4.3,4.04,22823
2020-11-10,4.0901,4.2,4.4096,4.0901,41626
2020-11-11,4.5,4.295,4.5,4.23,6059
2020-11-12,4.26,4.29,4.415,4.09,14365
2020-11-13,4.23,4.15,4.233,4.13,13047
2020-11-16,4.37,4.29,4.37,4.1955,25678
2020-11-17,4.37,4.22,4.3887,4.176,10240
2020-11-18,4.265,4.3,4.4,4.2,33370
2020-11-19,4.3,4.39,4.6894,4.3,125474
2020-11-20,4.35,5.07,5.6491,4.35,719701
2020-11-23,4.9,4.67,4.925,4.48,100563
2020-11-24,4.59,4.66,4.8633,4.5236,52890
2020-11-25,4.57,4.55,4.89,4.35,107369
2020-11-27,4.55,4.37,4.6,4.32,37935
2020-11-30,4.6,4.6,4.61,4.36,31570
2020-12-01,4.48,4.49,4.58,4.42,38617
2020-12-02,4.41,4.23,4.41,4.18,32265
2020-12-03,4.27,4.17,4.3,4.17,12162
2020-12-04,4.35,4.19,4.38,4.18,13174
2020-12-07,4.21,4.23,4.305,4.13,15965
2020-12-08,4.23,4.34,4.4899,4.1507,286065
2020-12-09,4.4,4.18,4.41,4.16,103503
2020-12-10,4.15,4.2,4.25,4.14,33241
2020-12-11,4.3,4.15,4.3,4.13,21581
2020-12-14,4.2,4.0,4.25,3.99,60690
2020-12-15,4.05,3.97,4.05,3.82,33241
2020-12-16,3.87,3.9,3.96,3.8509,8700
2020-12-17,4.02,3.91,4.38,3.905,364958
2020-12-18,4.03,4.05,4.109,3.95,35736
2020-12-21,4.0,4.1,4.3,3.92,160097
2020-12-22,4.15,4.04,4.15,4.01,45314
2020-12-23,4.14,4.04,4.2,3.99,73800
2020-12-24,4.02,3.96,4.0532,3.9,15166
2020-12-28,3.95,3.95,4.65,3.8,515564
2020-12-29,5.63,4.41,6.9,4.0,5330838
2020-12-30,4.17,4.15,4.38,3.8,559678
2020-12-31,4.09,3.9,4.24,3.86,548924
2021-01-04,3.89,3.67,4.19,3.59,206000
2021-01-05,3.63,3.75,3.8365,3.63,77883
2021-01-06,3.76,3.83,4.18,3.75,600206
2021-01-07,3.81,4.49,4.93,3.81,2257065
2021-01-08,4.105,4.29,4.5699,3.92,698924
2021-01-11,4.15,4.18,4.43,4.0701,354922
2021-01-12,4.24,4.14,4.381,4.13,294467
2021-01-13,4.19,4.19,4.32,4.16,137196
2021-01-14,4.23,4.25,4.56,4.21,421993
2021-01-15,4.25,4.05,4.25,4.05,169255
2021-01-19,4.12,4.2,4.22,4.09,69242
2021-01-20,4.17,4.01,4.2115,3.94,114145
2021-01-21,4.02,4.07,4.1914,4.0101,58977
2021-01-22,4.1,4.2,4.28,4.0137,173089
2021-01-25,4.14,4.12,4.27,4.05,116719
2021-01-26,4.15,4.34,4.6,4.15,560949
2021-01-27,4.26,4.35,4.9096,4.11,651103
2021-01-28,4.35,4.58,5.5,4.22,1150509
2021-01-29,4.71,5.11,5.3599,4.2,1056105
2021-02-01,6.84,5.96,8.9,5.61,16464418
2021-02-02,5.24,5.23,5.35,4.65,943528
2021-02-03,5.09,5.02,5.81,4.82,1203248
2021-02-04,5.2,5.07,5.35,4.9418,307217
2021-02-05,5.05,5.06,5.2319,4.98,339888
2021-02-08,5.02,5.29,5.35,4.9,317960
2021-02-09,5.29,5.33,5.43,5.1013,204098
2021-02-10,5.33,5.2,5.58,4.97,332464
2021-02-11,5.28,5.07,5.37,5.04,87377
2021-02-12,5.15,5.21,5.39,5.055,269024
2021-02-16,5.35,5.58,5.7,5.33,182144
2021-02-17,5.66,6.12,6.3236,5.6,684085
2021-02-18,5.79,5.35,5.94,5.35,358405
2021-02-19,5.52,5.52,5.88,5.39,56477
2021-02-22,5.49,5.48,5.76,5.4,233626
2021-02-23,5.2,4.59,5.24,4.59,256651
2021-02-24,4.7,4.83,5.057,4.7,100739
2021-02-25,4.71,4.43,4.82,4.34,94286
2021-02-26,4.45,4.38,4.64,4.3,56457
2021-03-01,4.47,4.69,4.7893,4.47,37229
2021-03-02,4.69,4.66,4.92,4.6547,166720
2021-03-03,4.75,4.41,4.75,4.39,43468
2021-03-04,4.31,3.9,4.5479,3.88,103850
2021-03-05,4.05,3.86,4.05,3.7,65460
2021-03-08,3.88,4.01,4.38,3.88,62705
2021-03-09,4.22,4.12,4.28,4.1,21439
2021-03-10,4.15,4.38,4.45,4.14,37461
2021-03-11,4.36,4.74,4.8499,4.36,355878
2021-03-12,4.71,4.63,4.74,4.5703,30143
2021-03-15,4.63,5.58,6.48,4.61,1563243
2021-03-16,5.4,4.67,5.48,4.605,624138
2021-03-17,4.54,8.4,9.59,4.38,27117065
2021-03-18,8.06,6.51,8.94,6.11,8957844
2021-03-19,6.84,7.37,8.33,6.5,3772177
2021-03-22,6.8,9.25,10.1223,5.85,19335825
2021-03-23,8.8,7.3,10.67,6.9,15201102
2021-03-24,7.44,6.96,8.18,6.74,2747630
2021-03-25,6.42,6.59,7.0,6.3,1558942
2021-03-26,6.56,5.93,6.76,5.62,1229485
2021-03-29,5.76,5.5,6.05,5.4076,736463
2021-03-30,5.5,5.54,5.84,5.28,775707
2021-03-31,5.62,5.61,6.15,5.53,618849
2021-04-01,5.7,5.91,6.75,5.54,2325736
2021-04-05,5.91,5.68,6.35,5.47,1832711
2021-04-06,5.73,5.67,5.84,5.55,705670
2021-04-07,5.5,5.63,6.23,5.4,2623900
2021-04-08,5.54,5.55,5.82,5.45,401495
2021-04-09,5.6,5.5,5.78,5.5,412339
2021-04-12,5.57,4.82,5.6,4.82,575430
2021-04-13,4.81,4.7,4.99,4.61,418389
2021-04-14,4.59,4.79,5.13,4.55,554874
2021-04-15,4.8,5.0,5.1289,4.7,342345
2021-04-16,4.93,4.79,5.0,4.73,288328
2021-04-19,4.74,4.68,4.81,4.5,365299
2021-04-20,4.64,4.23,4.95,4.06,1005298
2021-04-21,4.22,4.41,4.45,4.2,203780
2021-04-22,4.45,4.31,4.87,4.2535,772040
2021-04-23,4.5825,4.66,5.1,4.33,630645
2021-04-26,4.68,4.75,4.94,4.51,331603
2021-04-27,4.82,4.72,4.85,4.65,110153
2021-04-28,4.64,4.71,4.77,4.63,86956
2021-04-29,4.8,4.62,4.86,4.56,351272
2021-04-30,4.55,4.38,4.68,4.35,176339
2021-05-03,4.42,4.32,4.4605,4.25,140788
2021-05-04,4.33,4.25,4.39,4.16,115316
2021-05-05,4.25,4.35,4.57,4.19,197449
2021-05-06,4.36,4.87,5.2,4.2217,1962561
2021-05-07,4.73,4.37,4.79,4.3301,407184
2021-05-10,4.29,3.96,4.3416,3.96,472754
2021-05-11,3.92,3.85,3.99,3.6301,313483
2021-05-12,3.84,3.56,3.905,3.51,198399
2021-05-13,3.68,3.38,3.7,3.305,129808
2021-05-14,3.49,3.6,3.73,3.37,215603
2021-05-17,3.55,3.75,3.79,3.55,40631
2021-05-18,3.76,3.72,3.8929,3.6201,164903
2021-05-19,3.6,3.64,3.65,3.478,66583
2021-05-20,3.62,3.75,3.78,3.5188,133852
2021-05-21,3.77,3.9,3.93,3.7,172756
2021-05-24,3.9,3.86,4.01,3.72,156262
2021-05-25,3.84,3.96,4.14,3.82,315837
2021-05-26,4.08,4.14,4.238,3.96,427814
2021-05-27,4.11,4.01,4.27,4.0,214637
2021-05-28,4.01,4.03,4.16,3.87,272291
2021-06-01,4.03,4.4,4.7,3.85,688575
2021-06-02,4.34,4.3,4.42,4.08,330175
2021-06-03,4.15,4.13,4.48,4.1101,192683
2021-06-04,4.13,4.8,5.75,4.13,5292994
2021-06-07,4.76,4.85,5.26,4.57,861242
2021-06-08,4.85,4.86,4.9899,4.68,387032
2021-06-09,4.9,4.9,5.6099,4.73,2092996
2021-06-10,4.89,4.84,5.2,4.8,338902
2021-06-11,4.84,4.65,5.02,4.6,605281
2021-06-14,4.65,4.83,4.9,4.6,249456
2021-06-15,4.81,4.55,4.81,4.55,101931
2021-06-16,4.55,4.5,4.7,4.38,210743
2021-06-17,4.5,4.38,4.6,4.3,189541
2021-06-18,4.3,4.24,4.39,4.2,73022
2021-06-21,4.25,4.15,4.34,4.15,110193
2021-06-22,4.2,4.21,4.3288,4.15,52831
2021-06-23,4.16,4.36,4.5,4.16,103864
2021-06-24,4.46,4.47,4.5,4.3801,29026
2021-06-25,4.48,4.48,4.58,4.45,51362
2021-06-28,4.42,4.39,4.75,4.33,71869
2021-06-29,4.37,4.47,4.7242,4.35,470425
2021-06-30,4.57,4.92,5.09,4.5,1147955
2021-07-01,4.97,4.45,5.0,4.34,526541
2021-07-02,4.45,4.07,4.4749,4.06,291394
2021-07-06,4.04,3.78,4.11,3.4225,567393
2021-07-07,3.86,3.7,3.95,3.64,87835
2021-07-08,3.5,3.62,4.15,3.5,568006
2021-07-09,3.66,4.04,5.05,3.65,8859352
2021-07-12,3.97,5.04,5.2799,3.9461,16669697
2021-07-13,4.74,4.41,6.6,4.05,20996269
2021-07-14,4.2,3.79,4.3629,3.7,1171157
2021-07-15,3.87,3.99,4.2995,3.75,866628
2021-07-16,3.92,3.77,4.0665,3.76,326739
2021-07-19,3.78,3.83,3.88,3.68,196197
2021-07-20,3.98,3.95,3.98,3.81,161930
2021-07-21,3.9,4.09,4.16,3.8858,408668
2021-07-22,4.2,3.93,4.2,3.91,179056
2021-07-23,4.08,3.84,4.08,3.8,212351
2021-07-26,3.88,3.99,4.06,3.8,479322
2021-07-27,3.86,3.9,3.99,3.8291,156151
2021-07-28,3.9,4.0,4.01,3.9,104787
2021-07-29,3.99,3.99,4.04,3.9152,66332
2021-07-30,3.94,4.07,4.12,3.94,157874
2021-08-02,4.09,4.27,5.17,4.02,5438421
2021-08-03,4.14,3.86,4.19,3.81,509510
2021-08-04,3.86,3.9,4.03,3.86,189186
2021-08-05,3.99,4.05,4.07,3.95,106739
2021-08-06,4.08,4.04,4.15,4.0,167670
2021-08-09,4.05,4.13,4.2199,4.01,144779
2021-08-10,4.15,4.2,4.22,4.01,172399
2021-08-11,4.26,4.15,4.26,4.07,71350
2021-08-12,4.21,4.19,4.24,4.11,49274
2021-08-13,4.25,4.13,4.4,4.1,144625
2021-08-16,4.15,4.01,4.185,3.96,91889
2021-08-17,4.01,4.05,4.165,3.95,331961
2021-08-18,4.02,4.13,4.19,4.016,96980
2021-08-19,4.06,3.85,4.07,3.83,299016
2021-08-20,3.9,4.06,4.08,3.9,83838
2021-08-23,4.07,4.2,4.3,3.99,216138
2021-08-24,4.17,4.33,4.46,4.16,422317
2021-08-25,4.29,4.45,4.54,4.28,266504
2021-08-26,4.48,4.6,4.73,4.3,332220
2021-08-27,4.59,4.83,4.92,4.57,344896
2021-08-30,4.81,4.88,4.96,4.8,99830
2021-08-31,4.86,4.95,4.97,4.7,116105
2021-09-01,4.98,4.92,5.09,4.91,207774
2021-09-02,4.97,5.11,5.28,4.97,122947
2021-09-03,5.06,5.14,5.18,5.03,56994
2021-09-07,5.13,5.21,5.29,5.13,82598
2021-09-08,5.21,5.25,5.3,5.07,215582
2021-09-09,5.24,5.23,5.33,5.1808,105577
2021-09-10,5.3,5.42,5.47,5.27,93747
2021-09-13,5.43,5.52,5.64,5.3801,133279
2021-09-14,5.56,4.87,5.5842,4.82,192263
2021-09-15,4.87,4.89,4.9674,4.75,32499
2021-09-16,4.79,4.85,4.85,4.68,84741
2021-09-17,4.81,4.89,4.96,4.81,40288
2021-09-20,4.7,4.83,4.885,4.7,27466
2021-09-21,4.83,4.71,4.83,4.71,32648
2021-09-22,4.8,4.89,4.89,4.75,51904
2021-09-23,4.828,4.86,4.88,4.8117,4435
2021-09-24,4.87,4.93,4.9899,4.84,15636
2021-09-27,4.92,5.0,5.0,4.92,35602
2021-09-28,4.96,4.89,4.98,4.87,26340
2021-09-29,4.89,4.7,4.9,4.7,28337
2021-09-30,4.71,4.7,4.83,4.6338,16069
2021-10-01,4.72,4.76,4.88,4.71,16084
2021-10-04,4.76,4.73,4.84,4.7,17707
2021-10-05,4.74,4.51,4.785,4.5056,15917
2021-10-06,4.51,4.34,4.5499,4.23,79189
2021-10-07,4.34,4.33,4.4,4.2101,11092
2021-10-08,4.39,4.61,5.08,4.28,152995
2021-10-11,4.5,4.72,4.85,4.49,44770
2021-10-12,4.5,4.91,5.08,4.3,206609
2021-10-13,4.61,4.97,5.1773,4.61,82259
2021-10-14,4.77,4.99,5.2,4.76,161426
2021-10-15,4.82,5.0,5.12,4.82,58970
2021-10-18,4.83,4.96,5.05,4.83,102756
2021-10-19,4.91,4.98,5.09,4.9,171651
2021-10-20,4.94,5.0,5.05,4.94,154708
2021-10-21,4.94,5.04,5.2,4.94,287371
2021-10-22,4.99,5.07,5.9,4.91,950782
2021-10-25,5.03,5.05,5.07,4.99,90979
2021-10-26,5.08,5.23,5.29,5.0,59248
2021-10-27,5.35,5.26,5.3846,5.1291,120996
2021-10-28,5.34,5.24,5.36,5.17,44878
2021-10-29,5.15,5.11,5.19,5.08,29493
2021-11-01,5.16,5.24,5.28,5.061,36588
2021-11-02,5.2,5.1,5.34,5.1,33155
2021-11-03,5.1,5.23,5.25,5.1,12015
2021-11-04,5.29,5.17,5.32,5.17,33552
2021-11-05,5.17,5.1,5.2141,5.08,32094
2021-11-08,5.11,5.09,5.2451,5.0009,63721
2021-11-09,5.12,5.06,5.19,5.02,154399
2021-11-10,5.05,5.14,5.15,5.05,46798
2021-11-11,5.12,5.14,5.15,5.08,59589
2021-11-12,5.1,5.16,5.16,5.09,28208
2021-11-15,5.21,5.07,5.21,5.07,108628
2021-11-16,5.09,5.15,5.1789,5.08,72600
2021-11-17,5.1,5.35,5.41,5.09,59038
2021-11-18,5.33,5.21,5.35,5.2,33155
2021-11-19,5.16,5.25,5.27,5.16,18147
2021-11-22,5.21,5.37,5.45,5.16,68636
2021-11-23,5.33,5.33,5.4128,5.2505,54954
2021-11-24,5.36,5.34,5.379,5.28,18202
2021-11-26,5.24,5.19,5.3197,5.09,86176
2021-11-29,5.2,5.16,5.2,5.14,17954
2021-11-30,5.1,5.11,5.16,5.05,55319
2021-12-01,5.09,4.9,5.18,4.9,83531
2021-12-02,4.9,4.9,4.96,4.7701,67368
2021-12-03,4.94,4.98,4.98,4.87,41133
2021-12-06,4.99,4.95,5.01,4.92,25304
2021-12-07,4.9407,4.86,4.975,4.84,212933
2021-12-08,4.88,4.91,4.98,4.86,44047
2021-12-09,4.94,4.7,4.95,4.7,18309
2021-12-10,4.7,4.665,4.7,4.5601,4261
2021-12-13,4.6,4.49,4.65,4.49,7181
2021-12-14,4.5,4.41,4.579,4.41,19609
2021-12-15,4.53,4.51,4.53,4.35,31162
2021-12-16,4.59,4.28,4.59,4.27,13659
2021-12-17,4.35,4.49,4.5,4.34,18328
2021-12-20,4.42,4.3,4.42,4.3,8592
2021-12-21,4.4,4.42,4.4745,4.34,6279
2021-12-22,4.53,4.38,4.53,4.3,13339
2021-12-23,4.35,4.29,4.47,4.29,16492
2021-12-27,5.0,4.58,5.36,4.45,204944
2021-12-28,4.54,4.6,4.75,4.46,14898
2021-12-29,4.635,4.51,4.635,4.35,15634
2021-12-30,4.47,5.06,7.58,4.47,40122581
2021-12-31,4.72,4.47,4.84,4.4,2109893
2022-01-03,4.414,4.4,4.55,4.28,546849
2022-01-04,4.4,4.46,4.5,4.31,365901
2022-01-05,4.45,4.51,4.58,4.34,303194
2022-01-06,4.42,4.87,4.8982,4.42,374203
2022-01-07,4.83,5.04,5.1,4.8,140485
2022-01-10,5.1,5.48,5.48,5.01,263245
2022-01-11,5.39,6.08,6.15,5.33,494076
2022-01-12,6.02,6.92,7.0886,5.99,777053
2022-01-13,6.96,7.32,7.3899,6.69,596129
2022-01-14,7.13,8.77,8.87,6.84,1996217
2022-01-18,8.77,10.52,10.55,7.92,3850380
2022-01-19,10.09,11.41,11.68,9.03,5992960
2022-01-20,10.86,11.83,11.99,10.15,4024298
2022-01-21,11.38,12.06,12.3207,10.56,2205587
2022-01-24,11.64,10.6,12.24,8.02,3624342
2022-01-25,9.59,8.29,10.39,8.07,1261530
2022-01-26,8.42,7.8,8.7,7.74,468941
2022-01-27,7.89,7.34,7.96,7.25,212284
2022-01-28,7.25,7.5,7.92,6.3707,1907256
2022-01-31,7.35,6.97,7.45,6.78,556243
2022-02-01,7.15,7.38,7.62,6.97,789740
2022-02-02,7.16,6.85,7.39,6.761,278609
2022-02-03,7.05,6.8,7.1591,6.74,36344
2022-02-04,6.96,6.2,7.27,6.12,415717
2022-02-07,6.22,6.36,6.97,6.16,174698
2022-02-08,6.47,6.51,6.66,6.24,164382
2022-02-09,6.71,6.65,6.95,6.476,103849
2022-02-10,6.8,6.84,7.13,6.5701,148847
2022-02-11,6.85,6.55,7.1,6.32,90782
2022-02-14,6.45,6.28,6.68,6.18,78248
2022-02-15,6.39,6.09,7.68,5.9506,5586036
2022-02-16,5.81,5.84,7.37,5.6,2610130
2022-02-17,5.65,5.57,5.76,5.4,107761
2022-02-18,5.5,5.71,5.8,5.36,170050
2022-02-22,5.67,5.75,5.93,5.5101,74610
2022-02-23,5.79,5.67,5.86,5.665,24519
2022-02-24,5.46,5.45,5.6253,5.3,38444
2022-02-25,5.5,5.72,5.96,5.36,117944
2022-02-28,5.64,5.61,5.89,5.51,78310
2022-03-01,5.6001,5.55,5.7,5.48,22784
2022-03-02,5.75,5.79,5.79,5.57,35665
2022-03-03,5.97,5.98,6.13,5.8,64905
2022-03-04,5.85,6.2,6.31,5.85,128730
2022-03-07,6.3699,6.24,6.42,4.88,893284
2022-03-08,6.32,7.0,7.14,6.0633,96870
2022-03-09,7.04,8.01,8.1801,7.04,117022
2022-03-10,7.85,9.38,9.7899,7.85,136784
2022-03-11,9.19,8.32,9.76,7.2,502142
2022-03-14,8.21,8.77,8.99,7.99,163404
2022-03-15,8.59,9.68,9.69,8.232,108062
2022-03-16,9.65,10.8,10.89,9.51,183900
2022-03-17,10.56,9.7,10.59,6.05,2248308
2022-03-18,9.18,10.2,10.48,8.8,137080
2022-03-21,10.0,11.25,11.35,9.8743,127775
2022-03-22,11.3,10.97,11.827,10.44,234028
2022-03-23,10.9,11.48,11.8399,10.69,64713
2022-03-24,11.509,12.88,13.1,11.35,735944
2022-03-25,12.81,15.71,17.4599,12.6,963879
2022-03-28,16.03,17.17,17.31,15.44,201993
2022-03-29,17.07,19.6,19.87,16.61,229476
2022-03-30,19.79,22.51,23.72,19.33,478133
2022-03-31,22.25,31.14,33.2899,17.0001,3441553
2022-04-01,28.6,33.5,38.478,26.0,2864828
2022-04-04,30.01,31.99,33.98,28.16,989296
2022-04-05,28.86,26.12,30.11,25.31,361543
2022-04-06,25.32,20.52,26.05,20.26,611752
2022-04-07,21.4,13.11,24.0552,12.58,4307268
2022-04-08,13.27,8.18,13.9,7.93,2172931
2022-04-11,8.23,6.95,9.24,6.8,2721455
2022-04-12,7.29,6.02,7.47,5.76,1373658
2022-04-13,6.16,5.15,6.61,5.0301,3008994
2022-04-14,5.83,4.55,5.87,4.47,3713958
2022-04-18,4.71,4.5,5.27,4.44,3878923
2022-04-19,4.55,4.39,5.04,4.25,2904373
2022-04-20,4.36,4.44,4.5391,3.96,1838036
2022-04-21,4.28,4.37,4.87,4.22,1552896
2022-04-22,4.3,4.18,4.54,4.15,643764
2022-04-25,4.12,4.05,4.31,4.0,387269
2022-04-26,4.19,4.05,4.19,3.9,601542
2022-04-27,3.98,4.14,4.38,3.98,600672
2022-04-28,4.11,4.43,5.09,4.095,4894948
2022-04-29,4.4,4.05,4.43,4.02,963129
2022-05-02,4.04,4.16,4.2,4.04,567559
2022-05-03,4.1,4.29,4.33,4.07,308846
2022-05-04,4.39,4.56,4.57,4.2102,351423
2022-05-05,4.44,4.45,4.55,4.2716,264193
2022-05-06,4.4,4.33,4.46,4.22,285711
2022-05-09,4.3,4.53,4.5798,4.16,406126
2022-05-10,4.53,4.68,4.829,4.4,459182
2022-05-11,4.71,4.96,5.27,4.57,786845
2022-05-12,5.0,5.1,5.14,4.6601,328089
2022-05-13,5.05,5.31,5.421,4.88,398701
2022-05-16,5.2,5.28,5.7,5.169,394167
2022-05-17,5.28,5.43,5.49,5.12,265682
2022-05-18,5.4507,5.6,5.77,5.33,299789
2022-05-19,5.5,5.64,5.68,5.33,363267
2022-05-20,5.63,5.54,5.77,5.13,500766
2022-05-23,5.6,5.79,6.15,5.5301,545871
2022-05-24,5.84,6.51,6.7,5.62,393847
2022-05-25,6.48,7.28,7.66,6.36,1105807
2022-05-26,7.28,8.12,8.15,7.24,775491
2022-05-27,8.01,9.0,9.22,6.42,2058623
2022-05-31,8.7,8.66,9.34,7.0225,1791396
2022-06-01,8.89,8.02,9.46,7.65,2011364
2022-06-02,7.82,9.92,10.01,7.79,1300477
2022-06-03,9.92,12.19,12.22,9.75,1635654
2022-06-06,12.1,12.28,13.1003,9.4206,4432566
2022-06-07,11.44,11.23,11.839,10.82,898127
2022-06-08,10.95,3.65,13.11,3.6,20666893
2022-06-09,3.64,2.65,3.75,2.57,10382696
2022-06-10,2.42,2.9,3.22,2.35,13404535
2022-06-13,2.65,2.42,2.783,2.35,2140503
2022-06-14,2.42,2.38,2.59,2.32,1596366
2022-06-15,2.37,2.42,2.4699,2.16,1771566
2022-06-16,2.34,2.62,2.65,2.3,1635159
2022-06-17,2.52,2.72,2.76,2.52,782284
2022-06-21,2.81,3.2,3.44,2.81,2438099
2022-06-22,3.21,3.03,3.49,2.95,1848504
2022-06-23,3.05,2.63,3.09,2.5001,1619306
2022-06-24,2.71,2.75,2.87,2.69,669584
2022-06-27,2.83,2.89,2.94,2.77,393707
2022-06-28,2.9,2.89,3.0799,2.85,879665
2022-06-29,2.91,3.6,3.7,2.91,14203875
2022-06-30,3.55,3.86,4.0,3.31,2697628
2022-07-01,3.82,3.93,3.96,3.69,616379
2022-07-05,4.23,4.52,4.5699,4.0456,1866252
2022-07-06,4.58,5.23,5.26,4.52,1836763
2022-07-07,5.23,2.41,5.55,2.1,19552049
2022-07-08,2.29,2.32,2.47,2.25,2883788
2022-07-11,2.32,2.17,2.33,2.14,1952407
2022-07-12,2.13,2.2,2.24,2.12,1398194
2022-07-13,2.12,2.34,2.42,2.12,2156610
2022-07-14,2.3,2.18,2.37,2.165,1147878
2022-07-15,2.19,2.23,2.26,2.1399,768536
2022-07-18,2.24,2.2,2.29,2.1701,955395
2022-07-19,2.2,2.2,2.2703,2.16,857102
2022-07-20,2.2,2.12,2.24,2.11,997505
2022-07-21,2.13,1.98,2.13,1.92,1282370
2022-07-22,1.97,1.74,1.9701,1.71,1462718
2022-07-25,1.75,1.59,1.75,1.53,1433620
2022-07-26,1.55,1.48,1.6199,1.44,936690
2022-07-27,1.48,1.46,1.54,1.31,2478768
2022-07-28,1.46,1.52,1.565,1.46,1059520
2022-07-29,1.59,1.48,1.64,1.47,1262518
2022-08-01,1.46,1.4,1.47,1.36,730994
2022-08-02,1.41,1.72,1.84,1.4,3115130
2022-08-03,1.7,1.66,1.76,1.54,2003881
2022-08-04,1.69,1.79,1.98,1.68,2049913
2022-08-05,1.79,1.73,1.85,1.66,1508443
2022-08-08,1.77,1.83,1.95,1.72,2138987
2022-08-09,1.86,1.72,1.97,1.675,1691099
2022-08-10,1.71,1.73,1.8,1.685,475639
2022-08-11,1.67,1.62,1.78,1.61,682715
2022-08-12,1.65,1.6,1.66,1.6,349617
2022-08-15,1.6,1.6,1.66,1.52,713882
2022-08-16,1.61,1.67,1.73,1.59,664524
2022-08-17,1.65,1.53,1.6668,1.51,551017
2022-08-18,1.53,1.52,1.59,1.51,271229
2022-08-19,1.5261,1.45,1.55,1.4344,358929
2022-08-22,1.42,1.36,1.45,1.36,320378
2022-08-23,1.36,1.37,1.42,1.35,221567
2022-08-24,1.38,1.41,1.46,1.37,252449
2022-08-25,1.4,1.44,1.4492,1.3984,145953
2022-08-26,1.46,1.34,1.48,1.33,312920
2022-08-29,1.35,1.44,1.4628,1.3273,416347
2022-08-30,1.44,1.36,1.44,1.36,155301
2022-08-31,1.3948,1.4,1.44,1.3735,220957
2022-09-01,1.38,1.35,1.415,1.35,99309
2022-09-02,1.35,1.33,1.357,1.2897,307813
2022-09-06,1.32,1.26,1.34,1.2405,327067
2022-09-07,1.25,1.33,1.34,1.25,149486
2022-09-08,1.3043,1.285,1.33,1.27,127315
2022-09-09,1.3,1.305,1.36,1.2987,140265
2022-09-12,1.32,1.35,1.35,1.31,132224
2022-09-13,1.32,1.26,1.335,1.26,207038
2022-09-14,1.2899,1.4,1.4,1.27,1182135
2022-09-15,1.43,1.46,1.46,1.36,556047
2022-09-16,1.42,1.75,2.08,1.4114,19130594
2022-09-19,1.61,1.91,1.91,1.4301,1831241
2022-09-20,1.8,1.03,2.0799,0.95,8302487
2022-09-21,1.139,0.7257,1.16,0.7103,7167211
2022-09-22,0.72,0.6439,0.73,0.5563,2379599
2022-09-23,0.65,0.68,0.78,0.65,1766544
2022-09-26,0.6606,0.6999,0.729,0.65,446381
2022-09-27,0.6802,0.6891,0.729899,0.6717,479941
2022-09-28,0.689,0.7055,0.71,0.6503,278743
2022-09-29,0.6795,0.6897,0.708,0.67,252972
2022-09-30,0.669,0.6327,0.7,0.6111,571088
2022-10-03,0.6436,0.6713,0.6825,0.6231,315935
2022-10-04,0.6857,0.676,0.6989,0.67,160578
2022-10-05,0.6755,0.74,0.745001,0.6755,877696
2022-10-06,0.73,0.725,0.74,0.7104,217118
2022-10-07,0.7182,0.6992,0.74,0.69,135710
2022-10-10,0.6983,0.6861,0.7276,0.6399,190644
2022-10-11,0.68,0.6405,0.6952,0.63,151313
2022-10-12,0.67,0.64,0.67,0.635,111337
2022-10-13,0.61,0.6474,0.66,0.6006,396032
2022-10-14,0.6667,0.66,0.68,0.6499,381795
2022-10-17,0.6693,0.6721,0.6958,0.6533,254312
2022-10-18,0.69,0.6853,0.6922,0.67,113874
2022-10-19,0.6997,0.68,0.6997,0.6701,157076
2022-10-20,0.6699,0.6681,0.6899,0.66,184408
2022-10-21,0.68,0.695,0.7,0.66,74596
2022-10-24,0.6902,0.6796,0.6902,0.6454,166608
2022-10-25,0.68,0.683,0.699,0.6498,148937
2022-10-26,0.6625,0.6767,0.688,0.6625,72738
2022-10-27,0.6843,0.679899,0.6979,0.65,165073
2022-10-28,0.650401,0.657699,0.686,0.64,170657
2022-10-31,0.67,0.72,0.72,0.65105,247541
2022-11-01,0.6984,0.705,0.72,0.68,84252
2022-11-02,0.7,0.6651,0.7082,0.66,62460
2022-11-03,0.67,0.665,0.7,0.665,89870
2022-11-04,0.67,0.655001,0.688,0.61,128569
2022-11-07,0.655,0.6498,0.68,0.64,152646
2022-11-08,0.64,0.653,0.653,0.62,79326
2022-11-09,0.6334,0.615,0.6593,0.6111,80799
2022-11-10,0.62,0.6288,0.64,0.6015,130294
2022-11-11,0.6288,0.629001,0.6499,0.6102,104044
2022-11-14,0.65,0.665,0.67,0.629,223887
2022-11-15,0.67,0.6725,0.68,0.66,103359
2022-11-16,0.6726,0.6725,0.6802,0.67,82382
2022-11-17,0.68,0.65,0.68,0.64,86382
2022-11-18,0.650101,0.639,0.6599,0.621,79588
2022-11-21,0.6334,0.6494,0.6499,0.63,28210
2022-11-22,0.6301,0.63,0.639799,0.6115,100002
2022-11-23,0.6295,0.639,0.639,0.615,34799
2022-11-25,0.6389,0.66,0.66,0.631,41041
2022-11-28,0.66,0.66,0.68,0.6246,96839
2022-11-29,0.6504,0.665,0.6808,0.64001,52532
2022-11-30,0.65,0.6651,0.67,0.6306,72497
2022-12-01,0.65,0.648,0.67,0.6346,114793
2022-12-02,0.6306,0.66,0.66,0.6306,23746
2022-12-05,0.640001,0.64,0.644,0.63,67953
2022-12-06,0.6369,0.635,0.6369,0.625,37766
2022-12-07,0.63,0.63,0.655,0.6115,66239
2022-12-08,0.635001,0.635,0.635001,0.621,51564
2022-12-09,0.66,0.63,0.66,0.62,132076
2022-12-12,0.66,0.6599,0.66,0.62,348417
2022-12-13,0.66,0.7199,0.7498,0.6301,739203
2022-12-14,0.7281,0.6979,0.7455,0.67011,200052
2022-12-15,0.68,0.82,0.8363,0.68,1831739
2022-12-16,0.81,0.73,0.82,0.7,607724
2022-12-19,0.76,0.7249,0.76,0.6788,240753
2022-12-20,0.7,0.66,0.71,0.5737,411376
2022-12-21,0.644,0.6625,0.6666,0.644,35609
2022-12-22,0.65,0.66,0.6972,0.64,301560
2022-12-23,0.67,0.685,0.6972,0.6416,326014
2022-12-27,0.685,0.728,0.7648,0.685,464938
2022-12-28,0.72,0.715199,0.73,0.71,88942
2022-12-29,0.73,0.7218,0.75,0.71,148581
2022-12-30,0.724,0.6876,0.7254,0.64,133088
2023-01-03,0.71,0.81,0.82,0.7002,445996
2023-01-04,0.8,0.789,0.8,0.77,51979
2023-01-05,0.79,0.769,0.805,0.742,135525
2023-01-06,0.7693,0.7455,0.788,0.69,114428
2023-01-09,0.727,0.7422,0.75,0.7036,72011
2023-01-10,0.7425,0.78,0.8,0.74,105420
2023-01-11,0.76,0.835,0.86,0.76,282249
2023-01-12,0.85,0.8563,0.895,0.7701,117287
2023-01-13,0.8888,0.825,0.8888,0.81,159298
2023-01-17,0.81,0.8237,0.849899,0.8,62323
2023-01-18,0.8002,0.8463,0.89,0.800001,93980
2023-01-19,0.8379,0.82,0.846569,0.818701,49345
2023-01-20,0.82,0.8239,0.86,0.82,57633
2023-01-23,0.86,0.85,0.86,0.825,45696
2023-01-24,0.8478,0.83,0.855,0.83,39255
2023-01-25,0.82,0.74,0.83,0.666,349438
2023-01-26,0.74,0.7558,0.78,0.74,66608
2023-01-27,0.7331,0.747549,0.7899,0.7331,59585
2023-01-30,0.77,0.76,0.82,0.75,70899
2023-01-31,0.7601,0.7762,0.8132,0.7416,244804
2023-02-01,0.795,0.82,0.8997,0.795,389632
2023-02-02,0.855,0.82,0.8554,0.8,92670
2023-02-03,0.81,0.82,0.8249,0.8,59669
2023-02-06,0.82,0.7998,0.829999,0.79,86355
2023-02-07,0.81,0.81,0.83,0.79,94532
2023-02-08,0.81,0.7925,0.8248,0.78,101345
2023-02-09,0.8248,0.795,0.8248,0.79,47681
2023-02-10,0.7813,0.786,0.8,0.7308,205159
2023-02-13,0.7453,0.7684,0.79,0.74,64019
2023-02-14,0.7684,0.7228,0.7684,0.72,118598
2023-02-15,0.699,0.72,0.75,0.699,51104
2023-02-16,0.7575,0.70725,0.7575,0.6945,66445
2023-02-17,0.695,0.6611,0.71,0.66,182986
2023-02-21,0.67,0.6101,0.67,0.6,229258
2023-02-22,0.6188,0.5524,0.6576,0.5423,584986
2023-02-23,0.552,0.540101,0.561,0.53,188082
2023-02-24,0.556,0.525,0.57,0.5225,276615
2023-02-27,0.53,0.5201,0.54,0.5201,123268
2023-02-28,0.5339,0.515,0.56,0.51,210195
2023-03-01,0.51,0.5002,0.53,0.5,234651
2023-03-02,0.514899,0.5052,0.53,0.4911,204133
2023-03-03,0.5053,0.5001,0.515,0.49,173504
2023-03-06,0.502,0.5263,0.53,0.502,58382
2023-03-07,0.5399,0.520101,0.5399,0.5201,66308
2023-03-08,0.52,0.52,0.5201,0.515,33287
2023-03-09,0.5203,0.5211,0.5379,0.5201,21184
2023-03-10,0.505179,0.5185,0.5186,0.5025,25428
2023-03-13,0.51,0.483,0.511998,0.462,119318
2023-03-14,0.4833,0.5047,0.509,0.4833,28800
2023-03-15,0.5046,0.5099,0.5199,0.4724,29648
2023-03-16,0.51,0.5167,0.5199,0.4725,31424
2023-03-17,0.51,0.4947,0.5167,0.481,133640
2023-03-20,0.4993,0.4982,0.5167,0.4851,19207
2023-03-21,0.4999,0.491299,0.4999,0.4812,25453
2023-03-22,0.4871,0.483249,0.5,0.4815,42058
2023-03-23,0.4858,0.4821,0.51,0.482,14366
2023-03-24,0.485449,0.4853,0.49,0.4811,20449
2023-03-27,0.4801,0.4728,0.481301,0.4724,62854
2023-03-28,0.48,0.4651,0.48,0.4651,27362
2023-03-29,0.4696,0.480951,0.4964,0.4651,113407
2023-03-30,0.453,0.46,0.4965,0.45,100977
2023-03-31,0.460001,0.455,0.467,0.455,20388
2023-04-03,0.45,0.4508,0.465,0.45,45366
2023-04-04,0.45,0.451,0.458,0.45,33855
2023-04-05,0.46,0.41,0.469899,0.4056,124603
2023-04-06,0.41,0.3812,0.43,0.3801,133947
2023-04-10,0.39,0.39,0.4189,0.39,73292
2023-04-11,0.39,0.4,0.4,0.39,27955
2023-04-12,0.405,0.394299,0.41,0.3823,27429
2023-04-13,0.3943,0.3993,0.4,0.385,49872
2023-04-14,0.4,0.37,0.4,0.37,106457
2023-04-17,0.3626,0.3674,0.3701,0.351,132081
2023-04-18,0.35,0.37,0.38,0.35,62863
2023-04-19,0.365049,0.36125,0.3749,0.3512,119403
2023-04-20,0.354521,0.350099,0.3675,0.35,75925
2023-04-21,0.3521,0.3627,0.375,0.3501,93334
2023-04-24,0.3648,0.3662,0.3725,0.36,56903
2023-04-25,0.3682,0.3569,0.3682,0.355,39319
2023-04-26,0.355101,0.3551,0.3635,0.3551,6681
2023-04-27,0.3502,0.3352,0.361,0.33,57167
2023-04-28,0.34,0.3956,0.45,0.34,459821
2023-05-01,0.42,0.41,0.44,0.36,1262129
2023-05-02,0.41,0.39,0.47,0.369,528594
2023-05-03,0.3783,0.3999,0.4195,0.3722,90675
2023-05-04,0.4199,0.4,0.42,0.3923,737881
2023-05-05,0.4515,0.44,0.5,0.415,1009106
2023-05-08,0.44,0.463299,0.475,0.4304,163948
2023-05-09,0.4699,0.555,0.6,0.4699,1173303
2023-05-10,0.545,0.5345,0.545,0.5212,138089
2023-05-11,0.52,0.54,0.54,0.505,124961
2023-05-12,0.54,0.5698,0.5801,0.538,99043
2023-05-15,0.5699,0.6,0.61,0.5699,128317
2023-05-16,0.63,0.6,0.64,0.6,152379
2023-05-17,0.636,0.5503,0.636,0.5502,115522
2023-05-18,0.5397,0.54,0.5424,0.5,85584
2023-05-19,0.5,0.5403,0.6,0.48,143279
