2011-05-25,0.0661,0.0661,0.0661,0.0661,400
2011-06-06,0.0662,0.0662,0.0662,0.0662,2000
2011-06-13,0.06,0.06,0.06,0.06,31500
2011-06-15,0.0601,0.06,0.0601,0.06,15000
2011-06-24,0.06,0.06,0.06,0.06,1000
2011-06-28,0.06,0.06,0.06,0.06,4300
2011-06-29,0.0601,0.0601,0.0601,0.0601,750
2011-06-30,0.06,0.06,0.06,0.06,4000
2011-07-01,0.06,0.06,0.06,0.06,700
2011-07-07,0.06,0.07,0.07,0.06,27750
2011-07-14,0.095,0.095,0.095,0.095,5000
2011-07-19,0.1,0.1,0.1,0.1,500
2011-07-20,0.08,0.08,0.08,0.08,5000
2011-07-25,0.08,0.08,0.08,0.08,10000
2011-08-01,0.081,0.081,0.081,0.081,12000
2011-08-04,0.081,0.0999,0.0999,0.081,23500
2011-08-11,0.085,0.085,0.085,0.085,15000
2011-08-15,0.08,0.08,0.08,0.08,1500
2011-08-19,0.09,0.09,0.09,0.09,8000
2011-08-22,0.09,0.08,0.09,0.08,5444
2011-08-25,0.07,0.07,0.07,0.07,1210
2011-09-01,0.07,0.07,0.07,0.07,9500
2011-09-12,0.07,0.07,0.07,0.07,2000
2011-09-15,0.08,0.08,0.08,0.08,2000
2011-09-16,0.07,0.07,0.07,0.07,1200
2011-09-20,0.085,0.085,0.085,0.085,300
2011-09-23,0.07,0.07,0.07,0.07,6000
2011-09-27,0.06,0.06,0.06,0.06,12000
2011-09-28,0.065,0.065,0.065,0.065,5000
2011-09-29,0.06,0.06,0.06,0.06,4356
2011-10-04,0.06,0.06,0.06,0.06,740
2011-10-05,0.06,0.06,0.06,0.06,5000
2011-10-06,0.07,0.07,0.07,0.07,5000
2011-10-10,0.0551,0.0551,0.0551,0.0551,200
2011-10-12,0.06,0.06,0.06,0.06,3500
2011-10-17,0.0551,0.07,0.07,0.055,19000
2011-10-27,0.07,0.07,0.07,0.07,1500
2011-11-04,0.07,0.07,0.07,0.07,7812
2011-11-10,0.08,0.1,0.11,0.08,73500
2011-11-14,0.09,0.09,0.09,0.09,900
2011-11-15,0.09,0.09,0.09,0.09,5000
2011-11-18,0.085,0.08,0.085,0.08,28225
2011-11-21,0.1,0.071,0.1,0.071,11160
2011-11-22,0.095,0.071,0.095,0.07,32043
2011-11-25,0.071,0.071,0.071,0.071,325
2011-11-28,0.06,0.06,0.06,0.06,100
2011-11-29,0.071,0.071,0.071,0.071,5000
2011-12-01,0.06,0.06,0.06,0.06,600
2011-12-06,0.061,0.1,0.1,0.061,2300
2011-12-14,0.06,0.06,0.06,0.06,100
2011-12-19,0.07,0.07,0.07,0.07,4100
2011-12-23,0.085,0.085,0.085,0.085,4100
2011-12-28,0.06,0.06,0.06,0.06,2000
2011-12-29,0.06,0.06,0.06,0.06,1000
2011-12-30,0.06,0.07,0.07,0.06,33100
2012-01-05,0.07,0.07,0.07,0.07,5000
2012-01-09,0.07,0.08,0.08,0.07,10000
2012-01-12,0.065,0.065,0.065,0.065,4200
2012-01-18,0.07,0.09,0.09,0.07,45000
2012-01-20,0.08,0.07,0.08,0.07,10000
2012-01-23,0.06,0.06,0.06,0.06,35800
2012-01-26,0.06,0.06,0.06,0.06,1000
2012-02-10,0.07,0.07,0.07,0.07,5000
2012-02-13,0.07,0.08,0.08,0.07,19900
2012-02-21,0.06,0.065,0.065,0.06,2000
2012-02-29,0.095,0.095,0.095,0.095,500
2012-03-05,0.065,0.065,0.065,0.065,5000
2012-03-06,0.085,0.085,0.085,0.085,170
2012-03-14,0.08,0.08,0.08,0.08,10000
2012-03-27,0.066,0.066,0.066,0.066,5000
2012-03-29,0.066,0.066,0.066,0.066,150
2012-04-02,0.05,0.05,0.05,0.05,15000
2012-04-03,0.04,0.04,0.04,0.04,3000
2012-04-09,0.0402,0.0401,0.0402,0.0401,7000
2012-04-18,0.05,0.0401,0.05,0.0401,11750
2012-05-21,0.031,0.031,0.031,0.031,3926
2012-05-30,0.03,0.0214,0.03,0.0102,44900
2012-05-31,0.02,0.02,0.02,0.02,5000
2012-06-05,0.0202,0.0202,0.0202,0.0202,2300
2012-06-11,0.01,0.01,0.01,0.01,1000
2012-06-13,0.017,0.017,0.017,0.017,1600
2012-06-18,0.0201,0.022,0.022,0.0201,1333
2012-07-05,0.025,0.025,0.025,0.025,6380
2012-07-09,0.025,0.025,0.025,0.025,5000
2012-07-24,0.025,0.036,0.036,0.0181,112495
2012-07-26,0.02,0.02,0.02,0.02,5000
2012-07-27,0.02,0.02,0.02,0.02,10500
2012-08-06,0.02,0.02,0.02,0.02,9000
2012-08-07,0.06,0.06,0.06,0.06,333
2012-08-21,0.045,0.045,0.045,0.045,70000
2012-08-30,0.025,0.025,0.025,0.025,1100
2012-08-31,0.01,0.01,0.01,0.01,200
2012-09-05,0.04,0.04,0.04,0.04,10000
2012-09-13,0.013,0.04,0.04,0.013,5400
2012-09-14,0.04,0.04,0.04,0.04,9234
2012-09-17,0.005,0.025,0.027,0.005,119307
2012-09-24,0.028,0.028,0.028,0.028,5000
2012-09-28,0.028,0.02,0.028,0.02,2500
2012-10-01,0.02,0.028,0.028,0.02,17800
2012-10-02,0.035,0.035,0.035,0.035,7800
2012-10-15,0.035,0.035,0.035,0.035,5000
2012-10-17,0.035,0.035,0.035,0.035,2400
2012-11-01,0.02,0.02,0.02,0.02,2500
2012-11-08,0.04,0.04,0.04,0.04,7800
2012-11-09,0.04,0.04,0.04,0.04,7000
2012-11-14,0.04,0.04,0.04,0.04,2800
2012-11-15,0.04,0.03,0.04,0.03,2300
2012-11-16,0.03,0.03,0.03,0.03,4000
2012-11-19,0.03,0.03,0.03,0.03,2666
2012-12-04,0.025,0.025,0.025,0.025,2398
2012-12-05,0.025,0.025,0.025,0.025,8500
2012-12-07,0.025,0.025,0.025,0.025,31200
2012-12-13,0.04,0.04,0.04,0.04,1000
2012-12-14,0.025,0.025,0.025,0.025,1000
2012-12-17,0.025,0.025,0.025,0.025,550
2012-12-18,0.026,0.025,0.026,0.025,65800
2012-12-20,0.0201,0.0201,0.0201,0.0201,5000
2012-12-21,0.02,0.0201,0.0201,0.02,5000
2013-01-11,0.02,0.02,0.02,0.02,1000
2013-01-15,0.02,0.02,0.02,0.02,500
2013-01-16,0.02,0.02,0.02,0.02,15000
2013-01-22,0.02,0.02,0.02,0.02,30000
2013-01-24,0.02,0.02,0.02,0.02,19538
2013-01-28,0.02,0.02,0.02,0.02,10000
2013-01-31,0.02,0.02,0.02,0.02,1295
2013-02-01,0.04,0.04,0.04,0.04,10000
2013-02-05,0.04,0.04,0.04,0.04,100
2013-02-08,0.0201,0.0201,0.0201,0.0201,200
2013-02-11,0.0201,0.0201,0.0201,0.0201,3300
2013-02-13,0.039,0.04,0.04,0.039,33000
2013-02-20,0.0225,0.0225,0.0225,0.0225,1000
2013-03-07,0.0231,0.023,0.0231,0.023,45600
2013-03-08,0.039,0.034,0.039,0.033,74805
2013-03-11,0.039,0.039,0.039,0.039,20000
2013-03-12,0.0351,0.0351,0.0351,0.0351,5000
2013-03-13,0.049,0.05,0.055,0.04,40802
2013-03-14,0.055,0.079,0.079,0.055,13000
2013-03-19,0.098,0.05,0.098,0.05,22000
2013-03-21,0.08,0.08,0.08,0.08,4000
2013-03-22,0.08,0.04,0.08,0.04,14000
2013-03-26,0.04,0.04,0.04,0.04,12097
2013-04-08,0.04,0.04,0.04,0.04,300
2013-04-16,0.04,0.04,0.04,0.04,1000
2013-04-24,0.04,0.04,0.04,0.04,30000
2013-04-26,0.04,0.04,0.04,0.04,20000
2013-04-29,0.035,0.035,0.035,0.035,200
2013-05-20,0.035,0.035,0.035,0.035,500
2013-05-29,0.087,0.087,0.087,0.087,171
2013-05-30,0.05,0.05,0.05,0.05,22000
2013-06-05,0.045,0.045,0.045,0.045,4829
2013-06-11,0.045,0.0416,0.045,0.0416,22000
2013-06-14,0.0416,0.04,0.0416,0.04,15100
2013-07-03,0.035,0.035,0.035,0.035,2000
2013-07-08,0.035,0.035,0.035,0.035,3000
2013-07-12,0.03,0.03,0.03,0.03,2000
2013-07-24,0.03,0.03,0.03,0.03,2000
2013-08-01,0.0201,0.0201,0.0201,0.0201,7000
2013-09-03,0.0203,0.0203,0.0203,0.0203,1200
2013-09-10,0.0203,0.0203,0.0203,0.0203,14300
2013-09-13,0.0203,0.0203,0.0203,0.0203,2000
2013-10-09,0.0203,0.0203,0.0203,0.0203,29000
2013-10-10,0.0202,0.0202,0.0202,0.0202,15714
2013-10-16,0.087,0.0775,0.087,0.0775,4200
2013-10-25,0.0761,0.0761,0.0761,0.0761,1000
2013-10-29,0.0211,0.0211,0.0211,0.0211,7000
2013-10-30,0.025,0.0251,0.0251,0.025,3200
2013-11-01,0.0251,0.0251,0.0251,0.0251,1500
2013-11-14,0.0251,0.0251,0.0251,0.0251,2500
2013-11-18,0.025,0.0251,0.0251,0.025,1800
2013-11-20,0.0251,0.0251,0.0251,0.0251,1300
2013-11-22,0.03,0.03,0.03,0.03,2000
2013-12-04,0.0201,0.0201,0.0201,0.0201,3000
2013-12-18,0.0202,0.0202,0.0202,0.0202,400
2013-12-20,0.0202,0.0202,0.0202,0.0202,1000
2013-12-23,0.0202,0.0202,0.0202,0.0202,10000
2013-12-24,0.02,0.0203,0.0262,0.02,77756
2013-12-26,0.0201,0.0201,0.0201,0.0201,5000
2013-12-27,0.0202,0.0201,0.0202,0.0201,16900
2013-12-30,0.02,0.02,0.02,0.02,1000
2013-12-31,0.02,0.02,0.02,0.02,5000
2014-01-02,0.02,0.02,0.02,0.02,501
2014-01-10,0.0276,0.0276,0.0276,0.0276,2000
2014-02-04,0.0281,0.0281,0.0281,0.0281,1000
2014-02-07,0.0292,0.0292,0.0292,0.0292,750
2014-02-19,0.0281,0.0281,0.0281,0.0281,10800
2014-02-20,0.0281,0.0281,0.0281,0.0281,500
2014-02-21,0.0281,0.0281,0.0281,0.0281,500
2014-02-26,0.0281,0.0281,0.0281,0.0281,8000
2014-03-06,0.0291,0.0291,0.0291,0.0291,1400
2014-03-10,0.0291,0.0291,0.0291,0.0291,5000
2014-03-11,0.029,0.029,0.029,0.029,1000
2014-03-14,0.0291,0.0291,0.0291,0.0291,15000
2014-03-17,0.0291,0.0295,0.0295,0.0291,27598
2014-03-19,0.029,0.029,0.029,0.029,1000
2014-03-20,0.03,0.029,0.03,0.029,61800
2014-03-24,0.029,0.029,0.029,0.029,2200
2014-03-25,0.029,0.029,0.029,0.029,450
2014-04-08,0.029,0.029,0.029,0.029,5000
2014-04-14,0.029,0.029,0.029,0.029,388
2014-04-21,0.03,0.03,0.03,0.03,800
2014-04-25,0.03,0.03,0.03,0.03,8000
2014-05-01,0.03,0.03,0.03,0.03,10000
2014-05-05,0.03,0.03,0.03,0.03,20001
2014-05-06,0.028,0.028,0.028,0.028,35715
2014-05-07,0.025,0.025,0.025,0.025,9300
2014-05-21,0.0252,0.0252,0.0252,0.0252,1000
2014-06-13,0.0251,0.0251,0.0251,0.0251,500
2014-06-23,0.0221,0.0221,0.029,0.0221,43240
2014-06-25,0.0221,0.0221,0.0221,0.0221,3000
2014-06-26,0.0276,0.0221,0.0276,0.0221,24100
2014-07-02,0.0222,0.02,0.0222,0.02,108880
2014-07-03,0.0221,0.0221,0.0221,0.0221,10000
2014-07-10,0.0191,0.0191,0.0191,0.0191,2770
2014-08-08,0.019,0.016,0.019,0.016,3088
2014-08-14,0.0191,0.0191,0.0191,0.0191,7625
2014-09-15,0.0171,0.0171,0.0171,0.0171,3000
2014-09-18,0.0171,0.0155,0.0171,0.0155,80000
2014-09-19,0.0145,0.0145,0.0145,0.0145,151000
2014-09-22,0.0145,0.0145,0.0145,0.0145,10000
2014-09-24,0.0145,0.0145,0.0145,0.0145,1000
2014-09-30,0.0145,0.0145,0.0145,0.0145,5000
2014-10-01,0.019,0.019,0.019,0.019,700
2014-10-02,0.0186,0.025,0.027,0.0186,108000
2014-10-15,0.0219,0.02,0.0219,0.02,20000
2014-10-20,0.016,0.015,0.016,0.015,27000
2014-10-21,0.013,0.013,0.013,0.013,60000
2014-11-05,0.0109,0.01,0.0109,0.01,1780
2014-11-12,0.0127,0.01,0.0127,0.01,30000
2014-11-17,0.02,0.02,0.02,0.02,10000
2014-11-25,0.01,0.01,0.01,0.01,12500
2014-12-09,0.01,0.01,0.01,0.01,1000
2014-12-16,0.01,0.008,0.01099,0.008,81000
2014-12-19,0.0081,0.0081,0.0081,0.0081,100000
2014-12-23,0.008,0.008,0.008,0.008,50000
2014-12-24,0.007,0.007,0.007,0.007,1000
2014-12-29,0.007,0.007,0.007,0.007,1500
2014-12-31,0.00971,0.01,0.01,0.00971,32470
2015-01-02,0.0098,0.01,0.01,0.0098,22562
2015-01-27,0.01039,0.008,0.01039,0.008,400
2015-02-11,0.008,0.008,0.008,0.008,9345
2015-02-12,0.01039,0.008,0.01039,0.008,10000
2020-03-23,8.55,8.55,8.55,8.55,242
2020-03-24,NaN,8.55,NaN,NaN,0
2020-03-25,NaN,8.55,NaN,NaN,0
2020-03-26,NaN,8.55,NaN,NaN,0
2020-03-27,9.98,10.0,10.0,9.98,394
2020-03-30,NaN,10.0,NaN,NaN,0
2020-03-31,NaN,10.0,NaN,NaN,0
2020-04-01,NaN,10.0,NaN,NaN,0
2020-04-02,NaN,10.0,NaN,NaN,0
2020-04-03,NaN,10.0,NaN,NaN,0
2020-04-06,9.78,9.78,9.78,9.78,802
2020-04-07,9.9323,9.78,9.9323,9.78,321
2020-04-08,NaN,9.78,NaN,NaN,0
2020-04-09,NaN,9.78,NaN,NaN,0
2020-04-13,NaN,9.78,NaN,NaN,0
2020-04-14,NaN,9.78,NaN,NaN,0
2020-04-15,NaN,9.78,NaN,NaN,0
2020-04-16,NaN,9.78,NaN,NaN,0
2020-04-17,NaN,9.78,NaN,NaN,0
2020-04-20,NaN,9.78,NaN,NaN,0
2020-04-21,NaN,9.78,NaN,NaN,58
2020-04-22,9.69,9.7,9.7,9.69,204
2020-04-23,NaN,9.7,NaN,NaN,1
2020-04-24,NaN,9.7,NaN,NaN,0
2020-04-27,9.75,9.75,9.75,9.75,19801
2020-04-29,NaN,9.75,NaN,NaN,15
2020-04-30,9.8,9.8,9.8,9.8,121
2020-05-01,9.75,9.75,9.75,9.75,109
2020-05-06,9.8,9.8,9.8,9.8,100
2020-05-07,NaN,9.8,NaN,NaN,2
2020-05-11,9.8,9.8,9.8,9.8,476213
2020-05-12,9.79,9.79,9.79,9.79,153
2020-05-13,9.75,9.75,9.75,9.75,29996
2020-05-15,9.725,9.725,9.725,9.725,120
2020-05-18,9.75,9.725,9.75,9.725,4110
2020-05-19,9.75,9.74,9.77,9.74,1017
2020-05-20,NaN,9.74,NaN,NaN,33
2020-05-21,9.53,9.7,9.7,9.53,305
2020-05-22,NaN,9.7,NaN,NaN,0
2020-05-28,NaN,9.7,NaN,NaN,78
2020-06-01,NaN,9.7,NaN,NaN,0
2020-06-02,9.7,9.7,9.7,9.7,200
2020-06-03,9.72,9.74,9.74,9.72,250422
2020-06-04,9.74,9.7968,9.83,9.74,556901
2020-06-05,9.83,9.76,9.83,9.76,35212
2020-06-08,9.7,9.78,9.78,9.7,505
2020-06-09,9.75,9.85,9.85,9.75,520
2020-06-10,NaN,9.85,NaN,NaN,16
2020-06-11,9.83,9.83,9.83,9.83,203
2020-06-12,9.8,9.8,9.8,9.8,106
2020-06-15,9.73,9.73,9.73,9.73,100
2020-06-16,9.75,9.75,9.75,9.75,100
2020-06-17,NaN,9.75,NaN,NaN,4
2020-06-18,NaN,9.75,NaN,NaN,2
2020-06-19,9.8,9.8,9.8,9.8,75000
2020-06-22,NaN,9.8,NaN,NaN,104
2020-06-23,NaN,9.8,NaN,NaN,10
2020-06-24,NaN,9.8,NaN,NaN,1
2020-06-25,9.9,9.9,9.9,9.9,3801
2020-06-26,9.93,9.84,9.93,9.84,299
2020-06-29,9.9,9.95,10.1,9.85,174970
2020-06-30,9.9,9.9151,9.93,9.9,77305
2020-07-01,10.02,9.95,10.02,9.78,53936
2020-07-02,10.01,10.09,10.09,9.9901,4112
2020-07-06,10.09,10.02,10.09,10.02,1704
2020-07-07,9.95,10.03,10.03,9.83,2575
2020-07-08,10.15,10.04,10.15,10.04,910
2020-07-09,10.04,10.04,10.04,10.04,239
2020-07-10,10.16,10.225,10.225,10.0736,30389
2020-07-13,10.51,10.19,10.51,10.19,25050
2020-07-14,10.48,10.2,10.48,10.2,1209
2020-07-15,10.2,10.0819,10.2,10.0819,1274
2020-07-16,10.1625,10.15,10.2555,10.15,2097
2020-07-17,10.31,10.155,10.32,10.15,2141
2020-07-20,10.11,10.23,10.25,10.1,2647
2020-07-21,10.35,10.225,10.35,10.19,16911
2020-07-22,10.12,10.25,10.25,10.12,4714
2020-07-23,10.185,10.15,10.22,10.13,50024
2020-07-24,10.09,10.115,10.1521,10.08,3271
2020-07-27,10.22,10.25,10.3,10.16,2468
2020-07-28,10.26,10.25,10.3499,10.2,10666
2020-07-29,10.21,10.24,10.25,10.2,101335
2020-07-30,10.2,10.175,10.2,10.1101,6316
2020-07-31,10.12,10.12,10.1412,10.12,7071
2020-08-03,10.1,10.08,10.1,10.08,162726
2020-08-04,10.08,10.08,10.08,10.08,132
2020-08-05,10.09,10.08,10.13,10.08,12573
2020-08-06,10.08,10.05,10.0801,10.05,4004
2020-08-07,10.03,10.0,10.05,9.98,93628
2020-08-10,10.06,9.993,10.06,9.9791,45223
2020-08-11,10.05,10.05,10.05,10.05,7164
2020-08-12,10.25,10.185,10.25,10.16,704
2020-08-13,9.95,9.99,9.99,9.95,2237
2020-08-14,10.09,10.0596,10.1,10.0402,1517
2020-08-17,10.005,10.005,10.005,10.005,2510
2020-08-18,NaN,10.005,NaN,NaN,2
2020-08-19,9.95,9.97,9.97,9.95,651
2020-08-20,9.95,9.94,9.95,9.94,1316
2020-08-21,10.09,9.96,10.09,9.95,1604
2020-08-24,9.92,9.95,9.95,9.92,399
2020-08-25,9.9889,9.9889,9.9889,9.9889,171
2020-08-26,9.95,9.92,9.95,9.92,629
2020-08-27,9.92,9.92,10.0,9.92,203970
2020-08-28,9.92,9.92,9.92,9.92,300186
2020-08-31,9.92,9.92,9.92,9.92,5150
2020-09-01,9.92,9.95,9.96,9.92,817
2020-09-02,NaN,9.95,NaN,NaN,3
2020-09-03,10.03,9.95,10.03,9.95,1134
2020-09-04,10.0,10.0,10.06,10.0,405
2020-09-08,10.072,10.0,10.072,10.0,8766
2020-09-09,9.98,9.98,9.98,9.96,2094
2020-09-10,10.09,10.05,10.09,10.0301,2388
2020-09-11,10.1,10.0,10.1,9.95,248007
2020-09-14,10.12,9.95,10.12,9.92,6055
2020-09-15,10.05,10.04,10.09,9.98,478660
2020-09-16,10.11,10.05,10.11,10.05,2153
2020-09-17,9.9507,9.9507,9.9507,9.9507,550
2020-09-18,9.98,10.04,10.06,9.98,10733
2020-09-21,10.11,10.05,10.11,10.02,15684
2020-09-22,10.01,10.025,10.025,9.99,1612
2020-09-23,10.14,10.02,10.14,10.0,58894
2020-09-24,10.01,9.98,10.01,9.98,23859
2020-09-25,9.97,9.99,9.99,9.97,3609
2020-09-28,10.15,10.0399,10.15,9.99,2368
2020-09-29,10.13,10.17,10.17,10.08,20180
2020-09-30,10.2,10.02,10.2,10.02,10295
2020-10-01,10.1,10.05,10.1,9.98,196460
2020-10-02,10.13,9.99,10.13,9.99,3195
2020-10-05,9.99,10.01,10.01,9.979,437264
2020-10-06,10.14,10.0004,10.14,9.94,161240
2020-10-07,10.0,10.0,10.0453,10.0,252765
2020-10-08,10.16,9.99,10.16,9.99,2490
2020-10-09,10.0,9.9988,10.07,9.97,61519
2020-10-12,9.982,10.085,10.085,9.982,573
2020-10-13,NaN,10.085,NaN,NaN,30
2020-10-14,10.0,10.02,10.09,10.0,340
2020-10-15,10.045,10.01,10.045,10.01,531
2020-10-16,9.995,9.995,9.995,9.995,371
2020-10-19,10.0,9.965,10.0,9.85,7596
2020-10-20,9.9711,9.98,10.03,9.97,438
2020-10-21,9.96,9.98,9.98,9.95,22393
2020-10-22,10.0,9.97,10.0,9.95,61883
2020-10-23,NaN,9.97,NaN,NaN,0
2020-10-26,9.95,10.02,10.02,9.95,1953
2020-10-27,9.96,9.95,9.98,9.95,127728
2020-10-28,9.95,9.93,9.95,9.92,9370
2020-10-29,9.95,9.98,9.98,9.95,14232
2020-10-30,9.98,9.92,9.98,9.92,26116
2020-11-02,9.97,9.97,9.97,9.97,120
2020-11-03,9.955,9.92,9.959,9.92,53670
2020-11-04,9.92,10.0,10.0,9.92,5435
2020-11-05,NaN,10.0,NaN,NaN,41
2020-11-06,9.96,9.92,10.0,9.92,27862
2020-11-09,10.04,9.95,10.04,9.92,486878
2020-11-10,9.98,9.96,9.98,9.9553,1444
2020-11-11,9.965,9.93,9.965,9.92,742
2020-11-12,9.965,9.92,9.965,9.92,503
2020-11-13,9.975,9.93,9.975,9.93,9111
2020-11-16,9.94,9.96,9.97,9.94,10506
2020-11-17,9.97,9.96,9.97,9.96,1400
2020-11-18,9.98,9.9799,9.98,9.95,1590
2020-11-19,9.94,9.98,10.0,9.94,13585
2020-11-20,10.04,9.965,10.04,9.9267,5173
2020-11-23,9.94,9.985,9.985,9.94,986
2020-11-24,10.03,10.1085,10.14,10.015,37388
2020-11-25,10.06,10.085,10.095,10.0,12509
2020-11-27,10.15,10.09,10.15,10.03,11130
2020-11-30,10.01,10.1,10.11,10.01,1536
2020-12-01,10.125,10.1,10.15,9.94,5771
2020-12-02,10.0508,10.01,10.0508,10.01,1617
2020-12-03,10.0,10.1,10.1,9.9601,15328
2020-12-04,10.1,10.14,10.15,10.1,5985
2020-12-07,10.15,10.1399,10.15,10.07,30468
2020-12-08,10.122,10.09,10.15,10.09,67245
2020-12-09,10.15,10.1,10.15,10.1,3635
2020-12-10,10.11,10.165,10.1909,10.08,67988
2020-12-11,10.175,10.19,10.2,10.16,6251
2020-12-14,10.25,10.18,10.25,10.15,27396
2020-12-15,10.21,10.18,10.2189,10.13,25279
2020-12-16,10.1911,10.2,10.2195,10.18,7465
2020-12-17,10.22,10.2,10.22,10.2,6599
2020-12-18,10.22,10.25,10.25,10.22,38960
2020-12-21,10.25,10.21,10.25,10.209,12225
2020-12-22,10.25,10.35,10.3885,10.22,530527
2020-12-23,10.34,10.438,10.49,10.34,230369
2020-12-24,10.5,10.45,10.5,10.4,26369
2020-12-28,10.46,10.43,10.5,10.425,21179
2020-12-29,10.45,10.3,10.49,10.27,86808
2020-12-30,10.35,10.46,10.48,10.27,12791
2020-12-31,10.4,10.12,10.4,10.12,82866
2021-01-04,10.25,10.38,10.39,10.25,20128
2021-01-05,10.38,10.46,10.5,10.3012,80634
2021-01-06,10.38,10.4,10.48,10.37,12009
2021-01-07,10.37,10.43,10.48,10.36,18634
2021-01-08,10.43,10.38,10.5,10.35,47157
2021-01-11,10.34,10.39,10.4289,10.3,17918
2021-01-12,10.39,10.33,10.57,10.295,94355
2021-01-13,10.37,10.5,10.5,10.33,130630
2021-01-14,10.55,10.83,10.94,10.55,103383
2021-01-15,10.9,10.75,10.9,10.6901,69285
2021-01-19,10.84,10.6,10.87,10.48,255918
2021-01-20,10.7,10.65,10.7434,10.6,83924
2021-01-21,10.73,10.84,10.8855,10.64,158495
2021-01-22,10.92,10.8,10.92,10.75,316713
2021-01-25,10.9,10.9,11.0,10.78,181533
2021-01-26,10.95,10.76,10.95,10.76,109938
2021-01-27,10.5,10.3,10.605,10.04,374430
2021-01-28,10.41,10.4,10.61,10.31,139960
2021-01-29,10.38,10.5,10.58,10.3501,101811
2021-02-01,10.64,10.57,10.73,10.51,27504
2021-02-02,10.57,10.73,10.75,10.57,174380
2021-02-03,10.9,10.99,10.99,10.71,167789
2021-02-04,11.01,11.15,11.2,10.94,175267
2021-02-05,11.2,11.14,11.39,11.05,386547
2021-02-08,11.3,11.22,11.4,11.16,416133
2021-02-09,11.25,11.19,11.38,11.03,258597
2021-02-10,11.25,11.15,11.25,10.9,112811
2021-02-11,11.15,10.97,11.15,10.85,105423
2021-02-12,10.86,10.87,10.976,10.81,65909
2021-02-16,11.0,10.72,11.01,10.68,163612
2021-02-17,10.74,10.71,10.79,10.61,115933
2021-02-18,10.69,10.82,11.05,10.65,87777
2021-02-19,10.9,10.85,10.95,10.83,286848
2021-02-22,10.95,10.92,10.95,10.83,65506
2021-02-23,10.61,10.85,10.85,10.4,116875
2021-02-24,10.65,10.83,10.87,10.65,44779
2021-02-25,10.865,10.53,10.865,10.45,77224
2021-02-26,10.43,10.35,10.5729,10.3,87339
2021-03-01,10.42,10.47,10.74,10.42,71850
2021-03-02,10.57,10.21,10.59,10.15,92958
2021-03-03,10.28,10.0,10.3,9.97,251341
2021-03-04,10.08,9.93,10.08,9.9,365858
2021-03-05,10.02,10.15,10.18,9.93,118918
2021-03-08,10.05,10.02,10.12,9.945,129934
2021-03-09,10.1,10.04,10.11,10.02,19817
2021-03-10,10.2,10.17,10.2,10.0,402953
2021-03-11,10.15,10.12,10.17,10.06,116620
2021-03-12,10.0,10.04,10.1,9.99,82820
2021-03-15,10.1,10.23,10.38,9.921,2585977
2021-03-16,10.25,10.12,10.29,9.98,360835
2021-03-17,10.09,10.05,10.15,9.98,222034
2021-03-18,10.14,9.97,10.14,9.91,882986
2021-03-19,10.04,9.98,10.23,9.95,1272315
2021-03-22,10.0,9.99,10.0857,9.97,148390
2021-03-23,9.95,10.0,10.04,9.93,120910
2021-03-24,10.02,9.99,10.02,9.92,284047
2021-03-25,9.95,9.94,9.9505,9.91,67468
2021-03-26,9.92,9.98,10.0,9.92,285104
2021-03-29,9.99,9.98,9.99,9.96,30672
2021-03-30,9.96,9.94,9.98,9.93,269125
2021-03-31,9.93,9.94,9.97,9.93,67081
2021-04-01,9.97,9.94,9.98,9.94,41538
2021-04-05,9.98,10.01,10.2,9.9658,175312
2021-04-06,10.0,10.0,10.1,9.98,97095
2021-04-07,10.0,9.95,10.0,9.95,62496
2021-04-08,9.96,9.96,9.99,9.95,59657
2021-04-09,9.95,9.96,9.99,9.9401,112751
2021-04-12,9.97,9.97,9.99,9.94,81863
2021-04-13,9.99,9.96,9.99,9.94,28779
2021-04-14,9.93,9.93,9.96,9.92,30318
2021-04-15,9.93,9.92,9.96,9.91,53877
2021-04-16,9.93,9.92,9.94,9.9,95147
2021-04-19,9.9,9.93,9.98,9.9,162867
2021-04-20,9.9,9.92,9.95,9.9,450288
2021-04-21,9.9,9.93,9.94,9.9,30996
2021-04-22,9.93,9.92,9.96,9.9101,40364
2021-04-23,9.98,9.92,9.98,9.91,43168
2021-04-26,9.93,9.93,9.95,9.92,16084
2021-04-27,9.93,9.96,9.96,9.88,302431
2021-04-28,9.93,9.94,9.96,9.93,18267
2021-04-29,9.98,9.96,9.98,9.93,24286
2021-04-30,9.93,9.96,9.96,9.93,12667
2021-05-03,9.96,9.95,9.96,9.92,67463
2021-05-04,9.94,9.95,9.95,9.92,90990
2021-05-05,9.93,9.95,9.96,9.93,30943
2021-05-06,9.93,9.97,9.97,9.93,44798
2021-05-07,9.97,9.95,9.97,9.95,13831
2021-05-10,9.97,9.92,9.99,9.91,89135
2021-05-11,9.92,9.98,10.0,9.92,311436
2021-05-12,9.98,9.99,10.0,9.98,50883
2021-05-13,10.0,10.0,10.005,9.97,204821
2021-05-14,10.0,9.95,10.0,9.93,99671
2021-05-17,9.99,9.93,9.99,9.93,27627
2021-05-18,9.93,9.93,9.99,9.93,56846
2021-05-19,9.94,9.95,10.0,9.93,35998
2021-05-20,9.93,9.95,9.98,9.93,7951
2021-05-21,9.96,9.95,9.96,9.94,12950
2021-05-24,10.0,9.97,10.0,9.95,12263
2021-05-25,10.01,9.96,10.01,9.955,13707
2021-05-26,9.95,9.93,10.0,9.93,37406
2021-05-27,9.93,9.95,9.96,9.93,24194
2021-05-28,9.95,9.95,9.96,9.94,19015
2021-06-01,9.94,9.97,9.97,9.94,95863
2021-06-02,9.96,9.95,9.96,9.94,8020
2021-06-03,9.96,9.94,9.96,9.94,16009
2021-06-04,9.94,9.95,9.95,9.94,7101
2021-06-07,9.95,9.97,9.97,9.94,48382
2021-06-08,9.97,9.97,9.97,9.955,140773
2021-06-09,9.96,9.97,9.99,9.96,28663
2021-06-10,9.97,9.96,9.97,9.95,23406
2021-06-11,9.96,9.96,9.99,9.96,41192
2021-06-14,9.97,9.95,9.97,9.95,49426
2021-06-15,9.95,9.98,9.99,9.95,80634
2021-06-16,9.97,9.95,9.98,9.94,52666
2021-06-17,9.95,9.94,9.96,9.94,222878
2021-06-18,9.94,9.95,9.96,9.94,36289
2021-06-21,9.97,9.96,9.98,9.95,25492
2021-06-22,9.9601,9.96,9.98,9.96,47525
2021-06-23,9.96,9.97,9.98,9.96,62668
2021-06-24,9.98,9.97,9.98,9.96,9205
2021-06-25,9.97,9.97,9.98,9.97,17201
2021-06-28,9.97,9.97,9.98,9.97,24424
2021-06-29,9.98,9.97,9.98,9.96,49546
2021-06-30,9.96,9.99,9.99,9.96,271168
2021-07-01,9.99,9.99,10.0,9.98,745053
2021-07-02,10.0,9.99,10.0,9.9815,209711
2021-07-06,9.99,9.98,9.99,9.97,22973
2021-07-07,9.99,9.98,10.0,9.98,33213
2021-07-08,9.99,9.98,9.99,9.98,9077
2021-07-09,9.97,9.99,9.99,9.97,25075
2021-07-12,10.0,9.99,10.0,9.97,18903
2021-07-13,9.97,9.99,10.0,9.96,66007
2021-07-14,9.96,9.98,10.0,9.96,23525
2021-07-15,9.97,9.99,10.0,9.97,19859
2021-07-16,9.99,9.97,10.0,9.95,964073
2021-07-19,9.99,10.04,10.07,9.97,890552
2021-07-20,9.95,10.0,10.0,9.95,53091
2021-07-21,10.02,9.97,10.02,9.97,28807
2021-07-22,9.97,9.97,9.99,9.97,9705
2021-07-23,9.97,9.97,9.99,9.97,28894
2021-07-26,10.0,9.96,10.0,9.96,44056
2021-07-27,9.96,9.97,9.98,9.96,166620
2021-07-28,9.95,9.97,9.97,9.95,65022
2021-07-29,9.96,9.97,9.97,9.96,16293
2021-07-30,9.96,9.96,9.9686,9.96,12412
2021-08-02,9.96,9.97,9.98,9.96,27003
2021-08-03,9.99,9.975,9.99,9.97,106521
2021-08-04,9.96,9.97,9.98,9.96,35499
2021-08-05,10.0,9.97,10.0,9.97,559559
2021-08-06,9.97,10.02,10.02,9.97,116908
2021-08-09,10.0,9.99,10.0,9.99,38831
2021-08-10,10.0,10.0,10.01,10.0,138403
2021-08-11,10.02,10.0,10.02,10.0,104453
2021-08-12,10.02,10.01,10.02,10.0,1838469
2021-08-13,10.01,10.0,10.01,10.0,213758
2021-08-16,10.01,10.0,10.01,9.99,603314
2021-08-17,10.02,10.01,10.02,10.0,814729
2021-08-18,10.02,10.0,10.02,10.0,66128
2021-08-19,10.01,10.0,10.01,10.0,163265
2021-08-20,10.01,10.01,10.01,10.0,186138
2021-08-23,9.87,9.64,9.87,9.5,103603
2021-08-24,9.62,9.89,10.1301,9.365,188331
2021-08-25,10.02,10.13,10.4,9.6,168158
2021-08-26,10.73,12.85,13.29,9.99,4776596
2021-08-27,13.44,12.59,18.41,11.77,3257908
2021-08-30,12.75,14.0,15.5,10.84,3059560
2021-08-31,13.77,13.43,14.04,13.04,937703
2021-09-01,14.1,13.27,14.36,13.24,613326
2021-09-02,13.5,13.5,14.4478,12.19,1056212
2021-09-03,14.0,16.66,18.57,13.99,7000823
2021-09-07,27.91,19.59,29.96,18.95,33550912
2021-09-08,19.19,18.84,19.4899,16.75,5183611
2021-09-09,19.29,17.31,19.54,17.25,1800398
2021-09-10,17.9,21.57,24.4,17.7273,11547380
2021-09-13,20.71,19.39,23.23,19.1,5406775
2021-09-14,20.35,23.32,23.85,19.5,8504782
2021-09-15,27.35,32.13,32.72,24.45,57260822
2021-09-16,43.94,41.4,47.5,35.022,59565851
2021-09-17,37.26,30.26,37.64,29.12,16219531
2021-09-20,27.95,33.34,33.85,26.18,13916437
2021-09-21,32.32,30.96,34.83,30.11,6674744
2021-09-22,30.6,29.41,31.81,29.11,3680464
2021-09-23,29.0,23.79,29.55,23.61,5379157
2021-09-24,23.4,25.76,26.2399,23.3,6084538
2021-09-27,25.2715,25.83,26.66,23.6179,7518749
2021-09-28,25.07,26.36,27.39,24.35,5139612
2021-09-29,25.35,20.03,25.6,19.66,6437254
2021-09-30,19.91,17.05,20.1,16.14,9705974
2021-10-01,14.71,14.08,15.16,12.51,14803872
2021-10-04,13.56,12.99,14.0599,12.65,3894378
2021-10-05,13.18,13.42,15.2,12.83,8406567
2021-10-06,13.17,12.99,13.75,12.8801,3893897
2021-10-07,13.15,12.45,13.48,12.42,3626324
2021-10-08,12.47,12.0,12.58,11.8399,2299763
2021-10-11,11.95,11.94,12.57,11.55,2152735
2021-10-12,11.89,11.57,12.15,11.48,1583363
2021-10-13,11.65,11.08,11.74,10.97,2482657
2021-10-14,11.04,10.87,11.16,10.5,2952939
2021-10-15,10.86,10.91,11.42,10.69,3360694
2021-10-18,10.73,10.07,10.87,9.97,3325315
2021-10-19,10.0,11.41,11.59,9.75,7123098
2021-10-20,11.09,10.68,11.3672,10.57,2437416
2021-10-21,10.63,10.27,11.5739,10.21,3635882
2021-10-22,10.03,9.81,10.32,9.75,2690385
2021-10-25,9.85,10.37,10.4699,9.51,2061398
2021-10-26,10.17,10.3,11.3,10.01,2545507
2021-10-27,10.6,16.34,17.0,10.41,78326784
2021-10-28,13.82,12.39,14.2199,11.75,22100533
2021-10-29,11.89,12.4,13.5899,11.83,11528212
2021-11-01,12.4,11.98,12.99,11.63,5017924
2021-11-02,11.74,12.0,12.78,11.55,3914440
2021-11-03,11.88,12.22,12.9,11.88,4578805
2021-11-04,12.21,11.8,12.65,11.75,2311696
2021-11-05,11.85,11.22,11.85,11.04,2259542
2021-11-08,11.36,11.23,11.44,10.86,2604753
2021-11-09,11.18,11.29,11.43,10.87,1652586
2021-11-10,11.04,10.77,11.58,10.45,3679841
2021-11-11,10.64,10.63,10.79,10.46,1239180
2021-11-12,10.66,10.45,10.73,10.25,1991048
2021-11-15,10.44,10.55,10.75,10.11,1656421
2021-11-16,10.35,10.78,10.85,10.32,1466073
2021-11-17,10.75,10.47,11.07,10.4435,939788
2021-11-18,10.65,10.08,10.69,9.9,1266931
2021-11-19,10.17,10.52,10.68,10.1,1187537
2021-11-22,10.44,9.64,10.48,9.42,2420681
2021-11-23,9.6,9.19,9.71,9.0,1458373
2021-11-24,8.94,9.27,9.45,8.82,1353132
2021-11-26,9.18,9.08,9.24,8.85,716117
2021-11-29,9.02,8.54,9.09,8.38,1676284
2021-11-30,8.46,8.04,8.61,7.83,1543537
2021-12-01,8.2,7.3,8.2,7.23,1303073
2021-12-02,7.3,7.56,7.7288,7.19,1475502
2021-12-03,7.67,7.43,7.78,6.94,1579697
2021-12-06,7.3,7.29,7.55,6.9,1840611
2021-12-07,7.5,8.18,8.5173,7.47,1943289
2021-12-08,8.28,8.05,8.4,7.87,1207118
2021-12-09,8.1,7.39,8.1,7.3,1818470
2021-12-10,7.5,7.15,7.6,6.97,1383689
2021-12-13,7.08,6.66,7.37,6.6,1947938
2021-12-14,6.55,6.66,6.8,6.45,1161475
2021-12-15,6.7,6.8,7.08,6.32,4010880
2021-12-16,4.91,4.66,5.5,4.64,8281378
2021-12-17,4.68,4.32,4.68,4.29,5354439
2021-12-20,4.08,4.36,4.64,3.98,4201854
2021-12-21,4.37,4.52,4.7,4.19,2193439
2021-12-22,4.5,4.68,4.91,4.4301,1821593
2021-12-23,4.59,4.73,4.83,4.55,922629
2021-12-27,4.68,4.36,4.72,4.32,1212110
2021-12-28,4.34,4.36,4.34,4.07,1081268
2021-12-29,4.09,4.08,4.2471,3.8801,1159278
2021-12-30,4.04,4.18,4.27,3.9856,1133952
2021-12-31,4.14,4.2,4.43,4.08,1453511
2022-01-03,4.21,4.25,4.285,4.05,813471
2022-01-04,4.39,4.15,4.43,3.95,1181218
2022-01-05,4.11,3.82,4.13,3.71,1282010
2022-01-06,3.8,3.67,3.8783,3.53,729698
2022-01-07,3.64,3.61,3.75,3.52,694981
2022-01-10,3.6,3.53,3.63,3.2747,1264114
2022-01-11,3.43,3.85,4.05,3.35,1749882
2022-01-12,3.85,3.65,3.97,3.62,777646
2022-01-13,3.7,3.32,3.728,3.3,886181
2022-01-14,3.35,3.46,3.525,3.2216,887069
2022-01-18,3.41,3.37,3.68,3.31,1015945
2022-01-19,3.41,3.34,3.4637,3.26,775576
2022-01-20,3.43,3.46,3.68,3.38,874185
2022-01-21,3.39,3.19,3.5292,3.16,1179699
2022-01-24,3.08,3.08,3.0999,2.65,1416240
2022-01-25,2.97,3.06,3.1483,2.9,945895
2022-01-26,3.19,2.98,3.29,2.9612,974381
2022-01-27,2.99,2.8,3.04,2.74,704388
2022-01-28,2.81,2.97,3.02,2.68,828279
2022-01-31,3.06,3.41,3.41,3.0199,860503
2022-02-01,3.44,3.44,3.4977,3.21,701717
2022-02-02,3.54,3.15,3.54,3.13,524135
2022-02-03,3.1,2.98,3.1766,2.93,656538
2022-02-04,3.05,3.28,3.29,2.93,810561
2022-02-07,3.25,3.49,3.5113,3.1768,633476
2022-02-08,3.45,3.44,3.5691,3.27,1349178
2022-02-09,3.47,3.51,3.6914,3.38,4740834
2022-02-10,4.26,4.32,4.92,4.19,68383444
2022-02-11,4.07,3.8,4.11,3.7,6138665
2022-02-14,3.7,3.71,3.77,3.52,2350900
2022-02-15,3.8,4.07,4.1095,3.66,2659307
2022-02-16,3.99,3.89,4.069,3.8,1620020
2022-02-17,3.88,3.99,4.4401,3.86,3542509
2022-02-18,3.99,3.69,4.04,3.5886,1558078
2022-02-22,3.64,4.15,4.45,3.63,3245221
2022-02-23,4.31,4.09,4.4,3.9,1742696
2022-02-24,3.85,5.2,6.17,3.81,28322127
2022-02-25,5.1,6.11,7.12,5.06,53116894
2022-02-28,5.77,4.66,5.92,4.5,17571402
2022-03-01,4.67,4.87,5.44,4.66,9453204
2022-03-02,5.0,5.5,5.57,4.73,7392546
2022-03-03,5.32,5.33,5.685,5.06,6028596
2022-03-04,5.09,4.81,5.2733,4.59,3848003
2022-03-07,4.66,4.33,4.69,4.1241,5346795
2022-03-08,4.22,4.76,5.38,3.9401,16956823
2022-03-09,4.69,4.64,5.09,4.45,7543916
2022-03-10,4.7,4.48,5.11,4.4,5473692
2022-03-11,4.36,4.02,4.58,4.01,2185183
2022-03-14,4.0,4.04,4.2115,3.81,3358244
2022-03-15,3.98,3.71,4.0999,3.6,3134797
2022-03-16,3.76,3.72,3.89,3.61,2656836
2022-03-17,3.68,3.81,3.8999,3.52,4722713
2022-03-18,3.64,4.0,4.14,3.62,3828723
2022-03-21,3.98,4.58,4.82,3.8896,10536159
2022-03-22,4.37,4.64,4.87,4.26,7010359
2022-03-23,4.54,4.2,4.78,4.14,4712076
2022-03-24,4.21,4.25,4.36,4.09,1653837
2022-03-25,4.2,3.93,4.2,3.76,1787211
2022-03-28,3.91,3.87,4.11,3.86,2179768
2022-03-29,3.88,4.11,4.2981,3.81,2322324
2022-03-30,4.05,3.98,4.42,3.92,2479108
2022-03-31,4.0,3.8,4.0072,3.76,1657500
2022-04-01,3.83,3.69,3.83,3.5773,2792748
2022-04-04,3.72,3.75,3.8879,3.7,1546184
2022-04-05,3.7,3.72,3.81,3.58,1147765
2022-04-06,3.51,3.58,3.59,3.33,2680539
2022-04-07,3.16,3.4,3.4,3.021,2558268
2022-04-08,3.35,3.44,3.51,3.1604,920411
2022-04-11,3.25,3.11,3.28,3.0957,1251951
2022-04-12,3.16,3.07,3.3486,3.03,1455175
2022-04-13,3.05,3.25,3.31,2.98,1354919
2022-04-14,3.27,3.14,3.28,3.12,826705
2022-04-18,3.11,3.03,3.12,2.9,2159597
2022-04-19,3.03,3.22,3.29,2.985,1506569
2022-04-20,3.07,3.07,3.16,2.93,1322400
2022-04-21,3.08,2.89,3.1807,2.86,1023951
2022-04-22,2.85,2.78,2.98,2.77,828570
2022-04-25,2.69,2.81,2.87,2.61,1410810
2022-04-26,2.8,2.73,2.8189,2.6501,887641
2022-04-27,2.71,2.68,2.8111,2.645,908608
2022-04-28,2.74,2.73,2.79,2.55,952682
2022-04-29,2.69,2.68,2.85,2.64,640813
2022-05-02,2.66,2.81,2.92,2.63,933537
2022-05-03,2.76,2.9,2.94,2.68,1285885
2022-05-04,2.8,3.12,3.12,2.72,968617
2022-05-05,3.07,2.98,3.07,2.83,884031
2022-05-06,2.9,2.85,2.91,2.76,678568
2022-05-09,2.7,2.53,2.79,2.48,865553
2022-05-10,2.59,2.34,2.6201,2.281,1445303
2022-05-11,2.29,2.25,2.52,2.22,934854
2022-05-12,2.18,2.34,2.4101,2.03,1223887
2022-05-13,2.43,2.51,2.655,2.3989,663399
2022-05-16,2.53,2.54,2.64,2.39,897559
2022-05-17,2.63,2.67,2.765,2.54,891325
2022-05-18,2.59,2.63,2.83,2.51,1073431
2022-05-19,2.55,2.68,2.7989,2.55,515648
2022-05-20,2.7,2.67,2.76,2.58,656435
2022-05-23,2.62,2.8,2.84,2.56,741351
2022-05-24,2.7,2.66,2.78,2.59,1014111
2022-05-25,2.67,2.88,3.04,2.63,1149851
2022-05-26,2.76,2.93,3.05,2.7407,481131
2022-05-27,2.99,3.12,3.2,2.99,664452
2022-05-31,3.17,3.29,3.365,3.065,1094833
2022-06-01,3.21,3.21,3.3799,3.17,833698
2022-06-02,3.18,2.99,3.245,2.9,1362622
2022-06-03,2.88,2.89,3.02,2.81,1076003
2022-06-06,2.96,2.76,3.03,2.74,2419464
2022-06-07,2.73,2.77,2.77,2.58,1383013
2022-06-08,2.73,2.76,3.03,2.7,1181814
2022-06-09,2.67,2.64,2.76,2.6,751134
2022-06-10,2.55,2.45,2.59,2.43,837472
2022-06-13,2.39,2.38,2.72,2.325,2286644
2022-06-14,2.41,2.55,2.6,2.29,2218500
2022-06-15,2.14,2.24,2.33,2.1,2415523
2022-06-16,2.11,2.26,2.27,2.06,1225481
2022-06-17,2.23,2.54,2.72,2.21,2196819
2022-06-21,2.54,2.6,2.76,2.54,1151760
2022-06-22,2.54,2.67,2.76,2.54,982758
2022-06-23,2.66,2.95,2.95,2.582,1306720
2022-06-24,2.97,2.76,3.06,2.73,7712108
2022-06-27,2.75,2.6,2.86,2.54,1326856
2022-06-28,2.62,2.39,2.665,2.36,742495
2022-06-29,2.36,2.19,2.4687,2.15,1598674
2022-06-30,2.18,2.21,2.24,2.14,453989
2022-07-01,2.17,2.11,2.2,2.03,986059
2022-07-05,2.05,2.35,2.37,1.99,1006415
2022-07-06,2.36,2.35,2.42,2.271,872862
2022-07-07,2.39,2.58,2.65,2.35,789164
2022-07-08,2.55,2.57,2.62,2.505,314566
2022-07-11,2.52,2.39,2.55,2.37,566804
2022-07-12,2.36,2.4,2.49,2.26,561741
2022-07-13,2.35,2.48,2.48,2.301,320330
2022-07-14,2.42,2.45,2.46,2.3101,351485
2022-07-15,2.48,2.44,2.489,2.35,793006
2022-07-18,2.515,2.41,2.59,2.39,478271
2022-07-19,2.47,2.42,2.51,2.32,451147
2022-07-20,2.43,2.49,2.59,2.4095,462536
2022-07-21,2.48,2.51,2.5325,2.38,405608
2022-07-22,2.5,2.23,2.5,2.22,861333
2022-07-25,2.25,2.25,2.27,2.24,363850
2022-07-26,2.2,2.04,2.2,2.03,1139726
2022-07-27,2.02,2.09,2.14,2.01,826997
2022-07-28,2.13,2.18,2.185,2.04,642691
2022-07-29,2.17,2.22,2.265,2.11,484255
2022-08-01,2.15,2.23,2.3,2.1307,473226
2022-08-02,2.24,2.35,2.4642,2.23,1069928
2022-08-03,2.34,2.4,2.485,2.27,1152966
2022-08-04,2.41,2.36,2.445,2.315,435205
2022-08-05,2.41,2.41,2.42,2.29,551376
2022-08-08,2.41,2.58,2.69,2.401,1041431
2022-08-09,2.51,2.47,2.52,2.3218,854386
2022-08-10,2.51,2.6,2.66,2.51,589420
2022-08-11,2.59,2.56,2.73,2.47,672037
2022-08-12,2.57,2.59,2.61,2.5197,453589
2022-08-15,2.59,2.54,2.61,2.5,448403
2022-08-16,2.52,2.41,2.5588,2.38,711441
2022-08-17,2.38,2.33,2.41,2.28,493282
2022-08-18,2.28,2.31,2.34,2.24,207011
2022-08-19,2.3,2.17,2.3,2.155,466017
2022-08-22,2.12,2.1,2.17,2.07,477616
2022-08-23,2.08,2.08,2.16,2.05,420755
2022-08-24,2.12,2.11,2.15,2.07,476175
2022-08-25,2.14,2.2,2.275,2.075,877726
2022-08-26,2.22,2.12,2.22,2.105,386053
2022-08-29,2.1,2.02,2.1293,2.01,617199
2022-08-30,2.04,2.03,2.07,1.99,315172
2022-08-31,2.04,2.02,2.08,2.0,613926
2022-09-01,2.03,1.92,2.03,1.85,940015
2022-09-02,1.9,1.98,2.02,1.835,696195
2022-09-06,1.96,1.98,2.03,1.91,665378
2022-09-07,1.99,2.01,2.02,1.9,447624
2022-09-08,2.01,2.14,2.18,1.9809,488135
2022-09-09,2.17,2.22,2.25,2.151,519495
2022-09-12,2.26,2.37,2.38,2.24,585771
2022-09-13,2.19,2.17,2.315,2.13,1042728
2022-09-14,2.14,2.2,2.27,2.0612,1199989
2022-09-15,1.2,1.22,1.37,1.11,11990327
2022-09-16,1.18,1.2,1.41,1.15,5129397
2022-09-19,1.2,1.15,1.22,1.13,1944469
2022-09-20,1.13,1.01,1.1394,0.9836,2220120
2022-09-21,1.0,0.9045,1.01,0.9,2951243
2022-09-22,0.8592,0.8649,0.9385,0.8401,1281675
2022-09-23,0.8501,0.8557,0.8889,0.82,1033533
2022-09-26,0.83,0.768,0.8499,0.7608,1031022
2022-09-27,0.74,0.7901,0.8085,0.74,619273
2022-09-28,0.7315,0.7844,0.79,0.7315,523073
2022-09-29,0.7798,0.7073,0.7801,0.7058,556844
2022-09-30,0.7107,0.689,0.73,0.689,398887
2022-10-03,0.6999,0.6718,0.7105,0.661,430980
2022-10-04,0.68,0.7221,0.7249,0.68,827315
2022-10-05,0.7043,0.6311,0.7124,0.63,1231564
2022-10-06,0.61,0.6311,0.6445,0.61,516969
2022-10-07,0.63,0.5627,0.63,0.5605,644254
2022-10-10,0.54,0.6221,0.683976,0.5316,4762261
2022-10-11,0.6299,0.5638,0.63,0.5601,869762
2022-10-12,0.5679,0.5569,0.5679,0.533,676825
2022-10-13,0.5292,0.5301,0.5477,0.505,935379
2022-10-14,0.546,0.5377,0.555,0.514099,538383
2022-10-17,0.54,0.5814,0.5947,0.54,523175
2022-10-18,0.5989,0.6261,0.637,0.59,525277
2022-10-19,0.63,0.6131,0.6329,0.6,587712
2022-10-20,0.551,0.6572,0.6598,0.551,735261
2022-10-21,0.6547,0.655,0.717,0.6332,884121
2022-10-24,0.6699,0.5904,0.67,0.5829,424151
2022-10-25,0.5851,0.6844,0.69,0.560601,734791
2022-10-26,0.66,0.676,0.75,0.65,781650
2022-10-27,0.65,0.6318,0.69,0.6305,639677
2022-10-28,0.6599,0.6458,0.6599,0.625001,197419
2022-10-31,0.6567,0.71,0.72,0.650101,575527
2022-11-01,0.7,0.8338,0.85,0.7,938717
2022-11-02,0.8442,0.7255,0.8463,0.7207,535331
2022-11-03,0.7252,0.6603,0.74,0.6487,633439
2022-11-04,0.6735,0.6362,0.712499,0.63,491275
2022-11-07,0.6367,0.6249,0.6544,0.6167,254330
2022-11-08,0.63,0.6257,0.66,0.62,208926
2022-11-09,0.62,0.5756,0.6441,0.56,287018
2022-11-10,0.61,0.6199,0.65,0.585,594971
2022-11-11,0.63,0.6476,0.69,0.629,518755
2022-11-14,0.65,0.656,0.6781,0.62,468558
2022-11-15,0.65,0.6077,0.657099,0.5801,802898
2022-11-16,0.59,0.6115,0.62,0.59,318587
2022-11-17,0.59,0.6011,0.6101,0.5429,582457
2022-11-18,0.63,0.5834,0.63,0.5822,221376
2022-11-21,0.58,0.5441,0.5899,0.5441,443055
2022-11-22,0.54,0.5356,0.54,0.5123,301239
2022-11-23,0.5399,0.5263,0.55,0.513,743150
2022-11-25,0.5185,0.499,0.539,0.499,743986
2022-11-28,0.5,0.46,0.506999,0.45,1360538
2022-11-29,0.4622,0.4462,0.57,0.4202,3920289
2022-11-30,0.4195,0.437,0.4568,0.4061,1156277
2022-12-01,0.4045,0.4282,0.4317,0.4045,1033857
2022-12-02,0.4399,0.431,0.44,0.411,732996
2022-12-05,0.4004,0.3981,0.4235,0.395,1083940
2022-12-06,0.4001,0.356,0.4125,0.3523,1352967
2022-12-07,0.3527,0.322,0.37,0.312,1253161
2022-12-08,0.3,0.2925,0.3184,0.29,1481144
2022-12-09,0.3,0.3035,0.411,0.296,4367043
2022-12-12,0.3029,0.2949,0.31,0.28,1539021
2022-12-13,0.281,0.28,0.305,0.2557,1706663
2022-12-14,0.2522,0.2722,0.275,0.2522,1289373
2022-12-15,0.25,0.2586,0.2717,0.2499,2171563
2022-12-16,0.26,0.27,0.27,0.251,1629905
2022-12-19,0.24,0.2089,0.243,0.2002,3864229
2022-12-20,0.2,0.1951,0.2176,0.195,2493472
2022-12-21,0.2,0.1995,0.21,0.195,1929144
2022-12-22,0.2148,0.225,0.2394,0.2,2192498
2022-12-23,0.2214,0.2176,0.2315,0.214,1371562
2022-12-27,0.265,0.2363,0.32,0.2228,7394402
2022-12-28,0.2271,0.213,0.248,0.2027,2017196
2022-12-29,0.21,0.2302,0.235,0.21,845755
2022-12-30,0.2233,0.23,0.26,0.211,1984149
2023-01-03,0.216,0.31,0.31,0.216,1281911
2023-01-04,0.2793,0.275,0.29,0.2468,1277340
2023-01-05,0.2686,0.2545,0.306669,0.24,1751928
2023-01-06,0.26,0.2431,0.2671,0.2398,1176604
2023-01-09,0.2532,0.2631,0.2699,0.2501,666246
2023-01-10,0.28,0.2827,0.298,0.2561,775681
2023-01-11,0.2874,0.31,0.3299,0.27495,3331932
2023-01-12,0.315,0.3041,0.3323,0.2786,2346147
2023-01-13,0.301,0.4197,0.495,0.29,14263129
2023-01-17,0.414,0.4089,0.4199,0.36,2782239
2023-01-18,0.39,0.38,0.4489,0.3794,1447693
2023-01-19,0.3818,0.3511,0.4,0.333,949530
2023-01-20,0.3688,0.3547,0.3787,0.35,1034413
2023-01-23,0.3581,0.3521,0.39,0.35,927173
2023-01-24,0.3515,0.4316,0.581,0.3515,13262630
2023-01-25,0.4393,0.4176,0.445,0.3762,2052779
2023-01-26,0.4399,0.451,0.5097,0.421,4619675
2023-01-27,0.42,0.4304,0.4847,0.405,2966386
2023-01-30,0.4215,0.424,0.43,0.41,771791
2023-01-31,0.425,0.399,0.434999,0.3945,1660649
2023-02-01,0.4009,0.3802,0.41,0.3662,1287303
2023-02-02,0.375,0.38,0.42,0.3605,1619410
2023-02-03,0.39,0.4257,0.43,0.381001,2055386
2023-02-06,0.45,0.5655,0.589,0.4334,8564820
2023-02-07,0.6402,0.5131,0.66,0.5085,9571653
2023-02-08,0.5302,0.4743,0.547,0.47,2378543
2023-02-09,0.4878,0.4635,0.51,0.448,1733567
2023-02-10,0.46,0.486,0.49,0.417,1353393
2023-02-13,0.49,0.4853,0.5,0.47,914878
2023-02-14,0.4899,0.4716,0.49,0.4367,771068
2023-02-15,0.4693,0.4805,0.4888,0.4451,603830
2023-02-16,0.4792,0.4566,0.49,0.452,735358
2023-02-17,0.4639,0.4433,0.464684,0.42,1194962
2023-02-21,0.4404,0.4476,0.455,0.3777,1576035
2023-02-22,0.4536,0.4361,0.46,0.43,438495
2023-02-23,0.43,0.428,0.43,0.4,819672
2023-02-24,0.4105,0.4782,0.486,0.4019,1695136
2023-02-27,0.48,0.4631,0.49,0.45,474927
2023-02-28,0.4498,0.4762,0.535,0.4498,1416695
2023-03-01,0.485,0.515,0.533,0.48,1078080
2023-03-02,0.5227,0.4616,0.5227,0.4501,771627
2023-03-03,0.47,0.4902,0.5,0.46,682766
2023-03-06,0.4974,0.4529,0.5,0.45,562441
2023-03-07,0.4505,0.4345,0.465,0.43,423407
2023-03-08,0.4382,0.4002,0.4382,0.3901,802649
2023-03-09,0.4029,0.3555,0.4029,0.3555,1113576
2023-03-10,0.3601,0.3377,0.3781,0.3334,555224
2023-03-13,0.34,0.3301,0.35,0.3158,646497
2023-03-14,0.36,0.3266,0.36,0.321,558541
2023-03-15,0.34,0.3031,0.344,0.302299,700255
2023-03-16,0.3014,0.3189,0.335,0.2911,946292
2023-03-17,0.32,0.46,0.46,0.3062,1484081
2023-03-20,0.33,0.3593,0.3746,0.301,1355474
2023-03-21,0.3644,0.38,0.39,0.3644,536263
2023-03-22,0.378,0.3613,0.42,0.352,566368
2023-03-23,0.3605,0.3406,0.38,0.3316,632275
2023-03-24,0.34,0.3187,0.3497,0.31,366933
2023-03-27,0.3315,0.3243,0.3315,0.3201,219226
2023-03-28,0.3227,0.3244,0.34,0.32,160479
2023-03-29,0.33,0.32,0.344199,0.32,212219
2023-03-30,0.3246,0.333,0.35,0.3241,524432
2023-03-31,0.35,0.3516,0.3597,0.3301,419406
2023-04-03,0.3562,0.3415,0.3562,0.321,334549
2023-04-04,0.34,0.359,0.359,0.311901,391730
2023-04-05,0.3482,0.3187,0.3482,0.31,363165
2023-04-06,0.31,0.3299,0.3386,0.31,410273
2023-04-10,0.3226,0.3171,0.3369,0.301,644434
2023-04-11,0.31,0.311,0.32,0.3023,406189
2023-04-12,0.3216,0.3024,0.328,0.302,429509
2023-04-13,0.33,0.3086,0.33,0.292201,1072404
2023-04-14,0.3024,0.2959,0.3098,0.2913,340271
2023-04-17,0.3048,0.2738,0.3069,0.26,1220463
2023-04-18,0.28,0.2674,0.2908,0.265,397711
2023-04-19,0.2723,0.2668,0.287,0.261101,226123
2023-04-20,0.262,0.2597,0.2749,0.2506,325465
2023-04-21,0.26,0.2587,0.26,0.25,387907
2023-04-24,0.2628,0.25,0.2628,0.245,523400
2023-04-25,0.25,0.2745,0.3,0.25,673361
2023-04-26,0.2769,0.2644,0.2792,0.25,417200
2023-04-27,0.2565,0.2764,0.2805,0.251,394758
2023-04-28,0.2695,0.2776,0.2799,0.2645,185627
2023-05-01,0.2865,0.296,0.3,0.2824,497696
2023-05-02,0.2925,0.2769,0.2925,0.275,266357
2023-05-03,0.2791,0.297,0.3252,0.2701,673950
2023-05-04,0.277,0.31,0.31,0.277,261051
