2014-02-21,34.180322,34.180322,34.180322,34.180322,39
2014-02-24,34.180322,28.483601,34.180322,28.483601,210
2014-02-27,34.180322,34.180322,34.180322,34.180322,1319
2014-03-04,34.180322,34.180322,34.180322,34.180322,247
2014-03-05,34.180322,34.180322,34.180322,34.180322,694
2014-04-01,31.331962,31.331962,31.331962,31.331962,0
2014-06-11,32.756142,32.756142,32.756142,32.756142,90
2014-06-16,35.604502,35.604502,35.604502,35.604502,0
2014-06-20,35.604502,35.604502,35.604502,35.604502,800
2014-06-26,35.661469,35.661469,35.661469,35.661469,159
2014-07-10,35.889338,35.889338,35.889338,35.889338,400
2014-07-15,35.889338,35.889338,35.889338,35.889338,325
2014-07-22,36.003272,36.003272,36.003272,36.003272,427
2014-07-24,35.604502,35.604502,35.604502,35.604502,442
2014-08-15,35.775403,35.775403,35.775403,35.775403,646
2014-08-19,35.604502,35.604502,35.604502,35.604502,30
2014-08-20,35.604502,35.604502,35.604502,35.604502,990
2014-08-22,35.604502,35.604502,35.604502,35.604502,517
2014-08-26,35.319666,35.319666,35.319666,35.319666,584
2014-09-02,32.756142,32.756142,32.756142,32.756142,91
2014-09-05,35.604502,35.604502,35.604502,35.319666,1092
2014-09-08,35.148764,35.148764,35.148764,35.148764,371
2014-09-12,35.03483,35.03483,35.03483,35.03483,721
2014-09-18,35.319666,35.319666,35.319666,35.319666,750
2014-09-22,35.319666,35.319666,35.319666,35.319666,1189
2014-10-03,35.319666,35.319666,35.319666,35.319666,78
2014-10-21,35.03483,35.03483,35.03483,34.749994,555
2014-10-30,35.03483,35.03483,35.205731,35.03483,1854
2014-11-11,34.749994,34.749994,34.749994,34.749994,880
2014-11-14,34.749994,34.749994,34.749994,34.749994,105
2014-12-03,35.03483,35.03483,35.03483,35.03483,200
2014-12-04,35.319666,34.749994,35.319666,34.749994,938
2014-12-05,34.180322,34.749994,34.749994,34.180322,224
2014-12-11,35.03483,35.03483,35.03483,35.03483,645
2014-12-15,34.749994,34.749994,34.749994,34.749994,564
2014-12-16,34.180322,31.331962,34.180322,31.331962,476
2014-12-18,22.786881,22.786881,22.786881,22.786881,10
2014-12-19,17.090161,22.786881,23.071717,17.090161,440
2015-01-14,28.483601,28.483601,28.483601,28.483601,250
2015-01-20,34.749994,34.749994,34.749994,34.749994,200
2015-01-22,34.749994,34.749994,34.749994,34.749994,400
2015-01-23,35.889338,35.889338,35.889338,35.889338,200
2015-02-03,34.749994,34.749994,34.749994,34.749994,968
2015-02-11,35.0,35.0,35.0,35.0,250
2015-02-19,35.0,35.0,35.0,35.0,110
2015-03-03,32.0,32.0,32.5,32.0,233
2015-03-06,30.0,30.0,30.0,28.5,4671
2015-03-09,NaN,30.0,NaN,NaN,0
2015-03-10,30.1,30.1,30.1,30.1,606
2015-03-11,29.8,25.5,29.8,25.5,387
2015-03-12,NaN,25.5,NaN,NaN,0
2015-03-16,27.65,27.65,27.65,27.65,790
2015-03-20,29.0,29.0,29.0,29.0,788
2015-03-23,29.0,25.0,29.0,25.0,362
2015-03-24,20.0,20.0,20.0,20.0,100
2015-03-26,20.2,20.2,28.8,20.2,1695
2015-03-30,28.8,28.8,28.8,28.8,600
2015-04-07,29.0,29.0,29.0,29.0,799
2015-04-08,28.8,28.8,28.8,28.8,900
2015-04-09,28.8,28.8,28.8,28.8,389
2015-04-13,21.6,21.6,28.8,21.6,3474
2015-04-16,30.0,30.0,30.0,30.0,107
2015-04-23,29.0,29.0,29.0,29.0,165
2015-04-24,28.8,28.8,28.8,28.8,200
2015-04-27,28.8,28.8,28.8,28.8,311
2015-04-28,29.0,29.0,29.0,28.8,1937
2015-05-06,28.8,28.8,28.8,28.8,198
2015-05-29,28.8,28.8,28.8,28.8,200
2015-06-16,27.0,27.0,27.0,27.0,100
2015-06-17,27.0,27.0,28.2,27.0,311
2015-06-18,27.4,27.4,27.4,27.4,551
2015-06-26,26.8,26.8,26.8,26.8,350
2015-07-08,29.0,29.0,29.0,29.0,353
2015-07-10,27.5,27.5,27.5,27.5,341
2015-07-13,27.4,27.4,27.4,27.4,500
2015-07-28,27.0,27.0,27.0,27.0,650
2015-07-30,27.0,27.0,27.0,27.0,135
2015-08-04,27.5,27.5,27.5,27.5,1125
2015-08-11,27.3,27.3,27.3,27.3,63
2015-08-14,27.1,27.1,27.1,27.1,378
2015-08-18,27.0,27.5,27.5,27.0,410
2015-08-20,27.3,27.3,27.3,27.3,63
2015-08-25,27.5,27.5,27.5,27.5,651
2015-09-01,26.2,26.2,27.5,26.2,640
2015-09-03,27.2,27.2,27.2,27.2,199
2015-09-08,26.3,26.3,26.3,26.3,81
2015-09-09,27.2,27.2,27.5,27.2,263
2015-09-10,26.2,26.2,26.2,26.2,952
2015-09-18,27.2,27.2,27.2,27.2,73
2015-09-21,27.5,27.5,27.5,27.5,754
2015-09-29,27.0,27.0,27.0,27.0,143
2015-10-01,26.0,26.0,26.0,25.8,1857
2015-10-06,26.8,26.8,26.8,26.8,282
2015-10-15,23.0,23.0,23.0,23.0,364
2015-10-16,17.5,17.5,17.5,17.5,90
2015-10-22,25.3,25.3,25.3,25.3,1256
2015-10-23,23.0,23.0,23.0,23.0,135
2015-10-28,23.0,23.0,23.0,23.0,124
2015-10-29,25.0,25.0,25.0,25.0,90
2015-11-10,25.15,25.15,26.5,25.15,2949
2015-11-13,25.1,25.1,25.1,25.1,250
2015-11-16,25.1,25.1,25.1,25.1,1610
2015-11-19,25.0,25.0,25.0,25.0,425
2015-11-25,26.1,26.1,26.1,26.1,168
2015-12-01,26.2,26.2,26.2,26.2,656
2015-12-08,25.7,25.7,26.0,25.7,202
2015-12-09,25.8,25.8,25.8,25.8,170
2015-12-10,0.00877,0.00877,0.00877,0.00877,285
2015-12-14,0.009,0.009,0.009,0.009,1446
2015-12-16,26.0,26.0,26.0,26.0,715
2015-12-18,25.82,25.82,25.82,25.8,1455
2015-12-23,26.0,26.0,26.0,26.0,496
2015-12-29,26.1,26.1,26.1,26.1,693
2016-01-06,26.0,26.0,26.0,26.0,142
2016-01-14,27.0,27.0,27.0,27.0,1093
2016-01-20,26.2,26.2,26.2,26.2,173
2016-01-22,26.5,26.5,26.5,26.5,266
2016-01-25,25.6,25.6,25.6,25.6,237
2016-01-26,25.6,25.6,25.6,25.6,625
2016-01-27,27.0,27.0,27.0,27.0,283
2016-02-10,26.0,26.0,26.0,26.0,104
2016-02-11,26.7,26.7,26.7,26.7,1016
2016-02-12,24.1,24.1,24.1,24.1,1408
2016-02-16,22.5,22.5,22.5,22.5,100
2016-02-17,22.5,22.5,22.5,22.5,539
2016-02-18,24.1,24.1,24.1,24.1,1400
2016-02-25,22.5,22.5,22.5,22.5,639
2016-03-01,24.8,24.8,24.8,24.8,190
2016-03-10,24.8,24.8,24.8,24.8,198
2016-03-16,24.8,24.8,24.8,24.0,565
2016-03-17,NaN,24.8,NaN,NaN,0
2016-03-18,24.0,24.0,24.0,24.0,500
2016-03-22,24.0,24.0,24.0,24.0,210
2016-03-23,23.0,20.0,23.0,20.0,196
2016-03-24,24.0,24.0,24.0,24.0,107
2016-03-29,25.0,25.0,25.0,24.5,969
2016-03-30,NaN,25.0,NaN,NaN,0
2016-03-31,24.1,24.1,24.5,24.1,5910
2016-04-01,NaN,24.1,NaN,NaN,0
2016-04-06,24.5,24.1,24.5,24.5,125
2016-04-07,NaN,24.1,NaN,NaN,0
2016-04-11,24.5,24.5,24.5,24.5,1290
2016-04-21,24.5,24.5,24.5,24.5,0
2016-04-22,24.5,24.5,24.5,24.5,0
2016-04-25,24.5,24.5,24.5,24.5,0
2016-04-26,24.5,24.5,24.5,24.5,0
2016-04-27,24.5,24.5,24.5,24.5,0
2016-04-28,24.5,24.5,24.5,24.5,0
2016-04-29,24.5,24.5,24.5,24.5,0
2016-05-03,24.5,24.5,24.5,24.5,0
2016-05-04,24.5,24.5,24.5,24.5,0
2016-05-05,16.0,16.0,16.0,16.0,882
2016-05-06,16.0,16.0,16.0,16.0,0
2016-05-09,16.0,16.0,16.0,16.0,0
2016-05-10,16.0,16.0,16.0,16.0,0
2016-05-11,16.0,16.0,16.0,16.0,0
2016-05-12,16.0,16.0,16.0,16.0,0
2016-05-13,16.0,16.0,16.0,16.0,0
2016-05-16,15.0,15.0,15.0,15.0,1069
2016-05-17,15.0,15.0,15.0,15.0,0
2016-05-18,15.0,15.0,15.0,15.0,0
2016-05-19,15.0,15.0,15.0,15.0,0
2016-05-20,15.0,15.0,15.0,15.0,0
2016-05-23,15.0,15.0,15.0,15.0,0
2016-05-24,15.0,15.0,15.0,15.0,0
2016-05-25,18.0,18.0,18.0,18.0,373
2016-05-26,18.0,18.0,18.0,18.0,0
2016-05-27,17.6,17.6,17.6,17.6,225
2016-05-31,17.6,17.6,17.6,17.6,0
2016-06-01,15.0,15.0,15.0,15.0,200
2016-06-02,15.0,15.0,15.0,15.0,0
2016-06-03,15.0,15.0,15.0,15.0,0
2016-06-07,18.0,18.0,18.0,18.0,273
2016-06-14,17.0,17.0,17.0,17.0,900
2016-06-15,17.0,17.0,17.0,17.0,0
2016-06-16,17.0,17.0,17.0,17.0,0
2016-06-21,17.5,17.0,17.5,17.5,0
2016-06-22,17.0,17.0,17.0,17.0,0
2016-06-23,17.0,17.0,17.0,17.0,0
2016-06-24,17.0,17.0,17.0,17.0,0
2016-06-27,17.0,17.0,17.0,17.0,0
2016-06-28,17.5,17.0,17.5,17.5,0
2016-06-29,17.0,17.0,17.0,17.0,0
2016-06-30,17.0,17.0,17.0,17.0,0
2016-07-01,17.0,17.0,17.0,17.0,397
2016-07-05,17.0,17.0,17.0,17.0,0
2016-07-06,17.0,17.0,17.0,17.0,0
2016-07-07,17.0,17.0,17.0,17.0,0
2016-07-08,17.0,17.0,17.0,17.0,32
2016-07-11,17.0,17.0,17.0,17.0,0
2016-07-12,17.0,17.0,17.0,17.0,0
2016-07-13,17.0,17.0,17.0,17.0,0
2016-07-14,17.0,17.0,17.0,17.0,0
2016-07-15,17.0,17.0,17.0,17.0,0
2016-07-18,17.0,17.0,17.0,17.0,0
2016-07-19,17.0,17.0,17.0,17.0,0
2016-07-20,16.8,16.8,16.8,16.8,35
2016-07-21,16.8,16.8,16.8,16.8,0
2016-07-22,16.8,16.8,16.8,16.8,0
2016-07-25,16.8,16.8,16.8,16.8,0
2016-07-26,17.6,17.6,17.6,17.6,200
2016-07-27,17.6,17.6,17.6,17.6,0
2016-07-28,17.6,17.6,17.6,17.6,0
2016-07-29,17.6,17.6,17.6,17.6,0
2016-08-01,17.6,17.6,17.6,17.6,0
2016-08-02,17.6,17.6,17.6,17.6,0
2016-08-03,17.6,17.6,17.6,17.6,0
2016-08-04,17.6,17.6,17.6,17.6,0
2016-08-05,17.6,17.6,17.6,17.6,0
2016-08-19,17.5,17.5,17.5,17.5,609
2016-09-12,17.5,17.5,17.5,17.5,750
2016-09-14,17.5,17.5,17.5,17.5,446
2016-10-31,17.64,17.64,17.64,17.5,1348
2016-11-07,20.6,20.6,20.6,20.6,2603
2017-03-27,17.5,17.5,17.5,17.5,180
2017-04-27,16.25,16.25,16.25,16.25,474
2017-05-30,12.5,12.5,12.5,12.5,956
2017-06-07,9.5,9.5,9.5,9.5,451
2017-06-12,16.5,16.5,16.5,16.5,451
2017-06-15,15.0,15.0,15.0,15.0,157
2017-08-15,19.8,NaN,19.8,19.8,3000
2017-09-22,17.5,NaN,17.5,12.5,1768
2018-05-21,15.0,15.0,15.0,15.0,259
2018-05-29,15.0,15.0,15.0,15.0,627
2018-07-10,16.7,16.7,16.7,16.7,250
2018-07-11,16.7,16.7,16.7,16.7,654
2018-07-13,17.3,17.3,17.3,17.3,320
2018-07-25,17.1,17.1,17.1,17.1,84
2018-07-27,17.1,17.4,17.4,17.1,477
2018-08-01,17.5,17.5,17.5,17.5,604
2018-08-02,17.6,17.6,17.6,17.6,726
2018-08-06,17.3,17.3,17.3,17.3,3000
2018-08-07,17.4,17.4,17.4,17.4,492
2018-08-10,17.0,17.0,17.0,17.0,300
2018-08-14,17.0,17.0,17.0,17.0,459
2018-08-15,18.0,19.4,20.0,17.2,2536
2018-08-16,18.0,20.1,20.1,17.2,2460
2018-08-20,19.2,19.2,19.2,19.2,17
2018-08-22,20.0,20.0,20.0,20.0,845
2018-08-24,19.5,19.5,19.5,19.5,1664
2018-08-28,21.0,21.0,21.0,21.0,600
2018-09-06,18.0,18.0,18.0,18.0,432
2018-10-05,17.0,17.0,17.0,17.0,550
2018-10-08,17.0,17.3,17.3,17.0,349
2018-10-10,17.3,17.3,17.3,17.3,702
2018-10-15,17.4,17.4,17.4,17.4,120
2018-10-19,17.2,17.2,17.2,17.0,3638
2018-10-26,17.2,17.2,17.2,17.2,648
2018-11-01,17.6,17.6,17.6,17.6,500
2018-11-02,17.6,17.6,17.6,17.6,500
2018-11-05,17.0,17.6,17.6,17.0,1083
2018-11-08,15.5,15.5,15.5,15.5,1177
2018-11-16,17.2,17.7,17.7,17.2,435
2018-11-29,17.2,17.2,17.2,17.2,1821
2018-12-14,17.6,17.6,17.6,17.6,464
2018-12-17,18.1,18.1,18.1,18.1,501
2018-12-19,18.1,18.1,18.1,18.1,300
2018-12-20,17.2,17.2,17.2,17.2,228
2018-12-24,19.8,19.8,19.8,19.8,271
2019-01-04,15.5,15.5,15.5,15.5,486
2019-01-14,17.6,17.2,17.6,17.2,530
2019-01-17,17.7,17.7,17.7,17.7,2123
2019-01-25,17.7,17.7,17.7,17.7,271
2019-02-01,17.2,17.2,17.2,17.2,116
2019-02-12,18.5,18.5,18.5,18.5,300
2019-02-15,17.6,17.7,17.7,17.6,696
2019-02-25,17.7,17.7,17.7,17.7,298
2019-03-12,17.5,17.5,17.5,17.5,547
2019-03-14,17.6,17.6,17.6,17.6,358
2019-03-18,17.7,17.7,17.7,17.7,275
2019-03-21,17.7,17.7,17.7,17.7,209
2019-03-22,17.7,17.7,17.7,17.7,432
2019-03-27,17.7,17.7,17.7,17.7,515
2019-04-05,17.7,17.7,17.7,17.7,6990
2019-04-11,17.5,17.5,17.5,17.5,109
2019-04-18,17.5,17.5,17.5,17.5,250
2019-04-23,17.2,17.5,17.5,17.2,303
2019-05-02,17.3,17.3,17.3,17.3,200
2019-05-10,17.0,17.0,17.0,17.0,100
2019-05-22,17.0,17.0,17.0,17.0,145
2019-05-29,17.0,17.0,17.0,17.0,1273
2019-06-04,16.8,16.8,16.8,16.8,204
2019-06-05,17.0,15.3157,17.0,17.0,430
2019-06-06,17.0,15.3157,17.0,17.0,350
2019-06-07,16.7,17.0,17.0,16.7,1313
2019-06-17,16.7,16.7,16.7,16.7,646
2019-07-10,16.5,16.5,16.7,16.5,2167
2019-07-11,16.5,15.3157,16.5,16.5,1163
2019-08-19,16.0,15.3157,16.0,16.0,2214
2019-09-05,15.0,15.3157,15.0,15.0,200
2019-09-06,15.0,15.3157,15.0,15.0,986
2019-09-09,15.0,15.0,15.0,15.0,134
2019-09-10,15.0,15.0,15.0,15.0,290
2019-09-12,14.7,15.3157,14.7,14.7,50
2019-09-13,14.7,15.3157,14.7,14.7,200
2019-09-16,14.8,14.7,14.8,14.7,7160
2019-09-17,14.8,14.8,14.8,14.8,1856
2019-09-20,14.5,14.5,14.5,14.5,400
2019-09-24,14.5,14.5,14.5,14.5,650
2019-09-25,14.0,14.0,14.0,14.0,410
2019-09-27,14.0,14.0,14.0,14.0,875
2019-10-03,14.1,14.1,14.1,14.1,114
2019-10-10,14.0,14.0,14.0,14.0,1503
2019-10-14,13.5,13.5,13.5,13.5,3870
2019-10-15,13.1,13.1,13.1,13.1,751
2019-10-17,13.1,13.1,13.1,13.1,631
2019-10-21,13.0,15.3157,13.1,13.0,255
2019-10-22,13.1,13.1,13.1,13.1,1284
2019-10-23,13.1,13.1,13.1,13.1,850
2019-10-24,13.1,13.1,13.1,13.1,200
2019-10-25,13.1,13.1,13.1,13.1,141
2019-10-28,13.0,13.0,13.0,13.0,232
2019-10-29,13.1,13.0,13.1,13.0,1659
2019-11-01,13.1,13.1,13.1,13.1,867
2019-11-04,13.1,13.0,13.1,13.0,904
2019-11-07,13.0,13.0,13.0,13.0,350
2019-11-11,13.0,15.3157,13.0,13.0,1210
2019-11-15,13.0,13.0,13.0,13.0,72
2019-11-19,13.1,13.1,13.1,13.1,382
2019-11-20,13.0,15.3157,13.0,13.0,241
2019-11-22,13.1,15.3157,13.1,13.1,129
2019-11-25,13.5,15.3157,13.5,13.5,314
2019-11-27,13.5,13.5,13.5,13.5,38
2019-12-11,13.1,13.1,13.1,13.1,700
2019-12-12,13.6,13.6,13.6,13.6,551
2019-12-18,13.4,13.3,13.5,13.3,653
2020-01-09,13.4,13.4,13.4,13.4,295
2020-01-10,13.4,15.3157,13.4,13.4,286
2020-01-23,12.5,12.5,12.5,12.5,150
2020-01-28,NaN,12.5,NaN,NaN,0
2020-03-27,22.5,22.5,22.5,22.5,282
2020-04-15,11.5,11.5,11.5,11.5,885
2020-04-24,11.0,11.0,11.0,11.0,343
2020-05-06,NaN,11.0,NaN,NaN,0
2020-07-17,NaN,11.0,NaN,NaN,0
2020-10-12,NaN,11.0,NaN,NaN,0
2020-10-14,NaN,11.0,NaN,NaN,0
2020-10-21,NaN,11.0,NaN,NaN,0
2020-10-27,NaN,11.0,NaN,NaN,0
2020-10-29,NaN,11.0,NaN,NaN,0
2020-11-03,NaN,11.0,NaN,NaN,0
2020-11-05,NaN,11.0,NaN,NaN,0
2020-11-11,NaN,11.0,NaN,NaN,0
2020-11-24,NaN,11.0,NaN,NaN,0
2020-12-08,NaN,11.0,NaN,NaN,0
2020-12-11,NaN,11.0,NaN,NaN,0
2020-12-17,NaN,11.0,NaN,NaN,0
2020-12-18,NaN,11.0,NaN,NaN,0
2020-12-22,NaN,11.0,NaN,NaN,0
2021-01-05,NaN,11.0,NaN,NaN,0
2021-01-08,NaN,11.0,NaN,NaN,0
2021-01-12,NaN,11.0,NaN,NaN,0
2021-01-21,NaN,11.0,NaN,NaN,0
2021-01-22,NaN,11.0,NaN,NaN,0
2021-01-26,NaN,11.0,NaN,NaN,0
2021-02-02,13.0,13.0,13.0,13.0,142
2021-02-03,NaN,13.0,NaN,NaN,140
2021-02-05,13.1,13.1,13.1,12.4,1457
2021-02-09,12.8,12.8,12.8,12.8,921
2021-02-16,12.0,12.0,12.0,12.0,331
2021-02-23,12.0,12.0,12.0,12.0,331
2021-03-03,13.9,12.0,13.9,13.9,1143
2021-03-17,13.1,12.0,13.9,13.0,3110
2021-03-25,NaN,12.0,NaN,NaN,5815
2021-03-31,12.6,12.6,14.8,12.6,2761
2021-04-07,12.8,12.8,13.1,12.5,1430
2021-04-09,13.0,13.0,13.6,13.0,2290
2021-04-14,14.0,14.0,14.0,14.0,493
2021-04-23,NaN,14.0,NaN,NaN,5408
2021-05-04,12.8,14.0,12.8,12.8,4248
2021-05-07,12.8,14.0,13.2,12.8,2175
2021-05-14,12.3,12.8,13.7,12.3,4591
2021-05-19,12.6,12.6,13.0,12.6,1056
2021-05-20,NaN,12.6,NaN,NaN,576
2021-05-21,16.5,16.5,16.5,12.3,1470
2021-05-26,15.1,15.1,15.1,15.1,735
2021-06-01,NaN,15.1,NaN,NaN,262
2021-06-03,12.6,12.6,12.6,12.6,260
2021-06-04,NaN,12.6,NaN,NaN,0
2021-06-07,13.6,13.6,13.6,13.6,102
2021-06-08,12.5,13.6,12.5,12.5,3360
2021-06-09,NaN,13.6,NaN,NaN,32133
2021-06-15,NaN,13.6,NaN,NaN,17265
2021-06-29,NaN,13.6,NaN,NaN,1558
2021-06-30,13.0,13.0,13.3,12.7,3304
2021-07-02,NaN,13.0,NaN,NaN,3639
2021-07-08,NaN,13.0,NaN,NaN,31800
2021-07-15,12.9,12.9,13.3,12.9,4108
2021-07-23,13.3,13.3,13.3,13.3,150
2021-07-27,13.4,13.5,13.5,13.0,1286
2021-07-30,12.5,12.5,12.5,12.5,140
2021-08-03,14.8,12.5,14.8,14.8,1859
2021-08-12,1.38,1.38,1.38,1.32,28875
2021-08-18,NaN,1.38,NaN,NaN,1925
2021-08-24,NaN,1.38,NaN,NaN,59
2021-08-26,NaN,1.38,NaN,NaN,11585
2021-08-30,1.27,1.27,1.3,1.27,12827
2021-09-10,1.29,1.29,1.29,1.29,9508
2021-09-14,20.11,1.96,20.11,1.38,8962
2021-09-20,NaN,1.96,NaN,NaN,1231
2021-09-24,19.75,19.75,19.75,1.28,8770
2021-09-29,NaN,19.75,NaN,NaN,478
2021-09-30,NaN,19.75,NaN,NaN,0
2021-10-04,1.1,1.1,1.1,1.1,152
2021-10-05,13.0,13.0,13.0,3.01,1144
2021-10-06,5.03,5.03,5.03,5.03,240
2021-10-07,17.01,17.02,28.9,16.99,4729
2021-10-11,NaN,17.02,NaN,NaN,59
2021-10-14,23.64,25.0,25.0,23.5,1358500
2021-10-15,24.52,24.99,25.0,24.18,943252
2021-10-18,24.61,24.77,25.1,24.26,751459
2021-10-19,24.54,24.75,25.0,24.49,914889
2021-10-20,24.66,24.86,24.86,24.55,686941
2021-10-21,24.65,24.61,24.89,24.516,823230
2021-10-22,24.4,24.64,24.69,24.2,511714
2021-10-25,24.51,24.75,24.82,24.37,637463
2021-10-26,24.57,24.62,24.75,24.5,778400
2021-10-27,24.42,24.41,24.62,24.31,711896
2021-10-28,24.27,23.95,24.41,23.84,791332
2021-10-29,23.56,23.73,23.99,23.35,650115
2021-11-01,23.57,24.62,24.67,23.57,937072
2021-11-02,24.37,24.44,24.68,24.06,1230594
2021-11-03,24.11,24.28,24.54,24.02,1261069
2021-11-04,24.16,24.55,24.69,24.06,1474227
2021-11-05,24.37,24.65,24.95,24.29,932235
2021-11-08,24.53,24.57,24.74,24.252,800916
2021-11-09,24.02,24.27,24.63,24.0,1235156
2021-11-10,24.11,24.47,24.58,24.11,541283
2021-11-11,24.44,24.29,24.58,23.8,498208
2021-11-12,24.19,24.29,24.37,23.98,342236
2021-11-15,24.12,24.19,24.41,23.6,865130
2021-11-16,24.15,24.13,24.4,23.81,782749
2021-11-17,23.8,24.2,24.43,23.61,621449
2021-11-18,24.0,23.98,24.4889,23.8904,772809
2021-11-19,23.84,23.94,24.03,23.6661,576196
2021-11-22,23.82,23.97,24.19,23.75,472816
2021-11-23,23.87,23.76,24.14,23.65,420737
2021-11-24,23.61,23.91,24.14,23.61,324907
2021-11-26,23.72,23.97,23.99,23.46,372410
2021-11-29,23.85,23.85,23.97,23.6,745964
2021-11-30,23.64,24.09,24.42,23.64,901253
2021-12-01,24.14,24.22,24.98,24.01,879530
2021-12-02,24.18,24.41,24.57,24.08,610469
2021-12-03,24.33,24.42,24.47,23.9301,522235
2021-12-06,24.5,26.06,26.39,24.38,2689072
2021-12-07,25.87,25.4,26.43,25.205,1078376
2021-12-08,25.15,27.3,27.39,25.15,1708159
2021-12-09,26.99,26.25,27.85,26.1288,1041966
2021-12-10,26.3,26.85,27.48,26.3,917164
2021-12-13,26.86,27.04,27.36,26.84,843447
2021-12-14,26.98,26.12,27.3,25.99,835449
2021-12-15,26.14,26.55,26.82,26.0524,1835637
2021-12-16,26.6,26.07,27.29,25.8595,1729846
2021-12-17,26.22,27.14,28.26,26.185,7594311
2021-12-20,26.87,27.35,27.35,26.45,5057678
2021-12-21,27.36,27.41,28.63,27.11,1889526
2021-12-22,27.5,27.5,27.79,26.99,596864
2021-12-23,27.34,27.83,27.895,27.1,708372
2021-12-27,27.73,27.48,27.75,27.32,437395
2021-12-28,27.36,27.2748,27.83,27.3,261301
2021-12-29,27.41,27.45,27.71,27.25,324960
2021-12-30,27.31,27.97,27.98,27.29,480494
2021-12-31,27.76,27.26,28.0,27.26,269909
2022-01-03,27.27,27.96,27.96,27.088,386133
2022-01-04,27.74,28.39,28.53,27.59,755500
2022-01-05,28.21,27.2,28.67,27.07,537562
2022-01-06,27.25,26.93,27.51,26.8,284560
2022-01-07,26.83,26.95,27.01,26.4,311136
2022-01-10,26.79,27.17,27.3,26.5,295398
2022-01-11,27.01,28.05,28.06,26.89,1073158
2022-01-12,27.91,28.14,28.62,27.865,553875
2022-01-13,28.14,27.77,28.36,27.61,377304
2022-01-14,27.47,27.4,27.6915,27.05,293469
2022-01-18,27.16,27.46,27.91,26.91,373520
2022-01-19,27.31,26.85,27.565,26.5601,312538
2022-01-20,26.74,26.33,27.01,26.25,388967
2022-01-21,26.16,26.36,26.7,25.35,294713
2022-01-24,25.98,26.63,26.63,25.55,500367
2022-01-25,26.25,26.66,26.74,25.91,372081
2022-01-26,26.8,26.67,27.3,26.1052,267256
2022-01-27,26.67,26.52,27.16,26.13,270705
2022-01-28,26.38,27.04,27.04,26.21,265439
2022-01-31,26.84,26.94,27.48,26.5764,274043
2022-02-01,26.95,26.72,27.35,26.5397,201918
2022-02-02,26.7,26.74,27.19,26.5574,172652
2022-02-03,26.51,26.03,26.9,25.83,177363
2022-02-04,25.98,25.35,26.23,25.29,170624
2022-02-07,25.32,25.48,25.98,25.32,200329
2022-02-08,25.48,25.83,25.99,25.414,189545
2022-02-09,25.94,26.15,26.48,25.81,192277
2022-02-10,25.82,26.07,26.285,25.7895,233126
2022-02-11,25.78,25.8,26.5,25.5137,195452
2022-02-14,25.8,24.83,25.9,24.79,212160
2022-02-15,24.87,25.06,25.71,24.43,196576
2022-02-16,24.96,25.12,25.16,24.49,249204
2022-02-17,24.92,24.97,25.06,24.6658,298381
2022-02-18,24.86,24.75,25.17,24.67,211006
2022-02-22,24.49,25.27,25.46,24.406,229910
2022-02-23,25.22,25.3,25.85,24.9663,240963
2022-02-24,24.9,25.58,25.75,24.73,256190
2022-02-25,25.43,25.55,25.71,25.205,240173
2022-02-28,25.23,25.95,26.43,25.03,436425
2022-03-01,25.83,26.32,26.455,25.6788,526902
2022-03-02,26.26,26.92,27.06,26.02,478050
2022-03-03,27.08,27.9,27.97,26.785,445140
2022-03-04,27.55,28.04,28.19,27.375,497025
2022-03-07,27.93,27.71,28.19,27.6,541397
2022-03-08,27.66,27.41,27.9,26.96,292983
2022-03-09,27.66,27.46,27.99,27.39,186729
2022-03-10,27.16,27.62,27.7,27.081,279329
2022-03-11,27.82,27.75,27.99,27.55,288206
2022-03-14,27.64,27.68,27.93,27.41,278379
2022-03-15,27.77,27.58,28.0,27.48,372712
2022-03-16,27.7,28.11,28.18,27.61,480779
2022-03-17,27.95,28.36,28.62,27.95,391779
2022-03-18,28.44,28.8,29.17,28.3253,995262
2022-03-21,29.09,29.14,29.59,28.81,479711
2022-03-22,29.11,29.36,29.68,29.02,430098
2022-03-23,29.28,28.86,29.3396,28.4987,312467
2022-03-24,28.89,29.12,29.625,28.8153,245092
2022-03-25,29.07,29.64,29.72,29.01,359737
2022-03-28,29.66,29.96,30.0,29.6,453249
2022-03-29,30.09,30.8548,31.085,30.0,381282
2022-03-30,30.81,30.59,31.31,30.435,234869
2022-03-31,30.67,30.78,31.215,30.4401,353430
2022-04-01,30.91,31.29,31.39,30.754,290665
2022-04-04,31.36,31.57,31.97,31.32,369096
2022-04-05,31.67,31.29,32.195,31.23,333409
2022-04-06,31.12,30.57,31.34,30.44,452979
2022-04-07,30.65,29.98,30.82,29.78,594391
2022-04-08,29.84,29.91,30.51,29.75,313845
2022-04-11,29.81,29.8,30.11,29.7,291107
2022-04-12,29.84,30.04,30.68,29.8074,831968
2022-04-13,29.98,30.05,30.51,29.76,671577
2022-04-14,30.06,29.86,30.515,29.6001,423501
2022-04-18,29.78,30.31,30.61,29.78,436854
2022-04-19,30.31,30.89,30.95,30.31,386639
2022-04-20,30.91,31.4,31.86,30.91,354748
2022-04-21,31.57,30.83,31.69,30.72,404925
2022-04-22,30.61,30.31,30.69,30.24,280177
2022-04-25,30.13,30.39,30.45,29.511,259651
2022-04-26,30.29,30.22,30.67,30.16,303186
2022-04-27,30.21,30.57,30.94,29.87,603160
2022-04-28,30.47,31.52,31.56,30.4001,361550
2022-04-29,31.32,30.29,31.7,30.29,424952
2022-05-02,30.31,29.27,30.535,28.62,427567
2022-05-03,29.17,30.52,30.86,28.9747,644558
2022-05-04,30.37,30.55,31.08,29.69,409092
2022-05-05,30.24,29.91,30.88,29.66,353911
2022-05-06,29.71,29.71,30.12,29.3,318646
2022-05-09,29.4,28.26,29.47,28.21,402935
2022-05-10,28.57,27.24,28.85,26.95,598056
2022-05-11,27.15,26.79,28.06,26.72,425195
2022-05-12,26.58,27.78,27.8,26.11,594339
2022-05-13,28.21,29.75,30.3325,28.08,1882893
2022-05-16,29.68,29.9,30.21,29.65,739522
2022-05-17,30.06,30.97,31.67,30.06,679979
2022-05-18,30.72,29.77,30.87,29.71,634462
2022-05-19,29.39,28.79,30.065,28.74,637307
2022-05-20,28.96,27.39,29.08,27.16,647628
2022-05-23,27.49,28.54,28.82,27.4677,473081
2022-05-24,28.26,29.08,29.11,27.9,888231
2022-05-25,29.05,30.44,30.53,28.9096,536492
2022-05-26,30.41,30.51,30.98,30.29,611669
2022-05-27,30.5,30.83,30.93,30.0,526137
2022-05-31,30.5,29.64,30.5,29.13,8643288
2022-06-01,29.52,31.23,31.51,29.31,986986
2022-06-02,31.2,31.83,32.27,30.8129,893588
2022-06-03,31.4,32.52,32.9,31.0,747625
2022-06-06,32.93,30.87,32.93,30.59,766449
2022-06-07,30.73,31.1,31.15,29.49,775134
2022-06-08,30.79,30.4,31.03,30.08,1274257
2022-06-09,30.23,28.68,30.38,28.67,456707
2022-06-10,28.15,27.61,28.86,27.59,294160
2022-06-13,26.98,25.79,26.98,25.53,462089
2022-06-14,25.96,26.0,26.2,25.62,342767
2022-06-15,26.08,26.88,27.3,26.08,328763
2022-06-16,26.23,26.57,27.14,26.01,415912
2022-06-17,26.59,27.12,27.38,26.48,1441841
2022-06-21,27.06,26.57,28.15,26.48,1317601
2022-06-22,26.14,26.22,26.82,26.14,702022
2022-06-23,26.23,26.66,26.72,26.21,597166
2022-06-24,26.77,26.29,27.69,26.29,8958438
2022-06-27,26.33,27.01,27.06,26.25,580062
2022-06-28,27.07,26.2948,27.46,26.4,564145
2022-06-29,26.22,25.61,26.22,25.21,403215
2022-06-30,25.33,25.79,26.0,25.1536,401729
2022-07-01,25.84,25.99,26.09,25.35,398586
2022-07-05,25.58,26.14,26.14,25.22,303822
2022-07-06,26.07,25.89,26.48,25.68,188189
2022-07-07,26.01,26.94,27.03,25.8758,336940
2022-07-08,26.76,26.25,27.08,26.1676,274358
2022-07-11,26.08,26.0,26.08,25.6458,181477
2022-07-12,25.75,26.74,26.77,25.6907,219193
2022-07-13,26.32,26.4,26.79,26.09,225525
2022-07-14,25.79,25.88,26.15,25.69,146356
2022-07-15,26.65,26.43,26.65,25.93,201711
2022-07-18,26.61,26.32,26.9,26.27,235184
2022-07-19,26.62,27.32,27.39,26.62,181961
2022-07-20,27.23,27.03,27.41,26.9,195462
2022-07-21,26.73,26.71,26.74,26.02,241313
2022-07-22,26.65,26.46,26.82,25.98,330509
2022-07-25,26.66,26.98,27.3,26.5548,195437
2022-07-26,26.92,26.86,27.24,26.64,274360
2022-07-27,26.91,27.47,27.65,26.8101,198850
2022-07-28,27.61,28.27,28.3,27.31,171160
2022-07-29,28.14,28.67,28.7,27.94,447971
2022-08-01,28.4,28.92,29.04,28.09,259049
2022-08-02,28.48,28.19,29.187,28.18,257397
2022-08-03,28.39,28.03,28.93,28.0,257781
2022-08-04,28.02,27.38,28.02,27.28,180359
2022-08-05,27.17,27.68,27.71,27.02,228042
2022-08-08,27.91,28.37,28.6,27.91,232077
2022-08-09,28.52,28.3,28.65,28.235,322991
2022-08-10,28.7,28.81,29.0506,28.48,278074
2022-08-11,29.0,29.0,29.355,28.87,154485
2022-08-12,29.0,29.57,29.68,29.0,205283
2022-08-15,29.33,29.82,29.9,29.2901,150137
2022-08-16,29.63,29.94,30.18,29.63,239768
2022-08-17,29.6,29.51,29.81,29.32,195000
2022-08-18,29.42,29.21,29.77,28.96,207668
2022-08-19,29.07,28.54,29.11,28.1,224942
2022-08-22,28.18,27.89,28.22,27.64,152997
2022-08-23,27.98,27.44,28.19,27.43,148174
2022-08-24,27.43,27.41,27.64,27.25,184093
2022-08-25,27.46,27.46,27.819,27.21,147423
2022-08-26,27.34,26.51,27.61,26.47,127565
2022-08-29,26.31,26.44,26.68,26.15,178307
2022-08-30,26.4,26.38,26.63,26.14,150269
2022-08-31,26.35,26.26,26.54,26.1,436142
2022-09-01,25.95,25.93,26.07,25.2,201508
2022-09-02,26.14,25.88,26.33,25.73,132928
2022-09-06,25.89,26.06,26.09,25.69,142810
2022-09-07,26.0,26.52,26.58,26.0,156415
2022-09-08,26.19,26.43,26.535,26.075,160019
2022-09-09,26.7,26.98,27.27,26.524,193593
2022-09-12,27.13,27.49,27.59,27.0479,165571
2022-09-13,26.9,25.68,27.19,25.41,246548
2022-09-14,25.42,25.3,25.57,24.94,216011
2022-09-15,25.14,25.08,25.71,25.03,229040
2022-09-16,24.87,25.24,25.34,24.67,488691
2022-09-19,25.02,25.48,25.545,24.9221,154374
2022-09-20,25.14,24.92,25.2069,24.77,157102
2022-09-21,25.25,24.28,25.39,24.28,157840
2022-09-22,24.12,23.35,24.12,23.13,216521
2022-09-23,23.21,23.36,23.4,22.7676,184355
2022-09-26,23.12,22.35,23.38,22.28,484480
2022-09-27,22.42,22.04,22.515,21.72,314807
2022-09-28,22.18,22.5348,23.04,21.924,422853
2022-09-29,22.0,21.33,22.13,20.82,423745
2022-09-30,21.29,21.33,21.795,21.29,369899
2022-10-03,21.68,21.62,21.77,21.41,347060
2022-10-04,21.88,21.9,22.43,21.57,238377
2022-10-05,21.48,21.94,22.04,20.96,262895
2022-10-06,21.96,21.74,22.01,21.48,234640
2022-10-07,21.47,21.72,22.09,21.4,288542
2022-10-10,21.8,21.74,22.06,21.73,279150
2022-10-11,21.58,21.82,21.9,21.375,254337
2022-10-12,21.84,22.2,22.48,21.59,204080
2022-10-13,21.79,22.83,22.84,21.5698,217360
2022-10-14,23.13,22.18,23.51,22.16,143808
2022-10-17,22.53,22.79,23.08,22.49,189133
2022-10-18,23.15,23.15,23.5,22.725,200354
2022-10-19,22.8,22.46,22.98,22.16,140149
2022-10-20,22.55,22.36,22.94,22.22,134612
2022-10-21,22.55,22.95,23.19,22.1558,176027
2022-10-24,22.98,23.11,23.35,22.585,162384
2022-10-25,23.01,23.91,24.1076,23.01,238340
2022-10-26,24.18,23.89,24.23,23.55,198324
2022-10-27,24.1,24.24,24.85,23.99,199689
2022-10-28,24.21,24.87,24.91,24.16,187794
2022-10-31,24.57,25.2,25.22,24.54,298311
2022-11-01,25.34,25.37,25.65,24.93,291266
2022-11-02,25.29,24.17,25.29,23.72,470562
2022-11-03,23.85,23.81,24.21,23.27,174617
2022-11-04,23.93,25.17,25.24,23.84,227449
2022-11-07,25.48,25.82,25.84,25.245,153640
2022-11-08,25.92,25.27,26.335,25.101,163660
2022-11-09,25.21,24.8,25.705,24.7,287640
2022-11-10,25.77,26.11,26.45,25.708,284293
2022-11-11,26.02,25.56,26.407,25.3,171659
2022-11-14,25.4,25.07,25.93,25.015,181371
2022-11-15,25.23,25.35,25.67,25.06,163542
2022-11-16,24.92,24.59,25.1319,24.43,274020
2022-11-17,24.26,24.98,24.99,24.22,203094
2022-11-18,25.66,25.06,25.66,24.89,280769
2022-11-21,25.09,24.73,25.1347,24.42,186117
2022-11-22,24.88,24.85,24.999,24.64,153879
2022-11-23,24.94,24.95,25.12,24.48,92760
2022-11-25,25.1,24.65,25.1,24.61,56203
2022-11-28,24.41,24.15,24.86,23.91,141584
2022-11-29,24.09,24.82,24.94,23.89,165584
2022-11-30,24.77,25.71,25.74,24.5388,413009
2022-12-01,25.72,25.36,26.125,25.064,188775
2022-12-02,24.9,25.37,25.66,24.56,226256
2022-12-05,25.07,24.55,25.235,24.436,155745
2022-12-06,24.35,24.53,24.77,24.12,168514
2022-12-07,24.3,24.38,24.8571,24.3,160473
2022-12-08,24.31,24.55,24.77,24.3,155024
2022-12-09,24.3,24.34,24.67,24.29,142500
2022-12-12,24.13,24.1,24.46,23.8554,205594
2022-12-13,24.71,24.21,25.05,24.02,305293
2022-12-14,24.09,23.95,24.27,23.69,249435
2022-12-15,23.45,23.67,23.95,23.3,235650
2022-12-16,23.17,23.32,23.55,22.83,472426
2022-12-19,23.24,22.75,23.37,22.49,174684
2022-12-20,22.36,22.85,22.9497,22.2666,182362
2022-12-21,22.98,23.05,23.7,22.915,202248
2022-12-22,22.73,22.72,22.895,22.14,186837
2022-12-23,22.71,22.79,23.04,22.5,114591
2022-12-27,22.66,22.9748,23.23,22.4967,187900
2022-12-28,22.99,23.0,23.3,22.97,252087
2022-12-29,23.11,23.57,23.6,22.8585,209294
2022-12-30,23.45,23.67,23.73,23.2001,248601
2023-01-03,23.8,23.08,24.0,22.78,183338
2023-01-04,23.29,23.7,24.29,23.2131,158476
2023-01-05,23.47,23.42,23.55,22.66,251371
2023-01-06,23.69,24.16,24.415,23.69,161063
2023-01-09,24.13,24.06,24.225,23.9,164148
2023-01-10,23.78,23.37,23.96,23.26,214051
2023-01-11,23.41,24.62,24.65,23.41,219687
2023-01-12,24.62,24.94,25.15,24.4723,204289
2023-01-13,24.66,24.87,25.055,24.5675,174548
2023-01-17,24.79,24.78,24.98,24.584,129887
2023-01-18,24.91,24.1,24.9175,23.98,127799
2023-01-19,23.79,24.08,24.35,23.1245,163270
2023-01-20,24.3,24.12,24.3,23.375,224278
2023-01-23,24.04,24.5,24.745,23.8801,154076
2023-01-24,24.21,24.68,24.8,23.751,174373
2023-01-25,24.37,24.61,24.63,24.27,87625
2023-01-26,24.6,24.73,24.85,24.42,94040
2023-01-27,24.61,24.8,25.0,24.61,131736
2023-01-30,24.38,24.28,24.86,24.25,128710
2023-01-31,24.3,24.87,25.02,24.3,240103
2023-02-01,24.69,24.68,24.96,24.22,239853
2023-02-02,24.77,25.22,25.56,24.73,286508
2023-02-03,24.81,24.7,24.99,24.47,270659
2023-02-06,24.39,24.4,24.51,23.805,148087
2023-02-07,24.22,24.16,24.55,23.92,198914
2023-02-08,23.97,23.67,24.05,23.6,155138
2023-02-09,23.86,23.41,24.1,23.29,216981
2023-02-10,23.25,23.88,23.93,23.2,179643
2023-02-13,23.86,24.27,24.32,23.7414,150340
2023-02-14,23.85,24.22,24.77,23.8129,178532
2023-02-15,23.09,24.69,24.74,23.09,356753
2023-02-16,24.27,24.58,24.87,24.27,284918
2023-02-17,24.65,24.36,24.78,24.27,265167
2023-02-21,24.02,24.03,24.13,23.66,240213
2023-02-22,24.12,24.08,24.59,23.94,301559
2023-02-23,24.24,24.65,24.71,24.18,176386
2023-02-24,24.29,24.36,24.585,24.04,210192
2023-02-27,24.51,23.92,24.57,23.75,164853
2023-02-28,23.87,24.19,24.21,23.7,669135
2023-03-01,24.0,23.64,24.0284,23.26,201421
2023-03-02,23.45,23.62,23.94,23.42,141017
2023-03-03,23.66,23.16,23.66,23.09,198823
2023-03-06,23.14,22.9,23.23,22.855,228753
2023-03-07,22.94,23.23,23.28,22.7699,206349
2023-03-08,23.21,23.05,23.445,22.89,162234
2023-03-09,23.07,22.3,23.32,22.2,168479
2023-03-10,22.14,21.51,22.25,21.21,199490
2023-03-13,21.12,21.48,21.5325,20.92,260911
2023-03-14,22.05,21.85,22.37,21.73,423270
2023-03-15,21.29,22.05,22.06,21.1585,274987
2023-03-16,21.78,22.27,22.62,21.705,375656
2023-03-17,22.0,21.58,22.0,21.08,707679
2023-03-20,21.65,21.66,21.805,21.3,270439
2023-03-21,21.91,22.17,22.23,21.77,257751
2023-03-22,22.03,21.31,22.03,21.3,378360
2023-03-23,21.4,21.64,21.93,21.35,364078
2023-03-24,21.54,22.4,22.41,21.54,324011
2023-03-27,22.58,22.51,22.85,22.47,264462
2023-03-28,22.38,22.61,22.76,22.26,231272
2023-03-29,22.75,22.8645,23.11,22.7,345490
2023-03-30,23.14,22.72,23.14,22.495,138489
2023-03-31,22.88,23.4,23.41,22.88,412344
2023-04-03,23.41,23.39,23.66,23.2,359645
2023-04-04,23.43,23.25,23.43,22.91,170134
2023-04-05,23.02,22.89,23.1,22.7165,264907
2023-04-06,22.97,23.09,23.09,22.81,206080
2023-04-10,22.9,23.26,23.295,22.8548,442910
2023-04-11,23.25,23.18,23.47,23.0903,179639
2023-04-12,23.37,22.73,23.43,22.695,191158
2023-04-13,22.76,22.9,22.97,22.6,221655
2023-04-14,23.01,22.43,23.215,22.18,163236
2023-04-17,22.45,22.85,22.87,22.35,159114
2023-04-18,22.82,22.61,22.9,22.435,164342
2023-04-19,22.44,22.57,22.675,22.3246,144847
2023-04-20,22.44,22.39,22.6754,22.195,132400
2023-04-21,22.46,22.57,22.605,22.18,149600
2023-04-24,22.63,22.26,22.82,22.1,126453
2023-04-25,22.02,21.89,22.19,21.82,177241
2023-04-26,21.75,21.6,21.9,21.5,156649
2023-04-27,21.66,21.98,22.025,21.57,210786
2023-04-28,21.7,22.55,22.68,21.7,252704
2023-05-01,22.48,22.73,22.98,22.48,224426
2023-05-02,22.45,22.38,22.535,21.99,225973
2023-05-03,22.47,22.41,22.89,22.38,213851
2023-05-04,22.18,22.39,22.53,22.07,180933
