2018-01-18,50.1,49.8,50.1,49.8,200
2018-01-19,NaN,49.8,NaN,NaN,1
2018-01-26,50.1,50.1,50.1,50.1,100
2018-02-05,49.38,49.38,49.38,49.38,200
2018-03-22,48.08,48.08,48.08,48.08,100
2018-03-23,47.73,47.5,47.73,47.5,400
2018-03-28,46.92,47.57,48.18,46.919,8818
2018-03-29,47.34,47.57,47.34,47.08,400
2018-04-02,47.37,47.31,47.37,47.31,600
2018-04-03,NaN,47.31,NaN,NaN,43
2018-04-04,46.79,46.79,46.79,46.79,112
2018-04-09,NaN,46.79,NaN,NaN,122
2018-04-16,46.97,46.97,46.97,46.97,500
2018-04-17,46.2,46.13,46.22,46.13,600
2018-04-18,46.2,46.2,46.2,46.2,1000
2018-04-23,46.26,46.27,46.27,46.26,350
2018-04-24,45.66,45.66,45.66,45.66,101
2018-04-25,45.07,45.1,45.1,45.07,300
2018-04-26,45.5892,45.59,45.59,45.5892,200
2018-04-27,45.86,46.08,46.08,45.86,600
2018-04-30,46.73,46.73,46.73,46.73,125
2018-05-01,NaN,46.73,NaN,NaN,99
2018-05-02,47.59,47.58,47.59,47.58,201
2018-05-03,47.2192,47.4292,47.4292,47.2192,300
2018-05-04,NaN,47.4292,NaN,NaN,24
2018-05-07,46.48,46.48,46.48,46.48,105
2018-05-08,46.18,46.18,46.18,46.18,200
2018-05-09,46.04,46.06,46.06,46.04,300
2018-05-10,NaN,46.06,NaN,NaN,50
2018-05-11,NaN,46.06,NaN,NaN,40
2018-05-14,45.5,45.4,45.5,45.4,825
2018-05-18,NaN,45.4,NaN,NaN,10
2018-05-21,NaN,45.4,NaN,NaN,40
2018-05-29,49.13,49.52,49.52,49.13,1200
2018-06-04,NaN,49.52,NaN,NaN,0
2018-06-05,NaN,49.52,NaN,NaN,15
2018-06-06,NaN,49.52,NaN,NaN,0
2018-06-07,NaN,49.52,NaN,NaN,0
2018-06-08,48.1,48.1,48.1,48.1,100
2018-06-11,48.74,48.74,48.74,48.74,200
2018-06-12,48.76,48.82,48.82,48.76,650
2018-06-13,NaN,48.82,NaN,NaN,0
2018-06-14,48.41,48.41,48.41,48.41,100
2018-06-15,47.57,47.57,47.57,47.57,100
2018-06-18,47.42,47.32,47.42,47.2,800
2018-06-19,46.09,46.24,46.24,46.07,1400
2018-06-20,46.61,46.63,46.63,46.61,200
2018-06-21,NaN,46.63,NaN,NaN,0
2018-06-22,47.07,47.05,47.07,47.05,300
2018-06-25,47.71,46.72,47.71,46.72,715
2018-06-26,NaN,46.72,NaN,NaN,0
2018-06-27,NaN,46.72,NaN,NaN,0
2018-06-28,NaN,46.72,NaN,NaN,0
2018-06-29,NaN,46.72,NaN,NaN,0
2018-07-02,45.0,45.0,45.0,45.0,343
2018-07-03,NaN,45.0,NaN,NaN,0
2018-07-05,NaN,45.0,NaN,NaN,0
2018-07-06,44.21,44.27,44.27,44.21,1900
2018-07-09,NaN,44.27,NaN,NaN,0
2018-07-10,NaN,44.27,NaN,NaN,0
2018-07-11,NaN,44.27,NaN,NaN,0
2018-07-12,NaN,44.27,NaN,NaN,0
2018-07-13,NaN,44.27,NaN,NaN,0
2018-07-16,NaN,44.27,NaN,NaN,0
2018-07-17,NaN,44.27,NaN,NaN,0
2018-07-18,NaN,44.27,NaN,NaN,0
2018-07-19,43.87,43.87,43.87,43.87,100
2018-07-20,NaN,43.87,NaN,NaN,0
2018-07-23,NaN,43.87,NaN,NaN,0
2018-07-24,NaN,43.87,NaN,NaN,0
2018-07-25,NaN,43.87,NaN,NaN,0
2018-07-26,NaN,43.87,NaN,NaN,0
2018-07-27,NaN,43.87,NaN,NaN,0
2018-07-30,NaN,43.87,NaN,NaN,0
2018-07-31,NaN,43.87,NaN,NaN,0
2018-08-01,NaN,43.87,NaN,NaN,0
2018-08-02,43.16,43.16,43.16,43.16,100
2018-08-03,NaN,43.16,NaN,NaN,0
2018-08-06,NaN,43.16,NaN,NaN,0
2018-08-07,NaN,43.16,NaN,NaN,0
2018-08-08,NaN,43.16,NaN,NaN,0
2018-08-09,NaN,43.16,NaN,NaN,0
2018-08-10,42.69,42.69,42.69,42.69,100
2018-08-13,NaN,42.69,NaN,NaN,51
2018-08-14,NaN,42.69,NaN,NaN,0
2018-08-15,41.28,41.26,41.28,41.2473,575
2018-08-16,41.45,41.21,41.59,41.21,1300
2018-08-17,40.96,40.96,40.96,40.96,155
2018-08-20,40.87,40.87,40.87,40.87,390
2018-08-21,NaN,40.87,NaN,NaN,0
2018-08-22,NaN,40.87,NaN,NaN,0
2018-08-23,NaN,40.87,NaN,NaN,0
2018-08-24,41.0803,41.0803,41.0803,41.0803,200
2018-08-27,NaN,41.0803,NaN,NaN,0
2018-08-28,NaN,41.0803,NaN,NaN,0
2018-08-29,NaN,41.0803,NaN,NaN,0
2018-08-30,41.32,41.38,41.38,41.32,235
2018-08-31,NaN,41.38,NaN,NaN,0
2018-09-04,NaN,41.38,NaN,NaN,0
2018-09-05,NaN,41.38,NaN,NaN,0
2018-09-06,NaN,41.38,NaN,NaN,0
2018-09-07,41.91,41.91,41.91,41.91,100
2018-09-10,NaN,41.91,NaN,NaN,0
2018-09-11,NaN,41.91,NaN,NaN,0
2018-09-12,NaN,41.91,NaN,NaN,0
2018-09-13,NaN,41.91,NaN,NaN,0
2018-09-14,42.19,42.19,42.19,42.19,100
2018-09-17,41.79,41.79,41.79,41.79,125
2018-09-18,40.81,40.81,40.81,40.81,156
2018-09-19,NaN,40.81,NaN,NaN,0
2018-09-20,NaN,40.81,NaN,NaN,0
2018-09-21,NaN,40.81,NaN,NaN,0
2018-09-24,NaN,40.81,NaN,NaN,45
2018-09-25,NaN,40.81,NaN,NaN,50
2018-09-26,NaN,40.81,NaN,NaN,25
2018-09-27,39.89,39.8432,39.89,39.8432,400
2018-09-28,40.51,40.51,40.51,40.51,200
2018-10-01,NaN,40.51,NaN,NaN,0
2018-10-02,NaN,40.51,NaN,NaN,0
2018-10-03,42.66,42.66,42.66,42.66,300
2018-10-04,42.62,42.62,42.62,42.62,100
2018-10-05,43.58,43.58,43.58,43.58,100
2018-10-08,44.49,44.49,44.49,44.49,100
2018-10-09,NaN,44.49,NaN,NaN,0
2018-10-10,44.15,44.15,44.15,44.15,100
2018-10-11,44.48,44.4951,44.4951,44.48,1965
2018-10-12,45.42,45.42,45.42,45.42,100
2018-10-15,46.5627,46.5627,46.5627,46.5627,100
2018-10-16,NaN,46.5627,NaN,NaN,0
2018-10-17,NaN,46.5627,NaN,NaN,0
2018-10-18,NaN,46.5627,NaN,NaN,0
2018-10-19,NaN,46.5627,NaN,NaN,0
2018-10-22,47.5212,47.29,47.5212,47.29,350
2018-10-23,46.79,46.79,46.79,46.79,150
2018-10-24,47.2358,47.2356,47.2358,47.2356,1717
2018-10-25,47.59,47.38,47.59,47.38,700
2018-10-26,47.54,47.5587,47.5587,47.54,550
2018-10-29,47.28,46.3073,47.28,46.3073,858
2018-10-30,45.2347,45.43,45.55,45.2201,3622
2018-10-31,45.18,45.005,45.18,44.995,600
2018-11-01,45.91,46.07,46.07,45.91,500
2018-11-02,46.65,46.68,46.74,46.65,1309
2018-11-05,NaN,46.68,NaN,NaN,0
2018-11-06,45.22,44.99,45.22,44.98,1002
2018-11-07,NaN,44.99,NaN,NaN,0
2018-11-08,NaN,44.99,NaN,NaN,0
2018-11-09,NaN,44.99,NaN,NaN,0
2018-11-12,NaN,44.99,NaN,NaN,30
2018-11-13,44.1,43.58,44.1,43.46,1885
2018-11-14,44.1,44.11,44.11,44.1,200
2018-11-15,43.85,43.85,43.85,43.85,100
2018-11-16,44.16,44.16,44.16,44.16,100
2018-11-19,44.1415,44.1415,44.1415,44.1415,927
2018-11-20,43.6469,43.6469,43.6469,43.6469,600
2018-11-21,NaN,43.6469,NaN,NaN,0
2018-11-23,43.1,43.1,43.1,43.1,125
2018-11-26,42.23,42.23,42.23,42.23,156
2018-11-27,43.3669,43.4399,43.4399,43.3669,1165
2018-11-28,44.21,44.21,44.21,44.21,105
2018-11-29,NaN,44.21,NaN,NaN,34
2018-11-30,43.37,43.36,43.46,43.35,1522
2018-12-03,44.44,44.08,44.44,44.08,412
2018-12-04,NaN,44.08,NaN,NaN,0
2018-12-06,NaN,44.08,NaN,NaN,0
2018-12-07,43.61,43.61,43.61,43.61,103
2018-12-10,42.9226,43.1404,43.1404,42.9226,923
2018-12-11,43.05,42.9,43.0707,42.9,400
2018-12-12,42.83,42.8069,42.83,42.8069,100
2018-12-13,42.71,42.99,42.99,42.71,636
2018-12-14,42.6,42.5706,42.76,42.5706,1000
2018-12-17,42.08,41.89,42.08,41.89,255
2018-12-18,41.415,41.415,41.415,41.415,83
2018-12-19,42.1,41.6358,42.35,41.6358,500
2018-12-20,41.81,41.81,41.81,41.81,0
2018-12-21,40.9691,40.9691,40.9691,40.9691,21
2018-12-24,41.3052,41.3052,41.3052,41.3052,0
2018-12-26,41.6383,41.6383,41.6383,41.6383,103
2018-12-27,41.1091,41.1091,41.1091,41.1091,0
2018-12-28,40.94,41.1525,41.1525,40.94,350
2018-12-31,40.79,40.7026,40.79,40.6,925
2019-01-02,40.29,40.0505,40.29,40.0505,250
2019-01-03,40.11,40.1291,40.1291,40.11,100
2019-01-04,40.56,40.1291,40.56,40.56,0
2019-01-07,41.42,41.8627,41.8627,41.42,100
2019-01-08,42.25,42.3335,42.3335,42.25,100
2019-01-09,42.47,42.5691,42.5691,42.47,240
2019-01-10,42.0326,42.0326,42.0326,42.0326,29
2019-01-11,42.1599,42.0326,42.1599,42.1599,0
2019-01-14,41.9646,41.9646,41.9646,41.9646,65
2019-01-15,42.3492,42.3492,42.3492,42.3492,0
2019-01-16,42.6387,42.6387,42.6387,42.6387,0
2019-01-17,42.39,42.3866,42.39,42.3866,100
2019-01-18,42.98,43.0158,43.0158,42.98,183
2019-01-22,42.58,42.4224,42.58,42.4224,100
2019-01-23,42.6041,42.6041,42.6041,42.6041,1
2019-01-24,42.9246,42.9246,42.9246,42.9246,0
2019-01-25,42.3441,42.3441,42.3441,42.3441,0
2019-01-28,42.19,42.1633,42.19,42.1633,118
2019-01-29,42.18,42.18,42.18,42.18,0
2019-01-30,41.835,41.835,41.835,41.835,12
2019-01-31,42.6477,42.6477,42.6477,42.6477,100
2019-02-01,42.1321,42.6477,42.1321,42.1321,0
2019-02-04,42.6533,42.6533,42.6533,42.6533,0
2019-02-05,42.5217,42.5217,42.5217,42.5217,0
2019-02-06,42.724,42.724,42.724,42.724,0
2019-02-07,42.529,42.2504,42.529,42.2504,1426
2019-02-08,42.181,41.9234,42.1835,41.9234,1521
2019-02-11,41.2995,41.2995,41.2995,41.2995,77
2019-02-12,41.48,41.4833,41.4833,41.48,163
2019-02-13,41.29,41.25,41.29,41.25,310
2019-02-14,40.7,40.81,40.81,40.7,577
2019-02-15,41.93,41.925,41.93,41.925,100
2019-02-19,42.1241,42.1101,42.1241,42.1101,198
2019-02-20,42.2949,42.2949,42.2949,42.2949,0
2019-02-21,41.905,41.905,41.905,41.905,0
2019-02-22,42.31,42.03,42.31,42.03,100
2019-02-25,41.635,41.635,41.635,41.635,103
2019-02-26,40.924,40.924,40.924,40.924,75
2019-02-27,41.5075,41.5075,41.5075,41.5075,0
2019-02-28,41.12,41.12,41.12,41.12,33
2019-03-01,41.2731,41.2731,41.2731,41.2731,33
2019-03-04,40.4265,40.4265,40.4265,40.4265,3075
2019-03-05,41.0554,41.0554,41.0554,41.0554,60
2019-03-06,40.4711,40.4711,40.4711,40.4711,78
2019-03-07,40.0801,40.0801,40.0801,40.0801,75
2019-03-08,40.23,40.23,40.23,40.23,0
2019-03-11,40.56,40.3181,40.56,40.3181,562
2019-03-12,40.4917,40.4917,40.4917,40.4917,150
2019-03-13,40.7397,40.7397,40.7397,40.7397,30
2019-03-14,41.05,40.5747,41.05,40.5747,125
2019-03-15,41.0296,41.0296,41.0296,41.0296,0
2019-03-18,41.3348,41.3348,41.3348,41.3348,52
2019-03-19,41.2509,41.2509,41.2509,41.2509,25
2019-03-20,40.938,40.938,40.938,40.938,40
2019-03-21,40.7806,40.7806,40.7806,40.7806,0
2019-03-22,40.6727,40.6727,40.6727,40.6727,30
2019-03-25,40.735,40.735,40.735,40.735,40
2019-03-26,40.8838,41.035,41.035,40.8838,235
2019-03-27,41.05,40.709,41.05,40.709,100
2019-03-28,40.6619,40.6619,40.6619,40.6619,0
2019-03-29,40.7469,40.7469,40.7469,40.7469,0
2019-04-01,40.63,40.63,40.63,40.63,27
2019-04-02,40.72,40.5313,40.72,40.5313,1589
2019-04-03,40.74,40.66,40.74,40.66,101
2019-04-04,41.33,41.2171,41.33,41.2171,100
2019-04-05,41.285,41.0921,41.285,41.0921,100
2019-04-08,40.8841,40.8841,40.8841,40.8841,0
2019-04-09,41.1687,41.1687,41.1687,41.1687,0
2019-04-10,41.234,41.234,41.234,41.234,1
2019-04-11,40.4996,40.4996,40.4996,40.4996,0
2019-04-12,40.7,40.7,40.7,40.7,179
2019-04-15,40.67,40.415,40.67,40.415,225
2019-04-16,40.21,40.3952,40.3952,40.21,256
2019-04-17,40.06,39.6221,40.06,39.6221,376
2019-04-18,40.52,40.775,40.775,40.49,1701
2019-04-22,40.4568,40.4568,40.4568,40.4568,25
2019-04-23,40.61,40.6916,40.6916,40.61,198
2019-04-24,40.4,40.4,40.4,40.4,156
2019-04-25,40.595,40.4318,40.595,40.4318,100
2019-04-26,40.3498,40.3498,40.3498,40.3498,20
2019-04-29,40.03,39.7405,40.03,39.67,825
2019-04-30,39.7608,39.7608,39.7608,39.7608,25
2019-05-01,39.2168,39.2168,39.2168,39.2168,62
2019-05-02,39.2113,39.2113,39.2113,39.2113,0
2019-05-03,38.755,38.755,38.755,38.755,0
2019-05-06,38.2907,38.2907,38.2907,38.2907,55
2019-05-07,38.1752,38.1752,38.1752,38.1752,125
2019-05-08,37.88,37.655,37.88,37.655,200
2019-05-09,37.9001,37.9001,37.9001,37.9001,0
2019-05-10,37.87,37.5992,37.87,37.5992,300
2019-05-13,37.21,37.37,37.37,37.2,810
2019-05-14,37.65,37.64,37.65,37.64,125
2019-05-15,37.73,37.66,37.73,37.66,125
2019-05-16,37.51,37.6052,37.6052,37.51,136
2019-05-17,36.9,36.7453,36.9,36.7453,200
2019-05-20,37.18,37.18,37.18,37.18,80
2019-05-21,37.79,37.91,37.9329,37.79,893
2019-05-22,37.365,37.365,37.365,37.365,50
2019-05-23,37.7636,37.69,37.7636,37.69,1536
2019-05-24,37.88,37.88,37.88,37.88,0
2019-05-28,38.5554,38.5554,38.5554,38.5554,0
2019-05-29,39.05,39.1219,39.1219,39.05,1467
2019-05-30,39.35,39.35,39.35,39.35,55
2019-05-31,40.13,40.13,40.13,40.13,0
2019-06-03,40.0801,40.0801,40.0801,40.0801,25
2019-06-04,40.66,40.71,40.71,40.66,125
2019-06-05,40.26,39.4262,40.26,39.4262,100
2019-06-06,40.37,40.37,40.37,40.37,0
2019-06-07,39.93,39.9351,39.9351,39.93,100
2019-06-10,39.375,39.375,39.375,39.375,0
2019-06-11,39.51,39.4285,39.51,39.4285,130
2019-06-12,39.725,39.725,39.725,39.725,56
2019-06-13,39.7346,39.7346,39.7346,39.7346,5
2019-06-14,39.5393,39.5393,39.5393,39.5393,25
2019-06-17,39.3709,39.3709,39.3709,39.3709,50
2019-06-18,39.3169,39.3169,39.3169,39.3169,0
2019-06-19,39.38,39.38,39.38,39.38,0
2019-06-20,39.635,39.635,39.635,39.635,0
2019-06-21,39.1404,39.1404,39.1404,39.1404,0
2019-06-24,39.6151,39.6151,39.6151,39.6151,0
2019-06-25,40.1535,40.1535,40.1535,40.1535,0
2019-06-26,39.849,39.849,39.849,39.849,0
2019-06-27,40.49,40.49,40.49,40.49,0
2019-06-28,40.635,40.49,40.635,40.635,0
2019-07-01,40.87,40.87,40.87,40.87,0
2019-07-02,40.555,40.555,40.555,40.555,0
2019-07-03,41.3845,41.3845,41.3845,41.3845,0
2019-07-05,40.4623,41.3845,40.4623,40.4623,0
2019-07-08,40.035,40.035,40.035,40.035,0
2019-07-09,39.9,39.9,39.9,39.9,75
2019-07-10,39.755,39.755,39.755,39.755,0
2019-07-11,39.6833,39.6906,39.6906,39.6833,220
2019-07-12,39.67,39.5117,39.67,39.5117,125
2019-07-15,38.9,39.72,39.72,38.9,200
2019-07-16,39.135,39.135,39.135,39.135,105
2019-07-17,38.8556,38.8556,38.8556,38.8556,25
2019-07-18,38.553,38.553,38.553,38.553,100
2019-07-19,38.6141,38.576,38.6141,38.576,150
2019-07-22,38.2774,38.2774,38.2774,38.2774,50
2019-07-23,38.5159,38.5159,38.5159,38.5159,126
2019-07-24,39.54,38.625,39.54,38.625,525
2019-07-25,38.311,38.4241,38.4241,38.3101,350
2019-07-26,38.3468,38.3468,38.3468,38.3468,45
2019-07-29,38.5783,38.5783,38.5783,38.5783,100
2019-07-30,38.3405,38.3405,38.3405,38.3405,50
2019-07-31,38.54,38.345,38.54,38.345,145
2019-08-01,37.965,37.965,37.965,37.965,0
2019-08-02,37.79,37.645,37.79,37.645,325
2019-08-05,36.7816,36.7816,36.7816,36.7816,110
2019-08-06,36.8465,36.8465,36.8465,36.8465,25
2019-08-07,36.3932,36.3932,36.3932,36.3932,27
2019-08-08,36.59,36.59,36.59,36.59,25
2019-08-09,37.1604,37.1604,37.1604,37.1604,21
2019-08-12,36.79,36.2,36.79,36.2,1797
2019-08-13,36.78,36.8089,36.8089,36.78,500
2019-08-14,36.55,36.55,36.55,36.55,30
2019-08-15,36.4912,36.4912,36.4912,36.4912,71
2019-08-16,36.3145,36.3145,36.3145,36.3145,50
2019-08-19,36.02,35.8578,36.118,35.8578,325
2019-08-20,35.876,35.876,35.876,35.876,0
2019-08-21,36.02,36.02,36.02,36.02,0
2019-08-22,36.29,36.29,36.29,36.29,75
2019-08-23,35.6,35.74,35.74,35.6,450
2019-08-26,36.02,36.02,36.02,36.02,25
2019-08-27,35.858,35.8,35.858,35.8,125
2019-08-28,36.085,36.0142,36.085,36.0142,600
2019-08-29,35.545,35.545,35.545,35.545,50
2019-08-30,35.645,35.645,35.645,35.645,35
2019-09-03,35.44,35.44,35.44,35.44,1
2019-09-04,35.37,35.37,35.37,35.37,0
2019-09-05,35.2314,35.2314,35.2314,35.2314,25
2019-09-06,35.465,35.465,35.465,35.465,30
2019-09-09,35.6385,35.6385,35.6385,35.6385,25
2019-09-10,35.9685,35.9685,35.9685,35.9685,0
2019-09-11,36.095,36.095,36.095,36.095,50
2019-09-12,36.375,36.375,36.375,36.375,0
2019-09-13,36.426,36.426,36.426,36.426,5
2019-09-16,36.44,37.1756,37.18,36.44,1890
2019-09-17,36.57,36.42,36.57,36.42,300
2019-09-18,36.1767,36.1767,36.1767,36.1767,0
2019-09-19,35.9811,35.9811,35.9811,35.9811,0
2019-09-20,35.9,35.9811,35.9,35.9,0
2019-09-23,36.54,36.1805,36.54,36.1805,200
2019-09-24,36.405,36.405,36.405,36.405,0
2019-09-25,37.1497,37.1497,37.1497,37.1497,0
2019-09-26,37.29,36.99,37.29,36.99,225
2019-09-27,37.01,37.01,37.01,37.01,50
2019-09-30,37.0554,37.0554,37.0554,37.0554,32
2019-10-01,37.4,37.4,37.4,37.4,0
2019-10-02,37.4098,37.4098,37.4098,37.4098,0
2019-10-03,37.425,37.4946,37.6,37.33,600
2019-10-04,37.0122,37.4946,37.0122,37.0122,0
2019-10-07,36.54,36.4858,36.54,36.4858,175
2019-10-08,36.21,36.21,36.21,36.21,0
2019-10-09,36.1,36.1195,36.1195,36.1,100
2019-10-10,35.935,35.935,35.935,35.935,0
2019-10-11,36.0,36.165,36.165,36.0,325
2019-10-14,36.67,36.3424,36.67,36.34,1006
2019-10-15,36.475,36.475,36.475,36.475,0
2019-10-16,36.09,36.17,36.17,36.09,594
2019-10-17,36.0,35.8935,36.0,35.8935,275
2019-10-18,36.45,36.475,36.475,36.45,175
2019-10-21,36.4243,36.4243,36.4243,36.4243,0
2019-10-22,36.57,36.6748,36.6748,36.52,600
2019-10-23,36.65,36.53,36.65,36.53,210
2019-10-24,36.48,36.415,36.48,36.415,200
2019-10-25,36.88,36.915,36.99,36.88,1440
2019-10-28,37.11,37.295,37.45,37.11,1130
2019-10-29,36.855,36.855,36.855,36.855,25
2019-10-30,37.1663,37.1663,37.1663,37.1663,25
2019-10-31,37.26,37.3775,37.3775,37.2,300
2019-11-01,37.45,37.615,37.615,37.45,600
2019-11-04,37.95,37.6476,37.95,37.49,500
2019-11-05,38.01,38.13,38.2,38.01,325
2019-11-06,38.25,38.2104,38.25,38.2104,130
2019-11-07,38.36,38.1705,38.36,38.1705,575
2019-11-08,38.55,38.455,38.58,38.35,525
2019-11-11,38.14,38.14,38.14,38.14,25
2019-11-12,38.17,38.1148,38.17,38.0,1550
2019-11-13,38.62,38.62,38.62,38.62,90
2019-11-14,38.72,38.57,38.72,38.57,1020
2019-11-15,38.51,38.3791,38.51,38.3791,150
2019-11-18,38.2126,38.2126,38.2126,38.2126,25
2019-11-19,38.15,37.775,38.15,37.775,200
2019-11-20,38.2388,38.2388,38.2388,38.2388,70
2019-11-21,38.77,38.625,39.0,38.625,355
2019-11-22,38.85,39.0413,39.0413,38.85,155
2019-11-25,39.58,39.5328,39.58,39.5328,100
2019-11-26,39.285,39.285,39.285,39.285,0
2019-11-27,39.45,39.405,39.45,39.4,520
2019-11-29,39.8617,39.8617,39.8617,39.8617,0
2019-12-02,39.47,39.744,39.744,39.47,400
2019-12-03,40.1675,40.1675,40.1675,40.1675,20
2019-12-04,40.2,40.2,40.2,40.2,0
2019-12-05,40.5712,40.5712,40.5712,40.5712,0
2019-12-06,40.8748,40.8748,40.8748,40.8748,1
2019-12-09,41.585,41.585,41.585,41.585,0
2019-12-10,42.475,42.475,42.475,42.475,0
2019-12-11,42.5,42.4778,42.5,42.4778,500
2019-12-12,42.6,43.225,43.378,42.6,1484
2019-12-13,43.46,42.0739,43.46,42.0739,353
2019-12-16,42.01,43.255,43.255,42.01,1298
2019-12-17,42.4547,42.23,42.4547,42.23,654
2019-12-18,42.54,42.4249,42.5506,42.4249,236
2019-12-19,42.15,41.8808,42.15,41.8808,1024
2019-12-20,41.89,42.47,42.47,41.89,500
2019-12-23,41.84,41.7784,41.84,41.7784,803
2019-12-24,42.1642,42.1642,42.1642,42.1642,100
2019-12-26,41.915,41.915,41.915,41.915,0
2019-12-27,42.715,41.915,42.715,42.715,0
2019-12-30,42.685,42.685,42.685,42.685,0
2019-12-31,42.75,42.1961,42.75,42.1961,435
2020-01-02,42.23,41.6607,42.23,41.6607,358
2020-01-03,41.76,41.6607,41.76,41.76,0
2020-01-06,41.48,41.9002,41.9002,41.48,270
2020-01-07,41.6942,41.6942,41.6942,41.6942,0
2020-01-08,41.051,41.051,41.051,41.051,0
2020-01-09,41.1605,41.1605,41.1605,41.1605,0
2020-01-10,42.028,41.1605,42.028,42.028,0
2020-01-13,41.635,41.635,41.635,41.635,0
2020-01-14,41.76,41.76,41.76,41.76,0
2020-01-15,41.873,41.873,41.873,41.873,3
2020-01-16,41.465,41.465,41.465,41.465,0
2020-01-17,41.605,41.465,41.605,41.605,0
2020-01-21,41.41,41.3421,41.41,41.3421,100
2020-01-22,41.68,41.68,41.68,41.68,0
2020-01-23,41.555,41.555,41.555,41.555,0
2020-01-24,41.0266,41.555,41.0266,41.0266,0
2020-01-27,40.18,40.28,40.28,40.18,300
2020-01-28,40.675,40.675,40.675,40.675,0
2020-01-29,40.17,40.17,40.17,40.17,10
2020-01-30,40.1218,40.1218,40.1218,40.1218,0
2020-01-31,39.9794,40.1218,39.9794,39.9794,0
2020-02-03,39.77,39.8761,39.98,39.76,1340
2020-02-04,39.5953,39.5953,39.5953,39.5953,0
2020-02-05,39.7356,39.7356,39.7356,39.7356,25
2020-02-06,39.8706,39.8706,39.8706,39.8706,0
2020-02-07,40.0991,40.0991,40.0991,40.0991,35
2020-02-10,40.4814,40.4814,40.4814,40.4814,0
2020-02-11,40.9338,40.9338,40.9338,40.9338,150
2020-02-12,41.4,41.215,41.4,41.215,2045
2020-02-13,41.33,41.16,41.76,41.16,350
2020-02-14,41.3968,41.16,41.3968,41.3968,0
2020-02-18,41.8,41.625,41.82,41.625,725
2020-02-19,41.8707,41.8707,41.8707,41.8707,100
2020-02-20,41.375,41.375,41.375,41.375,0
2020-02-21,41.93,42.1613,42.1613,41.93,1300
2020-02-24,41.1549,41.1549,41.1549,41.1549,0
2020-02-25,41.14,41.14,41.14,41.14,0
2020-02-26,41.0621,41.0621,41.0621,41.0621,0
2020-02-27,40.2078,40.2078,40.2078,40.2078,0
2020-02-28,40.3174,40.2078,40.3174,40.3174,0
2020-03-02,40.69,40.6517,40.69,40.5,2510
2020-03-03,41.0502,41.0502,41.0502,41.0502,5
2020-03-04,40.19,40.19,40.19,40.19,0
2020-03-05,39.79,39.4538,39.79,39.4538,5825
2020-03-06,38.2,38.5113,38.5113,38.2,330
2020-03-09,38.175,38.175,38.175,38.175,25
2020-03-10,38.5407,38.5407,38.5407,38.5407,25
2020-03-11,37.7517,37.7517,37.7517,37.7517,0
2020-03-12,36.5,37.32,37.32,36.24,1086
2020-03-13,36.23,36.387,36.387,36.225,1370
2020-03-16,34.6185,34.6185,34.6185,34.6185,31
2020-03-17,34.15,34.15,34.15,34.15,150
2020-03-18,35.08,34.7624,35.08,34.35,3907
2020-03-19,34.89,35.064,35.064,34.6,635
2020-03-20,35.84,36.01,36.2,35.84,4050
2020-03-23,36.46,36.5388,36.5388,36.46,125
2020-03-24,37.0,37.32,37.32,37.0,100
2020-03-25,37.74,37.49,37.79,37.49,855
2020-03-26,37.1168,37.1168,37.1168,37.1168,0
2020-03-27,35.419,35.419,35.419,35.419,150
2020-03-30,35.53,35.32,35.53,35.32,100
2020-03-31,34.9638,34.9638,34.9638,34.9638,50
2020-04-01,34.45,33.545,34.45,33.545,225
2020-04-02,34.33,34.565,34.565,34.27,584
2020-04-03,34.185,34.185,34.185,34.185,30
2020-04-06,34.33,34.505,34.9,34.33,1355
2020-04-07,35.41,35.0,35.42,35.0,200
2020-04-08,35.05,35.085,35.085,35.05,300
2020-04-09,35.06,35.06,35.06,35.06,50
2020-04-13,34.847,34.847,34.847,34.847,100
2020-04-14,34.51,34.585,34.585,34.51,175
2020-04-15,34.835,34.835,34.835,34.835,25
2020-04-16,34.855,34.855,34.855,34.855,75
2020-04-17,34.92,34.83,34.92,34.83,260
2020-04-20,34.435,34.435,34.435,34.435,110
2020-04-21,33.53,33.53,33.53,33.53,200
2020-04-22,33.84,33.7716,33.84,33.7716,100
2020-04-23,33.965,33.965,33.965,33.965,100
2020-04-24,32.835,32.835,32.835,32.835,250
2020-04-27,32.1503,32.1503,32.1503,32.1503,35
2020-04-28,32.4,32.7789,32.7999,32.4,2652
2020-04-29,33.12,32.9566,33.12,32.9566,188
2020-04-30,33.05,33.74,33.74,33.05,400
2020-05-01,33.74,34.06,34.21,33.74,1550
2020-05-04,33.49,33.49,33.49,33.49,175
2020-05-05,34.24,34.23,34.24,33.87,1286
2020-05-06,34.24,33.8548,34.24,33.8548,315
2020-05-07,34.35,33.93,34.35,33.93,300
2020-05-08,34.015,34.105,34.105,34.015,200
2020-05-11,33.92,33.92,33.92,33.92,3
2020-05-12,33.94,33.94,33.94,33.94,50
2020-05-13,33.6293,33.717,33.717,33.6293,177
2020-05-14,34.045,34.045,34.045,34.045,1
2020-05-15,33.98,33.98,33.98,33.98,7
2020-05-18,34.435,34.435,34.435,34.435,133
2020-05-19,34.83,34.5001,34.83,34.5001,100
2020-05-20,34.742,34.8053,34.85,34.742,604
2020-05-21,34.4,34.4,34.4,34.4,604
2020-05-22,34.365,34.365,34.365,34.365,100
2020-05-26,35.0,34.625,35.0,34.625,450
2020-05-27,34.0,33.945,34.0,33.945,417
2020-05-28,33.94,33.5928,33.94,33.5928,301
2020-05-29,33.165,33.165,33.165,33.165,175
2020-06-01,33.82,33.82,33.82,33.82,8
2020-06-02,34.165,34.165,34.165,34.165,1
2020-06-03,34.71,34.71,34.71,34.71,104
2020-06-04,34.655,34.655,34.655,34.655,1
2020-06-05,35.2,35.535,35.55,35.2,937
2020-06-08,35.33,35.46,35.46,35.33,303
2020-06-09,35.185,35.185,35.185,35.185,303
2020-06-10,35.24,35.39,35.39,35.24,409
2020-06-11,34.9,34.9,34.9,34.9,409
2020-06-12,34.6446,34.6446,34.6446,34.6446,28
2020-06-15,34.505,34.505,34.505,34.505,147
2020-06-16,34.39,34.605,34.605,34.3,975
2020-06-17,34.9326,34.9326,34.9326,34.9326,25
2020-06-18,34.5303,34.5303,34.5303,34.5303,25
2020-06-19,34.7151,34.7151,34.7151,34.7151,1
2020-06-22,34.795,34.795,34.795,34.795,0
2020-06-23,34.52,34.52,34.52,34.52,24
2020-06-24,34.63,34.405,34.63,34.405,575
2020-06-25,34.3401,34.3401,34.3401,34.3401,1
2020-06-26,34.0254,34.0254,34.0254,34.0254,25
2020-06-29,34.54,34.8017,34.8017,34.38,2214
2020-06-30,34.8,35.115,35.115,34.8,225
2020-07-01,35.27,36.0874,36.0874,35.27,1100
2020-07-02,36.03,36.2204,36.2204,36.03,144
2020-07-06,37.32,35.14,37.32,35.14,2500
2020-07-07,35.65,35.65,35.65,35.65,19
2020-07-08,35.71,35.71,35.71,35.71,19
2020-07-09,35.175,35.175,35.175,35.175,0
2020-07-10,34.935,34.935,34.935,34.935,7
2020-07-13,35.0,34.8201,35.0,34.8201,201
2020-07-14,34.35,34.35,34.35,34.35,90
2020-07-15,34.92,34.92,34.92,34.92,47
2020-07-16,34.815,34.815,34.815,34.815,47
2020-07-17,34.98,35.25,35.25,34.98,275
2020-07-20,35.11,35.05,35.26,35.05,2300
2020-07-21,35.235,35.235,35.235,35.235,2300
2020-07-22,35.65,36.08,36.08,35.65,256
2020-07-23,35.8156,35.875,35.875,35.8156,300
2020-07-24,35.3,35.3,35.3,35.3,150
2020-07-27,36.27,36.74,36.74,36.27,175
2020-07-28,36.32,36.3287,36.3287,36.32,300
2020-07-29,36.815,36.815,36.815,36.815,300
2020-07-30,37.03,37.575,37.575,37.03,271
2020-07-31,38.5,38.5,38.5,38.5,65
2020-08-03,38.3875,38.425,38.425,38.35,653
2020-08-04,38.421,39.0,39.0,38.421,730
2020-08-05,39.015,39.015,39.015,39.015,38
2020-08-06,39.03,39.03,39.03,39.03,38
2020-08-07,37.975,37.975,37.975,37.975,5
2020-08-10,37.57,37.57,37.57,37.57,1
2020-08-11,37.79,37.79,37.79,37.79,19
2020-08-12,37.8,37.8,37.8,37.8,1
2020-08-13,38.6473,38.6473,38.6473,38.6473,1
2020-08-14,38.59,38.59,38.59,38.59,77
2020-08-17,38.625,38.625,38.625,38.625,2
2020-08-18,38.8,38.8,38.8,38.8,2
2020-08-19,39.165,39.165,39.165,39.165,0
2020-08-20,39.16,38.965,39.16,38.965,256
2020-08-21,38.74,38.74,38.74,38.74,256
2020-08-24,38.795,38.795,38.795,38.795,2
2020-08-25,39.05,39.05,39.05,39.05,2
2020-08-26,38.8603,38.8603,38.8603,38.8603,4
2020-08-27,39.17,39.17,39.17,39.17,6
2020-08-28,39.4232,39.4232,39.4232,39.4232,22
2020-08-31,40.19,40.1898,40.2,40.1898,598
2020-09-01,40.0897,40.0897,40.0897,40.0897,3
2020-09-02,39.97,39.6203,39.97,39.6203,324
2020-09-03,39.15,39.3,39.3,39.12,2000
2020-09-04,39.605,39.605,39.605,39.605,2000
2020-09-08,39.3,39.3,39.3,39.3,8
2020-09-09,38.7404,38.7404,38.7404,38.7404,8
2020-09-10,39.055,39.055,39.055,39.055,0
2020-09-11,39.195,39.195,39.195,39.195,0
2020-09-14,38.65,37.96,38.65,37.96,771
2020-09-15,38.28,38.28,38.28,38.28,771
2020-09-16,38.27,38.27,38.27,38.27,0
2020-09-17,38.35,38.35,38.35,38.35,0
2020-09-18,38.0753,38.0753,38.0753,38.0753,0
2020-09-21,37.595,37.595,37.595,37.595,11
2020-09-22,37.6853,37.6853,37.6853,37.6853,11
2020-09-23,37.62,37.62,37.62,37.62,2
2020-09-24,37.555,37.555,37.555,37.555,1
2020-09-25,38.235,38.235,38.235,38.235,125
2020-09-28,37.35,37.0522,37.35,37.0522,320
2020-09-29,37.56,37.56,37.56,37.56,1
2020-09-30,37.7904,37.7904,37.7904,37.7904,75
2020-10-01,37.58,37.355,37.58,37.355,202
2020-10-02,37.78,37.78,37.78,37.78,0
2020-10-05,37.82,37.635,37.84,37.635,1024
2020-10-06,38.015,38.015,38.015,38.015,5
2020-10-07,38.5236,38.5236,38.5236,38.5236,115
2020-10-08,38.775,38.775,38.775,38.775,91
2020-10-09,39.025,39.025,39.025,39.025,1
2020-10-12,38.405,38.405,38.405,38.405,126
2020-10-13,38.705,38.705,38.705,38.705,0
2020-10-14,39.1312,39.1312,39.1312,39.1312,20
2020-10-15,38.9553,38.9553,38.9553,38.9553,15
2020-10-16,39.0,39.0,39.0,39.0,10
2020-10-19,39.3927,39.3927,39.3927,39.3927,100
2020-10-20,38.945,38.945,38.945,38.945,0
2020-10-21,38.765,38.765,38.765,38.765,80
2020-10-22,39.44,39.5,39.5,39.44,254
2020-10-23,39.4198,39.4198,39.4198,39.4198,71
2020-10-26,39.3154,39.3154,39.3154,39.3154,0
2020-10-27,39.84,39.84,39.84,39.84,1024
2020-10-28,39.27,39.27,39.27,39.27,20
2020-10-29,38.7055,38.7055,38.7055,38.7055,25
2020-10-30,38.6179,38.6179,38.6179,38.6179,0
2020-11-02,38.735,38.735,38.735,38.735,1
2020-11-03,38.915,38.915,38.915,38.915,100
2020-11-04,38.92,38.92,38.92,38.92,1
2020-11-05,38.68,38.885,38.885,38.66,301
2020-11-06,39.425,39.425,39.425,39.425,100
2020-11-09,39.1,39.33,39.42,39.07,1083
2020-11-10,39.12,39.255,39.255,38.62,1901
2020-11-11,39.31,39.275,39.4,39.22,795
2020-11-12,39.73,39.73,39.73,39.73,1
2020-11-13,39.695,39.695,39.695,39.695,0
2020-11-16,39.7,41.3,41.3,39.7,442
2020-11-17,41.3,41.23,41.3,41.23,150
2020-11-18,41.6799,41.6799,41.6799,41.6799,30
2020-11-19,41.69,41.69,41.69,41.69,0
2020-11-20,41.12,41.12,41.12,41.12,10
2020-11-23,40.8,40.8,40.8,40.8,100
2020-11-24,40.75,40.75,40.75,40.75,0
2020-11-25,40.466,40.466,40.466,40.466,10
2020-11-27,41.385,41.385,41.385,41.385,705
2020-11-30,40.795,40.795,40.795,40.795,10
2020-12-01,40.51,39.9622,40.53,39.9622,1405
2020-12-02,40.405,40.405,40.405,40.405,1
2020-12-03,40.48,40.48,40.48,40.48,0
2020-12-04,40.26,39.74,40.26,39.74,405
2020-12-07,39.9849,39.9849,39.9849,39.9849,11
2020-12-08,40.1862,40.1862,40.1862,40.1862,10
2020-12-09,40.49,40.815,40.815,40.46,600
2020-12-10,40.92,40.92,40.92,40.92,0
2020-12-11,40.59,40.59,40.59,40.59,0
2020-12-14,40.96,40.96,40.96,40.96,0
2020-12-15,41.015,41.015,41.015,41.015,0
2020-12-16,41.5,41.725,41.725,41.5,1296
2020-12-17,41.78,41.94,41.94,41.78,100
2020-12-18,41.495,41.495,41.495,41.495,50
2020-12-21,41.1589,41.1589,41.1589,41.1589,12
2020-12-22,41.22,41.22,41.22,41.22,50
2020-12-23,41.9,41.77,41.9,41.77,130
2020-12-24,42.0936,42.0936,42.0936,42.0936,30
2020-12-28,41.922,41.922,41.922,41.922,2
2020-12-29,42.24,42.24,42.24,42.24,3
2020-12-30,42.705,42.705,42.705,42.705,3
2020-12-31,43.14,43.14,43.14,43.14,0
2021-01-04,43.41,43.41,43.41,43.41,50
2021-01-05,43.27,43.85,43.85,43.27,212
2021-01-06,43.85,43.835,44.0,43.26,1479
2021-01-07,42.665,42.665,42.665,42.665,0
2021-01-08,43.22,42.935,43.22,42.935,103
2021-01-11,42.65,42.755,42.755,42.64,692
2021-01-12,42.735,42.735,42.735,42.735,52
2021-01-13,43.4,43.715,43.715,43.4,100
2021-01-14,44.19,45.25,45.25,44.19,1492
2021-01-15,44.72,44.72,44.72,44.72,77
2021-01-19,44.195,44.195,44.195,44.195,0
2021-01-20,44.27,44.27,44.27,44.27,0
2021-01-21,44.34,44.34,44.34,44.34,3
2021-01-22,43.5833,43.5833,43.5833,43.5833,50
2021-01-25,43.5023,43.5023,43.5023,43.5023,14
2021-01-26,43.6578,43.6578,43.6578,43.6578,1
2021-01-27,43.73,43.785,43.785,43.7,1001
2021-01-28,43.114,43.114,43.114,43.114,1
2021-01-29,43.24,43.53,43.53,43.21,652
2021-02-01,43.96,44.155,44.155,43.96,303
2021-02-02,43.96,43.96,43.96,43.96,0
2021-02-03,44.0,43.99,44.0,43.99,150
2021-02-04,44.2174,44.2174,44.2174,44.2174,0
2021-02-05,44.44,44.44,44.44,44.44,0
2021-02-08,44.405,44.405,44.405,44.405,4
2021-02-09,44.73,44.8616,44.8616,44.73,300
2021-02-10,44.385,44.385,44.385,44.385,3
2021-02-11,44.4247,44.4247,44.4247,44.4247,1
2021-02-12,44.33,44.33,44.33,44.33,22
2021-02-16,45.33,45.33,45.33,45.33,4
2021-02-17,45.56,45.725,45.725,45.56,325
2021-02-18,46.16,46.58,46.58,46.16,344
2021-02-19,47.04,46.95,47.04,46.8645,909
2021-02-22,48.466,48.466,48.466,48.466,51
2021-02-23,48.35,48.485,48.485,48.19,595
2021-02-24,48.5,48.62,48.62,48.5,140
2021-02-25,48.63,48.035,48.63,48.035,137
2021-02-26,47.33,47.33,47.33,47.33,16
2021-03-01,46.9,46.9,46.9,46.9,0
2021-03-02,46.54,47.035,47.035,46.54,641
2021-03-03,46.2,46.085,46.2,46.085,103
2021-03-04,45.99,45.99,45.99,45.99,15
2021-03-05,45.92,45.92,45.92,45.92,2
2021-03-08,45.79,45.79,45.79,45.79,0
2021-03-09,45.1,45.275,45.5,45.1,619
2021-03-10,45.549,45.549,45.549,45.549,5
2021-03-11,46.5099,46.5099,46.5099,46.5099,0
2021-03-12,46.2199,46.2199,46.2199,46.2199,3
2021-03-15,45.96,45.96,45.96,45.96,125
2021-03-16,46.34,46.485,46.61,46.34,1806
2021-03-17,46.03,46.03,46.03,46.03,0
2021-03-18,46.2,45.1242,46.2,45.1242,300
2021-03-19,44.8896,44.8896,44.8896,44.8896,56
2021-03-22,44.55,44.775,44.775,44.52,254
2021-03-23,44.13,44.13,44.13,44.13,0
2021-03-24,44.0901,44.0901,44.0901,44.0901,145
2021-03-25,43.36,43.015,43.36,43.015,302
2021-03-26,43.725,43.725,43.725,43.725,0
2021-03-29,43.27,43.27,43.27,43.27,0
2021-03-30,42.66,42.66,42.66,42.66,26
2021-03-31,42.62,42.62,42.62,42.62,50
2021-04-01,41.8,41.8,41.8,41.8,49
2021-04-05,42.165,42.165,42.165,42.165,2
2021-04-06,43.135,43.135,43.135,43.135,0
2021-04-07,43.34,43.34,43.34,43.34,36
2021-04-08,43.835,43.835,43.835,43.835,33
2021-04-09,44.18,44.18,44.18,44.18,60
2021-04-12,43.72,43.845,43.845,43.72,161
2021-04-13,44.495,44.495,44.495,44.495,0
2021-04-14,45.12,45.26,45.26,45.12,256
2021-04-15,45.95,45.95,45.95,45.95,42
2021-04-16,45.785,45.785,45.785,45.785,0
2021-04-19,45.355,45.355,45.355,45.355,0
2021-04-20,46.32,46.32,46.32,46.32,0
2021-04-21,46.675,46.675,46.675,46.675,111
2021-04-22,46.775,46.775,46.775,46.775,45
2021-04-23,47.07,47.475,47.69,47.07,814
2021-04-26,48.29,48.445,48.445,48.29,549
2021-04-27,49.66,49.66,49.66,49.66,79
2021-04-28,48.935,48.935,48.935,48.935,41
2021-04-29,48.2399,47.995,48.2399,47.995,114
2021-04-30,48.23,48.0,48.23,48.0,424
2021-05-03,47.769,47.475,47.769,47.475,484
2021-05-04,47.81,47.81,47.81,47.81,178
2021-05-05,49.12,49.555,49.555,49.12,157
2021-05-06,50.465,50.465,50.465,50.465,28
2021-05-07,50.185,50.185,50.185,50.185,28
2021-05-10,49.185,49.185,49.185,49.185,90
2021-05-11,50.42,50.42,50.42,50.42,35
2021-05-12,50.36,49.625,50.36,49.625,196
2021-05-13,48.505,48.495,48.7001,48.495,499
2021-05-14,47.7495,47.7495,47.7495,47.7495,125
2021-05-17,48.1372,47.96,48.23,47.96,259
2021-05-18,49.5,49.2343,49.5,49.2343,277
2021-05-19,48.53,48.52,48.53,48.52,132
2021-05-20,48.455,48.455,48.455,48.455,0
2021-05-21,48.165,48.165,48.165,48.165,78
2021-05-24,48.25,48.25,48.25,48.25,3
2021-05-25,48.4699,48.4699,48.4699,48.4699,28
2021-05-26,48.95,48.95,48.95,48.95,74
2021-05-27,49.415,49.415,49.415,49.415,87
2021-05-28,50.3,50.3,50.3,50.3,25
2021-06-01,50.985,50.985,50.985,50.985,49
2021-06-02,50.875,50.875,50.875,50.875,137
2021-06-03,50.005,50.005,50.005,50.005,1
2021-06-04,51.165,51.165,51.165,51.165,120
2021-06-07,50.37,50.37,50.37,50.37,0
2021-06-08,50.7,50.7,50.7,50.7,142
2021-06-09,50.765,50.765,50.765,50.765,0
2021-06-10,50.94,50.94,50.94,50.94,8
2021-06-11,50.765,50.765,50.765,50.765,0
2021-06-14,49.7054,49.7054,49.7054,49.7054,6
2021-06-15,49.0,49.045,49.045,49.0,262
2021-06-16,49.25,49.25,49.25,49.25,10
2021-06-17,47.955,47.955,47.955,47.955,53
2021-06-18,47.78,48.07,48.07,47.68,255
2021-06-21,49.02,49.02,49.02,49.02,413
2021-06-22,48.315,48.315,48.315,48.315,2
2021-06-23,48.98,48.98,48.98,48.98,13
2021-06-24,49.17,49.345,49.345,49.17,106
2021-06-25,49.955,49.955,49.955,49.955,5
2021-06-28,51.04,51.04,51.04,51.04,110
2021-06-29,50.41,50.485,50.485,50.41,311
2021-06-30,50.575,50.575,50.575,50.575,0
2021-07-01,50.01,50.01,50.01,50.01,0
2021-07-02,50.53,50.2184,50.53,50.2184,103
2021-07-06,49.555,49.185,49.555,49.185,270
2021-07-07,49.485,49.485,49.485,49.485,90
2021-07-08,49.15,49.15,49.15,49.15,1
2021-07-09,48.875,48.875,48.875,48.875,10
2021-07-12,49.31,49.31,49.31,49.31,40
2021-07-13,49.12,49.12,49.12,49.12,4
2021-07-14,49.51,49.51,49.51,49.51,2
2021-07-15,50.06,50.06,50.06,50.06,200
2021-07-16,50.97,50.97,50.97,50.97,1
2021-07-19,49.34,49.56,49.56,49.34,228
2021-07-20,51.105,51.105,51.105,51.105,1
2021-07-21,53.0815,53.0815,53.0815,53.0815,0
2021-07-22,55.4034,55.4034,55.4034,55.4034,14
2021-07-23,55.515,55.515,55.515,55.515,286
2021-07-26,57.86,58.235,58.3226,57.8052,868
2021-07-27,57.66,57.655,57.66,57.655,536
2021-07-28,57.58,57.58,57.58,57.58,8
2021-07-29,56.3,56.445,56.445,56.3,185
2021-07-30,54.6599,53.795,54.6599,53.795,193
2021-08-02,52.66,52.7942,52.7942,52.65,748
2021-08-03,53.0,53.31,53.31,53.0,224
2021-08-04,53.0693,53.0693,53.0693,53.0693,0
2021-08-05,54.2037,54.2037,54.2037,54.2037,0
2021-08-06,54.2356,54.2356,54.2356,54.2356,10
2021-08-09,54.315,54.315,54.315,54.315,81
2021-08-10,55.405,55.9715,55.9715,55.405,497
2021-08-11,56.0,56.2664,56.2664,56.0,281
2021-08-12,56.8406,56.8406,56.8406,56.8406,80
2021-08-13,57.11,56.9962,57.11,56.985,307
2021-08-16,57.0587,57.0587,57.0587,57.0587,0
2021-08-17,56.73,56.7016,56.73,56.7016,100
2021-08-18,56.6932,56.572,56.6932,56.572,176
2021-08-19,56.0211,56.0055,56.169,56.0055,4468
2021-08-20,55.57,55.4831,55.79,55.4831,1090
2021-08-23,55.43,55.7664,55.7664,55.43,669
2021-08-24,56.6,56.6237,56.6237,56.6,6724
2021-08-25,56.8327,56.8327,56.8327,56.8327,88
2021-08-26,56.91,56.65,56.92,56.65,4140
2021-08-27,57.34,57.8612,58.11,57.34,3115
2021-08-30,58.969,58.995,59.24,58.969,392
2021-08-31,58.428,57.8672,58.428,57.8672,524
2021-09-01,57.6225,57.6225,57.6225,57.6225,86
2021-09-02,57.87,57.6975,57.92,57.6975,703
2021-09-03,57.5895,57.5895,57.5895,57.5895,669
2021-09-07,57.3401,57.3401,57.3401,57.3401,43
2021-09-08,56.8192,56.8192,56.8192,56.8192,30
2021-09-09,56.0175,56.0175,56.0175,56.0175,1
2021-09-10,56.0115,55.735,56.235,55.735,8676
2021-09-13,55.59,55.8356,55.93,55.59,1462
2021-09-14,55.6,55.765,55.765,55.6,204
2021-09-15,56.47,56.6552,56.6552,56.47,461
2021-09-16,56.21,56.5302,56.5302,56.21,242
2021-09-17,55.64,55.9282,55.9282,55.64,599
2021-09-20,54.66,54.8767,54.8767,54.66,235
2021-09-21,55.09,55.1937,55.1937,55.09,200
2021-09-22,55.7252,55.7253,56.03,55.6989,19274
2021-09-23,56.9224,56.9224,56.9224,56.9224,65
2021-09-24,57.4508,57.4508,57.4508,57.4508,107
2021-09-27,57.57,57.5815,57.6,57.4,1908
2021-09-28,58.15,58.242,58.65,58.15,7221
2021-09-29,57.9399,57.8131,57.99,57.8131,1676
2021-09-30,58.7364,58.7364,58.7364,58.7364,34
2021-10-01,59.64,59.7974,59.7974,59.64,175
2021-10-04,59.51,59.178,59.68,59.178,724
2021-10-05,58.5452,58.5452,58.5452,58.5452,6
2021-10-06,59.0118,59.0118,59.0118,59.0118,104
2021-10-07,59.4467,59.4467,59.4467,59.4467,131
2021-10-08,60.2571,60.2571,60.2571,60.2571,65
2021-10-11,60.5124,60.5124,60.5124,60.5124,50
2021-10-12,61.1536,61.1536,61.1536,61.1536,226
2021-10-13,60.2,59.9841,60.39,59.9154,3327
2021-10-14,60.49,60.2906,60.49,60.2906,245
2021-10-15,60.09,59.6454,60.09,59.6454,734
2021-10-18,59.0,58.9241,59.0,58.66,493
2021-10-19,59.0,59.0267,59.0267,59.0,132
2021-10-20,59.3452,59.316,59.38,59.316,1060
2021-10-21,58.8525,58.8525,58.8525,58.8525,60
2021-10-22,58.78,58.5502,58.78,58.5502,125
2021-10-25,58.759,59.1445,59.1445,58.759,295
2021-10-26,60.0746,60.0746,60.0746,60.0746,26
2021-10-27,59.3628,59.3628,59.3628,59.3628,20
2021-10-28,59.6663,59.6663,59.6663,59.6663,43
2021-11-01,61.06,61.2065,61.2065,61.05,622
2021-11-02,60.89,61.1156,61.1156,60.89,195
2021-11-03,61.08,61.405,61.405,61.08,286
2021-11-04,61.34,61.0919,61.34,61.0919,248
2021-11-05,60.935,60.935,60.935,60.935,0
2021-11-08,60.35,60.445,60.445,60.15,573
2021-11-09,60.95,61.06,61.06,60.95,572
2021-11-10,61.095,61.095,61.095,61.095,3
2021-11-11,62.26,62.21,62.26,62.05,1222
2021-11-12,63.43,63.1618,63.43,63.16,3157
2021-11-15,63.52,63.42,63.52,63.42,231
2021-11-16,63.61,63.725,63.725,63.61,110
2021-11-17,65.595,65.595,65.595,65.595,72
2021-11-18,65.6,64.655,65.6,64.655,442
2021-11-19,65.06,64.76,65.06,64.76,207
2021-11-22,64.48,64.48,64.48,64.48,16
2021-11-23,65.62,65.5894,65.8,65.4604,4368
2021-11-24,65.63,66.02,66.33,65.4232,3586
2021-11-29,64.46,63.4246,64.46,63.4001,1299
2021-11-30,62.6,62.099,62.6,61.6801,2105
2021-12-01,61.44,61.725,61.725,61.44,241
2021-12-02,62.54,62.5049,62.68,62.2051,1623
2021-12-03,63.1,63.195,63.469,62.83,44081
2021-12-06,64.15,64.7549,64.83,64.15,466
2021-12-07,64.99,64.345,64.99,64.345,3058
2021-12-08,64.855,64.855,64.855,64.855,86
2021-12-09,64.3,64.3,64.3,64.3,98
2021-12-10,63.2351,63.2351,63.2351,63.2351,37
2021-12-13,63.8498,63.8498,63.8498,63.8498,78
2021-12-14,63.6297,63.6297,63.6297,63.6297,2
2021-12-15,63.3952,63.3952,63.3952,63.3952,99
2021-12-16,63.4,63.5094,63.675,63.3,10196
2021-12-17,64.0,62.7863,64.0,62.7863,178
2021-12-20,60.92,60.79,60.9225,60.57,544
2021-12-21,61.755,61.755,61.755,61.755,107
2021-12-22,62.97,63.26,63.26,62.97,496
2021-12-23,62.84,62.7275,62.84,62.7275,125
2021-12-27,62.555,62.555,62.555,62.555,22
2021-12-28,62.0899,61.865,62.0899,61.865,404
2021-12-29,62.91,62.8605,62.94,62.8605,3279
2021-12-30,62.21,62.3468,62.3468,62.21,515
2021-12-31,61.9957,61.9957,61.9957,61.9957,0
2022-01-03,61.4801,61.62,61.62,61.4801,274
2022-01-04,61.96,63.055,63.4,61.96,2703
2022-01-05,62.615,62.7336,62.9599,62.615,9843
2022-01-06,62.155,62.38,62.38,62.155,736
2022-01-07,63.1184,63.1184,63.1184,63.1184,92
2022-01-10,62.5546,62.5546,62.5546,62.5546,77
2022-01-11,63.09,63.09,63.09,63.09,50
2022-01-12,64.0869,63.89,64.1,63.89,696
2022-01-13,63.0174,63.0174,63.0174,63.0174,16
2022-01-14,63.84,64.0901,64.0901,63.84,213
2022-01-18,64.95,64.635,64.95,64.53,362
2022-01-19,65.68,66.0602,66.0602,65.68,362
2022-01-20,66.18,65.41,66.18,65.41,989
2022-01-21,65.29,64.723,65.29,64.723,129
2022-01-24,63.87,64.3354,64.3354,63.84,417
2022-01-25,64.7,64.56,64.7,64.4727,401
2022-01-26,64.29,64.29,64.29,64.29,3
2022-01-27,63.89,63.5713,63.89,63.4977,472
2022-01-28,63.5874,63.83,63.83,63.5874,490
2022-01-31,64.1755,64.1755,64.1755,64.1755,5
2022-02-01,64.8237,64.8237,64.8237,64.8237,63
2022-02-02,64.0499,64.0499,64.0499,64.0499,33
2022-02-03,64.9203,64.9203,64.9203,64.9203,237
2022-02-04,64.83,64.9438,64.9438,64.83,138
2022-02-07,64.48,64.5203,64.5203,64.23,14789
2022-02-08,65.17,65.4551,65.4551,65.17,212
2022-02-09,66.97,66.8752,67.12,66.8752,51437
2022-02-10,65.86,66.2152,66.2152,65.86,6550
2022-02-11,65.645,65.645,65.645,65.645,162
2022-02-14,64.5401,64.874,64.874,64.5401,382
2022-02-15,65.13,65.0182,65.13,64.99,571
2022-02-16,65.115,65.115,65.115,65.115,15
2022-02-17,64.9123,64.9123,64.9123,64.9123,6
2022-02-18,64.6099,64.5851,64.6099,64.5851,506
2022-02-22,64.84,65.2165,65.3,64.84,4410
2022-02-23,65.3,65.0192,65.56,64.9652,8765
2022-02-24,64.28,64.2441,64.28,64.2441,237
2022-02-25,63.17,63.4902,63.4902,63.17,23883
2022-02-28,62.83,63.005,63.005,62.6901,596
2022-03-01,64.29,64.3655,64.3655,64.29,401
2022-03-02,64.0699,63.6172,64.0699,63.6172,212
2022-03-03,63.66,63.66,63.66,63.66,77
2022-03-04,64.0004,64.0004,64.0004,64.0004,56
2022-03-07,64.05,64.1029,64.3827,63.53,1280
2022-03-08,64.54,65.0283,65.2,64.33,964
2022-03-09,63.88,64.14,64.14,63.88,24773
2022-03-10,63.7481,63.7481,63.7481,63.7481,139
2022-03-11,64.08,64.08,64.08,64.08,4
2022-03-14,63.389,63.389,63.389,63.389,4
2022-03-15,62.0692,62.0692,62.0692,62.0692,11
2022-03-16,62.6,62.6,62.6,62.6,35
2022-03-17,63.18,62.8932,63.18,62.8932,334
2022-03-18,63.33,64.1377,64.4,63.33,509
2022-03-21,65.4,65.6725,65.6725,65.4,417
2022-03-22,65.65,65.341,65.65,65.341,202
2022-03-23,65.5701,65.5701,65.5701,65.5701,91
2022-03-24,65.5301,65.5301,65.5301,65.5301,60
2022-03-25,66.3,66.3538,66.72,66.1,1025
2022-03-28,65.88,66.46,66.46,65.88,61020
2022-03-29,65.335,65.335,65.335,65.335,1
2022-03-30,66.64,66.96,66.9617,66.64,452
2022-03-31,66.57,66.795,67.23,66.57,857
2022-04-01,67.15,66.72,67.15,66.72,4252
2022-04-04,67.95,67.715,67.95,67.715,1102
2022-04-05,67.79,67.89,67.89,67.79,40866
2022-04-06,67.19,67.3181,67.3181,67.04,1151
2022-04-07,67.09,67.065,67.1572,67.065,606
2022-04-08,68.31,68.31,68.31,68.31,36
2022-04-11,68.919,69.12,69.22,68.919,23806
2022-04-12,69.1766,69.0964,69.18,69.0964,477
2022-04-13,68.55,68.5901,68.5901,68.55,6230
2022-04-14,67.945,68.342,68.35,67.76,29428
2022-04-18,68.8098,68.8098,68.8098,68.8098,1
2022-04-19,67.2615,67.2615,67.2615,67.2615,91
2022-04-20,67.115,66.745,67.115,66.745,48414
2022-04-21,67.955,67.955,67.955,67.955,124
2022-04-22,66.685,66.685,66.685,66.685,17
2022-04-25,65.35,65.78,65.78,65.35,43853
2022-04-26,65.685,65.7,65.7,65.685,128
2022-04-27,65.94,65.8511,65.98,65.8511,718
2022-04-28,66.8329,66.8329,66.8329,66.8329,53
2022-05-03,67.9587,67.9587,67.9587,67.9587,3
2022-05-05,66.75,64.8,66.75,64.8,531
2022-05-09,64.07,63.0936,64.07,63.0936,122
2022-05-11,64.98,65.46,65.46,64.98,327
2022-05-12,59.0001,66.975,66.975,59.0001,260
2022-05-16,66.9,66.9,66.9,66.9,162
2022-05-19,69.67,68.0,69.67,68.0,450
2022-05-25,64.06,66.64,66.64,64.06,278
2022-05-27,67.33,67.33,67.33,67.33,121
2022-06-02,68.07,68.19,68.19,67.33,954
2022-06-06,68.19,67.51,68.19,61.37,1197
2022-06-08,67.49,67.49,67.49,67.49,338
2022-06-09,67.49,67.49,67.49,67.49,1215
2022-06-10,67.49,67.49,67.49,67.49,1475
2022-06-15,66.9999,66.9999,66.9999,66.9999,100
2022-06-16,66.5,66.5,66.5,66.5,686
2022-06-17,65.5896,65.5896,65.5896,65.5896,0
2022-06-21,67.125,67.125,67.125,67.125,42
2022-06-22,66.75,66.755,66.755,65.5,586
2022-06-23,61.865,61.865,61.865,61.865,0
2022-06-27,61.8,64.7901,64.7901,61.8,884
2022-06-28,64.905,64.905,64.905,64.905,1
2022-06-29,64.93,64.93,64.93,64.93,1
2022-06-30,63.02,63.02,63.02,63.02,3
2022-07-01,63.02,63.02,63.02,63.02,33
2022-07-05,61.67,61.67,61.67,61.67,63
2022-07-06,60.33,60.33,60.33,60.33,17
2022-07-07,61.55,61.55,61.55,61.55,489
2022-07-13,60.105,60.105,60.105,60.105,0
2022-07-26,61.01,59.12,61.01,59.12,1036
2022-07-27,60.01,60.95,60.95,60.01,325
2022-07-28,61.41,61.705,61.705,61.41,332
2022-07-29,62.055,62.055,62.055,62.055,19
2022-08-01,60.12,60.1388,60.1388,60.11,453
2022-08-02,59.815,59.815,59.815,59.815,6
2022-08-03,60.11,60.6614,60.6614,60.11,246
2022-08-04,60.9,60.9,60.9,60.9,0
2022-08-05,60.4552,60.4552,60.4552,60.4552,23
2022-08-08,61.235,60.7631,61.235,60.7631,138
2022-08-09,60.45,61.2209,61.23,60.45,456
2022-08-10,61.55,62.6302,62.75,61.55,2220
2022-08-11,63.02,63.8551,63.8551,63.02,111
2022-08-12,65.3,65.27,65.3,65.27,200
2022-08-15,65.54,65.6901,65.6901,65.54,1655
2022-08-16,65.81,64.9699,65.81,64.9699,362
2022-08-17,64.27,64.27,64.27,64.27,15
2022-08-18,63.2049,63.2049,63.2049,63.2049,10
2022-08-19,64.175,64.175,64.175,64.175,34
2022-08-22,64.72,64.72,64.72,64.72,21
2022-08-23,65.33,65.33,65.33,65.33,13
2022-08-24,66.8551,66.8551,66.8551,66.8551,24
2022-08-25,66.7109,66.7109,66.7109,66.7109,4
2022-08-26,67.76,67.76,67.76,67.76,33
2022-08-29,68.84,67.4351,68.84,67.4351,1433
2022-08-30,66.94,66.3448,66.94,66.3448,752
2022-08-31,67.43,66.0399,67.43,66.0399,234
2022-09-01,64.68,65.28,65.69,63.51,5492
2022-09-02,65.18,64.261,65.18,64.261,906
2022-09-06,64.1839,64.2051,64.2051,64.1839,750
2022-09-07,63.71,63.71,63.71,63.71,5
2022-09-08,63.51,63.5551,63.5551,63.51,101
2022-09-09,64.82,64.95,64.95,64.82,140
2022-09-12,64.52,64.52,64.52,64.52,10
2022-09-13,63.64,63.5948,63.66,63.5948,317
2022-09-14,63.335,63.335,63.335,63.335,1
2022-09-15,63.255,63.255,63.255,63.255,4
2022-09-16,62.225,62.225,62.225,62.225,16
2022-09-19,61.91,62.395,62.395,61.91,154
2022-09-20,63.04,62.767,63.04,62.767,128
2022-09-22,63.3,63.2701,63.3,63.2701,403
2022-09-23,62.06,61.9003,62.06,61.9003,325
2022-09-26,62.09,62.1948,62.1948,62.09,305
2022-09-27,61.875,61.875,61.875,61.875,16
2022-09-28,62.4579,62.5851,62.64,62.4579,896
2022-09-29,62.04,61.9601,62.07,61.9601,203
2022-09-30,61.1604,61.1604,61.1604,61.1604,0
2022-10-03,60.25,60.2801,60.54,60.185,1466
2022-10-04,61.6225,61.6225,61.6225,61.6225,5
2022-10-05,61.9501,61.9501,61.9501,61.9501,6
2022-10-06,61.62,61.62,61.62,61.62,1
2022-10-07,62.01,62.1801,62.31,61.44,751
2022-10-10,62.702,62.702,62.702,62.702,0
2022-10-11,62.6051,62.6051,62.6051,62.6051,29
2022-10-12,61.15,61.525,61.525,61.15,121
2022-10-13,60.83,60.8601,60.8601,60.83,112
2022-10-14,60.1599,60.1599,60.1599,60.1599,2
2022-10-17,60.09,59.8801,60.09,59.8801,404
2022-10-18,59.47,59.1,59.47,59.1,1975
2022-10-19,58.54,58.54,58.54,58.54,1
2022-10-20,57.7799,57.7799,57.7799,57.7799,2
2022-10-21,58.17,58.1451,58.17,58.1451,313
2022-10-24,57.6399,57.6399,57.6399,57.6399,4
2022-10-25,57.1649,57.1649,57.1649,57.1649,7
2022-10-26,56.2694,56.2694,56.2694,56.2694,1
2022-10-27,55.85,55.3549,55.87,55.3549,2443
2022-10-28,54.14,54.285,54.285,54.14,333
2022-10-31,55.24,55.3851,55.3851,55.16,984
2022-11-01,56.55,56.3751,56.67,56.3751,429
2022-11-02,57.44,57.405,57.52,57.405,403
2022-11-03,57.0249,57.0249,57.0249,57.0249,34
2022-11-04,58.2401,58.2401,58.2401,58.2401,47
2022-11-07,57.745,57.745,57.745,57.745,6
2022-11-08,57.6999,57.6999,57.6999,57.6999,12
2022-11-09,57.8848,57.8848,57.8848,57.8848,15
2022-11-10,58.42,58.18,58.4619,58.18,1025
2022-11-11,59.19,59.0201,59.19,59.0201,610
2022-11-14,59.0449,59.0449,59.0449,59.0449,12
2022-11-15,59.38,59.4251,59.4251,58.92,1012
2022-11-16,59.1349,59.1349,59.1349,59.1349,12
2022-11-17,57.8249,57.8249,57.8249,57.8249,1
2022-11-18,58.245,58.245,58.245,58.245,22
2022-11-21,57.9149,57.9149,57.9149,57.9149,1
2022-11-22,58.54,58.5201,58.54,58.5201,301
2022-11-23,58.2449,58.2449,58.2449,58.2449,1
2022-11-25,57.8054,57.8054,57.8054,57.8054,1
2022-11-28,57.3349,57.3349,57.3349,57.3349,1
2022-11-29,58.32,58.5001,58.5001,58.32,301
2022-11-30,59.3652,59.3652,59.3652,59.3652,32
2022-12-01,58.84,58.8251,58.84,58.8251,200
2022-12-02,58.09,58.09,58.09,58.09,187
2022-12-05,58.32,58.32,58.32,58.32,24
2022-12-06,58.2999,58.2999,58.2999,58.2999,5
2022-12-07,57.5699,57.5699,57.5699,57.5699,6
2022-12-08,57.57,57.7551,57.7551,57.46,350
2022-12-09,57.5599,57.5599,57.5599,57.5599,50
2022-12-12,57.88,57.9451,57.9451,57.88,228
2022-12-13,59.255,59.255,59.255,59.255,12
2022-12-14,59.6801,59.6801,59.6801,59.6801,6
2022-12-15,59.6051,59.6051,59.6051,59.6051,1
2022-12-16,59.21,59.21,59.21,59.21,1
2022-12-19,59.4601,59.4601,59.4601,59.4601,4
2022-12-20,61.1801,61.1801,61.1801,61.1801,0
2022-12-21,61.445,61.445,61.445,61.445,4
2022-12-22,61.2101,61.2101,61.2101,61.2101,2
2022-12-23,61.6301,61.6301,61.6301,61.6301,11
2022-12-27,60.21,60.0899,60.21,60.0899,403
2022-12-28,60.575,60.575,60.575,60.575,9
2022-12-29,60.325,60.325,60.325,60.325,1
2022-12-30,59.7449,59.7449,59.7449,59.7449,2
2023-01-03,58.7201,59.1289,59.1289,58.7201,440
2023-01-04,57.8599,57.8599,57.8599,57.8599,1
2023-01-05,57.91,57.625,57.94,57.625,280
2023-01-06,57.4151,57.4151,57.4151,57.4151,74
2023-01-09,57.47,57.47,57.47,57.47,2
2023-01-10,57.3,57.0849,57.3,57.0849,400
2023-01-11,56.74,56.3863,56.91,56.32,1700
2023-01-12,56.81,56.81,56.81,56.81,0
2023-01-13,57.07,57.21,57.21,57.07,2550
2023-01-17,57.6362,57.6362,57.6362,57.6362,100
2023-01-18,58.43,57.98,58.48,57.98,1216
2023-01-19,58.075,58.075,58.075,58.075,1
2023-01-20,58.3251,58.3251,58.3251,58.3251,0
2023-01-23,58.9484,58.9484,58.9484,58.9484,0
2023-01-24,59.2351,59.2351,59.2351,59.2351,28
2023-01-25,59.98,60.0551,60.0551,59.98,200
2023-01-26,61.4601,61.4601,61.4601,61.4601,40
2023-01-27,61.94,62.21,62.21,61.91,633
2023-01-30,62.33,62.33,62.33,62.33,30
2023-01-31,64.9676,64.9676,64.9676,64.9676,15
2023-02-01,64.2045,63.5701,64.2045,63.46,334
2023-02-02,63.89,64.2151,64.2151,63.89,147
2023-02-03,62.75,62.8654,62.8654,62.75,140
2023-02-06,62.52,62.2651,62.52,61.99,560
2023-02-07,63.09,63.09,63.09,63.09,14
2023-02-08,62.97,63.1501,63.1501,62.97,315
2023-02-09,63.25,63.0749,63.39,63.07,101192
2023-02-10,63.2351,63.2351,63.2351,63.2351,80
2023-02-13,63.26,63.4049,63.5585,63.26,12007
2023-02-14,64.39,64.39,64.39,64.39,48
2023-02-15,62.8799,62.8799,62.8799,62.8799,301
2023-02-16,63.21,63.2701,63.2701,63.21,422
2023-02-17,63.98,64.2,64.2,63.97,3058
2023-02-21,65.165,65.165,65.165,65.165,133
2023-02-22,65.4862,65.33,65.4862,65.33,119
2023-02-23,65.5052,65.5052,65.5052,65.5052,55
2023-02-24,64.745,64.745,64.745,64.745,232
2023-02-27,65.68,65.435,65.68,65.435,740
2023-02-28,64.92,64.7399,64.92,64.7399,987
2023-03-01,65.33,65.4991,65.4991,65.33,746
2023-03-02,64.55,64.4901,64.82,64.4901,761
2023-03-03,64.3568,64.845,64.845,64.3568,125
2023-03-06,64.8352,65.04,65.24,64.8352,2526
2023-03-07,64.96,65.103,65.103,64.92,446
2023-03-08,64.2,64.365,64.365,64.08,533
2023-03-09,64.67,64.4359,64.67,64.4359,1200
2023-03-10,63.9719,63.9719,63.9719,63.9719,53
2023-03-13,64.4,64.4,64.4,64.4,224
2023-03-14,63.82,63.6101,63.82,63.6101,417
2023-03-15,62.67,62.711,62.711,62.67,1225
2023-03-16,64.394,64.2499,64.394,64.1459,1280
2023-03-17,63.15,63.3499,63.3499,63.11,593
2023-03-20,63.1,63.3351,63.3351,63.1,271
2023-03-21,64.0395,64.1949,64.1949,64.0395,155
2023-03-22,64.1,64.2027,64.26,64.1,408
2023-03-23,63.4337,63.4337,63.4337,63.4337,532
2023-03-24,63.051,63.965,63.965,63.04,1606
2023-03-27,64.14,64.14,64.14,64.14,10
2023-03-28,64.54,64.5994,64.5994,64.54,853
2023-03-29,63.46,63.8846,63.8846,63.46,496
2023-03-30,64.8194,64.8194,64.8194,64.8194,4
2023-03-31,65.2086,65.2086,65.2086,65.2086,0
2023-04-03,66.79,66.1799,66.79,66.1799,277
2023-04-04,66.1,65.9046,66.1,65.9046,281
2023-04-05,67.29,67.29,67.29,67.29,104
2023-04-06,68.63,68.99,68.99,68.63,803
2023-04-10,68.9,68.6251,68.91,68.6251,5083
2023-04-11,70.6077,70.682,70.682,70.5,1364
2023-04-12,70.1748,70.1748,70.1748,70.1748,18
2023-04-13,71.59,71.4851,71.59,71.45,300
2023-04-14,71.145,71.145,71.145,71.145,124
2023-04-17,72.17,72.8699,72.8699,72.11,16278
2023-04-18,72.21,73.52,74.11,72.21,8000
2023-04-19,72.87,72.5655,73.64,72.51,1204
2023-04-20,72.13,72.7615,72.82,72.13,849
2023-04-21,71.79,71.91,71.91,71.46,1266
2023-04-24,72.92,73.045,73.045,72.92,726
2023-04-25,71.87,73.0701,73.0701,71.87,710
2023-04-26,73.05,73.146,73.25,73.05,813
2023-04-27,74.27,73.7,74.27,73.61,2593
2023-04-28,72.74,73.2138,73.51,72.74,259
2023-05-01,73.08,72.21,73.08,72.21,1359
2023-05-02,73.01,71.9501,73.01,71.91,34782
2023-05-03,71.08,71.2649,72.17,71.08,1574
2023-05-04,71.385,72.09,72.09,70.99,1570
2023-05-05,73.58,74.1851,74.1851,73.58,233
2023-05-08,72.95,73.24,73.24,72.8872,349
2023-05-09,72.7,73.2251,73.2251,72.7,510
2023-05-10,73.26,73.6001,73.66,73.26,461
2023-05-11,72.4992,72.32,72.4992,72.32,254
2023-05-12,72.685,72.685,72.685,72.685,54
2023-05-15,73.88,73.88,73.88,73.88,62
2023-05-16,74.0,73.5675,74.05,73.5675,7918
2023-05-17,73.7501,73.7501,73.7501,73.7501,4
2023-05-18,73.03,73.4051,73.4051,73.03,121
2023-05-19,74.45,74.52,74.52,74.4,607
