2022-05-09,49.0,48.38,49.0601,48.38,7505
2022-05-10,48.41,48.2377,48.93,47.91,19438
2022-05-11,47.77,47.4471,48.78,47.4471,20689
2022-05-12,46.85,47.69,47.8,46.63,28950
2022-05-13,47.7,48.959,49.18,47.7,43689
2022-05-16,48.59,48.83,49.18,48.59,36066
2022-05-17,48.86,50.1863,50.199,48.86,11237
2022-05-18,49.33,48.4027,50.48,48.36,18987
2022-05-19,47.53,48.23,48.73,47.53,12772
2022-05-20,48.57,47.9948,48.74,47.04,19711
2022-05-23,48.26,48.553,48.81,48.08,13059
2022-05-24,48.24,48.0245,48.6699,47.32,11665
2022-05-25,47.73,49.03,49.19,47.73,6610
2022-05-26,49.17,50.1732,50.34,49.17,12976
2022-05-27,49.83,51.28,51.3,49.83,4818
2022-05-31,50.8,50.864,51.08,50.64,12503
2022-06-01,50.56,50.5994,51.09,49.875,13896
2022-06-02,50.36,51.56,51.56,50.36,13291
2022-06-03,51.05,51.13,51.29,51.03,11168
2022-06-06,51.33,51.4634,51.64,51.32,9684
2022-06-07,50.73,52.0859,52.0859,50.73,6939
2022-06-08,51.46,51.1832,51.77,51.03,14936
2022-06-09,50.85,50.1853,50.93,50.1853,11859
2022-06-10,49.4,48.82,49.4,48.82,3551
2022-06-13,47.36,46.5442,47.3775,46.42,8927
2022-06-14,46.46,46.357,46.67,46.1,6955
2022-06-15,46.6,46.8728,47.395,46.45,4119
2022-06-16,46.13,44.4987,46.13,44.315,7331
2022-06-17,44.84,44.8219,45.1768,44.44,15737
2022-06-21,45.6,45.4047,45.8,45.4047,8845
2022-06-22,44.51,45.2879,45.5099,44.51,7018
2022-06-23,45.67,45.3576,45.67,44.78,9147
2022-06-24,45.89,46.8796,46.8796,45.76,7975
2022-06-27,47.07,47.2051,47.51,46.93,5480
2022-06-28,47.33,46.6032,47.33,46.6032,6083
2022-06-29,46.52,46.1831,46.53,45.934,4919
2022-06-30,45.78,45.82,46.11,45.4,11567
2022-07-01,45.65,46.31,46.33,45.36,8449
2022-07-05,45.64,46.2049,46.2049,45.17,6015
2022-07-06,46.38,45.8514,46.38,45.51,4920
2022-07-07,46.35,46.7185,46.83,46.35,6936
2022-07-08,46.42,46.7028,46.9215,46.34,30836
2022-07-11,46.53,46.1571,46.53,46.11,8139
2022-07-12,45.74,46.1174,46.56,45.74,11490
2022-07-13,45.27,46.0291,46.14,45.27,7312
2022-07-14,45.47,45.5979,45.5979,44.99,3925
2022-07-15,45.9,46.405,46.48,45.7,5053
2022-07-18,46.73,46.455,47.13,46.35,7404
2022-07-19,47.04,47.9496,47.9496,47.04,4457
2022-07-20,47.46,48.5383,48.5383,47.46,8054
2022-07-21,47.89,48.733,48.733,47.89,10189
2022-07-22,48.33,48.2956,48.71,48.0608,6626
2022-07-25,48.06,48.62,48.63,48.0,7335
2022-07-26,48.67,48.37,48.67,48.25,8263
2022-07-27,48.35,49.3324,49.3324,48.35,3925
2022-07-28,49.03,49.9607,49.9607,48.86,193339
2022-07-29,49.59,50.57,50.59,49.59,8944
2022-08-01,50.52,50.6157,50.7,50.18,3048
2022-08-02,50.18,50.1777,50.624,50.13,3698
2022-08-03,50.2,50.6375,50.717,50.2,3129
2022-08-04,50.47,50.265,50.51,50.265,4675
2022-08-05,50.15,50.5052,50.5052,50.15,2086
2022-08-08,50.56,50.8207,51.3,50.56,3834
2022-08-09,50.58,50.38,50.58,50.21,7219
2022-08-10,50.77,51.4433,51.57,50.77,195844
2022-08-11,51.5,51.8975,52.38,51.5,5412
2022-08-12,52.34,52.6,52.63,52.03,216503
2022-08-15,52.5,52.83,52.83,52.2459,6174
2022-08-16,52.83,53.1591,53.33,52.83,8044
2022-08-17,52.95,52.4993,52.95,52.18,12470
2022-08-18,52.33,52.8488,52.88,52.33,6610
2022-08-19,52.43,52.0765,52.804,52.0,3964
2022-08-22,51.18,50.9331,51.612,50.9331,3471
2022-08-23,50.67,50.9094,51.27,50.67,6305
2022-08-24,50.89,51.1197,51.26,50.89,13490
2022-08-25,51.11,52.0,52.0,51.11,47737
2022-08-26,51.93,50.53,51.93,50.53,4368
2022-08-29,49.83,50.1615,50.4194,49.83,6210
2022-08-30,50.01,49.37,50.01,49.29,7664
2022-08-31,49.31,49.029,49.5239,49.0,6147
2022-09-01,49.02,48.517,49.02,48.1,5471
2022-09-02,48.91,48.1962,49.1155,48.1962,2889
2022-09-06,48.25,47.7702,48.53,47.69,16335
2022-09-07,47.54,48.6507,48.6916,47.54,7782
2022-09-08,48.19,49.0532,49.0532,48.19,12491
2022-09-09,49.23,49.9564,50.0342,49.23,5863
2022-09-12,50.14,50.4884,50.6,50.14,7070
2022-09-13,49.13,48.6944,49.4073,48.6944,3667
2022-09-14,48.56,48.5694,48.705,48.17,8433
2022-09-15,48.96,48.3313,48.9906,48.23,3646
2022-09-16,48.69,47.6976,48.69,47.22,4592
2022-09-19,47.12,48.235,48.2362,47.12,4042
2022-09-20,47.51,47.5174,47.6723,47.41,8436
2022-09-21,47.56,46.88,47.9899,46.88,15297
2022-09-22,46.202,45.93,46.202,45.93,6396
2022-09-23,45.22,44.9128,45.3303,44.39,16523
2022-09-26,44.9,44.3298,44.95,44.17,3664
2022-09-27,44.92,44.3285,44.92,44.03,6878
2022-09-28,44.82,45.5584,45.72,44.5243,14530
2022-09-29,44.82,44.67,44.82,44.19,8377
2022-09-30,44.49,44.3993,45.34,44.33,7658
2022-10-03,45.18,45.61,45.83,44.72,18051
2022-10-04,46.77,47.332,47.332,46.77,3373
2022-10-05,46.86,47.2139,47.42,46.64,21068
2022-10-06,46.91,46.8332,47.05,46.7699,14742
2022-10-07,46.07,45.7,46.24,45.58,29329
2022-10-10,45.8,45.6873,45.96,45.4,15295
2022-10-11,45.37,45.7114,46.1741,45.3,39591
2022-10-12,46.14,45.47,46.14,45.3,36765
2022-10-13,44.35,46.5093,46.68,44.35,9078
2022-10-14,46.72,45.4536,46.74,45.4536,6283
2022-10-17,46.52,46.6114,46.71,46.4106,12525
2022-10-18,47.8,47.196,47.8,46.93,10902
2022-10-19,46.71,46.526,46.9471,46.15,20442
2022-10-20,46.21,45.9762,46.8569,45.795,8390
2022-10-21,45.46,46.87,46.9282,45.46,11183
2022-10-24,47.3,47.2293,47.3,46.795,6007
2022-10-25,46.94,48.335,48.41,46.94,18204
2022-10-26,48.11,48.583,49.21,48.11,8934
2022-10-27,48.75,48.52,49.2,48.51,14913
2022-10-28,48.76,49.5,49.5,48.76,4261
2022-10-31,49.5,49.55,49.71,49.3918,8976
2022-11-01,49.87,49.792,49.92,49.51,19497
2022-11-02,49.99,48.4032,49.99,48.4032,13654
2022-11-03,47.45,48.0785,48.3406,47.45,6767
2022-11-04,48.68,48.75,49.06,48.09,10424
2022-11-07,49.33,49.2095,49.33,48.74,6958
2022-11-08,49.06,49.296,49.75,48.89,180098
2022-11-09,49.37,48.2603,49.37,48.16,6357
2022-11-10,49.94,50.7746,50.8,49.94,29297
2022-11-11,50.8,51.0867,51.511,50.8,132577
2022-11-14,50.61,50.55,51.18,50.55,16469
2022-11-15,50.84,51.2779,51.7,50.84,11264
2022-11-16,50.82,50.5472,50.89,50.54,108042
2022-11-17,50.2,50.3282,50.3282,49.88,7861
2022-11-18,51.0,50.8,51.07,50.425,4625
2022-11-21,50.21,50.5776,50.74,50.21,5050
2022-11-22,50.35,51.3542,51.37,50.35,5997
2022-11-23,51.45,51.4003,51.49,50.8901,23019
2022-11-25,51.7,51.617,51.7,51.5999,4544
2022-11-28,51.36,50.77,51.36,50.64,88880
2022-11-29,50.98,50.88,51.03,50.8,8927
2022-11-30,51.16,52.08,52.08,50.5034,5933
2022-12-01,52.02,51.879,52.3,51.72,48266
2022-12-02,51.15,51.964,52.13,51.15,12518
2022-12-05,51.83,50.6604,51.83,50.55,29562
2022-12-06,50.53,50.1394,50.53,49.77,5918
2022-12-07,50.25,50.0317,50.25,49.98,7230
2022-12-08,50.09,50.3384,50.474,50.09,10645
2022-12-09,49.95,49.8598,50.32,49.8598,6488
2022-12-12,50.13,50.3419,50.3419,49.7,7996
2022-12-13,50.99,50.6104,51.55,50.6104,5585
2022-12-14,50.61,48.009,50.99,50.26,16103
2022-12-15,47.15,46.86,47.19,46.72,12063
2022-12-16,46.1,46.4589,46.4589,46.02,19775
2022-12-19,46.56,45.32457,46.56,45.8054,20812
2022-12-20,45.76,45.47,45.76,45.208,15815
2022-12-21,46.03,46.36,46.43,45.9909,23785
2022-12-22,45.78,45.83,45.83,45.12,24239
2022-12-23,46.19,46.128,46.19,45.73,19546
2022-12-27,46.39,46.16,46.39,45.94,17812
2022-12-28,46.45,45.28,46.45,45.28,22588
2022-12-29,45.52,46.25,46.3541,45.52,7943
2022-12-30,46.04,46.045,46.24,45.78,13951
2023-01-03,46.59,45.8882,46.59,45.55,8621
2023-01-04,46.35,46.485,46.71,46.3,7568
2023-01-05,46.29,46.0323,46.445,45.8904,4032
2023-01-06,46.63,47.1161,47.16,46.315,9545
2023-01-09,47.65,47.15,47.69,47.15,16895
2023-01-10,47.33,47.639,47.639,47.13,8896
2023-01-11,48.09,48.2567,48.2567,47.98,4735
2023-01-12,48.7,48.7942,48.86,48.36,10098
2023-01-13,48.77,49.05,49.081,48.56,18552
2023-01-17,49.24,48.8904,49.24,48.8699,21857
2023-01-18,49.3399,48.25,49.37,48.25,13421
2023-01-19,48.2,47.89,48.2,47.58,7311
2023-01-20,48.19,48.5639,48.5639,47.89,21871
2023-01-23,48.58,49.2247,49.3506,48.58,313858
2023-01-24,48.84,49.0524,49.234,48.78,8839
2023-01-25,48.43,49.22,49.22,48.43,9803
2023-01-26,49.588,49.5471,49.588,49.24,6714
2023-01-27,49.27,49.7,49.89,49.27,18960
2023-01-30,49.65,49.23,49.77,49.2,10290
2023-01-31,49.5,50.4,50.4,49.44,6284
2023-02-01,50.46,51.11,51.45,50.2257,17668
2023-02-02,51.86,51.91,51.985,51.36,9893
2023-02-03,51.87,51.62,52.04,51.55,12976
2023-02-06,51.06,51.09,51.2999,50.9511,14315
2023-02-07,50.8,51.4579,51.4579,50.6999,22564
2023-02-08,51.77,50.88,51.77,50.82,19810
2023-02-09,51.01,50.2229,51.09,50.12,5447
2023-02-10,49.83,50.3531,50.3531,49.83,9027
2023-02-13,50.35,50.89,50.904,50.35,6024
2023-02-14,50.94,50.994,51.04,50.6,10000
2023-02-15,50.72,51.23,51.28,50.72,9721
2023-02-16,50.53,50.9703,51.373,50.53,7784
2023-02-17,50.6,50.9271,50.94,50.6,3690
2023-02-21,50.62,49.6423,50.62,49.6328,7748
2023-02-22,49.51,49.6742,49.965,49.5,6192
2023-02-23,50.14,49.96,50.18,49.6141,3843
2023-02-24,49.7,49.7107,49.795,49.325,6268
2023-02-27,50.3,49.8186,50.3,49.8186,7579
2023-02-28,49.73,49.82,50.21,49.73,10227
2023-03-01,49.88,49.92,50.05,49.62,9009
2023-03-02,49.47,50.23,50.23,49.47,7344
2023-03-03,50.57,50.8,50.81,50.18,34755
2023-03-06,50.78,50.07,50.78,49.98,6904
2023-03-07,49.86,49.51,50.0,49.4499,6240
2023-03-08,50.02,49.55,50.02,49.2101,11811
2023-03-09,49.6,48.39,49.6,48.39,20900
2023-03-10,48.7,47.0171,48.7,46.77,8372
2023-03-13,46.54,46.04,46.54,45.82,10268
2023-03-14,47.3,46.92,47.35,46.4,8547
2023-03-15,46.55,45.8245,46.55,45.25,9183
2023-03-16,46.08,46.59,46.8,45.31,9531
2023-03-17,45.97,45.4987,46.0725,45.43,4641
2023-03-20,46.21,46.2011,46.53,45.83,8419
2023-03-21,47.26,46.98,47.26,46.83,14423
2023-03-22,46.95,45.9551,47.06,45.9551,9997
2023-03-23,46.28,45.6015,46.51,45.201,6042
2023-03-24,45.59,45.8381,45.8381,45.15,9188
2023-03-27,46.53,46.3682,46.55,46.17,13074
2023-03-28,46.15,46.45,46.62,46.15,5327
2023-03-29,47.11,46.94,47.11,46.66,11363
2023-03-30,47.11,47.059,47.4,46.92,10555
2023-03-31,47.58,47.96,47.96,47.43,6663
2023-04-03,48.0,47.9743,48.2137,47.75,5471
2023-04-04,48.58,47.17,48.58,46.91,9218
2023-04-05,47.19,46.8,47.19,46.5494,9699
2023-04-06,46.95,46.76,46.95,46.5872,6507
2023-04-10,46.95,47.3,47.3,46.82,13446
2023-04-11,47.86,47.6532,47.88,47.52,14086
2023-04-12,48.35,47.39,48.35,47.37,22352
2023-04-13,47.97,47.6818,47.97,47.2301,12800
2023-04-14,47.52,47.46,48.019,47.2201,16275
2023-04-17,47.93,47.7472,47.93,47.37,34674
2023-04-18,48.33,47.655,48.33,47.483,16717
2023-04-19,47.24,47.6999,47.77,47.24,6896
2023-04-20,47.22,47.5547,47.76,47.22,10892
2023-04-21,47.42,47.4704,47.55,47.225,7594
2023-04-24,47.64,47.4462,47.6746,47.2881,8605
2023-04-25,47.03,46.5,47.2214,46.5,10298
2023-04-26,46.92,46.102,46.92,46.0,8018
2023-04-27,46.44,46.76,46.79,46.1268,7758
2023-04-28,46.53,47.23,47.29,46.53,11504
2023-05-01,47.02,47.2586,47.58,47.02,11181
2023-05-02,47.38,46.56,47.38,46.0,11321
2023-05-03,47.07,46.42,47.11,46.42,16534
2023-05-04,46.03,45.74,46.16,45.55,19441
2023-05-05,46.65,46.68,46.78,46.34,52494
2023-05-08,47.38,46.57,47.38,46.4178,20908
2023-05-09,46.42,46.38,46.53,46.18,8285
2023-05-10,46.6,46.4122,46.98,46.1732,29841
2023-05-11,45.96,46.15,46.31,45.96,11905
2023-05-12,46.56,46.1866,46.56,45.94,7143
2023-05-15,46.46,46.5705,46.69,46.1,8308
2023-05-16,46.25,46.0002,46.25,45.99,10085
2023-05-17,46.12,46.78,46.89,46.12,11807
2023-05-18,46.56,47.24,47.24,46.56,15181
2023-05-19,47.62,46.87,47.62,46.695,7737
