2020-04-08,20.85,20.08,22.84,19.1,1063768
2020-04-09,20.1,21.57,23.1894,20.1,150901
2020-04-13,22.02,23.23,25.85,22.0,158230
2020-04-14,23.68,27.49,27.49,23.68,108354
2020-04-15,26.98,27.18,27.6568,25.1056,82445
2020-04-16,26.96,27.1191,27.595,26.6601,46994
2020-04-17,27.26,26.7,28.6046,24.5,104042
2020-04-20,26.98,28.0,28.05,25.56,170066
2020-04-21,27.9,27.06,30.6644,27.05,57014
2020-04-22,27.5,28.58,30.25,27.5,55747
2020-04-23,28.29,29.47,29.47,27.81,46464
2020-04-24,29.38,30.59,30.89,29.0,62815
2020-04-27,30.6,30.4,31.3,30.02,26823
2020-04-28,30.5,30.9,31.09,30.3984,49206
2020-04-29,31.0,29.97,31.495,27.725,121381
2020-04-30,29.47,29.55,30.08,28.05,12105
2020-05-01,29.25,28.8,29.47,28.19,14104
2020-05-04,28.9,29.02,30.43,28.6,38993
2020-05-05,29.5,28.8,30.42,28.264,35624
2020-05-06,28.8,27.86,29.2,25.65,84395
2020-05-07,27.98,26.85,29.46,26.31,48406
2020-05-08,28.01,27.385,28.495,27.0,36997
2020-05-11,27.73,27.28,28.0,26.212,35629
2020-05-12,27.37,29.65,32.75,27.37,115555
2020-05-13,29.5,28.75,31.59,27.5,43812
2020-05-14,28.25,28.18,29.185,27.1562,37985
2020-05-15,27.8,28.6,29.87,27.8,45216
2020-05-18,29.0,28.355,30.71,28.355,34840
2020-05-19,28.54,27.41,29.99,26.26,38015
2020-05-20,28.05,27.65,28.7875,25.6,105082
2020-05-21,27.52,27.32,28.0,26.65,86015
2020-05-22,26.42,27.31,27.63,26.335,29480
2020-05-26,27.5,26.76,27.5,26.0744,16740
2020-05-27,27.0,28.42,31.0,26.49,54229
2020-05-28,28.5,28.0,28.73,27.02,32138
2020-05-29,27.82,28.74,30.0,25.84,78693
2020-06-01,28.6,29.5,30.0,27.5,31306
2020-06-02,29.77,31.98,32.3,29.2,50459
2020-06-03,33.06,34.44,36.75,30.23,75328
2020-06-04,34.14,32.22,35.41,32.21,47473
2020-06-05,33.51,31.83,34.165,31.69,42937
2020-06-08,32.09,35.1,35.95,28.88,76173
2020-06-09,34.59,35.81,37.4,33.415,56525
2020-06-10,35.54,35.52,36.2,34.5035,84927
2020-06-11,34.34,33.72,34.34,33.025,156510
2020-06-12,33.4,34.3,35.625,33.4,43508
2020-06-15,34.18,35.56,39.115,33.98,119300
2020-06-16,36.67,35.94,37.0,35.5698,107932
2020-06-17,36.09,35.29,37.0,35.25,114386
2020-06-18,35.0,36.77,37.0,33.82,121147
2020-06-19,36.8,38.52,40.63,35.91,465189
2020-06-22,38.2,37.65,40.2,36.3101,181700
2020-06-23,38.09,40.21,41.98,37.5,220418
2020-06-24,40.7,39.0,41.9159,37.0,141330
2020-06-25,39.54,40.39,42.26,39.36,150389
2020-06-26,40.85,38.63,41.5,37.695,899904
2020-06-29,39.53,38.0,40.0194,37.39,78164
2020-06-30,37.75,37.51,38.75,36.16,82700
2020-07-01,36.0695,36.46,39.204,35.51,182955
2020-07-02,36.81,35.8,37.78,34.8,75491
2020-07-06,36.37,34.62,36.37,34.04,66775
2020-07-07,34.68,33.71,35.17,33.56,30358
2020-07-08,33.51,34.4,34.77,33.05,71019
2020-07-09,34.6,33.43,36.56,33.21,40401
2020-07-10,33.19,32.75,33.58,31.36,101381
2020-07-13,33.47,30.8,33.52,30.3,78562
2020-07-14,30.61,31.2,31.67,30.3181,36418
2020-07-15,31.76,29.96,31.9,28.97,89804
2020-07-16,29.75,31.22,31.89,29.7275,174343
2020-07-17,30.87,30.07,31.325,30.02,33237
2020-07-20,29.93,29.52,30.435,29.5,33019
2020-07-21,29.58,29.41,30.5704,29.25,44686
2020-07-22,29.26,29.23,29.84,28.32,70333
2020-07-23,28.61,27.87,28.61,26.83,71673
2020-07-24,28.01,27.04,28.15,26.92,21931
2020-07-27,27.15,29.74,31.59,26.29,169681
2020-07-28,29.61,28.9,30.795,27.527,211771
2020-07-29,28.375,30.44,32.52,25.71,161503
2020-07-30,29.82,30.64,32.51,28.02,149562
2020-07-31,30.48,32.1,33.08,29.02,49609
2020-08-03,32.06,32.43,33.99,30.26,222469
2020-08-04,32.38,32.5,34.5446,31.42,108996
2020-08-05,32.73,35.97,38.25,31.585,79229
2020-08-06,36.01,35.81,36.01,34.4,12380
2020-08-07,35.35,36.3,36.83,34.65,33828
2020-08-10,36.23,36.16,38.13,35.4,32546
2020-08-11,36.5,35.93,38.23,34.88,193961
2020-08-12,36.33,36.01,37.6,34.945,53963
2020-08-13,36.0,39.05,39.93,35.49,151306
2020-08-14,39.0,38.58,39.15,37.4963,28923
2020-08-17,34.83,40.35,40.59,34.83,32455
2020-08-18,40.39,40.63,41.46,39.2,26473
2020-08-19,40.2,41.65,44.3506,39.69,147169
2020-08-20,41.6,46.18,48.0,40.12,165510
2020-08-21,45.89,45.58,48.88,44.6162,41746
2020-08-24,45.6,48.25,48.965,44.05,111656
2020-08-25,49.07,62.21,65.5,46.5,201685
2020-08-26,61.07,53.56,61.07,51.92,143117
2020-08-27,53.56,52.79,58.12,52.42,74889
2020-08-28,52.53,53.06,59.9,48.356,158794
2020-08-31,52.7,53.54,55.09,50.0,95811
2020-09-01,52.7,53.43,54.025,50.145,45325
2020-09-02,54.66,55.95,57.58,51.51,107865
2020-09-03,56.5,50.77,57.0,50.05,90276
2020-09-04,50.41,49.06,50.85,47.29,53066
2020-09-08,48.8,48.5,50.17,44.79,62936
2020-09-09,48.62,49.51,53.145,47.84,73609
2020-09-10,49.91,47.25,51.55,46.14,29217
2020-09-11,47.25,44.51,47.95,43.5775,42488
2020-09-14,46.83,45.08,47.32,44.51,59618
2020-09-15,45.34,45.91,47.57,43.77,107767
2020-09-16,47.02,45.79,47.5,44.63,39517
2020-09-17,44.37,44.99,46.19,44.33,39964
2020-09-18,45.94,45.19,47.12,42.36,166462
2020-09-21,44.52,43.02,45.25,41.44,110625
2020-09-22,43.41,42.55,44.2684,39.895,70654
2020-09-23,42.14,41.25,43.27,41.095,32594
2020-09-24,40.95,41.15,44.9599,39.43,32617
2020-09-25,41.19,40.61,42.2516,40.375,24550
2020-09-28,40.9,39.81,42.8,39.39,39379
2020-09-29,39.655,39.38,41.08,38.3,28393
2020-09-30,39.34,38.57,40.2211,38.1,39799
2020-10-01,38.78,37.61,39.205,36.85,78177
2020-10-02,37.16,36.76,39.36,36.22,88851
2020-10-05,37.2,36.14,38.49,34.51,429635
2020-10-06,36.57,36.0,37.78,34.17,297296
2020-10-07,36.32,40.0,40.89,36.32,52564
2020-10-08,40.69,46.32,47.9899,39.44,445043
2020-10-09,46.71,45.62,48.85,44.0,330322
2020-10-12,45.57,48.89,48.89,43.67,188539
2020-10-13,48.28,46.97,49.97,46.88,49354
2020-10-14,47.16,46.64,47.5,45.95,107636
2020-10-15,46.07,48.0,49.32,46.07,35886
2020-10-16,47.56,51.68,54.76,45.26,115607
2020-10-19,50.51,50.63,54.41,49.79,69107
2020-10-20,51.43,51.07,54.99,47.67,139793
2020-10-21,51.12,52.14,54.13,50.115,87033
2020-10-22,52.01,52.69,54.42,51.05,74607
2020-10-23,53.17,53.91,54.58,52.03,42622
2020-10-26,53.6,54.12,56.135,53.0,87151
2020-10-27,53.86,58.41,61.435,53.86,241326
2020-10-28,57.01,63.21,65.04,54.55,171209
2020-10-29,62.34,61.31,66.41,58.52,243292
2020-10-30,60.42,55.6,62.99,54.61,350682
2020-11-02,57.29,51.8,59.73,44.41,440163
2020-11-03,52.0,53.165,56.29,51.3268,73972
2020-11-04,53.17,53.0,54.56,51.415,53621
2020-11-05,53.0,54.92,56.52,51.8897,55432
2020-11-06,55.23,55.54,57.37,52.8419,48285
2020-11-09,56.75,54.47,57.8,52.54,45710
2020-11-10,55.35,56.66,57.93,54.99,39520
2020-11-11,55.15,54.0,57.05,52.14,88924
2020-11-12,53.54,54.38,56.49,52.49,81888
2020-11-13,57.77,58.9,64.41,52.41,1862879
2020-11-16,60.44,68.02,69.88,60.31,436650
2020-11-17,68.1,66.78,70.83,64.91,207306
2020-11-18,68.16,68.57,74.6,66.73,217315
2020-11-19,67.72,69.49,74.0,67.72,129789
2020-11-20,71.55,71.08,74.0,69.35,471621
2020-11-23,71.56,76.21,81.0,71.43,283317
2020-11-24,76.59,76.0,79.36,75.05,164171
2020-11-25,75.91,75.53,77.745,74.01,215707
2020-11-27,76.51,76.0,79.68,71.2564,105776
2020-11-30,76.65,75.61,79.4365,69.68,322619
2020-12-01,77.33,77.9,80.63,74.6261,260347
2020-12-02,78.55,74.02,78.55,73.21,131894
2020-12-03,74.65,76.0,78.0,73.09,196471
2020-12-04,77.05,77.33,78.0,75.76,101545
2020-12-07,77.05,74.89,79.29,73.745,180852
2020-12-08,76.56,79.96,88.8,75.95,386688
2020-12-09,79.99,75.23,80.76,74.0,162425
2020-12-10,73.97,77.0,78.85,72.1,126491
2020-12-11,76.15,76.83,79.25,76.1394,118395
2020-12-14,77.5,78.5,79.25,76.15,181322
2020-12-15,79.41,77.75,79.8,77.17,200132
2020-12-16,77.96,78.57,82.2472,77.01,285071
2020-12-17,78.91,82.74,86.8,77.54,301378
2020-12-18,83.32,80.96,85.62,79.085,1332609
2020-12-21,79.02,75.43,79.48,74.05,142709
2020-12-22,74.92,74.99,77.38,73.01,111595
2020-12-23,75.9,77.75,78.651,74.37,106389
2020-12-24,77.83,78.53,80.74,77.83,44453
2020-12-28,79.36,77.84,80.68,77.42,82567
2020-12-29,78.27,74.53,78.78,72.835,159622
2020-12-30,74.78,72.08,78.6407,70.5,185129
2020-12-31,72.04,70.54,74.44,69.11,108046
2021-01-04,71.09,69.58,71.745,68.37,133002
2021-01-05,70.08,68.8,70.78,68.13,85797
2021-01-06,69.4,68.06,69.53,66.54,150218
2021-01-07,68.22,70.86,71.4,68.195,399555
2021-01-08,72.79,70.93,74.41,69.11,96753
2021-01-11,69.98,70.49,73.65,68.68,64172
2021-01-12,71.0,71.37,73.14,69.51,86829
2021-01-13,71.5,73.01,74.32,70.6345,67690
2021-01-14,73.97,75.28,75.33,73.2084,184655
2021-01-15,75.02,71.59,75.02,71.285,145014
2021-01-19,71.77,68.39,72.0,68.07,109395
2021-01-20,68.83,67.2,69.25,66.64,110187
2021-01-21,67.7,64.29,68.91,64.15,142261
2021-01-22,64.21,67.15,67.58,63.725,190302
2021-01-25,67.5,69.42,70.81,65.35,165621
2021-01-26,69.99,66.57,70.55,65.96,125248
2021-01-27,65.23,60.77,67.0,60.24,120642
2021-01-28,61.05,59.2,63.98,58.24,90843
2021-01-29,59.08,57.05,61.3225,56.37,65982
2021-02-01,57.3,57.54,58.0,55.17,60701
2021-02-02,58.29,58.82,58.82,56.84,109158
2021-02-03,58.92,57.48,61.7,56.29,79212
2021-02-04,57.78,63.31,63.875,57.78,77662
2021-02-05,63.55,65.48,65.84,62.42,99808
2021-02-08,66.44,70.99,71.48,65.72,248645
2021-02-09,71.66,70.15,75.99,68.99,138706
2021-02-10,70.74,67.59,72.875,67.24,54715
2021-02-11,68.05,64.15,68.45,62.27,141033
2021-02-12,63.85,60.09,64.58,59.71,87433
2021-02-16,60.42,60.55,61.58,58.0,109752
2021-02-17,59.96,62.45,64.21,58.54,145811
2021-02-18,61.54,64.0,65.67,59.61,99610
2021-02-19,64.51,66.64,69.465,64.2979,114826
2021-02-22,65.85,64.96,68.65,62.65,87230
2021-02-23,63.42,63.15,68.0,61.26,94459
2021-02-24,63.06,66.58,67.49,62.55,56569
2021-02-25,66.15,64.7,67.71,63.68,94257
2021-02-26,65.55,65.47,65.93,60.0,116399
2021-03-01,67.6,61.7,67.6,60.53,135345
2021-03-02,61.7,57.55,63.135,57.45,111547
2021-03-03,57.4,57.63,59.6175,55.26,117890
2021-03-04,57.0,55.25,59.06,53.72,108748
2021-03-05,56.65,58.62,58.86,51.485,113380
2021-03-08,59.2,57.26,60.71,57.09,78457
2021-03-09,58.4,62.0,62.22,58.4,79726
2021-03-10,62.62,64.06,65.27,60.35,102670
2021-03-11,65.2,66.05,66.06,63.025,106479
2021-03-12,65.95,65.16,65.95,63.1305,44988
2021-03-15,64.7,63.73,66.23,61.93,68510
2021-03-16,63.92,60.56,64.18,58.87,64341
2021-03-17,60.02,59.75,60.495,56.66,61036
2021-03-18,59.85,55.0,60.95,54.0,153641
2021-03-19,55.28,59.31,60.52,53.22,528426
2021-03-22,60.12,57.09,60.12,56.5,63420
2021-03-23,55.89,54.84,56.26,52.8873,141466
2021-03-24,55.14,54.0,56.63,52.5,147950
2021-03-25,53.91,59.22,60.0,53.91,111127
2021-03-26,59.65,56.4,60.69,55.12,102348
2021-03-29,56.27,56.3,57.91,53.69,102230
2021-03-30,54.99,57.55,58.585,53.97,88706
2021-03-31,57.78,61.55,62.32,57.78,115025
2021-04-01,61.89,58.76,64.88,57.66,178835
2021-04-05,59.49,60.4,60.965,57.88,109956
2021-04-06,59.94,58.91,60.64,57.74,236760
2021-04-07,59.03,61.01,61.69,59.0,100221
2021-04-08,61.43,62.76,64.92,61.085,88970
2021-04-09,62.33,60.16,62.725,59.49,161258
2021-04-12,60.14,58.69,63.99,58.232,215748
2021-04-13,58.72,64.05,64.395,58.66,145311
2021-04-14,64.53,61.47,67.41,60.51,479561
2021-04-15,61.57,63.46,64.71,60.97,100044
2021-04-16,64.29,56.67,64.499,55.56,90679
2021-04-19,56.55,57.7,58.905,55.185,100116
2021-04-20,57.66,61.25,61.515,57.2,82378
2021-04-21,61.46,63.99,64.07,59.48,68541
2021-04-22,64.16,63.02,65.16,60.66,85596
2021-04-23,63.54,61.56,64.29,61.44,76555
2021-04-26,62.17,63.85,64.905,61.0006,44167
2021-04-27,64.32,65.4,65.55,61.87,97802
2021-04-28,64.72,67.86,68.98,62.31,85824
2021-04-29,68.71,70.11,71.74,65.905,120210
2021-04-30,66.07,58.8,67.7995,57.14,654562
2021-05-03,59.59,56.71,60.05,55.33,403552
2021-05-04,54.83,54.44,58.41,52.45,187165
2021-05-05,55.01,54.4,55.92,53.5585,95350
2021-05-06,54.24,54.35,55.56,52.22,87861
2021-05-07,55.2,53.11,57.92,52.53,129939
2021-05-10,52.88,49.52,52.88,48.82,179083
2021-05-11,48.07,50.63,52.43,48.07,150003
2021-05-12,49.78,48.54,51.75,48.47,205560
2021-05-13,49.06,46.32,50.415,44.71,293159
2021-05-14,46.22,48.87,50.0,43.98,161616
2021-05-17,49.04,50.92,51.05,48.83,50014
2021-05-18,50.72,49.33,51.16,48.66,114201
2021-05-19,44.58,48.98,50.055,44.58,156505
2021-05-20,48.55,50.06,50.9,47.34,79519
2021-05-21,50.92,49.8,51.68,48.3,82580
2021-05-24,50.33,50.47,51.48,49.72,51141
2021-05-25,50.62,50.58,51.39,48.78,59369
2021-05-26,50.88,53.86,53.9999,50.4925,78438
2021-05-27,54.72,52.86,55.4,51.72,110602
2021-05-28,53.02,54.56,56.72,51.02,83145
2021-06-01,54.62,51.48,55.23,51.39,90258
2021-06-02,51.53,48.54,52.46,48.02,114406
2021-06-03,47.87,48.04,51.31,47.0,75895
2021-06-04,48.14,47.08,48.63,46.9,68142
2021-06-07,47.44,50.58,52.08,45.825,167432
2021-06-08,50.63,51.5,51.74,49.5,82028
2021-06-09,51.28,51.43,53.3823,50.85,58760
2021-06-10,51.63,52.53,53.93,51.01,74700
2021-06-11,52.21,51.22,52.6,49.9,60234
2021-06-14,51.92,52.89,54.11,51.82,126816
2021-06-15,53.05,52.32,53.075,50.43,120640
2021-06-16,51.76,53.0,53.61,50.83,85720
2021-06-17,53.29,52.55,53.29,50.53,87341
2021-06-18,51.64,53.78,55.19,50.475,411228
2021-06-21,53.8,53.42,55.2899,52.33,117382
2021-06-22,53.18,52.58,53.36,51.65,63666
2021-06-23,44.36,44.57,46.94,42.01,744289
2021-06-24,45.05,43.97,45.98,42.76,179682
2021-06-25,44.19,44.89,45.99,44.19,495871
2021-06-28,45.41,43.5,45.65,43.08,111839
2021-06-29,43.55,42.4,43.64,41.8785,125883
2021-06-30,42.52,42.47,43.55,41.8978,96938
2021-07-01,42.75,41.22,42.75,40.77,228461
2021-07-02,41.69,40.99,42.04,40.53,138770
2021-07-06,41.29,40.28,42.01,40.13,74944
2021-07-07,40.0,40.3,41.02,38.38,90289
2021-07-08,39.59,40.96,41.55,39.0,64882
2021-07-09,41.19,41.94,42.38,41.0,34939
2021-07-12,41.65,41.94,42.84,40.5,97349
2021-07-13,41.93,39.76,42.1,39.435,128764
2021-07-14,39.76,39.4,41.03,38.78,123366
2021-07-15,39.52,39.57,39.77,38.61,104480
2021-07-16,40.15,39.98,41.565,39.8,84686
2021-07-19,39.32,39.56,40.305,39.065,111666
2021-07-20,39.84,40.75,41.41,39.18,187692
2021-07-21,40.54,40.25,40.91,40.0,65550
2021-07-22,39.86,37.9,40.22,37.68,76958
2021-07-23,37.92,37.75,39.2,36.22,94196
2021-07-26,37.75,38.06,38.84,36.9201,94972
2021-07-27,37.55,36.6,38.015,35.945,95659
2021-07-28,36.8,37.68,38.32,36.54,87160
2021-07-29,37.76,37.31,39.345,36.64,75141
2021-07-30,36.92,36.8,38.23,36.58,70493
2021-08-02,36.8,36.04,38.71,35.74,82020
2021-08-03,35.9,34.78,35.9,34.03,114863
2021-08-04,34.45,34.1,35.7705,33.27,106030
2021-08-05,34.2,34.97,35.045,33.83,94899
2021-08-06,35.23,35.96,36.465,34.56,126511
2021-08-09,36.35,34.76,36.58,34.66,44588
2021-08-10,35.18,34.98,35.18,33.99,66353
2021-08-11,34.97,34.68,35.35,33.89,64090
2021-08-12,34.62,34.61,35.2597,34.17,68160
2021-08-13,34.65,34.58,35.735,34.54,58790
2021-08-16,34.24,32.85,34.6,32.22,88797
2021-08-17,32.35,31.96,34.07,31.32,143643
2021-08-18,32.96,32.05,33.03,31.13,68372
2021-08-19,31.48,30.52,32.5,30.29,76672
2021-08-20,30.28,31.91,32.59,30.28,93332
2021-08-23,32.19,33.42,33.6,30.925,77633
2021-08-24,33.34,33.19,34.2,31.92,49962
2021-08-25,33.755,33.52,34.77,33.27,42860
2021-08-26,33.37,32.94,34.255,32.73,41565
2021-08-27,33.26,34.97,35.295,32.92,75136
2021-08-30,34.93,34.06,35.26,33.9,54076
2021-08-31,34.21,33.64,34.795,32.86,80664
2021-09-01,33.99,33.77,34.46,33.17,98321
2021-09-02,34.09,33.67,34.39,33.05,141029
2021-09-03,33.41,32.83,33.62,32.02,105090
2021-09-07,32.82,33.05,34.69,31.96,232194
2021-09-08,33.19,32.08,33.19,31.53,259424
2021-09-09,31.95,31.99,33.25,31.08,126966
2021-09-10,32.29,31.49,32.29,31.44,96670
2021-09-13,32.0,30.92,32.205,30.54,187376
2021-09-14,31.01,31.74,32.615,31.01,60911
2021-09-15,31.82,31.19,32.78,30.815,35105
2021-09-16,31.0,31.13,31.885,30.42,56908
2021-09-17,31.32,30.73,31.66,30.22,250494
2021-09-20,30.26,29.27,30.37,28.7,139299
2021-09-21,29.69,30.25,30.69,28.5,449791
2021-09-22,30.25,30.8,31.34,30.06,100881
2021-09-23,30.76,30.79,31.07,30.32,65961
2021-09-24,30.38,33.0,34.0,30.01,480805
2021-09-27,35.85,43.71,44.87,35.445,2416753
2021-09-28,41.67,41.05,42.36,38.455,613965
2021-09-29,40.05,41.11,42.93,39.8488,220671
2021-09-30,41.29,39.56,41.8,38.37,427866
2021-10-01,39.91,39.91,40.73,38.53,176598
2021-10-04,39.87,39.34,40.39,39.01,187924
2021-10-05,39.73,39.83,41.02,39.3,153159
2021-10-06,39.16,37.05,39.98,36.86,181033
2021-10-07,37.32,37.22,38.42,36.1301,118739
2021-10-08,37.17,36.95,37.73,36.16,79332
2021-10-11,37.09,38.69,38.82,37.0,66120
2021-10-12,38.52,38.75,39.41,38.03,118406
2021-10-13,38.66,38.21,38.95,37.495,88689
2021-10-14,38.8,39.82,40.88,38.8,68560
2021-10-15,40.6,38.99,40.6,38.38,86776
2021-10-18,38.46,37.84,38.5,37.0,149480
2021-10-19,37.73,38.1,38.97,37.65,78585
2021-10-20,37.9,38.14,38.65,37.14,69984
2021-10-21,38.06,38.25,39.12,37.8769,42455
2021-10-22,37.94,38.82,38.98,37.27,53547
2021-10-25,38.93,40.38,40.72,38.93,87149
2021-10-26,40.33,39.78,40.49,39.69,72259
2021-10-27,39.4,40.08,40.42,38.5996,57096
2021-10-28,40.16,42.22,42.81,40.13,138719
2021-10-29,41.79,41.72,42.13,40.47,152928
2021-11-01,41.72,42.82,42.99,40.4,138141
2021-11-02,42.67,42.37,44.1772,41.465,75540
2021-11-03,42.53,41.57,42.99,41.13,166469
2021-11-04,41.01,53.08,55.54,40.87,467293
2021-11-05,54.06,55.71,57.05,51.54,289734
2021-11-08,55.17,56.24,56.55,53.35,258428
2021-11-09,56.41,59.46,59.48,54.01,168715
2021-11-10,59.21,59.41,60.59,57.72,240970
2021-11-11,59.64,59.32,60.89,56.83,138533
2021-11-12,59.04,61.87,61.94,58.695,156242
2021-11-15,61.99,61.54,62.31,59.5,140812
2021-11-16,61.13,62.89,63.23,61.04,133550
2021-11-17,62.57,60.56,63.47,60.17,117574
2021-11-18,60.87,61.62,63.22,59.225,263467
2021-11-19,60.58,59.84,61.62,58.74,106766
2021-11-22,59.33,59.66,61.83,58.4389,132390
2021-11-23,59.33,58.23,61.51,56.56,142406
2021-11-24,57.7,58.55,59.415,56.28,89063
2021-11-26,56.81,56.1,58.995,55.39,101191
2021-11-29,57.27,54.89,58.625,54.54,119831
2021-11-30,54.65,55.79,56.54,52.81,109920
2021-12-01,57.02,53.05,57.21,53.04,181569
2021-12-02,52.57,54.24,54.75,51.58,152025
2021-12-03,54.27,54.16,56.25,53.09,237889
2021-12-06,54.34,54.25,55.02,50.95,237556
2021-12-07,54.72,53.96,58.17,53.87,266751
2021-12-08,54.88,55.35,56.81,53.4,193543
2021-12-09,55.36,53.63,56.73,52.94,102967
2021-12-10,53.88,53.82,55.9,53.13,144762
2021-12-13,53.64,49.05,53.795,45.96,568220
2021-12-14,47.74,48.09,48.23,45.87,153948
2021-12-15,47.41,52.25,52.36,46.42,210845
2021-12-16,52.67,48.78,52.88,48.23,161787
2021-12-17,48.36,51.16,53.49,47.81,432826
2021-12-20,50.41,52.93,53.14,48.66,137942
2021-12-21,53.58,54.56,55.785,52.76,137971
2021-12-22,54.67,55.93,58.03,52.92,127854
2021-12-23,56.44,58.83,59.72,54.1508,350707
2021-12-27,58.67,58.69,59.15,57.33,87496
2021-12-28,58.44,56.67,59.28,56.67,46005
2021-12-29,56.7,55.78,57.32,55.0,336029
2021-12-30,55.66,56.3,58.27,55.66,51819
2021-12-31,56.48,58.51,59.89,56.48,91619
2022-01-03,58.61,59.36,59.675,56.3,191280
2022-01-04,59.36,58.68,59.44,54.65,163346
2022-01-05,58.2,56.34,60.42,56.12,141143
2022-01-06,56.19,54.68,58.06,52.695,100245
2022-01-07,54.67,52.8,56.28,52.47,56206
2022-01-10,52.12,51.76,52.86,49.43,91921
2022-01-11,51.9,54.6,54.96,50.4901,107946
2022-01-12,55.12,53.06,56.35,52.88,81435
2022-01-13,53.09,49.95,53.18,49.5634,76710
2022-01-14,49.08,51.78,51.95,48.56,72908
2022-01-18,50.87,48.3,51.36,48.02,130264
2022-01-19,48.23,47.92,51.01,47.81,73974
2022-01-20,48.55,47.23,50.99,47.02,88198
2022-01-21,46.51,46.3,48.68,46.17,131457
2022-01-24,45.41,47.99,48.21,43.0,417966
2022-01-25,47.06,47.3,49.09,43.93,143627
2022-01-26,48.51,46.38,50.16,45.6,133015
2022-01-27,47.34,42.33,49.46,41.84,117618
2022-01-28,42.12,42.12,43.9,39.75,172648
2022-01-31,41.62,46.37,46.63,41.15,144517
2022-02-01,46.4,49.34,49.51,45.16,119810
2022-02-02,49.45,46.81,49.79,45.98,120274
2022-02-03,45.7,43.42,46.98,43.1,92746
2022-02-04,43.5,47.65,47.98,42.32,150814
2022-02-07,47.6,51.35,52.03,47.6,110497
2022-02-08,50.84,51.7,52.1,50.18,66858
2022-02-09,52.69,54.16,54.93,51.62,112208
2022-02-10,52.72,52.54,55.79,51.7,109820
2022-02-11,52.74,51.49,53.49,50.86,90854
2022-02-14,52.19,51.97,52.77,50.98,86357
2022-02-15,53.2,55.25,55.46,52.27,75811
2022-02-16,54.54,54.82,55.74,53.38,42488
2022-02-17,54.26,52.06,55.48,51.91,79135
2022-02-18,51.83,52.09,53.06,50.88,100930
2022-02-22,51.85,51.88,53.4,51.77,117537
2022-02-23,52.66,46.9,52.66,46.61,246208
2022-02-24,45.61,51.47,51.49,45.28,171293
2022-02-25,52.15,53.29,54.45,51.94,81717
2022-02-28,52.74,53.7,55.32,51.62,80835
2022-03-01,53.41,53.53,55.9261,53.23,121121
2022-03-02,54.43,51.98,54.66,51.64,66790
2022-03-03,52.55,49.84,53.53,48.4,91527
2022-03-04,49.39,49.1,50.35,48.67,67349
2022-03-07,49.07,50.08,50.65,48.14,77471
2022-03-08,50.54,50.08,52.065,48.27,98680
2022-03-09,51.27,53.96,55.27,51.27,139160
2022-03-10,53.14,54.42,55.35,52.6,201260
2022-03-11,55.13,51.75,55.9,51.4,133248
2022-03-14,51.39,48.33,51.73,47.765,142661
2022-03-15,48.81,50.85,51.17,48.025,96760
2022-03-16,51.74,53.71,53.81,50.515,151569
2022-03-17,53.53,54.4,54.51,52.96,144288
2022-03-18,54.24,54.77,56.0947,53.78,388726
2022-03-21,54.62,50.85,54.75,50.51,90829
2022-03-22,51.58,53.86,54.02,51.17,145971
2022-03-23,52.91,53.2,55.59,52.73,127632
2022-03-24,54.01,53.98,54.11,52.42,117435
2022-03-25,53.99,51.1,53.99,50.33,93846
2022-03-28,50.75,52.51,52.69,50.24,123890
2022-03-29,53.43,55.09,56.55,53.43,103195
2022-03-30,54.55,53.66,55.86,53.45,65976
2022-03-31,54.21,54.38,55.52,53.5,61123
2022-04-01,54.34,59.45,59.54,54.34,226435
2022-04-04,59.71,63.05,64.12,59.69,172743
2022-04-05,63.06,63.27,65.0,62.24,232474
2022-04-06,62.96,66.35,68.035,61.475,168514
2022-04-07,66.99,67.04,68.29,65.985,104846
2022-04-08,67.37,65.05,67.37,64.42,138436
2022-04-11,64.02,62.39,64.87,61.0,230913
2022-04-12,63.96,62.72,65.43,61.96,68992
2022-04-13,63.72,65.67,66.5799,63.72,85496
2022-04-14,65.71,64.63,65.71,63.665,76244
2022-04-18,64.81,61.98,64.81,61.23,79652
2022-04-19,61.9,63.28,64.645,61.0,69250
2022-04-20,63.71,62.49,64.29,61.31,71208
2022-04-21,63.58,59.33,64.3,58.985,96519
2022-04-22,59.06,59.0,60.83,58.74,93809
2022-04-25,58.5,58.71,61.0999,56.995,87739
2022-04-26,58.44,53.0,59.215,52.76,130929
2022-04-27,52.68,52.44,53.61,50.91,143585
2022-04-28,53.58,53.63,54.5,50.26,99417
2022-04-29,53.29,53.01,55.655,52.6,100046
2022-05-02,52.58,55.56,56.14,52.39,162295
2022-05-03,55.53,54.31,55.77,53.2,165679
2022-05-04,54.56,54.42,55.565,49.18,175630
2022-05-05,52.03,50.49,53.28,48.88,152600
2022-05-06,49.31,47.595,49.85,46.765,109413
2022-05-09,46.84,43.52,47.79,43.0,159477
2022-05-10,46.11,45.99,47.71,44.47,196342
2022-05-11,45.46,41.98,45.46,40.88,354549
2022-05-12,41.33,41.49,44.7,41.03,234684
2022-05-13,43.16,43.99,44.94,43.16,117019
2022-05-16,43.52,44.07,45.82,42.98,71009
2022-05-17,45.47,46.14,46.45,45.26,138356
2022-05-18,44.26,38.5,44.31,35.3252,1025050
2022-05-19,38.49,36.13,39.4241,35.885,152420
2022-05-20,36.94,36.87,38.25,35.52,199620
2022-05-23,37.64,36.37,37.765,36.12,131847
2022-05-24,35.41,35.06,35.635,32.93,232880
2022-05-25,35.05,33.96,35.54,33.65,95871
2022-05-26,34.03,33.42,34.95,32.75,222168
2022-05-27,33.68,35.15,35.61,32.67,214305
2022-05-31,35.09,33.8,35.43,32.98,326707
2022-06-01,34.17,32.95,35.0,31.82,373817
2022-06-02,32.95,33.74,34.31,32.76,295772
2022-06-03,33.54,34.58,36.3,33.54,256499
2022-06-06,35.48,32.33,35.48,31.97,198345
2022-06-07,32.07,32.4,33.19,32.07,271858
2022-06-08,32.1,32.12,33.17,31.395,187863
2022-06-09,31.52,30.84,32.31,30.75,110015
2022-06-10,30.2,29.07,30.75,27.78,319240
2022-06-13,28.05,27.57,28.77,27.13,314383
2022-06-14,27.84,27.34,28.44,26.73,175005
2022-06-15,27.6,28.25,29.38,27.45,227504
2022-06-16,27.05,28.63,28.71,27.05,144917
2022-06-17,28.11,27.48,29.5,27.27,647501
2022-06-21,28.08,27.75,29.34,27.5901,329365
2022-06-22,27.32,26.44,28.325,26.31,395712
2022-06-23,26.98,26.77,27.45,24.38,452426
2022-06-24,27.13,28.56,28.64,26.7,584699
2022-06-27,28.64,27.37,28.73,27.16,174798
2022-06-28,27.28,26.03,27.5,25.3,268429
2022-06-29,26.15,27.18,27.56,25.69,283636
2022-06-30,26.59,27.63,28.035,26.11,250559
2022-07-01,27.51,28.09,28.36,27.15,303430
2022-07-05,27.79,28.86,29.02,27.53,228128
2022-07-06,29.01,28.5,30.05,28.43,174854
2022-07-07,28.54,29.39,30.22,28.54,198979
2022-07-08,29.16,29.02,29.55,28.73,133831
2022-07-11,29.0,28.01,29.0,27.58,194386
2022-07-12,28.11,28.94,29.25,26.335,139415
2022-07-13,28.34,29.9,30.0,28.34,126764
2022-07-14,29.56,29.72,29.95,28.92,120811
2022-07-15,30.34,30.57,30.61,28.905,155836
2022-07-18,30.87,27.8,31.33,27.57,141690
2022-07-19,28.08,28.94,30.12,27.82,122545
2022-07-20,28.82,30.65,32.615,28.82,596444
2022-07-21,30.55,30.15,31.535,29.36,424444
2022-07-22,30.27,28.56,30.6,28.33,129194
2022-07-25,28.82,28.53,30.38,27.66,79746
2022-07-26,29.92,31.79,32.795,28.0,264569
2022-07-27,32.14,33.84,34.31,31.4,225337
2022-07-28,34.0,33.39,34.0,32.495,129075
2022-07-29,33.03,32.08,33.03,30.105,175947
2022-08-01,31.97,29.8,32.4415,29.58,260396
2022-08-02,29.37,31.04,31.57,29.33,186927
2022-08-03,31.91,32.56,34.66,31.6,204497
2022-08-04,33.17,33.12,33.75,31.85,319045
2022-08-05,32.18,37.35,38.91,32.18,212886
2022-08-08,37.53,36.62,39.48,35.31,174609
2022-08-09,35.89,36.97,37.84,35.08,377529
2022-08-10,38.0,39.69,40.0,37.42,183367
2022-08-11,39.66,37.75,40.33,37.32,355918
2022-08-12,38.19,39.43,39.7,37.78,120972
2022-08-15,38.86,40.12,40.55,37.495,123583
2022-08-16,39.94,39.87,40.61,38.9,213270
2022-08-17,39.22,37.79,39.81,37.625,160431
2022-08-18,37.83,37.88,38.48,36.85,158121
2022-08-19,37.05,36.27,37.43,35.84,111569
2022-08-22,35.75,35.96,36.42,34.7,186528
2022-08-23,36.1,37.17,38.05,35.7,119214
2022-08-24,37.16,39.09,39.45,36.34,99329
2022-08-25,39.52,39.54,39.96,37.6,131314
2022-08-26,39.8,36.35,39.8,36.03,150915
2022-08-29,35.81,36.65,37.84,35.81,109558
2022-08-30,36.81,35.38,37.8,33.11,241175
2022-08-31,35.89,35.37,37.51,34.83,126686
2022-09-01,35.15,36.63,36.79,33.59,93707
2022-09-02,36.88,36.02,38.65,34.99,164087
2022-09-06,36.14,36.05,37.27,35.17,194053
2022-09-07,35.8,37.83,38.235,35.59,157559
2022-09-08,37.17,38.47,39.97,36.99,196534
2022-09-09,38.71,38.97,39.71,37.73,226284
2022-09-12,40.2,39.84,41.14,39.15,230156
2022-09-13,39.33,39.4,40.0,38.8401,213694
2022-09-14,39.4,39.85,42.15,38.73,354162
2022-09-15,39.77,39.7,41.0,38.68,177479
2022-09-16,38.82,36.76,39.205,36.54,445099
2022-09-19,36.16,37.15,37.83,36.12,204818
2022-09-20,36.88,36.87,37.895,35.44,140398
2022-09-21,37.07,35.51,37.34,35.4,127557
2022-09-22,35.29,35.08,35.73,34.41,164316
2022-09-23,34.66,35.04,35.2,33.69,141737
2022-09-26,34.98,34.7,35.8,34.26,101217
2022-09-27,35.35,35.33,36.0,34.605,170023
2022-09-28,35.72,36.65,37.28,35.46,183343
2022-09-29,36.25,36.31,36.935,35.31,227974
2022-09-30,36.2,37.62,38.91,35.6809,171736
2022-10-03,38.43,39.45,39.58,37.4,261357
2022-10-04,40.16,40.6,40.915,39.565,195340
2022-10-05,40.06,40.04,40.59,38.82,163461
2022-10-06,40.06,40.57,41.27,39.73,208320
2022-10-07,39.73,39.87,40.5,39.5,214789
2022-10-10,40.66,42.29,43.58,40.66,775524
2022-10-11,42.13,42.34,43.66,41.25,504961
2022-10-12,42.15,45.03,46.68,42.045,764863
2022-10-13,43.68,45.88,46.24,43.36,306619
2022-10-14,46.16,43.93,47.06,43.26,621393
2022-10-17,44.43,46.25,46.54,43.33,242703
2022-10-18,48.0,45.67,48.0,45.14,165862
2022-10-19,45.5,43.86,46.16,43.58,162890
2022-10-20,43.9,43.91,45.54,43.59,100675
2022-10-21,44.31,44.96,45.255,43.58,160785
2022-10-24,44.89,43.69,45.0,42.91,109232
2022-10-25,43.74,45.35,45.74,43.22,291220
2022-10-26,45.15,46.8,46.86,45.15,229671
2022-10-27,47.22,47.95,48.38,46.76,170393
2022-10-28,48.04,50.81,51.2,46.655,271792
2022-10-31,50.28,50.34,51.56,50.01,130261
2022-11-01,50.65,50.69,51.57,49.78,136066
2022-11-02,50.26,49.62,52.41,49.39,209459
2022-11-03,49.05,50.46,50.87,48.09,207208
2022-11-04,51.61,48.64,51.61,47.485,190605
2022-11-07,48.9,46.35,49.17,45.71,282377
2022-11-08,46.64,45.05,47.645,43.34,321817
2022-11-09,44.88,42.47,44.88,42.35,312510
2022-11-10,44.61,47.79,48.03,43.82,321119
2022-11-11,47.55,46.08,49.355,45.58,186262
2022-11-14,45.75,44.18,45.75,43.67,162541
2022-11-15,44.66,44.76,45.49,43.995,185290
2022-11-16,44.44,43.84,46.015,42.94,288458
2022-11-17,43.38,44.5,44.88,42.515,157772
2022-11-18,45.5,46.29,46.67,43.9545,136287
2022-11-21,46.29,46.39,46.94,45.47,112734
2022-11-22,46.8,48.61,49.01,46.15,218688
2022-11-23,48.33,48.74,49.56,48.095,156519
2022-11-25,48.5,48.71,49.26,48.465,51425
2022-11-28,48.29,47.82,50.22,47.54,229129
2022-11-29,47.79,47.57,48.7849,43.225,87463
2022-11-30,47.91,49.84,50.07,47.91,246674
2022-12-01,50.26,50.09,50.335,48.45,157229
2022-12-02,49.45,51.19,51.77,47.88,213184
2022-12-05,51.0,50.0,51.51,48.93,171561
2022-12-06,49.69,49.43,50.44,48.6,96757
2022-12-07,49.33,49.06,49.83,47.98,192361
2022-12-08,49.19,50.4,50.55,49.19,125015
2022-12-09,50.31,49.71,50.74,49.0,132991
2022-12-12,49.44,47.32,50.075,46.97,246606
2022-12-13,50.14,51.77,52.67,48.4644,493575
2022-12-14,51.39,50.24,52.7799,49.17,307495
2022-12-15,49.67,49.68,50.36,48.87,157206
2022-12-16,49.21,49.05,50.11,48.63,398300
2022-12-19,48.76,46.94,48.76,46.62,132432
2022-12-20,46.46,48.3,48.57,46.46,141503
2022-12-21,48.85,49.12,50.05,47.665,103044
2022-12-22,48.56,48.66,49.31,47.215,101216
2022-12-23,48.27,46.69,48.27,46.19,68175
2022-12-27,46.79,44.51,46.995,44.115,107574
2022-12-28,44.56,46.68,47.45,43.965,175986
2022-12-29,47.1,48.01,48.79,46.035,149213
2022-12-30,47.53,48.02,48.29,44.58,169434
2023-01-03,48.4,45.97,49.0,44.5,145676
2023-01-04,45.98,45.45,46.25,45.0,165791
2023-01-05,44.83,45.74,46.62,44.83,162952
2023-01-06,45.98,47.68,48.08,45.46,139245
2023-01-09,47.9,46.39,48.69,45.5,137483
2023-01-10,46.62,49.18,49.69,46.62,207885
2023-01-11,48.83,48.23,50.67,47.43,219318
2023-01-12,48.32,48.74,49.0,47.395,180865
2023-01-13,47.95,49.16,49.96,47.65,160513
2023-01-17,47.61,49.86,50.08,47.26,252523
2023-01-18,50.18,49.18,50.87,48.14,148190
2023-01-19,49.34,49.91,50.55,48.43,104540
2023-01-20,50.33,50.55,50.75,48.45,160340
2023-01-23,50.71,51.35,53.0,50.55,265096
2023-01-24,51.13,55.3,55.7,51.13,250594
2023-01-25,55.22,57.83,58.0,54.31,468817
2023-01-26,58.31,57.83,58.94,57.045,412471
2023-01-27,57.6,58.02,59.5299,57.51,193196
2023-01-30,57.59,58.54,59.15,57.13,206045
2023-01-31,58.43,58.57,59.38,57.68,155420
2023-02-01,58.65,58.27,59.62,57.33,154754
2023-02-02,58.9,57.9,58.9,56.73,122226
2023-02-03,56.86,57.43,58.535,56.81,452213
2023-02-06,57.1,56.21,59.0,55.7,183814
2023-02-07,56.36,55.97,56.36,53.96,145904
2023-02-08,55.63,54.0,56.17,53.7,153683
2023-02-09,54.16,53.21,55.3599,52.87,158948
2023-02-10,53.09,53.53,53.96,52.76,131870
2023-02-13,53.61,53.02,53.81,52.4232,124947
2023-02-14,53.52,56.8,57.03,53.52,179315
2023-02-15,56.33,56.74,56.81,55.18,368406
2023-02-16,55.97,54.38,56.12,54.15,163302
2023-02-17,54.65,54.99,55.5799,54.16,104179
2023-02-21,54.16,53.61,54.61,51.4,166423
2023-02-22,53.87,54.02,54.21,52.98,94641
2023-02-23,54.22,54.06,54.58,53.24,94227
2023-02-24,53.33,53.2,53.57,52.64,83489
2023-02-27,53.71,53.35,54.21,53.0125,74419
2023-02-28,53.18,53.22,54.5,52.58,269895
2023-03-01,53.37,54.76,55.01,53.14,236592
2023-03-02,54.59,55.75,56.57,54.59,134708
2023-03-03,56.07,59.32,59.96,55.56,316685
2023-03-06,58.63,52.2,59.13,51.82,828342
2023-03-07,52.31,51.08,53.05,49.645,290445
2023-03-08,50.85,53.75,54.025,50.0,967574
2023-03-09,54.12,48.33,54.12,47.8,380211
2023-03-10,48.13,44.27,48.24,42.29,742383
2023-03-13,43.66,44.93,47.37,43.66,204676
2023-03-14,45.74,45.14,48.21,44.71,278373
2023-03-15,44.19,43.54,45.135,43.16,154439
2023-03-16,42.89,43.61,44.2,41.52,120040
2023-03-17,43.39,42.58,43.69,41.36,283011
2023-03-20,42.82,43.37,43.39,41.855,101763
2023-03-21,44.12,44.04,44.94,43.2,205184
2023-03-22,43.81,42.32,45.37,42.27,150010
2023-03-23,42.96,41.97,43.49,40.92,145549
2023-03-24,41.64,41.44,42.27,40.06,269299
2023-03-27,41.92,41.73,42.74,40.51,190730
2023-03-28,41.54,41.56,44.54,39.98,97588
2023-03-29,42.1,43.49,44.315,42.1,165024
2023-03-30,43.78,42.13,43.95,40.78,186710
2023-03-31,42.54,42.7,43.3,40.4101,171734
2023-04-03,42.99,43.08,44.05,42.01,123740
2023-04-04,43.34,41.94,43.4057,41.17,127881
2023-04-05,41.76,39.79,42.35,39.58,235526
2023-04-06,39.8,40.14,40.665,38.785,310559
2023-04-10,39.91,38.4,40.04,37.7,201845
2023-04-11,38.4,37.58,39.15,37.5,128619
2023-04-12,37.85,37.26,38.6399,37.11,107090
2023-04-13,37.72,39.66,40.79,37.72,172531
2023-04-14,39.35,38.79,40.04,38.53,257488
2023-04-17,39.18,40.84,41.255,38.84,138394
2023-04-18,41.13,41.75,41.87,40.22,97438
2023-04-19,41.61,43.0,43.86,41.515,97086
2023-04-20,42.52,45.12,45.355,42.225,252579
2023-04-21,44.99,45.26,47.03,44.72,167973
2023-04-24,44.9,44.18,45.32,43.28,64791
2023-04-25,43.81,43.86,44.62,42.69,99264
2023-04-26,43.69,43.49,44.44,42.66,69690
2023-04-27,43.61,43.82,44.085,42.3,93712
2023-04-28,43.73,44.355,45.225,42.335,85973
2023-05-01,44.17,46.07,46.495,44.17,127361
2023-05-02,45.86,44.97,46.73,43.66,216007
2023-05-03,45.08,45.29,46.84,43.65,181476
2023-05-04,44.97,45.52,46.24,43.075,143528
