2022-09-30,5.0,2.58,5.5,2.56,7078051
2022-10-03,2.55,2.42,2.87,2.25,1711036
2022-10-04,2.36,2.37,2.64,2.32,830774
2022-10-05,2.36,2.28,2.44,2.26,688004
2022-10-06,2.27,2.36,2.56,2.13,1383729
2022-10-07,2.33,2.26,2.42,2.26,413499
2022-10-10,2.28,1.87,2.28,1.82,667427
2022-10-11,2.69,2.7,3.3,2.6,69119811
2022-10-12,2.49,2.93,3.11,2.4,9444102
2022-10-13,4.03,4.13,4.49,3.83,45511894
2022-10-14,5.04,4.91,5.25,4.56,25953898
2022-10-17,4.88,3.94,4.95,3.56,3466408
2022-10-18,4.18,3.55,4.25,3.51,3450059
2022-10-19,3.44,3.74,3.89,3.44,1924279
2022-10-20,3.68,3.43,3.735,3.34,912108
2022-10-21,3.29,3.44,3.6,3.26,399032
2022-10-24,3.33,2.91,3.5,2.89,740667
2022-10-25,2.81,2.77,3.0,2.71,566661
2022-10-26,2.72,2.72,2.88,2.6246,475725
2022-10-27,2.83,2.84,3.22,2.81,2568793
2022-10-28,2.86,2.69,2.965,2.56,691985
2022-10-31,2.6,2.81,2.84,2.57,339474
2022-11-01,2.9,2.97,2.99,2.7602,301127
2022-11-02,2.97,3.03,3.24,2.85,687831
2022-11-03,3.04,3.42,3.52,3.04,1413512
2022-11-04,3.42,3.05,3.43,3.0,431028
2022-11-07,3.01,3.49,3.52,3.01,453681
2022-11-08,3.34,3.35,3.39,3.1301,362283
2022-11-09,3.34,3.205,3.4956,3.1507,399282
2022-11-10,3.28,2.85,3.34,2.82,632452
2022-11-11,2.85,2.78,2.92,2.76,279763
2022-11-14,2.77,2.5,2.8,2.3913,449115
2022-11-15,2.62,2.46,2.68,2.45,159878
2022-11-16,2.49,2.33,2.5499,2.27,216182
2022-11-17,2.4,2.43,2.6,2.33,609940
2022-11-18,2.55,2.42,2.55,2.4,121409
2022-11-21,2.39,2.27,2.3999,2.25,139687
2022-11-22,2.36,2.27,2.36,2.24,66074
2022-11-23,2.28,2.29,2.3499,2.26,46626
2022-11-25,2.33,2.2234,2.33,2.2001,43145
2022-11-28,2.23,2.01,2.325,1.98,291443
2022-11-29,2.11,2.1166,2.16,2.0192,244066
2022-11-30,2.16,2.07,2.21,2.05,192694
2022-12-01,2.13,2.13,2.15,2.03,128150
2022-12-02,2.13,2.26,2.28,2.06,112578
2022-12-05,2.27,2.12,2.315,2.0693,169364
2022-12-06,2.16,2.03,2.21,1.9728,190407
2022-12-07,2.01,1.95,2.06,1.92,186470
2022-12-08,2.01,1.99,2.0468,1.96,72550
2022-12-09,2.0,1.88,2.0753,1.85,117225
2022-12-12,1.88,1.9,1.99,1.85,101070
2022-12-13,1.9,1.85,1.97,1.84,91930
2022-12-14,1.85,1.86,1.8993,1.83,120228
2022-12-15,1.84,1.82,1.88,1.8,84228
2022-12-16,1.86,1.82,1.88,1.81,119068
2022-12-19,1.82,1.67,1.82,1.6501,131571
2022-12-20,1.66,1.535,1.7,1.5,227172
2022-12-21,1.82,1.99,2.39,1.82,53608307
2022-12-22,1.92,2.14,2.17,1.81,1477358
2022-12-23,2.19,2.41,2.44,1.9401,1166614
2022-12-27,2.33,2.14,2.44,2.09,491939
2022-12-28,2.09,1.9,2.21,1.9,351769
2022-12-29,1.92,2.05,2.09,1.92,189364
2022-12-30,2.08,2.04,2.08,1.96,183815
2023-01-03,2.05,2.03,2.19,2.02,144209
2023-01-04,2.1,2.22,2.27,2.0101,311116
2023-01-05,2.26,2.14,2.3,2.0821,120921
2023-01-06,2.16,2.27,2.36,2.0701,261557
2023-01-09,2.28,2.41,2.44,2.23,288463
2023-01-10,2.53,2.53,2.5305,2.32,716409
2023-01-11,2.96,3.5,4.12,2.85,18685705
2023-01-12,3.36,3.61,3.67,3.3001,915154
2023-01-13,3.68,3.41,3.7,3.3011,530331
2023-01-17,3.42,3.64,3.79,3.42,491028
2023-01-18,3.82,4.25,4.36,3.669,1182020
2023-01-19,4.17,3.73,4.2,3.54,543191
2023-01-20,3.71,4.06,4.0682,3.51,386191
2023-01-23,4.1,4.81,4.875,4.08,694323
2023-01-24,4.7,4.5,4.99,4.26,473869
2023-01-25,4.44,4.57,4.6834,4.1,299132
2023-01-26,4.59,4.64,4.65,4.32,275974
2023-01-27,4.61,4.8,5.055,4.505,532291
2023-01-30,4.8,4.99,5.19,4.7,451081
2023-01-31,5.0,5.22,5.33,4.85,347270
2023-02-01,5.12,5.37,5.4486,4.96,240315
2023-02-02,5.48,5.68,5.9259,5.34,322524
2023-02-03,5.76,6.9,7.19,5.72,712130
2023-02-06,6.91,6.52,6.95,6.06,463576
2023-02-07,6.3,6.16,6.44,6.06,249586
2023-02-08,6.01,5.48,6.02,4.83,703484
2023-02-09,5.61,5.5,5.82,5.39,172805
2023-02-10,5.45,5.42,5.45,4.95,171238
2023-02-13,5.38,5.15,5.38,4.87,196268
2023-02-14,5.09,5.01,5.1,4.8,125623
2023-02-15,5.01,5.61,5.6999,4.83,368997
2023-02-16,5.6,5.47,5.79,5.28,153856
2023-02-17,5.53,5.49,5.6,5.265,85080
2023-02-21,5.4,5.02,5.49,4.885,154636
2023-02-22,5.02,5.24,5.27,4.85,127563
2023-02-23,5.34,5.21,5.6382,5.11,69544
2023-02-24,5.07,5.28,5.28,4.95,75936
2023-02-27,5.22,5.34,5.38,4.85,225608
2023-02-28,5.21,5.32,5.395,5.2,56424
2023-03-01,5.26,5.11,5.54,5.02,93667
2023-03-02,5.09,5.18,5.5,5.06,83079
2023-03-03,5.22,5.14,5.22,5.02,56143
2023-03-06,5.12,5.21,5.4886,5.12,129944
2023-03-07,5.17,4.91,5.1897,4.85,104234
2023-03-08,4.86,4.48,5.02,4.33,189724
2023-03-09,4.54,4.13,4.62,4.04,169802
2023-03-10,4.13,4.02,4.135,3.775,144280
2023-03-13,3.91,4.03,4.2,3.81,70264
2023-03-14,4.05,4.14,4.33,3.999,125319
2023-03-15,4.0,4.07,4.15,3.96,88168
2023-03-16,4.0,4.19,4.44,3.86,80030
2023-03-17,4.08,4.21,4.21,3.98,79876
2023-03-20,3.99,4.11,4.2219,3.97,65727
2023-03-21,4.24,4.76,4.87,4.14,137995
2023-03-22,4.65,4.43,5.1499,4.41,187515
2023-03-23,4.71,4.95,5.1,4.5992,128706
2023-03-24,4.94,5.06,5.19,4.7501,91562
2023-03-27,5.23,5.82,5.88,5.11,177356
2023-03-28,6.16,6.7,7.23,6.0,427475
2023-03-29,6.93,6.13,7.0499,6.0201,325830
2023-03-30,5.0,4.73,5.3,4.31,538425
2023-03-31,4.8,4.67,4.99,4.52,147898
2023-04-03,4.54,4.53,4.7326,4.36,92076
2023-04-04,4.45,4.02,4.52,4.02,181836
2023-04-05,4.0,3.78,4.2032,3.6301,209577
2023-04-06,3.8,3.62,3.8,3.3601,168570
2023-04-10,3.56,4.01,4.2,3.56,114041
2023-04-11,4.27,4.4,4.5289,4.1617,93655
2023-04-12,4.54,4.08,4.5619,4.01,61023
2023-04-13,4.28,4.28,4.52,4.05,117823
2023-04-14,4.34,4.1,4.49,3.975,51075
2023-04-17,3.34,2.79,3.6899,2.5899,667083
2023-04-18,2.82,2.71,3.1499,2.7,286901
2023-04-19,2.68,2.87,2.9728,2.68,125773
2023-04-20,2.87,2.94,2.9983,2.87,57316
2023-04-21,3.06,2.81,3.1068,2.74,145084
2023-04-24,2.84,2.86,2.89,2.6901,147194
2023-04-25,2.89,2.73,2.93,2.7,46960
2023-04-26,2.9,2.93,2.975,2.74,44701
2023-04-27,2.93,3.22,3.22,2.93,98311
2023-04-28,3.16,3.15,3.31,3.0101,51186
2023-05-01,3.2,3.07,3.2,2.99,44191
2023-05-02,3.09,3.04,3.09,2.9,39928
2023-05-03,2.98,2.95,3.04,2.91,33391
2023-05-04,2.9,2.93,3.1,2.9,32608
2023-05-05,3.05,3.03,3.05,2.94,55699
2023-05-08,2.98,3.09,3.12,2.8901,41758
2023-05-09,3.0841,2.98,3.1199,2.92,20490
2023-05-10,2.99,3.59,3.73,2.97,197598
2023-05-11,3.14,2.9,3.16,2.77,106080
2023-05-12,2.98,2.9001,2.98,2.9,28059
2023-05-15,2.98,2.91,2.9899,2.9,21327
2023-05-16,2.89,2.87,2.9,2.81,45787
2023-05-17,2.83,2.8,2.85,2.72,27318
2023-05-18,2.75,2.86,2.965,2.7,31637
2023-05-19,2.82,2.98,3.15,2.82,48954
