2022-01-25,9.93,10.0,10.0,9.93,9565113
2022-01-26,9.97,9.99,10.0,9.97,686291
2022-01-27,9.99,10.0,10.0,9.98,186675
2022-01-28,9.97,9.99,10.0,9.97,120990
2022-01-31,9.97,10.0,10.01,9.96,54995
2022-02-01,9.97,10.0,10.01,9.97,24126
2022-02-02,9.98,9.97,9.98,9.97,305
2022-02-08,9.97,10.01,10.01,9.97,8700
2022-02-09,9.97,9.98,9.98,9.97,5100
2022-02-10,9.9871,10.0,10.0,9.98,22200
2022-02-11,9.96,10.0,10.0,9.96,48590
2022-02-14,9.98,9.9721,10.0,9.9721,9601
2022-02-15,9.9919,9.9999,10.0,9.9919,1210
2022-02-16,10.0,10.0,10.0,9.96,10797
2022-02-18,9.96,9.9686,9.9686,9.96,4500
2022-02-24,9.97,9.96,9.97,9.96,700
2022-03-01,9.99,9.99,9.99,9.99,166618
2022-03-02,9.99,9.99,9.99,9.99,25948
2022-03-04,9.97,10.0,10.0099,9.96,340897
2022-03-07,9.99,9.99,9.99,9.99,2558
2022-03-08,9.99,9.99,9.99,9.99,4900
2022-03-10,9.99,9.99,9.99,9.99,74417
2022-03-15,9.99,9.99,9.99,9.99,2050
2022-03-22,10.015,10.015,10.015,10.015,500
2022-03-23,10.05,10.02,10.07,10.01,204126
2022-03-25,10.0,10.0,10.0,10.0,136
2022-03-29,10.04,10.05,10.05,10.01,2801
2022-03-31,10.05,10.05,10.05,10.05,1400
2022-04-01,10.06,10.06,10.06,10.06,1201
2022-04-04,10.07,10.08,10.08,10.07,3099
2022-04-07,10.05,10.05,10.05,10.05,130
2022-04-13,10.052,10.068,10.068,10.04,6262
2022-04-14,10.02,10.0201,10.062,10.02,5500
2022-04-18,10.01,10.01,10.01,10.01,8300
2022-04-20,10.02,10.02,10.02,10.02,340
2022-04-22,10.06,10.06,10.06,10.06,2800
2022-04-26,10.05,10.05,10.05,10.05,894
2022-04-28,10.04,10.04,10.04,10.04,2096
2022-05-17,9.995,9.98,10.01,9.98,5218
2022-05-18,10.05,10.05,10.05,10.05,1300
2022-05-19,10.05,10.05,10.05,10.05,1333
2022-05-20,10.05,10.05,10.05,10.05,1333
2022-05-24,10.01,9.99,10.01,9.98,6190
2022-05-26,10.0001,10.0,10.0001,10.0,2792
2022-05-31,9.99,9.99,9.99,9.99,1200
2022-06-07,10.02,9.95,10.02,9.95,6500
2022-06-08,9.98,10.0,10.0,9.97,29001
2022-06-13,9.99,9.99,9.99,9.99,1700
2022-06-14,9.99,9.99,9.99,9.99,100
2022-06-17,9.99,9.99,9.99,9.99,500
2022-06-23,10.015,10.015,10.015,10.015,100
2022-06-27,10.0216,10.0216,10.0216,10.0216,1501
2022-07-07,9.99,9.99,9.99,9.99,102
2022-07-13,10.0,10.0,10.0,10.0,100
2022-07-15,10.0006,10.0006,10.0006,10.0006,300
2022-07-21,10.02,10.02,10.02,10.02,100
2022-07-27,10.03,10.03,10.03,10.03,1749
2022-07-28,10.03,10.03,10.03,10.03,100
2022-07-29,10.03,10.03,10.03,10.03,100
2022-08-12,10.03,10.03,10.03,10.03,300
2022-08-30,10.03,10.03,10.03,10.03,100
2022-09-09,10.06,10.08,10.08,10.06,17770
2022-09-14,10.09,10.09,10.09,10.09,6000
2022-09-15,10.13,10.13,10.13,10.13,11702
2022-09-20,10.09,10.09,10.09,10.09,4500
2022-09-26,9.76,10.12,10.12,9.74,18084
2022-09-27,10.12,10.12,10.12,10.12,400
2022-10-05,10.09,10.1,10.1,10.09,4360
2022-10-11,10.11,10.11,10.11,10.11,400
2022-10-13,10.12,10.12,10.12,10.12,500
2022-10-18,10.12,10.12,10.12,10.12,2500
2022-10-20,10.13,10.14,10.14,10.13,2800
2022-10-25,10.145,10.15,10.15,10.145,1200
2022-10-26,10.15,10.15,10.15,10.15,1400
2022-10-27,10.15,10.15,10.15,10.15,1000
2022-10-28,10.16,10.16,10.16,10.16,100
2022-10-31,10.16,10.16,10.16,10.16,100
2022-11-01,10.18,10.18,10.18,10.18,100
2022-11-02,10.17,10.17,10.17,10.17,100
2022-11-03,10.19,10.19,10.19,10.19,5500
2022-11-07,10.2,10.2,10.2,10.2,615
2022-11-08,10.2,10.2,10.2,10.2,500
2022-11-09,10.2,10.2,10.2,10.2,4300
2022-11-10,10.19,10.2,10.2,10.19,1100
2022-11-11,10.21,10.21,10.21,10.21,1800
2022-11-16,10.22,10.23,10.23,10.22,7879
2022-11-25,10.23,10.23,10.23,10.23,100
2022-11-28,10.23,10.23,10.23,10.23,125
2022-11-29,10.23,10.23,10.23,10.23,100
2022-11-30,10.24,10.23,10.24,10.23,1200
2022-12-01,10.24,10.24,10.24,10.2343,1200
2022-12-06,10.25,10.25,10.25,10.25,4000
2022-12-07,10.24,10.24,10.24,10.24,1200
2022-12-08,10.23,10.23,10.23,10.23,5500
2022-12-09,10.2344,10.2344,10.2344,10.2344,4815
2022-12-12,10.26,10.29,10.29,10.26,9000
2022-12-19,10.23,10.23,10.23,10.23,2000
2022-12-20,10.24,10.24,10.24,10.24,4400
2022-12-21,10.275,10.275,10.275,10.275,200
2022-12-22,10.285,10.285,10.285,10.285,400
2023-01-03,10.32,10.32,10.32,10.32,100
2023-01-04,10.32,10.32,10.32,10.32,100
2023-01-05,10.32,10.32,10.32,10.32,412
2023-01-09,10.32,10.32,10.32,10.32,109
2023-01-12,10.36,10.32,10.36,10.32,1471
2023-01-13,10.36,10.36,10.36,10.36,6003
2023-01-17,10.3,10.29,10.3,10.29,3102
2023-01-18,10.35,10.35,10.35,10.35,300
2023-01-23,10.36,10.36,10.36,10.36,1000
2023-01-24,10.37,10.37,10.37,10.37,2365
2023-01-26,10.39,10.3801,10.39,10.36,3602
2023-01-30,10.33,10.32,10.33,10.32,5700
2023-02-01,10.38,10.38,10.38,10.38,2000
2023-02-02,10.34,10.38,10.38,10.34,1801
2023-02-03,10.39,10.39,10.39,10.39,200
2023-02-06,10.39,10.41,10.41,10.39,4948
2023-02-07,10.4,10.41,10.41,10.4,7517
2023-02-08,10.39,10.39,10.39,10.39,500
2023-02-09,10.42,10.42,10.42,10.42,300
2023-02-10,10.44,10.42,10.44,10.42,2000
2023-02-13,10.49,10.49,10.49,10.49,600
2023-02-14,10.48,10.48,10.48,10.48,400
2023-02-15,10.4,10.4,10.4,10.4,8418
2023-02-16,10.42,10.42,10.42,10.42,333
2023-02-22,10.43,10.43,10.43,10.43,2014
2023-02-23,10.43,10.4301,10.4301,10.43,2053
2023-02-27,10.435,10.44,10.44,10.435,7452
2023-03-07,10.44,10.44,10.44,10.44,100
2023-03-08,10.44,10.44,10.44,10.44,100
2023-03-10,10.5,10.4,10.5,10.4,2100
2023-03-14,10.4,10.4,10.4,10.4,1100
2023-03-16,10.53,10.54,10.54,10.53,1200
2023-03-27,10.51,10.49,10.51,10.42,3520
2023-03-31,10.46,10.47,10.47,10.46,140045
2023-04-03,10.48,10.48,10.48,10.48,2350
2023-04-12,10.51,10.51,10.51,10.51,1132
