2022-03-25,66.8,66.8,66.8,44.6,126327
2022-03-28,66.0,66.0,90.0,52.6,565785
2022-03-29,70.0,66.6,72.692,61.6,147534
2022-03-30,65.2,56.0,66.0,56.0,49488
2022-03-31,54.0,46.81,55.0,46.0,25069
2022-04-01,46.6,50.0,59.0,45.6,33079
2022-04-04,49.6,45.0,52.0,44.6,24097
2022-04-05,43.2,40.8,46.6,40.8,14846
2022-04-06,40.2,43.2,45.0,40.2,12158
2022-04-07,44.798,37.4,45.82,36.3,15901
2022-04-08,37.0,33.8,37.2,33.2,10452
2022-04-11,33.8,31.002,35.3,30.8,11746
2022-04-12,31.2,31.0,33.2,29.6,19147
2022-04-13,31.4,33.6,34.0,31.2,10371
2022-04-14,33.4,30.2,33.4,29.8,4490
2022-04-18,29.2,33.2,35.0,29.2,15793
2022-04-19,35.998,33.0,36.0,31.4,8425
2022-04-20,34.0,33.0,36.0,32.478,6068
2022-04-21,33.2,28.4,34.8,27.04,11517
2022-04-22,28.6,24.6,29.8,23.0,15907
2022-04-25,24.0,23.2,25.0,22.2,4913
2022-04-26,23.0,23.6,26.0,22.0,19501
2022-04-27,25.0,31.4,41.6,24.0,318561
2022-04-28,27.6,30.2,30.6,26.0,18995
2022-04-29,30.4,29.8,31.678,26.4,11691
2022-05-02,29.0,26.2,29.0,25.6,4526
2022-05-03,26.2,23.6,26.2,23.6,11878
2022-05-04,24.0,29.8,38.2,23.98,223243
2022-05-05,30.0,28.6,31.598,27.6,18213
2022-05-06,27.214,27.2,29.332,27.0,3884
2022-05-09,30.0,28.6,30.998,27.0,4500
2022-05-10,29.0,27.6,29.874,26.284,2408
2022-05-11,29.0,22.8,29.5,21.0,10460
2022-05-12,22.0,24.0,24.798,20.6,4268
2022-05-13,24.0,24.6,24.7,21.0,659
2022-05-16,24.6,22.6,24.6,22.6,1517
2022-05-17,20.2,19.6,22.4,18.62,13909
2022-05-18,19.998,18.7,20.798,18.7,1661
2022-05-19,17.2,17.854,19.0,17.002,3528
2022-05-20,18.4,18.4,18.4,17.1,2740
2022-05-23,18.0,19.5,20.0,18.0,3567
2022-05-24,18.02,18.0,19.996,18.0,2534
2022-05-25,18.8,16.998,18.8,16.2,1563
2022-05-26,16.0,17.96,19.199,16.0,5945
2022-05-27,18.4,17.084,19.998,17.0,4685
2022-05-31,17.76,16.644,19.79798,16.644,1299
2022-06-01,17.20002,17.998,18.99798,17.2,1182
2022-06-02,17.58,18.6,18.69,17.58,569
2022-06-03,18.8,17.068,18.8,16.1,617
2022-06-06,17.58,17.22,17.6,17.22,185
2022-06-07,17.22,16.6,17.22,15.828,2117
2022-06-08,15.2,16.72,17.81,15.2,1628
2022-06-09,16.98,16.7,18.0,16.4,1368
2022-06-10,16.696,16.0,16.7,15.602,1438
2022-06-13,15.592,15.6,15.6,15.3,158
2022-06-14,15.6,14.83298,15.6,14.8,1426
2022-06-15,14.0,13.7,15.2,13.4,5383
2022-06-16,12.444,12.948,13.8,12.444,4574
2022-06-17,13.0,12.0,13.0,12.0,4691
2022-06-21,12.0,10.98,12.4,10.98,3215
2022-06-22,9.936,10.0,11.0,9.936,7870
2022-06-23,9.7,10.8,12.798,9.7,7244
2022-06-24,10.0,10.432,10.794,9.408,11440
2022-06-27,11.0,11.5,12.0,11.0,10420
2022-06-28,11.934,12.14,12.19302,11.0,1060
2022-06-29,12.0,11.76,12.0,11.05002,405
2022-06-30,11.296,11.496,11.794,11.0,686
2022-07-01,11.506,10.978,11.506,10.778,1576
2022-07-05,11.0,12.198,12.198,10.998,993
2022-07-06,12.15,11.6,12.198,11.336,168
2022-07-07,11.998,11.6,12.0,11.6,821
2022-07-08,11.6,10.858,11.8,10.516,3106
2022-07-11,11.02,11.4,11.8,11.02,4082
2022-07-12,11.0,11.0,11.6,10.414,975
2022-07-13,11.0,10.2,11.0,10.01,925
2022-07-14,10.014,10.062,10.83,10.014,1036
2022-07-15,10.4,9.8,10.4,9.41,2890
2022-07-18,9.834,8.5,10.0,4.06,4798
2022-07-19,9.2,8.156,9.2,6.606,6528
2022-07-20,9.0,8.042,9.0,8.02,2761
2022-07-21,8.4,8.601,8.828,8.0,2547
2022-07-22,8.4,8.246,8.996,8.02,1475
2022-07-25,8.0,8.6,9.58,8.0,3266
2022-07-26,8.0,8.8,10.2,7.946,32328
2022-07-27,8.8,11.26,12.8,8.8,80183
2022-07-28,11.0,9.022,11.0,9.002,9858
2022-07-29,9.2,8.4,9.404,8.20202,3093
2022-08-01,8.274,7.846,9.0,7.604,4204
2022-08-02,7.9,9.306,11.53798,7.80002,44414
2022-08-03,9.034,11.88998,12.94,8.602,49451
2022-08-04,12.0,11.996,12.6,10.4,21107
2022-08-05,11.636,12.128,12.4,10.4,7483
2022-08-08,11.86,13.39798,13.8,11.0,9026
2022-08-09,13.2,12.8,15.0,12.6,25517
2022-08-10,13.0,13.398,13.78,12.4,9325
2022-08-11,13.00202,13.29798,13.39198,10.718,16866
2022-08-12,12.6,11.612,12.89002,11.21,5173
2022-08-15,11.6,10.622,11.6,10.0,2608
2022-08-16,10.62402,12.798,12.9,10.428,6704
2022-08-17,12.78,11.66,12.78,11.644,1225
2022-08-18,11.22,14.10598,14.994,11.2,16523
2022-08-19,14.78,12.712,14.78,12.402,5862
2022-08-22,12.6,11.866,12.6,11.244,3727
2022-08-23,11.802,12.286,12.70102,11.802,751
2022-08-24,13.19998,13.0,13.2,11.602,2592
2022-08-25,12.36202,12.312,13.2,11.814,1616
2022-08-26,12.8,12.518,13.002,11.932,5416
2022-08-29,11.7,14.6,15.27,11.7,17340
2022-08-30,15.338,15.662,16.0,14.6,12203
2022-08-31,15.69,16.184,16.768,14.876,10411
2022-09-01,16.0,14.6,16.0,14.4,3854
2022-09-02,14.1,14.0,15.876,12.6,3329
2022-09-06,13.8,12.984,13.808,12.014,2985
2022-09-07,12.798,12.766,13.57798,12.07,700
2022-09-08,12.28198,11.802,12.686,11.802,595
2022-09-09,12.198,12.6,13.232,11.9,2733
2022-09-12,12.644,13.4,13.938,12.644,2157
2022-09-13,13.4,12.8,13.56398,12.8,3260
2022-09-14,12.80202,12.14,13.248,11.0,3989
2022-09-15,12.002,10.62,12.002,10.6,2728
2022-09-16,11.15,11.247,11.936,10.702,241
2022-09-19,11.0,8.2327,11.0,7.7,7225
2022-09-20,8.17,8.954,9.2,7.882,4702
2022-09-21,8.791,8.69402,9.3,8.69,156
2022-09-22,8.21202,9.402,9.402,8.21202,1064
2022-09-23,9.402,8.236,9.804,8.002,1531
2022-09-26,8.984,8.982,8.984,8.05,438
2022-09-27,8.05,7.6,8.79798,5.402,9476
2022-09-28,7.978,7.24,16.0,6.65,69515
2022-09-29,7.90202,7.542,8.8,6.50002,13619
2022-09-30,7.45598,7.802,9.0,7.1,17612
2022-10-03,8.2,9.4,10.0,7.62,26358
2022-10-04,12.2,10.8,12.94,9.436,414363
2022-10-05,8.92,9.964,10.0,7.284,62291
2022-10-06,9.0,11.294,11.294,9.0,30317
2022-10-07,10.956,10.0,11.236,9.4,7772
2022-10-10,9.718,9.6,10.8,9.0,2560
2022-10-11,9.634,8.542,10.4,8.0,7377
2022-10-12,8.286,8.812,9.8,8.00402,6348
2022-10-13,8.90002,7.8,8.90002,7.8,1688
2022-10-14,7.422,7.808,8.89798,7.4,2931
2022-10-17,7.51624,8.398,8.698,7.51624,1121
2022-10-18,8.48898,8.202,9.0,8.002,2094
2022-10-19,8.202,7.41,8.202,7.09,2429
2022-10-20,7.602,7.702,7.80202,7.60002,1030
2022-10-21,7.02,7.306,7.4,7.02,800
2022-10-24,7.4,7.406,7.916,7.31,451
2022-10-25,7.42,8.8,9.2,7.4,15842
2022-10-26,8.65,9.2,9.798,8.044,4293
2022-10-27,9.8,8.74116,9.82,8.4,6202
2022-10-28,8.37,8.202,8.738,8.002,605
2022-10-31,8.4,8.2,8.4,8.04,1664
2022-11-01,8.24,8.078,9.0,7.962,7394
2022-11-02,8.06,8.4,10.0,7.96,5388
2022-11-03,8.6,7.204,8.6,7.204,2718
2022-11-04,8.002,7.5,8.19998,7.2,3342
2022-11-07,8.06,8.316,8.36,7.6,1878
2022-11-08,8.316,8.0,10.2,7.6,19019
2022-11-09,7.858,6.534,7.858,6.222,8179
2022-11-10,6.52,6.51202,6.79798,6.22202,5185
2022-11-11,6.212,6.484,6.766,6.0,4864
2022-11-14,6.4,6.4,6.4,6.0,4025
2022-11-15,6.2,6.18,6.35,6.02202,1713
2022-11-16,6.394,6.0,6.394,5.59,2732
2022-11-17,5.98,5.702,6.2,5.6,3553
2022-11-18,5.702,5.7,5.8,5.302,2159
2022-11-21,5.8,5.72,5.8,5.452,1952
2022-11-22,5.6,5.19798,5.6,5.0,2781
2022-11-23,4.8,5.188,5.194,4.738,2241
2022-11-25,5.696,5.204,6.048,5.2,1114
2022-11-28,4.904,5.2,5.45,4.904,1467
2022-11-29,5.202,5.546,6.0,5.202,1114
2022-11-30,5.4,6.0,6.0,5.2,5410
2022-12-01,5.701,6.2,6.2,5.701,2946
2022-12-02,6.0,7.0,7.398,5.6,5466
2022-12-05,6.6,7.562,7.938,6.6,4850
2022-12-06,7.0,7.35,7.398,6.598,2748
2022-12-07,6.902,6.292,7.914,5.8,9090
2022-12-08,5.03,7.2,8.17,5.03,149458
2022-12-09,6.54,7.1843,7.48,6.41,33563
2022-12-12,7.19,7.51,7.7375,7.185,6628
2022-12-13,7.57,7.6,7.75,7.43,4422
2022-12-14,7.53,7.71,7.72,7.52,2668
2022-12-15,7.73,7.34,7.73,7.1927,5906
2022-12-16,6.9,6.61,7.1458,6.55,14743
2022-12-19,6.53,6.9,6.9,6.5101,2831
2022-12-20,6.71,6.2,6.71,6.05,4444
2022-12-21,6.5,7.09,7.09,6.5,1191
2022-12-22,6.6,6.705,6.705,6.6,1031
2022-12-23,6.7,6.7,6.71,6.7,1535
2022-12-27,6.7,6.243,6.7,6.1001,4240
2022-12-28,6.25,6.4,6.4,6.25,2106
2022-12-29,6.29,6.3,6.3,6.21,2305
2022-12-30,6.11,5.8999,6.2001,5.56,14130
2023-01-03,6.0,7.0,7.11,6.0,4665
2023-01-04,6.77,6.44,6.77,6.31,940
2023-01-05,6.25,6.3,6.3,6.0,1766
2023-01-06,6.2,6.29,6.8,6.2,3434
2023-01-09,6.35,6.74,6.74,6.35,23309
2023-01-10,7.9,8.0498,8.73,7.17,44623
2023-01-11,8.09,7.75,8.25,7.59,4618
2023-01-12,7.7999,7.9,8.25,7.775,5634
2023-01-13,8.25,8.55,9.0,8.125,17281
2023-01-17,8.17,8.97,9.0,8.17,14545
2023-01-18,8.94,8.98,8.98,8.67,4504
2023-01-19,8.5,9.3002,9.5,8.49,11113
2023-01-20,9.5,9.4,9.87,9.0,8105
2023-01-23,9.14,9.52,9.52,8.9827,3994
2023-01-24,9.3517,9.3517,9.3517,9.3517,367
2023-01-25,9.93,9.6,9.93,9.25,1806
2023-01-26,9.7236,10.45,10.45,9.7236,1973
2023-01-27,9.99,10.1,11.0,9.99,7470
2023-01-30,10.5003,10.5634,10.5634,10.01,1639
2023-01-31,10.5601,10.6,11.5,10.41,12514
2023-02-01,11.0,11.79,11.95,11.0,6895
2023-02-02,11.66,11.4229,11.66,11.1125,4537
2023-02-03,11.37,11.01,11.44,11.01,4988
2023-02-06,11.2,11.01,11.2,11.01,1477
2023-02-07,11.289,11.39,11.43,11.0,2382
2023-02-08,11.398,11.41,11.41,11.33,1167
2023-02-09,11.2001,11.2001,11.4,11.2,1250
2023-02-10,11.22,11.2201,11.4,11.22,2371
2023-02-13,11.37,12.22,12.44,11.37,2852
2023-02-14,12.0,12.0,12.44,11.7,4118
2023-02-15,11.92,11.725,11.92,11.3,2549
2023-02-16,11.45,11.41,11.99,11.01,3768
2023-02-17,11.04,11.5,11.5,11.04,888
2023-02-21,10.38,10.85,11.19,10.2902,3114
2023-02-22,10.316,10.4,10.4,10.3,1114
2023-02-24,9.0677,10.05,10.148,9.0677,1369
2023-02-27,9.3,8.3533,9.3,8.05,8589
2023-02-28,8.8273,8.4101,8.8273,8.4101,613
2023-03-01,9.0,8.6,9.0,8.6,542
2023-03-02,8.4,8.45,9.2999,8.1419,13012
2023-03-03,9.0,8.9,9.08,8.75,3258
2023-03-06,9.0,9.63,10.21,8.5832,7612
2023-03-07,9.74,9.8,10.26,8.74,4040
2023-03-08,10.0,10.75,10.75,10.0,4353
2023-03-09,10.4,11.29,11.29,10.4,3059
2023-03-10,10.1,10.3,10.36,9.51,3774
2023-03-14,9.2,9.5,9.65,9.2,1230
2023-03-15,9.345,9.25,9.345,9.25,679
2023-03-16,8.61,8.7,9.74,8.61,3640
2023-03-17,8.8,8.6,8.8,8.0,3244
2023-03-20,7.8,7.94,8.01,7.06,2284
2023-03-22,7.2,7.486,7.8,6.81,3386
2023-03-23,6.67,7.15,7.8,6.67,1723
2023-03-24,7.7193,7.2,7.75,6.9,5120
2023-03-27,7.15,7.19,7.19,6.49,941
2023-03-28,6.9,7.0,7.0,6.5076,11544
2023-03-29,7.39,7.39,7.39,7.39,218
2023-03-30,8.7,7.75,8.75,7.75,2055
2023-03-31,7.1975,6.48,7.1975,6.48,1794
2023-04-03,7.69,7.765,7.765,7.69,891
2023-04-04,7.7,8.225,8.42,7.67,2119
2023-04-06,7.5691,7.5691,7.5691,7.5691,379
2023-04-11,7.77,8.134,8.134,7.77,344
2023-04-12,8.14,7.11,8.14,7.11,1159
2023-04-13,7.51,7.2,7.51,6.75,2076
2023-04-14,7.3001,7.1,7.3001,6.99,1716
2023-04-17,7.37,6.95,8.1,6.95,1323
2023-04-18,7.02,7.0,7.05,6.65,3492
2023-04-20,6.55,6.54,6.55,6.54,393
2023-04-21,7.0,7.0,7.0,7.0,399
2023-04-24,7.1,7.0,7.1,6.7,844
2023-04-26,7.2811,6.9,7.2811,6.9,3500
2023-04-28,6.6501,7.0,7.0,6.6501,503
2023-05-01,7.25,7.1,7.25,7.1,461
2023-05-02,7.1,7.1,7.1,7.1,303
2023-05-03,8.06,8.06,8.06,8.06,364
2023-05-04,8.0,8.0,8.0,8.0,140
