2019-12-12,0.55,0.6,0.6,0.55,350002
2019-12-13,0.45,0.55,0.55,0.45,24255
2019-12-16,0.543479,0.543479,0.543479,0.543479,1115
2019-12-18,0.44,0.44,0.44,0.44,162
2019-12-20,0.4401,0.45,0.45,0.4401,1326
2019-12-23,0.5,0.5,0.503741,0.488,6400
2019-12-26,0.5,0.5,0.5,0.5,1000
2019-12-27,0.48,0.5,0.5,0.48,1213
2019-12-30,NaN,0.5,NaN,NaN,1
2019-12-31,0.5,0.498599,0.5,0.4977,15602
2020-01-02,0.45,0.45,0.4501,0.45,6000
2020-01-03,0.4901,0.49,0.4901,0.49,11350
2020-01-06,0.5,0.5,0.5,0.5,17500
2020-01-07,NaN,0.5,NaN,NaN,1507
2020-01-08,0.5,0.52,0.52,0.5,1225
2020-01-09,0.52,0.52,0.52,0.52,99334
2020-01-10,0.5,0.5,0.5,0.5,250
2020-01-17,NaN,0.5,NaN,NaN,10
2020-01-21,0.54,0.54,0.54,0.54,10000
2020-01-27,NaN,0.54,NaN,NaN,675
2020-02-06,NaN,0.54,NaN,NaN,86
2020-02-07,0.54,0.55,0.55,0.54,10647
2020-02-12,NaN,0.55,NaN,NaN,2
2020-02-13,NaN,0.55,NaN,NaN,2
2020-02-24,0.5,0.5,0.5,0.3501,15386
2020-02-25,0.49,0.5,0.5,0.49,56314
2020-02-26,0.55,0.58,0.58,0.55,157500
2020-02-27,0.56,0.56,0.56,0.56,78000
2020-02-28,0.53,0.51,0.53,0.51,100400
2020-03-02,0.51,0.51,0.5128,0.51,39875
2020-03-09,0.38,0.36,0.55,0.36,10300
2020-03-17,0.2901,0.25,0.2901,0.25,5501
2020-03-18,0.325,0.5,0.5,0.325,1300
2020-03-19,0.5,0.4994,0.5,0.4994,4300
2020-03-20,0.45,0.45,0.45,0.45,100
2020-03-23,NaN,0.45,NaN,NaN,0
2020-03-26,0.46,0.5,0.5,0.46,850
2020-03-31,0.5,0.5,0.5,0.5,20200
2020-04-06,0.43,0.38,0.43,0.38,400
2020-04-07,0.33,0.33,0.33,0.33,200
2020-04-08,0.39,0.45,0.45,0.39,25000
2020-04-09,0.64,0.53,0.64,0.53,200
2020-04-13,NaN,0.53,NaN,NaN,0
2020-05-05,0.44,0.44,0.44,0.44,100
2020-05-14,0.32,0.32,0.32,0.32,200
2020-05-18,0.2501,0.3,0.3,0.2501,7501
2020-05-20,0.2501,0.2501,0.2501,0.2501,404
2020-05-22,0.3,0.3,0.3,0.3,4000
2020-05-26,0.25,0.39,0.39,0.25,89400
2020-05-27,0.6,0.47,0.6,0.47,200
2020-05-28,0.5,0.5,0.5,0.5,100
2020-06-01,0.6,0.6,0.6,0.6,400
2020-06-02,0.7,0.7,0.7,0.7,300
2020-06-04,0.7,0.7,0.7,0.7,200
2020-06-05,NaN,0.7,NaN,NaN,0
2020-06-08,0.8,0.8,0.8,0.8,160
2020-06-10,1.3125,0.85,1.5,0.8,4431
2020-06-11,0.8,0.75,0.8,0.75,602
2020-06-18,0.6,0.6,0.6,0.6,201
2020-06-19,0.41,0.41,0.41,0.41,100
2020-06-23,0.457626,0.5,0.5,0.457626,5200
2020-06-25,0.5,0.5,0.5,0.5,3400
2020-06-30,0.5,0.5,0.5,0.5,400
2020-07-06,0.6,0.8,0.8,0.6,16609
2020-07-07,0.79,0.79,0.79,0.79,100
2020-07-09,0.7499,0.7499,0.75,0.7499,1354
2020-07-10,1.2,0.65,1.2,0.65,5030
2020-07-13,NaN,0.65,NaN,NaN,1
2020-07-15,0.68,0.6602,0.68,0.6602,250
2020-07-20,0.6502,0.6502,0.6502,0.6502,100
2020-07-22,0.8,0.8,0.8,0.8,600
2020-07-23,NaN,0.8,NaN,NaN,1
2020-07-29,NaN,0.8,NaN,NaN,100
2020-07-30,0.7,0.623,0.7,0.623,18691
2020-07-31,0.65,0.623,0.65,0.623,7249
2020-08-05,0.65,0.65,0.65,0.65,257
2020-08-10,0.65,0.6474,0.65,0.6474,640
2020-08-11,0.65,0.65,0.65,0.65,5800
2020-08-13,0.584999,0.584999,0.584999,0.584999,100
2020-08-19,0.63,0.63,0.63,0.616523,410
2020-08-24,0.65,0.65,0.6517,0.65,6522
2020-08-27,NaN,0.65,NaN,NaN,1
2020-08-28,0.8,0.8,0.8,0.8,225
2020-08-31,0.65,0.65,0.65,0.65,106
2020-09-01,NaN,0.65,NaN,NaN,125
2020-09-04,0.8,0.8,0.8,0.8,3962
2020-09-08,0.78,0.78,0.78,0.78,6513
2020-09-09,0.734999,0.7766,0.78,0.734999,3600
2020-09-14,0.75,0.7499,0.75,0.7499,10200
2020-09-15,0.66,0.65,0.66,0.63,17000
2020-09-16,0.65,0.55,0.65,0.55,32238
2020-09-17,0.5601,0.56,0.5601,0.5599,17905
2020-09-18,0.559899,0.559899,0.559899,0.559899,205
2020-09-21,0.56,0.56,0.56,0.534999,24600
2020-09-22,0.75,0.75,0.75,0.75,800
2020-09-24,0.7,0.7,0.7,0.7,850
2020-09-25,0.7,0.7,0.7,0.7,429
2020-09-28,NaN,0.7,NaN,NaN,10
2020-09-29,0.69,0.55,0.7,0.55,1705
2020-10-01,0.55,0.4,0.55,0.4,29945
2020-10-02,NaN,0.4,NaN,NaN,55
2020-10-05,0.438,0.4251,0.438,0.42,25080
2020-10-07,0.4251,0.321,0.4251,0.321,50730
2020-10-08,0.58,0.4999,0.6,0.45,1934
2020-10-09,0.400101,0.45,0.455001,0.400101,21456
2020-10-12,0.5,0.5301,0.5301,0.5,1610
2020-10-14,0.6,0.481101,0.6,0.481101,2192
2020-10-20,0.42,0.4,0.42,0.4,75922
2020-10-21,NaN,0.4,NaN,NaN,1762
2020-10-22,0.4001,0.4001,0.4001,0.4001,6416
2020-10-23,NaN,0.4001,NaN,NaN,13
2020-10-27,0.58,0.59,0.59,0.58,620
2020-10-28,0.59,0.59,0.59,0.59,235
2020-10-30,0.5,0.5,0.52,0.5,350
2020-11-03,NaN,0.5,NaN,NaN,25
2020-11-04,0.4201,0.4919,0.4919,0.42,34509
2020-11-05,0.4029,0.5481,0.5481,0.4,1912
2020-11-06,0.55,0.4001,0.55,0.4001,16052
2020-11-09,0.4,0.5799,0.58,0.4,3235
2020-11-10,0.64,0.63,0.695,0.62,64614
2020-11-16,0.63,0.7322,0.75,0.63,9400
2020-11-17,0.671,0.6,0.671,0.6,27901
2020-11-18,0.65,0.83875,1.0,0.6,152636
2020-11-19,0.95,0.8,0.95,0.65,1874
2020-11-20,0.95,0.95,0.95,0.95,230
2020-11-24,0.9499,0.9499,0.9499,0.9499,210
2020-11-25,0.95,0.95,0.95,0.95,1002
2020-11-27,1.0,1.0,1.0,1.0,1000
2020-11-30,1.15,1.0,1.25,1.0,23692
2020-12-01,0.88,0.8843,0.8843,0.88,640
2020-12-02,0.86,0.8616,0.8616,0.86,1550
2020-12-03,1.05,0.95,1.05,0.8,6847
2020-12-04,0.95,1.15,1.15,0.95,6307
2020-12-07,0.94,0.9,0.94,0.850101,1421
2020-12-08,0.9,0.8,0.9,0.7101,44939
2020-12-09,0.85,0.9,0.95,0.7051,278713
2020-12-10,0.95,1.16,1.216,0.935,32674
2020-12-11,1.1,1.1,1.1,1.01,16105
2020-12-14,1.1,1.085,1.1,1.05,6900
2020-12-15,1.14,1.06,1.14,1.06,3500
2020-12-16,1.11,1.0567,1.19,1.0567,74147
2020-12-17,1.06,1.08,1.1,1.0,8700
2020-12-18,1.03,1.065,1.18,1.0,5425
2020-12-21,1.06,1.08,1.08,1.01,8632
2020-12-22,1.07,1.1,1.14,1.07,14290
2020-12-23,1.14,1.15,1.15,1.13,25220
2020-12-24,1.19,1.178,1.19,1.11,6670
2020-12-28,1.17,1.13,1.17,1.1,28708
2020-12-29,1.1,0.98,1.1,0.98,66136
2020-12-30,0.99,0.98,1.0,0.950101,183594
2020-12-31,0.99,1.0,1.0099,0.98,28508
2021-01-04,1.05,1.06,1.19,1.01,41917
2021-01-05,1.082,1.0801,1.082,1.07,2865
2021-01-06,1.09,1.2601,1.5,1.08,65770
2021-01-07,1.26,1.29,1.368,1.25,4019
2021-01-08,1.3,1.25,1.3001,1.22,33314
2021-01-11,1.23,1.28,1.3,1.22,57815
2021-01-12,1.3001,1.44,1.44,1.28,129386
2021-01-13,1.45,1.5787,1.75,1.4014,41322
2021-01-14,1.675,1.65,1.675,1.6,13663
2021-01-15,1.8,1.6499,1.99,1.37,118665
2021-01-19,1.85,1.84,1.99,1.7,26721
2021-01-20,1.76,1.75,1.84,1.65,29518
2021-01-21,1.75,1.7,1.75,1.66,32837
2021-01-22,1.7,1.72,1.75,1.65,31565
2021-01-25,1.75,1.7,1.75,1.46,119233
2021-01-26,1.73,1.58,1.73,1.48,83303
2021-01-27,1.7,1.61,1.7,1.41,59857
2021-01-28,1.6,1.6,1.61,1.5,41782
2021-01-29,1.6,1.51,1.61,1.46,39984
2021-02-01,1.51,1.5,1.55,1.5,50495
2021-02-02,1.55,1.8,1.89,1.5,139235
2021-02-03,1.88,1.955,2.15,1.88,215740
2021-02-04,2.25,2.25,2.25,1.89,142610
2021-02-05,1.99,1.94,2.125,1.91,47024
2021-02-08,2.0,2.17,2.25,1.95,77532
2021-02-09,2.2,1.97,2.23,1.965,171304
2021-02-10,2.15,2.65,3.05,2.01,173064
2021-02-11,2.79,2.4999,2.8,2.25,70706
2021-02-12,2.5,2.45,2.535,2.2001,49637
2021-02-16,2.3,2.3,2.3,2.1,33266
2021-02-17,2.155,2.4,2.5,2.1,42484
2021-02-18,2.26,2.35,2.4,2.2,35279
2021-02-19,2.15,2.4,2.45,2.15,22768
2021-02-22,2.4399,2.43,2.49,2.2,39106
2021-02-23,2.2001,2.05,2.275,1.7119,89720
2021-02-24,2.03,1.9,2.5,1.79,58763
2021-02-25,1.86,1.62,2.03,1.58,76987
2021-02-26,1.62,1.64,2.2,1.55,71063
2021-03-01,1.91,1.735,1.91,1.735,15109
2021-03-02,1.66,1.64,1.7399,1.55,62758
2021-03-03,1.65,1.5501,1.7,1.55,51185
2021-03-04,1.25,1.385,1.48,1.1,101369
2021-03-05,1.38,1.3892,1.44,1.17,29846
2021-03-08,1.5,1.41,1.5,1.32,6376
2021-03-09,1.21,1.46,1.57,1.21,25516
2021-03-10,1.6,1.35,1.6,1.25,20074
2021-03-11,1.52,1.45,1.6,1.42,90656
2021-03-12,1.5,1.529,1.55,1.37,12464
2021-03-15,1.5,1.41,1.5,1.3001,28038
2021-03-16,1.3,1.3,1.4,1.3,20164
2021-03-17,1.2499,1.3,1.3,1.19,33996
2021-03-18,1.2501,1.43,1.43,1.15,70273
2021-03-19,1.4,1.475,1.49,1.33,42824
2021-03-22,1.52,1.466,1.64,1.46,26292
2021-03-23,1.34,1.37,1.45,1.34,2471
2021-03-24,1.47,1.27,1.47,1.25,41147
2021-03-25,1.25,1.36,1.36,1.2,28567
2021-03-26,1.36,1.3,1.55,1.25,27965
2021-03-29,1.13,1.17,1.26,1.06,5636
2021-03-30,NaN,1.17,NaN,NaN,19
2021-03-31,1.2001,1.16,1.25,1.16,19180
2021-04-01,1.2999,1.2,1.3,1.11,50290
2021-04-05,1.2,1.25,1.25,1.15,28521
2021-04-06,1.2,1.0,1.2,1.0,44411
2021-04-07,0.91,1.03,1.1,0.91,11866
2021-04-08,1.1,1.08,1.1,1.0,10150
2021-04-09,1.1,1.1,1.1999,0.99,114584
2021-04-12,1.11,1.11,1.155,1.1,25090
2021-04-13,1.11,1.15,1.18,1.11,12460
2021-04-14,1.15,1.15,1.1587,1.15,10421
2021-04-15,1.14,1.15,1.2,1.14,15082
2021-04-16,1.13,1.1,1.18,1.1,13475
2021-04-19,1.1,0.95,1.1335,0.901,8800
2021-04-20,0.9,1.0,1.0,0.800101,26022
2021-04-21,0.975,1.0,1.0001,0.9,7455
2021-04-22,0.9999,1.0,1.0,0.9996,4214
2021-04-23,1.015,1.0,1.015,1.0,9049
2021-04-26,1.0,1.01,1.2,1.0,13943
2021-04-27,1.13,0.95,1.15,0.95,29407
2021-04-28,0.9801,1.0,1.01,0.91,131507
2021-04-29,1.05,1.075,1.1,1.05,9655
2021-04-30,1.18,1.05,1.19,1.05,13549
2021-05-03,1.01,0.9999,1.01,0.9002,75534
2021-05-04,1.0,1.0,1.03,0.9101,39276
2021-05-05,0.9406,0.9801,1.02,0.9401,12643
2021-05-06,0.9506,1.09,1.09,0.95,5360
2021-05-07,1.04,0.98,1.04,0.94,153155
2021-05-10,0.92,0.96,1.0,0.9102,3174
2021-05-11,0.9001,0.9,0.9001,0.9,58905
2021-05-12,0.95,0.98,0.98,0.85,22692
2021-05-13,0.9,0.86,0.9001,0.86,84048
2021-05-14,0.88,0.895299,0.895299,0.860101,2201
2021-05-17,0.89,0.87,0.89,0.75,26884
2021-05-18,0.8999,0.8999,0.9,0.87,24368
2021-05-19,0.880001,0.85,0.9005,0.85,40444
2021-05-20,0.86,0.8301,0.9099,0.8,88955
2021-05-21,0.9,0.83,0.92,0.8007,22739
2021-05-24,NaN,0.83,NaN,NaN,50
2021-05-25,0.89995,0.9,0.9,0.81,9066
2021-05-26,0.9,0.9,0.95,0.9,1094
2021-05-27,0.989799,0.94,0.989799,0.92,8460
2021-05-28,0.91,0.966,0.99,0.91,1550
2021-06-01,1.01,1.0,1.01,0.9209,8383
2021-06-02,0.955,0.969999,0.99,0.9504,3875
2021-06-03,0.91,0.9949,0.9949,0.91,1870
2021-06-04,0.915,0.969999,0.969999,0.915,3110
2021-06-07,0.959899,0.943251,0.96,0.935,850
2021-06-08,0.99,0.9925,1.0,0.99,2250
2021-06-09,0.9603,0.98,1.0,0.9603,1050
2021-06-10,1.0,1.0,1.03,0.9998,3893
2021-06-11,1.07,1.129,1.16,1.07,9211
2021-06-14,1.1,1.16,1.25,1.1,18545
2021-06-15,1.17,1.23,1.24,1.14,18800
2021-06-16,1.1923,1.22,1.25,1.1923,1403
2021-06-17,1.21,1.22,1.25,1.21,6027
2021-06-18,1.19,1.2,1.2,1.19,3110
2021-06-21,1.16,1.1501,1.17,1.15,800
2021-06-22,1.16,1.16,1.16,1.16,493
2021-06-23,1.17,1.2001,1.27,1.17,9784
2021-06-24,1.22,1.17,1.22,1.14,9772
2021-06-25,1.17,1.17,1.17,1.17,252
2021-06-28,1.17,1.22,1.27,1.17,6330
2021-06-29,1.22,1.2001,1.22,1.17,13900
2021-06-30,1.14,1.19,1.19,1.13,10122
2021-07-01,1.1,1.19,1.19,1.1,910
2021-07-02,1.155,1.21,1.22,1.155,8137
2021-07-06,1.17,1.11,1.215,1.1,16281
2021-07-07,1.1,1.12,1.12,1.1,1679
2021-07-08,1.15,1.13,1.2,1.13,1375
2021-07-09,1.05,1.13,1.15,1.04,34606
2021-07-12,1.13,1.15,1.2,1.13,2560
2021-07-13,1.18,1.1501,1.18,1.1,17334
2021-07-14,1.12,1.1862,1.1862,1.1108,10247
2021-07-15,1.19,1.1407,1.19,1.14,8683
2021-07-16,1.06,1.13,1.15,1.06,51265
2021-07-19,1.095,1.2,1.2,1.095,25600
2021-07-20,1.13,1.1799,1.18,1.13,38403
2021-07-21,1.13,1.18,1.18,1.12,3686
2021-07-22,1.13,1.13,1.17,1.13,7285
2021-07-26,1.13,1.13,1.13,1.12,1700
2021-07-27,1.13,1.13,1.1367,1.13,12795
2021-07-28,1.09,1.0901,1.0901,1.04,11983
2021-07-29,1.05,1.1,1.1,1.05,3150
2021-07-30,1.079,1.0888,1.09,1.079,3502
2021-08-02,1.04,1.0499,1.05,0.9633,18190
2021-08-03,1.05,1.05,1.05,1.05,172
2021-08-04,NaN,1.05,NaN,NaN,800
2021-08-05,1.05,1.04,1.05,0.98,41929
2021-08-06,0.9899,0.99,0.9905,0.9899,8875
2021-08-09,1.32,1.19,1.4,1.19,763499
2021-08-10,1.25,1.3,1.3,1.01,276571
2021-08-11,1.21,1.3,1.33,1.21,39719
2021-08-12,1.32,1.22,1.33,1.22,16384
2021-08-13,1.28,1.2,1.309,1.2,11970
2021-08-16,1.2001,1.28,1.29,1.2,12614
2021-08-17,1.26,1.18,1.26,1.18,17251
2021-08-18,1.18,1.15,1.18,1.15,7204
2021-08-19,1.148,1.1,1.1499,1.09,17145
2021-08-20,1.19,1.05,1.19,1.03,23734
2021-08-23,1.07,1.02,1.1399,1.02,47657
2021-08-24,1.1,1.0199,1.1,1.0,62463
2021-08-25,0.97,0.93,1.0099,0.93,13841
2021-08-26,0.9298,0.95,1.06,0.9,43831
2021-08-27,1.06,1.13,1.2,1.01,97921
2021-08-30,1.13,1.12,1.2,1.12,66723
2021-08-31,1.07,1.15,1.2,1.07,14186
2021-09-01,1.12,1.12,1.12,1.12,228
2021-09-02,1.15,1.19,1.2001,1.15,126108
2021-09-03,1.2,1.16,1.2,1.15,25999
2021-09-07,1.18,1.1499,1.18,1.1499,8339
2021-09-08,1.16,1.185,1.1999,1.16,20127
2021-09-09,1.18,1.2,1.2,1.18,31000
2021-09-10,1.18,1.2,1.2,1.18,14911
2021-09-13,1.18,1.15,1.18,1.15,14071
2021-09-14,1.13,1.13,1.15,1.09,43849
2021-09-15,1.13,1.11,1.17,1.11,54227
2021-09-16,1.12,1.11,1.15,1.11,40717
2021-09-17,1.13,1.14,1.14,1.12,35944
2021-09-20,1.15,1.145,1.17,1.1021,17680
2021-09-21,1.1501,1.15,1.18,1.15,16395
2021-09-22,1.1799,1.1999,1.2092,1.15,78499
2021-09-23,1.2,1.15,1.2,1.1401,107111
2021-09-24,1.2,1.15,1.21,1.14,139610
2021-09-27,1.25,1.1701,1.25,1.17,7228
2021-09-28,1.1701,1.15,1.19,1.15,36800
2021-09-29,1.23,1.12,1.23,1.11,45214
2021-09-30,1.1401,1.15,1.18,1.14,93582
2021-10-01,1.17,1.14,1.18,1.14,22286
2021-10-04,1.15,1.15,1.1501,1.13,68582
2021-10-05,1.18,1.15,1.18,1.15,35776
2021-10-06,1.15,1.15,1.17,1.14,126529
2021-10-07,1.11,1.18,1.21,1.11,30797
2021-10-08,1.145,1.15,1.16,1.145,40406
2021-10-11,1.13,1.12,1.13,1.1,21838
2021-10-12,1.145,1.11,1.145,1.1098,17561
2021-10-13,1.1001,1.09,1.132,1.09,58191
2021-10-14,1.09,1.13,1.13,1.09,4340
2021-10-15,1.135,1.13,1.14,1.0903,12385
2021-10-18,1.16,1.14,1.16,1.14,12940
2021-10-19,1.17,1.14,1.17,1.12,7903
2021-10-20,1.1,1.13,1.14,1.08,25096
2021-10-21,1.115,1.1,1.125,1.08,14849
2021-10-22,1.13,1.18,1.18,1.07,42480
2021-10-25,1.18,1.175,1.2,1.11,204225
2021-10-26,1.2,1.4,1.5499,1.2,330956
2021-10-27,1.5,1.49,1.55,1.38,520528
2021-10-28,1.75,1.81,1.9,1.61,507609
2021-10-29,1.65,2.13,2.1499,1.35,860150
2021-11-01,2.23,2.03,2.48,1.91,414175
2021-11-02,1.94,1.81,1.9599,1.72,228598
2021-11-03,1.73,1.75,1.8,1.7,99753
2021-11-04,1.66,1.53,1.75,1.51,134032
2021-11-05,1.5,1.65,1.65,1.5,58340
2021-11-08,1.73,1.77,1.7794,1.63,49715
2021-11-09,1.8,1.86,1.9,1.76,136511
2021-11-10,1.85,1.77,1.8999,1.74,139301
2021-11-11,2.0,1.9,2.0,1.85,85248
2021-11-12,1.9,1.84,1.99,1.7497,219691
2021-11-15,2.05,2.0,2.29,1.95,578461
2021-11-16,1.95,1.91,2.0,1.9,90944
2021-11-17,1.93,1.69,1.93,1.59,246089
2021-11-18,1.62,1.65,1.67,1.57,112827
2021-11-19,1.64,1.52,1.64,1.44,126865
2021-11-22,1.53,1.37,1.53,1.32,105801
2021-11-23,1.43,1.47,1.54,1.39,87368
2021-11-24,1.31,1.39,1.4,1.3,213630
2021-11-26,1.46,1.46,1.46,1.28,129211
2021-11-29,1.47,1.35,1.64,1.25,94562
2021-11-30,1.39,1.3,1.39,1.22,64980
2021-12-01,1.32,1.25,1.33,1.18,95180
2021-12-02,1.2,1.2,1.21,1.11,33318
2021-12-03,1.24,1.22,1.275,1.11,55265
2021-12-06,1.13,1.15,1.165,1.07,28330
2021-12-07,1.12,1.12,1.14,1.05,93750
2021-12-08,1.14,1.07,1.14,1.05,52444
2021-12-09,1.11,1.03,1.12,1.02,82075
2021-12-10,1.04,1.05,1.09,1.02,67829
2021-12-13,1.0501,1.02,1.06,1.01,10565
2021-12-14,1.027,0.9919,1.05,0.95,25693
2021-12-15,0.97,0.92,0.9901,0.9101,49625
2021-12-16,0.9,0.9679,0.9679,0.9,40520
2021-12-17,0.94,0.92,0.94,0.8803,36738
2021-12-20,0.890101,0.92,0.92,0.89,28455
2021-12-21,0.9105,0.95,0.95,0.900001,36527
2021-12-22,0.9501,0.95,0.99,0.95,19312
2021-12-23,0.97,0.9301,0.97,0.9301,20482
2021-12-27,0.930201,1.19,1.24,0.930201,148176
2021-12-28,1.1,1.13,1.27,1.1,58437
2021-12-29,1.13,1.07,1.2,1.02,29526
2021-12-30,1.0658,1.05,1.09,0.9887,56828
2021-12-31,0.9921,1.06,1.16,0.952,66808
2022-01-03,1.06,1.02,1.11,1.02,25692
2022-01-04,1.03,1.01,1.18,0.99505,83482
2022-01-05,1.0,0.9501,1.045,0.9501,111979
2022-01-06,0.9918,0.98,0.9918,0.9504,113076
2022-01-07,0.98,0.9502,1.01,0.9501,141202
2022-01-10,0.96,0.909899,0.96,0.85,22355
2022-01-11,0.8502,0.6475,0.876559,0.6002,255441
2022-01-12,0.75,0.7401,0.78,0.7,95877
2022-01-13,0.7501,0.69,0.7501,0.6701,22801
2022-01-14,0.675,0.6604,0.6931,0.6603,10128
2022-01-18,0.68,0.69,0.73,0.68,12178
2022-01-19,0.74,0.6711,0.74,0.6711,22919
2022-01-20,0.719218,0.655,0.719218,0.6501,20530
2022-01-21,0.655,0.615,0.659799,0.610201,13921
2022-01-24,0.615,0.575,0.616826,0.55,84384
2022-01-25,0.6525,0.6,0.6525,0.5749,15676
2022-01-26,0.57,0.5877,0.66,0.57,19943
2022-01-27,0.614949,0.53,0.6551,0.53,100594
2022-01-28,0.5498,0.5492,0.5955,0.5301,45685
2022-01-31,0.520101,0.49,0.549,0.4512,39317
2022-02-01,0.56,0.589951,0.649799,0.56,30321
2022-02-02,0.5601,0.55,0.6,0.517125,104874
2022-02-03,0.541201,0.55,0.57005,0.515799,3880
2022-02-04,0.58,0.48,0.58,0.4602,36987
2022-02-07,0.76,0.76,0.76,0.76,4055
2022-02-08,0.76,0.62,0.77,0.62,54526
2022-02-09,0.65,0.67,0.73,0.63,120824
2022-02-10,0.666201,0.6701,0.7,0.55,127937
2022-02-11,0.75,0.7049,0.85,0.7,99362
2022-02-14,0.7,0.6952,0.80953,0.6901,5248
2022-02-15,0.7201,0.69,0.76,0.66,14997
2022-02-16,0.7799,0.700086,0.7799,0.66,8436
2022-02-17,0.69,0.82,0.9398,0.67,198787
2022-02-18,0.8,0.8,1.19,0.73,116935
2022-02-22,0.75,0.845,0.99,0.75,82346
2022-02-23,0.92,0.88,0.98,0.83,42304
2022-02-24,0.75,0.8299,0.879799,0.75,6443
2022-02-25,0.81,0.9,1.04,0.8001,81744
2022-02-28,1.05,0.9667,1.2,0.95,66032
2022-03-01,0.9453,0.9601,1.04,0.91,59109
2022-03-02,0.9534,0.8833,0.9534,0.8767,3034
2022-03-03,0.8601,0.8202,0.8601,0.8201,5651
2022-03-04,0.8098,0.8099,0.8099,0.8098,243
2022-03-07,0.7102,0.6,0.7102,0.55,69766
2022-03-08,0.7797,0.6702,0.7831,0.6591,76540
2022-03-09,0.8699,0.8875,0.89,0.6801,61393
2022-03-10,0.8899,0.82,0.8899,0.7754,47457
2022-03-11,0.82,0.8275,0.89,0.7301,86380
2022-03-14,0.84,0.8774,0.9,0.745,54496
2022-03-15,0.9,0.9091,1.01,0.8237,84548
2022-03-16,0.88,0.9602,1.0,0.8799,52230
2022-03-17,0.9,0.9599,1.08,0.9,165202
2022-03-18,0.9926,1.06,1.06,0.9601,460105
2022-03-21,1.14,1.2,1.23,1.13,155055
2022-03-22,1.2,1.23,1.2707,1.1801,28259
2022-03-23,1.24,1.2025,1.5,1.15,295285
2022-03-24,1.37,1.42,1.65,1.15,1069799
2022-03-25,1.49,1.27,1.5,1.21,142657
2022-03-28,1.17,1.31,1.4,1.07,22934
2022-03-29,1.25,1.25,1.25,1.25,512
2022-03-30,1.06,1.19,1.29,1.06,102221
2022-03-31,1.2009,1.3,1.33,1.1618,36707
2022-04-01,1.35,1.35,1.48,1.24,104061
2022-04-04,1.46,1.39,1.46,1.38,85583
2022-04-05,1.4,1.46,1.47,1.32,56410
2022-04-06,1.44,1.44,1.44,1.32,23959
2022-04-07,1.44,1.42,1.49,1.25,46840
2022-04-08,1.49,1.45,1.59,1.43,195484
2022-04-11,1.47,1.6,1.7001,1.44,106105
2022-04-12,1.63,1.44,1.695,1.43,149522
2022-04-13,1.51,1.43,1.52,1.36,42112
2022-04-14,1.45,1.56,1.56,1.39,9243
2022-04-18,1.37,1.25,1.38,1.19,7530
2022-04-19,1.24,1.42,1.46,1.24,17973
2022-04-20,1.62,1.62,1.62,1.62,601
2022-04-21,1.5,1.48,1.5,1.41,4050
2022-04-22,1.22,1.5,1.55,1.22,60640
2022-04-25,1.52,1.42,1.52,1.42,28236
2022-04-26,1.5,1.45,1.52,1.4,92150
2022-04-27,1.45,1.55,1.62,1.45,85573
2022-04-28,1.6,1.62,1.62,1.46,77988
2022-04-29,1.46,1.58,1.58,1.45,902
2022-05-02,1.58,1.5201,1.6,1.45,48024
2022-05-03,1.57,1.4,1.57,1.36,78482
2022-05-04,1.3706,1.24,1.3706,1.17,19397
2022-05-05,1.2501,1.27,1.28,1.2501,5001
2022-05-06,1.17,1.19,1.28,1.15,10532
2022-05-09,1.15,1.07,1.15,0.8,14447
2022-05-10,1.08,1.17,1.17,1.08,5105
2022-05-11,0.72,1.0,1.14,0.66,18707
2022-05-12,0.81,1.0,1.06,0.8,47166
2022-05-13,0.99,1.39,1.4,0.96,46537
2022-05-16,1.38,1.39,1.49,1.32,37565
2022-05-17,1.47,1.49,1.55,1.44,79441
2022-05-18,1.31,1.18,1.31,1.03,12558
2022-05-19,1.28,1.43,1.48,1.26,49833
2022-05-20,1.47,1.49,1.51,1.41,10956
2022-05-23,1.4,1.5,1.55,1.39,11875
2022-05-24,1.39,1.35,1.4137,1.35,3968
2022-05-26,1.4,1.34,1.4,1.1,18723
2022-05-27,1.34,1.35,1.54,1.34,19324
2022-05-31,1.4,1.8,1.88,1.4,108809
2022-06-01,1.7,1.68,1.83,1.64,48376
2022-06-02,1.75,1.79,1.79,1.71,30825
2022-06-03,1.75,1.78,1.82,1.75,98053
2022-06-06,1.52,1.1,1.52,1.02,57522
2022-06-07,1.1199,1.1,1.1199,1.07,4792
2022-06-08,1.12,1.07,1.12,1.07,9818
2022-06-09,1.17,1.07,1.17,1.07,12190
2022-06-10,1.0,0.893699,1.02,0.8936,25426
2022-06-13,0.85,0.85,0.85,0.75,28100
2022-06-15,0.85,0.9,0.9,0.809618,20903
2022-06-16,0.77,0.9,0.9,0.77,43132
2022-06-17,0.9,0.9825,1.02,0.9,12134
2022-06-21,0.96,0.85,0.96,0.8117,1800
2022-06-23,0.723,0.76,0.77,0.723,1000
2022-06-27,0.76,0.8194,0.82,0.76,5321
2022-06-28,0.73,0.68,0.7305,0.68,9452
2022-06-30,0.6105,0.68,0.68,0.55,8702
2022-07-01,0.55,0.5472,0.55,0.52,5965
2022-07-05,0.5,0.53,0.5425,0.5,11005
2022-07-06,0.53,0.59,0.6111,0.47,171598
2022-07-07,0.4801,0.53,0.6,0.4801,8349
2022-07-08,0.53,0.6,0.63,0.53,11380
2022-07-11,0.625748,0.56,0.68,0.55,9570
2022-07-14,0.52,0.57,0.61,0.49,22697
2022-07-15,0.500101,0.61,0.61,0.500101,4327
2022-07-18,0.61,0.61,0.61,0.58,4381
2022-07-19,0.61,0.4995,0.61,0.4995,8967
2022-07-20,0.5296,0.59,0.61,0.5296,80038
2022-07-21,0.59,0.55,0.59,0.55,1240
2022-07-22,0.51,0.54,0.54,0.5,8522
2022-07-25,0.47,0.5379,0.5379,0.42,19371
2022-07-26,0.494149,0.4748,0.548,0.4426,21867
2022-07-27,0.4748,0.74,1.7,0.4748,725017
2022-07-28,0.610001,0.7,0.74,0.5976,126635
2022-07-29,0.54,0.73,0.73,0.52,53778
2022-08-01,0.5302,0.73,0.7301,0.5302,5701
2022-08-02,0.6,0.67,0.71,0.6,82803
2022-08-03,0.63,0.68,0.68,0.6,69954
2022-08-04,0.5202,0.46,0.5202,0.43,45990
2022-08-05,0.4201,0.468,0.468,0.3801,30464
2022-08-08,0.4699,0.3596,0.47,0.31,48398
2022-08-09,0.3301,0.379,0.39,0.3301,13185
2022-08-10,0.35,0.4387,0.4387,0.28,81744
2022-08-11,0.378,0.25,0.378,0.2152,134015
2022-08-12,0.25,0.2597,0.296,0.1701,865502
2022-08-15,0.2111,0.2298,0.2397,0.2,53430
2022-08-16,0.2289,0.2697,0.2697,0.2289,34443
2022-08-17,0.269699,0.2697,0.2697,0.2394,2371
2022-08-18,0.2697,0.3445,0.3675,0.2366,40583
2022-08-19,0.3275,0.3255,0.3275,0.28,4152
2022-08-22,0.3193,0.268,0.3193,0.2292,15205
2022-08-23,0.2648,0.28,0.28,0.24,3002
2022-08-24,0.28,0.28,0.28,0.28,1009
2022-08-25,0.24,0.24,0.245,0.199778,79978
2022-08-26,0.2599,0.2499,0.2599,0.2,69919
2022-08-29,0.23,0.285,0.29,0.23,25910
2022-08-30,0.2,0.22,0.22,0.191,6400
2022-08-31,0.22,0.22,0.22,0.2,6833
2022-09-01,0.21,0.27,0.27,0.21,27286
2022-09-02,0.24,0.2345,0.24,0.21,2726
2022-09-06,0.21,0.24,0.24,0.205,28593
2022-09-07,0.25,0.248,0.25,0.21,5449
2022-09-08,0.22,0.225,0.23,0.2199,9157
2022-09-09,0.24,0.24,0.24,0.23,5377
2022-09-12,0.24,0.27,0.27,0.24,19044
2022-09-13,0.2699,0.2699,0.2699,0.2699,1248
2022-09-14,0.2552,0.25,0.2552,0.2499,3724
2022-09-15,0.240149,0.27,0.27,0.23,4620
2022-09-16,0.2675,0.25,0.2675,0.25,1925
2022-09-19,0.2001,0.21,0.21,0.2,17046
2022-09-20,0.2,0.21,0.21,0.2,5500
2022-09-21,0.2,0.195,0.2,0.18,20601
2022-09-22,0.178,0.25,0.25,0.178,4247
2022-09-23,0.1802,0.19,0.2076,0.175,61937
2022-09-26,0.1601,0.218,0.218,0.1601,1590
2022-09-27,0.166,0.15,0.166,0.1402,200226
2022-09-28,0.16,0.2,0.2,0.15,15602
2022-09-29,0.175,0.1527,0.187,0.1111,24943
2022-09-30,0.1499,0.1698,0.195,0.13,42099
2022-10-03,0.1698,0.158,0.1698,0.13,3052
2022-10-04,0.1321,0.14,0.156752,0.1321,2969
2022-10-05,0.1598,0.16,0.19,0.15,51963
2022-10-06,0.14,0.1472,0.1665,0.121,126372
2022-10-07,0.155,0.16,0.2,0.14,29210
2022-10-10,0.24,0.14,0.24,0.12,6599
2022-10-11,0.1302,0.15,0.15,0.13005,2962
2022-10-12,0.1205,0.12,0.1205,0.1198,24076
2022-10-13,0.1101,0.1034,0.1101,0.07,44439
2022-10-14,0.105,0.129,0.15,0.09,99326
2022-10-17,0.155,0.122,0.16,0.082,12978
2022-10-18,0.1375,0.1375,0.14,0.123,44483
2022-10-19,0.1315,0.13,0.1327,0.123,17782
2022-10-20,0.139899,0.11,0.139899,0.11,2502
2022-10-21,0.1248,0.11,0.125,0.11,13369
2022-10-24,0.1,0.1,0.1,0.09,72474
2022-10-25,0.1,0.1168,0.1298,0.1,19920
2022-10-26,0.1149,0.11,0.13,0.11,57522
2022-10-27,0.1,0.1,0.11,0.1,14510
2022-10-28,0.090001,0.094999,0.10945,0.090001,887
2022-10-31,0.1,0.1,0.1125,0.1,45998
2022-11-01,0.124899,0.11,0.124899,0.1,37804
2022-11-02,0.12,0.1012,0.1258,0.1011,78158
2022-11-03,0.121249,0.1168,0.121249,0.11,5135
2022-11-04,0.108099,0.09,0.114899,0.0899,25565
2022-11-07,0.1,0.11,0.11,0.1,1790
2022-11-08,0.099999,0.1,0.1,0.099999,9167
2022-11-09,0.095,0.0938,0.1,0.09,90200
2022-11-10,0.093901,0.09,0.094,0.089899,7265
2022-11-11,0.08,0.0825,0.0895,0.08,7763
2022-11-14,0.09,0.089899,0.09,0.089899,1605
2022-11-15,0.09,0.080049,0.09,0.080049,7966
2022-11-16,0.077,0.0703,0.077,0.0703,1000
2022-11-18,0.08,0.08,0.0889,0.0612,31231
2022-11-21,0.0714,0.06,0.0793,0.06,16955
2022-11-23,0.075,0.0836,0.0859,0.075,72351
2022-11-25,0.08,0.08,0.08,0.08,1000
2022-11-28,0.08,0.07,0.08,0.0616,13274
2022-11-29,0.09,0.083051,0.09,0.08,6475
2022-12-01,0.0977,0.08,0.0977,0.077999,23603
2022-12-02,0.08,0.0941,0.0941,0.0794,20937
2022-12-05,0.098,0.095,0.0999,0.095,54123
2022-12-06,0.09,0.09,0.0988,0.09,13922
2022-12-07,0.08,0.08,0.084523,0.08,6280
2022-12-08,0.1,0.061,0.1,0.061,6001
2022-12-09,0.089899,0.087899,0.089899,0.087599,5108
2022-12-12,0.1,0.0878,0.1,0.0616,9457
2022-12-14,0.0675,0.07,0.07,0.0675,10703
2022-12-15,0.0676,0.081249,0.081249,0.0676,7493
2022-12-16,0.087,0.086,0.0998,0.0821,6517
2022-12-19,0.09,0.0652,0.09,0.065,15344
2022-12-20,0.065,0.0599,0.065,0.059,3673
2022-12-22,0.06,0.055,0.0601,0.0541,16418
2022-12-27,0.051,0.0499,0.052,0.048749,16000
2022-12-28,0.0425,0.06,0.06,0.03,6905
2022-12-29,0.055,0.054899,0.055,0.0375,3470
2022-12-30,0.04,0.0499,0.05,0.0375,4852
2023-01-03,0.059799,0.0599,0.06,0.0549,5854
2023-01-04,0.06,0.0361,0.0699,0.036,8091
2023-01-05,0.0365,0.0548,0.0549,0.0365,10899
2023-01-09,0.05245,0.0499,0.0549,0.035,6445
2023-01-10,0.042599,0.0675,0.07,0.042599,32643
2023-01-11,0.0625,0.067,0.0675,0.060526,6025
2023-01-12,0.065,0.1,0.1,0.065,31254
2023-01-13,0.0924,0.0924,0.0924,0.0924,281
2023-01-17,0.0924,0.091551,0.099,0.0891,18730
2023-01-18,0.0835,0.094,0.094,0.0835,1852
2023-01-19,0.0835,0.08875,0.094,0.0835,2349
2023-01-20,0.094,0.0799,0.094,0.0799,4022
2023-01-23,0.08,0.07865,0.08,0.07,13874
2023-01-24,0.0669,0.0811,0.0811,0.0669,1500
2023-01-26,0.0811,0.09,0.09,0.07,5000
2023-01-27,0.07,0.07,0.07,0.07,4635
2023-01-30,0.089,0.08,0.09,0.08,11213
2023-01-31,0.07375,0.073912,0.073912,0.07375,251
2023-02-01,0.089,0.08,0.09,0.0798,13635
2023-02-02,0.0738,0.08,0.0824,0.07,9000
2023-02-03,0.09,0.08,0.09,0.08,8533
2023-02-06,0.1,0.076,0.1,0.07,1967
2023-02-07,0.07,0.07,0.07,0.07,7920
2023-02-08,0.0795,0.07,0.0795,0.07,3040
2023-02-09,0.06,0.06,0.06029,0.06,6055
2023-02-13,0.061,0.061,0.061,0.061,500
2023-02-14,0.0616,0.05765,0.0616,0.0505,26094
2023-02-15,0.0554,0.069899,0.069899,0.0505,4589
2023-02-16,0.0406,0.0899,0.09,0.0406,18652
2023-02-21,0.049899,0.05,0.05,0.049899,235
2023-02-22,0.07495,0.084899,0.084899,0.06,2759
2023-02-23,0.0504,0.0635,0.0747,0.049899,11400
2023-02-24,0.0635,0.05,0.0635,0.0497,11041
2023-02-27,0.06,0.055399,0.06,0.0451,4979
2023-02-28,0.0565,0.06,0.06,0.0555,24727
2023-03-01,0.0793,0.055665,0.0793,0.055665,361
2023-03-02,0.0497,0.075,0.075,0.04714,3560
2023-03-03,0.0504,0.05,0.0504,0.0499,1501
2023-03-08,0.059999,0.059999,0.059999,0.059999,260
2023-03-09,0.060049,0.060049,0.060049,0.060049,1095
2023-03-13,0.05,0.0499,0.05,0.0499,4013
2023-03-15,0.067,0.05,0.067,0.05,13259
2023-03-16,0.0452,0.0452,0.0476,0.0452,5469
2023-03-17,0.0488,0.0452,0.0488,0.0452,587
2023-03-21,0.043,0.043,0.043,0.043,100
2023-03-22,0.039899,0.0394,0.04,0.0394,667
2023-03-23,0.0389,0.039,0.0408,0.038,4857
2023-03-24,0.038101,0.038,0.038101,0.036501,9712
2023-03-27,0.038,0.038,0.038,0.038,1301
2023-03-28,0.038,0.0365,0.038,0.0365,3300
2023-03-29,0.0399,0.0389,0.0399,0.034649,23473
2023-03-30,0.038,0.038,0.038,0.0336,6757
2023-03-31,0.036,0.035,0.036,0.03398,7100
2023-04-03,0.0336,0.0333,0.0336,0.0333,300
2023-04-04,0.033,0.0331,0.035682,0.033,3764
2023-04-05,0.04,0.04,0.04,0.0206,26446
2023-04-11,0.030101,0.035,0.035,0.029776,11501
2023-04-12,0.0255,0.0263,0.03,0.0255,31969
2023-04-13,0.026,0.0268,0.0345,0.0255,16325
2023-04-14,0.0297,0.0271,0.0299,0.0255,33632
2023-04-17,0.0257,0.0245,0.03,0.022749,33518
2023-04-18,0.0297,0.0325,0.0342,0.0297,3534
2023-04-19,0.0367,0.0369,0.0369,0.0367,987
2023-04-20,0.039,0.03,0.039,0.0223,1850
2023-04-21,0.03,0.0302,0.0302,0.03,1156
2023-04-24,0.0207,0.0298,0.03,0.0205,3708
2023-04-26,0.025,0.0238,0.0259,0.0207,10545
2023-04-27,0.0296,0.0298,0.03,0.02685,7066
2023-04-28,0.0518,0.0255,0.059,0.0238,4255
2023-05-01,0.024,0.024,0.024,0.024,150
2023-05-02,0.0357,0.058,0.0617,0.0314,54090
2023-05-03,0.0362,0.0399,0.0414,0.0361,10306
2023-05-04,0.04,0.057301,0.0596,0.04,40185
