2021-11-11,10.07,10.06,10.08,10.05,16778182
2021-11-12,10.06,10.05,10.07,10.05,498027
2021-11-15,10.05,10.05,10.065,10.05,223710
2021-11-16,10.07,10.06,10.07,10.04,198287
2021-11-17,10.06,10.06,10.06,10.05,72538
2021-11-18,10.06,10.1,10.1,10.06,351491
2021-11-19,10.065,10.08,10.08,10.05,45706
2021-11-22,9.18,10.09,10.09,9.18,12752
2021-11-23,10.09,10.08,10.09,10.08,56077
2021-11-24,10.08,10.07,10.08,10.07,25980
2021-11-26,10.06,10.07,10.07,10.06,5771
2021-11-29,10.07,10.07,10.08,10.03,159744
2021-11-30,10.06,10.04,10.07,10.0,298105
2021-12-01,10.04,10.11,10.14,10.04,45722
2021-12-02,10.1,10.1,10.1,10.1,3017
2021-12-03,NaN,10.1,NaN,NaN,1221
2021-12-06,10.0202,10.08,10.08,10.0202,4663
2021-12-07,9.98,10.08,10.08,9.98,68998
2021-12-08,NaN,10.08,NaN,NaN,51
2021-12-09,10.08,10.02,10.08,10.02,1256
2021-12-10,10.02,10.0101,10.02,10.01,6374
2021-12-13,9.98,10.03,10.06,9.98,184152
2021-12-14,10.02,10.02,10.02,10.02,5440
2021-12-15,10.0,10.06,10.08,10.0,98322
2021-12-16,10.0,10.0,10.0,10.0,981
2021-12-17,10.07,10.07,10.07,10.07,828
2021-12-20,10.0,10.02,10.02,10.0,3094
2021-12-21,10.02,10.0,10.02,10.0,27311
2021-12-22,10.02,10.03,10.03,10.02,2613
2021-12-23,10.02,10.06,10.06,10.02,8067
2021-12-27,10.06,9.98,10.06,9.98,4280
2021-12-29,10.03,10.02,10.03,10.02,3100
2021-12-30,10.0201,10.065,10.065,10.0201,7638
2021-12-31,10.02,10.04,10.06,10.0,27506
2022-01-03,10.03,10.03,10.03,10.03,710
2022-01-04,10.02,10.02,10.02,10.0,252900
2022-01-05,NaN,10.02,NaN,NaN,2600
2022-01-06,10.025,10.0,10.07,10.0,15910
2022-01-07,10.02,10.06,10.06,10.02,30103
2022-01-10,10.05,10.05,10.05,10.05,400
2022-01-11,10.07,10.06,10.07,10.06,63743
2022-01-12,NaN,10.06,NaN,NaN,300
2022-01-14,10.02,10.07,10.07,10.02,968
2022-01-18,10.05,10.05,10.05,10.04,600
2022-01-19,NaN,10.05,NaN,NaN,1
2022-01-20,10.0301,10.0301,10.0301,10.0301,1401
2022-01-21,10.019,10.015,10.031,10.01,34367
2022-01-24,10.01,10.01,10.01,10.01,100
2022-01-26,9.97,9.99,9.99,9.97,25500
2022-01-27,9.99,10.0,10.0,9.99,8992
2022-01-31,10.0,10.0,10.0,10.0,215100
2022-02-03,10.0,9.97,10.02,9.97,5800
2022-02-04,9.97,9.97,9.97,9.97,3400
2022-02-07,9.97,9.97,9.98,9.97,5176
2022-02-08,9.98,10.0,10.01,9.98,52832
2022-02-09,10.0,10.0,10.0,10.0,1602
2022-02-10,9.95,9.96,9.98,9.88,11001
2022-02-11,9.97,10.0,10.0,9.965,9201
2022-02-16,9.98,9.98,9.98,9.98,5000
2022-02-17,9.99,10.0,10.0,9.99,7910
2022-02-24,9.98,9.985,10.005,9.97,13516
2022-02-28,9.97,9.97,9.98,9.97,24837
2022-03-01,9.97,9.99,10.04,9.97,75392
2022-03-02,10.05,10.05,10.05,10.05,200
2022-03-04,10.06,10.01,10.06,10.01,2940
2022-03-07,10.01,10.01,10.01,10.01,300
2022-03-08,10.0,10.07,10.07,10.0,221
2022-03-11,10.05,10.03,10.05,10.03,10320
2022-03-21,10.0,10.0,10.0,10.0,8323
2022-03-22,10.01,9.97,10.02,9.97,2387
2022-03-23,10.0,10.01,10.01,10.0,7657
2022-03-29,9.98,9.98,9.98,9.98,7057
2022-03-30,10.01,10.01,10.01,10.01,7023
2022-04-05,10.06,10.06,10.06,10.05,2306
2022-04-14,10.0,10.0,10.0,10.0,400
2022-04-18,10.01,10.03,10.03,10.01,269
2022-04-29,10.07,10.09,10.09,10.07,700
2022-05-04,10.05,10.07,10.07,10.05,84465
2022-05-05,10.03,10.03,10.03,10.03,100
2022-05-06,10.04,10.04,10.04,10.04,52182
2022-05-09,10.11,10.0546,10.11,9.9601,2833
2022-05-11,9.9872,9.9872,9.9872,9.9872,150
2022-05-20,9.98,9.99,9.99,9.93,17450
2022-05-23,9.94,9.98,9.98,9.94,200
2022-05-24,9.95,9.95,9.95,9.92,8500
2022-05-25,9.9593,9.98,9.98,9.9593,13300
2022-05-26,9.96,9.94,9.96,9.94,9300
2022-05-27,9.97,9.97,9.97,9.97,110
2022-05-31,9.94,9.96,9.96,9.94,4047
2022-06-02,9.96,9.96,9.96,9.96,4866
2022-06-03,9.955,9.95,9.955,9.95,1565
2022-06-06,10.1,10.1,10.1,10.1,414
2022-06-14,10.2,9.97,10.2,9.97,9400
2022-06-16,9.9301,9.93,9.95,9.93,2701
2022-06-17,9.95,9.97,9.97,9.95,10403
2022-06-24,9.94,9.94,9.94,9.94,314
2022-06-28,9.95,9.95,9.95,9.95,450
2022-07-25,10.01,10.0,10.01,9.95,3897
2022-07-27,10.03,10.0,10.03,10.0,4000
2022-07-29,10.0,10.0,10.0,9.99,5000
2022-08-05,10.05,10.04,10.05,10.04,600
2022-08-09,10.05,10.05,10.05,10.05,100
2022-08-17,10.03,10.03,10.03,10.03,500
2022-08-19,10.01,10.04,10.04,10.01,2013
2022-08-26,10.04,10.04,10.04,10.04,2541
2022-08-30,10.1,10.1,10.1,10.1,400
2022-09-01,10.08,10.1,10.1,10.08,13781
2022-09-09,10.07,10.05,10.07,10.05,3020
2022-09-15,10.05,10.05,10.05,10.05,706
2022-09-21,10.11,10.11,10.11,10.11,1600
2022-09-22,10.11,10.05,10.11,10.02,69147
2022-09-23,10.11,10.11,10.11,10.11,902
2022-09-27,10.036,10.0101,10.065,10.0,17131
2022-09-28,10.06,10.07,10.07,10.04,1000
2022-09-29,10.07,10.07,10.07,10.07,201
2022-09-30,10.09,10.09,10.09,10.09,200
2022-10-05,10.1,10.12,10.12,10.1,7629
2022-10-07,10.24,10.21,10.26,10.21,1381
2022-10-10,10.11,10.08,10.11,10.07,8400
2022-10-12,10.15,10.21,10.21,10.12,6867
2022-10-14,10.05,10.16,10.16,10.05,1863
2022-10-18,10.07,10.16,10.16,10.0698,3918
2022-10-19,10.11,10.15,10.15,10.0799,9152
2022-10-20,10.1,10.14,10.14,10.1,1850
2022-10-24,10.12,10.09,10.12,10.0899,5780
2022-10-25,10.0684,10.1451,10.1451,10.0684,3000
2022-10-31,10.16,10.14,10.16,10.14,1000
2022-11-08,10.08,9.96,10.16,9.96,2650
2022-11-11,10.03,10.18,10.18,10.03,6003
2022-11-21,10.21,10.21,10.21,10.21,100
2022-11-22,9.95,9.95,9.95,9.95,150
2022-11-23,10.19,10.2,10.2,10.19,3020
2022-12-02,10.23,10.23,10.23,10.23,100
2022-12-05,10.25,10.25,10.25,10.25,100
2022-12-06,10.22,10.22,10.22,10.22,100
2022-12-07,10.23,10.23,10.23,10.23,100
2022-12-08,10.23,10.23,10.23,10.23,100
2022-12-09,10.21,10.21,10.21,10.21,100
2022-12-12,10.2,10.2,10.2,10.2,100
2022-12-13,10.25,10.25,10.25,10.25,100
2022-12-14,10.25,10.25,10.25,10.25,100
2022-12-15,10.24,10.24,10.24,10.24,100
2022-12-16,10.24,10.24,10.24,10.24,100
2022-12-19,10.21,10.21,10.21,10.21,101
2022-12-20,10.21,10.21,10.21,10.21,100
2022-12-21,10.24,10.24,10.24,10.24,100
2022-12-22,10.24,10.24,10.24,10.24,100
2022-12-23,10.22,10.22,10.22,10.22,100
2022-12-27,10.22,10.22,10.22,10.22,100
2022-12-28,10.22,10.22,10.22,10.22,100
2022-12-29,10.25,10.25,10.3,10.22,11395
2023-01-05,10.26,10.26,10.26,10.26,410
2023-01-12,10.31,10.31,10.31,10.31,400
2023-01-13,10.4,10.3601,10.4,10.36,2550
2023-01-19,10.4,10.4,10.4,10.4,300
2023-01-20,10.4,10.3999,10.4,10.3999,1700
2023-01-23,10.4,10.32,10.4,10.32,1535
2023-01-26,10.4,10.32,10.4,10.32,200
2023-01-27,10.4,10.37,11.028,10.3401,18233
2023-01-30,10.4,10.36,10.855,10.3201,7450
2023-01-31,10.4,10.38,11.024,10.3501,11400
2023-02-01,10.4,10.4301,11.4,10.3201,4550
2023-02-02,10.4492,10.4492,10.4492,10.4492,100
2023-02-10,10.35,10.33,10.35,10.33,400
2023-02-13,10.32,10.32,10.32,10.32,100
2023-02-14,10.45,10.32,10.4803,10.32,800
2023-02-15,10.43,10.39,10.44,10.39,600
2023-02-24,10.39,10.4,10.41,10.39,11037
2023-03-01,10.41,10.42,10.42,10.41,900
2023-03-02,10.42,10.42,10.42,10.42,6749
2023-03-06,10.43,10.43,10.43,10.43,3594
2023-03-14,10.41,10.4,10.41,10.4,384
2023-03-15,10.45,10.5036,10.5571,10.45,400
2023-03-16,10.44,10.42,10.47,10.42,1256
2023-03-17,10.43,10.43,10.43,10.43,200
2023-03-20,10.43,10.43,10.43,10.43,362
2023-03-21,10.43,10.43,10.43,10.43,400
2023-03-27,10.5,10.44,10.96,10.44,2904
2023-03-28,10.44,10.44,10.44,10.44,600
2023-03-29,10.49,10.44,10.49,10.44,800
2023-03-30,10.48,10.47,10.955,10.4401,1200
2023-03-31,10.5,10.4601,10.5,10.4601,900
2023-04-03,10.49,10.49,10.49,10.49,187
2023-04-04,10.49,10.48,10.49,10.46,1159
2023-04-05,10.49,10.4501,10.49,10.4501,1018
2023-04-06,10.46,10.4554,10.46,10.4554,5105
2023-04-10,10.45,10.57,10.57,10.45,1600
2023-04-18,10.45,10.45,10.45,10.45,118
2023-04-20,10.45,10.45,10.45,10.45,115
2023-04-21,10.48,10.48,10.48,10.48,112
2023-04-28,10.5,10.5,10.5116,10.485,86207
2023-05-02,10.49,10.48,10.49,10.48,2000
2023-05-18,NaN,NaN,NaN,NaN,1
