2021-11-04,10.08,10.09,10.25,10.08,6288606
2021-11-05,10.13,10.13,10.15,10.09,381314
2021-11-08,10.15,10.11,10.15,10.11,38527
2021-11-09,10.13,10.14,10.18,10.12,94031
2021-11-10,10.16,10.16,10.16,10.16,29278
2021-11-11,10.17,10.17,10.17,10.16,56731
2021-11-12,10.2,10.2,10.2,10.2,120
2021-11-15,10.1698,10.21,10.21,10.14,25156
2021-11-17,10.15,10.17,10.17,10.15,8500
2021-11-18,10.14,10.19,10.2,10.13,12301
2021-11-19,10.16,10.16,10.16,10.16,1100
2021-11-22,10.16,10.1802,10.2,10.135,19682
2021-11-23,10.12,10.12,10.12,10.12,450
2021-11-24,10.1306,10.14,10.14,10.1306,265
2021-11-29,10.12,10.16,10.17,10.12,14922
2021-11-30,10.13,10.14,10.14,10.13,300000
2021-12-02,10.15,10.162,10.17,10.15,10000
2021-12-03,10.18,10.16,10.18,10.16,100820
2021-12-06,10.18,10.18,10.18,10.18,16587
2021-12-07,10.18,10.17,10.18,10.17,415000
2021-12-08,10.16,10.18,10.18,10.15,25803
2021-12-09,10.12,10.15,10.17,10.12,33933
2021-12-10,10.15,10.15,10.2,10.15,50390
2021-12-13,10.15,10.14,10.25,10.14,96711
2021-12-14,10.13,10.11,10.15,10.11,22175
2021-12-15,10.16,10.15,10.16,10.15,503
2021-12-16,10.14,10.16,10.16,10.14,11074
2021-12-17,NaN,10.16,NaN,NaN,3
2021-12-20,10.11,10.17,10.17,10.11,20436
2021-12-27,10.16,10.2,10.2,10.15,502131
2021-12-28,10.15,10.19,10.2,10.15,181570
2021-12-29,10.18,10.21,10.21,10.18,75985
2021-12-30,10.21,10.27,10.27,10.21,15141
2021-12-31,10.215,10.28,10.3,10.2,4258
2022-01-03,NaN,10.28,NaN,NaN,1
2022-01-05,10.211,10.24,10.24,10.2,2314
2022-01-06,NaN,10.24,NaN,NaN,100
2022-01-07,10.23,10.24,10.24,10.23,100503
2022-01-10,10.23,10.23,10.23,10.23,4911
2022-01-12,10.24,10.23,10.24,10.23,8072
2022-01-13,10.18,10.18,10.18,10.18,1000
2022-01-14,10.18,10.2,10.21,10.18,55850
2022-01-18,10.19,10.19,10.2,10.19,6816
2022-01-19,NaN,10.19,NaN,NaN,1
2022-01-21,10.14,10.14,10.14,10.13,34300
2022-01-24,10.12,10.11,10.12,10.11,34425
2022-01-27,10.11,10.1266,10.1561,10.11,1200
2022-01-31,10.08,10.08,10.08,10.08,5120
2022-02-01,10.19,10.13,10.19,10.13,3800
2022-02-08,10.1,10.14,10.14,10.1,1257
2022-02-14,10.14,10.14,10.14,10.14,5837
2022-02-15,10.13,10.13,10.17,10.12,20447
2022-02-16,10.13,10.13,10.13,10.13,409
2022-02-17,10.12,10.115,10.13,10.115,727
2022-02-18,10.145,10.145,10.145,10.145,217
2022-02-23,10.14,10.14,10.14,10.14,475
2022-02-24,10.13,10.13,10.13,10.13,700
2022-02-25,10.13,10.14,10.14,10.13,3158
2022-03-01,10.14,10.14,10.14,10.14,300
2022-03-02,10.14,10.16,10.17,10.14,1825
2022-03-04,10.19,10.2,10.2,10.16,10969
2022-03-09,10.255,10.25,10.255,10.25,300
2022-03-10,10.3,10.25,10.3,10.25,3137
2022-03-14,10.11,10.11,10.11,10.11,1000
2022-03-15,10.11,10.11,10.11,10.11,1000
2022-03-16,10.25,10.25,10.25,10.25,300
2022-03-22,10.25,10.25,10.25,10.25,1000
2022-03-24,10.245,10.245,10.245,10.245,300
2022-03-28,10.25,10.25,10.25,10.25,1103
2022-03-31,10.21,10.23,10.44,10.21,3504
2022-04-01,10.25,10.25,10.25,10.25,290
2022-04-05,10.25,10.25,10.25,10.25,1000
2022-04-06,10.18,10.18,10.18,10.18,525
2022-04-13,10.7085,10.16,10.7085,10.16,880
2022-04-14,10.5853,10.25,10.5853,10.25,760
2022-04-18,10.21,10.21,10.21,10.21,320
2022-04-22,10.28,10.142,10.28,10.13,1500
2022-04-25,10.25,10.11,10.25,10.11,5779
2022-04-26,10.12,10.1,10.13,10.1,20437
2022-05-04,10.15,10.18,10.18,10.12,18151
2022-05-05,10.17,10.17,10.17,10.17,48100
2022-05-09,10.1,10.25,10.25,10.1,1200
2022-05-11,10.12,10.12,10.12,10.12,330
2022-05-13,10.25,10.25,10.25,10.25,420
2022-05-26,10.1,10.1,10.1,10.1,100
2022-06-01,10.175,10.08,10.175,10.06,21480
2022-06-02,10.1,10.1,10.1,10.08,30428
2022-06-03,10.1,10.09,10.1035,10.09,8480
2022-06-07,11.1,11.1,11.1,11.1,600
2022-06-10,10.1,10.1,10.1,10.1,801
2022-06-13,10.08,10.08,10.08,10.08,100
2022-06-14,10.1,10.09,10.1,10.09,4300
2022-06-27,10.06,10.06,10.07,10.05,42381
2022-06-28,10.07,10.05,10.08,10.05,311705
2022-07-07,10.06,10.06,10.06,10.06,100
2022-07-13,10.09,10.09,10.09,10.09,100
2022-07-15,10.25,10.25,10.25,10.25,100
2022-07-25,10.07,9.94,10.07,9.94,4835
2022-07-27,10.05,10.05,10.05,10.05,500
2022-08-09,10.08,10.08,10.1011,10.05,2400
2022-08-10,10.2299,10.19,10.2299,10.12,9700
2022-08-24,10.14,10.14,10.14,10.14,280
2022-08-30,10.13,10.13,10.13,10.13,200
2022-09-07,10.13,10.11,10.13,10.11,3297
2022-09-08,10.11,10.11,10.11,10.11,4000
2022-09-09,10.25,10.25,10.25,10.25,460
2022-09-12,10.11,10.1,10.11,10.1,1860
2022-09-26,10.15,10.16,10.16,10.15,300
2022-10-06,10.12,10.12,10.12,10.12,100
2022-10-07,10.1,10.1,10.1,10.1,100
2022-10-10,10.1,10.1,10.1,10.1,100
2022-10-11,10.11,10.11,10.11,10.11,100
2022-10-13,10.09,10.09,10.09,10.09,100
2022-10-14,10.09,10.09,10.09,10.09,100
2022-10-17,10.06,10.06,10.06,10.06,100
2022-10-18,10.08,10.08,10.08,10.08,100
2022-10-19,10.1,10.12,10.12,10.08,300
2022-10-21,10.2418,10.12,10.58,10.12,800
2022-10-31,10.11,10.11,10.11,10.11,100
2022-11-01,10.1,10.1,10.1,10.1,100
2022-11-02,10.25,10.25,10.25,10.25,101
2022-11-08,10.09,10.09,10.09,10.09,100
2022-11-14,10.14,10.14,10.14,10.1352,500
2022-11-15,10.16,10.16,10.16,10.16,100
2022-12-01,10.19,10.19,10.19,10.19,182
2022-12-30,10.55,10.55,10.55,10.55,400
2023-01-06,10.34,10.31,10.34,10.31,1420
2023-01-23,10.39,10.4,10.4,10.39,4081
2023-02-08,10.42,10.41,10.42,10.41,700
2023-02-10,10.45,10.45,10.4503,10.45,6000
2023-02-13,10.4101,10.45,10.925,10.41,2200
2023-02-15,10.45,10.45,10.45,10.435,3400
2023-02-24,10.44,10.44,10.44,10.44,100
2023-03-01,10.5,10.49,10.5,10.49,584
2023-03-03,10.52,10.52,10.52,10.52,200
2023-03-20,10.52,10.57,10.9032,10.52,600
2023-03-22,10.54,10.54,10.5401,10.54,1790
2023-03-27,10.55,10.55,10.55,10.55,215
2023-04-03,10.4,10.56,10.56,10.4,1700
2023-04-06,10.55,10.57,10.57,10.55,9819
2023-04-10,10.31,10.64,10.64,9.62,38460
2023-04-17,10.65,10.75,10.75,10.65,6828
2023-04-20,10.66,10.61,10.66,10.61,1000
2023-04-21,11.0,11.0,11.0,11.0,800
2023-04-24,10.79,10.64,10.79,10.64,1598
2023-05-01,10.69,10.845,10.845,10.69,1200
2023-05-02,10.69,10.845,10.845,10.69,2459
2023-05-08,NaN,NaN,NaN,NaN,42
2023-05-10,10.87,10.87,10.87,10.87,100
2023-05-11,NaN,NaN,NaN,NaN,53
2023-05-15,NaN,NaN,NaN,NaN,2
