2016-04-21,34.0001,34.0001,34.0001,34.0001,263
2016-04-22,33.0,33.19,33.19,33.0,503
2016-04-25,33.19,33.19,33.19,33.19,0
2016-04-26,33.36,33.4033,33.4033,33.36,200
2016-04-27,33.4033,33.4033,33.4033,33.4033,0
2016-04-28,33.4033,33.4033,33.4033,33.4033,0
2016-04-29,33.4033,33.4033,33.4033,33.4033,0
2016-05-02,32.9,32.9,32.9,32.9,100
2016-05-03,32.9,32.9,32.9,32.9,0
2016-05-04,32.9,32.9,32.9,32.9,0
2016-05-05,32.9,32.9,32.9,32.9,0
2016-05-06,32.9,32.9,32.9,32.9,0
2016-05-09,32.9,32.9,32.9,32.9,0
2016-05-10,32.9,32.9,32.9,32.9,0
2016-05-11,32.9,32.9,32.9,32.9,0
2016-05-12,33.0,33.0,33.0,33.0,195
2016-05-13,33.0,33.0,33.0,33.0,0
2016-05-16,33.0,33.0,33.0,33.0,10
2016-05-17,33.0,33.0,33.0,33.0,0
2016-05-18,33.0,33.0,33.0,33.0,0
2016-05-19,33.0,33.0,33.0,33.0,0
2016-05-20,33.0,33.0,33.0,33.0,0
2016-05-23,33.0,33.0,33.0,33.0,0
2016-05-24,33.0,33.0,33.0,33.0,0
2016-05-25,33.0,33.0,33.0,33.0,0
2016-05-26,33.0,33.0,33.0,33.0,0
2016-05-27,33.0,33.0,33.0,33.0,0
2016-05-31,33.0,33.0,33.0,33.0,0
2016-06-01,32.3601,32.3601,32.3601,32.3601,182
2016-06-02,33.0,32.6,33.0,32.6,200
2016-06-03,32.6,32.6,32.6,32.6,0
2016-06-07,NaN,32.6,NaN,NaN,0
2016-06-08,32.6,32.6,32.6,32.6,0
2016-06-09,32.6,32.6,32.6,32.6,0
2016-06-10,32.6,32.6,32.6,32.6,0
2016-06-13,32.6,32.6,32.6,32.6,0
2016-06-14,32.6,32.6,32.6,32.6,0
2016-06-15,32.6,32.6,32.6,32.6,0
2016-06-16,32.6,32.6,32.6,32.6,0
2016-06-17,NaN,32.6,NaN,NaN,0
2016-06-20,32.6,32.6,32.6,32.6,0
2016-06-21,31.89,31.4,31.89,31.0,11730
2016-06-22,31.36,30.83,31.56,30.43,19766
2016-06-23,30.68,31.73,31.8,30.68,17404
2016-06-24,31.0,30.69,31.89,30.69,18810
2016-06-27,28.6,28.6,28.6,28.6,100
2016-06-28,30.09,30.5001,30.6,30.09,629
2016-06-29,31.08,31.71,32.0,30.95,12898
2016-06-30,32.52,32.52,32.52,32.52,100
2016-07-01,32.58,32.64,32.64,32.0,509
2016-07-05,32.64,32.64,32.64,32.64,0
2016-07-06,32.0,31.8,33.2,31.8,3001
2016-07-07,32.35,32.46,32.5,32.21,1011
2016-07-08,32.6,32.8,32.8,32.6,200
2016-07-11,33.1,32.95,33.1,32.95,200
2016-07-12,32.35,32.82,33.31,32.35,4033
2016-07-13,32.82,32.82,32.82,32.82,0
2016-07-14,33.72,34.1,34.37,33.05,8412
2016-07-15,33.66,33.7,34.101,33.52,4901
2016-07-18,33.9999,33.94,34.53,33.75,4598
2016-07-19,33.9,34.12,34.28,33.9,4880
2016-07-20,34.4,34.55,34.65,34.345,2252
2016-07-21,34.425,34.73,34.75,34.2728,9064
2016-07-22,34.3134,35.35,35.35,34.3134,6585
2016-07-25,34.4708,35.05,35.2802,34.458,15601
2016-07-26,34.9708,36.08,36.499,34.6692,23454
2016-07-27,36.0,36.6,36.8153,35.655,20971
2016-07-28,36.15,35.6005,36.32,35.6005,1292
2016-07-29,35.8,36.35,36.5,35.5,1204
2016-08-01,35.87,35.84,36.3,35.71,1756
2016-08-02,35.84,35.84,35.84,35.84,0
2016-08-03,35.84,35.84,35.84,35.84,0
2016-08-04,35.84,35.84,35.84,35.84,0
2016-08-05,35.84,35.84,35.84,35.84,0
2016-08-08,NaN,35.84,NaN,NaN,102
2016-08-09,33.68,33.321,33.68,33.321,300
2016-08-10,NaN,33.321,NaN,NaN,0
2016-08-11,33.75,33.75,33.75,33.75,359
2016-08-12,33.85,33.85,33.85,33.85,549
2016-08-15,NaN,33.85,NaN,NaN,0
2016-08-16,NaN,33.85,NaN,NaN,0
2016-08-17,NaN,33.85,NaN,NaN,0
2016-08-18,NaN,33.85,NaN,NaN,0
2016-08-19,NaN,33.85,NaN,NaN,0
2016-08-22,NaN,33.85,NaN,NaN,0
2016-08-23,33.4185,33.4185,33.4185,33.4185,149
2016-08-24,NaN,33.4185,NaN,NaN,0
2016-08-25,NaN,33.4185,NaN,NaN,0
2016-08-26,NaN,33.4185,NaN,NaN,20
2016-08-29,33.32,33.52,33.52,33.32,200
2016-08-30,33.75,33.75,33.75,33.75,3000
2016-08-31,33.5,33.39,33.5,33.25,3301
2016-09-01,NaN,33.39,NaN,NaN,0
2016-09-02,NaN,33.39,NaN,NaN,0
2016-09-06,NaN,33.39,NaN,NaN,75
2016-09-07,34.15,34.2709,34.2709,34.15,220
2016-09-08,NaN,34.2709,NaN,NaN,0
2016-09-09,NaN,34.2709,NaN,NaN,0
2016-09-12,NaN,34.2709,NaN,NaN,0
2016-09-13,NaN,34.2709,NaN,NaN,0
2016-09-14,NaN,34.2709,NaN,NaN,2
2016-09-30,NaN,34.2709,NaN,NaN,31
2016-10-03,NaN,34.2709,NaN,NaN,4
2016-10-05,33.63,34.8102,34.8102,33.62,496
2016-10-14,34.614,32.63,34.614,32.63,798
2016-10-17,32.73,32.69,32.73,32.69,500
2016-10-25,NaN,32.69,NaN,NaN,101
2016-10-26,33.94,33.97,33.97,33.94,2500
2016-10-28,NaN,33.97,NaN,NaN,79
2016-10-31,NaN,33.97,NaN,NaN,31
2016-11-03,34.5,34.5,34.5,34.5,106
2016-11-07,NaN,34.5,NaN,NaN,186
2016-11-08,34.52,34.52,34.52,34.52,277
2016-11-09,NaN,34.52,NaN,NaN,50
2016-11-15,36.0,36.0,36.0,36.0,493
2016-11-18,NaN,36.0,NaN,NaN,35
2016-11-22,38.73,36.44,38.76,36.44,708
2016-11-25,37.0,37.0,37.0,37.0,334
2016-11-28,NaN,37.0,NaN,NaN,40
2016-11-29,NaN,37.0,NaN,NaN,30
2016-12-05,NaN,37.0,NaN,NaN,181
2016-12-07,35.56,35.56,35.56,35.56,471
2016-12-09,NaN,35.56,NaN,NaN,15
2016-12-12,35.16,35.16,35.16,35.16,286
2016-12-15,35.04,35.04,35.04,35.04,152
2016-12-16,34.96,34.96,34.96,34.96,500
2016-12-19,NaN,34.96,NaN,NaN,203
2016-12-21,NaN,34.96,NaN,NaN,38
2016-12-22,34.94,34.95,34.95,34.94,1021
2016-12-23,34.83,34.92,34.92,34.83,1126
2016-12-27,34.94,34.94,34.94,34.94,100
2017-01-03,35.17,34.51,35.17,33.82,608
2017-01-06,34.85,34.8849,34.8849,34.85,514
2017-01-09,34.72,37.46,37.46,34.72,340
2017-01-10,NaN,37.46,NaN,NaN,9
2017-01-11,37.58,37.58,37.58,37.58,300
2017-01-13,NaN,37.58,NaN,NaN,23
2017-01-18,35.31,35.31,35.31,35.31,150
2017-01-20,35.137,35.137,35.137,35.137,513
2017-01-25,NaN,35.137,NaN,NaN,1
2017-01-26,37.77,37.7999,37.8,37.77,2185
2017-01-30,36.91,36.91,36.91,36.91,100
2017-01-31,35.93,35.8,35.93,35.8,300
2017-02-02,37.24,37.24,37.24,37.24,102
2017-02-03,NaN,37.24,NaN,NaN,93
2017-02-06,NaN,37.24,NaN,NaN,5
2017-02-07,36.5,36.77,36.77,36.5,635
2017-02-13,36.1901,35.9796,36.1901,35.9796,350
2017-02-14,NaN,35.9796,NaN,NaN,22
2017-02-15,38.05,38.05,38.05,38.05,1010
2017-02-16,NaN,38.05,NaN,NaN,28
2017-02-17,40.3199,39.82,40.3199,39.7075,2102
2017-02-21,NaN,39.82,NaN,NaN,33
2017-02-22,40.0,40.0,40.0,40.0,127
2017-02-24,NaN,40.0,NaN,NaN,6
2017-02-27,41.2,41.2,41.2,41.2,511
2017-03-02,NaN,41.2,NaN,NaN,50
2017-03-07,40.6804,40.6804,40.6804,40.6804,125
2017-03-09,NaN,40.6804,NaN,NaN,7
2017-03-13,38.8,38.8,38.8,38.8,172
2017-03-14,NaN,38.8,NaN,NaN,26
2017-03-16,NaN,38.8,NaN,NaN,15
2017-03-17,39.59,40.67,40.67,39.59,5199
2017-03-21,40.67,40.67,40.67,40.67,118
2017-03-22,NaN,40.67,NaN,NaN,25
2017-03-23,NaN,40.67,NaN,NaN,17
2017-03-24,NaN,40.67,NaN,NaN,19
2017-03-28,NaN,40.67,NaN,NaN,172
2017-03-30,NaN,40.67,NaN,NaN,70
2017-04-03,NaN,40.67,NaN,NaN,20
2017-04-04,40.7999,40.3065,40.7999,40.3065,518
2017-04-05,NaN,40.3065,NaN,NaN,16
2017-04-06,NaN,40.3065,NaN,NaN,24
2017-04-11,NaN,40.3065,NaN,NaN,189
2017-04-12,NaN,40.3065,NaN,NaN,23
2017-04-13,NaN,40.3065,NaN,NaN,12
2017-04-18,38.3801,38.9783,38.9783,38.3801,1544
2017-04-19,NaN,38.9783,NaN,NaN,10
2017-04-24,NaN,38.9783,NaN,NaN,4
2017-04-26,40.26,40.26,40.26,40.26,135
2017-04-27,NaN,40.26,NaN,NaN,8
2017-04-28,NaN,40.26,NaN,NaN,15
2017-05-01,NaN,40.26,NaN,NaN,6
2017-05-04,NaN,40.26,NaN,NaN,22
2017-05-09,NaN,40.26,NaN,NaN,50
2017-05-12,38.2716,38.2716,38.2716,38.2716,201
2017-05-15,NaN,38.2716,NaN,NaN,13
2017-05-16,NaN,38.2716,NaN,NaN,36
2017-05-17,NaN,38.2716,NaN,NaN,40
2017-05-18,38.0,37.76,38.0,37.72,541
2017-05-19,NaN,37.76,NaN,NaN,2
2017-05-25,NaN,37.76,NaN,NaN,18
2017-05-31,NaN,37.76,NaN,NaN,38
2017-06-06,NaN,37.76,NaN,NaN,38
2017-06-08,NaN,37.76,NaN,NaN,58
2017-06-09,40.62,42.4168,42.4168,40.62,238
2017-06-12,NaN,42.4168,NaN,NaN,12
2017-06-13,NaN,42.4168,NaN,NaN,40
2017-06-16,41.6799,41.6799,41.6799,41.6799,122
2017-06-19,NaN,41.6799,NaN,NaN,66
2017-06-20,41.86,42.9899,43.3,41.79,1913
2017-06-21,41.98,41.98,41.98,41.98,102
2017-06-22,NaN,41.98,NaN,NaN,52
2017-06-28,NaN,41.98,NaN,NaN,60
2017-06-30,NaN,41.98,NaN,NaN,45
2017-07-05,NaN,41.98,NaN,NaN,55
2017-07-06,NaN,41.98,NaN,NaN,41
2017-07-13,41.6401,41.6401,41.6401,41.6401,100
2017-07-24,41.53,41.53,41.53,41.53,188
2017-07-27,NaN,41.53,NaN,NaN,40
2017-08-01,NaN,41.53,NaN,NaN,33
2017-08-09,43.2198,43.2198,43.2198,43.2198,200
2017-08-10,44.09,44.0,44.09,44.0,349
2017-08-11,NaN,44.0,NaN,NaN,10
2017-08-15,45.3799,45.3799,45.3799,45.3799,100
2017-08-16,NaN,45.3799,NaN,NaN,38
2017-08-17,44.8852,44.8852,44.8852,44.8852,325
2017-08-18,NaN,44.8852,NaN,NaN,24
2017-08-21,NaN,44.8852,NaN,NaN,1
2017-08-22,43.7323,43.7323,43.7323,43.7323,200
2017-08-23,43.34,43.0,43.34,43.0,404
2017-08-24,43.01,44.8999,44.8999,43.01,221
2017-08-25,NaN,44.8999,NaN,NaN,79
2017-08-28,43.23,43.23,43.23,43.23,166
2017-08-29,43.28,43.28,43.28,43.28,223
2017-08-30,NaN,43.28,NaN,NaN,66
2017-08-31,43.65,43.65,43.65,43.65,103
2017-09-05,43.74,45.8951,46.1804,43.74,1347
2017-09-06,NaN,45.8951,NaN,NaN,1
2017-09-07,NaN,45.8951,NaN,NaN,25
2017-09-11,44.56,44.56,44.56,44.56,164
2017-09-12,44.2199,44.2199,44.2199,44.2199,129
2017-09-13,41.9103,41.9103,41.9103,41.9103,284
2017-09-18,NaN,41.9103,NaN,NaN,2
2017-09-19,NaN,41.9103,NaN,NaN,100
2017-09-20,NaN,41.9103,NaN,NaN,1
2017-09-27,NaN,41.9103,NaN,NaN,107
2017-10-03,41.84,39.69,42.6375,39.69,1293
2017-10-04,NaN,39.69,NaN,NaN,13
2017-10-05,NaN,39.69,NaN,NaN,41
2017-10-10,NaN,39.69,NaN,NaN,20
2017-10-12,NaN,39.69,NaN,NaN,46
2017-10-13,43.36,45.5099,45.5099,43.36,301
2017-10-16,45.44,43.13,46.51,43.13,1061
2017-10-17,42.9,42.9,42.9,42.9,149
2017-10-18,NaN,42.9,NaN,NaN,36
2017-10-19,43.51,45.5099,45.5099,43.51,201
2017-10-20,44.5,44.5,44.5,44.5,200
2017-10-24,NaN,44.5,NaN,NaN,13
2017-10-25,NaN,44.5,NaN,NaN,20
2017-10-26,NaN,44.5,NaN,NaN,22
2017-10-30,NaN,44.5,NaN,NaN,80
2017-11-03,NaN,44.5,NaN,NaN,22
2017-11-07,NaN,44.5,NaN,NaN,14
2017-11-08,NaN,44.5,NaN,NaN,60
2017-11-09,NaN,44.5,NaN,NaN,7
2017-11-10,NaN,44.5,NaN,NaN,12
2017-11-14,NaN,44.5,NaN,NaN,24
2017-11-15,NaN,44.5,NaN,NaN,2
2017-11-16,NaN,44.5,NaN,NaN,112
2017-11-17,NaN,44.5,NaN,NaN,93
2017-11-22,NaN,44.5,NaN,NaN,3
2017-11-27,NaN,44.5,NaN,NaN,85
2017-11-28,NaN,44.5,NaN,NaN,2
2017-11-29,NaN,44.5,NaN,NaN,24
2017-11-30,NaN,44.5,NaN,NaN,8
2017-12-04,NaN,44.5,NaN,NaN,2
2017-12-05,NaN,44.5,NaN,NaN,95
2017-12-07,NaN,44.5,NaN,NaN,11
2017-12-12,NaN,44.5,NaN,NaN,66
2017-12-14,NaN,44.5,NaN,NaN,34
2017-12-15,NaN,44.5,NaN,NaN,13
2017-12-19,NaN,44.5,NaN,NaN,47
2017-12-20,NaN,44.5,NaN,NaN,2
2017-12-21,NaN,44.5,NaN,NaN,25
2017-12-27,NaN,44.5,NaN,NaN,69
2018-01-02,39.27,39.27,39.27,39.27,101
2018-01-03,NaN,39.27,NaN,NaN,4
2018-01-04,41.46,42.74,42.74,38.62,1256
2018-01-05,42.62,39.21,42.62,39.21,400
2018-01-08,42.93,42.93,42.93,42.93,201
2018-01-09,39.29,43.11,43.11,39.29,809
2018-01-10,43.93,43.93,43.93,43.93,200
2018-01-11,44.08,40.42,44.42,40.42,827
2018-01-12,NaN,40.42,NaN,NaN,79
2018-01-16,43.54,43.54,43.54,43.54,412
2018-01-17,NaN,43.54,NaN,NaN,110
2018-01-18,NaN,43.54,NaN,NaN,81
2018-01-19,NaN,43.54,NaN,NaN,32
2018-01-22,NaN,43.54,NaN,NaN,92
2018-01-23,NaN,43.54,NaN,NaN,94
2018-01-24,NaN,43.54,NaN,NaN,8
2018-01-25,NaN,43.54,NaN,NaN,102
2018-01-26,NaN,43.54,NaN,NaN,25
2018-01-29,44.1,44.09,44.1,44.09,753
2018-01-30,NaN,44.09,NaN,NaN,95
2018-02-06,NaN,44.09,NaN,NaN,4
2018-02-08,45.34,47.61,47.61,45.34,614
2018-02-15,42.25,40.37,42.25,40.37,580
2018-02-16,NaN,40.37,NaN,NaN,151
2018-02-20,NaN,40.37,NaN,NaN,116
2018-02-21,NaN,40.37,NaN,NaN,52
2018-02-22,NaN,40.37,NaN,NaN,32
2018-02-28,NaN,40.37,NaN,NaN,38
2018-03-12,NaN,40.37,NaN,NaN,3
2018-03-13,NaN,40.37,NaN,NaN,14
2018-03-15,NaN,40.37,NaN,NaN,36
2018-03-20,NaN,40.37,NaN,NaN,2
2018-03-21,45.53,45.53,45.53,45.53,156
2018-03-22,44.75,44.75,44.75,44.75,168
2018-03-23,NaN,44.75,NaN,NaN,1
2018-03-26,NaN,44.75,NaN,NaN,30
2018-03-28,NaN,44.75,NaN,NaN,1
2018-03-29,NaN,44.75,NaN,NaN,11
2018-04-02,NaN,44.75,NaN,NaN,20
2018-04-05,NaN,44.75,NaN,NaN,18
2018-04-11,NaN,44.75,NaN,NaN,6
2018-04-12,NaN,44.75,NaN,NaN,63
2018-04-16,41.8898,43.58,43.58,41.8898,400
2018-04-19,41.57,42.1063,42.1063,41.57,613
2018-04-20,NaN,42.1063,NaN,NaN,95
2018-04-23,42.0,42.0,42.0,42.0,100
2018-04-25,NaN,42.0,NaN,NaN,34
2018-04-26,42.08,42.08,42.08,42.08,278
2018-04-27,NaN,42.08,NaN,NaN,24
2018-05-01,NaN,42.08,NaN,NaN,94
2018-05-02,41.38,40.78,41.38,40.78,402
2018-05-03,NaN,40.78,NaN,NaN,35
2018-05-07,42.3,43.25,43.25,42.3,1091
2018-05-08,43.08,43.08,43.08,43.08,175
2018-05-09,42.8,42.8,42.8,42.8,115
2018-05-10,43.98,44.1,44.1,43.96,1094
2018-05-11,43.64,43.64,43.64,43.64,200
2018-05-14,44.7,44.7,44.7,44.7,198
2018-05-15,47.7976,47.7976,47.7976,47.7976,153
2018-05-16,45.138,45.138,45.138,45.138,100
2018-05-18,NaN,45.138,NaN,NaN,1
2018-05-21,NaN,45.138,NaN,NaN,1
2018-05-22,47.5,47.5,47.5,47.5,160
2018-05-23,NaN,47.5,NaN,NaN,29
2018-05-24,NaN,47.5,NaN,NaN,3
2018-05-29,NaN,47.5,NaN,NaN,12
2018-05-31,46.15,46.1202,46.2,46.01,2008
2018-06-01,NaN,46.1202,NaN,NaN,3
2018-06-04,46.5288,46.5288,46.5288,46.5288,100
2018-06-05,NaN,46.5288,NaN,NaN,75
2018-06-06,NaN,46.5288,NaN,NaN,46
2018-06-07,46.2,45.84,46.2,45.84,365
2018-06-11,NaN,45.84,NaN,NaN,2
2018-06-12,NaN,45.84,NaN,NaN,3
2018-06-14,NaN,45.84,NaN,NaN,59
2018-06-15,NaN,45.84,NaN,NaN,43
2018-06-18,NaN,45.84,NaN,NaN,80
2018-06-22,NaN,45.84,NaN,NaN,41
2018-06-29,NaN,45.84,NaN,NaN,28
2018-07-02,45.75,47.28,47.28,45.61,1388
2018-07-03,47.2277,46.25,47.2277,46.25,1000
2018-07-05,NaN,46.25,NaN,NaN,50
2018-07-06,47.5,47.5,47.5,47.5,1001
2018-07-09,NaN,47.5,NaN,NaN,15
2018-07-10,NaN,47.5,NaN,NaN,110
2018-07-11,NaN,47.5,NaN,NaN,57
2018-07-12,47.8533,47.8533,47.8533,47.8533,239
2018-07-13,NaN,47.8533,NaN,NaN,39
2018-07-16,NaN,47.8533,NaN,NaN,67
2018-07-17,NaN,47.8533,NaN,NaN,33
2018-07-19,NaN,47.8533,NaN,NaN,36
2018-07-20,NaN,47.8533,NaN,NaN,114
2018-07-23,47.9,47.9,47.9,47.9,400
2018-07-24,47.5952,47.62,47.62,47.4959,1402
2018-07-25,48.58,48.58,48.58,48.58,100
2018-07-26,49.09,49.09,49.09,49.09,108
2018-07-27,48.44,48.44,48.44,48.44,151
2018-07-30,48.71,48.99,48.99,48.71,353
2018-07-31,NaN,48.99,NaN,NaN,50
2018-08-01,NaN,48.99,NaN,NaN,50
2018-08-02,47.9881,48.22,48.22,47.9881,440
2018-08-03,48.1,48.1,48.1,48.1,100
2018-08-06,47.44,48.95,48.95,47.44,267
2018-08-07,NaN,48.95,NaN,NaN,90
2018-08-14,NaN,48.95,NaN,NaN,36
2018-08-20,NaN,48.95,NaN,NaN,119
2018-08-21,NaN,48.95,NaN,NaN,3
2018-08-23,NaN,48.95,NaN,NaN,30
2018-08-24,47.0294,47.0294,47.0294,47.0294,102
2018-08-27,47.63,47.63,47.63,47.63,101
2018-08-28,NaN,47.63,NaN,NaN,1
2018-09-05,NaN,47.63,NaN,NaN,22
2018-09-07,47.9199,49.94,49.94,47.9199,1755
2018-09-10,NaN,49.94,NaN,NaN,16
2018-09-11,NaN,49.94,NaN,NaN,6
2018-09-14,NaN,49.94,NaN,NaN,139
2018-09-18,47.1044,47.1044,47.1044,47.1044,100
2018-09-19,NaN,47.1044,NaN,NaN,52
2018-09-20,NaN,47.1044,NaN,NaN,59
2018-09-21,NaN,47.1044,NaN,NaN,102
2018-09-24,NaN,47.1044,NaN,NaN,44
2018-09-27,NaN,47.1044,NaN,NaN,3
2018-09-28,NaN,47.1044,NaN,NaN,1
2018-10-01,NaN,47.1044,NaN,NaN,33
2018-10-02,NaN,47.1044,NaN,NaN,25
2018-10-04,NaN,47.1044,NaN,NaN,48
2018-10-08,NaN,47.1044,NaN,NaN,93
2018-10-11,NaN,47.1044,NaN,NaN,50
2018-10-16,NaN,47.1044,NaN,NaN,10
2018-10-17,43.2351,43.209,43.2351,43.209,240
2018-10-19,NaN,43.209,NaN,NaN,9
2018-10-22,NaN,43.209,NaN,NaN,60
2018-10-26,NaN,43.209,NaN,NaN,60
2018-10-31,NaN,43.209,NaN,NaN,24
2018-11-05,NaN,43.209,NaN,NaN,100
2018-11-08,40.9,40.75,40.9,40.75,500
2018-11-09,NaN,40.75,NaN,NaN,29
2018-11-14,NaN,40.75,NaN,NaN,24
2018-11-15,40.8,40.8,40.8,40.8,100
2018-11-26,NaN,40.8,NaN,NaN,26
2018-11-27,NaN,40.8,NaN,NaN,8
2018-11-28,NaN,40.8,NaN,NaN,36
2018-11-30,NaN,40.8,NaN,NaN,1
2018-12-03,NaN,40.8,NaN,NaN,26
2018-12-04,40.79,40.79,40.79,40.79,143
2018-12-13,38.67,38.67,38.67,38.67,560
2018-12-14,NaN,38.67,NaN,NaN,1
2018-12-17,NaN,38.67,NaN,NaN,167
2018-12-18,NaN,38.67,NaN,NaN,5
2018-12-19,NaN,38.67,NaN,NaN,98
2018-12-20,NaN,38.67,NaN,NaN,82
2018-12-24,35.4601,35.96,35.96,35.4601,1200
2018-12-26,35.5,36.0,36.0,35.5,667
2018-12-27,36.2,36.2,36.2,36.2,100
2018-12-31,36.46,36.53,36.53,36.46,296
2019-01-03,NaN,36.53,NaN,NaN,4
2019-01-04,NaN,36.53,NaN,NaN,104
2019-01-11,NaN,36.53,NaN,NaN,3
2019-01-16,38.75,38.75,38.75,38.75,106
2019-01-17,NaN,38.75,NaN,NaN,27
2019-01-28,NaN,38.75,NaN,NaN,22
2019-01-29,NaN,38.75,NaN,NaN,32
2019-01-30,NaN,38.75,NaN,NaN,14
2019-01-31,40.8935,40.8935,40.8935,40.8935,130
2019-02-04,NaN,40.8935,NaN,NaN,259
2019-02-05,40.76,40.79,40.79,40.76,581
2019-02-06,NaN,40.79,NaN,NaN,50
2019-02-11,NaN,40.79,NaN,NaN,9
2019-02-12,NaN,40.79,NaN,NaN,104
2019-02-20,40.35,40.36,40.36,40.22,2846
2019-02-25,NaN,40.36,NaN,NaN,8
2019-02-28,NaN,40.36,NaN,NaN,64
2019-03-01,NaN,40.36,NaN,NaN,10
2019-03-04,NaN,40.36,NaN,NaN,4
2019-03-06,NaN,40.36,NaN,NaN,160
2019-03-07,NaN,40.36,NaN,NaN,50
2019-03-08,40.11,40.11,40.11,40.11,100
2019-03-11,41.0442,41.0442,41.0442,41.0442,226
2019-03-14,40.34,40.34,40.34,40.34,288
2019-03-15,NaN,40.34,NaN,NaN,1
2019-03-21,39.63,39.63,39.63,39.63,165
2019-03-22,NaN,39.63,NaN,NaN,100
2019-03-25,NaN,39.63,NaN,NaN,25
2019-03-27,NaN,39.63,NaN,NaN,70
2019-03-28,NaN,39.63,NaN,NaN,36
2019-03-29,NaN,39.63,NaN,NaN,1
2019-04-03,38.11,38.11,38.11,38.11,205
2019-04-04,NaN,38.11,NaN,NaN,3
2019-04-10,NaN,38.11,NaN,NaN,7
2019-04-12,NaN,38.11,NaN,NaN,3
2019-04-17,39.788,39.788,39.788,39.788,700
2019-04-22,NaN,39.788,NaN,NaN,160
2019-04-23,NaN,39.788,NaN,NaN,165
2019-04-24,NaN,39.788,NaN,NaN,13
2019-04-29,39.9295,39.9295,39.9295,39.9295,154
2019-05-01,NaN,39.9295,NaN,NaN,75
2019-05-03,39.8759,39.8759,39.8759,39.8759,599
2019-05-06,NaN,39.8759,NaN,NaN,5
2019-05-08,39.0227,39.02,39.0227,39.02,345
2019-05-10,NaN,39.02,NaN,NaN,19
2019-05-13,NaN,39.02,NaN,NaN,18
2019-05-14,NaN,39.02,NaN,NaN,1
2019-05-15,38.06,38.09,38.14,37.725,5135
2019-05-16,NaN,38.09,NaN,NaN,3
2019-05-17,NaN,38.09,NaN,NaN,1
2019-05-24,NaN,38.09,NaN,NaN,33
2019-05-28,NaN,38.09,NaN,NaN,54
2019-05-30,38.14,38.2,38.2,38.14,345
2019-06-04,NaN,38.2,NaN,NaN,92
2019-06-05,36.29,35.71,36.29,35.71,343
2019-06-07,NaN,35.71,NaN,NaN,163
2019-06-10,NaN,35.71,NaN,NaN,1
2019-06-11,39.5,36.4673,39.5,36.4673,273
2019-06-12,38.05,35.98,38.05,35.98,243
2019-06-13,36.11,36.11,36.11,36.11,165
2019-06-14,NaN,36.11,NaN,NaN,56
2019-06-17,NaN,36.11,NaN,NaN,78
2019-06-19,NaN,36.11,NaN,NaN,3
2019-06-20,NaN,36.11,NaN,NaN,6
2019-06-21,NaN,36.11,NaN,NaN,24
2019-06-24,37.7486,37.7486,37.7486,37.7486,489
2019-06-25,37.76,36.94,37.76,36.94,9567
2019-06-26,NaN,36.94,NaN,NaN,139
2019-07-02,NaN,36.94,NaN,NaN,12
2019-07-03,NaN,36.94,NaN,NaN,7
2019-07-08,NaN,36.94,NaN,NaN,119
2019-07-09,NaN,36.94,NaN,NaN,8
2019-07-11,NaN,36.94,NaN,NaN,18
2019-07-16,39.82,39.82,39.82,39.82,117
2019-07-17,NaN,39.82,NaN,NaN,1
2019-07-23,39.57,39.57,39.57,39.57,100
2019-07-24,NaN,39.57,NaN,NaN,75
2019-07-30,NaN,39.57,NaN,NaN,73
2019-08-01,42.0,42.0,42.0,42.0,106
2019-08-02,NaN,42.0,NaN,NaN,173
2019-08-05,NaN,42.0,NaN,NaN,6
2019-08-06,NaN,42.0,NaN,NaN,1
2019-08-08,41.32,41.32,41.32,41.32,533
2019-08-09,NaN,41.32,NaN,NaN,280
2019-08-12,NaN,41.32,NaN,NaN,121
2019-08-13,NaN,41.32,NaN,NaN,56
2019-08-14,NaN,41.32,NaN,NaN,29
2019-08-16,NaN,41.32,NaN,NaN,2
2019-08-19,NaN,41.32,NaN,NaN,2
2019-08-26,NaN,41.32,NaN,NaN,104
2019-08-29,40.39,40.7673,40.7673,40.39,1159
2019-08-30,NaN,40.7673,NaN,NaN,89
2019-09-04,NaN,40.7673,NaN,NaN,17
2019-09-05,41.0,41.0,41.0,41.0,129
2019-09-09,NaN,41.0,NaN,NaN,9
2019-09-10,NaN,41.0,NaN,NaN,118
2019-09-12,NaN,41.0,NaN,NaN,35
2019-09-13,41.97,41.97,41.97,41.97,475
2019-09-16,NaN,41.97,NaN,NaN,10
2019-09-17,NaN,41.97,NaN,NaN,13
2019-09-23,41.5,41.5,41.5,41.5,102
2019-09-24,NaN,41.5,NaN,NaN,23
2019-09-25,NaN,41.5,NaN,NaN,28
2019-09-27,41.31,41.3,41.31,41.3,405
2019-09-30,NaN,41.3,NaN,NaN,9
2019-10-03,NaN,41.3,NaN,NaN,22
2019-10-09,41.83,41.83,41.83,41.83,132
2019-10-10,42.22,42.22,42.22,42.22,535
2019-10-11,NaN,42.22,NaN,NaN,33
2019-10-17,NaN,42.22,NaN,NaN,34
2019-10-18,NaN,42.22,NaN,NaN,6
2019-10-21,43.48,43.48,43.48,43.48,125
2019-10-22,NaN,43.48,NaN,NaN,4
2019-10-23,NaN,43.48,NaN,NaN,30
2019-10-28,43.626,43.626,43.626,43.626,219
2019-10-30,43.09,43.5,43.5,43.08,2047
2019-11-06,45.56,45.56,45.56,45.56,108
2019-11-07,NaN,45.56,NaN,NaN,60
2019-11-13,NaN,45.56,NaN,NaN,20
2019-11-15,NaN,45.56,NaN,NaN,5
2019-11-18,NaN,45.56,NaN,NaN,13
2019-11-20,NaN,45.56,NaN,NaN,31
2019-11-21,47.5,47.87,47.87,47.5,335
2019-11-22,NaN,47.87,NaN,NaN,45
2019-11-26,48.1,48.1,48.1,48.1,105
2019-11-27,48.63,48.63,48.63,48.63,142
2019-11-29,NaN,48.63,NaN,NaN,60
2019-12-03,NaN,48.63,NaN,NaN,6
2019-12-04,48.17,48.17,48.17,48.17,1140
2019-12-05,48.455,48.455,48.455,48.455,100
2019-12-06,48.09,48.75,48.75,48.09,1685
2019-12-09,48.3,48.3,48.3,48.3,309
2019-12-10,48.34,48.3,48.34,48.3,492
2019-12-11,NaN,48.3,NaN,NaN,36
2019-12-13,NaN,48.3,NaN,NaN,84
2019-12-16,48.5373,48.08,48.56,48.08,1241
2019-12-17,NaN,48.08,NaN,NaN,32
2019-12-19,NaN,48.08,NaN,NaN,9
2019-12-23,NaN,48.08,NaN,NaN,1
2019-12-24,NaN,48.08,NaN,NaN,56
2019-12-27,48.6589,48.6589,48.6589,48.6589,122
2020-01-03,48.99,49.0,49.0,48.99,200
2020-01-07,NaN,49.0,NaN,NaN,33
2020-01-09,NaN,49.0,NaN,NaN,87
2020-01-10,48.5973,48.5973,48.5973,48.5973,233
2020-01-14,NaN,48.5973,NaN,NaN,67
2020-01-16,NaN,48.5973,NaN,NaN,1
2020-01-21,NaN,48.5973,NaN,NaN,13
2020-01-24,NaN,48.5973,NaN,NaN,74
2020-01-28,NaN,48.5973,NaN,NaN,11
2020-01-29,NaN,48.5973,NaN,NaN,21
2020-01-30,NaN,48.5973,NaN,NaN,5
2020-02-06,NaN,48.5973,NaN,NaN,51
2020-02-11,NaN,48.5973,NaN,NaN,50
2020-02-12,49.4743,49.4743,49.4743,49.4743,150
2020-02-13,NaN,49.4743,NaN,NaN,2
2020-02-14,49.12,49.12,49.12,49.12,999
2020-02-19,NaN,49.12,NaN,NaN,50
2020-02-20,50.56,50.89,50.89,50.53,811
2020-02-21,NaN,50.89,NaN,NaN,171
2020-02-24,NaN,50.89,NaN,NaN,1
2020-02-26,NaN,50.89,NaN,NaN,184
2020-02-27,NaN,50.89,NaN,NaN,53
2020-02-28,NaN,50.89,NaN,NaN,12
2020-03-02,44.6,44.6,44.6,44.6,552
2020-03-03,NaN,44.6,NaN,NaN,6
2020-03-04,NaN,44.6,NaN,NaN,52
2020-03-05,NaN,44.6,NaN,NaN,44
2020-03-06,NaN,44.6,NaN,NaN,17
2020-03-10,41.41,41.41,41.41,41.41,116
2020-03-11,NaN,41.41,NaN,NaN,6
2020-03-12,36.5777,35.66,36.5777,35.66,751
2020-03-13,34.2,34.42,34.42,34.2,200
2020-03-16,33.81,33.81,33.81,33.81,112
2020-03-17,30.63,30.63,30.63,30.63,224
2020-03-18,NaN,30.63,NaN,NaN,0
2020-03-19,25.0,24.49,25.8495,24.49,782
2020-03-20,NaN,24.49,NaN,NaN,0
2020-03-23,NaN,24.49,NaN,NaN,0
2020-03-24,26.37,26.4991,26.4991,26.37,350
2020-03-25,31.0,31.0,31.0,31.0,344
2020-03-26,NaN,31.0,NaN,NaN,0
2020-03-27,NaN,31.0,NaN,NaN,0
2020-03-30,NaN,31.0,NaN,NaN,0
2020-03-31,NaN,31.0,NaN,NaN,0
2020-04-02,NaN,31.0,NaN,NaN,0
2020-04-08,NaN,31.0,NaN,NaN,0
2020-04-09,NaN,31.0,NaN,NaN,0
2020-04-13,NaN,31.0,NaN,NaN,0
2020-04-14,33.06,33.16,33.16,33.06,501
2020-04-15,32.9373,32.9373,32.9373,32.9373,100
2020-04-16,32.7,32.9373,32.7,32.7,173
2020-04-22,31.4673,31.4673,31.4673,31.4673,200
2020-04-23,31.17,32.96,32.96,31.17,1695
2020-04-24,30.55,30.5409,30.55,30.5409,200
2020-04-27,NaN,30.5409,NaN,NaN,37
2020-04-29,36.25,36.25,36.25,36.25,762
2020-04-30,NaN,36.25,NaN,NaN,37
2020-05-01,33.5,37.0,37.0,32.995,7626
2020-05-04,35.55,34.88,38.6,34.88,2523
2020-05-05,NaN,34.88,NaN,NaN,12
2020-05-06,35.02,35.02,35.02,35.02,325
2020-05-07,NaN,35.02,NaN,NaN,17
2020-05-08,NaN,35.02,NaN,NaN,0
2020-05-11,33.33,33.33,33.33,33.33,326
2020-05-12,33.5,33.01,33.5,33.01,1891
2020-05-13,32.0,32.25,32.25,32.0,325
2020-05-14,NaN,32.25,NaN,NaN,1
2020-05-15,32.75,32.75,32.75,32.75,1001
2020-05-18,NaN,32.75,NaN,NaN,220
2020-05-19,33.27,34.7,34.7,32.93,3028
2020-05-20,33.11,35.86,35.86,33.1,819
2020-05-21,35.1743,35.1743,35.1743,35.1743,515
2020-05-22,33.0,33.0,33.0,33.0,136
2020-05-26,NaN,33.0,NaN,NaN,30
2020-05-27,37.5,36.3,38.48,36.11,4138
2020-05-28,38.05,36.13,38.05,36.13,660
2020-05-29,36.9,35.57,37.0,35.57,5390
2020-06-01,36.2,37.24,39.2,36.2,3450
2020-06-02,38.5,38.5,38.5,38.5,169
2020-06-03,39.0,40.37,40.37,39.0,1500
2020-06-04,40.5,40.5,40.5,40.5,1240
2020-06-05,41.08,39.34,41.08,39.34,1203
2020-06-08,41.48,41.48,41.48,41.48,324
2020-06-09,40.9699,40.27,40.9699,39.9,1574
2020-06-10,39.4,41.49,42.42,39.4,3128
2020-06-11,36.03,37.76,38.25,36.0,2307
2020-06-12,38.3665,37.03,38.3665,37.03,816
2020-06-15,NaN,37.03,NaN,NaN,483
2020-06-16,37.02,39.09,39.57,37.02,1080
2020-06-17,39.05,39.0173,39.05,39.0173,549
2020-06-18,37.05,37.56,37.56,37.03,1603
2020-06-19,NaN,37.56,NaN,NaN,0
2020-06-22,37.58,37.58,37.58,37.58,272
2020-06-23,37.6649,37.6649,37.6649,37.6649,562
2020-06-24,37.0,35.0,37.63,35.0,940
2020-06-25,34.0,34.0,34.0,34.0,798
2020-06-26,39.09,39.09,39.09,39.09,226
2020-06-29,36.0,36.0,36.0,36.0,526
2020-06-30,32.94,37.5,37.5,32.94,895
2020-07-01,NaN,37.5,NaN,NaN,173
2020-07-02,37.0,37.0,37.0,37.0,378
2020-07-06,37.2671,37.2671,37.2671,37.2671,196
2020-07-07,37.2025,35.338,37.2025,35.338,459
2020-07-08,37.0,36.52,37.0,36.52,423
2020-07-09,35.808,34.22,35.808,34.22,413
2020-07-10,33.96,33.96,33.96,33.96,397
2020-07-13,33.04,33.04,33.04,33.04,216
2020-07-14,33.4102,33.4102,33.4102,33.4102,156
2020-07-15,NaN,33.4102,NaN,NaN,1
2020-07-16,36.69,36.375,36.69,36.375,1103
2020-07-17,NaN,36.375,NaN,NaN,0
2020-07-20,NaN,36.375,NaN,NaN,66
2020-07-21,NaN,36.375,NaN,NaN,56
2020-07-22,36.45,36.2818,36.45,36.2,565
2020-07-23,NaN,36.2818,NaN,NaN,7
2020-07-24,NaN,36.2818,NaN,NaN,23
2020-07-27,NaN,36.2818,NaN,NaN,11
2020-07-28,NaN,36.2818,NaN,NaN,75
2020-07-29,35.5199,35.4,35.5199,35.3706,506
2020-07-30,NaN,35.4,NaN,NaN,101
2020-07-31,34.5,34.5,34.5,34.5,451
2020-08-03,NaN,34.5,NaN,NaN,43
2020-08-04,NaN,34.5,NaN,NaN,3
2020-08-05,35.8601,36.4168,36.4168,35.86,464
2020-08-06,NaN,36.4168,NaN,NaN,259
2020-08-07,NaN,36.4168,NaN,NaN,0
2020-08-10,37.0,37.15,37.15,37.0,907
2020-08-11,38.09,37.13,38.09,37.13,815
2020-08-13,NaN,37.13,NaN,NaN,68
2020-08-14,NaN,37.13,NaN,NaN,0
2020-08-17,NaN,37.13,NaN,NaN,75
2020-08-18,NaN,37.13,NaN,NaN,24
2020-08-19,NaN,37.13,NaN,NaN,267
2020-08-20,34.37,36.99,36.99,34.37,342
2020-08-21,NaN,36.99,NaN,NaN,0
2020-08-24,NaN,36.99,NaN,NaN,109
2020-08-25,NaN,36.99,NaN,NaN,67
2020-08-26,NaN,36.99,NaN,NaN,67
2020-08-27,36.4,36.4,36.4,36.4,661
2020-08-28,NaN,36.4,NaN,NaN,0
2020-08-31,39.59,41.65,41.65,39.53,1544
2020-09-01,39.6,36.62,39.6,36.02,2244
2020-09-02,NaN,36.62,NaN,NaN,154
2020-09-03,NaN,36.62,NaN,NaN,24
2020-09-04,NaN,36.62,NaN,NaN,0
2020-09-08,NaN,36.62,NaN,NaN,1
2020-09-09,NaN,36.62,NaN,NaN,1
2020-09-10,NaN,36.62,NaN,NaN,103
2020-09-11,37.5458,37.5458,37.5458,37.5458,128
2020-09-14,35.5388,35.17,35.5388,35.17,372
2020-09-15,NaN,35.17,NaN,NaN,3
2020-09-16,NaN,35.17,NaN,NaN,26
2020-09-17,NaN,35.17,NaN,NaN,10
2020-09-18,35.65,35.65,35.65,35.65,109
2020-09-21,NaN,35.65,NaN,NaN,28
2020-09-22,NaN,35.65,NaN,NaN,8
2020-09-23,33.91,33.91,33.91,33.91,169
2020-09-24,35.63,35.61,36.13,35.61,1454
2020-09-25,34.25,34.25,34.38,34.25,1363
2020-09-28,NaN,34.25,NaN,NaN,20
2020-09-29,NaN,34.25,NaN,NaN,174
2020-09-30,NaN,34.25,NaN,NaN,88
2020-10-01,37.7,37.7,37.7,37.7,497
2020-10-02,34.4501,34.4501,34.4501,34.4501,215
2020-10-05,NaN,34.4501,NaN,NaN,7
2020-10-06,NaN,34.4501,NaN,NaN,209
2020-10-07,NaN,34.4501,NaN,NaN,198
2020-10-08,36.05,39.67,39.67,36.02,941
2020-10-09,NaN,39.67,NaN,NaN,0
2020-10-12,36.55,36.55,36.55,36.55,117
2020-10-13,NaN,36.55,NaN,NaN,30
2020-10-14,NaN,36.55,NaN,NaN,6
2020-10-15,NaN,36.55,NaN,NaN,8
2020-10-16,NaN,36.55,NaN,NaN,0
2020-10-19,NaN,36.55,NaN,NaN,12
2020-10-20,NaN,36.55,NaN,NaN,10
2020-10-21,NaN,36.55,NaN,NaN,2
2020-10-22,NaN,36.55,NaN,NaN,1
2020-10-23,37.495,36.14,37.495,36.14,726
2020-10-26,NaN,36.14,NaN,NaN,8
2020-10-27,NaN,36.14,NaN,NaN,35
2020-10-28,NaN,36.14,NaN,NaN,46
2020-10-29,NaN,36.14,NaN,NaN,7
2020-11-02,NaN,36.14,NaN,NaN,18
2020-11-03,NaN,36.14,NaN,NaN,12
2020-11-04,NaN,36.14,NaN,NaN,24
2020-11-05,NaN,36.14,NaN,NaN,13
2020-11-06,39.3199,39.265,40.05,39.265,836
2020-11-09,NaN,39.265,NaN,NaN,33
2020-11-10,NaN,39.265,NaN,NaN,9
2020-11-11,39.96,39.96,39.96,39.96,212
2020-11-12,NaN,39.96,NaN,NaN,1
2020-11-13,NaN,39.96,NaN,NaN,0
2020-11-16,42.21,42.21,42.21,42.21,505
2020-11-17,42.6,44.0,44.0,42.6,943
2020-11-18,43.257,43.257,43.257,43.257,276
2020-11-19,NaN,43.257,NaN,NaN,7
2020-11-20,42.6,42.6,42.6,42.6,209
2020-11-23,NaN,42.6,NaN,NaN,3
2020-11-24,42.8786,42.8786,42.8786,42.8786,104
2020-11-25,43.0,43.0,43.0,43.0,502
2020-11-27,NaN,43.0,NaN,NaN,0
2020-11-30,41.1703,47.42,47.42,41.1703,1993
2020-12-01,44.4646,41.9,44.4646,41.9,691
2020-12-02,NaN,41.9,NaN,NaN,48
2020-12-03,NaN,41.9,NaN,NaN,17
2020-12-04,43.5,43.5,43.5,43.5,607
2020-12-07,45.58,45.58,45.58,45.58,601
2020-12-08,NaN,45.58,NaN,NaN,114
2020-12-09,NaN,45.58,NaN,NaN,2
2020-12-10,42.05,42.04,42.05,42.04,803
2020-12-11,NaN,42.04,NaN,NaN,76
2020-12-14,46.4531,46.3525,46.4531,46.3525,435
2020-12-15,NaN,46.3525,NaN,NaN,4
2020-12-16,43.2,43.3701,43.3701,43.2,313
2020-12-17,NaN,43.3701,NaN,NaN,20
2020-12-18,NaN,43.3701,NaN,NaN,0
2020-12-21,NaN,43.3701,NaN,NaN,25
2020-12-23,NaN,43.3701,NaN,NaN,21
2020-12-28,NaN,43.3701,NaN,NaN,26
2020-12-29,NaN,43.3701,NaN,NaN,15
2020-12-30,NaN,43.3701,NaN,NaN,1
2020-12-31,43.3,43.29,43.3,43.29,620
2021-01-04,NaN,43.29,NaN,NaN,4
2021-01-05,NaN,43.29,NaN,NaN,4
2021-01-06,NaN,43.29,NaN,NaN,53
2021-01-07,NaN,43.29,NaN,NaN,182
2021-01-08,NaN,43.29,NaN,NaN,0
2021-01-11,NaN,43.29,NaN,NaN,3
2021-01-12,42.06,42.06,42.06,42.06,310
2021-01-13,43.0376,43.0,43.0376,43.0,1195
2021-01-14,NaN,43.0,NaN,NaN,53
2021-01-15,NaN,43.0,NaN,NaN,0
2021-01-19,NaN,43.0,NaN,NaN,13
2021-01-20,NaN,43.0,NaN,NaN,58
2021-01-21,NaN,43.0,NaN,NaN,55
2021-01-22,NaN,43.0,NaN,NaN,34
2021-01-26,NaN,43.0,NaN,NaN,74
2021-01-27,44.22,44.17,44.22,44.17,513
2021-01-28,44.17,44.17,44.17,44.17,108
2021-01-29,NaN,44.17,NaN,NaN,54
2021-02-01,NaN,44.17,NaN,NaN,138
2021-02-02,NaN,44.17,NaN,NaN,187
2021-02-04,NaN,44.17,NaN,NaN,110
2021-02-08,NaN,44.17,NaN,NaN,274
2021-02-11,NaN,44.17,NaN,NaN,1
2021-02-16,NaN,44.17,NaN,NaN,12
2021-02-18,45.43,46.0,46.0,45.43,808
2021-02-19,NaN,46.0,NaN,NaN,0
2021-02-22,NaN,46.0,NaN,NaN,3
2021-02-23,NaN,46.0,NaN,NaN,16
2021-02-24,47.42,47.42,47.42,47.42,282
2021-02-25,44.63,44.63,44.63,44.63,290
2021-02-26,NaN,44.63,NaN,NaN,282
2021-03-01,NaN,44.63,NaN,NaN,10
2021-03-05,NaN,44.63,NaN,NaN,0
2021-03-09,45.2113,45.2113,45.2113,45.2113,443
2021-03-10,NaN,45.2113,NaN,NaN,1
2021-03-15,NaN,45.2113,NaN,NaN,6
2021-03-18,NaN,45.2113,NaN,NaN,1
2021-03-25,NaN,45.2113,NaN,NaN,1
2021-03-26,NaN,45.2113,NaN,NaN,0
2021-03-29,NaN,45.2113,NaN,NaN,2
2021-03-31,NaN,45.2113,NaN,NaN,3
2021-04-01,48.56,50.01,50.01,48.56,1746
2021-04-05,NaN,50.01,NaN,NaN,186
2021-04-06,NaN,50.01,NaN,NaN,62
2021-04-07,NaN,50.01,NaN,NaN,47
2021-04-08,NaN,50.01,NaN,NaN,5
2021-04-09,46.59,46.49,46.59,46.18,3751
2021-04-13,NaN,46.49,NaN,NaN,28
2021-04-14,NaN,46.49,NaN,NaN,10
2021-04-20,NaN,46.49,NaN,NaN,13
2021-04-21,NaN,46.49,NaN,NaN,1
2021-04-22,NaN,46.49,NaN,NaN,4
2021-04-23,NaN,46.49,NaN,NaN,0
2021-04-26,NaN,46.49,NaN,NaN,101
2021-05-03,NaN,46.49,NaN,NaN,5
2021-05-04,NaN,46.49,NaN,NaN,4
2021-05-05,NaN,46.49,NaN,NaN,68
2021-05-07,NaN,46.49,NaN,NaN,0
2021-05-13,NaN,46.49,NaN,NaN,16
2021-05-17,NaN,46.49,NaN,NaN,3
2021-05-18,NaN,46.49,NaN,NaN,11
2021-05-19,NaN,46.49,NaN,NaN,2
2021-05-20,NaN,46.49,NaN,NaN,120
2021-05-24,NaN,46.49,NaN,NaN,1
2021-05-25,NaN,46.49,NaN,NaN,4
2021-05-26,NaN,46.49,NaN,NaN,3
2021-05-27,NaN,46.49,NaN,NaN,12
2021-05-28,51.7,51.7,51.7,51.7,449
2021-06-01,NaN,51.7,NaN,NaN,5
2021-06-02,43.68,48.15,48.15,43.68,839
2021-06-03,NaN,48.15,NaN,NaN,45
2021-06-04,48.2,48.2,48.2,48.2,111
2021-06-07,NaN,48.2,NaN,NaN,50
2021-06-08,NaN,48.2,NaN,NaN,2
2021-06-09,46.01,46.01,46.01,46.01,231
2021-06-10,NaN,46.01,NaN,NaN,2
2021-06-11,NaN,46.01,NaN,NaN,55
2021-06-14,NaN,46.01,NaN,NaN,2
2021-06-15,48.29,48.29,48.29,48.29,110
2021-06-16,NaN,48.29,NaN,NaN,5
2021-06-21,NaN,48.29,NaN,NaN,1
2021-06-22,45.5,45.5,45.5,45.5,142
2021-06-23,NaN,45.5,NaN,NaN,77
2021-06-24,NaN,45.5,NaN,NaN,139
2021-06-28,NaN,45.5,NaN,NaN,1
2021-06-29,48.265,49.84,49.84,48.265,350
2021-06-30,NaN,49.84,NaN,NaN,6
2021-07-02,NaN,49.84,NaN,NaN,50
2021-07-06,NaN,49.84,NaN,NaN,5
2021-07-07,NaN,49.84,NaN,NaN,2
2021-07-08,45.7,45.7,45.7,45.7,330
2021-07-09,NaN,45.7,NaN,NaN,40
2021-07-13,NaN,45.7,NaN,NaN,2
2021-07-14,NaN,45.7,NaN,NaN,8
2021-07-19,NaN,45.7,NaN,NaN,2
2021-07-20,NaN,45.7,NaN,NaN,1
2021-07-22,NaN,45.7,NaN,NaN,100
2021-07-23,51.98,50.09,51.98,50.09,451
2021-07-26,NaN,50.09,NaN,NaN,10
2021-07-27,NaN,50.09,NaN,NaN,1
2021-07-28,NaN,50.09,NaN,NaN,8
2021-07-29,NaN,50.09,NaN,NaN,2
2021-07-30,NaN,50.09,NaN,NaN,1
2021-08-02,NaN,50.09,NaN,NaN,11
2021-08-03,NaN,50.09,NaN,NaN,3
2021-08-04,NaN,50.09,NaN,NaN,1
2021-08-06,NaN,50.09,NaN,NaN,22
2021-08-09,NaN,50.09,NaN,NaN,4
2021-08-10,NaN,50.09,NaN,NaN,1
2021-08-13,47.89,48.0097,48.0097,47.89,470
2021-08-16,NaN,48.0097,NaN,NaN,43
2021-08-18,NaN,48.0097,NaN,NaN,8
2021-08-19,NaN,48.0097,NaN,NaN,5
2021-08-20,NaN,48.0097,NaN,NaN,1
2021-08-24,NaN,48.0097,NaN,NaN,2
2021-08-26,51.6,51.6,51.6,51.6,177
2021-08-27,NaN,51.6,NaN,NaN,66
2021-08-30,51.6415,51.6415,51.6415,51.6415,155
2021-08-31,NaN,51.6415,NaN,NaN,12
2021-09-01,NaN,51.6415,NaN,NaN,3
2021-09-02,NaN,51.6415,NaN,NaN,3
2021-09-03,52.098,52.098,52.098,52.098,104
2021-09-07,NaN,52.098,NaN,NaN,7
2021-09-08,NaN,52.098,NaN,NaN,4
2021-09-09,NaN,52.098,NaN,NaN,111
2021-09-10,NaN,52.098,NaN,NaN,75
2021-09-15,50.43,50.43,50.43,50.43,154
2021-09-16,NaN,50.43,NaN,NaN,1
2021-09-22,NaN,50.43,NaN,NaN,1
2021-09-23,NaN,50.43,NaN,NaN,3
2021-09-24,NaN,50.43,NaN,NaN,21
2021-09-27,49.42,48.55,50.0,47.93,3956
2021-09-28,48.55,48.35,48.9,48.1,1517
2021-09-29,48.55,48.55,48.55,48.55,172
2021-09-30,50.17,50.17,50.17,50.17,200
2021-10-01,NaN,50.17,NaN,NaN,1
2021-10-04,49.22,48.55,49.22,48.55,332
2021-10-06,48.08,48.08,48.08,48.08,104
2021-10-07,48.58,48.58,48.58,48.58,103
2021-10-08,49.09,49.09,49.09,49.09,106
2021-10-11,48.79,49.13,49.13,48.615,1700
2021-10-12,48.81,48.81,48.81,48.81,482
2021-10-13,NaN,48.81,NaN,NaN,3
2021-10-19,NaN,48.81,NaN,NaN,2
2021-10-20,NaN,48.81,NaN,NaN,20
2021-10-21,NaN,48.81,NaN,NaN,101
2021-10-22,NaN,48.81,NaN,NaN,1
2021-10-25,NaN,48.81,NaN,NaN,195
2021-10-26,NaN,48.81,NaN,NaN,1
2021-10-27,NaN,48.81,NaN,NaN,19
2021-10-28,NaN,48.81,NaN,NaN,26
2021-10-29,NaN,48.81,NaN,NaN,10
2021-11-01,NaN,48.81,NaN,NaN,7
2021-11-02,NaN,48.81,NaN,NaN,1
2021-11-03,NaN,48.81,NaN,NaN,21
2021-11-04,NaN,48.81,NaN,NaN,49
2021-11-05,57.46,55.74,57.46,55.74,909
2021-11-08,55.65,55.65,55.65,55.65,388
2021-11-09,NaN,55.65,NaN,NaN,1
2021-11-10,55.0,55.0002,55.0002,55.0,325
2021-11-11,NaN,55.0002,NaN,NaN,18
2021-11-12,NaN,55.0002,NaN,NaN,12
2021-11-15,NaN,55.0002,NaN,NaN,88
2021-11-16,58.13,58.13,58.13,58.13,226
2021-11-17,NaN,58.13,NaN,NaN,100
2021-11-18,NaN,58.13,NaN,NaN,40
2021-11-19,NaN,58.13,NaN,NaN,3
2021-11-22,NaN,58.13,NaN,NaN,226
2021-11-23,52.5,52.5,52.5,52.5,2174
2021-11-24,NaN,52.5,NaN,NaN,39
2021-11-26,NaN,52.5,NaN,NaN,23
2021-11-29,NaN,52.5,NaN,NaN,75
2021-11-30,50.0,50.0,50.0,50.0,378
2021-12-01,NaN,50.0,NaN,NaN,2
2021-12-02,NaN,50.0,NaN,NaN,4
2021-12-03,NaN,50.0,NaN,NaN,18
2021-12-06,NaN,50.0,NaN,NaN,23
2021-12-07,NaN,50.0,NaN,NaN,4433
2021-12-08,NaN,50.0,NaN,NaN,7
2021-12-09,NaN,50.0,NaN,NaN,3
2021-12-10,NaN,50.0,NaN,NaN,1
2021-12-13,48.11,48.11,48.11,48.11,300
2021-12-14,NaN,48.11,NaN,NaN,2
2021-12-15,NaN,48.11,NaN,NaN,16
2021-12-16,NaN,48.11,NaN,NaN,4
2021-12-21,NaN,48.11,NaN,NaN,1
2021-12-27,51.54,51.5398,51.54,51.013,1406
2021-12-28,50.49,50.49,50.49,50.49,282
2021-12-29,NaN,50.49,NaN,NaN,3
2021-12-30,NaN,50.49,NaN,NaN,4
2021-12-31,51.19,51.19,51.19,51.19,169
2022-01-03,NaN,51.19,NaN,NaN,32
2022-01-04,50.59,50.58,50.59,50.58,540
2022-01-06,50.14,50.14,50.14,50.14,267
2022-01-07,NaN,50.14,NaN,NaN,10
2022-01-11,50.34,50.59,50.6,50.33,722
2022-01-13,NaN,50.59,NaN,NaN,10
2022-01-14,49.64,49.71,49.71,49.64,265
2022-01-18,NaN,49.71,NaN,NaN,1
2022-01-19,NaN,49.71,NaN,NaN,23
2022-01-20,NaN,49.71,NaN,NaN,9
2022-01-21,47.835,47.835,47.835,47.835,162
2022-02-01,48.47,48.48,48.48,48.47,204
2022-02-03,48.61,48.61,48.61,48.61,206
2022-02-07,49.22,49.22,49.22,49.22,203
2022-02-08,52.77,53.04,53.04,52.77,395
2022-02-24,51.63,51.63,51.63,51.63,205
2022-02-25,51.62,51.63,51.63,51.62,290
2022-03-09,46.52,46.52,46.52,46.52,211
2022-03-10,45.4,45.1,45.4,44.92,331
2022-03-23,48.4299,48.4299,48.4299,48.4299,100
2022-04-01,47.14,47.14,47.14,47.14,301
2022-04-04,46.72,46.5069,46.74,46.41,920
2022-04-05,44.36,44.36,44.36,44.36,106
2022-04-18,44.5933,44.5933,44.5933,44.5933,110
2022-04-27,44.5979,44.5979,44.5979,44.5979,670
2022-05-06,42.5,42.5,42.5,42.5,100
2022-05-10,40.0,41.29,41.29,40.0,321
2022-06-02,41.5,41.5,41.5,41.5,279
2022-07-07,39.8,39.01,41.0,37.43,3271
2022-07-08,38.67,38.69,39.66,38.25,3223
2022-07-11,38.3,37.39,39.2,37.1,3820
2022-07-12,36.93,37.3404,38.37,36.5,4294
2022-07-18,36.76,37.3,37.3,36.76,707
2022-07-19,37.51,37.51,37.51,37.51,292
2022-07-22,39.43,39.43,39.43,39.43,317
2022-07-28,40.08,40.3,42.02,40.08,2433
2022-07-29,40.58,40.99,41.15,40.58,945
2022-08-02,41.98,41.98,41.98,41.98,307
2022-08-05,41.98,42.02,43.43,41.53,2388
2022-08-08,41.62,41.62,41.62,41.62,342
2022-08-09,42.2,42.2,42.2,42.2,214
2022-08-10,43.15,42.65,43.15,42.62,789
2022-08-11,44.87,45.0,45.0,44.87,759
2022-08-12,44.8,45.44,46.75,44.8,1714
2022-08-29,43.64,42.65,44.4,42.65,1493
2022-08-30,42.87,42.87,42.87,42.87,134
2022-09-01,41.3,41.3,41.3,41.3,160
2022-09-02,43.05,41.21,43.05,41.21,580
2022-09-06,40.5,40.5,40.5,40.5,180
2022-09-09,42.49,42.49,42.49,42.49,257
2022-09-12,44.74,43.12,44.74,43.12,1022
2022-09-13,42.75,42.42,44.18,41.9,1341
2022-09-14,43.33,42.01,43.33,41.91,946
2022-09-15,41.22,41.22,41.22,41.22,114
2022-09-16,40.64,40.64,40.64,40.64,572
2022-09-27,38.99,39.36,39.36,38.99,670
2022-09-28,39.75,39.73,39.75,39.73,302
2022-09-29,38.9,39.2,39.2,38.9,526
2022-09-30,39.095,39.095,39.095,39.095,278
2022-10-03,40.5,39.505,40.5,39.505,685
2022-10-04,40.1,40.1,40.1,40.1,211
2022-10-05,40.97,40.4,40.97,40.4,496
2022-10-10,40.01,40.01,40.01,40.01,198
2022-10-18,42.24,42.24,42.24,42.24,590
2022-10-19,42.34,41.01,42.46,41.01,625
2022-10-21,41.81,41.81,41.81,41.81,114
2022-10-24,42.06,42.06,42.06,42.06,125
2022-11-03,43.23,43.3,43.3,43.23,535
2022-11-11,46.0,46.0,46.0,46.0,294
2022-11-14,45.755,47.3,47.43,45.755,1182
2022-11-16,46.0,46.01,46.01,46.0,860
2022-12-15,41.0,41.615,41.615,41.0,759
2022-12-21,41.66,39.6675,41.96,39.5,4672
2022-12-23,41.165,41.165,41.165,41.165,451
2022-12-30,39.04,39.03,39.04,39.03,344
2023-01-10,40.35,40.35,40.35,40.35,258
2023-01-11,40.75,40.75,40.75,40.75,391
2023-01-12,40.67,40.67,40.67,40.67,250
2023-01-13,41.18,41.18,41.18,41.18,195
2023-01-17,41.81,41.81,41.81,41.81,249
2023-01-19,42.0,42.0,42.0,42.0,306
2023-01-20,40.76,40.76,40.76,40.76,271
2023-01-23,39.98,39.98,39.98,39.98,666
2023-01-31,41.1,41.1,41.1,41.1,231
2023-02-02,38.23,38.23,38.23,38.23,100
2023-02-13,36.01,37.94,37.94,36.01,1372
2023-03-01,34.19,34.19,34.19,34.19,564
2023-03-06,33.376,33.376,33.376,33.376,111
2023-03-07,32.0,32.0,32.0,32.0,311
2023-03-08,31.53,32.0,32.16,31.53,2345
2023-03-10,28.9,27.66,29.85,27.05,2233
2023-03-14,28.72,28.72,28.72,28.72,378
2023-03-16,26.68,26.68,26.68,26.68,303
2023-03-17,26.62,26.18,28.366,25.35,16047
2023-05-01,NaN,NaN,NaN,NaN,143
2023-05-02,NaN,NaN,NaN,NaN,5
2023-05-03,NaN,NaN,NaN,NaN,6
2023-05-04,NaN,NaN,NaN,NaN,85
2023-05-05,28.65,28.6,28.65,28.6,1108
2023-05-08,NaN,NaN,NaN,NaN,140
2023-05-09,NaN,NaN,NaN,NaN,11
2023-05-10,29.0,29.0,29.0,29.0,112
2023-05-11,28.9,28.9,28.9,28.9,126
2023-05-12,28.33,28.33,28.33,28.33,1308
2023-05-15,31.51,28.05,31.51,28.05,762
2023-05-16,NaN,NaN,NaN,NaN,2
2023-05-17,NaN,NaN,NaN,NaN,2
