2014-08-29,42.0,42.0,42.0,42.0,537
2014-09-05,37.0,37.0,37.0,37.0,400
2014-09-08,35.44,35.44,35.44,35.44,496
2014-10-16,19.64,19.64,19.64,19.64,1800
2014-10-17,28.0,30.16,30.93,28.0,3300
2014-10-20,32.72,30.6,30.6,30.5,970
2014-10-21,30.16,31.46,31.46,31.46,270
2014-10-22,34.89,34.89,34.89,34.89,113
2014-10-23,33.53,33.53,33.53,33.53,1034
2014-10-24,33.8,34.63,34.63,34.63,344
2014-10-27,34.57,34.57,34.57,34.57,443
2014-10-28,31.67,31.67,31.91,31.66,810
2014-10-31,34.48,33.83,33.83,33.83,125
2014-11-12,25.08,26.12,28.3199,25.08,1173
2014-11-14,25.63,27.73,27.85,27.282,498
2014-11-18,25.703,28.2099,28.2099,25.703,200
2014-11-19,26.6631,26.6631,26.6631,26.6631,251
2015-01-08,25.17,25.97,25.97,25.17,300
2015-01-26,25.11,25.12,25.12,25.11,300
2015-02-02,23.96,23.96,23.96,23.96,270
2015-02-03,25.28,25.4,25.4,25.28,540
2015-02-04,27.1899,27.26,27.2699,27.1899,600
2015-02-06,26.15,26.15,26.15,26.15,100
2015-02-18,31.3901,31.8201,31.8201,31.3901,409
2015-02-20,34.5,34.5,34.5,34.5,100
2015-02-23,35.44,35.44,35.44,35.44,104
2015-03-17,33.54,33.41,33.54,33.41,500
2015-03-23,35.85,35.85,35.85,35.85,417
2015-03-24,35.88,36.92,36.92,35.88,324
2015-04-02,36.46,36.4199,36.46,36.4199,300
2015-04-10,37.68,36.69,37.68,36.69,300
2015-05-05,33.77,33.77,33.77,33.77,175
2015-05-11,32.6,32.6,32.6,32.6,200
2015-05-13,30.96,31.24,31.4182,31.24,620
2015-05-14,31.47,31.43,31.47,31.43,200
2015-05-15,32.99,32.9899,32.99,32.9899,500
2015-05-19,33.3199,33.3199,33.3199,33.3199,350
2015-05-26,31.98,31.98,31.98,31.98,100
2015-05-29,32.12,32.12,32.12,32.12,214
2015-06-03,31.69,31.69,31.69,31.69,100
2015-07-10,34.13,34.11,34.13,34.11,200
2015-07-20,35.17,35.17,35.17,35.17,308
2015-08-03,30.5801,30.5801,30.5801,30.5801,160
2015-08-11,28.35,27.5,28.35,27.5,590
2015-08-13,27.1401,26.5501,27.1401,26.5501,1600
2015-08-17,26.33,27.0,27.0,26.33,1447
2015-08-24,24.3,24.3,24.3,24.3,200
2015-08-26,23.99,23.99,23.99,23.99,200
2015-08-27,24.92,24.92,24.92,24.92,100
2015-09-01,24.51,24.51,24.51,24.51,100
2015-09-11,24.29,24.29,24.29,24.29,200
2015-09-22,25.5,25.5,25.5,25.5,600
2015-09-30,24.84,24.84,24.84,24.84,184
2015-10-19,30.95,31.77,31.84,30.95,2450
2015-10-20,31.7002,31.46,31.7002,31.35,405
2015-10-23,31.3999,31.3999,31.3999,31.3999,100
2015-11-06,29.9,28.1,29.97,27.84,4100
2015-11-13,28.79,28.7899,28.79,28.7899,502
2015-12-03,31.25,31.25,31.25,31.25,100
2015-12-07,30.8199,30.8199,30.8199,30.8199,206
2015-12-14,30.8199,30.8199,30.8199,30.8199,0
2015-12-18,30.8199,30.8199,30.8199,30.8199,14
2015-12-21,30.8199,30.8199,30.8199,30.8199,7
2015-12-22,30.8199,30.8199,30.8199,30.8199,0
2015-12-23,30.8199,30.8199,30.8199,30.8199,0
2015-12-24,30.8199,30.8199,30.8199,30.8199,0
2015-12-28,30.8199,30.8199,30.8199,30.8199,0
2015-12-29,30.86,30.86,30.86,30.86,300
2015-12-30,30.86,30.86,30.86,30.86,0
2015-12-31,30.86,30.86,30.86,30.86,0
2016-01-04,30.86,30.86,30.86,30.86,0
2016-01-05,30.86,30.86,30.86,30.86,0
2016-01-06,30.86,30.86,30.86,30.86,0
2016-01-07,26.5101,26.5101,26.5101,26.5101,100
2016-01-08,26.5101,26.5101,26.5101,26.5101,0
2016-01-11,26.5101,26.5101,26.5101,26.5101,0
2016-01-12,26.5101,26.5101,26.5101,26.5101,0
2016-01-13,25.75,25.75,25.75,25.75,102
2016-01-14,25.75,25.75,25.75,25.75,0
2016-01-15,25.75,25.75,25.75,25.75,0
2016-01-19,24.1501,24.1601,24.1601,24.1501,200
2016-01-20,24.1601,24.1601,24.1601,24.1601,0
2016-01-21,24.1601,24.1601,24.1601,24.1601,0
2016-01-22,24.1601,24.1601,24.1601,24.1601,0
2016-01-25,24.1601,24.1601,24.1601,24.1601,0
2016-01-26,24.1601,24.1601,24.1601,24.1601,0
2016-01-27,24.1601,24.1601,24.1601,24.1601,0
2016-01-28,24.1601,24.1601,24.1601,24.1601,0
2016-01-29,24.1601,24.1601,24.1601,24.1601,0
2016-02-01,24.1601,24.1601,24.1601,24.1601,0
2016-02-02,24.1601,24.1601,24.1601,24.1601,0
2016-02-03,24.1601,24.1601,24.1601,24.1601,0
2016-02-04,24.1601,24.1601,24.1601,24.1601,0
2016-02-05,24.1601,24.1601,24.1601,24.1601,0
2016-02-08,24.1601,24.1601,24.1601,24.1601,0
2016-02-09,24.1601,21.18,24.1601,19.68,400
2016-02-12,19.9201,19.9201,21.22,19.9201,1562
2016-02-16,19.9201,19.9201,19.9201,19.9201,1
2016-02-17,19.9201,19.9201,19.9201,19.9201,0
2016-02-18,19.9201,19.9201,19.9201,19.9201,0
2016-02-19,19.9201,19.9201,19.9201,19.9201,0
2016-02-22,19.9201,19.9201,19.9201,19.9201,0
2016-02-23,19.9201,19.9201,19.9201,19.9201,0
2016-02-24,19.9201,19.9201,19.9201,19.9201,0
2016-02-25,19.9201,19.9201,19.9201,19.9201,0
2016-02-26,19.9201,19.9201,19.9201,19.9201,0
2016-02-29,19.9201,19.9201,19.9201,19.9201,0
2016-03-01,19.9201,23.5,19.9201,19.9201,322
2016-03-02,23.5,23.5,23.5,23.5,0
2016-03-03,23.5,23.5,23.5,23.5,0
2016-03-04,23.5,23.5,23.5,23.5,0
2016-03-07,23.58,23.58,23.58,23.58,150
2016-03-08,23.58,23.58,23.58,23.58,0
2016-03-09,23.58,23.58,23.58,23.58,0
2016-03-10,23.58,23.58,23.58,23.58,0
2016-03-11,23.58,21.33,23.58,23.58,806
2016-03-17,22.52,22.52,22.52,22.52,100
2016-03-18,22.52,22.52,22.52,22.52,0
2016-03-22,NaN,22.52,NaN,NaN,1
2016-03-23,22.52,22.52,22.52,22.52,0
2016-03-24,22.52,22.52,22.52,22.52,0
2016-03-28,22.52,22.52,22.52,22.52,6
2016-03-29,22.52,22.52,22.52,22.52,0
2016-03-30,22.52,22.52,22.52,22.52,0
2016-03-31,22.52,22.52,22.52,22.52,0
2016-04-01,22.35,22.33,22.35,22.33,806
2016-04-04,22.33,22.33,22.33,22.33,0
2016-04-05,22.33,22.33,22.33,22.33,0
2016-04-06,22.33,22.33,22.33,22.33,0
2016-04-07,22.33,22.33,22.33,22.33,0
2016-04-08,22.33,22.33,22.33,22.33,2
2016-04-11,22.33,22.33,22.33,22.33,0
2016-04-12,22.33,22.33,22.33,22.33,0
2016-04-13,22.33,22.33,22.33,22.33,0
2016-04-14,22.0,22.0,22.5,22.0,736
2016-04-15,22.0,22.0,22.0,22.0,0
2016-04-18,21.99,21.9,21.99,21.9,500
2016-04-19,21.9,21.9,21.9,21.9,0
2016-04-20,21.9,21.9,21.9,21.9,0
2016-04-21,21.9,21.9,21.9,21.9,0
2016-04-22,21.9,21.9,21.9,21.9,0
2016-04-25,21.78,21.78,21.78,21.78,102
2016-04-26,21.78,21.78,21.78,21.78,0
2016-04-27,21.72,22.035,22.035,21.72,520
2016-04-28,22.035,22.035,22.035,22.035,0
2016-04-29,22.035,22.035,22.035,22.035,0
2016-05-02,22.035,22.035,22.035,22.035,0
2016-05-03,22.035,22.035,22.035,22.035,0
2016-05-04,22.035,22.035,22.035,22.035,0
2016-05-05,22.035,22.035,22.035,22.035,0
2016-05-06,22.035,22.035,22.035,22.035,0
2016-05-09,22.035,22.035,22.035,22.035,0
2016-05-10,22.035,22.035,22.035,22.035,0
2016-05-11,22.035,22.035,22.035,22.035,0
2016-05-12,22.035,22.035,22.035,22.035,0
2016-05-13,22.035,22.035,22.035,22.035,0
2016-05-16,22.035,22.035,22.035,22.035,4
2016-05-17,22.035,22.035,22.035,22.035,0
2016-05-18,22.035,22.035,22.035,22.035,0
2016-05-19,22.035,22.035,22.035,22.035,0
2016-05-20,22.035,22.035,22.035,22.035,0
2016-05-23,22.035,22.035,22.035,22.035,0
2016-05-24,22.035,22.035,22.035,22.035,0
2016-05-25,22.84,22.84,22.84,22.84,240
2016-05-26,22.84,22.84,22.84,22.84,0
2016-05-27,22.84,22.84,22.84,22.84,0
2016-05-31,22.84,22.84,22.84,22.84,0
2016-06-01,22.84,22.84,22.84,22.84,0
2016-06-02,22.84,22.84,22.84,22.84,0
2016-06-03,22.84,22.84,22.84,22.84,0
2016-06-06,24.66,24.76,24.76,24.66,544
2016-06-07,24.05,24.4,24.87,24.0,16338
2016-06-08,24.16,24.5,24.84,24.16,12200
2016-06-09,24.78,24.7063,24.95,24.3,3551
2016-06-10,23.88,23.48,23.88,23.2,500
2016-06-13,23.48,23.48,23.48,23.48,36
2016-06-14,22.12,22.47,22.6499,22.07,800
2016-06-15,22.47,22.47,22.47,22.47,0
2016-06-16,22.47,22.47,22.47,22.47,0
2016-06-17,NaN,22.47,NaN,NaN,0
2016-06-20,22.17,22.17,22.17,22.17,100
2016-06-21,22.0,22.6001,22.74,22.0,20643
2016-06-22,22.39,22.91,23.0501,22.39,4372
2016-06-23,22.99,22.83,23.39,22.83,3700
2016-06-24,23.06,21.65,23.06,21.38,3596
2016-06-27,21.01,19.83,21.01,19.81,837
2016-06-28,20.6,21.3,21.3,20.57,4500
2016-06-29,21.15,21.44,21.75,21.15,3100
2016-06-30,21.9,22.05,22.1,21.9,600
2016-07-01,22.05,22.05,22.05,22.05,0
2016-07-05,21.7,22.1001,22.1001,21.7,2000
2016-07-06,21.8,22.21,22.3,21.8,4365
2016-07-07,22.16,22.7055,22.7055,22.16,5500
2016-07-08,22.6,23.2,23.67,22.56,2700
2016-07-11,22.9,24.06,24.06,22.9,2700
2016-07-12,22.94,24.4,24.6,22.94,5600
2016-07-13,24.3,23.5705,24.35,23.35,2822
2016-07-14,24.0,24.84,25.12,23.98,2624
2016-07-15,23.2,23.58,23.83,23.2,2100
2016-07-18,23.2,23.97,24.31,23.2,3606
2016-07-19,23.6,24.1,24.45,23.6,4209
2016-07-20,23.7,24.2,24.7,23.7,3800
2016-07-21,24.0,24.35,24.4,23.47,3622
2016-07-22,24.35,24.35,24.35,24.35,0
2016-07-25,24.35,24.35,24.35,24.35,0
2016-07-26,24.35,24.35,24.35,24.35,0
2016-07-27,24.15,24.12,24.3,23.7148,1804
2016-07-28,22.651,22.651,22.651,22.651,200
2016-07-29,23.69,23.69,23.69,23.69,100
2016-08-01,23.69,23.69,23.69,23.69,0
2016-08-02,23.69,23.69,23.69,23.69,0
2016-08-03,24.5,24.5,24.5,24.5,178
2016-08-04,22.7,22.7,22.7,22.7,100
2016-08-05,22.7,22.7,22.7,22.7,0
2016-08-08,NaN,22.7,NaN,NaN,0
2016-08-09,NaN,22.7,NaN,NaN,0
2016-08-10,NaN,22.7,NaN,NaN,0
2016-08-11,NaN,22.7,NaN,NaN,0
2016-08-12,NaN,22.7,NaN,NaN,0
2016-08-15,22.7,22.7,22.7,22.7,200
2016-08-16,NaN,22.7,NaN,NaN,0
2016-08-17,NaN,22.7,NaN,NaN,0
2016-08-18,NaN,22.7,NaN,NaN,80
2016-08-19,NaN,22.7,NaN,NaN,20
2016-08-22,NaN,22.7,NaN,NaN,0
2016-08-23,NaN,22.7,NaN,NaN,0
2016-08-24,NaN,22.7,NaN,NaN,0
2016-08-25,NaN,22.7,NaN,NaN,0
2016-08-26,22.0,22.0,22.0,22.0,200
2016-08-29,NaN,22.0,NaN,NaN,0
2016-08-30,NaN,22.0,NaN,NaN,80
2016-08-31,NaN,22.0,NaN,NaN,0
2016-09-01,NaN,22.0,NaN,NaN,0
2016-09-02,NaN,22.0,NaN,NaN,0
2016-09-06,21.8,21.8,21.8,21.8,100
2016-09-08,NaN,21.8,NaN,NaN,0
2016-09-09,NaN,21.8,NaN,NaN,0
2016-09-12,NaN,21.8,NaN,NaN,0
2016-09-13,NaN,21.8,NaN,NaN,0
2016-09-28,NaN,21.8,NaN,NaN,176
2016-10-05,NaN,21.8,NaN,NaN,25
2016-10-07,NaN,21.8,NaN,NaN,36
2016-10-20,NaN,21.8,NaN,NaN,1
2016-10-25,21.8,21.8,21.8,21.8,405
2016-10-26,21.8,21.8,21.8,21.8,1121
2016-10-27,NaN,21.8,NaN,NaN,4
2016-10-28,NaN,21.8,NaN,NaN,4
2016-11-07,NaN,21.8,NaN,NaN,70
2016-11-09,NaN,21.8,NaN,NaN,3
2016-11-11,17.75,17.75,17.75,17.75,158
2016-11-14,18.6827,18.0,18.6827,18.0,615
2016-11-15,NaN,18.0,NaN,NaN,205
2016-11-16,16.8,16.8,16.8,16.8,101
2016-11-17,NaN,16.8,NaN,NaN,30
2016-11-21,17.0,17.0,17.0,17.0,250
2016-11-22,16.65,17.03,17.3,16.65,1548
2016-11-23,17.0,17.0,17.1,17.0,900
2016-11-28,17.0,17.0,17.0,17.0,140
2016-11-29,17.0,17.0,17.0,17.0,200
2016-11-30,NaN,17.0,NaN,NaN,65
2016-12-01,17.05,17.0,17.05,17.0,1400
2016-12-05,NaN,17.0,NaN,NaN,44
2016-12-06,17.1,17.1,17.1,17.1,100
2016-12-07,NaN,17.1,NaN,NaN,34
2016-12-09,NaN,17.1,NaN,NaN,6
2016-12-13,NaN,17.1,NaN,NaN,1
2016-12-14,NaN,17.1,NaN,NaN,76
2016-12-15,NaN,17.1,NaN,NaN,44
2016-12-20,NaN,17.1,NaN,NaN,70
2016-12-21,NaN,17.1,NaN,NaN,17
2016-12-23,17.25,17.5,17.5,17.245,1200
2016-12-30,NaN,17.5,NaN,NaN,16
2017-01-03,NaN,17.5,NaN,NaN,22
2017-01-04,NaN,17.5,NaN,NaN,29
2017-01-05,NaN,17.5,NaN,NaN,93
2017-01-06,NaN,17.5,NaN,NaN,123
2017-01-12,NaN,17.5,NaN,NaN,34
2017-01-17,NaN,17.5,NaN,NaN,14
2017-01-20,NaN,17.5,NaN,NaN,42
2017-01-23,NaN,17.5,NaN,NaN,28
2017-01-24,NaN,17.5,NaN,NaN,28
2017-01-25,NaN,17.5,NaN,NaN,4
2017-01-26,NaN,17.5,NaN,NaN,14
2017-02-07,NaN,17.5,NaN,NaN,4
2017-02-14,17.5,17.5,17.5,17.5,200
2017-02-15,NaN,17.5,NaN,NaN,14
2017-02-21,NaN,17.5,NaN,NaN,7
2017-02-28,NaN,17.5,NaN,NaN,13
2017-03-01,NaN,17.5,NaN,NaN,100
2017-03-02,14.2,14.2,14.2,14.2,3198
2017-03-03,16.25,16.0,16.25,16.0,1236
2017-03-06,16.25,16.2,16.25,16.2,1319
2017-03-07,NaN,16.2,NaN,NaN,3
2017-03-10,14.25,14.305,14.305,14.25,1720
2017-03-14,NaN,14.305,NaN,NaN,62
2017-03-16,14.3,14.305,14.305,14.3,400
2017-03-17,NaN,14.305,NaN,NaN,35
2017-03-21,13.5,13.5,13.5,13.5,150
2017-03-23,13.75,13.7,13.8,13.65,10310
2017-03-24,13.7,13.85,13.9,13.7,6023
2017-03-28,13.9,13.9,13.9,13.9,106
2017-03-30,NaN,13.9,NaN,NaN,28
2017-03-31,NaN,13.9,NaN,NaN,40
2017-04-04,13.6,13.65,13.65,13.6,630
2017-04-05,13.95,13.4,13.95,13.4,850
2017-04-11,NaN,13.4,NaN,NaN,83
2017-04-12,NaN,13.4,NaN,NaN,16
2017-04-13,NaN,13.4,NaN,NaN,2
2017-04-17,NaN,13.4,NaN,NaN,100
2017-04-20,14.3,14.3,14.3,14.3,100
2017-04-24,NaN,14.3,NaN,NaN,8
2017-04-25,NaN,14.3,NaN,NaN,52
2017-04-26,NaN,14.3,NaN,NaN,44
2017-04-28,NaN,14.3,NaN,NaN,6
2017-05-02,15.7,15.7,15.7,15.7,500
2017-05-05,NaN,15.7,NaN,NaN,38
2017-05-08,NaN,15.7,NaN,NaN,22
2017-05-10,16.0,15.85,16.6,15.85,600
2017-05-11,15.6,15.6,15.6,15.6,145
2017-05-17,NaN,15.6,NaN,NaN,14
2017-05-22,13.7,13.7,13.7,13.7,617
2017-05-23,14.0,13.75,14.0,13.75,675
2017-05-24,NaN,13.75,NaN,NaN,50
2017-05-30,12.05,12.05,12.05,12.05,100
2017-06-01,NaN,12.05,NaN,NaN,1
2017-06-07,12.05,12.05,12.05,12.05,243
2017-06-09,12.05,12.05,12.05,12.05,152
2017-06-12,11.3,11.305,11.305,11.3,1000
2017-07-10,NaN,11.305,NaN,NaN,1
2017-07-12,12.35,12.395,12.395,12.35,750
2017-07-13,11.45,11.45,11.45,11.45,500
2017-07-19,NaN,11.45,NaN,NaN,4
2017-07-28,12.4,13.1,13.1,12.4,200
2017-07-31,13.1,12.03,13.1,12.03,400
2017-08-01,12.45,12.0,12.45,12.0,3415
2017-08-02,12.0,12.0,12.0,12.0,695
2017-08-04,12.05,12.05,12.05,12.05,800
2017-08-08,12.2557,12.2557,12.2557,12.2557,250
2017-08-09,11.85,12.55,12.55,11.4,3897
2017-08-10,12.55,12.6,12.6,12.55,300
2017-08-11,NaN,12.6,NaN,NaN,100
2017-08-14,NaN,12.6,NaN,NaN,80
2017-08-21,12.0143,12.75,12.75,12.0143,200
2017-08-22,NaN,12.75,NaN,NaN,84
2017-08-23,12.8,12.8,12.8,12.6872,800
2017-08-24,12.8,13.75,13.75,12.8,900
2017-08-25,13.55,13.5,13.55,13.5,240
2017-09-01,NaN,13.5,NaN,NaN,40
2017-09-19,14.0,14.0,14.0,14.0,265
2017-09-25,13.9,13.9,13.9,13.9,3400
2017-09-26,13.9,13.9,13.9,13.9,1000
2017-09-27,NaN,13.9,NaN,NaN,24
2017-10-02,13.9,13.9,13.9,13.9,162
2017-10-04,13.9,13.9,13.9,13.9,142
2017-10-11,13.9,13.9,13.9,13.9,1234
2017-10-24,NaN,13.9,NaN,NaN,4
2017-10-25,13.05,13.0,13.05,13.0,200
2017-11-06,13.8,13.8,13.8,13.8,200
2017-11-07,11.005,11.595,11.595,10.9,400
2017-11-08,NaN,11.595,NaN,NaN,16
2017-11-17,NaN,11.595,NaN,NaN,1
2017-11-20,NaN,11.595,NaN,NaN,4
2017-11-22,NaN,11.595,NaN,NaN,1
2017-11-27,NaN,11.595,NaN,NaN,1
2017-12-01,NaN,11.595,NaN,NaN,12
2017-12-05,NaN,11.595,NaN,NaN,1
2017-12-08,NaN,11.595,NaN,NaN,30
2017-12-15,NaN,11.595,NaN,NaN,4
2017-12-18,9.55,9.95,10.0,9.55,6453
2017-12-20,9.85,9.85,9.85,9.85,114
2017-12-26,NaN,9.85,NaN,NaN,14
2017-12-27,9.4,9.4,9.4,9.4,100
2017-12-28,9.35,9.4,9.4,9.35,600
2018-01-03,9.8,9.95,10.1,9.7,2104
2018-01-04,10.05,9.5,10.8,9.5,2402
2018-01-08,10.0,10.0,10.0,10.0,295
2018-01-09,9.0,9.0,9.0,9.0,131
2018-01-10,9.95,10.25,10.25,9.95,372
2018-01-11,NaN,10.25,NaN,NaN,11
2018-01-12,12.4187,12.4187,12.4187,12.4187,195
2018-01-16,12.0,12.4,12.4,12.0,794
2018-01-17,NaN,12.4,NaN,NaN,151
2018-01-18,NaN,12.4,NaN,NaN,87
2018-01-25,NaN,12.4,NaN,NaN,4
2018-01-26,NaN,12.4,NaN,NaN,20
2018-01-30,9.05,9.05,9.05,9.05,211
2018-02-01,NaN,9.05,NaN,NaN,110
2018-02-02,9.0,9.0,9.0,9.0,487
2018-02-05,NaN,9.0,NaN,NaN,83
2018-02-06,11.0,11.0,11.0,11.0,100
2018-02-07,11.0,11.0,11.0,11.0,100
2018-02-08,11.0,11.0,11.0,11.0,178
2018-02-15,12.35,12.35,12.35,12.35,2531
2018-02-20,11.2,11.2,11.2,11.2,175
2018-02-21,NaN,11.2,NaN,NaN,55
2018-02-23,NaN,11.2,NaN,NaN,163
2018-02-26,10.95,10.95,10.95,10.95,102
2018-03-13,NaN,10.95,NaN,NaN,98
2018-03-14,NaN,10.95,NaN,NaN,20
2018-03-15,NaN,10.95,NaN,NaN,25
2018-03-16,NaN,10.95,NaN,NaN,26
2018-04-25,10.8,10.75,10.8,10.75,200
2018-04-27,9.75,9.75,9.75,9.75,113
2018-05-02,NaN,9.75,NaN,NaN,1
2018-05-07,9.5,9.4,9.5,9.4,366
2018-05-09,11.05,11.75,11.75,11.05,422
2018-05-10,12.95,12.95,12.95,12.95,112
2018-05-11,12.355,12.4,12.405,12.35,2947
2018-05-14,NaN,12.4,NaN,NaN,51
2018-05-17,NaN,12.4,NaN,NaN,67
2018-05-18,NaN,12.4,NaN,NaN,70
2018-05-23,14.0,14.0,14.0,14.0,310
2018-05-30,14.05,14.105,14.105,14.05,773
2018-05-31,NaN,14.105,NaN,NaN,2
2018-06-01,14.8797,17.0486,17.0486,14.8797,3730
2018-06-04,17.0,17.0,17.0,17.0,193
2018-06-05,NaN,17.0,NaN,NaN,1
2018-06-06,16.75,16.4492,16.75,16.4492,2650
2018-06-07,NaN,16.4492,NaN,NaN,11
2018-06-08,NaN,16.4492,NaN,NaN,10
2018-06-13,NaN,16.4492,NaN,NaN,14
2018-06-14,NaN,16.4492,NaN,NaN,71
2018-06-15,16.75,16.75,16.75,16.75,100
2018-06-18,NaN,16.75,NaN,NaN,1
2018-06-19,NaN,16.75,NaN,NaN,6
2018-06-26,16.25,16.25,16.25,16.25,130
2018-06-29,NaN,16.25,NaN,NaN,10
2018-07-02,16.25,16.25,16.25,16.25,200
2018-07-03,16.4,16.4,16.4,16.4,200
2018-07-05,16.7,16.7,16.7,16.7,200
2018-07-06,NaN,16.7,NaN,NaN,38
2018-07-12,17.5,17.45,17.5,17.4,878
2018-07-13,NaN,17.45,NaN,NaN,88
2018-07-17,NaN,17.45,NaN,NaN,3
2018-07-18,NaN,17.45,NaN,NaN,198
2018-07-19,18.0,17.755,18.0,17.755,1002
2018-07-20,NaN,17.755,NaN,NaN,1
2018-07-23,NaN,17.755,NaN,NaN,3
2018-07-24,17.85,17.85,17.85,17.85,102
2018-07-25,NaN,17.85,NaN,NaN,50
2018-07-30,NaN,17.85,NaN,NaN,30
2018-08-02,13.6,13.9,13.9,13.6,625
2018-08-06,15.65,15.65,15.65,15.65,300
2018-08-07,NaN,15.65,NaN,NaN,50
2018-08-09,15.75,15.75,15.75,15.75,965
2018-08-10,NaN,15.75,NaN,NaN,28
2018-08-13,NaN,15.75,NaN,NaN,2
2018-08-17,NaN,15.75,NaN,NaN,4
2018-08-20,15.4692,15.45,15.495,15.45,500
2018-08-21,NaN,15.45,NaN,NaN,100
2018-08-27,15.4,15.4,15.4,15.4,189
2018-09-05,NaN,15.4,NaN,NaN,63
2018-09-11,14.4,14.4,14.4,14.4,640
2018-09-21,NaN,14.4,NaN,NaN,38
2018-10-02,NaN,14.4,NaN,NaN,7
2018-10-08,NaN,14.4,NaN,NaN,34
2018-10-16,NaN,14.4,NaN,NaN,3
2018-10-23,NaN,14.4,NaN,NaN,50
2018-10-29,NaN,14.4,NaN,NaN,22
2018-10-30,NaN,14.4,NaN,NaN,12
2018-11-01,14.75,14.75,14.75,14.75,359
2018-11-02,14.85,14.85,14.85,14.85,178
2018-11-07,NaN,14.85,NaN,NaN,59
2018-11-08,17.79,20.39,21.98,17.79,4427
2018-11-09,20.1255,19.12,20.1255,19.12,1882
2018-11-12,NaN,19.12,NaN,NaN,25
2018-11-13,19.5,18.7031,19.84,18.7031,983
2018-11-15,NaN,18.7031,NaN,NaN,10
2018-11-16,18.6026,18.7,18.7,18.6026,725
2018-11-20,NaN,18.7,NaN,NaN,14
2018-11-21,NaN,18.7,NaN,NaN,3
2018-11-23,NaN,18.7,NaN,NaN,10
2018-11-27,NaN,18.7,NaN,NaN,50
2018-11-28,NaN,18.7,NaN,NaN,50
2018-12-13,18.93,18.93,18.93,18.93,297
2018-12-17,NaN,18.93,NaN,NaN,100
2018-12-19,NaN,18.93,NaN,NaN,3
2018-12-20,NaN,18.93,NaN,NaN,50
2018-12-21,NaN,18.93,NaN,NaN,90
2019-01-03,15.321,15.32,15.321,15.32,400
2019-01-15,17.0979,17.0979,17.0979,17.0979,100
2019-01-16,NaN,17.0979,NaN,NaN,26
2019-01-17,NaN,17.0979,NaN,NaN,10
2019-01-23,NaN,17.0979,NaN,NaN,1
2019-02-05,17.6,18.29,18.29,17.6,1458
2019-02-11,NaN,18.29,NaN,NaN,2
2019-02-12,17.8589,17.8589,17.8589,17.8589,107
2019-02-15,16.6328,16.6328,16.6328,16.6328,174
2019-02-19,16.4418,16.4418,16.4418,16.4418,200
2019-02-20,16.75,16.75,16.75,16.75,570
2019-02-25,NaN,16.75,NaN,NaN,53
2019-02-28,NaN,16.75,NaN,NaN,4
2019-03-06,14.95,14.95,14.95,14.95,117
2019-03-07,NaN,14.95,NaN,NaN,15
2019-03-11,NaN,14.95,NaN,NaN,48
2019-03-21,NaN,14.95,NaN,NaN,28
2019-03-22,NaN,14.95,NaN,NaN,56
2019-03-26,NaN,14.95,NaN,NaN,130
2019-03-27,NaN,14.95,NaN,NaN,1
2019-03-29,14.35,14.35,14.35,14.35,249
2019-04-11,NaN,14.35,NaN,NaN,90
2019-04-12,14.71,14.71,14.71,14.71,146
2019-04-16,NaN,14.71,NaN,NaN,4
2019-04-22,14.37,14.37,14.37,14.37,100
2019-05-03,NaN,14.37,NaN,NaN,8
2019-05-08,NaN,14.37,NaN,NaN,100
2019-05-14,13.38,12.4931,13.38,12.44,2654
2019-05-20,NaN,12.4931,NaN,NaN,264
2019-06-07,NaN,12.4931,NaN,NaN,3
2019-07-02,NaN,12.4931,NaN,NaN,100
2019-07-09,NaN,12.4931,NaN,NaN,80
2019-07-11,NaN,12.4931,NaN,NaN,7
2019-07-16,NaN,12.4931,NaN,NaN,2
2019-07-19,12.5,12.916,12.916,12.5,650
2019-07-22,12.86,12.4148,12.86,12.4148,200
2019-07-25,NaN,12.4148,NaN,NaN,94
2019-07-30,NaN,12.4148,NaN,NaN,4
2019-07-31,12.0,12.0,12.0,12.0,1419
2019-08-01,NaN,12.0,NaN,NaN,41
2019-08-05,NaN,12.0,NaN,NaN,2
2019-08-09,NaN,12.0,NaN,NaN,7
2019-08-13,10.5,10.5,10.5,10.5,126
2019-08-15,NaN,10.5,NaN,NaN,4
2019-08-19,NaN,10.5,NaN,NaN,4
2019-08-20,9.75,9.75,9.75,9.75,496
2019-08-29,9.1672,9.1672,9.1672,9.1672,224
2019-09-13,NaN,9.1672,NaN,NaN,20
2019-09-16,NaN,9.1672,NaN,NaN,5
2019-09-23,NaN,9.1672,NaN,NaN,1
2019-09-24,NaN,9.1672,NaN,NaN,1
2019-09-25,NaN,9.1672,NaN,NaN,1
2019-10-03,NaN,9.1672,NaN,NaN,1
2019-10-09,8.71,8.71,8.71,8.71,300
2019-10-11,NaN,8.71,NaN,NaN,26
2019-10-16,9.2438,9.2438,9.2438,9.2438,146
2019-10-21,NaN,9.2438,NaN,NaN,1
2019-10-22,NaN,9.2438,NaN,NaN,1
2019-10-28,NaN,9.2438,NaN,NaN,125
2019-10-29,9.71,9.473,9.71,9.473,1606
2019-10-31,NaN,9.473,NaN,NaN,22
2019-11-06,NaN,9.473,NaN,NaN,34
2019-11-07,NaN,9.473,NaN,NaN,3
2019-11-08,8.26,7.61,8.26,7.39,1958
2019-11-11,NaN,7.61,NaN,NaN,58
2019-11-12,NaN,7.61,NaN,NaN,13
2019-11-13,6.7807,6.82,6.82,6.745,1618
2019-11-14,6.8024,6.75,6.9492,6.715,3423
2019-11-15,6.75,6.75,6.75,6.75,476
2019-11-18,NaN,6.75,NaN,NaN,58
2019-11-19,6.94,6.95,6.95,6.94,459
2019-11-20,NaN,6.95,NaN,NaN,5
2019-11-22,6.739,6.8,6.8,6.739,1300
2019-11-25,7.0,7.0,7.0,7.0,1011
2019-11-26,NaN,7.0,NaN,NaN,11
2019-11-27,7.49,7.29,7.49,7.29,584
2019-11-29,NaN,7.29,NaN,NaN,3
2019-12-02,6.85,6.8,6.85,6.8,1578
2019-12-03,6.7997,6.7997,6.7997,6.7997,192
2019-12-04,NaN,6.7997,NaN,NaN,2
2019-12-06,7.11,7.11,7.11,7.11,237
2019-12-10,NaN,7.11,NaN,NaN,2
2019-12-11,7.11,7.11,7.11,7.11,169
2019-12-12,NaN,7.11,NaN,NaN,3
2019-12-13,NaN,7.11,NaN,NaN,6
2019-12-16,NaN,7.11,NaN,NaN,101
2019-12-17,NaN,7.11,NaN,NaN,99
2019-12-18,7.3553,7.3553,7.3553,7.3553,230
2019-12-19,7.36,7.48,7.48,7.36,3154
2019-12-20,NaN,7.48,NaN,NaN,3
2019-12-23,NaN,7.48,NaN,NaN,27
2019-12-24,NaN,7.48,NaN,NaN,1
2019-12-26,7.33,7.16,7.33,7.16,702
2019-12-27,7.2669,7.203,7.2669,7.203,1937
2019-12-30,NaN,7.203,NaN,NaN,43
2019-12-31,7.25,7.25,7.25,7.25,103
2020-01-02,NaN,7.25,NaN,NaN,4
2020-01-03,7.07,7.07,7.07,7.07,165
2020-01-06,7.35,7.35,7.35,7.35,1507
2020-01-08,7.5,7.55,7.55,7.5,4082
2020-01-09,7.55,7.55,7.55,7.55,2300
2020-01-10,7.55,7.49,7.55,7.19,2775
2020-01-13,7.81,7.81,7.81,7.81,208
2020-01-14,7.81,8.06,8.06,7.77,8298
2020-01-15,8.1,8.2,8.2,8.1,816
2020-01-16,8.21,8.39,8.4,8.21,10724
2020-01-17,NaN,8.39,NaN,NaN,11
2020-01-21,9.28,7.98,9.28,7.8,8024
2020-01-22,7.95,7.95,7.95,7.95,141
2020-01-23,8.29,9.02,9.06,8.29,2090
2020-01-24,8.65,8.049,8.65,7.54,748
2020-01-27,7.82,6.99,7.82,6.99,1564
2020-01-28,NaN,6.99,NaN,NaN,153
2020-01-29,NaN,6.99,NaN,NaN,23
2020-01-30,NaN,6.99,NaN,NaN,5
2020-01-31,NaN,6.99,NaN,NaN,63
2020-02-03,NaN,6.99,NaN,NaN,3
2020-02-04,NaN,6.99,NaN,NaN,22
2020-02-06,NaN,6.99,NaN,NaN,17
2020-02-07,NaN,6.99,NaN,NaN,9
2020-02-10,NaN,6.99,NaN,NaN,6
2020-02-11,7.1,7.1,7.1,7.1,206
2020-02-12,NaN,7.1,NaN,NaN,1
2020-02-14,NaN,7.1,NaN,NaN,28
2020-02-18,7.49,7.49,7.49,7.49,113
2020-02-20,NaN,7.49,NaN,NaN,184
2020-02-21,NaN,7.49,NaN,NaN,24
2020-02-24,6.67,6.67,6.67,6.67,230
2020-02-25,6.67,6.67,6.67,6.67,130
2020-02-26,NaN,6.67,NaN,NaN,44
2020-02-27,NaN,6.67,NaN,NaN,22
2020-02-28,NaN,6.67,NaN,NaN,60
2020-03-02,NaN,6.67,NaN,NaN,20
2020-03-03,NaN,6.67,NaN,NaN,27
2020-03-04,NaN,6.67,NaN,NaN,3
2020-03-05,4.95,5.1,6.0,4.0,15732
2020-03-06,5.35,4.88,5.373,4.85,8318
2020-03-09,4.74,4.5,4.74,4.3,1148
2020-03-10,4.49,3.85,4.49,3.67,710
2020-03-11,NaN,3.85,NaN,NaN,447
2020-03-12,3.25,3.08,3.25,3.08,2330
2020-03-13,2.89,2.9,2.99,2.89,763
2020-03-16,3.05,2.8,3.21,2.8,983
2020-03-17,NaN,2.8,NaN,NaN,0
2020-03-18,NaN,2.8,NaN,NaN,0
2020-03-19,2.1,3.0,3.0,2.1,1359
2020-03-20,2.3,3.03,3.03,2.3,1375
2020-03-23,3.19,3.19,3.19,3.19,354
2020-03-24,NaN,3.19,NaN,NaN,0
2020-03-25,3.77,4.26,4.33,3.7331,6374
2020-03-26,3.2,4.44,4.44,3.2,1101
2020-03-27,NaN,4.44,NaN,NaN,0
2020-03-30,NaN,4.44,NaN,NaN,0
2020-03-31,NaN,4.44,NaN,NaN,0
2020-04-01,NaN,4.44,NaN,NaN,0
2020-04-02,3.67,3.67,3.67,3.67,273
2020-04-03,4.0072,4.0072,4.0072,4.0072,284
2020-04-06,NaN,4.0072,NaN,NaN,0
2020-04-07,4.32,4.32,4.32,4.32,234
2020-04-08,3.68,4.05,4.05,3.68,4170
2020-04-09,5.45,4.5772,5.45,4.5772,4936
2020-04-13,4.23,3.8102,4.23,3.8102,1603
2020-04-14,4.5084,4.7554,4.7554,4.5084,1074
2020-04-15,4.99,34.69,134.0,4.99,361118
2020-04-16,76.5,59.0,102.05,51.51,353517
2020-04-17,48.99,47.83,63.56,42.5,191173
2020-04-20,44.31,37.16,48.85,35.0001,121917
2020-04-21,39.51,38.9,40.0,36.0,42242
2020-04-22,37.26,33.085,37.8924,31.14,24968
2020-04-23,33.04,27.11,33.04,20.816,50904
2020-04-24,27.0,37.57,54.32,25.5,186114
2020-04-27,39.44,41.2512,46.49,37.0001,114456
2020-04-28,42.0,39.51,42.0,38.0,31642
2020-04-29,38.06,36.257,39.5108,34.0501,30940
2020-04-30,38.0,37.0128,39.48,34.73,16923
2020-05-01,39.0,36.58,39.0,35.26,13190
2020-05-04,36.5,34.8802,37.0,34.5,12012
2020-05-05,35.61,34.99,36.0099,32.0,8242
2020-05-06,35.57,36.0,36.0,32.48,13163
2020-05-07,33.19,35.18,37.0,33.01,14379
2020-05-08,35.84,35.0,35.84,33.1039,9293
2020-05-11,34.9,34.98,35.85,33.0,16781
2020-05-12,34.24,33.2051,34.9799,33.18,13315
2020-05-13,33.0,31.57,33.0,30.32,14714
2020-05-14,29.33,30.21,30.32,29.33,4484
2020-05-15,30.93,30.02,31.25,30.02,3415
2020-05-18,30.0,31.65,31.95,29.2701,9302
2020-05-19,32.44,29.99,32.44,29.8,9301
2020-05-20,30.94,29.1985,30.94,27.01,7987
2020-05-21,29.0,28.23,31.0,27.0,10165
2020-05-22,28.05,26.2,28.05,25.3998,10832
2020-05-26,26.9,27.0,30.67,25.41,37200
2020-05-27,27.47,25.17,28.84,23.8637,20149
2020-05-28,25.88,24.69,26.0,23.8,10433
2020-05-29,24.11,24.45,25.0639,23.98,3882
2020-06-01,24.0,23.64,24.1942,22.89,6680
2020-06-02,23.415,22.3702,23.46,21.23,10242
2020-06-03,22.595,23.1999,23.45,21.7843,6021
2020-06-04,22.28,21.0,23.2,21.0,10762
2020-06-05,21.69,21.7,22.77,21.2236,9153
2020-06-08,22.33,26.4894,29.99,21.7,35404
2020-06-09,29.4,41.52,82.57,28.76,353318
2020-06-10,43.57,63.0,96.88,42.0001,274197
2020-06-11,58.86,43.92,58.86,30.0,78698
2020-06-12,49.95,57.79,74.4288,49.95,126522
2020-06-15,60.81,58.476,63.7,53.01,45346
2020-06-16,59.1,57.99,63.0,55.0001,28541
2020-06-17,56.19,53.66,57.0,50.03,13247
2020-06-18,51.09,53.0,53.6436,50.0,10599
2020-06-19,51.85,50.425,51.85,45.86,12276
2020-06-22,49.33,46.25,49.33,45.0,9241
2020-06-23,45.0,48.0,54.99,45.0,21930
2020-06-24,48.12,48.5001,50.33,46.5101,12807
2020-06-25,46.81,45.35,46.8466,43.03,5554
2020-06-26,44.49,41.25,44.49,40.99,6260
2020-06-29,42.66,42.0,46.0,40.5001,4689
2020-06-30,43.11,44.7158,48.0,42.0,7245
2020-07-01,43.875,40.9938,43.875,36.6047,10321
2020-07-02,41.5,42.21,42.21,41.5,3076
2020-07-06,43.02,40.81,43.02,37.02,6249
2020-07-07,39.68,42.0,42.0,38.25,7381
2020-07-08,40.9107,39.81,40.9107,38.3001,7437
2020-07-09,40.0,40.0,41.8307,39.5019,3865
2020-07-10,41.49,39.99,41.49,39.99,2655
2020-07-13,40.07,39.0001,41.5,38.6001,3211
2020-07-14,38.9,38.995,40.0099,37.36,4282
2020-07-15,39.9,47.0,49.4989,39.9,23934
2020-07-16,47.69,52.26,74.47,47.69,95216
2020-07-17,50.0,45.61,52.14,44.0,23009
2020-07-20,45.0,43.598,46.02,42.0,6765
2020-07-21,43.0,42.0501,50.0,40.0,16488
2020-07-22,43.0,44.25,44.8989,42.0,8387
2020-07-23,43.0,43.14,44.8999,42.0301,3779
2020-07-24,43.04,41.4334,44.77,40.5059,4238
2020-07-27,40.02,42.99,44.02,40.02,6569
2020-07-28,44.0,41.1829,44.0,40.88,5150
2020-07-29,43.14,42.0,43.36,41.3001,2028
2020-07-30,43.0,41.43,43.0,40.5,2928
2020-07-31,41.97,41.55,42.9832,40.02,3971
2020-08-03,42.6433,40.65,42.6433,40.02,2847
2020-08-04,40.62,40.32,41.01,40.1297,3038
2020-08-05,40.2869,41.0,42.7208,40.2869,2670
2020-08-06,42.7513,41.09,42.95,40.2501,5552
2020-08-07,40.75,41.26,41.26,40.2501,3368
2020-08-10,41.0,40.9805,41.0068,40.9805,1951
2020-08-11,41.1,46.99,48.1,41.1,21479
2020-08-12,46.69,47.4945,70.0,45.8801,57129
2020-08-13,47.0001,46.25,50.0,45.0,7040
2020-08-14,47.25,47.06,47.25,45.2775,2412
2020-08-17,48.09,46.91,48.09,45.6,1628
2020-08-18,45.12,44.58,45.25,44.58,1179
2020-08-19,NaN,44.58,NaN,NaN,563
2020-08-20,47.44,44.5,52.4333,44.0963,10299
2020-08-21,45.4,44.5,46.5,44.5,4156
2020-08-24,45.42,44.2,45.42,44.2,3079
2020-08-25,46.2,46.08,46.2,44.01,2322
2020-08-26,46.0,44.0101,46.0,44.0101,3054
2020-08-27,45.65,45.0,45.65,43.9122,1536
2020-08-28,43.2693,43.41,43.8699,43.0,7396
2020-08-31,44.0,44.6,44.62,43.0501,3296
2020-09-01,43.03,43.0501,43.0501,43.03,1947
2020-09-02,44.0001,43.11,44.0001,43.11,1388
2020-09-03,42.51,42.51,42.51,42.51,1457
2020-09-04,41.04,41.0,41.9572,40.95,2971
2020-09-08,41.0,40.5,41.0,39.0,3174
2020-09-09,40.81,40.64,40.81,40.63,1396
2020-09-10,41.71,38.3126,41.71,36.899,5936
2020-09-11,39.5,39.32,39.5,39.32,908
2020-09-14,37.1601,37.25,39.01,37.16,1371
2020-09-15,37.09,38.1566,41.98,37.09,3670
2020-09-16,38.28,38.6296,38.6296,38.28,881
2020-09-17,38.2,38.2,42.02,37.27,1471
2020-09-18,38.7215,38.53,38.7215,38.53,1436
2020-09-21,39.0,39.0,39.0,38.94,1441
2020-09-22,NaN,39.0,NaN,NaN,459
2020-09-23,40.4,38.0123,40.4,37.3701,1881
2020-09-24,37.25,36.57,37.4,33.0,5567
2020-09-25,38.418,35.77,38.64,35.7,2420
2020-09-28,NaN,35.77,NaN,NaN,395
2020-09-29,NaN,35.77,NaN,NaN,294
2020-09-30,NaN,35.77,NaN,NaN,626
2020-10-01,34.0001,37.1,37.1,34.0001,466
2020-10-02,33.25,33.25,33.25,33.25,609
2020-10-05,35.9889,36.0,36.33,35.9889,1400
2020-10-06,34.35,34.37,36.3299,34.35,1442
2020-10-07,34.69,35.9322,35.9322,34.69,724
2020-10-08,34.5975,34.8515,36.1487,34.5975,1719
2020-10-09,NaN,34.8515,NaN,NaN,0
2020-10-12,NaN,34.8515,NaN,NaN,336
2020-10-13,35.425,36.2687,36.2687,34.885,1594
2020-10-14,36.7479,36.78,36.8799,36.7479,1313
2020-10-15,37.09,36.78,37.09,36.78,576
2020-10-16,34.7,34.7,34.7,34.7,442
2020-10-19,NaN,34.7,NaN,NaN,322
2020-10-20,NaN,34.7,NaN,NaN,196
2020-10-21,34.45,34.74,34.74,34.45,976
2020-10-22,37.638,37.638,37.638,37.638,283
2020-10-23,37.24,36.8835,37.24,34.7824,1002
2020-10-26,NaN,36.8835,NaN,NaN,279
2020-10-27,35.15,34.55,35.15,34.55,731
2020-10-28,34.6844,34.56,37.2399,34.55,1299
2020-10-29,34.54,34.54,34.54,34.54,1094
2020-10-30,31.658,33.85,33.85,31.658,829
2020-11-02,30.66,32.95,32.95,30.66,1158
2020-11-03,NaN,32.95,NaN,NaN,235
2020-11-04,NaN,32.95,NaN,NaN,500
2020-11-05,32.0,32.1,32.1,31.99,1939
2020-11-06,NaN,32.1,NaN,NaN,323
2020-11-09,37.9015,35.64,37.92,31.55,4117
2020-11-10,32.6296,32.97,34.02,32.6296,1053
2020-11-11,34.25,33.66,34.25,33.66,769
2020-11-12,31.55,32.57,35.14,31.17,3623
2020-11-13,NaN,32.57,NaN,NaN,0
2020-11-16,32.72,33.4516,33.4516,32.1,927
2020-11-17,32.62,32.0,35.3508,32.0,1849
2020-11-18,31.48,34.0,34.0,31.0,1429
2020-11-19,33.78,32.0038,33.78,32.0038,1191
2020-11-20,33.26,32.86,33.26,32.86,627
2020-11-23,34.1,33.9,34.1,33.9,1691
2020-11-24,32.26,33.6967,33.6967,32.26,1738
2020-11-25,NaN,33.6967,NaN,NaN,0
2020-11-27,NaN,33.6967,NaN,NaN,0
2020-11-30,33.0,33.0,33.99,33.0,1784
2020-12-01,32.0,34.0,34.0,32.0,1279
2020-12-02,33.0,32.675,33.0,31.55,1832
2020-12-03,32.6,32.8329,32.8329,32.6,1129
2020-12-04,31.8,33.83,35.97,31.8,5876
2020-12-07,33.04,33.8,33.9,31.8,3647
2020-12-08,31.8101,34.1698,34.1698,31.8101,1663
2020-12-09,32.44,32.2418,32.44,32.2418,879
2020-12-10,32.56,32.52,32.56,32.52,709
2020-12-11,30.0001,33.98,34.8,30.0,1809
2020-12-14,32.26,32.22,32.26,32.22,813
2020-12-15,NaN,32.22,NaN,NaN,239
2020-12-16,NaN,32.22,NaN,NaN,528
2020-12-17,32.16,31.4,32.16,31.4,1127
2020-12-18,NaN,31.4,NaN,NaN,0
2020-12-21,NaN,31.4,NaN,NaN,277
2020-12-22,29.5,28.51,29.5,28.51,1005
2020-12-23,29.0,30.42,30.9301,28.64,4724
2020-12-24,29.0,29.0,29.0,29.0,437
2020-12-28,29.0,29.24,29.24,29.0,2830
2020-12-29,28.31,29.3,30.0,28.31,2385
2020-12-30,29.22,29.22,29.22,29.22,777
2020-12-31,29.0,29.43,29.43,29.0,2736
2021-01-04,NaN,29.43,NaN,NaN,624
2021-01-05,29.03,29.03,29.03,29.03,402
2021-01-06,29.03,30.0,30.0,29.03,1754
2021-01-07,31.7,34.0,34.0,31.14,3532
2021-01-08,34.0,33.75,34.0,31.7,1672
2021-01-11,NaN,33.75,NaN,NaN,345
2021-01-12,32.5,32.18,32.5,29.25,1101
2021-01-13,31.0,31.0,31.0,31.0,549
2021-01-14,31.5,32.0,32.5,31.4125,1899
2021-01-15,31.0,31.14,31.14,31.0,870
2021-01-19,31.12,32.53,33.0,31.12,3069
2021-01-20,31.86,32.6,32.68,31.86,1024
2021-01-21,32.46,32.5,32.53,32.46,891
2021-01-22,31.3,33.5,33.5,31.3,1042
2021-01-25,33.814,34.097,34.097,31.69,2038
2021-01-26,33.59,33.59,33.59,33.59,705
2021-01-27,31.35,33.15,33.5,31.35,1470
2021-01-28,31.47,33.5,34.0,29.4001,2820
2021-01-29,31.53,32.03,32.03,31.53,1636
2021-02-01,32.5,30.6263,32.5,30.6263,1157
2021-02-02,29.5,32.0,33.86,29.5,1865
2021-02-03,32.418,31.7,32.418,31.7,659
2021-02-04,29.0101,32.45,32.46,29.0101,2066
2021-02-05,32.0,32.0,32.8,31.12,1806
2021-02-08,NaN,32.0,NaN,NaN,465
2021-02-09,29.5186,32.0,34.0,29.5186,4908
2021-02-10,30.5,30.5,30.5,30.5,757
2021-02-11,29.51,29.51,29.51,29.51,654
2021-02-12,29.5,29.5,29.5,29.5,756
2021-02-16,NaN,29.5,NaN,NaN,469
2021-02-17,31.72,29.7768,31.72,29.7768,783
2021-02-18,31.44,33.21,59.29,31.41,102991
2021-02-19,34.69,33.088,35.94,32.65,11440
2021-02-22,32.76,33.0216,34.5,32.12,3826
2021-02-23,32.3064,32.42,32.96,32.12,5142
2021-02-24,32.26,32.88,32.88,32.12,3456
2021-02-25,32.0,31.01,32.0,30.55,1884
2021-02-26,30.46,30.53,32.04,30.46,1509
2021-03-01,32.37,31.63,32.37,30.2201,4800
2021-03-02,31.0,30.9587,31.42,30.32,1912
2021-03-03,31.0,31.0,31.0,31.0,981
2021-03-04,NaN,31.0,NaN,NaN,660
2021-03-05,28.46,28.46,28.46,28.46,745
2021-03-08,28.0,30.5408,30.66,28.0,602
2021-03-09,30.46,30.74,30.74,30.46,733
2021-03-10,NaN,30.74,NaN,NaN,570
2021-03-11,29.11,30.1962,30.1962,29.11,1018
2021-03-12,29.4999,29.4999,29.4999,29.4999,469
2021-03-15,NaN,29.4999,NaN,NaN,555
2021-03-16,NaN,29.4999,NaN,NaN,167
2021-03-17,30.49,29.0,30.75,29.0,1378
2021-03-18,29.56,29.56,29.56,29.56,639
2021-03-19,NaN,29.56,NaN,NaN,0
2021-03-22,NaN,29.56,NaN,NaN,402
2021-03-23,NaN,29.56,NaN,NaN,247
2021-03-24,NaN,29.56,NaN,NaN,248
2021-03-25,NaN,29.56,NaN,NaN,622
2021-03-26,28.13,28.13,28.13,28.13,1012
2021-03-29,NaN,28.13,NaN,NaN,595
2021-03-30,27.16,25.5,28.0,25.2,3245
2021-03-31,28.9,38.02,59.9,25.5001,147506
2021-04-01,48.99,68.0,110.0,47.1,481783
2021-04-05,72.0,57.68,72.0,50.22,78036
2021-04-06,57.68,50.38,58.0,47.8301,33379
2021-04-07,47.63,45.53,48.91,41.97,23999
2021-04-08,47.24,45.0,47.24,39.99,13516
2021-04-09,45.5,45.21,47.7815,43.0,19395
2021-04-12,43.01,39.21,43.11,38.35,15577
2021-04-13,40.14,42.39,43.0,40.14,14286
2021-04-14,42.39,41.8422,55.0,41.5,42276
2021-04-15,41.12,41.0,42.62,39.81,10963
2021-04-16,39.34,38.45,40.4799,34.28,14740
2021-04-19,36.4,36.552,42.25,36.4,7080
2021-04-20,39.6,36.65,40.0,36.0,6643
2021-04-21,38.0,38.0,40.3,37.5,10817
2021-04-22,35.71,36.94,37.8947,35.71,5251
2021-04-23,34.35,36.33,38.88,34.35,5759
2021-04-26,38.29,37.3704,38.29,34.9027,5532
2021-04-27,36.66,36.75,38.2999,35.0,2730
2021-04-28,35.94,36.998,38.3,35.507,3523
2021-04-29,37.0,37.08,38.3,37.0,4813
2021-04-30,35.64,37.05,37.7768,35.29,4270
2021-05-03,37.0,35.68,37.38,32.55,8134
2021-05-04,34.5,34.75,37.5,33.75,3357
2021-05-05,34.3,34.74,35.11,34.3,2574
2021-05-06,35.5,35.5,35.5,35.5,1635
2021-05-07,35.43,35.27,35.43,35.27,1809
2021-05-10,33.07,33.6,34.23,32.8,2697
2021-05-11,NaN,33.6,NaN,NaN,1207
2021-05-12,33.503,34.625,34.625,33.503,1337
2021-05-13,34.24,33.1,34.24,31.75,1909
2021-05-14,32.02,33.9,33.9,32.02,2378
2021-05-17,33.11,32.04,33.26,32.04,1238
2021-05-18,32.22,33.851,33.851,32.22,2187
2021-05-19,32.98,31.0,32.99,31.0,5637
2021-05-20,31.0,31.87,32.0,30.995,5336
2021-05-21,31.7999,30.15,31.7999,28.0,6854
2021-05-24,30.5,30.5,30.5,30.25,1818
2021-05-25,31.0,31.1,36.0,30.0,8540
2021-05-26,31.5,31.42,34.5,31.2,3395
2021-05-27,32.0,32.0,32.0,32.0,471
2021-05-28,31.79,32.05,32.05,31.29,1567
2021-06-01,31.5,31.2638,32.95,31.0195,1816
2021-06-02,31.27,32.9642,32.9642,31.27,1988
2021-06-03,31.9,33.0,33.41,31.899,4613
2021-06-04,32.7091,32.7091,32.7091,32.7091,863
2021-06-07,32.5999,32.39,32.5999,31.35,2355
2021-06-08,32.08,32.495,32.495,31.995,1384
2021-06-09,32.22,32.0,32.22,32.0,954
2021-06-10,33.0,32.5,33.0,32.0,3200
2021-06-11,32.38,32.95,32.99,32.05,2582
2021-06-14,32.2,32.8,32.8,32.2,1780
2021-06-15,33.0,32.825,34.175,32.7,7743
2021-06-16,32.8986,32.101,32.9,30.02,3123
2021-06-17,32.132,31.23,32.132,30.0,5767
2021-06-18,30.3197,31.35,31.4999,30.3197,1476
2021-06-21,31.25,31.25,31.25,31.25,904
2021-06-22,31.7,31.7,31.7,31.7,466
2021-06-23,31.7,32.0,32.0,31.0,945
2021-06-24,32.8962,31.46,32.8962,31.46,1159
2021-06-25,31.73,31.11,31.89,31.11,1339
2021-06-28,31.4,30.9513,31.545,30.9513,941
2021-06-29,32.17,32.5,32.5,30.7101,2208
2021-06-30,NaN,32.5,NaN,NaN,289
2021-07-01,31.33,31.295,31.33,31.295,540
2021-07-02,31.33,31.33,31.33,31.33,529
2021-07-06,NaN,31.33,NaN,NaN,460
2021-07-07,32.0976,30.46,32.0976,30.46,709
2021-07-08,30.467,31.1,31.1,30.05,3149
2021-07-09,NaN,31.1,NaN,NaN,237
2021-07-12,NaN,31.1,NaN,NaN,416
2021-07-13,NaN,31.1,NaN,NaN,318
2021-07-14,31.05,31.5,31.82,30.9,604
2021-07-15,NaN,31.5,NaN,NaN,154
2021-07-16,31.45,30.61,31.45,30.61,456
2021-07-19,30.16,30.2146,30.2146,30.16,1144
2021-07-20,31.105,31.105,31.105,31.105,669
2021-07-21,31.125,31.125,31.125,31.125,634
2021-07-22,NaN,31.125,NaN,NaN,75
2021-07-23,30.76,31.125,30.76,30.76,546
2021-07-26,NaN,31.125,NaN,NaN,154
2021-07-27,30.01,30.01,30.01,30.01,1218
2021-07-28,29.0,29.61,29.95,28.53,2826
2021-07-29,30.06,30.01,30.06,30.01,565
2021-07-30,28.6,28.42,29.55,28.37,2021
2021-08-02,28.7,28.7,28.7,28.7,752
2021-08-03,28.2831,28.2831,28.2831,28.2831,404
2021-08-04,28.8199,28.8199,28.8199,28.8199,292
2021-08-05,NaN,28.8199,NaN,NaN,51
2021-08-06,NaN,28.8199,NaN,NaN,333
2021-08-09,29.7848,28.41,29.7848,28.41,1439
2021-08-10,NaN,28.41,NaN,NaN,588
2021-08-11,27.0,27.0,27.0,27.0,1639
2021-08-12,NaN,27.0,NaN,NaN,469
2021-08-13,29.14,29.14,29.14,29.14,657
2021-08-16,28.0,27.0834,28.0,27.05,1484
2021-08-17,NaN,27.0834,NaN,NaN,191
2021-08-18,28.0,28.0,28.0,28.0,570
2021-08-19,28.0,28.0,28.0,28.0,367
2021-08-20,28.0,28.0,28.11,27.01,1997
2021-08-23,26.99,27.25,27.94,26.55,3589
2021-08-24,27.9,26.75,28.0,26.75,1743
2021-08-25,26.7,26.7,26.7,26.7,390
2021-08-26,28.0,27.8593,28.0,26.7,1234
2021-08-27,26.5,26.8209,26.8209,26.5,670
2021-08-30,NaN,26.8209,NaN,NaN,226
2021-08-31,28.0,27.85,28.0,26.52,1131
2021-09-01,26.5,26.7192,26.7192,26.5,1002
2021-09-02,27.68,28.0,28.0,27.68,1522
2021-09-03,NaN,28.0,NaN,NaN,158
2021-09-07,NaN,28.0,NaN,NaN,267
2021-09-08,NaN,28.0,NaN,NaN,155
2021-09-09,NaN,28.0,NaN,NaN,186
2021-09-10,NaN,28.0,NaN,NaN,56
2021-09-13,NaN,28.0,NaN,NaN,548
2021-09-14,NaN,28.0,NaN,NaN,60
2021-09-15,NaN,28.0,NaN,NaN,234
2021-09-16,NaN,28.0,NaN,NaN,47
2021-09-17,NaN,28.0,NaN,NaN,187
2021-09-20,28.9973,27.85,28.9973,27.85,402
2021-09-21,28.5,27.0,28.5,27.0,428
2021-09-22,28.45,28.45,28.45,28.45,213
2021-09-23,NaN,28.45,NaN,NaN,41
2021-09-24,NaN,28.45,NaN,NaN,161
2021-09-27,29.0,28.62,29.0,28.13,2667
2021-09-28,NaN,28.62,NaN,NaN,91
2021-09-29,30.0,28.5,30.0,28.05,2777
2021-09-30,NaN,28.5,NaN,NaN,48
2021-10-01,29.0,29.0,29.0,29.0,471
2021-10-04,27.6856,29.2,29.2,27.6856,2115
2021-10-05,29.5,30.01,30.11,28.99,2483
2021-10-06,NaN,30.01,NaN,NaN,306
2021-10-07,29.03,29.97,29.97,29.03,653
2021-10-08,NaN,29.97,NaN,NaN,226
2021-10-11,28.3,28.3,28.3,28.3,505
2021-10-12,27.0,28.4,28.4,27.0,680
2021-10-13,28.4,28.4,28.4,28.4,252
2021-10-14,28.415,28.75,29.32,27.4635,2610
2021-10-15,NaN,28.75,NaN,NaN,204
2021-10-18,NaN,28.75,NaN,NaN,116
2021-10-19,NaN,28.75,NaN,NaN,182
2021-10-20,NaN,28.75,NaN,NaN,93
2021-10-21,NaN,28.75,NaN,NaN,123
2021-10-22,28.0,28.9,30.0,27.8,2052
2021-10-25,NaN,28.9,NaN,NaN,181
2021-10-26,NaN,28.9,NaN,NaN,226
2021-10-27,NaN,28.9,NaN,NaN,115
2021-10-28,28.75,28.75,28.75,28.75,310
2021-10-29,27.21,28.91,29.37,27.21,710
2021-11-01,NaN,28.91,NaN,NaN,350
2021-11-02,28.5,28.5,28.5,28.5,248
2021-11-03,27.33,28.55,29.9999,26.99,3169
2021-11-04,NaN,28.55,NaN,NaN,108
2021-11-05,NaN,28.55,NaN,NaN,87
2021-11-08,NaN,28.55,NaN,NaN,550
2021-11-09,28.45,28.45,28.45,28.45,196
2021-11-10,28.0,28.0,28.0,28.0,495
2021-11-11,NaN,28.0,NaN,NaN,128
2021-11-12,27.75,27.75,27.75,27.75,289
2021-11-15,NaN,27.75,NaN,NaN,339
2021-11-16,NaN,27.75,NaN,NaN,327
2021-11-17,NaN,27.75,NaN,NaN,241
2021-11-18,NaN,27.75,NaN,NaN,80
2021-11-19,26.65,26.68,27.0,25.5,1049
2021-11-22,NaN,26.68,NaN,NaN,373
2021-11-23,27.9999,27.5,27.9999,27.5,471
2021-11-24,NaN,27.5,NaN,NaN,36
2021-11-26,NaN,27.5,NaN,NaN,317
2021-11-29,25.9,26.7,26.7,25.9,578
2021-11-30,25.84,24.54,25.84,24.54,731
2021-12-01,26.8,26.8,26.8,26.8,313
2021-12-02,NaN,26.8,NaN,NaN,318
2021-12-03,22.75,24.7,24.7,22.75,1177
2021-12-06,25.94,25.94,25.94,25.94,1232
2021-12-07,25.9,25.94,25.9,25.9,785
2021-12-08,NaN,25.94,NaN,NaN,478
2021-12-09,22.23,23.9,23.9,22.23,1236
2021-12-10,25.1,24.8,25.1,23.832,1643
2021-12-13,25.225,25.225,25.225,25.225,474
2021-12-14,NaN,25.225,NaN,NaN,260
2021-12-15,NaN,25.225,NaN,NaN,80
2021-12-16,23.02,22.5,23.02,22.5,1648
2021-12-17,23.51,24.2794,24.2794,23.51,985
2021-12-20,NaN,24.2794,NaN,NaN,292
2021-12-21,22.05,22.01,22.05,22.01,1572
2021-12-22,22.0099,17.925,22.0099,16.9,6341
2021-12-23,19.17,18.0,21.09,18.0,9290
2021-12-27,19.17,19.001,19.17,17.6,3673
2021-12-28,18.3,17.1216,18.3787,17.1216,2999
2021-12-29,NaN,17.1216,NaN,NaN,2209
2021-12-30,17.98,15.2939,17.98,15.2939,6433
2021-12-31,17.0,16.75,17.03,15.6,7955
2022-01-03,15.63,16.0,16.5,15.63,7475
2022-01-04,15.75,15.95,17.98,15.75,6719
2022-01-05,16.33,16.5,16.5,15.0001,2469
2022-01-06,NaN,16.5,NaN,NaN,614
2022-01-07,19.9,15.8,22.17,15.2,21906
2022-01-10,14.35,16.5,16.5,14.35,4878
2022-01-11,15.9,16.0,16.0,15.79,3255
2022-01-12,16.63,16.4,16.6693,15.018,5929
2022-01-13,15.5,16.2232,16.2232,15.5,2007
2022-01-14,15.75,16.19,16.19,13.76,2725
2022-01-18,15.171,15.3499,15.3499,13.7401,2627
2022-01-19,14.27,15.5999,16.39,13.41,3545
2022-01-20,NaN,15.5999,NaN,NaN,1678
2022-01-21,13.91,14.47,14.8,13.15,3513
2022-01-24,13.5,14.5,14.93,13.0,3123
2022-01-25,15.23,15.01,15.23,15.01,1393
2022-01-26,15.0,15.446,15.5,15.0,881
2022-01-28,14.56,15.245,16.02,14.52,1017
2022-01-31,15.95,14.6,15.95,14.6,868
2022-02-02,15.2569,15.3,15.34,14.6101,1671
2022-02-04,14.61,16.07,16.07,14.61,1726
2022-02-07,14.75,15.35,15.35,14.75,1366
2022-02-10,16.71,15.06,16.71,15.06,1193
2022-02-15,15.99,15.99,15.99,15.99,644
2022-02-17,15.25,15.45,15.45,15.25,1053
2022-02-18,14.65,14.6121,14.65,14.6121,807
2022-02-23,14.0401,14.1,15.44,14.0001,2330
2022-02-24,14.0,14.0,14.0001,14.0,929
2022-02-28,14.2,14.2,14.2,14.2,100
2022-03-02,15.0,15.0,15.0,15.0,468
2022-03-03,15.97,14.6,15.97,14.6,748
2022-03-04,14.64,14.64,14.64,14.64,603
2022-03-07,15.0,15.0,15.0,15.0,736
2022-03-08,14.15,14.85,14.85,14.0,1468
2022-03-09,14.51,13.0601,14.51,13.0601,998
2022-03-10,13.71,13.71,13.71,13.71,433
2022-03-11,13.4,13.4,13.4,13.4,284
2022-03-14,14.72,14.72,14.72,14.72,2883
2022-03-15,15.0,15.0,15.0,15.0,1712
2022-03-16,14.7463,14.73,14.7463,14.73,1782
2022-03-17,14.12,14.75,14.8,14.12,4407
2022-03-18,14.156,14.1,15.57,14.1,2087
2022-03-21,14.8,14.8,14.8,14.8,633
2022-03-22,13.81,13.81,13.81,13.81,853
2022-03-23,13.25,15.0551,15.31,13.25,3052
2022-03-24,13.72,15.04,15.09,13.72,1956
2022-03-25,14.095,14.9548,14.9548,14.0681,1553
2022-03-28,15.299,15.1462,15.3,13.22,4436
2022-03-29,14.57,14.9425,15.2962,14.57,1977
2022-03-30,15.3,15.4199,15.5,14.82,3944
2022-03-31,15.4235,15.4235,15.4235,15.4235,815
2022-04-01,14.51,15.08,15.08,14.51,1681
2022-04-04,15.4999,15.4999,15.4999,15.4999,479
2022-04-05,15.45,15.45,15.45,15.45,788
2022-04-06,16.15,15.4356,16.15,14.1792,1307
2022-04-07,14.75,15.38,15.51,13.978,1602
2022-04-08,15.38,15.99,15.99,15.38,649
2022-04-12,15.0,15.72,15.72,15.0,859
2022-04-13,13.51,15.38,15.5999,13.51,1367
2022-04-14,13.8101,15.19,15.19,13.8101,757
2022-04-18,14.0,15.4,15.4,14.0,1320
2022-04-20,14.4,15.82,15.82,14.1,1578
2022-04-21,14.98,14.58,15.2882,14.22,1212
2022-04-22,14.3859,14.3859,14.3859,14.3859,951
2022-04-26,13.607,13.607,13.607,13.607,315
2022-04-27,13.73,13.73,13.73,13.73,397
2022-04-28,13.0,12.79,13.0,12.79,810
2022-04-29,12.3,12.3,12.3,12.3,632
2022-05-05,13.17,13.17,13.17,13.17,737
2022-05-06,12.7038,13.36,13.36,12.7038,505
2022-05-09,12.95,13.3899,13.3899,12.95,939
2022-05-10,12.5883,12.0,13.1231,12.0,1856
2022-05-11,12.3799,11.0,12.3799,11.0,1084
2022-05-12,11.0,11.9566,11.9745,11.0,1592
2022-05-13,10.9394,11.37,12.0,10.9394,2117
2022-05-16,10.8858,10.87,11.36,10.87,1869
2022-05-17,11.42,11.41,11.45,11.41,943
2022-05-20,10.97,10.66,10.97,10.37,1528
2022-05-23,10.86,10.85,10.86,10.63,458
2022-05-24,10.25,9.99,10.7675,9.99,1206
2022-05-26,9.5503,9.98,9.98,9.5503,527
2022-05-31,9.8,10.19,10.19,9.8,1289
2022-06-02,9.56,9.38,9.65,8.6101,3549
2022-06-03,9.9,9.89,9.9,9.89,622
2022-06-06,9.0,9.0,9.0,9.0,195
2022-06-15,8.99,10.25,10.25,8.9773,2806
2022-06-16,9.68,9.68,9.7295,9.67,1147
2022-06-21,9.225,8.9,9.6,8.9,760
2022-06-22,10.05,10.05,10.05,10.05,311
2022-06-23,10.6,9.05,10.6,9.05,1189
2022-06-24,9.43,9.2998,10.1,8.49,1568
2022-06-27,9.35,9.9811,9.9811,8.43,990
2022-06-28,9.21,9.72,10.0899,9.21,893
2022-06-29,8.98,8.98,8.98,8.98,430
2022-07-07,9.58,9.58,9.58,9.58,268
2022-07-11,9.74,9.76,9.76,9.74,508
2022-07-12,9.22,9.16,9.22,9.16,1601
2022-07-13,10.4299,14.0,19.6,9.39,182403
2022-07-14,17.5,15.33,19.6,14.0101,62893
2022-07-15,14.57,13.41,15.6914,12.5,25252
2022-07-18,13.65,11.62,13.65,11.5,17376
2022-07-19,11.48,12.0242,13.64,10.33,13562
2022-07-20,12.902,12.11,12.902,12.11,1489
2022-07-21,11.92,12.16,12.16,11.92,1246
2022-07-22,11.46,12.03,12.03,11.46,1903
2022-07-25,12.5,10.98,12.5,10.75,9677
2022-07-26,11.06,13.08,13.6,11.05,38677
2022-07-27,11.8,13.4189,15.15,11.8,29396
2022-07-28,14.82,13.3,14.9,12.44,37052
2022-07-29,12.25,16.21,18.7,12.25,73490
2022-08-01,17.55,48.03,82.98,17.55,441110
2022-08-02,61.52,58.9699,93.67,47.0,289156
2022-08-03,58.15,38.0,58.5,33.03,100454
2022-08-04,34.99,40.15,59.037,32.9801,135071
2022-08-05,39.35,34.61,47.2999,33.31,55052
2022-08-08,36.34,28.4,38.17,27.7412,62939
2022-08-09,29.69,25.9,30.7371,22.3068,82172
2022-08-10,27.09,26.3,29.6941,24.2447,71920
2022-08-11,25.68,24.88,28.6,24.78,66109
2022-08-12,24.18,27.03,29.98,24.18,74282
2022-08-15,26.9,56.28,67.0,26.9,651336
2022-08-16,50.29,42.0,54.9521,37.11,93817
2022-08-17,40.25,39.8,41.72,38.0,20287
2022-08-18,39.0,35.3999,39.0,33.5,55090
2022-08-19,35.67,38.49,48.72,33.1,82664
2022-08-22,37.01,37.28,41.96,31.5,58519
2022-08-23,36.0,40.5,45.9499,36.0,48585
2022-08-24,38.39,38.935,43.68,38.39,21420
2022-08-25,40.93,38.25,41.0,36.9,9906
2022-08-26,39.56,38.145,39.56,37.3,4471
2022-08-29,36.59,39.45,43.74,35.0347,17837
2022-08-30,36.0,35.02,39.5,34.05,17092
2022-08-31,36.25,38.01,39.25,35.88,20974
2022-09-01,35.77,36.31,40.2,35.72,10929
2022-09-02,35.6,34.6644,36.62,34.6644,3278
2022-09-06,35.41,36.8,38.3,31.24,24868
2022-09-07,36.94,36.905,37.16,34.6537,10198
2022-09-08,32.82,35.49,37.3,32.48,12802
2022-09-09,34.54,36.4332,37.8899,33.3301,4704
2022-09-12,36.95,34.98,36.95,33.77,4284
2022-09-13,33.81,33.0,35.62,33.0,3240
2022-09-14,33.2224,31.88,33.2224,31.88,3973
2022-09-15,30.3,32.08,32.97,30.3,3795
2022-09-16,30.33,29.0,30.79,29.0,4027
2022-09-19,29.15,28.65,31.63,26.97,22186
2022-09-20,29.91,30.02,31.8,28.99,16764
2022-09-21,27.5501,31.99,31.99,27.5501,1883
2022-09-22,29.48,27.55,29.49,27.55,3529
2022-09-23,27.25,28.1001,28.85,27.05,8610
2022-09-26,28.18,30.12,34.48,28.18,15418
2022-09-27,30.89,29.21,31.4,28.01,23554
2022-09-28,29.9,30.4,30.6,29.89,9604
2022-09-29,28.6,28.0728,31.15,27.8,8887
2022-09-30,28.69,29.3,31.62,28.1,38164
2022-10-03,29.29,29.39,32.5,28.245,25417
2022-10-04,29.39,29.58,31.5,29.055,36891
2022-10-05,28.0138,27.9673,30.41,27.9673,17772
2022-10-06,29.35,29.41,31.0,28.65,8053
2022-10-07,30.88,29.9,30.88,28.0402,3431
2022-10-10,29.8,29.08,29.8,29.08,1699
2022-10-11,31.4,30.87,31.5,28.9,23757
2022-10-12,29.2055,29.15,29.4,28.5,5712
2022-10-13,31.49,29.75,31.49,29.12,7698
2022-10-14,31.0,28.676,31.0,28.676,10548
2022-10-17,29.65,29.11,30.45,28.92,20113
2022-10-18,29.2,29.05,30.0,28.65,6888
2022-10-19,29.55,28.75,29.6,28.62,4227
2022-10-20,29.5,28.85,29.5,28.49,9637
2022-10-21,29.01,28.85,29.4,27.89,10111
2022-10-24,29.0,28.7,29.28,28.7,2755
2022-10-25,28.6,28.81,28.9,28.6,6636
2022-10-26,28.52,28.52,28.52,28.52,1569
2022-10-27,28.0,28.5,29.42,25.39,5469
2022-10-28,28.3,28.3,28.3,28.3,361
2022-10-31,27.9,27.54,27.95,27.465,3236
2022-11-01,27.85,27.0,27.85,27.0,1215
2022-11-02,25.8,24.01,25.8,24.01,1053
2022-11-03,25.0,26.18,29.0,22.0001,15175
2022-11-04,27.2,27.2,27.7,26.02,6271
2022-11-08,25.52,24.3,25.52,23.52,2250
2022-11-09,22.01,25.0,25.84,20.15,15573
2022-11-10,25.44,26.06,26.81,25.0,7006
2022-11-11,26.04,28.0,30.8,26.04,18946
2022-11-14,28.16,28.25,31.12,26.1974,16338
2022-11-15,28.0,28.0,29.7,27.0,10987
2022-11-16,28.1,27.4475,28.102,27.08,10650
2022-11-17,28.1,26.26,28.1,26.2,6299
2022-11-18,27.0,26.9,29.41,26.2,9152
2022-11-21,27.1,27.0105,27.8,26.9,883
2022-11-22,24.16,28.17,28.17,21.74,1569
2022-11-23,26.87,26.87,26.87,26.87,409
2022-11-25,26.25,26.25,26.25,26.25,257
2022-11-28,26.21,26.21,26.21,26.21,436
2022-12-02,26.38,25.48,26.9,25.48,1160
2022-12-06,24.09,24.25,28.96,24.09,8644
2022-12-07,24.49,25.18,25.85,23.3,6937
2022-12-08,26.0,24.71,26.0,23.7,5828
2022-12-09,25.0,26.0,29.67,24.59,15429
2022-12-12,26.22,25.5,27.5,25.5,3313
2022-12-13,26.5,25.5,27.7,25.5,12254
2022-12-14,27.53,26.03,27.53,25.06,3880
2022-12-15,26.7,26.3,26.7,26.3,402
2022-12-19,26.5,25.32,26.5,25.3,1952
2022-12-20,26.23,25.5101,29.05,25.5101,2692
2022-12-21,26.8,27.4,30.47,25.95,10369
2022-12-23,25.5,25.72,32.41,25.45,15486
2022-12-27,27.0,27.1,29.4,25.425,12025
2022-12-28,27.29,26.7,28.7,26.7,6548
2022-12-29,27.75,25.58,30.86,25.58,10772
2022-12-30,26.23,25.0,27.9,25.0,2380
2023-01-03,26.3,26.3,26.3,26.3,484
2023-01-04,25.9,25.9,25.9,25.9,850
2023-01-05,24.01,25.95,25.98,24.01,2945
2023-01-06,25.6,26.3,26.48,25.6,2690
2023-01-09,26.65,27.175,28.0,26.25,5800
2023-01-10,26.6,27.2,28.55,26.55,5484
2023-01-13,27.2,27.2,27.2,27.2,403
2023-01-17,26.6,27.42,32.8,26.19,17482
2023-01-18,27.57,28.1,29.0,27.3,3520
2023-01-20,27.06,27.1,27.1,26.54,1501
2023-01-23,26.45,28.04,28.04,26.45,2891
2023-01-25,26.72,26.7,26.725,26.7,965
2023-01-26,26.56,28.0,30.61,26.56,4840
2023-01-30,27.47,27.4999,27.4999,27.47,812
2023-01-31,27.84,27.0,29.9,26.7,5244
2023-02-01,27.7,27.11,28.1,27.11,2126
2023-02-02,28.56,27.21,28.91,27.01,3721
2023-02-03,27.0,26.85,27.0,26.49,1097
2023-02-06,26.0,26.0,26.1834,26.0,1660
2023-02-08,27.18,26.66,28.8514,26.66,6692
2023-02-10,25.2,27.72,27.72,25.2,321
2023-02-13,24.39,26.85,27.0,24.39,3311
2023-02-14,24.0,26.0,26.0,24.0,448
2023-02-17,24.65,26.285,26.91,24.65,2949
2023-02-21,25.02,25.02,25.02,25.02,375
2023-02-24,24.7,24.26,24.7,24.26,657
2023-02-27,24.25,24.25,24.25,24.25,404
2023-02-28,25.5,25.5,25.5,25.5,217
2023-03-01,22.15,26.5,26.5,22.15,1787
2023-03-09,24.23,24.23,24.23,24.23,568
2023-03-10,24.0,24.0,24.0,24.0,478
2023-03-13,24.0,25.21,26.39,24.0,944
2023-03-14,25.0,25.0,25.0,25.0,600
2023-03-15,23.28,23.02,23.28,22.05,1189
2023-03-17,23.0,23.44,23.44,23.0,958
2023-03-20,22.5,23.6,23.6,22.5,1334
2023-03-22,22.75,23.41,24.44,22.75,1935
2023-03-23,23.61,23.61,23.61,23.61,337
2023-03-24,22.8,22.8,22.8,22.8,260
2023-03-27,23.2,23.2,23.2,23.2,428
2023-03-28,23.2,23.39,23.4,23.2,554
2023-03-29,23.4,23.4,23.4,23.4,299
2023-03-30,23.63,25.5,29.7,23.63,9752
2023-03-31,25.76,25.2,27.3,24.0,2846
2023-04-03,25.0,25.0,25.0,25.0,227
2023-04-05,24.03,21.5,26.24,21.5,1510
2023-04-06,22.57,22.57,22.57,22.57,278
2023-04-11,23.0,23.0,23.0,23.0,270
2023-04-14,23.43,23.43,23.43,23.43,322
2023-04-17,23.25,23.25,23.25,23.25,1122
2023-04-19,22.1,22.1,22.1,22.1,181
2023-04-20,22.33,22.33,22.33,22.33,155
2023-04-27,21.5,21.5,21.5,21.5,910
2023-04-28,21.5,21.5,21.5,21.5,724
2023-05-01,21.5,21.5,21.5,21.5,279
2023-05-02,NaN,NaN,NaN,NaN,70
2023-05-03,21.8,22.9,22.9,21.74,913
2023-05-04,22.7,21.5,25.99,20.67,11169
