2021-08-16,575.0,546.0,648.0,530.0,5481
2021-08-17,540.0,384.0,540.0,357.0,8841
2021-08-18,365.0,469.5,524.0,344.0,14689
2021-08-19,450.0,412.5,472.0,402.0,3869
2021-08-20,410.0,399.5,449.995,372.7,1716
2021-08-23,384.0,369.0,422.0,362.5,3553
2021-08-24,379.5,353.5,415.495,353.5,3177
2021-08-25,359.5,342.5,368.5,340.0,1486
2021-08-26,347.5,312.5,365.0,300.0,6720
2021-08-27,313.5,310.0,345.0,305.0,3431
2021-08-30,320.0,326.5,336.705,320.0,1541
2021-08-31,334.5,336.0,336.0,302.5,1730
2021-09-01,331.5,337.0,345.5,311.0,492
2021-09-02,334.0,344.5,373.635,325.5,3856
2021-09-03,344.5,343.5,349.995,325.0,630
2021-09-07,337.5,353.5,375.0,319.0,1778
2021-09-08,369.0,650.5,728.0,335.9,27266
2021-09-09,540.0,549.5,825.995,503.0,141566
2021-09-10,558.5,550.0,710.0,534.0,26049
2021-09-13,550.0,459.0,561.34,449.0,9047
2021-09-14,456.0,413.0,490.0,406.525,6426
2021-09-15,412.5,399.5,500.0,379.5,17661
2021-09-16,455.0,450.0,525.0,430.0,19293
2021-09-17,894.5,884.5,1289.0,763.0,1354847
2021-09-20,750.0,718.0,775.0,675.0,33657
2021-09-21,1712.5,1411.5,2094.0,1365.0,962899
2021-09-22,1376.87,1220.0,1381.585,1162.5,51005
2021-09-23,1411.5,1150.0,1428.5,1129.0,73583
2021-09-24,1030.0,974.0,1030.0,912.5,32815
2021-09-27,980.5,983.0,1059.5,875.0,41698
2021-09-28,959.0,1033.5,1064.995,952.0,18547
2021-09-29,718.98,702.5,736.0,670.5,54297
2021-09-30,704.0,641.5,709.995,635.0,24048
2021-10-01,647.0,629.0,685.0,616.0,19343
2021-10-04,610.0,629.5,679.0,603.0,14893
2021-10-05,630.0,655.0,675.0,627.5,15758
2021-10-06,628.5,589.0,657.5,578.0,8964
2021-10-07,620.5,571.5,620.5,569.5,7720
2021-10-08,586.0,541.5,606.5,527.5,11643
2021-10-11,528.5,524.5,542.0,520.0,5318
2021-10-12,524.5,532.5,540.5,513.0,5082
2021-10-13,528.0,512.0,537.5,501.5,8842
2021-10-14,585.31,556.0,627.0,541.0,87948
2021-10-15,556.5,612.0,770.0,540.0,103532
2021-10-18,588.0,568.0,685.0,556.5,37057
2021-10-19,564.0,578.0,619.0,563.0,21748
2021-10-20,574.0,574.5,589.0,566.015,9887
2021-10-21,566.0,548.0,579.45,540.0,5775
2021-10-22,547.5,522.0,556.41,493.0,10843
2021-10-25,521.745,500.5,533.5,500.0,4530
2021-10-26,505.0,481.0,519.0,480.5,6442
2021-10-27,488.0,485.0,491.955,471.0,3443
2021-10-28,479.5,514.0,518.465,470.5,6256
2021-10-29,523.0,510.5,532.995,495.0,5244
2021-11-01,509.5,535.0,542.0,495.5,6369
2021-11-02,535.0,557.5,574.5,515.505,16799
2021-11-03,545.5,502.5,552.5,499.5,7757
2021-11-04,502.5,520.0,575.0,495.0,17785
2021-11-05,519.5,510.0,533.415,490.5,5366
2021-11-08,514.0,523.5,524.5,505.0,2599
2021-11-09,508.0,503.0,522.5,494.0,4616
2021-11-10,504.5,505.0,507.5,492.5,1876
2021-11-11,510.0,503.0,510.0,495.405,1322
2021-11-12,500.0,534.0,538.0,487.5,7112
2021-11-15,540.0,587.5,605.0,534.5,28029
2021-11-16,561.0,493.5,568.5,491.0,12586
2021-11-17,499.5,503.0,514.495,480.005,6129
2021-11-18,495.0,496.5,501.0,478.5,2473
2021-11-19,492.5,479.5,492.5,473.5,2646
2021-11-22,483.5,447.5,487.0,430.0,3195
2021-11-23,436.5,433.0,486.5,425.24,5556
2021-11-24,430.0,429.0,440.5,422.0,1657
2021-11-26,429.0,441.5,441.5,413.505,1284
2021-11-29,465.0,422.0,474.5,416.5,12394
2021-11-30,421.0,420.0,428.5,394.0,7317
2021-12-01,425.0,389.0,430.5,384.52,2351
2021-12-02,390.5,385.0,394.495,371.5,1367
2021-12-03,385.5,396.5,398.5,363.0,6744
2021-12-06,391.5,368.5,399.0,367.0,2326
2021-12-07,375.5,404.0,404.0,375.5,3674
2021-12-08,401.0,401.5,412.5,385.5,2431
2021-12-09,400.0,396.0,434.5,387.5,10379
2021-12-10,394.0,382.5,397.5,375.0,1951
2021-12-13,378.0,347.0,382.5,342.505,2959
2021-12-14,345.5,382.0,468.5,335.0,160111
2021-12-15,360.5,345.5,368.305,337.5,15650
2021-12-16,346.0,316.0,346.5,315.0,6034
2021-12-17,313.0,308.0,339.0,293.12,5352
2021-12-20,304.5,305.0,312.5,291.5,5195
2021-12-21,312.5,315.5,333.5,302.5,8493
2021-12-22,311.0,333.0,338.0,303.5,3054
2021-12-23,331.0,325.5,331.495,316.77,3144
2021-12-27,321.5,321.0,331.5,318.0,1923
2021-12-28,316.5,292.5,318.0,290.5,2279
2021-12-29,290.5,287.0,290.5,280.0,2154
2021-12-30,278.5,285.0,297.5,276.5,4246
2021-12-31,280.5,274.5,285.975,270.575,2111
2022-01-03,277.0,289.0,293.0,273.0,1049
2022-01-04,290.0,296.5,304.685,289.0,1746
2022-01-05,296.5,273.5,298.5,271.505,1202
2022-01-06,276.0,270.0,284.5,265.5,977
2022-01-07,273.0,268.5,273.0,253.0,1423
2022-01-10,274.5,263.5,274.5,253.75,1104
2022-01-11,264.0,281.0,320.0,257.5,30498
2022-01-12,278.0,266.5,285.5,261.5,2100
2022-01-13,263.0,262.5,272.0,260.5,1330
2022-01-14,260.0,265.0,265.5,255.5,1087
2022-01-18,264.5,259.0,265.0,246.5,1998
2022-01-19,257.5,245.5,257.5,238.5,1426
2022-01-20,249.0,232.0,251.0,229.015,2470
2022-01-21,229.0,200.0,230.0,200.0,2709
2022-01-24,194.0,175.0,194.0,163.0,4495
2022-01-25,183.0,189.5,190.0,165.0,2357
2022-01-26,188.0,167.0,192.5,166.75,1831
2022-01-27,168.5,157.5,177.5,156.0,1703
2022-01-28,156.0,157.5,160.0,140.0,1560
2022-01-31,159.5,164.0,169.0,156.0,1403
2022-02-01,164.5,153.0,169.5,150.0,8870
2022-02-02,167.0,191.0,202.5,165.0,440772
2022-02-03,174.25,191.0,197.5,168.0,42569
2022-02-04,182.0,201.5,204.0,176.5,25613
2022-02-07,201.5,203.5,221.0,196.69,19351
2022-02-08,200.0,193.5,210.0,190.5,5320
2022-02-09,193.0,183.5,203.885,181.0,6909
2022-02-10,182.0,181.0,198.0,171.005,5060
2022-02-11,179.0,168.5,186.025,164.55,3163
2022-02-14,165.0,159.0,176.0,158.0,3403
2022-02-15,161.0,160.5,164.77,158.005,2311
2022-02-16,162.0,151.5,168.495,151.0,11563
2022-02-17,157.0,148.0,157.0,144.5,3340
2022-02-18,145.0,142.0,148.0,137.5,3977
2022-02-22,140.0,139.5,144.995,137.5,1586
2022-02-23,142.0,133.0,143.5,132.505,1040
2022-02-24,125.0,147.0,148.0,120.0,1596
2022-02-25,150.0,142.5,150.375,138.5,825
2022-02-28,142.0,142.5,145.5,138.035,749
2022-03-01,138.0,156.0,159.0,135.0,3010
2022-03-02,152.5,154.5,157.0,151.0,719
2022-03-03,153.5,144.5,156.0,143.5,995
2022-03-04,144.0,150.0,150.0,138.285,969
2022-03-07,152.0,135.5,152.0,134.5,3339
2022-03-08,141.5,140.5,147.0,135.005,1442
2022-03-09,145.0,141.0,148.0,137.5,1659
2022-03-10,144.5,150.0,153.5,135.0,1584
2022-03-11,164.0,155.0,166.0,148.01,3146
2022-03-14,152.0,142.0,154.0,139.005,1427
2022-03-15,144.0,147.0,149.5,139.0,700
2022-03-16,150.0,145.0,160.0,145.0,2674
2022-03-17,144.0,146.0,156.0,144.0,1517
2022-03-18,146.0,149.0,154.0,146.0,2283
2022-03-21,158.0,154.0,183.0,145.32,33967
2022-03-22,166.0,150.5,169.0,147.0,44754
2022-03-23,150.0,144.0,150.0,139.0,12124
2022-03-24,141.0,142.5,148.0,137.0,9824
2022-03-25,142.5,148.5,153.0,142.5,16862
2022-03-28,148.5,143.0,148.5,140.5,4647
2022-03-29,155.5,165.5,173.29,148.5,46519
2022-03-30,162.0,158.5,165.0,156.5,11668
2022-03-31,158.5,154.0,175.0,153.0,22657
2022-04-01,157.0,167.5,169.0,157.0,14146
2022-04-04,170.0,168.0,170.0,162.0,10285
2022-04-05,165.5,150.0,165.935,147.0,13621
2022-04-06,148.0,134.5,149.25,130.0,11444
2022-04-07,138.0,142.5,143.17,130.0,5840
2022-04-08,138.0,138.5,141.0,133.95,3456
2022-04-11,136.0,138.5,145.0,135.0,2422
2022-04-12,141.5,139.5,144.5,136.0,1908
2022-04-13,140.0,139.0,142.0,136.005,1799
2022-04-14,142.5,133.0,142.5,132.5,6039
2022-04-18,127.0,107.0,130.5,100.5,13799
2022-04-19,105.0,105.0,112.5,103.0,3523
2022-04-20,103.0,93.5,106.5,93.0,6677
2022-04-21,92.5,86.5,95.0,84.0,6657
2022-04-22,89.0,88.0,90.0,82.0,1772
2022-04-25,84.0,85.0,88.0,81.0,2214
2022-04-26,85.0,75.0,85.0,75.0,3486
2022-04-27,75.0,74.0,82.495,73.0,1533
2022-04-28,80.0,78.0,81.0,74.4,3278
2022-04-29,78.0,77.0,81.0,73.5,1773
2022-05-02,84.5,77.0,88.0,77.0,7474
2022-05-03,77.0,76.0,82.0,75.5,4670
2022-05-04,75.5,72.0,77.5,70.5,5399
2022-05-05,72.0,68.5,72.5,66.0,2683
2022-05-06,69.0,65.5,70.24,63.0,3519
2022-05-09,61.5,58.0,63.5,58.0,2353
2022-05-10,59.0,59.0,60.0,57.0,2834
2022-05-11,57.5,57.5,62.5,56.695,2517
2022-05-12,55.0,53.5,57.0,52.0,4378
2022-05-13,56.5,57.0,62.0,55.0,7427
2022-05-16,62.5,56.5,63.495,55.5,4230
2022-05-17,56.5,53.5,57.5,52.0,4629
2022-05-18,55.0,53.5,55.0,53.0,2729
2022-05-19,53.38,60.5,61.5,53.0,4212
2022-05-20,59.5,59.5,61.5,58.0,2166
2022-05-23,60.0,63.0,66.5,57.5,3138
2022-05-24,62.5,59.5,62.5,58.5,1079
2022-05-25,63.5,61.5,63.5,59.5,637
2022-05-26,61.0,60.5,62.5,58.0,2268
2022-05-27,60.5,56.0,61.5,55.0,4245
2022-05-31,56.0,54.0,57.49,52.5,3039
2022-06-01,53.5,52.5,62.5,51.0,12500
2022-06-02,51.5,50.0,52.5,45.505,3983
2022-06-03,50.5,49.395,52.5,46.5,5839
2022-06-06,48.5,46.0,49.4,45.45,51700
2022-06-07,54.5,49.0,61.0,47.05,901334
2022-06-08,49.275,45.25,51.0,45.0,123122
2022-06-09,45.0,43.745,47.5,41.57,59636
2022-06-10,40.145,39.21,40.83,38.0,26269
2022-06-13,36.475,33.0,36.475,32.0,32218
2022-06-14,33.0,40.795,45.835,32.64,121806
2022-06-15,36.8,41.5,49.495,36.5,84577
2022-06-16,41.5,35.005,42.295,33.5,35218
2022-06-17,36.5,41.5,44.5,34.3,94365
2022-06-21,44.0,42.71,46.995,42.0,102321
2022-06-22,42.71,40.48,42.995,40.0,27583
2022-06-23,39.36,40.1,41.39,34.5,33996
2022-06-24,38.5,39.31,41.0,37.67,19429
2022-06-27,40.43,39.005,40.89155,38.0,19891
2022-06-28,39.26,36.1,39.5,35.95,14618
2022-06-29,36.375,34.06,37.445,32.835,40175
2022-06-30,32.83,32.5,35.0,32.0,11188
2022-07-01,31.6,33.5,33.7,31.5,6696
2022-07-05,33.94,32.785,34.0,31.0,8315
2022-07-06,33.165,31.32,34.1,31.25,16021
2022-07-07,31.295,32.44,32.5,31.295,10392
2022-07-08,32.225,32.76,34.01,30.5,9927
2022-07-11,32.5,34.395,36.48995,31.005,26852
2022-07-12,35.5,31.045,35.5,30.555,23526
2022-07-13,30.395,29.0,31.015,28.27,17055
2022-07-14,29.0,30.55,30.975,26.6,39506
2022-07-15,32.75,31.33,33.0,28.53,59840
2022-07-18,30.005,32.0,33.7,29.5,48155
2022-07-19,31.0,32.9,33.0,30.075,36959
2022-07-20,31.875,31.54,32.85,30.695,47217
2022-07-21,34.0,32.75,37.5,31.0,83141
2022-07-22,32.5,30.52,33.995,29.56,41623
2022-07-25,31.875,29.96,31.875,29.0,30506
2022-07-26,28.4,27.5,29.0,26.5,30777
2022-07-27,29.075,27.25,29.45,26.13,36833
2022-07-28,27.5,25.125,27.5,25.01,28419
2022-07-29,26.45,24.33,26.45,24.06,19941
2022-08-01,23.485,24.2,26.495,22.515,22980
2022-08-02,22.75,25.89,26.25,22.75,30727
2022-08-03,26.5,29.85,30.5,26.135,50579
2022-08-04,32.375,29.485,33.0,28.105,91438
2022-08-05,31.0,37.505,40.0,30.075,183528
2022-08-08,54.5,80.5,94.0,50.5,4410336
2022-08-09,98.0,72.0,119.5,68.5,3181908
2022-08-10,82.0,74.0,97.5,73.0,1586563
2022-08-11,81.5,71.5,87.5,66.5,431760
2022-08-12,69.0,63.5,73.0,60.5,193175
2022-08-15,80.5,71.5,80.5,67.0,810513
2022-08-16,62.5,56.0,64.0,53.0,368979
2022-08-17,56.5,52.5,56.5,51.5,177131
2022-08-18,49.535,53.5,54.5,47.75,129159
2022-08-19,55.0,48.1,55.0,47.37,87612
2022-08-22,44.74,46.5,47.25,41.505,70286
2022-08-23,44.9,45.25,47.0,41.825,23298
2022-08-24,51.0,41.98,51.5,40.5,128612
2022-08-25,43.5,39.01,44.0,38.0,61266
2022-08-26,38.43,35.92,39.5,35.125,49695
2022-08-29,35.0,35.5,36.935,34.0,27375
2022-08-30,36.25,31.94,36.25,30.84,76151
2022-08-31,34.505,33.5,37.435,32.085,105996
2022-09-01,31.0,35.0,35.495,30.5,67655
2022-09-02,33.5,32.5,34.0,31.5,42558
2022-09-06,32.0,27.79,32.02,27.105,45534
2022-09-07,29.005,29.71,29.995,28.0,32350
2022-09-08,29.395,31.045,31.4,28.505,21891
2022-09-09,31.49,31.25,34.5,30.75,50314
2022-09-12,32.5,30.5,33.0,30.255,19200
2022-09-13,28.355,29.41,29.59,27.6,31915
2022-09-14,28.75,28.295,29.73995,27.89,19810
2022-09-15,29.0,26.7,29.5,26.7,26054
2022-09-16,26.5,25.72,27.2,24.45,37396
2022-09-19,25.4,24.585,26.0,24.585,21847
2022-09-20,24.535,21.84,25.2,21.64,32640
2022-09-21,22.675,22.595,23.935,21.82,16564
2022-09-22,24.0,22.985,24.0,21.655,26118
2022-09-23,22.355,21.66,22.355,20.77,20920
2022-09-26,21.255,22.0,22.925,21.0,10912
2022-09-27,21.69,19.7,22.935,19.15,23637
2022-09-28,19.04,19.275,19.995,18.75,20607
2022-09-29,18.35,18.14,18.99495,18.0,17463
2022-09-30,18.315,17.655,18.85,17.5,9521
2022-10-03,18.0,16.505,19.295,16.505,20352
2022-10-04,17.0,17.4,18.45,16.5,23941
2022-10-05,17.25,17.38,17.99495,16.5,15288
2022-10-06,17.5,17.0,18.0,16.5,13532
2022-10-07,16.98,15.95,17.0,15.8825,15911
2022-10-10,16.42,15.37,16.42,15.0,13049
2022-10-11,15.9,13.305,16.0,12.525,31822
2022-10-12,13.77,12.5,13.9,11.95,26617
2022-10-13,12.0,13.465,14.0,12.0,72294
2022-10-14,13.73,13.11,15.0,12.5,61199
2022-10-17,14.0,13.32,14.0,13.0,25586
2022-10-18,14.5,21.055,26.5,14.0,1298941
2022-10-19,20.315,17.0,20.8,14.0,206341
2022-10-20,15.085,14.54,15.66,12.5,151827
2022-10-21,14.0,13.755,14.9,12.755,105378
2022-10-24,14.5,15.5,17.25,13.85,150073
2022-10-25,20.75,14.245,21.5,14.0,664187
2022-10-26,14.485,13.95,14.485,13.05,217895
2022-10-27,13.5,15.28,16.0,13.3,179372
2022-10-28,15.01,15.75,16.0,14.725,103696
2022-10-31,15.59,14.65,15.7,13.905,104090
2022-11-01,14.725,14.595,15.0,14.0,63759
2022-11-02,14.5,13.0,14.595,13.0,88280
2022-11-03,13.245,11.895,13.245,11.75,127701
2022-11-04,11.995,11.13,12.005,10.25,118270
2022-11-07,11.15,10.45,11.45,10.25,53885
2022-11-08,10.3,9.625,10.425,9.25,101078
2022-11-09,9.5,8.44,9.5,8.27,107533
2022-11-10,8.835,9.545,9.565,8.59,121083
2022-11-11,9.75,10.525,11.25,9.215,122151
2022-11-14,10.525,10.85,10.975,10.33,111984
2022-11-15,9.83,9.55,10.75,9.0,122456
2022-11-16,9.125,9.15,9.745,9.125,72274
2022-11-17,9.0,9.15,9.9,8.575,115646
2022-11-18,9.9,8.885,9.9,8.655,122712
2022-11-21,9.415,8.83,9.45,8.5,206321
2022-11-22,8.585,9.5,11.0,7.5,728099
2022-11-23,10.745,9.455,11.405,9.01,439903
2022-11-25,10.845,11.5,13.495,10.05,1653463
2022-11-28,14.465,13.625,16.67,13.005,2769889
2022-11-29,15.25,14.45,16.0,12.55,1644563
2022-11-30,12.905,10.875,13.475,10.25,1053254
2022-12-01,10.0,10.8,11.42,9.675,738560
2022-12-02,11.64,11.65,12.75,11.25,624120
2022-12-05,11.075,10.925,11.6,10.755,257543
2022-12-06,10.585,10.25,11.075,9.685,293753
2022-12-07,9.855,10.3,10.94,9.55,295121
2022-12-08,10.5,9.86,10.5,9.625,225897
2022-12-09,9.5,10.4,10.69,9.12,385508
2022-12-12,9.775,9.37,9.925,9.15,215071
2022-12-13,9.5,8.755,9.595,8.5,255847
2022-12-14,8.75,8.575,9.61,8.56,338424
2022-12-15,8.395,8.03,8.5,7.775,268175
2022-12-16,8.055,8.005,8.405,7.9,258497
2022-12-19,7.285,7.29,7.67,6.775,348680
2022-12-20,7.375,8.61,9.65,7.055,599941
2022-12-21,8.88,8.95,8.995,8.085,225013
2022-12-22,8.065,8.225,8.425,7.685,159835
2022-12-23,8.225,7.6,8.25,7.505,144889
2022-12-27,7.45,6.25,7.48,5.6,286755
2022-12-28,6.0,5.71,6.15,5.525,328053
2022-12-29,6.7,6.35,6.85,6.0,428356
2022-12-30,6.275,6.525,6.95,6.26,254730
2023-01-03,6.525,6.2,6.795,6.01,245001
2023-01-04,6.25,6.7,7.05,6.05,449955
2023-01-05,6.9,6.44,7.1,6.25,314337
2023-01-06,6.51,6.415,6.6,6.1,180897
2023-01-09,6.44,6.605,6.795,6.325,200166
2023-01-10,6.56,6.745,6.745,6.25,269628
2023-01-11,6.75,6.625,7.1,6.53,368056
2023-01-12,6.9,8.5,8.715,6.655,860224
2023-01-13,7.75,7.215,7.75,7.005,537292
2023-01-17,7.2,6.84,7.245,6.53,308517
2023-01-18,6.85,6.355,6.87,6.255,380840
2023-01-19,6.25,6.155,6.75,5.645,488617
2023-01-20,13.25,10.185,18.45,9.265,12883008
2023-01-23,14.905,21.3,24.0,11.81,13977336
2023-01-24,21.155,20.5,27.7,18.46,8674379
2023-01-25,17.855,14.4,18.44,13.785,3831563
2023-01-26,16.515,14.36,17.25,13.5,2222777
2023-01-27,14.36,14.3,16.0,13.75,2626081
2023-01-30,14.5,12.5,14.5,11.5,2954001
2023-01-31,12.25,11.5,12.35,11.25,843573
2023-02-01,11.215,12.13,12.885,10.75,947329
2023-02-02,12.55,11.91,12.725,11.515,956743
2023-02-03,11.875,12.13,13.795,11.5,1615137
2023-02-06,12.025,11.485,12.15,11.25,848462
2023-02-07,12.635,10.72,12.9,10.4,1395586
2023-02-08,10.59,10.105,10.6,9.75,613293
2023-02-09,9.71,9.21,10.0,8.975,636889
2023-02-10,8.45,8.35,8.735,7.6,610322
2023-02-13,8.305,8.155,8.35,7.805,300352
2023-02-14,8.12,8.345,8.88,7.875,383255
2023-02-15,8.415,7.96,8.415,7.9,434356
2023-02-16,7.96,7.6,7.96,7.4,509955
2023-02-17,7.87,7.325,7.9,7.05,552992
2023-02-21,7.325,7.115,7.34,7.005,328804
2023-02-22,7.145,6.825,7.18,6.565,341323
2023-02-23,6.8,6.475,6.82,6.255,382678
2023-02-24,6.295,6.125,6.445,6.0,460308
2023-02-27,6.15,5.73,6.245,5.7,580919
2023-02-28,5.75,6.945,7.495,5.525,1555277
2023-03-01,9.49,7.28,9.5,7.0,2946083
2023-03-02,7.455,7.65,8.25,7.0,1036879
2023-03-03,7.3,7.215,7.45,6.9,682337
2023-03-06,6.9,6.65,7.3,6.365,562467
2023-03-07,6.6,6.655,7.1,6.3,506040
2023-03-08,7.97,6.995,7.97,6.755,1209673
2023-03-09,6.825,6.8,7.45,6.465,347573
2023-03-10,6.685,6.395,6.75,6.1,350017
2023-03-13,6.14,6.485,6.85,5.8,390526
2023-03-14,6.585,6.65,6.9,6.29,238932
2023-03-15,6.3,6.19,6.6,6.16,316560
2023-03-16,6.11,6.225,6.35,6.025,158673
2023-03-17,6.205,5.805,6.34,5.805,269953
2023-03-20,5.95,5.69,5.99,5.65,252632
2023-03-21,6.115,5.975,6.115,5.775,211464
2023-03-22,5.995,5.87,6.15,5.8,152110
2023-03-23,5.76,5.66,5.94,5.6,182074
2023-03-24,6.0,5.875,6.49,5.685,383782
2023-03-27,5.95,6.0,6.0,5.78,182269
2023-03-28,5.945,5.75,5.95,5.69,422069
2023-03-29,6.855,6.11,6.9,6.005,848188
2023-03-30,6.205,5.835,6.6,5.8,736129
2023-03-31,4.0,3.66,4.49,3.23,1804179
2023-04-03,3.29,2.9,3.46,2.7201,1695058
2023-04-04,2.79,2.45,2.83,2.4241,701686
2023-04-05,2.66,2.24,2.75,2.21,1292973
2023-04-06,2.4,2.33,2.45,2.01,5993337
2023-04-10,2.13,2.16,2.22,2.02,842923
2023-04-11,2.15,2.0,2.15,1.97,1436272
2023-04-12,1.94,1.83,1.9753,1.8,814435
2023-04-13,1.8,1.75,1.82,1.67,841474
2023-04-14,1.74,1.55,1.74,1.53,814950
2023-04-17,1.55,1.67,1.81,1.51,1307024
2023-04-18,1.7,1.7,1.95,1.6101,2101159
2023-04-19,1.7,1.71,1.7641,1.62,559475
2023-04-20,1.6618,1.7,1.9,1.6618,730240
2023-04-21,1.7,1.59,1.7134,1.56,595917
2023-04-24,1.57,1.44,1.6066,1.44,466399
2023-04-25,1.38,1.28,1.4299,1.28,679105
2023-04-26,1.25,1.08,1.3,1.0601,991776
2023-04-27,1.05,1.05,1.09,1.0214,597544
2023-04-28,1.1,1.15,1.2829,1.0817,1236685
2023-05-01,1.15,1.09,1.19,1.03,573461
2023-05-02,1.11,1.0,1.1701,1.0,781145
2023-05-03,1.02,0.88,1.0501,0.8502,1079576
2023-05-04,0.8769,0.8,0.8995,0.7802,927628
