2015-08-05,2712.0,2712.0,2712.0,2712.0,0
2015-08-06,2760.0,2760.0,2760.0,2622.0,1
2015-08-25,2394.0,2574.0,2574.0,2394.0,0
2015-08-27,2310.0,2310.0,2310.0,2310.0,0
2015-09-01,2394.0,2280.06,2394.0,2280.06,0
2015-09-02,2364.0,2280.0,2364.0,2280.0,0
2015-09-03,2394.0,2394.0,2394.0,2394.0,0
2015-09-08,2232.0,2508.0,2508.0,2232.0,1
2015-09-14,2490.0,2400.0,2490.0,2400.0,0
2015-09-16,2460.0,2340.0,2460.0,2340.0,1
2015-09-18,2112.0,3000.0,3102.0,2112.0,1
2015-09-21,2400.0,2382.0,2400.0,2316.0,6
2015-09-22,2400.0,2432.1,2432.1,2340.0,5
2015-09-23,2460.0,2459.94,2460.0,2459.94,0
2015-09-24,2477.94,2466.0,2478.0,2466.0,0
2015-09-25,2520.0,2430.0,2520.0,2430.0,0
2015-09-30,2688.0,2688.0,2688.0,2688.0,0
2015-10-12,2100.0,2340.0,2388.0,2052.0,1
2015-10-13,2040.0,2340.0,2340.0,2040.0,0
2015-10-19,2370.0,2370.0,2370.0,2370.0,0
2015-10-23,1992.0,1992.0,1992.0,1992.0,0
2015-10-26,2112.0,2448.0,2460.0,2112.0,1
2015-10-27,2448.0,2454.0,2454.0,2448.0,1
2015-10-30,2418.0,2418.0,2418.0,2418.0,0
2015-11-02,2112.0,2322.0,2322.0,2106.0,1
2015-11-03,2120.4,2358.0,2358.0,2120.4,1
2015-11-04,2370.0,2370.0,2370.0,2370.0,0
2015-11-10,2022.0,2082.0,2082.0,2022.0,2
2015-11-18,2064.0,2262.0,2262.0,2064.0,0
2015-11-30,1956.0,2034.0,2034.0,1956.0,2
2015-12-07,1866.0,1866.0,1866.0,1866.0,0
2015-12-14,1866.0,1866.0,1866.0,1866.0,0
2015-12-17,1800.0,1818.0,1860.0,1506.0,7
2015-12-18,1818.0,1818.0,1818.0,1818.0,0
2015-12-23,1704.0,1740.0,1740.0,1704.0,0
2015-12-24,1740.0,1740.0,1740.0,1740.0,0
2015-12-28,1734.0,1734.0,1734.0,1734.0,0
2015-12-29,1734.0,1734.0,1734.0,1734.0,0
2015-12-30,1734.0,1734.0,1734.0,1734.0,0
2015-12-31,1548.0,1608.0,1608.0,1542.0,8
2016-01-04,1608.0,1608.0,1608.0,1608.0,0
2016-01-05,1608.0,1608.0,1608.0,1608.0,0
2016-01-06,1608.0,1608.0,1608.0,1608.0,0
2016-01-07,1608.0,1608.0,1608.0,1608.0,0
2016-01-08,1608.0,1608.0,1608.0,1608.0,0
2016-01-11,1608.0,1608.0,1608.0,1608.0,0
2016-01-12,1608.0,1608.0,1608.0,1608.0,0
2016-01-13,1608.0,1608.0,1608.0,1608.0,0
2016-01-14,1608.0,1608.0,1608.0,1608.0,0
2016-01-15,1608.0,1608.0,1608.0,1608.0,0
2016-01-19,1608.0,1608.0,1608.0,1608.0,0
2016-01-20,1608.0,1608.0,1608.0,1608.0,0
2016-01-21,1608.0,1608.0,1608.0,1608.0,0
2016-01-22,1608.0,1608.0,1608.0,1608.0,0
2016-01-25,1608.0,1608.0,1608.0,1608.0,0
2016-01-26,1524.0,1524.0,1524.0,1524.0,1
2016-01-27,1524.0,1524.0,1524.0,1524.0,0
2016-01-28,1524.0,1524.0,1524.0,1524.0,0
2016-01-29,1524.0,1524.0,1524.0,1524.0,0
2016-02-01,1524.0,1524.0,1524.0,1524.0,0
2016-02-02,1524.0,1524.0,1524.0,1524.0,0
2016-02-03,1524.0,1524.0,1524.0,1524.0,0
2016-02-04,1524.0,1524.0,1524.0,1524.0,0
2016-02-05,1524.0,1524.0,1524.0,1524.0,0
2016-02-08,1524.0,1524.0,1524.0,1524.0,0
2016-02-09,1524.0,1524.0,1524.0,1524.0,0
2016-02-11,1080.0,1218.0,1218.0,1020.0,3
2016-02-12,1218.0,1218.0,1218.0,1218.0,0
2016-02-16,1218.0,1218.0,1218.0,1218.0,0
2016-02-17,1080.0,1127.28,1182.0,912.0,3
2016-02-18,1127.28,1127.28,1127.28,1127.28,0
2016-02-19,1178.16,1140.0,1178.16,1140.0,0
2016-02-22,1152.0,1146.0,1157.94,900.0,3
2016-02-23,1146.0,1146.0,1146.0,1146.0,0
2016-02-24,1128.0,1128.0,1128.0,1128.0,0
2016-02-25,996.0,1032.0,1122.0,936.0,54
2016-02-26,984.0,1092.0,1038.0,960.0,21
2016-02-29,1002.0,1092.0,1146.0,1002.0,4
2016-03-01,1146.0,1164.0,1146.0,1146.0,1
2016-03-02,1164.0,1008.0,1164.0,1164.0,97
2016-03-03,1097.94,1080.0,1097.94,1097.94,83
2016-03-04,1122.0,1062.0,1128.0,1020.0,62
2016-03-07,1036.08,1014.0,1063.68,1014.0,0
2016-03-08,1110.0,1014.0,1110.0,1110.0,0
2016-03-09,1110.0,1230.0,1110.0,1110.0,6
2016-03-10,1230.0,1188.0,1230.0,1230.0,4
2016-03-11,1188.0,1188.0,1188.0,1188.0,0
2016-03-14,1080.48,1096.08,1096.08,1080.48,0
2016-03-15,1146.0,1086.0,1146.0,1146.0,17
2016-03-17,1099.68,1114.98,1114.98,1099.68,0
2016-03-18,1114.98,1114.98,1114.98,1114.98,0
2016-03-21,1019.94,1128.0,1128.0,996.0,0
2016-03-23,1128.0,1128.0,1128.0,1128.0,0
2016-03-24,1128.0,1128.0,1128.0,1128.0,0
2016-03-30,1104.0,1104.0,1104.0,1104.0,0
2016-03-31,1092.0,1104.0,1092.0,1092.0,0
2016-04-01,1104.0,1104.0,1104.0,1104.0,0
2016-04-04,1104.0,1104.0,1104.0,1104.0,0
2016-04-05,1104.0,1104.0,1104.0,1104.0,0
2016-04-06,1104.0,1104.0,1104.0,1104.0,0
2016-04-07,1104.0,1104.0,1104.0,1104.0,0
2016-04-08,1104.0,1104.0,1104.0,1104.0,0
2016-04-11,1104.0,1104.0,1104.0,1104.0,0
2016-04-12,1104.0,1104.0,1104.0,1104.0,0
2016-04-13,1104.0,1104.0,1104.0,1104.0,0
2016-04-14,1020.0,1140.0,1140.0,1008.0,1
2016-04-15,1140.0,1140.0,1140.0,1140.0,0
2016-04-18,1140.0,1140.0,1140.0,1140.0,0
2016-04-19,1098.0,1140.0,1140.0,1074.06,0
2016-04-20,1140.0,1140.0,1140.0,1140.0,0
2016-04-21,1140.0,1140.0,1140.0,1140.0,0
2016-04-22,1140.0,1140.0,1140.0,1140.0,0
2016-04-25,1140.0,1140.0,1140.0,1140.0,0
2016-04-26,1140.0,1140.0,1140.0,1140.0,0
2016-04-27,1122.0,1122.0,1122.0,1122.0,0
2016-04-28,1122.0,1122.0,1122.0,1122.0,0
2016-04-29,960.0,1104.0,1116.0,960.0,2
2016-05-02,912.0,912.0,912.0,912.0,0
2016-05-03,912.0,912.0,912.0,912.0,0
2016-05-04,912.0,912.0,912.0,912.0,0
2016-05-05,870.0,1104.0,1104.0,870.0,0
2016-05-06,990.0,990.0,990.0,990.0,0
2016-05-09,990.0,990.0,990.0,990.0,0
2016-05-10,990.0,990.0,990.0,990.0,0
2016-05-11,990.0,990.0,990.0,990.0,0
2016-05-12,990.0,990.0,990.0,990.0,0
2016-05-13,1098.0,1096.2,1098.0,1096.2,1
2016-05-16,1096.2,1096.2,1096.2,1096.2,0
2016-05-17,1096.2,1096.2,1096.2,1096.2,0
2016-05-18,1044.0,978.0,1080.0,976.08,12
2016-05-19,978.0,978.0,978.0,978.0,0
2016-05-20,978.0,978.0,978.0,978.0,0
2016-05-23,978.0,978.0,978.0,978.0,0
2016-05-24,972.0,948.0,1110.0,840.0,14
2016-05-25,900.0,828.0,900.0,828.0,2
2016-05-26,899.94,892.8,900.0,846.0,9
2016-05-27,892.8,892.8,892.8,892.8,0
2016-05-31,834.0,834.0,834.0,834.0,0
2016-06-01,858.3,828.0,864.0,828.0,4
2016-06-02,912.0,947.94,1021.2,912.0,5
2016-06-03,948.0,984.0,1008.0,948.0,5
2016-06-06,852.0,852.0,852.0,852.0,0
2016-06-07,852.0,852.0,852.0,852.0,0
2016-06-08,852.0,852.0,852.0,852.0,0
2016-06-09,828.0,798.0,828.0,798.0,2
2016-06-10,798.0,798.0,798.0,798.0,0
2016-06-13,798.0,798.0,798.0,798.0,0
2016-06-14,900.0,900.0,900.0,900.0,0
2016-06-15,828.0,840.0,846.0,794.34,4
2016-06-16,840.0,840.0,840.0,840.0,0
2016-06-17,NaN,840.0,NaN,NaN,0
2016-06-20,703.2,827.94,827.94,703.2,1
2016-06-21,827.94,827.94,827.94,827.94,0
2016-06-22,702.0,736.56,736.56,702.0,2
2016-06-23,756.0,777.78,777.78,732.0,3
2016-06-24,777.78,777.78,777.78,777.78,0
2016-06-27,777.78,777.78,777.78,777.78,0
2016-06-28,750.0,684.06,750.0,684.0,2
2016-06-29,648.0,648.0,668.64,648.0,3
2016-06-30,606.0,606.0,606.0,606.0,0
2016-07-01,606.0,606.0,606.0,606.0,0
2016-07-05,559.92,559.92,559.92,559.92,1
2016-07-06,559.92,559.92,559.92,559.92,0
2016-07-07,559.92,559.92,559.92,559.92,0
2016-07-08,559.92,559.92,559.92,559.92,0
2016-07-11,559.92,559.92,559.92,559.92,0
2016-07-12,480.0,457.92,480.0,457.92,2
2016-07-13,470.04,470.04,470.04,470.04,0
2016-07-14,606.0,606.0,606.0,606.0,1
2016-07-15,654.0,516.0,723.0,474.0,52
2016-07-18,516.0,516.0,516.0,516.0,0
2016-07-19,552.72,636.0,636.0,552.72,3
2016-07-20,624.0,690.0,798.0,600.0,152
2016-07-21,744.0,948.0,1092.0,691.44,420
2016-07-22,948.0,786.0,957.0,786.0,152
2016-07-25,816.0,780.0,840.0,690.0,151
2016-07-26,780.0,786.0,864.0,780.0,36
2016-07-27,1116.0,1278.0,1950.0,1116.0,24906
2016-07-28,1290.0,1134.0,1320.0,1092.0,1512
2016-07-29,1140.0,1212.0,1290.0,1086.0,311
2016-08-01,1212.0,1218.0,1278.0,1212.0,142
2016-08-02,1242.0,1140.0,1242.0,1086.0,180
2016-08-03,1092.0,960.0,1140.0,840.0,129
2016-08-04,1164.0,1002.0,1164.0,906.0,46
2016-08-05,1002.0,1014.0,1026.0,966.0,113
2016-08-08,1026.0,1020.0,1047.0,966.0,75
2016-08-09,1026.0,1020.0,1043.4,965.7,33
2016-08-10,992.46,1032.0,1110.0,919.38,162
2016-08-11,1050.0,1002.0,1086.0,966.0,219
2016-08-12,990.0,1020.0,1073.94,972.0,37
2016-08-15,1032.0,978.0,1032.0,966.0,34
2016-08-16,966.0,918.0,1008.0,918.0,30
2016-08-17,900.0,900.0,930.0,858.0,50
2016-08-18,852.06,1020.0,1020.0,852.06,108
2016-08-19,1002.0,1020.0,1050.0,912.0,68
2016-08-22,1020.0,1122.0,1152.0,1020.0,314
2016-08-23,1362.0,1260.0,1554.0,1218.0,3562
2016-08-24,1320.0,1141.32,1320.0,1110.0,357
2016-08-25,1140.0,1044.0,1146.0,972.0,119
2016-08-26,1032.0,1056.0,1108.08,996.0,54
2016-08-29,1056.0,1038.0,1056.0,1008.0,16
2016-08-30,990.0,1002.0,1014.0,990.0,9
2016-08-31,1007.94,972.0,1007.94,894.0,40
2016-09-01,924.0,1128.0,1182.0,918.0,350
2016-09-02,1134.0,1086.0,1164.0,1056.0,94
2016-09-06,1098.0,1122.0,1158.0,1056.0,219
2016-09-07,1062.0,1020.0,1092.0,1020.0,48
2016-09-08,972.0,960.0,1014.0,960.0,80
2016-09-09,906.0,918.0,930.0,906.0,60
2016-09-12,906.6,912.0,927.0,906.0,14
2016-09-13,929.7,900.0,929.7,900.0,10
2016-09-14,900.0,852.0,900.0,816.0,42
2016-09-15,876.0,840.0,882.96,840.0,26
2016-09-16,846.0,858.0,858.0,810.06,9
2016-09-19,870.0,822.0,888.0,816.0,39
2016-09-20,840.0,810.0,846.0,810.0,15
2016-09-21,794.4,845.94,852.0,792.0,20
2016-09-22,842.58,792.0,842.58,768.0,59
2016-09-23,792.0,807.0,814.5,774.0,32
2016-09-26,798.0,804.0,813.48,780.0,9
2016-09-27,774.0,744.0,802.2,726.0,10
2016-09-28,756.0,768.0,786.0,756.0,28
2016-09-29,780.0,780.0,804.0,756.0,30
2016-09-30,774.0,756.0,774.0,726.0,92
2016-10-03,750.0,732.0,750.0,720.0,35
2016-10-04,728.64,732.0,756.0,720.0,77
2016-10-05,739.8,738.0,750.0,732.0,6
2016-10-06,774.0,770.76,774.06,738.0,22
2016-10-07,804.0,726.0,804.0,726.0,4
2016-10-10,744.0,786.0,804.0,744.0,36
2016-10-11,773.4,732.06,774.06,732.06,5
2016-10-12,742.8,738.0,742.8,732.0,6
2016-10-13,750.0,726.0,751.5,720.0,34
2016-10-14,726.0,714.0,726.0,702.0,34
2016-10-17,708.0,708.06,780.0,708.0,78
2016-10-18,726.0,738.0,738.0,702.0,97
2016-10-19,714.0,726.0,744.0,708.0,60
2016-10-20,731.94,732.0,732.0,720.0,15
2016-10-21,744.0,714.0,747.6,714.0,4
2016-10-24,702.0,732.0,732.0,702.0,8
2016-10-25,738.0,726.0,738.0,720.0,7
2016-10-26,714.0,720.0,737.28,702.0,22
2016-10-27,702.0,696.0,708.0,696.0,8
2016-10-28,703.68,696.0,703.68,696.0,2
2016-10-31,708.0,696.0,708.0,696.0,5
2016-11-01,696.06,702.0,719.4,696.06,11
2016-11-02,714.0,709.62,714.0,709.62,0
2016-11-03,696.24,684.0,704.4,678.0,27
2016-11-04,711.6,708.3,711.6,708.3,1
2016-11-07,720.0,750.0,750.0,720.0,13
2016-11-08,750.0,678.0,756.0,678.0,18
2016-11-09,684.0,738.0,744.0,684.0,13
2016-11-10,732.0,690.0,750.0,690.0,25
2016-11-11,693.48,738.0,744.0,692.64,7
2016-11-14,732.0,720.0,738.0,678.0,35
2016-11-15,707.76,648.0,708.0,648.0,26
2016-11-16,630.0,636.0,708.0,600.0,165
2016-11-17,678.0,660.0,684.0,577.2,115
2016-11-18,630.06,624.0,654.0,576.0,37
2016-11-21,600.0,630.0,666.0,570.0,228
2016-11-22,630.0,606.0,635.1,582.0,18
2016-11-23,870.0,666.0,1068.0,612.0,12098
2016-11-25,618.0,582.0,630.0,546.0,711
2016-11-28,618.0,546.0,630.0,516.0,727
2016-11-29,540.06,515.94,558.0,498.06,220
2016-11-30,516.0,475.8,552.0,462.0,317
2016-12-01,438.6,408.0,456.0,402.0,747
2016-12-02,402.0,396.0,405.54,372.12,125
2016-12-05,414.0,414.0,414.0,390.36,57
2016-12-06,396.78,390.0,408.0,372.0,75
2016-12-07,390.0,408.0,437.34,372.06,390
2016-12-08,418.8,396.48,443.76,384.24,90
2016-12-09,384.0,419.94,474.0,384.0,1226
2016-12-12,426.96,408.18,437.4,408.0,120
2016-12-13,486.0,420.0,528.0,411.0,994
2016-12-14,420.0,413.46,432.0,399.0,104
2016-12-15,431.82,378.06,431.82,378.06,131
2016-12-16,384.0,372.0,389.94,372.0,126
2016-12-19,396.0,388.56,400.02,380.46,46
2016-12-20,416.82,407.94,416.82,372.0,82
2016-12-21,419.64,372.24,419.64,372.24,14
2016-12-22,372.0,348.0,396.0,342.0,135
2016-12-23,348.0,339.9,348.0,330.0,96
2016-12-27,333.48,330.0,348.0,313.8,151
2016-12-28,360.0,359.94,360.0,340.56,72
2016-12-29,339.12,362.94,363.0,339.12,47
2016-12-30,359.22,339.06,377.94,333.12,45
2017-01-03,360.0,354.06,366.12,342.0,66
2017-01-04,360.0,348.0,371.88,348.0,27
2017-01-05,377.22,366.0,377.22,360.06,48
2017-01-06,377.88,354.0,378.0,350.46,27
2017-01-09,354.06,347.94,372.0,324.0,65
2017-01-10,344.52,347.94,376.62,332.46,39
2017-01-11,336.66,390.0,438.0,324.06,640
2017-01-12,396.0,372.0,402.0,360.0,108
2017-01-13,361.44,372.0,372.0,342.0,82
2017-01-17,360.0,354.0,362.46,330.0,157
2017-01-18,361.62,336.0,361.62,330.0,45
2017-01-19,331.32,324.0,348.0,306.0,64
2017-01-20,324.0,297.06,354.0,282.0,153
2017-01-23,408.0,329.04,450.0,307.44,1643
2017-01-24,336.0,318.0,337.62,301.86,555
2017-01-25,312.72,312.0,327.24,300.0,210
2017-01-26,300.0,318.06,318.06,294.0,85
2017-01-27,307.86,294.0,307.86,282.66,77
2017-01-30,282.0,288.0,305.94,246.0,197
2017-01-31,278.1,279.3,293.94,268.8,105
2017-02-01,294.6,306.0,306.0,264.66,71
2017-02-02,300.0,259.26,300.0,249.06,120
2017-02-03,294.0,264.78,294.0,264.0,39
2017-02-06,264.6,306.06,306.06,264.6,114
2017-02-07,330.0,312.0,330.0,294.06,88
2017-02-08,308.04,312.06,348.0,294.06,588
2017-02-09,312.0,342.0,348.54,306.0,127
2017-02-10,348.0,324.0,359.64,324.0,80
2017-02-13,371.94,353.46,407.94,337.26,752
2017-02-14,366.0,341.94,376.98,324.0,130
2017-02-15,359.88,362.4,413.28,337.68,341
2017-02-16,484.8,360.72,498.0,360.72,957
2017-02-17,456.0,372.0,456.0,348.0,316
2017-02-21,372.12,354.0,408.0,324.06,242
2017-02-22,419.94,360.0,419.94,348.72,145
2017-02-23,406.8,354.0,406.8,348.12,130
2017-02-24,389.88,367.2,408.0,367.2,243
2017-02-27,360.06,414.0,414.0,360.06,140
2017-02-28,407.94,390.0,420.0,378.0,259
2017-03-01,390.0,396.0,418.02,384.0,35
2017-03-02,378.0,402.0,437.4,378.0,107
2017-03-03,419.82,406.2,420.0,390.0,27
2017-03-06,420.0,396.0,420.0,396.0,31
2017-03-07,420.0,447.0,474.0,408.0,249
2017-03-08,456.0,474.0,503.22,455.58,382
2017-03-09,492.0,552.0,642.0,492.0,2329
2017-03-10,552.0,484.8,555.6,480.18,306
2017-03-13,492.0,449.94,492.0,372.66,529
2017-03-14,450.0,450.06,516.0,450.0,126
2017-03-15,417.0,428.4,486.0,417.0,652
2017-03-16,451.8,409.2,459.072,402.6,581
2017-03-17,413.1,429.0,438.0,413.1,177
2017-03-20,453.6,429.6,457.2,426.0,370
2017-03-21,444.0,396.6,445.2,391.2,782
2017-03-22,394.8,361.2,394.8,349.2,631
2017-03-23,335.4,264.606,337.2,264.6,1610
2017-03-24,195.0,201.0,201.0,189.0,8530
2017-03-27,201.0,199.8,201.0,195.0,2144
2017-03-28,196.2,189.0,196.8,180.0,1529
2017-03-29,186.6,184.8,187.2,177.0,832
2017-03-30,183.0,190.8,199.2,183.0,6103
2017-03-31,186.0,184.8,187.806,174.6,1550
2017-04-03,198.6,195.0,199.8,187.8,2372
2017-04-04,195.0,197.4,199.2,189.6,1860
2017-04-05,194.4,184.8,194.88,181.8,2003
2017-04-06,184.2,182.4,186.0,176.4,1047
2017-04-07,179.106,188.4,189.594,179.106,304
2017-04-10,185.4,184.2,188.394,182.406,33
2017-04-11,180.966,181.8,185.394,177.0,300
2017-04-12,183.0,179.394,183.6,175.2,561
2017-04-13,178.608,175.794,178.608,170.4,517
2017-04-17,174.924,178.2,178.2,174.0,251
2017-04-18,180.0,175.8,180.6,170.574,671
2017-04-19,173.1,171.9,173.4,170.058,89
2017-04-20,164.4,168.6,169.8,164.4,91
2017-04-21,169.8,162.6,169.8,162.0,227
2017-04-24,174.0,174.0,175.206,169.8,192
2017-04-25,178.2,172.2,178.2,172.2,154
2017-04-26,174.0,163.2,174.0,163.2,151
2017-04-27,195.6,140.4,201.0,130.26,39319
2017-04-28,148.2,151.8,152.4,135.0,1725
2017-05-01,150.0,150.6,155.394,144.0,767
2017-05-02,148.2,154.2,159.0,147.6,273
2017-05-03,152.4,153.6,153.6,145.8,496
2017-05-04,150.0,148.2,153.6,143.43,420
2017-05-05,150.6,157.2,157.2,145.926,296
2017-05-08,155.4,154.8,155.4,150.0,330
2017-05-09,153.0,136.2,162.0,130.206,6718
2017-05-10,138.6,133.8,139.194,126.6,920
2017-05-11,132.0,131.4,133.524,121.8,469
2017-05-12,128.4,129.6,131.4,124.2,1368
2017-05-15,137.4,135.6,148.8,130.8,5822
2017-05-16,133.2,136.2,136.2,126.6,1190
2017-05-17,132.0,134.4,134.4,126.0,431
2017-05-18,132.0,132.0,133.194,126.6,92
2017-05-19,130.2,131.4,133.8,127.8,95
2017-05-22,132.6,138.0,138.0,131.4,384
2017-05-23,139.59,138.0,139.59,131.1,240
2017-05-24,135.852,135.0,136.8,127.2,315
2017-05-25,132.0,134.4,137.4,132.0,86
2017-05-26,130.8,136.2,136.2,130.2,223
2017-05-30,133.2,140.4,140.406,133.2,163
2017-05-31,138.69,141.6,145.2,135.0,216
2017-06-01,139.8,144.0,144.0,132.0,251
2017-06-02,141.6,140.4,141.6,138.0,52
2017-06-05,138.21,144.0,144.0,138.21,113
2017-06-06,143.4,139.2,148.8,135.0,718
2017-06-07,139.2,140.394,144.0,138.6,190
2017-06-08,139.2,135.6,141.0,135.6,172
2017-06-09,137.406,138.594,138.594,135.384,128
2017-06-12,138.21,149.4,149.4,138.21,130
2017-06-13,145.8,154.8,154.8,142.206,84
2017-06-14,150.0,144.6,150.0,136.2,532
2017-06-15,139.806,139.806,139.806,139.806,2
2017-06-16,138.0,143.4,143.4,136.2,61
2017-06-19,144.0,143.4,144.0,139.8,39
2017-06-20,140.502,136.8,141.0,133.2,106
2017-06-21,138.018,137.424,138.018,136.8,25
2017-06-22,136.2,135.6,140.394,135.0,34
2017-06-23,140.196,137.4,140.196,132.6,146
2017-06-26,137.4,134.4,137.4,133.8,235
2017-06-27,135.606,133.8,138.6,122.4,714
2017-06-28,134.4,132.6,134.4,126.6,411
2017-06-29,130.2,129.6,131.4,127.8,460
2017-06-30,133.8,130.8,133.8,127.2,250
2017-07-03,133.8,132.0,135.0,130.206,412
2017-07-05,133.8,136.8,138.498,132.0,138
2017-07-06,136.8,137.172,142.344,135.0,289
2017-07-07,137.994,138.0,138.0,135.0,139
2017-07-10,147.0,144.0,147.0,138.6,280
2017-07-11,139.848,139.2,144.0,136.206,220
2017-07-12,142.2,139.59,143.394,138.0,485
2017-07-13,142.302,138.6,142.302,138.0,90
2017-07-14,138.6,136.8,141.294,134.052,114
2017-07-17,152.4,155.4,166.2,144.0,8180
2017-07-18,171.0,145.8,176.4,145.2,10947
2017-07-19,155.4,144.0,155.4,139.2,1808
2017-07-20,144.0,141.948,144.0,138.0,635
2017-07-21,141.6,137.994,141.6,135.6,405
2017-07-24,136.2,142.8,148.8,136.2,981
2017-07-25,144.6,141.0,144.6,138.0,127
2017-07-26,146.082,144.6,147.0,141.0,248
2017-07-27,141.606,140.4,142.86,135.0,316
2017-07-28,139.8,140.4,141.0,137.4,211
2017-07-31,138.336,136.2,139.2,135.0,51
2017-08-01,138.0,139.194,139.194,135.0,110
2017-08-02,138.6,133.2,138.6,132.0,332
2017-08-03,132.006,127.2,132.684,127.2,543
2017-08-04,127.2,124.8,127.206,112.2,832
2017-08-07,124.8,121.2,124.8,118.8,186
2017-08-08,120.0,123.6,127.2,120.0,322
2017-08-09,120.0,121.8,128.4,118.8,477
2017-08-10,124.2,116.4,124.2,116.4,783
2017-08-11,117.006,114.6,117.6,110.4,689
2017-08-14,120.0,120.6,124.194,116.4,193
2017-08-15,124.2,121.794,124.8,116.4,263
2017-08-16,118.2,121.8,124.794,117.6,105
2017-08-18,117.6,118.2,125.4,116.4,262
2017-08-21,117.294,112.2,117.294,110.4,34
2017-08-22,114.0,113.886,114.0,112.2,147
2017-08-23,115.2,117.6,118.8,115.2,40
2017-08-24,118.794,117.0,118.794,116.148,40
2017-08-25,118.2,122.4,122.4,117.006,108
2017-08-28,131.4,125.4,131.4,122.4,125
2017-08-29,121.8,118.158,121.8,118.158,114
2017-08-30,116.4,122.4,122.4,112.2,92
2017-08-31,123.0,120.6,125.34,120.6,61
2017-09-01,122.4,122.4,122.4,122.4,2
2017-09-05,118.8,118.2,118.8,113.4,15
2017-09-06,117.006,122.052,122.052,117.006,44
2017-09-07,120.06,122.4,123.6,120.0,41
2017-09-08,123.042,126.0,126.0,121.8,13
2017-09-11,120.6,122.4,123.6,120.6,27
2017-09-12,120.0,113.4,120.0,113.4,99
2017-09-13,116.262,117.0,117.0,111.06,308
2017-09-14,115.992,117.0,117.0,115.992,6
2017-09-15,NaN,117.0,NaN,NaN,0
2017-09-18,121.8,121.8,121.8,117.0,43
2017-09-19,124.8,120.6,154.8,117.6,8586
2017-09-20,120.0,118.2,123.0,117.0,675
2017-09-21,118.2,123.0,127.8,118.2,173
2017-09-22,120.006,124.2,124.8,118.8,443
2017-09-25,126.6,125.4,128.4,121.8,512
2017-09-26,127.2,128.4,129.0,122.406,190
2017-09-27,124.2,126.6,131.4,120.0,419
2017-09-28,130.8,129.6,133.14,128.4,66
2017-09-29,132.6,134.4,135.0,129.942,139
2017-10-02,132.0,133.2,133.8,131.61,53
2017-10-03,129.102,134.4,137.4,129.0,115
2017-10-04,132.6,132.0,137.4,132.0,183
2017-10-05,131.196,136.872,139.8,131.196,123
2017-10-06,140.4,136.2,142.8,133.2,282
2017-10-09,132.0,141.6,142.8,132.0,121
2017-10-10,137.598,143.4,146.4,137.598,66
2017-10-11,141.0,140.034,146.4,127.8,222
2017-10-12,138.0,139.8,143.19,138.0,33
2017-10-13,134.46,130.8,138.396,128.4,377
2017-10-16,141.0,143.4,143.4,134.67,362
2017-10-17,148.2,139.2,148.2,138.006,973
2017-10-18,138.6,140.4,140.4,135.0,209
2017-10-19,138.0,141.6,141.6,135.42,45
2017-10-20,143.4,143.4,143.4,143.4,8
2017-10-23,136.8,142.2,142.2,136.8,35
2017-10-24,140.4,140.4,142.8,133.8,198
2017-10-25,140.4,136.8,140.4,132.0,598
2017-10-26,132.96,135.804,136.8,132.96,26
2017-10-27,136.8,135.0,136.8,132.3,25
2017-10-30,132.594,134.148,138.0,131.832,148
2017-10-31,134.916,137.4,137.4,133.716,30
2017-11-01,134.4,132.0,134.4,128.652,61
2017-11-02,127.2,126.0,127.2,123.6,75
2017-11-03,130.698,131.94,131.94,130.698,5
2017-11-06,132.0,130.2,132.0,126.0,56
2017-11-07,126.0,130.8,135.0,126.0,467
2017-11-08,126.0,129.6,133.2,123.0,366
2017-11-09,127.8,125.4,130.2,123.0,426
2017-11-10,127.8,124.2,127.8,123.6,26
2017-11-13,122.4,124.2,124.2,120.6,111
2017-11-14,126.0,127.2,127.8,122.4,491
2017-11-15,123.0,130.8,147.0,122.4,1802
2017-11-16,132.6,128.394,132.6,125.4,326
2017-11-17,133.74,137.4,142.8,127.8,1338
2017-11-20,131.256,134.4,143.4,128.4,1582
2017-11-21,133.2,131.4,136.8,124.8,895
2017-11-22,135.6,133.8,190.53,126.006,29036
2017-11-24,99.6,100.8,104.4,97.2,4267
2017-11-27,102.6,106.8,106.8,101.4,3428
2017-11-28,105.6,105.0,106.2,96.0,1490
2017-11-29,103.2,97.2,103.2,97.2,1110
2017-11-30,97.8,96.0,97.8,93.0,879
2017-12-01,96.0,94.806,96.0,94.206,215
2017-12-04,102.0,96.0,103.8,90.0,4576
2017-12-05,94.8,95.4,95.4,85.2,1351
2017-12-06,92.4,93.0,93.006,90.0,696
2017-12-07,91.2,87.0,94.902,87.0,353
2017-12-08,87.6,85.974,92.304,84.006,746
2017-12-11,87.0,84.006,87.6,84.0,434
2017-12-12,86.4,81.6,86.52,78.6,307
2017-12-13,80.4,82.8,83.4,80.4,246
2017-12-14,80.568,80.4,82.206,79.8,144
2017-12-15,81.0,79.2,81.006,74.964,528
2017-12-18,78.984,76.2,79.83,76.2,738
2017-12-19,78.6,81.0,82.2,78.6,258
2017-12-20,82.2,85.8,91.8,78.822,3598
2017-12-21,85.656,81.6,85.656,76.2,209
2017-12-22,81.39,81.0,82.8,79.2,69
2017-12-26,78.0,79.2,81.642,78.0,388
2017-12-27,87.0,84.0,101.4,78.6,13507
2017-12-28,86.4,75.6,86.4,75.6,1121
2017-12-29,76.8,79.2,80.394,76.8,427
2018-01-02,79.2,83.994,84.792,79.2,566
2018-01-03,82.8,84.0,84.0,82.8,104
2018-01-04,82.2,82.8,82.8,79.2,223
2018-01-05,82.2,84.6,84.606,82.2,257
2018-01-08,85.8,89.4,91.2,85.206,965
2018-01-09,102.6,92.994,102.6,90.0,2270
2018-01-10,90.6,91.8,93.0,90.0,245
2018-01-11,92.7,93.3,95.22,90.6,216
2018-01-12,96.0,94.2,96.0,92.4,458
2018-01-16,93.6,97.8,99.0,93.6,427
2018-01-17,96.54,94.8,97.8,94.8,102
2018-01-18,95.4,94.2,96.0,93.684,73
2018-01-19,93.6,93.594,94.2,91.2,138
2018-01-22,93.6,90.0,93.6,88.32,300
2018-01-23,91.2,93.6,93.6,88.8,140
2018-01-24,92.862,93.6,93.6,92.1,303
2018-01-25,90.6,93.6,93.6,87.606,116
2018-01-26,91.2,91.8,94.2,91.2,86
2018-01-29,92.406,91.206,92.7,91.2,124
2018-01-30,93.0,91.2,94.2,90.0,116
2018-01-31,90.6,87.0,91.206,84.0,747
2018-02-01,88.2,84.42,90.0,84.0,409
2018-02-02,86.4,81.6,86.4,76.2,813
2018-02-05,83.4,77.844,84.6,75.6,330
2018-02-06,76.2,79.2,79.8,76.2,46
2018-02-07,79.8,79.8,82.2,79.2,122
2018-02-08,79.056,79.2,81.9,78.6,32
2018-02-09,78.0,76.2,78.6,73.8,278
2018-02-12,76.8,78.6,84.0,76.2,433
2018-02-13,79.596,81.0,82.2,76.8,265
2018-02-14,79.2,83.4,83.88,79.2,125
2018-02-15,85.2,84.0,85.2,82.206,102
2018-02-16,85.8,85.8,85.8,82.2,12
2018-02-20,78.006,85.206,85.206,78.006,73
2018-02-21,86.4,86.4,86.4,86.4,2
2018-02-23,86.64,87.594,87.6,81.6,23
2018-02-26,87.6,84.0,87.6,84.0,47
2018-02-27,83.76,83.76,83.76,83.76,8
2018-02-28,84.0,87.0,87.0,84.0,28
2018-03-01,86.4,85.8,86.4,85.8,3
2018-03-05,84.714,84.714,84.714,84.714,8
2018-03-06,85.2,85.2,85.2,85.2,1
2018-03-07,82.8,80.844,82.8,75.0,35
2018-03-08,85.8,83.4,85.8,75.6,60
2018-03-09,81.6,82.902,84.6,78.6,20
2018-03-12,83.4,82.8,84.0,79.686,133
2018-03-13,84.0,84.6,84.6,83.232,122
2018-03-14,87.264,85.8,88.8,85.206,181
2018-03-15,84.6,83.4,84.6,82.8,13
2018-03-16,NaN,83.4,NaN,NaN,2
2018-03-19,80.4,81.0,82.8,78.0,54
2018-03-20,79.2,81.6,81.6,79.2,20
2018-03-21,79.806,81.0,81.0,79.8,28
2018-03-22,81.0,81.6,81.6,81.0,599
2018-03-23,121.2,81.6,144.0,81.6,51989
2018-03-26,84.0,75.6,86.76,67.2,2481
2018-03-27,77.4,74.4,80.4,72.66,1464
2018-03-28,77.094,76.764,81.0,74.4,414
2018-03-29,74.1,76.2,77.4,70.2,543
2018-04-02,72.6,74.4,77.4,72.0,124
2018-04-03,73.8,70.8,74.4,68.7,439
2018-04-04,67.2,70.5,73.2,67.2,324
2018-04-05,64.8,70.2,70.2,64.8,241
2018-04-06,70.2,68.4,70.2,66.6,150
2018-04-09,72.6,76.8,78.0,70.2,945
2018-04-10,75.0,76.8,77.4,75.0,176
2018-04-11,70.2,73.2,75.0,70.2,126
2018-04-12,73.2,76.2,76.8,73.2,106
2018-04-13,NaN,76.2,NaN,NaN,0
2018-04-16,73.8,74.172,75.6,72.33,91
2018-04-17,75.0,74.172,96.0,75.0,468
2018-04-18,91.2,77.964,94.2,73.2,4472
2018-04-19,96.0,82.2,96.0,80.406,1109
2018-04-20,78.6,80.4,80.544,78.6,123
2018-04-23,78.0,77.64,78.0,77.4,214
2018-04-24,77.412,77.79,79.8,77.4,380
2018-04-25,77.4,77.58,77.58,77.4,182
2018-04-26,77.4,77.4,77.4,77.4,33
2018-04-27,78.0,79.2,79.2,77.406,172
2018-04-30,76.8,74.4,77.4,74.4,145
2018-05-01,72.6,72.0,73.8,70.8,158
2018-05-02,72.0,78.6,81.0,72.0,1267
2018-05-03,79.488,72.6,79.488,72.6,331
2018-05-04,73.2,72.6,75.3,72.6,22
2018-05-07,75.0,76.8,96.0,74.4,6971
2018-05-08,76.2,72.6,77.4,71.4,393
2018-05-09,75.0,74.4,76.152,70.8,652
2018-05-10,72.6,72.0,75.6,70.8,464
2018-05-11,71.4,71.4,72.0,69.0,113
2018-05-14,70.8,67.35,73.2,67.2,490
2018-05-15,80.4,90.0,106.2,76.2,38579
2018-05-16,93.0,84.0,96.0,78.6,3904
2018-05-17,83.4,82.2,86.994,76.206,472
2018-05-18,81.6,78.0,81.6,78.0,294
2018-05-21,76.2,73.8,80.4,73.626,575
2018-05-22,75.0,79.2,80.4,75.0,570
2018-05-23,79.8,79.8,79.8,76.86,34
2018-05-24,81.6,75.0,81.6,75.0,296
2018-05-25,75.882,78.6,81.0,75.06,170
2018-05-29,78.012,77.4,78.012,77.4,23
2018-05-30,76.8,75.0,78.0,75.0,312
2018-05-31,81.6,75.0,94.8,75.0,15908
2018-06-01,77.4,80.4,81.0,77.4,456
2018-06-04,79.8,81.0,82.896,78.6,240
2018-06-05,79.8,78.0,80.4,75.0,508
2018-06-06,76.8,79.2,79.8,76.8,125
2018-06-07,75.294,75.0,76.86,75.0,52
2018-06-08,75.6,80.4,80.4,75.6,48
2018-06-11,78.66,76.2,79.2,75.978,154
2018-06-12,76.2,76.2,78.0,76.2,135
2018-06-13,80.4,76.206,81.0,76.2,265
2018-06-14,76.8,76.2,76.8,74.838,278
2018-06-15,76.2,76.5,78.6,73.8,271
2018-06-18,79.2,77.4,79.35,77.1,411
2018-06-19,76.8,76.8,77.4,75.0,224
2018-06-20,76.416,77.4,85.8,76.2,1441
2018-06-21,74.4,75.6,79.404,73.8,1306
2018-06-22,74.772,76.368,84.0,72.6,1219
2018-06-25,74.4,71.4,80.4,68.4,3324
2018-06-26,75.0,67.2,75.0,63.0,2717
2018-06-27,88.8,85.8,100.8,76.2,37832
2018-06-28,74.4,72.0,77.394,71.4,5027
2018-06-29,74.634,74.4,76.8,73.86,650
2018-07-02,76.8,73.2,76.8,72.936,560
2018-07-03,79.8,73.956,79.8,72.6,308
2018-07-05,76.8,76.794,76.8,74.022,498
2018-07-06,76.8,73.8,76.8,72.0,671
2018-07-09,73.2,73.5,75.0,72.0,266
2018-07-10,73.14,75.48,75.48,72.048,74
2018-07-11,76.8,81.6,153.0,75.6,220661
2018-07-12,87.0,72.6,88.2,69.6,18668
2018-07-13,72.0,77.4,82.8,72.0,5760
2018-07-16,99.6,77.4,141.3,69.0,217590
2018-07-17,77.25,66.15,79.5,63.75,17362
2018-07-18,65.85,55.35,65.85,52.5,31122
2018-07-19,50.25,49.5,51.45,48.3,55822
2018-07-20,49.35,49.8,51.0,48.0,16096
2018-07-23,49.5,49.05,50.4,48.285,13652
2018-07-24,48.45,49.95,50.85,48.0,16385
2018-07-25,51.45,50.4,52.05,49.5,14696
2018-07-26,50.1,49.2,50.7015,48.3,7334
2018-07-27,49.5,48.75,50.1,48.6,10184
2018-07-30,49.2,48.75,49.5,48.3,18264
2018-07-31,50.4,49.5,51.15,48.3,24694
2018-08-01,48.15,47.85,49.35,46.95,31865
2018-08-02,47.7,46.5675,49.05,46.2075,2613
2018-08-03,47.55,47.7,48.6,46.5,360
2018-08-06,48.75,47.7,48.75,46.899,311
2018-08-07,47.7,47.7,48.0,47.6985,639
2018-08-08,47.25,46.95,49.17,46.5,1531
2018-08-09,48.45,46.8,48.45,45.0405,9590
2018-08-10,45.6,45.6,45.6,45.0,837
2018-08-13,48.0,46.65,48.0,45.15,6880
2018-08-14,48.0,45.45,48.0,45.2115,3756
2018-08-15,45.9015,45.3,46.35,45.0,3086
2018-08-16,46.2,44.112,46.2,44.112,3176
2018-08-17,43.8,43.9875,46.05,43.5,1040
2018-08-20,47.85,45.0,48.0,44.8485,27031
2018-08-21,46.2,47.85,47.85,44.1,9355
2018-08-22,48.0,47.1,48.096,46.5,6125
2018-08-23,48.0,47.1,48.0,45.1515,494
2018-08-24,46.8,46.05,46.95,46.05,410
2018-08-27,46.05,46.5,46.5,45.294,2297
2018-08-28,46.5,46.0485,46.5,44.4,6539
2018-08-29,44.7495,46.335,46.335,44.7495,217
2018-08-30,46.35,45.45,46.35,45.3015,1561
2018-08-31,46.05,46.05,46.05,45.15,883
2018-09-04,47.25,46.05,47.25,45.45,3919
2018-09-05,46.5,45.2415,46.5,45.0,2042
2018-09-06,45.75,44.487,45.75,43.05,621
2018-09-07,45.15,45.0,46.2,44.3535,806
2018-09-10,45.75,44.85,45.75,43.5015,117
2018-09-11,44.0025,43.95,44.7,43.8,2391
2018-09-12,44.55,43.65,44.85,43.65,1968
2018-09-13,44.268,43.65,44.55,43.65,498
2018-09-14,43.65,44.0985,44.0985,42.1515,2338
2018-09-17,44.85,46.485,46.785,44.85,4052
2018-09-18,46.35,46.35,46.5,45.765,653
2018-09-19,46.101,46.5,47.1,44.79,1242
2018-09-20,46.5,47.235,48.0,45.8325,5509
2018-09-21,47.25,47.25,48.6,46.008,3822
2018-09-24,47.4,53.25,55.5,46.5,57649
2018-09-25,52.65,51.75,57.6,47.25,58332
2018-09-26,51.0,50.175,51.675,48.9,5175
2018-09-27,52.2,52.8,53.55,49.5,10727
2018-09-28,52.5,50.85,53.7,50.25,6721
2018-10-01,51.15,52.35,52.35,50.3505,2533
2018-10-02,52.2,49.65,52.2,48.0285,6030
2018-10-03,52.5,49.5,52.5,48.4815,3956
2018-10-04,48.9,46.8,48.9,46.5,4551
2018-10-05,46.95,46.0635,49.5,45.3,2697
2018-10-08,47.1,48.9945,49.5,47.1,6350
2018-10-09,48.0015,48.75,49.05,46.65,1434
2018-10-10,48.6,46.35,48.6,43.8,5123
2018-10-11,46.2,44.25,46.2,43.8,1541
2018-10-12,44.79,46.95,46.95,44.55,1164
2018-10-15,45.8655,46.35,46.95,45.3,607
2018-10-16,46.35,45.45,47.25,45.15,737
2018-10-17,46.05,45.9,46.35,45.3,700
2018-10-18,46.35,46.8,47.184,46.35,452
2018-10-19,45.9795,48.45,51.501,45.9795,42337
2018-10-22,49.65,47.55,49.65,45.45,8735
2018-10-23,47.25,45.45,47.25,45.15,3622
2018-10-24,45.3,44.55,46.485,44.55,3443
2018-10-25,45.0,45.375,46.1505,42.75,2352
2018-10-26,47.85,44.7,48.03,43.65,734
2018-10-29,46.5,44.25,46.5,43.8,1739
2018-10-30,44.4585,44.3385,45.75,43.5,636
2018-10-31,45.75,46.5,47.25,45.75,3070
2018-11-01,47.4015,46.8,48.15,45.6375,2729
2018-11-02,46.5,46.5,46.5,46.1565,80
2018-11-05,47.85,45.7515,47.85,45.45,227
2018-11-06,47.25,47.25,47.7,45.75,1148
2018-11-07,47.466,48.975,53.25,46.5,39520
2018-11-08,49.179,48.45,49.5,45.9795,6410
2018-11-09,46.89,47.991,47.991,46.5345,922
2018-11-12,47.7,47.1,47.7,46.125,1026
2018-11-13,47.9835,47.25,48.0,47.25,712
2018-11-14,46.65,45.9,47.7,45.9,489
2018-11-15,46.9875,45.9,52.35,42.15,48566
2018-11-16,44.2575,45.45,45.828,43.95,2246
2018-11-19,45.939,44.25,45.939,42.825,1844
2018-11-20,45.15,44.25,46.35,42.75,7441
2018-11-21,44.55,45.75,46.2,42.1515,2028
2018-11-23,45.75,46.35,47.1,45.1845,388
2018-11-26,46.5,50.4,51.15,46.5,8897
2018-11-27,49.05,48.75,49.95,48.45,3237
2018-11-28,47.85,50.9985,51.75,47.25,8560
2018-11-29,50.25,50.25,50.775,49.35,3777
2018-11-30,50.4,51.6,52.6125,50.4,6764
2018-12-03,50.85,51.0,52.2,49.5,5656
2018-12-04,50.4,51.75,52.2,50.07,5039
2018-12-06,53.85,52.0065,54.9,50.6595,14575
2018-12-07,52.2,51.75,53.7,49.8,2876
2018-12-10,49.8,49.5,50.4,49.2,754
2018-12-11,49.8,50.1,50.1,49.8,198
2018-12-12,49.05,48.45,51.3,48.45,540
2018-12-13,48.6,52.05,52.05,48.6,161
2018-12-14,50.4,48.9,50.85,48.75,409
2018-12-17,49.05,49.05,49.6905,46.8,1336
2018-12-18,49.182,47.7,49.3485,44.7,7048
2018-12-19,47.1,45.6,47.25,44.544,387
2018-12-20,45.45,45.6,46.2,44.55,1070
2018-12-21,47.25,42.9,47.25,41.7,1184
2018-12-24,40.8,37.5,41.1,37.5,1046
2018-12-26,39.15,39.0,41.25,38.25,1172
2018-12-27,39.0,35.85,39.0,34.5,2675
2018-12-28,36.9,37.785,37.785,35.1,2017
2018-12-31,39.6,39.0,39.75,38.1765,596
2019-01-02,39.9,41.1,41.1,38.7,510
2019-01-03,41.1,41.1,41.1,41.1,16
2019-01-04,42.45,43.35,43.35,42.15,151
2019-01-07,43.65,43.4985,43.65,43.4985,13
2019-01-08,41.6535,42.1515,42.1515,41.6535,52
2019-01-09,39.3,43.35,43.35,39.3,104
2019-01-10,40.35,40.5,41.4,37.8,1910
2019-01-11,40.0425,39.0,40.5,39.0,109
2019-01-14,38.1,38.1,40.5,36.3,3976
2019-01-15,38.688,39.4395,39.531,38.4,669
2019-01-16,40.8,40.5,40.8,40.152,506
2019-01-17,39.45,39.15,40.5,38.4015,209
2019-01-18,40.35,39.0,40.5,39.0,84
2019-01-22,39.0,36.9,39.9,36.9,554
2019-01-23,40.35,36.15,40.815,34.5,15472
2019-01-24,36.3,33.6,36.3,32.1,11065
2019-01-25,33.5265,34.35,34.8,33.5265,768
2019-01-28,34.5,35.85,35.85,33.6,1066
2019-01-29,36.45,37.8,48.0,35.25,38109
2019-01-30,38.4,36.75,38.4,36.1515,3278
2019-01-31,39.0,37.95,39.0,36.9075,1663
2019-02-01,39.15,39.6,41.0385,36.9,4917
2019-02-04,42.0,40.65,42.0,39.609,4102
2019-02-05,41.25,41.523,42.75,39.912,2809
2019-02-06,41.85,42.75,42.75,41.55,502
2019-02-07,42.0,42.909,44.3835,41.55,2028
2019-02-08,44.2485,44.55,44.55,43.536,146
2019-02-11,44.7,45.525,45.75,44.55,443
2019-02-12,46.5,47.1,49.5,45.6015,11667
2019-02-13,46.5,45.15,46.5,43.65,2042
2019-02-14,52.2,47.4645,52.2,45.75,16639
2019-02-15,48.9,47.25,48.9,44.2845,4994
2019-02-19,46.05,43.5,47.7,43.5,1799
2019-02-20,43.95,42.75,45.3,41.5515,1851
2019-02-21,43.5,42.15,46.2795,42.15,1014
2019-02-22,43.05,43.2,43.2,42.0015,291
2019-02-25,43.2,44.4,44.4,41.85,2271
2019-02-26,43.95,45.15,46.5,43.05,232
2019-02-27,44.25,44.4,45.75,43.2,628
2019-02-28,43.5,43.2,44.775,42.75,707
2019-03-01,42.0,42.75,44.4,42.0,639
2019-03-04,51.0,43.95,52.035,38.7,118287
2019-03-05,42.3,43.125,43.125,41.25,5954
2019-03-06,43.2,43.8,43.8,39.15,2901
2019-03-07,43.2,41.7,43.2,41.7,1715
2019-03-08,41.7,42.9885,43.2,40.65,1730
2019-03-11,41.583,41.25,42.75,40.2,964
2019-03-12,41.7015,41.85,42.6,39.9,1131
2019-03-13,42.6,42.6,42.99,41.7,1094
2019-03-14,42.9,43.5,43.5,41.1165,1736
2019-03-15,40.95,43.35,43.35,40.95,1175
2019-03-18,43.2,42.9,43.2,42.15,274
2019-03-19,42.75,43.8,46.05,42.3015,4907
2019-03-20,43.8,43.5,44.55,43.1325,436
2019-03-21,43.245,43.35,44.1,42.4665,907
2019-03-22,44.25,43.95,44.25,43.35,377
2019-03-25,43.35,41.1,43.35,40.05,2046
2019-03-26,41.1,41.925,42.45,40.05,348
2019-03-27,42.45,42.75,42.9,40.05,799
2019-03-28,42.6,44.1,47.85,40.65,12164
2019-03-29,45.0,44.4135,46.9485,42.75,5169
2019-04-01,45.0,44.4,45.0,43.278,1799
2019-04-02,43.9605,45.3,46.65,43.8105,2719
2019-04-03,44.7,46.8,47.1,44.4,1538
2019-04-04,45.9,44.1,47.85,44.1,5791
2019-04-05,44.85,46.2,47.1,44.85,669
2019-04-08,46.2,46.35,46.35,45.0,1486
2019-04-09,44.019,45.9,45.9,44.019,508
2019-04-10,45.3,44.7015,46.305,44.7015,544
2019-04-11,44.7015,45.45,45.45,44.2155,583
2019-04-12,45.75,43.8,45.75,43.341,174
2019-04-15,43.65,44.55,45.0,42.5115,310
2019-04-16,42.9,42.663,43.221,42.0,731
2019-04-17,42.21,44.25,44.25,42.0,590
2019-04-18,42.9,42.0,42.9,42.0,130
2019-04-22,42.0,43.65,45.675,40.8,1476
2019-04-23,45.75,42.75,45.75,41.85,7495
2019-04-24,42.75,43.8,44.1,42.0,782
2019-04-25,45.3,41.775,45.3,41.775,586
2019-04-26,41.7585,42.3,42.75,41.7,326
2019-04-29,42.0,42.75,42.9,41.85,950
2019-04-30,42.3375,42.75,42.9,42.3375,230
2019-05-01,42.0,42.6,42.6,40.65,673
2019-05-02,41.004,41.85,41.85,41.004,159
2019-05-03,42.039,41.838,42.75,41.7,226
2019-05-06,41.7,43.35,44.85,41.52,1545
2019-05-07,43.05,44.7,44.7,42.6,754
2019-05-08,44.55,44.55,44.55,44.55,7
2019-05-09,41.1555,43.35,43.5,41.1555,163
2019-05-10,41.4,43.35,43.35,37.5,481
2019-05-13,39.9,42.0,43.341,39.3585,84
2019-05-14,40.95,39.75,42.0,39.75,258
2019-05-15,39.15,39.75,41.7,39.15,757
2019-05-16,41.4,41.55,41.7,39.834,415
2019-05-17,43.5015,41.85,43.5015,39.15,616
2019-05-20,40.8,40.05,40.8,39.6,239
2019-05-21,40.35,40.5525,41.7,40.35,174
2019-05-22,39.9,39.6,40.485,39.6,727
2019-05-23,38.85,39.45,39.45,37.8,251
2019-05-24,40.65,40.65,40.65,40.65,19
2019-05-28,38.7,36.6,38.7,36.45,1214
2019-05-29,37.0455,37.335,37.413,36.3585,148
2019-05-30,35.85,35.25,37.5,35.25,1535
2019-05-31,34.5,35.55,37.05,34.05,328
2019-06-03,40.8,33.6,40.8,31.65,13164
2019-06-04,35.4,34.65,35.4,32.721,997
2019-06-05,34.2,34.35,36.003,33.9,1012
2019-06-06,35.25,34.2,38.55,33.45,5259
2019-06-07,33.9,36.0,36.45,33.9,1353
2019-06-10,37.95,34.35,37.95,34.35,261
2019-06-11,36.0,35.7,36.45,35.685,222
2019-06-12,36.225,35.85,36.3,35.6805,67
2019-06-13,35.25,35.85,36.3,34.7175,276
2019-06-14,35.25,35.7,35.7,34.65,562
2019-06-17,35.55,36.15,36.15,35.55,134
2019-06-18,34.5,35.7,37.2,34.5,384
2019-06-19,34.8,37.5,37.65,34.8,665
2019-06-20,36.072,37.5,37.575,36.072,413
2019-06-21,36.1515,36.6,37.8,36.1515,697
2019-06-24,36.9,36.45,37.275,33.75,515
2019-06-25,36.3,34.5,36.975,33.75,1365
2019-06-26,34.95,34.2,36.3,33.75,2581
2019-06-27,34.8,34.5,36.15,33.9195,5380
2019-06-28,35.4,37.35,37.47,33.7725,3493
2019-07-01,36.9,35.1,38.175,34.65,131
2019-07-02,36.75,36.45,36.75,35.25,267
2019-07-03,36.0,36.15,36.9,36.0,40
2019-07-05,35.25,34.875,35.25,34.875,88
2019-07-08,35.1,35.25,35.25,32.4,130
2019-07-09,35.55,34.95,35.55,33.9,221
2019-07-10,34.35,36.9,36.9,34.35,488
2019-07-11,36.9,33.9,36.9,32.412,397
2019-07-12,51.9,40.05,52.2,37.2,354934
2019-07-15,36.0,38.25,38.25,35.25,14608
2019-07-16,37.95,35.25,37.95,34.95,5614
2019-07-17,35.25,34.05,35.5485,33.9,4195
2019-07-18,34.5,35.7,37.9425,33.9,8440
2019-07-19,36.75,36.18,40.35,35.85,12745
2019-07-22,36.9,37.5,37.95,35.7,6015
2019-07-23,37.2,36.75,37.95,36.6,2556
2019-07-24,37.0425,37.65,38.25,36.75,2757
2019-07-25,37.2,35.85,37.5,35.4,2266
2019-07-26,36.0,35.55,37.35,35.4,872
2019-07-29,35.55,34.8,37.2,34.8,867
2019-07-30,35.4,35.4015,36.45,34.374,738
2019-07-31,35.4,36.0,37.05,32.7,1643
2019-08-01,35.4,36.0,36.75,34.05,133
2019-08-02,35.55,35.7,35.7,35.55,40
2019-08-05,34.35,32.7,34.65,32.7,527
2019-08-06,33.354,33.45,34.5,32.85,475
2019-08-07,33.3,33.75,34.05,32.55,343
2019-08-08,33.75,33.75,33.75,32.1,1025
2019-08-09,33.6,32.55,35.85,31.95,2908
2019-08-12,32.25,32.1,34.5,32.1,3312
2019-08-13,32.25,33.75,34.2,31.5,1192
2019-08-14,32.4,30.75,32.4,30.75,1915
2019-08-15,30.0,29.985,30.9,29.7,1506
2019-08-16,29.397,29.25,30.0,27.9,1974
2019-08-19,29.25,28.8,29.25,28.05,824
2019-08-20,29.7,30.9945,30.9945,28.5,1299
2019-08-21,30.0,28.95,30.0,27.9,1068
2019-08-22,29.397,29.85,30.15,29.25,999
2019-08-23,30.45,28.6425,30.45,28.5015,251
2019-08-26,29.2455,29.55,29.55,28.2,1526
2019-08-27,30.15,29.85,30.3,29.85,33
2019-08-28,29.85,29.4,30.45,28.95,632
2019-08-29,30.6,30.6,30.6,28.9155,88
2019-08-30,NaN,30.6,NaN,NaN,3
2019-09-03,29.5395,28.35,29.85,27.9,449
2019-09-04,28.9455,30.3,30.3,28.5825,636
2019-09-05,30.0,29.7,30.3,29.25,624
2019-09-06,30.45,30.3,30.45,29.55,68
2019-09-09,30.15,29.85,30.75,29.55,397
2019-09-10,29.25,30.0,30.0,29.1,273
2019-09-11,29.25,28.5,29.85,28.5,554
2019-09-12,29.001,29.175,29.175,29.001,46
2019-09-13,29.4,29.55,30.0,29.4,676
2019-09-16,29.1,29.1,29.7,28.95,191
2019-09-17,30.0,27.9,36.3,22.95,24993
2019-09-18,29.1,27.2325,29.1,25.2,1373
2019-09-19,27.3,26.4,27.3,26.187,742
2019-09-20,26.4,27.285,27.285,26.4,432
2019-09-23,26.4015,25.8,26.4015,24.45,612
2019-09-24,26.1,26.1,26.7,25.077,157
2019-09-25,26.8725,27.15,27.3,24.45,344
2019-09-26,26.55,25.65,26.85,25.65,156
2019-09-27,25.368,27.0,27.0,25.368,93
2019-09-30,26.25,25.8,26.25,25.5,73
2019-10-01,25.0095,26.4,26.4,24.75,435
2019-10-02,26.85,26.85,26.85,24.6,240
2019-10-03,NaN,26.85,NaN,NaN,1
2019-10-04,26.85,28.515,29.175,26.85,1584
2019-10-07,29.1,27.0,29.1,27.0,20
2019-10-08,25.8,26.4,26.4,25.8,35
2019-10-09,24.9,27.6,27.6,24.9,502
2019-10-10,NaN,27.6,NaN,NaN,0
2019-10-11,26.4,26.4,26.4,26.4,13
2019-10-14,26.7,26.25,29.25,26.25,121
2019-10-15,23.7015,27.3,27.3,23.7015,223
2019-10-16,NaN,27.3,NaN,NaN,2
2019-10-17,25.5,28.05,28.05,25.5,40
2019-10-18,26.793,26.793,26.793,26.793,7
2019-10-21,27.975,28.485,28.485,27.975,21
2019-10-22,26.478,28.35,28.35,26.478,26
2019-10-23,29.1,28.95,29.1,27.3,175
2019-10-24,29.25,28.95,30.0,28.35,239
2019-10-25,NaN,28.95,NaN,NaN,0
2019-10-28,28.5,28.05,28.5,28.05,59
2019-10-29,NaN,28.05,NaN,NaN,3
2019-10-30,27.537,27.537,27.537,27.537,67
2019-10-31,NaN,27.537,NaN,NaN,0
2019-11-01,28.5,27.45,33.0,24.75,9595
2019-11-04,28.854,28.95,29.1,27.0,663
2019-11-05,29.25,29.25,29.85,27.75,718
2019-11-06,27.45,27.45,27.5115,27.45,238
2019-11-07,27.0,27.375,27.975,26.85,431
2019-11-08,25.65,26.0355,26.0355,25.65,110
2019-11-11,26.7945,27.9,27.9,26.7945,38
2019-11-12,NaN,27.9,NaN,NaN,1
2019-11-13,28.65,28.65,28.65,28.65,27
2019-11-14,26.85,26.85,26.85,26.85,277
2019-11-15,26.019,25.8,26.1,25.65,377
2019-11-18,26.4,27.5985,27.5985,26.4,122
2019-11-19,26.1,26.325,27.15,25.8,1355
2019-11-20,27.138,27.138,27.138,27.138,20
2019-11-21,26.25,26.4,27.075,26.25,368
2019-11-22,27.9,28.9485,33.6,25.8,25012
2019-11-25,27.75,26.385,28.296,25.8,1821
2019-11-26,26.7,26.6805,27.9,26.25,641
2019-11-27,26.1,26.7,27.15,25.95,1382
2019-11-29,27.0,27.0,27.0,27.0,20
2019-12-02,27.0,26.1,27.0855,25.95,892
2019-12-03,26.1,26.4105,26.4105,25.95,131
2019-12-04,26.1,26.418,26.775,26.1,82
2019-12-05,26.1,26.5035,26.5035,26.1,29
2019-12-06,26.25,26.2485,26.4,25.746,765
2019-12-09,25.65,25.2,26.25,25.2,692
2019-12-10,24.822,24.075,25.05,24.075,665
2019-12-11,25.05,26.685,26.7,24.948,421
2019-12-12,24.45,24.9,25.155,24.45,104
2019-12-13,24.45,26.55,26.55,24.45,77
2019-12-16,25.95,25.95,26.4,25.95,73
2019-12-17,26.25,26.7,27.15,26.1,1145
2019-12-18,27.75,29.25,30.75,27.3,3274
2019-12-19,29.1,28.65,29.1,28.65,140
2019-12-20,26.781,27.75,28.26,26.55,742
2019-12-23,26.715,28.05,28.05,26.5515,525
2019-12-24,27.0,26.4,27.228,26.25,1107
2019-12-26,26.55,27.0,27.45,26.1,332
2019-12-27,26.46,27.45,27.6,26.46,335
2019-12-30,25.95,25.35,25.95,24.6,5425
2019-12-31,25.8,26.1,26.2125,25.5,2237
2020-01-02,29.4,28.2,32.7,27.0,24898
2020-01-03,30.0,27.2685,30.0,26.2515,2068
2020-01-06,26.55,26.4,27.0,26.25,1068
2020-01-07,28.35,28.2,28.35,27.0,690
2020-01-08,27.3675,27.7455,28.2,27.0,986
2020-01-09,26.5575,28.2,28.2,26.5575,402
2020-01-10,26.7405,28.5,28.5,26.7405,135
2020-01-13,28.0575,27.7515,28.0575,27.75,261
2020-01-14,26.4,28.2,28.2,26.4,1266
2020-01-15,28.59,29.1,29.1,27.45,36
2020-01-16,28.3125,28.5,29.0115,28.3125,315
2020-01-17,28.2015,28.05,28.7925,28.05,910
2020-01-21,27.75,27.912,27.912,27.75,264
2020-01-22,27.39,27.75,28.665,27.39,473
2020-01-23,27.75,28.098,28.95,27.75,354
2020-01-24,28.65,28.05,31.5,27.165,7853
2020-01-27,27.1515,28.425,29.25,27.15,783
2020-01-28,27.75,27.15,28.2,26.7,1757
2020-01-29,27.15,26.85,27.15,25.8,360
2020-01-30,25.65,25.95,26.7,24.75,1018
2020-01-31,NaN,25.95,NaN,NaN,1
2020-02-03,25.2,24.45,26.25,23.7,1272
2020-02-04,24.45,25.95,26.4,24.0,3319
2020-02-05,25.5,24.9015,25.5,24.18,1699
2020-02-06,24.42,24.45,25.5,24.0015,467
2020-02-07,24.75,24.3,24.75,24.3,65
2020-02-10,24.15,24.0,24.15,23.7,188
2020-02-11,24.15,24.9,25.2,24.15,494
2020-02-12,24.3,24.9015,25.164,24.3,903
2020-02-13,24.867,25.05,25.2,23.85,439
2020-02-14,29.1,24.75,31.05,23.325,22177
2020-02-18,23.55,23.4285,24.45,22.35,3550
2020-02-19,22.35,24.447,24.45,22.35,2246
2020-02-20,24.3,24.675,25.2,23.175,2254
2020-02-21,24.3,24.4125,25.35,24.3,172
2020-02-24,22.8,23.7,24.9,22.8,789
2020-02-25,23.55,23.7,24.15,21.9,1468
2020-02-26,22.95,22.2,23.4,21.75,2168
2020-02-27,21.918,20.883,22.107,20.4225,2174
2020-02-28,21.75,20.2485,21.75,19.8015,1198
2020-03-02,19.95,21.6,21.6,19.95,164
2020-03-03,21.6,21.15,21.6,20.985,102
2020-03-04,21.15,20.8785,21.15,20.475,500
2020-03-05,20.7,22.65,23.55,20.55,942
2020-03-06,23.04,22.65,23.04,22.65,18
2020-03-09,20.25,20.445,20.835,19.0515,668
2020-03-10,21.1215,21.1215,21.1215,21.1215,8
2020-03-11,19.2405,18.9,19.5,18.9,120
2020-03-12,15.3,17.0985,17.2935,15.3,795
2020-03-13,17.7,16.95,17.7,16.5015,241
2020-03-16,17.4,17.4,17.4,17.4,37
2020-03-17,15.9,16.8765,16.8765,14.1,503
2020-03-18,15.0,13.199985,15.15,12.45,698
2020-03-19,13.2,14.1,14.475015,13.2,170
2020-03-20,13.95,13.8,13.95,13.8,69
2020-03-23,13.2075,15.9,15.9,13.2075,20
2020-03-24,15.9,15.3,15.9,15.0,1052
2020-03-25,15.3,16.05,16.05,15.0015,336
2020-03-26,16.05,16.05,16.05,16.05,254
2020-03-27,15.9,16.65,16.65,15.9,102
2020-03-30,16.5,15.0,16.5,14.25,166
2020-03-31,16.5,14.814,16.5,14.811,932
2020-04-01,15.0,17.1,17.1,15.0,548
2020-04-02,17.1,16.05,17.1,15.9,34
2020-04-03,15.3,15.0,15.6,15.0,417
2020-04-06,16.515,17.7,17.7,16.515,29
2020-04-07,17.7,19.2,19.5,17.7,1116
2020-04-08,16.5,16.653,17.85,16.5,49
2020-04-09,20.7,16.5,20.7,15.75,2027
2020-04-13,19.2195,18.3,20.1,16.95,329
2020-04-14,19.5,19.5,19.5,19.5,75
2020-04-15,NaN,19.5,NaN,NaN,0
2020-04-16,20.25,19.083,22.2,18.825,1377
2020-04-17,19.7625,18.735,20.1,17.4015,983
2020-04-20,19.5015,19.3515,19.65,19.3515,290
2020-04-21,19.872,21.0,21.6,19.872,121
2020-04-22,19.8,21.3,21.6,19.35,116
2020-04-23,20.7,21.15,21.15,19.65,877
2020-04-24,35.4,28.5,51.3,26.4,2186509
2020-04-27,37.05,33.45,43.35,29.1,663696
2020-04-28,36.15,34.35,36.15,30.0,43607
2020-04-29,33.3,31.5,33.9,30.75,19502
2020-04-30,31.95,34.875,36.75,31.5,20403
2020-05-01,63.3,53.25,77.25,47.1,4266825
2020-05-04,46.35,49.8,50.25,44.55,113479
2020-05-05,50.25,43.95,51.0,43.5,43286
2020-05-06,59.25,53.55,64.35,51.3,437557
2020-05-07,52.65,50.85,52.65,49.5,43224
2020-05-08,49.5,51.6,51.75,49.5,16591
2020-05-11,52.5,52.95,56.418,51.609,29425
2020-05-12,51.45,58.5,60.0,51.45,30925
2020-05-13,54.3,52.2,55.4985,49.9515,15748
2020-05-14,49.5,51.45,52.05,46.5015,6367
2020-05-15,53.1,49.65,53.1,47.55,15373
2020-05-18,50.1,43.8,50.1,42.9,20550
2020-05-19,46.5,43.95,47.4,43.5,15337
2020-05-20,37.05,39.75,42.0,36.0,62214
2020-05-21,40.8,40.8,43.8,40.8,6980
2020-05-22,50.4,45.3,53.55,42.15,378588
2020-05-26,41.55,37.8,43.05,37.05,57108
2020-05-27,38.25,35.55,38.4,34.65,22870
2020-05-28,34.8,34.35,35.1,33.3,16519
2020-05-29,32.7,32.1,33.699,30.6,21129
2020-06-01,32.7,34.2,35.25,32.7,12815
2020-06-02,33.45,32.7,34.2,31.95,10756
2020-06-03,32.7,32.55,33.4875,31.65,12766
2020-06-04,32.1,32.1,32.7,30.153,20977
2020-06-05,31.95,31.8,32.4,30.6,14246
2020-06-08,33.9,33.9,35.385,32.25,18938
2020-06-09,33.3,32.55,33.72,31.8,8113
2020-06-10,32.4,31.95,32.85,30.6,8301
2020-06-11,30.9,27.6,30.9,27.15,20797
2020-06-12,29.85,27.0,29.85,25.8,15643
2020-06-15,28.05,29.4,30.75,27.15,13989
2020-06-16,29.85,29.7,30.954,28.8,12565
2020-06-17,29.7,29.25,30.0,28.65,4542
2020-06-18,28.5,27.75,29.4,27.6,5145
2020-06-19,28.05,28.2,28.41,27.15,7595
2020-06-22,28.2,30.45,32.7,27.9,45239
2020-06-23,30.75,27.6,30.9,27.0,18089
2020-06-24,28.2,27.6,28.95,25.8,49871
2020-06-25,27.6,27.0,27.6,25.9515,18597
2020-06-26,27.15,26.025,27.45,24.3,27636
2020-06-29,25.8,24.45,26.073,24.15,11425
2020-06-30,24.6,25.8,26.5485,24.3,11065
2020-07-01,26.25,25.65,26.25,24.15,13538
2020-07-02,25.95,26.1,26.55,25.2,9966
2020-07-06,25.95,25.05,26.25,24.3,12305
2020-07-07,25.05,24.9,25.8,24.45,11920
2020-07-08,24.3,24.9,24.9,24.3,6738
2020-07-09,24.6,24.45,24.9,23.55,8721
2020-07-10,24.0,24.3,24.75,23.7,3617
2020-07-13,24.45,23.4,24.45,22.65,10017
2020-07-14,23.85,22.95,23.85,21.45,24991
2020-07-15,23.25,23.55,24.3,22.65,16798
2020-07-16,23.55,24.9,25.5,22.8,13349
2020-07-17,28.95,26.7,32.55,25.65,521474
2020-07-20,24.9,23.4,25.35,23.25,45238
2020-07-21,23.4,23.85,25.2,22.8015,24544
2020-07-22,23.85,24.0,24.45,23.25,12825
2020-07-23,23.85,23.1,24.0015,22.5,20871
2020-07-24,26.1,25.5,26.9985,23.85,333571
2020-07-27,25.35,23.7,25.35,22.95,40040
2020-07-28,23.55,22.95,23.85,22.95,16832
2020-07-29,22.95,23.7,25.2,22.5,57110
2020-07-30,23.7,24.15,24.9,23.25,25129
2020-07-31,24.15,24.0,24.75,23.55,22675
2020-08-03,23.85,24.6,24.75,23.55,15532
2020-08-04,24.3,25.2,25.2,23.8635,13778
2020-08-05,24.9,25.05,25.65,24.6,8163
2020-08-06,24.3,24.3,25.05,24.15,9019
2020-08-07,24.3,24.6,25.05,23.55,9451
2020-08-10,23.55,24.45,24.6,22.95,19841
2020-08-11,24.0,23.7,24.6,23.7,9678
2020-08-12,23.7,22.95,23.994,22.95,12328
2020-08-13,22.95,22.95,23.1,22.2,13848
2020-08-14,22.95,22.95,23.25,22.65,4085
2020-08-17,22.8,22.95,23.25,22.35,7606
2020-08-18,22.8,22.8,23.25,22.5,4320
2020-08-19,22.653,22.35,22.95,22.275,4906
2020-08-20,22.5,22.95,22.95,22.35,6187
2020-08-21,22.65,21.75,23.1,21.45,9121
2020-08-24,21.9,20.4,21.9,18.75,59577
2020-08-25,20.4,20.55,21.3,20.1,7612
2020-08-26,20.4,20.85,21.0,20.1,6273
2020-08-27,21.15,20.55,21.3,20.25,6662
2020-08-28,24.3,22.2,29.55,20.55,2057362
2020-08-31,21.45,22.95,23.1,20.7,63440
2020-09-01,20.85,20.4,21.6,19.8,34441
2020-09-02,19.65,20.1,20.1,19.05,13948
2020-09-03,19.35,19.2,19.95,18.75,8866
2020-09-04,19.05,19.35,19.35,18.3,17126
2020-09-08,19.2,19.5,20.4,19.2,15435
2020-09-09,19.5,20.1,20.4,19.5,2739
2020-09-10,19.95,19.95,20.4,19.8,3057
2020-09-11,19.65,19.8,20.55,19.65,3344
2020-09-14,19.95,19.2,20.4495,18.9,10386
2020-09-15,19.35,19.35,19.8,19.284,4673
2020-09-16,19.5,19.2,20.085,19.2,5754
2020-09-17,19.65,19.35,20.1,19.35,4391
2020-09-18,19.65,20.25,20.6505,19.35,13624
2020-09-21,20.25,19.95,20.4,19.35,5177
2020-09-22,19.8,19.65,19.95,19.35,1911
2020-09-23,19.5,19.2,20.0025,18.5595,6360
2020-09-24,18.9,19.35,19.35,18.45,5765
2020-09-25,18.9,19.35,19.95,18.9,5204
2020-09-28,19.5,19.35,20.1015,19.05,8332
2020-09-29,19.05,19.95,20.25,19.05,12029
2020-09-30,20.2965,20.7,21.675,20.175,16149
2020-10-01,20.625,20.1,20.826,20.1,843
2020-10-02,20.55,19.35,20.55,19.35,4778
2020-10-05,19.2,19.65,20.7,19.2,4015
2020-10-06,20.85,20.1,21.0,19.8,24630
2020-10-07,21.15,22.35,22.5,20.985,27056
2020-10-08,23.1,22.8,23.85,22.5,10997
2020-10-09,30.75,28.8,34.2,26.4,1979674
2020-10-12,26.4,28.35,28.65,26.1,101407
2020-10-13,45.0,43.35,59.85,42.3,12920932
2020-10-14,43.95,38.25,46.05,37.05,600741
2020-10-15,37.65,36.75,37.95,33.9,130324
2020-10-16,37.65,34.2,38.85,32.55,93823
2020-10-19,35.4,33.75,36.6,33.0,67914
2020-10-20,33.75,34.65,34.65,31.8,29524
2020-10-21,34.2,33.45,34.5,33.45,26853
2020-10-22,34.05,35.85,36.3,33.9,34092
2020-10-23,43.2,40.65,44.1,37.8,600198
2020-10-26,39.15,35.55,39.492,34.5,68189
2020-10-27,35.7,36.6,37.05,33.9,20486
2020-10-28,35.85,34.05,35.85,32.85,58533
2020-10-29,35.25,37.35,37.5,33.9,24939
2020-10-30,39.45,34.5,40.05,33.9,87922
2020-11-02,34.05,35.85,36.0015,34.05,20160
2020-11-03,34.2,34.2,35.1,33.9,27129
2020-11-04,33.75,33.75,34.95,33.3,15153
2020-11-05,33.6,32.85,34.665,31.65,21562
2020-11-06,32.85,31.8,33.1125,31.5825,10477
2020-11-09,31.5,28.8,32.55,27.45,37757
2020-11-10,28.65,28.35,28.6695,27.45,9935
2020-11-11,28.8,30.15,43.35,27.45,401640
2020-11-12,29.7,29.7,30.9015,28.5,31739
2020-11-13,30.15,29.25,30.15,28.8,10045
2020-11-16,28.8,28.5,29.454,28.05,11934
2020-11-17,28.8,28.8,29.7,28.2,10960
2020-11-18,28.8,30.3,31.2,28.8,23399
2020-11-19,47.85,37.05,48.75,34.8,2352853
2020-11-20,35.85,42.45,43.95,35.25,439437
2020-11-23,45.45,55.2,62.85,44.88,1443523
2020-11-24,57.0,52.2,57.9105,43.05,428582
2020-11-25,48.0,46.65,49.05,45.0,104020
2020-11-27,45.9,44.1,46.5,43.2,46557
2020-11-30,44.4885,43.8,44.7,42.0,116069
2020-12-01,38.7,34.35,39.3,33.6,153414
2020-12-02,28.2,27.75,29.25,27.6,575199
2020-12-03,28.5,28.5,29.25,27.6,375656
2020-12-04,28.65,29.7,30.45,28.275,279513
2020-12-07,30.75,29.85,31.2,28.65,220475
2020-12-08,29.85,29.7,30.45,29.1,117743
2020-12-09,29.55,28.95,29.625,27.9,126314
2020-12-10,28.2,29.4,29.55,28.05,77976
2020-12-11,29.25,29.4,29.55,28.65,66010
2020-12-14,29.7,28.35,30.3,28.05,139232
2020-12-15,28.2,27.45,28.689,25.95,86974
2020-12-16,27.45,26.85,27.489,24.9,75599
2020-12-17,26.25,26.85,27.45,25.5,71504
2020-12-18,26.4,26.175,27.0,26.1,28211
2020-12-21,25.65,29.1,30.45,25.05,242022
2020-12-22,28.6275,31.2,31.5,27.75,276525
2020-12-23,31.8,30.3,33.0,28.5,134402
2020-12-24,30.0,29.25,30.75,28.95,37178
2020-12-28,29.7,28.95,30.75,27.75,93295
2020-12-29,29.1,28.5,29.55,27.375,57051
2020-12-30,28.5,29.55,30.45,28.0515,121125
2020-12-31,30.3,28.65,30.3,28.5,51327
2021-01-04,29.4,29.55,30.3,28.6245,116964
2021-01-05,28.5,32.1,32.7,28.5,186596
2021-01-06,32.1,34.05,35.025,30.3,277044
2021-01-07,35.55,34.5,35.85,32.7,129025
2021-01-08,43.5,39.0,47.4,37.05,1672197
2021-01-11,34.05,33.0,34.5,33.0,414588
2021-01-12,33.9,33.3,34.05,32.7,153217
2021-01-13,34.05,33.9,35.1,33.0,167128
2021-01-14,34.65,34.05,34.65,33.75,107243
2021-01-15,34.2,35.85,36.45,31.95,281944
2021-01-19,36.45,39.0,40.05,35.475,378588
2021-01-20,39.384,42.3,42.9,37.8,406771
2021-01-21,43.05,41.1,43.05,40.35,154053
2021-01-22,39.45,45.45,46.5,38.25,498022
2021-01-25,51.243,50.7,53.85,46.8,613168
2021-01-26,51.3,54.6,55.65,49.5,379952
2021-01-27,49.5705,45.9,52.8,45.75,376002
2021-01-28,48.0,45.0,49.0485,42.0,167354
2021-01-29,45.0,42.0,45.45,37.5,157267
2021-02-01,43.65,43.65,44.85,42.0,141560
2021-02-02,45.675,45.15,46.5,42.9,85415
2021-02-03,45.45,47.25,49.05,45.3,202040
2021-02-04,47.55,44.7,47.85,44.25,100408
2021-02-05,45.3,46.95,47.85,43.2,217054
2021-02-08,49.05,49.8,51.3,48.4515,151513
2021-02-09,53.25,55.35,56.55,49.95,521886
2021-02-10,55.2,52.8,56.25,49.5,239378
2021-02-11,53.25,50.7,54.0,49.05,156104
2021-02-12,49.05,50.7,52.5,47.6475,171712
2021-02-16,54.75,53.1,56.25,51.342,331489
2021-02-17,52.5,51.3,56.1,50.7,171632
2021-02-18,49.65,46.05,51.1485,45.9,170160
2021-02-19,52.8,47.85,53.55,47.55,581599
2021-02-22,47.85,43.95,48.225,43.5,167753
2021-02-23,40.95,42.15,43.347,35.4,176686
2021-02-24,42.45,43.35,47.0985,41.7,215166
2021-02-25,41.55,39.45,43.365,39.0,523361
2021-02-26,39.15,36.6,40.2,36.312,96223
2021-03-01,39.099,38.4,40.95,38.4,153950
2021-03-02,39.75,38.55,40.365,37.8,251809
2021-03-03,38.85,36.3,38.955,34.95,116697
2021-03-04,36.0,32.85,36.45,30.6,150491
2021-03-05,33.9,32.1,34.2,27.75,107995
2021-03-08,32.25,31.95,34.2,30.9,58989
2021-03-09,32.85,34.95,35.8335,32.85,161183
2021-03-10,35.7,34.8,37.1985,33.45,82859
2021-03-11,36.0,36.3,36.9,34.0785,69243
2021-03-12,34.8,36.6,37.2,34.5,44692
2021-03-15,36.3,37.65,38.1,35.7,102861
2021-03-16,38.7,36.45,40.35,35.55,319990
2021-03-17,34.8,35.85,36.9,31.8,99146
2021-03-18,34.5,35.0475,37.3485,34.5,51507
2021-03-19,34.863,34.65,35.25,33.75,63621
2021-03-22,34.65,35.55,36.45,33.6,126135
2021-03-23,35.625,34.8,37.0095,34.2,175323
2021-03-24,32.607,30.15,33.75,28.5,327600
2021-03-25,29.4,30.45,31.35,28.5,60901
2021-03-26,31.2,30.45,31.35,29.5395,40180
2021-03-29,29.85,30.75,33.45,29.85,132378
2021-03-30,31.05,31.95,32.475,29.7,96974
2021-03-31,31.8,33.75,34.95,31.65,162222
2021-04-01,33.9,32.55,34.3515,32.1,47877
2021-04-05,32.4,31.8,33.3,31.35,40429
2021-04-06,31.8,31.2015,32.7,30.6,45463
2021-04-07,31.2,30.0,31.95,30.0,45346
2021-04-08,30.45,31.05,31.5,30.15,44979
2021-04-09,30.75,30.15,30.9,30.1485,20606
2021-04-12,30.45,28.05,30.45,27.9,64639
2021-04-13,27.9,27.45,28.65,26.7,40863
2021-04-14,27.15,27.15,28.95,27.1485,26977
2021-04-15,27.6,25.05,27.6,24.675,72063
2021-04-16,24.45,25.35,25.95,23.55,83065
2021-04-19,26.55,28.05,28.05,25.05,75321
2021-04-20,27.15,26.1,28.05,25.3485,51868
2021-04-21,25.8,27.3,27.75,25.65,42264
2021-04-22,27.75,27.0,28.755,26.475,59095
2021-04-23,27.0,28.5,29.2515,26.7,46248
2021-04-26,28.05,30.0,30.9,28.05,52075
2021-04-27,30.6,29.55,30.6,29.1,50069
2021-04-28,29.25,29.55,30.114,28.65,18444
2021-04-29,30.9,30.45,31.2,29.1,51198
2021-04-30,29.85,29.4,30.75,28.95,24539
2021-05-03,30.0,28.05,30.0,27.9,24460
2021-05-04,27.45,27.3,27.75,26.4,30773
2021-05-05,27.45,26.55,27.9,25.95,15408
2021-05-06,25.95,26.25,27.0,24.459,39581
2021-05-07,26.7,25.95,27.75,25.725,40161
2021-05-10,26.25,24.9,26.649,24.6,29569
2021-05-11,23.7,26.031,26.4,23.5515,39868
2021-05-12,25.95,24.75,25.9515,24.3,12592
2021-05-13,24.75,25.05,25.95,24.75,29016
2021-05-14,25.2,25.95,26.4,25.2,10160
2021-05-17,25.2,25.35,25.8,25.05,15368
2021-05-18,25.05,25.5,26.1015,24.6,29943
2021-05-19,25.5,25.35,25.5,24.6,11211
2021-05-20,25.35,26.1,26.25,25.35,12877
2021-05-21,26.55,25.5,26.85,25.2,13443
2021-05-24,26.25,25.35,26.25,24.0,24101
2021-05-25,25.05,24.75,25.35,24.3,15086
2021-05-26,24.75,25.5,25.8,24.7065,22254
2021-05-27,25.95,26.25,26.583,24.75,40395
2021-05-28,25.95,25.95,26.403,25.65,15557
2021-06-01,26.1,27.6,27.75,25.8,31940
2021-06-02,27.9,28.2,28.2,27.3,19121
2021-06-03,28.2,27.9,28.2,26.4,14932
2021-06-04,27.2295,27.9,28.65,27.15,13002
2021-06-07,28.5,29.1,29.25,27.9,30272
2021-06-08,29.55,29.25,29.55,28.35,14935
2021-06-09,29.25,28.2,29.4,28.05,23004
2021-06-10,28.2,27.75,28.35,27.6,16943
2021-06-11,27.9,27.0,28.05,26.85,19067
2021-06-14,27.0,27.0,27.435,26.4,22846
2021-06-15,26.7,25.95,26.919,25.95,23410
2021-06-16,25.65,26.25,27.3,25.5,22277
2021-06-17,27.15,26.85,28.2,26.55,28193
2021-06-18,26.1,26.25,26.85,25.8015,8894
2021-06-21,26.25,26.25,26.85,25.65,32414
2021-06-22,25.95,25.65,26.25,25.65,10615
2021-06-23,25.95,26.55,27.0,25.65,11801
2021-06-24,27.0,26.85,27.0,26.1,17078
2021-06-25,26.7,27.9,27.9,26.4105,23152
2021-06-28,27.75,28.35,28.5,27.5985,24665
2021-06-29,27.9,27.0,27.9,26.7,14034
2021-06-30,26.55,27.15,27.6,26.55,11901
2021-07-01,27.75,28.2,29.25,27.4515,39551
2021-07-02,28.35,27.45,28.8,27.3,45726
2021-07-06,27.6,27.6,27.75,26.85,17600
2021-07-07,27.6,25.8,27.8595,25.65,15571
2021-07-08,25.5,25.5,25.5,24.3,23958
2021-07-09,25.35,25.2,25.8,25.2,5254
2021-07-12,25.35,25.95,25.95,24.7515,13231
2021-07-13,25.2,25.5,26.25,24.8595,31159
2021-07-14,25.5,23.85,25.8,23.85,27228
2021-07-15,23.7,22.8,23.7,22.5,24842
2021-07-16,22.8,22.95,23.1015,22.65,7070
2021-07-19,22.5,21.9,22.5,21.0,37765
2021-07-20,21.75,22.2,22.8,21.5625,6810
2021-07-21,22.35,23.1,23.1,22.35,5979
2021-07-22,22.8,22.65,23.1,22.5015,4633
2021-07-23,27.75,28.8,36.75,25.05,10160240
2021-07-26,28.35,26.1,28.5,25.05,450768
2021-07-27,25.35,25.05,26.7,23.4,206636
2021-07-28,24.6,24.45,24.9,23.85,74440
2021-07-29,24.0,24.0,24.6,23.7015,55385
2021-07-30,25.95,25.35,26.25,23.4,129346
2021-08-02,24.63,24.75,25.2,23.775,37718
2021-08-03,24.18,23.25,24.3,21.6,70659
2021-08-04,22.575,23.4,24.15,22.575,47096
2021-08-05,23.7,23.85,24.15,23.1,21677
2021-08-06,23.85,22.95,23.85,22.8,32906
2021-08-09,22.95,23.7,23.85,22.5,29377
2021-08-10,23.7,22.875,24.0,22.8,30324
2021-08-11,22.8,22.35,23.1,22.2,24749
2021-08-12,22.2,21.9,22.386,21.3,25314
2021-08-13,21.75,22.05,22.5,21.375,21553
2021-08-16,22.05,21.0,22.2,21.0,16900
2021-08-17,21.15,20.7,21.3,20.25,52005
2021-08-18,20.478,21.45,21.45,20.25,15604
2021-08-19,21.0,21.3,21.489,20.4,13365
2021-08-20,20.85,20.7,21.3,20.7,9527
2021-08-23,21.0,21.9,22.05,20.4,22500
2021-08-24,21.6,22.65,22.95,21.6,17026
2021-08-25,22.5,22.95,23.25,21.6,33851
2021-08-26,22.35,22.2,22.8,22.05,13177
2021-08-27,22.5,21.9,23.25,21.45,141189
2021-08-30,21.45,21.45,21.9,21.0,26065
2021-08-31,21.9,22.95,23.1,21.45,48394
2021-09-01,23.1,22.65,23.1,22.2,14959
2021-09-02,22.65,22.5,23.7,22.35,42769
2021-09-03,22.35,22.05,22.65,21.9,10038
2021-09-07,22.2,22.35,22.5,21.75,13395
2021-09-08,22.05,21.9,22.2,21.3,8707
2021-09-09,22.35,22.35,22.35,21.75,19413
2021-09-10,22.35,21.6,22.5,21.3,12914
2021-09-13,21.45,21.6,22.2,21.15,15612
2021-09-14,21.9,21.0,21.9,20.85,9086
2021-09-15,21.3,21.0,22.65,20.7,52948
2021-09-16,20.85,21.75,21.75,20.85,7663
2021-09-17,21.45,22.2,22.2,21.3,11545
2021-09-20,23.3745,23.85,24.3,22.05,112169
2021-09-21,24.45,24.75,25.35,24.0,76654
2021-09-22,24.45,24.0,24.75,23.4,35773
2021-09-23,24.15,24.3,24.75,23.55,12216
2021-09-24,23.7,23.25,24.0,23.1,11929
2021-09-27,23.25,23.7,23.7,22.5,15921
2021-09-28,24.15,23.7,25.35,22.65,151725
2021-09-29,24.0,22.35,24.0,22.05,33375
2021-09-30,22.5,23.7,24.3,21.9,51262
2021-10-01,22.95,22.65,23.373,22.575,12832
2021-10-04,22.2,22.2,22.5,21.9,13884
2021-10-05,22.05,22.05,22.95,21.45,15243
2021-10-06,21.75,21.6,21.9795,21.3,12015
2021-10-07,21.45,21.9,22.5,21.3,18022
2021-10-08,21.6,21.45,22.05,21.15,10744
2021-10-11,21.3,21.15,21.6,21.0,10826
2021-10-12,21.15,21.9,21.9,21.15,6888
2021-10-13,22.05,21.15,22.4235,21.0,23587
2021-10-14,21.45,21.75,21.825,21.3,10931
2021-10-15,21.6,21.75,21.75,21.45,3253
2021-10-18,21.6,22.05,22.425,21.6,16518
2021-10-19,22.2,22.2,22.35,21.75,9512
2021-10-20,21.6,22.95,22.95,21.6,22794
2021-10-21,22.8,22.65,23.022,22.2,6462
2021-10-22,22.2,21.6,23.0985,21.6,15483
2021-10-25,21.6,22.65,23.0985,21.315,56396
2021-10-26,22.5,22.35,22.8,21.9,19493
2021-10-27,21.9,21.675,22.302,21.6,10807
2021-10-28,24.3945,23.4,26.7,22.05,1306039
2021-10-29,22.35,22.35,22.95,21.75,67946
2021-11-01,22.95,22.65,22.95,21.741,62032
2021-11-02,22.2,22.2,22.5,21.9,17237
2021-11-03,22.116,22.5,22.95,21.9,21784
2021-11-04,22.5,22.65,22.8,22.05,12841
2021-11-05,22.95,22.2,22.95,21.3015,43171
2021-11-08,21.9,23.1,24.0,21.75,118061
2021-11-09,23.4,23.4,23.85,22.35,79104
2021-11-10,22.65,22.35,22.9245,22.2,19166
2021-11-11,22.2,22.2,22.65,22.05,17226
2021-11-12,21.9,21.6,22.2,21.4515,20227
2021-11-15,21.9,22.05,22.1985,21.6,22781
2021-11-16,21.6,21.3,21.75,21.15,17771
2021-11-17,21.15,21.0,21.45,20.85,18590
2021-11-18,21.0,19.95,21.0,19.8,28900
2021-11-19,19.95,19.5,19.95,18.825,21819
2021-11-22,19.2,18.3,19.2,17.55,28316
2021-11-23,18.45,18.0,18.45,17.7,13738
2021-11-24,18.0,19.35,19.35,17.55,16532
2021-11-26,18.6,18.3,18.75,18.15,7384
2021-11-29,18.9,18.0,18.9,17.55,19320
2021-11-30,18.0,17.4,18.3315,17.1,12581
2021-12-01,18.3,17.55,18.3,17.1,19609
2021-12-02,17.1,16.95,17.7,16.65,10162
2021-12-03,16.8,16.35,17.1,16.2,14307
2021-12-06,16.2,16.2,16.35,15.75,13699
2021-12-07,16.2,17.1,17.25,16.2,9027
2021-12-08,18.0,18.0,18.0,17.4,11550
2021-12-09,18.3,17.4,18.3,16.95,8695
2021-12-10,17.55,16.5,17.55,15.75,5415
2021-12-13,15.45,15.6,16.05,15.15,21989
2021-12-14,15.3,15.9,16.05,15.3,15803
2021-12-15,15.6,15.3,15.6,14.7,18834
2021-12-16,15.6,15.75,16.3275,15.15,22566
2021-12-17,15.6,15.75,15.9,15.0,12653
2021-12-20,14.85,15.45,15.75,14.85,17637
2021-12-21,15.45,15.45,15.6735,15.3,10561
2021-12-22,15.15,15.6,16.05,14.85,31639
2021-12-23,16.5,15.6,16.65,15.15,79296
2021-12-27,15.3,15.3,15.45,15.15,23819
2021-12-28,15.0,15.15,15.3,14.7,36744
2021-12-29,15.15,14.931,15.3,14.85,30385
2021-12-30,14.85,15.3,15.3,14.85,24750
2021-12-31,15.0,15.0,15.3,14.8515,12407
2022-01-03,15.0,16.35,16.5,15.0,18170
2022-01-04,16.35,16.65,16.92,16.2,8894
2022-01-05,16.5,15.9,17.4,15.825,25295
2022-01-06,16.05,16.35,16.5,15.33,12403
2022-01-07,16.5,16.8,17.685,16.0515,14445
2022-01-10,16.95,16.5,17.1,15.75,17846
2022-01-11,16.2,16.35,16.5,16.05,8887
2022-01-12,16.2,16.2,16.8,16.05,2491
2022-01-13,16.2,16.1595,16.5,16.05,3711
2022-01-14,15.9,15.6,16.044,15.15,7721
2022-01-18,15.3,14.55,15.375,14.25,12962
2022-01-19,14.55,15.0,15.75,14.25,15008
2022-01-20,15.15,14.889,15.75,14.889,10885
2022-01-21,15.0,14.85,15.525,13.8,13313
2022-01-24,13.8,14.2575,14.55,13.443,16731
2022-01-25,14.421,14.6985,14.721,13.527,4995
2022-01-26,14.4,14.265,14.739,14.1,6680
2022-01-27,14.124,13.2,14.25,12.75,12630
2022-01-28,13.128,13.497,13.95,12.768,7158
2022-01-31,14.517,15.45,15.8175,13.5,24338
2022-02-01,15.6,16.2,16.65,15.15,12902
2022-02-02,16.2,15.75,16.5,15.45,7666
2022-02-03,15.6,16.5,16.8,15.3,11918
2022-02-04,17.55,18.15,18.3,16.95,21940
2022-02-07,19.05,19.05,19.5,18.45,15219
2022-02-08,19.05,18.75,19.2,18.45,4871
2022-02-09,18.6,18.9,19.5,18.597,8120
2022-02-10,19.05,18.6,19.1985,18.1515,6937
2022-02-11,18.303,17.6985,18.75,17.25,5332
2022-02-14,17.4,17.4,17.7,16.8015,5872
2022-02-15,17.7,17.55,18.4125,17.25,2879
2022-02-16,17.25,18.0,18.6,16.95,10362
2022-02-17,18.15,17.85,18.15,17.4,4761
2022-02-18,17.4,17.1,17.85,17.022,2438
2022-02-22,16.95,16.4985,17.55,16.05,6709
2022-02-23,16.65,15.618,17.25,15.45,8690
2022-02-24,13.635,16.2,16.35,12.795,12419
2022-02-25,15.675,15.9,16.4535,15.675,2012
2022-02-28,15.9,16.0005,16.5,15.45,2993
2022-03-01,15.75,16.05,16.95,14.85,3746
2022-03-02,16.65,15.705,16.65,15.0,4083
2022-03-03,16.2,15.3,16.2,15.15,3881
2022-03-04,15.15,15.15,15.3,14.7,6942
2022-03-07,15.15,14.85,15.15,13.95,8930
2022-03-08,14.25,14.1,15.15,14.025,22594
2022-03-09,14.7,15.15,15.9,14.58,15277
2022-03-10,14.4,14.943,15.6,14.25,1472
2022-03-11,14.4,16.95,17.7,14.4,34030
2022-03-14,17.7,15.45,17.7,14.4015,12147
2022-03-15,15.45,15.75,16.35,15.45,4086
2022-03-16,16.5,16.35,17.7,16.05,19547
2022-03-17,17.1,16.7985,17.1,15.45,8781
2022-03-18,16.8,17.1,17.3985,16.65,5419
2022-03-21,17.1,16.425,17.25,16.2015,3514
2022-03-22,16.65,17.2515,17.7,16.425,14611
2022-03-23,16.2,17.4,17.7,16.2,4734
2022-03-24,17.7,17.7,18.0,17.25,3069
2022-03-25,16.9515,17.475,17.85,16.9515,2932
2022-03-28,18.0,17.4,18.0,17.25,2578
2022-03-29,17.1,17.25,17.85,16.95,2438
2022-03-30,17.85,16.8,17.85,16.5,5764
2022-03-31,16.8,16.35,17.4,16.0515,9500
2022-04-01,16.65,15.75,16.65,15.48,4949
2022-04-04,15.6,16.125,16.35,15.6,4231
2022-04-05,15.9,16.05,17.7,15.9,13167
2022-04-06,16.95,15.525,16.95,15.525,3838
2022-04-07,16.05,15.3,16.35,15.15,2198
2022-04-08,15.6,16.05,16.05,15.0,4124
2022-04-11,15.6,15.45,15.894,15.153,1804
2022-04-12,15.15,14.9205,15.45,14.853,2789
2022-04-13,14.85,15.45,16.8,14.85,16729
2022-04-14,16.2,15.1485,16.2,14.25,9433
2022-04-18,16.05,15.0,16.05,14.55,2823
2022-04-19,14.556,15.633,15.75,14.4195,4547
2022-04-20,15.15,15.3,15.75,15.15,699
2022-04-21,15.6,15.15,15.6,14.7,2427
2022-04-22,14.85,14.7,15.15,14.553,2151
2022-04-25,14.403,14.6985,14.85,14.403,2043
2022-04-26,14.25,13.9545,14.9835,13.9515,3857
2022-04-27,14.85,16.1745,17.55,13.6815,16089
2022-04-28,16.5,15.75,16.5,15.0015,4515
2022-04-29,15.75,15.6,15.9,15.3,2578
2022-05-02,15.3,15.6,17.85,14.25,100917
2022-05-03,15.15,15.0,15.435,14.7,16270
2022-05-04,15.0,14.8545,15.6,14.4,6658
2022-05-05,15.6,14.6625,15.6,14.4,4260
2022-05-06,14.6175,14.133,14.985,13.9515,4304
2022-05-09,13.95,13.500015,13.986,13.5,11642
2022-05-10,14.967,13.197,14.9805,12.342,14455
2022-05-11,12.9,12.6,13.1955,12.426,6855
2022-05-12,12.3,12.657,13.0485,12.045,4575
2022-05-13,12.3165,13.019985,13.35,12.3165,4032
2022-05-16,12.75,12.189,12.9,12.150015,6265
2022-05-17,12.189,12.45,12.75,12.0,4969
2022-05-18,12.45,12.375,12.75,12.225,2228
2022-05-19,12.45,12.72,13.2,12.1515,6249
2022-05-20,12.9,12.825,12.9,12.2355,1918
2022-05-23,12.75,12.7515,13.05,12.75,2355
2022-05-24,12.9,12.1515,12.9,12.0,3964
2022-05-25,12.0,12.3,12.3,11.955,3164
2022-05-26,12.1575,12.639,12.753015,12.153,4150
2022-05-27,12.3,12.75,13.0065,12.3,16589
2022-05-31,12.684,12.45,12.81,12.3,9093
2022-06-01,12.45,12.1515,12.735,12.0,5159
2022-06-02,12.21,12.3,12.3,11.7135,2470
2022-06-03,12.225,12.1665,12.297,12.1665,708
2022-06-06,12.219,12.72,12.7875,12.15,23509
2022-06-07,12.7485,12.5925,12.9735,12.3015,19280
2022-06-08,12.15,12.45,12.75,12.136485,14577
2022-06-09,12.333,12.6,13.05,12.138,7724
2022-06-10,12.375,12.189,12.75,11.8515,15182
2022-06-13,11.244,10.8,11.85,10.35,23135
2022-06-14,10.35,10.35,10.4985,10.2,6586
2022-06-15,10.4235,10.7805,10.785,10.2015,9784
2022-06-16,10.3695,10.275,10.425,10.05,4637
2022-06-17,10.276515,11.07,11.07,10.2,8840
2022-06-21,11.019,10.677,11.55,10.651515,11445
2022-06-22,10.5,10.425,10.785,10.215,10588
2022-06-23,10.611765,10.425,10.6155,10.053,3122
2022-06-24,10.5,10.800735,11.1,10.5,13548
2022-06-27,10.574235,10.3125,10.6485,10.218,1288
2022-06-28,10.7835,10.1955,10.809,9.3045,32444
2022-06-29,10.146,9.9,10.146,9.45,10779
2022-06-30,9.825,9.674985,9.8985,9.336,5268
2022-07-01,9.675,9.87,10.35,9.46032,10101
2022-07-05,9.315,9.333,9.777,9.1185,9905
2022-07-06,9.15,8.923485,9.594,8.8815,40643
2022-07-07,9.0,8.9775,9.4485,8.82,20600
2022-07-08,9.525,9.078,9.525,9.0,5868
2022-07-11,9.0,9.3915,10.2,9.0,7766
2022-07-12,9.333,9.336,9.466515,9.0,4000
2022-07-13,9.0,9.072,9.3,8.8545,5019
2022-07-14,8.940015,8.625,8.940015,8.32515,10903
2022-07-15,9.0,8.55,9.0,8.325,3356
2022-07-18,8.9985,9.0,9.13125,8.553,3623
2022-07-19,9.240375,9.2775,9.4605,9.075,9362
2022-07-20,9.75,9.5265,9.75,9.3075,8791
2022-07-21,9.3975,9.2985,9.6735,8.907,2816
2022-07-22,9.298485,9.243,9.298485,8.85,1791
2022-07-25,8.703,8.7,9.41109,8.6265,4287
2022-07-26,8.6775,8.7,8.934,8.5515,1906
2022-07-27,8.5005,8.7045,9.0,8.5005,2543
2022-07-28,8.4,8.5635,9.4245,8.4,6786
2022-07-29,9.2895,8.595,9.2895,8.5515,1517
2022-08-01,8.685,8.571,9.0,8.568,4851
2022-08-02,8.7,8.886,9.2235,8.7,3862
2022-08-03,9.243,9.15,9.243,8.85,3029
2022-08-04,9.2955,9.297,9.297,9.0,5292
2022-08-05,9.0675,9.003,9.15,8.7,2951
2022-08-08,9.7485,9.210915,9.7485,9.0,2194
2022-08-09,9.10575,9.18,9.2115,8.85,2708
2022-08-10,9.9,9.246,9.9,9.0015,3422
2022-08-11,9.75,9.3765,9.8265,9.33,2573
2022-08-12,9.45,9.786,10.05,9.45,3163
2022-08-15,9.6,9.61071,9.9,9.3,4237
2022-08-16,9.7665,9.5295,9.91236,9.2475,3031
2022-08-17,9.87,9.312,9.87,9.3,1150
2022-08-18,9.4515,10.797,10.8,9.45,29581
2022-08-19,10.5,10.0485,10.5,9.9,6798
2022-08-22,9.9,9.8985,10.35,9.81,2655
2022-08-23,9.9,9.9525,10.197,9.753,2040
2022-08-24,9.75,9.6315,9.966,9.615,1179
2022-08-25,9.9,9.748485,9.9,9.6,668
2022-08-26,10.05,9.3,10.6485,9.1515,14664
2022-08-29,9.0,9.33,9.4485,8.406,6767
2022-08-30,10.65,9.7485,10.65,9.0015,35512
2022-08-31,8.85,9.2235,9.598485,8.85,5221
2022-09-01,8.8995,9.15,9.45,8.851515,1322
2022-09-02,8.7015,8.9895,9.4455,8.7,3944
2022-09-06,8.7165,9.0,9.375,8.7,3492
2022-09-07,9.0,8.865,9.0015,8.707515,2468
2022-09-08,9.0,9.443985,9.443985,9.0,4038
2022-09-09,9.3,9.465,9.6,9.3,631
2022-09-12,9.38175,9.6975,9.6975,9.375,3178
2022-09-13,9.519,9.6555,9.75,9.519,1727
2022-09-14,9.3585,9.465,9.675,9.3585,1069
2022-09-15,9.315,9.19896,9.339,9.15,1878
2022-09-16,9.15,9.3,9.6615,8.9985,1949
2022-09-19,8.85,9.12264,9.2925,8.748,1712
2022-09-20,9.146985,8.7,9.146985,8.5515,3906
2022-09-21,8.7,8.472,8.7,8.4,2556
2022-09-22,8.4,8.079,8.475,7.5,8751
2022-09-23,9.45,8.2515,11.235,7.65,210411
2022-09-26,8.205,8.0385,8.248485,7.5345,31935
2022-09-27,8.0655,7.653,8.0655,6.4185,34697
2022-09-28,7.35,8.4,8.9985,7.35,29374
2022-09-29,8.7,8.8185,8.925,7.95,19567
2022-09-30,9.18,8.25,9.33,7.653,25126
2022-10-03,7.95,7.6755,8.0715,7.6605,6832
2022-10-04,7.92,7.6125,8.235,7.279515,17950
2022-10-05,7.3185,7.35,7.6095,7.278,4122
2022-10-06,7.424265,7.32,7.436985,7.2015,2974
2022-10-07,7.2,7.351515,7.5,7.047,5172
2022-10-10,7.2,6.975,7.5615,6.975,4017
2022-10-11,7.003185,6.896985,7.173,6.45,3172
2022-10-12,6.75,6.9015,7.35,6.75,5735
2022-10-13,6.975,7.01637,7.0455,6.456,3296
2022-10-14,6.765,7.053,7.329,6.765,2538
2022-10-17,7.2,6.9105,7.35,6.9105,3005
2022-10-18,6.993,7.032,7.0485,6.768,3734
2022-10-19,6.825,7.059,7.3485,6.825,2886
2022-10-20,7.05,6.9195,7.2,6.918,1489
2022-10-21,7.5,6.9255,7.5,6.915,2708
2022-10-24,7.005,6.777,7.005,6.0,7379
2022-10-25,6.8235,7.455,7.455,6.4665,2813
2022-10-26,6.624,7.3455,7.346985,6.624,3480
2022-10-27,6.1725,6.8265,6.9,6.1725,1835
2022-10-28,6.8265,6.9405,7.1325,6.7605,337
2022-10-31,6.939,6.969,7.335,6.9,1495
2022-11-01,6.7605,6.306,6.7605,6.3,10923
2022-11-02,6.168015,6.294,6.406485,6.018,13528
2022-11-03,6.018,6.3,6.4545,5.699265,13648
2022-11-04,6.2805,6.15,6.2805,5.8485,5404
2022-11-07,5.8695,5.85,6.144,5.715,10029
2022-11-08,6.4575,5.7615,7.332,5.7,7844
2022-11-09,5.739,5.76,5.877,5.715,3924
2022-11-10,5.76,5.8575,6.15,5.7165,4817
2022-11-11,6.0,5.7495,6.147,5.7255,15463
2022-11-14,4.55,6.04,6.75,4.53,284479
2022-11-15,6.7,7.08,7.94,6.2882,306370
2022-11-16,7.66,7.66,8.8,7.2,466714
2022-11-17,8.3,7.03,8.3,6.8,116830
2022-11-18,7.41,7.1105,7.6399,6.85,57445
2022-11-21,7.19,7.2,7.57,6.8001,39513
2022-11-22,7.13,7.25,7.43,7.13,24412
2022-11-23,7.17,7.25,7.4,6.95,34906
2022-11-25,7.12,7.11,7.23,7.015,9889
2022-11-28,7.02,7.09,7.5324,6.93,12636
2022-11-29,6.98,6.84,7.01,6.7545,9092
2022-11-30,6.77,6.3402,6.8,6.2001,36354
2022-12-01,6.3,6.1492,6.34,6.11,19289
2022-12-02,6.1438,5.99,6.17,5.75,21886
2022-12-05,5.9,6.0,6.1,5.81,14050
2022-12-06,5.9837,6.1,6.1499,5.9401,5678
2022-12-07,6.06,5.91,6.06,5.8155,5285
2022-12-08,5.99,6.2593,6.5499,5.92,72702
2022-12-09,6.38,6.27,6.38,6.205,19769
2022-12-12,6.18,6.22,6.32,6.07,19491
2022-12-13,6.16,6.07,6.4,6.07,22696
2022-12-14,6.03,6.37,6.387,6.0079,19722
2022-12-15,6.4,6.55,6.8499,6.2516,35949
2022-12-16,6.55,6.6,6.8,6.5,36318
2022-12-19,5.67,5.78,6.21,5.51,27106
2022-12-20,5.5585,5.06,5.9227,5.06,25393
2022-12-21,5.35,5.31,5.64,5.05,26599
2022-12-22,5.11,5.13,5.56,5.04,17135
2022-12-23,5.04,5.0168,5.18,4.58,18277
2022-12-27,4.86,4.58,4.9272,4.54,60417
2022-12-28,4.49,4.96,5.0,4.445,28386
2022-12-29,5.0,4.8,5.2,4.57,31439
2022-12-30,4.65,4.67,4.97,4.55,30842
2023-01-03,4.6,4.875,5.25,4.6,4933
2023-01-04,4.78,4.94,5.02,4.76,11516
2023-01-05,4.99,5.1199,5.15,4.79,7094
2023-01-06,5.0601,5.1,5.14,4.6444,16348
2023-01-09,5.0,5.1313,5.1874,4.82,14967
2023-01-10,5.2,4.884,5.2,4.86,31415
2023-01-11,4.98,4.8657,4.98,4.8,3614
2023-01-12,5.0612,5.069,5.0736,4.89,15773
2023-01-13,5.01,4.8668,5.0252,4.845,4634
2023-01-17,5.19,4.9,5.19,4.83,16892
2023-01-18,5.0723,4.96,5.1278,4.6944,7831
2023-01-19,4.9,4.88,4.9269,4.725,7080
2023-01-20,4.9399,5.0,5.1799,4.702,5307
2023-01-23,4.96,5.0,5.1147,4.85,24160
2023-01-24,5.16,5.05,5.16,4.96,3257
2023-01-25,5.09,5.02,5.17,4.92,25808
2023-01-26,5.1137,5.2229,5.2229,4.94,22045
2023-01-27,5.0694,5.0324,5.16,4.83,9262
2023-01-30,5.0,4.86,5.1922,4.845,56107
2023-01-31,4.8715,4.7,4.98,4.7,17069
2023-02-01,4.7,4.67,4.89,4.5999,16578
2023-02-02,4.81,5.0,5.12,4.81,26891
2023-02-03,4.95,4.95,5.19,4.92,8876
2023-02-06,4.802,4.8007,5.122,4.58,6697
2023-02-07,4.9899,4.86,4.9899,4.62,30124
2023-02-08,4.9915,4.82,5.0125,4.71,5924
2023-02-09,5.0,4.8477,5.2042,4.8301,13629
2023-02-10,4.83,4.73,4.83,4.6332,8933
2023-02-13,4.82,4.69,4.82,4.68,8534
2023-02-14,4.6401,4.6816,4.82,4.6,21113
2023-02-15,4.845,4.635,4.8735,4.501,8726
2023-02-16,4.59,4.78,4.8,4.59,11016
2023-02-17,4.68,4.7001,4.714,4.6529,4019
2023-02-21,4.81,4.78,4.81,4.57,6801
2023-02-22,4.98,4.6616,4.98,4.65,11152
2023-02-23,4.87,4.5791,4.89,4.55,48763
2023-02-24,4.54,4.6086,4.62,4.5,18689
2023-02-27,4.62,4.72,4.89,4.51,17227
2023-02-28,4.66,4.7429,4.7429,4.52,7581
2023-03-01,4.6756,4.655,4.74,4.57,9654
2023-03-02,4.6256,4.69,4.72,4.56,5836
2023-03-03,4.65,4.67,4.72,4.65,2730
2023-03-06,4.66,4.6,4.68,4.56,6081
2023-03-07,4.58,4.5658,4.59,4.46,14472
2023-03-08,4.5093,4.5,4.5616,4.5,2240
2023-03-09,4.55,4.2,4.574,4.2,37379
2023-03-10,4.5,4.38,4.5,4.29,11535
2023-03-13,4.32,4.4077,4.5,4.32,5707
2023-03-14,4.56,4.3401,4.56,4.34,1545
2023-03-15,4.54,4.4021,4.54,4.4021,828
2023-03-16,4.3493,4.3776,4.3999,4.2601,5522
2023-03-17,4.32,4.21,4.49,4.21,6053
2023-03-20,4.37,4.06,4.37,4.0174,11598
2023-03-21,4.07,4.1676,4.32,4.07,11014
2023-03-22,4.05,4.1139,4.32,4.05,9485
2023-03-23,4.29,4.1482,4.29,4.11,970
2023-03-24,4.1101,4.1499,4.15,4.1101,2460
2023-03-27,4.15,4.15,4.26,4.13,9589
2023-03-28,4.2,4.2277,4.27,4.15,2623
2023-03-29,4.32,4.1624,4.32,4.1624,1088
2023-03-30,4.16,4.3404,4.408,4.16,1317
2023-03-31,4.2541,4.22,4.2541,4.1794,2316
2023-04-03,4.18,4.11,4.29,4.11,4168
2023-04-04,4.34,4.1517,4.34,4.15,1380
2023-04-05,4.1,4.24,4.24,4.1,815
2023-04-06,4.11,4.17,4.23,4.1,1302
2023-04-10,4.35,4.499,4.5,4.17,12031
2023-04-11,4.49,4.49,4.49,4.49,628
2023-04-12,4.3715,4.39,4.41,4.3715,1825
2023-04-13,4.82,4.49,5.0299,4.1,558397
2023-04-14,4.44,4.91,4.92,4.21,74145
2023-04-17,4.91,4.85,4.9101,4.5825,24336
2023-04-18,4.85,4.92,4.98,4.6207,12094
2023-04-19,4.8908,5.6,5.7,4.8908,86543
2023-04-20,5.61,5.97,6.04,5.51,52975
2023-04-21,5.9,5.26,5.97,5.25,31676
2023-04-24,5.25,5.2697,5.68,5.0801,14644
2023-04-25,5.17,5.01,5.2992,4.9,19413
2023-04-26,5.08,4.69,5.48,4.69,5706
2023-04-27,4.95,4.8,5.05,4.7701,11756
2023-04-28,4.81,4.8601,4.91,4.81,2941
2023-05-01,4.91,4.85,4.91,4.85,7157
2023-05-02,4.92,4.66,4.92,4.5048,9394
2023-05-03,4.75,4.75,4.75,4.75,703
2023-05-04,5.2,4.935,5.2,4.8,31797
