2021-07-14,25.2,25.47,25.98,25.16,202657
2021-07-15,25.55,25.85,25.93,25.51,182562
2021-07-16,26.0,25.89,26.1,25.77,198102
2021-07-19,25.87,25.74,25.8799,25.65,240140
2021-07-20,25.72,25.92,25.94,25.72,76502
2021-07-21,25.92,25.98,26.11,25.9096,58109
2021-07-22,26.04,26.03,26.14,25.95,16657
2021-07-23,26.0,25.89,26.05,25.86,36721
2021-07-26,25.96,25.95,26.0,25.9,40873
2021-07-27,25.95,25.82,25.99,25.75,14040
2021-07-28,25.84,25.82,25.9,25.7,34426
2021-07-29,25.84,25.8,25.8899,25.7684,13413
2021-07-30,25.77,25.78,25.87,25.75,71006
2021-08-02,25.79,25.8,25.88,25.76,34096
2021-08-03,25.83,26.07,26.1,25.815,69052
2021-08-04,26.07,26.08,26.18,25.93,30024
2021-08-05,26.12,26.1,26.2,26.05,7966
2021-08-06,26.17,26.09,26.23,26.02,28756
2021-08-09,26.1,26.2,26.369,26.1,47713
2021-08-10,26.21,26.1,26.28,26.03,44420
2021-08-11,26.19,26.25,26.25,26.19,20790
2021-08-12,26.25,26.14,26.25,26.14,6284
2021-08-13,26.2,26.24,26.24,26.1,10354
2021-08-16,26.26,26.23,26.38,26.21,21333
2021-08-17,26.25,26.33,26.33,26.24,11109
2021-08-18,26.25,26.25,26.32,26.2312,8746
2021-08-19,26.245,26.08,26.2899,26.065,18962
2021-08-20,26.099,26.2,26.2599,26.099,25000
2021-08-23,26.191,26.34,26.35,26.191,13431
2021-08-24,26.29,26.46,26.5,26.23,9698
2021-08-25,26.5,26.455,26.5,26.41,6014
2021-08-26,26.5,26.598,26.69,26.5,8969
2021-08-27,26.69,26.67,26.74,26.5512,11814
2021-08-30,26.74,26.94,26.98,26.65,17194
2021-08-31,26.925,26.91,27.02,26.83,6172
2021-09-01,26.99,27.1,27.1,26.9617,7320
2021-09-02,27.025,26.94,27.1399,26.86,17761
2021-09-03,26.9499,26.85,26.9499,26.85,1735
2021-09-07,26.93,26.8089,26.93,26.8089,511
2021-09-08,26.88,26.85,26.88,26.58,8995
2021-09-09,26.6781,26.8,26.82,26.6781,2314
2021-09-10,26.85,26.72,26.85,26.6535,2620
2021-09-13,26.7182,26.75,26.8339,26.7182,2345
2021-09-14,26.74,26.87,27.08,26.7,7893
2021-09-15,26.9272,26.9499,26.9499,26.7917,2734
2021-09-16,26.78,26.89,27.08,26.78,9208
2021-09-17,26.81,26.9,27.07,26.81,4365
2021-09-20,26.83,26.85,26.85,26.7501,8111
2021-09-21,26.79,26.94,26.94,26.56,8968
2021-09-22,26.835,26.8883,26.98,26.78,2543
2021-09-23,26.9195,26.851,27.0,26.7,6324
2021-09-24,26.75,26.75,26.75,26.75,302
2021-09-27,26.75,26.75,26.8132,26.6816,8496
2021-09-28,26.65,26.68,26.7226,26.5,10375
2021-09-29,26.5,26.7199,26.8,26.5,3795
2021-09-30,26.7393,26.71,26.79,26.67,6025
2021-10-01,26.8,26.74,26.8,26.7,3308
2021-10-04,26.8,26.9,27.0,26.8,5113
2021-10-05,26.9,26.88,26.95,26.7001,2679
2021-10-06,26.6,26.69,26.85,26.6,4654
2021-10-07,26.76,26.71,26.845,26.69,2273
2021-10-08,26.84,26.85,26.85,26.825,1708
2021-10-11,26.85,26.6677,26.92,26.6,7981
2021-10-12,26.7,26.909,26.909,26.7,838
2021-10-13,26.71,26.73,26.8899,26.71,6113
2021-10-14,26.74,26.5,26.75,26.5,13951
2021-10-15,26.5,26.45,26.585,26.399,14248
2021-10-18,26.51,26.44,26.585,26.2,10780
2021-10-19,26.41,26.45,26.51,26.4,5143
2021-10-20,26.29,26.42,26.45,26.16,16565
2021-10-21,26.39,26.39,26.4275,26.25,4933
2021-10-22,26.345,26.41,26.41,26.2486,4400
2021-10-25,26.4,26.3,26.4,26.2,21790
2021-10-26,26.33,26.35,26.4,26.19,27088
2021-10-27,26.38,26.6,26.74,26.38,13701
2021-10-28,26.61,26.66,26.71,26.45,9073
2021-10-29,26.68,26.7,26.75,26.63,10462
2021-11-01,26.71,26.73,26.73,26.69,1067
2021-11-02,26.6,26.67,26.67,26.6,4979
2021-11-03,26.65,26.665,26.69,26.5,19199
2021-11-04,26.6,26.6,26.625,26.5,36137
2021-11-05,26.6014,26.6,26.62,26.585,14452
2021-11-08,26.5283,26.6,26.6,26.52,9660
2021-11-09,26.69,26.55,26.69,26.4,18566
2021-11-10,26.48,26.55,26.57,26.41,10391
2021-11-11,26.55,26.53,26.625,26.5,28192
2021-11-12,26.5999,26.55,26.6,26.5,20889
2021-11-15,26.6,26.6,26.6,26.6,2438
2021-11-16,26.6,26.615,26.615,26.5,27456
2021-11-17,26.5999,26.58,26.6,26.515,5424
2021-11-18,26.52,26.5786,26.58,26.52,18448
2021-11-19,26.5354,26.573,26.6,26.496,24810
2021-11-22,26.94,26.85,26.95,26.79,120892
2021-11-23,26.9,26.91,26.95,26.8,37570
2021-11-24,26.97,26.98,26.98,26.9,19671
2021-11-26,26.8928,26.99,27.0,26.78,10444
2021-11-29,26.94,27.05,27.05,26.8,16571
2021-11-30,26.93,26.8872,26.95,26.8872,6455
2021-12-01,27.0,26.8641,27.0,26.8641,26398
2021-12-02,26.8,26.99,27.0,26.76,9559
2021-12-03,26.99,26.93,26.99,26.8,5849
2021-12-06,26.93,26.95,26.95,26.85,3860
2021-12-07,26.99,27.0699,27.09,26.99,8571
2021-12-08,NaN,27.0699,NaN,NaN,373
2021-12-09,27.0657,27.0,27.0657,27.0,3556
2021-12-10,27.045,27.45,27.51,27.045,3138
2021-12-13,27.2,27.4,27.4,27.2,2080
2021-12-14,27.2602,27.2001,27.275,27.2001,1260
2021-12-15,27.21,27.2001,27.2362,27.2,3449
2021-12-16,27.235,27.37,27.39,27.235,6598
2021-12-17,27.29,27.3287,27.3287,27.29,926
2021-12-20,27.2,27.3457,27.37,27.2,2824
2021-12-21,27.3341,27.275,27.3341,27.235,3298
2021-12-22,27.24,27.43,27.43,27.24,1274
2021-12-23,27.318,27.4,27.4,27.2501,4666
2021-12-27,27.2501,27.35,27.35,27.25,2311
2021-12-28,27.35,27.07,27.35,26.99,4418
2021-12-29,27.125,27.13,27.2994,27.125,3061
2021-12-30,27.16,27.4,27.4,27.14,2121
2021-12-31,27.27,27.52,27.52,27.1,6676
2022-01-03,27.455,27.4689,27.51,27.455,554
2022-01-04,27.5799,27.5799,27.5799,27.32,1944
2022-01-05,27.39,27.2967,27.39,27.2967,2124
2022-01-06,27.35,27.275,27.35,27.19,612
2022-01-07,27.25,27.86,27.86,27.25,12173
2022-01-10,27.76,27.55,27.76,27.2,19673
2022-01-11,27.4076,27.41,27.42,27.4076,857
2022-01-12,27.4,27.5661,27.625,27.31,10951
2022-01-13,27.35,27.35,27.35,27.35,552
2022-01-14,27.375,27.3099,27.375,27.28,1072
2022-01-18,27.2204,27.1,27.2204,27.1,1250
2022-01-19,27.195,26.95,27.3899,26.85,19449
2022-01-20,26.9078,27.0,27.0,26.9078,1139
2022-01-21,27.0,27.34,27.34,26.8,3210
2022-01-24,27.26,27.17,27.3799,26.8,9173
2022-01-25,27.0107,27.1,27.29,26.83,1711
2022-01-26,27.48,27.35,27.48,27.1,3010
2022-01-27,27.05,27.1,27.1,26.9516,928
2022-01-28,26.9101,26.905,27.0245,26.8411,2488
2022-01-31,27.0506,27.0,27.06,26.945,2048
2022-02-01,26.9,27.01,27.0101,26.8996,1314
2022-02-03,27.0101,27.0,27.03,26.82,3281
2022-02-04,27.05,27.0542,27.0542,27.05,703
2022-02-07,27.05,26.99,27.05,26.99,1584
2022-02-08,27.01,27.11,27.2,27.01,2414
2022-02-09,27.0001,26.96,27.0001,26.96,9401
2022-02-10,26.9664,26.9501,27.0344,26.9501,1447
2022-02-11,26.9307,27.0,27.0999,26.8,6177
2022-02-14,26.8612,26.8277,26.9294,26.7,11308
2022-02-15,26.984,26.9466,26.984,26.9,2250
2022-02-16,26.74,26.87,26.87,26.71,1031
2022-02-17,26.9,26.9,26.91,26.85,960
2022-02-18,26.87,26.73,26.87,26.62,4247
2022-02-22,26.6843,26.8999,26.8999,26.6,3265
2022-02-23,26.6725,26.95,26.95,26.6725,1168
2022-02-24,26.6612,26.95,26.95,26.6,3779
2022-02-25,26.91,26.91,26.91,26.91,443
2022-02-28,26.91,26.8,26.91,26.6848,2702
2022-03-01,26.91,26.8,26.939,26.6,4450
2022-03-02,26.7033,26.95,26.95,26.7033,1257
2022-03-03,26.9,26.9,26.9,26.9,347
2022-03-04,26.8,26.79,26.84,26.6101,5192
2022-03-07,26.765,26.84,26.84,26.61,2540
2022-03-08,26.62,26.76,26.84,26.62,2295
2022-03-09,26.63,26.74,26.81,26.61,5861
2022-03-10,26.63,26.82,26.82,26.6,2219
2022-03-11,26.77,26.84,26.84,26.65,4823
2022-03-14,26.8,26.7388,26.8,26.7388,357
2022-03-15,26.69,26.8999,26.8999,26.69,1008
2022-03-16,26.9,26.9,26.9,26.9,311
2022-03-17,26.75,26.8999,26.8999,26.75,1895
2022-03-18,26.89,26.868,26.9,26.868,600
2022-03-21,26.87,26.8254,26.87,26.76,2856
2022-03-22,26.8,26.95,26.95,26.7801,825
2022-03-23,26.95,26.95,26.95,26.95,1212
2022-03-25,26.95,26.95,26.95,26.95,340
2022-03-28,26.95,26.95,26.95,26.8736,6785
2022-03-29,26.9189,26.9189,26.9189,26.9189,468
2022-03-30,26.95,26.95,26.95,26.95,1010
2022-03-31,26.95,26.9499,26.95,26.8276,2636
2022-04-01,26.95,26.95,26.95,26.95,583
2022-04-04,26.95,26.925,26.95,26.92,5819
2022-04-05,26.95,26.95,26.95,26.95,273
2022-04-06,26.9,26.95,26.95,26.75,1572
2022-04-07,26.92,26.9243,26.9243,26.92,245
2022-04-08,26.95,26.95,26.95,26.94,997
2022-04-11,26.95,26.95,26.95,26.95,2949
2022-04-12,26.9,26.9,26.9,26.875,2422
2022-04-13,26.92,26.82,26.92,26.8,1771
2022-04-14,26.38,26.95,26.95,26.38,3734
2022-04-18,26.95,26.85,26.95,26.775,1830
2022-04-19,26.85,26.85,26.85,26.85,301
2022-04-20,26.7,26.8,26.8,26.6,2765
2022-04-21,26.6165,26.6165,26.6165,26.6165,260
2022-04-22,26.6001,26.62,26.7999,26.41,3504
2022-04-25,26.56,26.61,26.61,26.46,1409
2022-04-26,26.5,26.68,26.72,26.5,1113
2022-04-27,26.6002,26.6,26.6002,26.55,3750
2022-04-28,26.52,26.6,26.6,26.52,650
2022-04-29,26.5,26.6,26.6,26.5,1165
2022-05-02,26.5,26.6,26.6,26.5,1319
2022-05-04,26.55,26.7,26.7,26.5,2010
2022-05-05,26.5803,26.7,26.7,26.5803,832
2022-05-06,26.64,26.66,26.66,26.64,570
2022-05-09,26.52,26.6,26.6999,26.5,2026
2022-05-10,26.5,26.45,26.54,26.2629,4324
2022-05-11,26.49,26.44,26.49,26.2322,1570
2022-05-12,26.43,26.39,26.43,26.1343,2351
2022-05-13,26.3,26.33,26.35,26.0,6403
2022-05-16,26.35,26.4,26.4,26.2001,1903
2022-05-17,26.2753,26.24,26.3085,26.125,2116
2022-05-18,26.28,26.2789,26.47,26.1158,1859
2022-05-19,26.1,26.48,26.4999,26.1,3038
2022-05-20,26.7,26.4,26.7,26.4,3022
2022-05-23,26.46,26.6,26.6,26.4,894
2022-05-24,26.42,26.55,26.6,26.42,1166
2022-05-25,26.7,26.7,26.7,26.5258,1654
2022-05-26,26.6999,26.7,26.7,26.6999,430
2022-05-27,26.7,26.53,26.8,26.525,4585
2022-05-31,26.6985,26.7,26.7,26.595,2427
2022-06-01,26.525,26.525,26.525,26.525,422
2022-06-02,26.5823,26.69,26.69,26.5823,3873
2022-06-03,26.7999,26.64,26.8,26.64,5483
2022-06-06,26.7,26.99,27.0,26.55,7035
2022-06-07,27.0,26.75,27.0,26.6,3883
2022-06-08,26.6,26.62,26.62,26.52,5690
2022-06-09,27.3,27.3,27.3,26.5779,20873
2022-06-10,27.3,27.3,27.3,26.9895,8380
2022-06-13,26.8,27.4,27.4,26.8,40404
2022-06-14,26.905,27.36,27.3999,26.42,17103
2022-06-15,27.0,27.3725,27.5,26.8,40443
2022-06-16,26.92,27.4,27.5,26.92,21380
2022-06-17,27.14,27.5,27.5,26.88,26125
2022-06-21,27.1872,27.0,27.5,26.9943,18170
2022-06-22,27.26,27.3253,27.35,27.0005,12276
2022-06-23,27.1464,27.35,27.35,27.1464,8077
2022-06-24,27.15,27.2342,27.4,27.0828,17841
2022-06-27,27.1,27.1848,27.5,27.1,18297
2022-06-28,27.4,27.1747,27.4,27.0488,34032
2022-06-29,27.25,27.24,27.25,27.15,19495
2022-06-30,27.1767,27.24,27.24,27.0396,17900
2022-07-01,27.17,27.21,27.24,27.12,13779
2022-07-05,27.21,27.1899,27.21,27.115,10814
2022-07-06,27.1999,27.2,27.2,27.1,14106
2022-07-07,27.1999,27.1999,27.2,27.1,11591
2022-07-08,27.06,27.0499,27.06,26.87,5089
2022-07-11,26.8795,26.8795,26.8795,26.8795,399
2022-07-12,27.05,27.2,27.2,27.05,942
2022-07-13,27.1999,27.2,27.2,26.95,5190
2022-07-14,26.93,26.5575,26.93,26.45,7794
2022-07-15,26.425,26.5862,26.65,26.425,14939
2022-07-18,26.5799,26.65,26.65,26.3301,8499
2022-07-19,26.6499,26.63,26.65,26.5001,12484
2022-07-20,26.33,26.4,26.4999,26.33,12685
2022-07-21,26.4,26.4,26.4,26.36,4634
2022-07-22,26.4,26.38,26.4,26.3787,9395
2022-07-25,26.32,26.4,26.4,26.3,1806
2022-07-26,26.4,26.38,26.4,26.3,5110
2022-07-27,26.4,26.36,26.4,26.36,1529
2022-07-28,26.3799,26.326,26.3799,26.2,1640
2022-07-29,26.24,26.2,26.2499,26.17,3731
2022-08-01,26.2,26.2,26.2,26.13,3497
2022-08-02,26.1,26.3199,26.33,26.1,17517
2022-08-03,26.3199,26.26,26.32,26.26,2180
2022-08-04,26.22,26.32,26.32,26.22,2919
2022-08-05,26.3199,26.27,26.32,26.16,4625
2022-08-08,26.27,26.275,26.32,26.22,6519
2022-08-09,26.3199,26.29,26.3799,26.29,9244
2022-08-10,26.32,26.33,26.35,26.29,18304
2022-08-11,26.32,26.3999,26.4,26.3199,10936
2022-08-12,26.4,26.3999,26.4,26.3872,3274
2022-08-15,26.4,26.4499,26.45,26.315,17769
2022-08-16,26.275,26.4499,26.45,26.275,6394
2022-08-17,26.4499,26.45,26.45,26.283,3406
2022-08-18,26.45,26.45,26.45,26.45,224
2022-08-19,26.45,26.37,26.45,26.37,1536
2022-08-22,26.45,26.35,26.45,26.35,2537
2022-08-23,26.35,26.3499,26.44,26.3,2520
2022-08-24,26.26,26.4,26.45,26.26,3007
2022-08-25,26.375,26.37,26.375,26.37,346
2022-08-26,26.375,26.35,26.375,26.35,2684
2022-08-29,26.35,26.35,26.35,26.3085,3739
2022-08-30,26.3,26.3499,26.3499,26.3,1337
2022-08-31,26.35,26.3,26.35,26.3,1814
2022-09-01,26.3,26.275,26.3499,26.25,2852
2022-09-02,26.1501,26.2,26.275,26.1501,4128
2022-09-06,26.3,26.3,26.3,26.2001,2481
2022-09-07,26.2999,26.3,26.3,26.2999,455
2022-09-09,26.15,26.21,26.3,26.15,4664
2022-09-12,26.185,26.15,26.185,26.1371,1290
2022-09-13,26.16,26.12,26.16,25.8793,1427
2022-09-14,26.13,26.015,26.15,26.015,780
2022-09-15,26.2,26.0,26.25,26.0,2623
2022-09-16,26.24,26.25,26.25,26.125,3383
2022-09-19,26.08,25.82,26.25,25.82,8558
2022-09-20,25.8449,25.8001,26.25,25.8001,5150
2022-09-21,25.8,26.1499,26.15,25.8,5808
2022-09-22,26.13,26.15,26.15,26.13,4899
2022-09-23,26.0,25.95,26.14,25.5,7816
2022-09-26,25.77,25.75,26.1356,25.75,2112
2022-09-27,25.76,25.7,26.0799,25.5001,4058
2022-09-28,25.75,25.75,25.75,25.7,9102
2022-09-29,25.84,25.5,25.9899,25.5,6780
2022-09-30,25.725,25.69,25.9499,25.5,6495
2022-10-03,25.85,25.5,25.85,25.45,14996
2022-10-04,25.585,25.5,25.63,25.4778,4115
2022-10-05,25.5,25.47,25.5,25.43,17894
2022-10-06,25.5,25.89,25.89,25.5,7887
2022-10-07,25.83,25.84,25.85,25.602,2816
2022-10-10,25.82,25.56,25.9,25.56,8912
2022-10-11,25.58,25.8042,25.8042,25.3512,1741
2022-10-12,25.3599,25.7,25.7,25.35,1384
2022-10-13,25.34,25.6999,25.7999,25.25,9416
2022-10-14,25.72,25.38,25.85,25.28,3816
2022-10-17,25.69,25.63,25.69,25.345,3299
2022-10-18,25.79,25.6,25.79,25.6,899
2022-10-19,25.7346,25.65,25.7346,25.65,935
2022-10-20,25.6,25.66,25.74,25.56,4831
2022-10-21,25.7144,25.58,25.8,25.58,7031
2022-10-24,25.47,25.6999,25.7,25.2,2408
2022-10-25,25.6499,25.55,25.65,25.55,1873
2022-10-26,25.7499,25.57,25.7499,25.2001,1577
2022-10-27,25.59,25.52,25.6,25.52,1873
2022-10-28,25.6799,25.6499,25.6799,25.6499,358
2022-10-31,25.02,25.64,25.65,25.02,4419
2022-11-01,25.65,25.37,25.65,25.37,3789
2022-11-02,25.455,25.6,25.65,25.455,1379
2022-11-03,25.6,25.55,25.65,25.475,2403
2022-11-04,25.475,25.5,25.5,25.4,633
2022-11-07,25.5,26.0,26.02,25.485,10873
2022-11-08,25.55,25.9999,25.9999,25.5,950
2022-11-09,25.9,25.95,25.95,25.56,1521
2022-11-10,25.8,25.92,25.92,25.68,1494
2022-11-11,25.81,25.85,25.85,25.81,609
2022-11-14,25.9499,25.9499,25.95,25.9499,1644
2022-11-15,25.95,25.95,25.95,25.775,2282
2022-11-16,25.8,26.0,26.0,25.8,3745
2022-11-17,26.21,26.7499,26.7499,26.21,2054
2022-11-18,26.175,25.88,26.2099,25.88,1081
2022-11-21,25.95,25.88,25.95,25.8799,3179
2022-11-22,25.75,25.76,25.85,25.6251,7062
2022-11-23,25.8599,26.4999,26.74,25.8599,10217
2022-11-28,25.79,26.0,26.21,25.72,4575
2022-11-29,25.97,26.23,26.23,25.97,1742
2022-11-30,26.025,26.025,26.025,26.025,342
2022-12-01,26.25,25.9001,26.25,25.9001,1612
2022-12-05,26.15,26.0,26.25,25.9001,1263
2022-12-06,26.0999,26.26,26.3,26.0999,3645
2022-12-08,25.9001,26.28,26.4699,25.9001,2264
2022-12-09,26.47,26.4699,26.47,26.4699,370
2022-12-12,26.35,26.28,26.35,25.91,5096
2022-12-13,26.35,26.35,26.35,26.125,11610
2022-12-14,26.4,26.2,26.45,25.985,12798
2022-12-15,26.45,26.35,26.45,26.35,3332
2022-12-16,26.4,26.45,26.45,26.4,455
2022-12-19,26.025,26.75,26.75,26.025,5773
2022-12-20,26.5,26.4025,26.7,26.3,7626
2022-12-21,26.35,26.7,26.7,26.35,2040
2022-12-23,26.7,26.7,26.7,26.6999,1868
2022-12-28,26.7,26.7,26.7,26.04,2633
2022-12-30,26.4,26.28,26.4,26.28,1215
2023-01-03,26.28,26.7499,26.7499,26.25,12417
2023-01-04,26.2501,26.2501,26.2501,26.2501,275
2023-01-05,26.435,26.435,26.435,26.435,384
2023-01-06,26.27,26.6099,26.7,26.27,1619
2023-01-09,26.7,26.62,26.7,26.45,3097
2023-01-10,26.7,26.62,26.7,26.62,610
2023-01-11,26.485,26.7,26.7,26.485,2682
2023-01-12,26.5,26.47,26.5,26.01,5418
2023-01-13,26.225,26.44,26.45,26.01,4942
2023-01-17,26.21,26.171,26.5,26.03,7180
2023-01-18,26.49,26.27,26.49,26.1,2747
2023-01-19,26.47,26.4999,26.4999,26.03,2678
2023-01-20,26.265,26.25,26.265,26.25,1674
2023-01-23,26.3,26.3001,26.5,26.3,1534
2023-01-24,26.11,26.31,26.31,26.1,727
2023-01-26,26.29,26.29,26.29,26.29,207
2023-01-27,26.12,26.01,26.18,26.01,4615
2023-01-30,25.8,25.75,25.91,25.75,14099
2023-01-31,25.78,25.85,25.85,25.74,11217
2023-02-01,25.84,25.7747,25.84,25.61,5763
2023-02-02,25.63,25.82,25.82,25.63,2395
2023-02-03,25.82,25.8,25.82,25.73,1541
2023-02-06,25.73,25.664,25.79,25.62,11768
2023-02-07,25.69,25.7,25.7,25.51,5312
2023-02-08,25.6882,25.69,25.83,25.625,1388
2023-02-09,25.83,25.84,25.84,25.65,1780
2023-02-10,25.735,25.6601,25.85,25.6601,7010
2023-02-13,25.65,25.85,25.85,25.6,6764
2023-02-14,25.68,25.7001,25.845,25.68,1277
2023-02-15,25.78,25.67,25.7899,25.67,3588
2023-02-16,25.67,25.625,25.8,25.61,5712
2023-02-17,25.5501,25.62,25.9,25.5501,1916
2023-02-21,25.72,25.9,25.9,25.64,6244
2023-02-22,25.94,25.96,25.96,25.8267,1084
2023-02-23,25.7,25.7,25.7,25.7,936
2023-02-24,25.98,25.85,25.98,25.85,728
2023-02-27,25.62,25.63,25.84,25.58,5706
2023-02-28,25.7,25.7235,25.8,25.63,2248
2023-03-01,25.755,25.7801,25.9,25.7,3115
2023-03-02,25.84,25.89,25.89,25.75,2069
2023-03-03,25.8685,25.75,25.8685,25.7025,1989
2023-03-06,25.64,25.72,25.82,25.64,2299
2023-03-07,25.82,25.6301,25.82,25.6301,1808
2023-03-08,25.82,25.8999,25.98,25.82,3720
2023-03-09,25.9,25.96,25.97,25.6337,2098
2023-03-13,25.71,25.65,25.75,25.63,2969
2023-03-14,25.63,25.765,25.9,25.63,1597
2023-03-15,25.7,25.8364,25.8364,25.675,1378
2023-03-16,25.75,25.75,25.75,25.6301,2703
2023-03-17,25.76,25.5223,25.76,25.5223,1278
2023-03-20,25.575,25.6,25.85,25.5,2710
2023-03-21,25.705,25.65,25.86,25.65,2636
2023-03-22,25.6,25.84,25.94,25.5991,1439
2023-03-23,25.77,25.7,25.77,25.7,1020
2023-03-24,25.87,25.9323,25.9323,25.87,658
2023-03-27,25.72,25.93,25.93,25.72,741
2023-03-28,25.8,25.95,25.95,25.8,767
2023-03-29,25.7101,25.94,25.95,25.71,1635
2023-03-30,25.835,26.0,26.0,25.835,4357
2023-04-03,26.0,25.98,26.0,25.86,560
2023-04-04,25.765,25.85,25.85,25.765,488
2023-04-05,25.78,25.85,25.85,25.78,1520
2023-04-06,25.99,26.0,26.0,25.99,247
2023-04-10,25.9,26.01,26.01,25.8201,2869
2023-04-11,26.0,26.0,26.035,26.0,1158
2023-04-12,25.965,26.24,26.24,25.96,1713
2023-04-13,25.7,25.53,25.7,25.53,5491
2023-04-14,25.57,25.4159,25.57,25.4159,1605
2023-04-17,25.36,25.4198,25.42,25.36,2235
2023-04-18,25.42,25.41,25.42,25.38,1086
2023-04-19,25.42,25.4487,25.4487,25.42,688
2023-04-20,25.5,25.45,25.5,25.45,241
2023-04-21,25.5,25.3998,25.5,25.3998,2212
2023-04-24,25.38,25.291,25.38,25.291,1405
2023-04-25,25.33,25.4,25.4,25.33,688
2023-04-26,25.28,25.2803,25.386,25.28,729
2023-04-27,25.43,25.35,25.43,25.35,424
2023-04-28,25.4152,25.5,25.5,25.4105,1551
2023-05-01,25.35,25.48,25.48,25.25,4553
2023-05-02,25.29,25.3999,25.4,25.28,1480
2023-05-03,25.25,25.25,25.25,25.25,487
2023-05-04,25.2959,25.5,25.5,25.18,6255
2023-05-05,25.49,25.5,25.5,25.35,1062
2023-05-08,25.48,25.4005,25.5,25.36,1919
2023-05-09,25.4,25.45,25.45,25.2825,2607
2023-05-10,25.2601,25.4499,25.45,25.2601,828
2023-05-11,25.4499,25.4087,25.4499,25.27,1729
2023-05-12,25.4499,25.36,25.4499,25.34,3773
2023-05-15,25.36,25.4,25.5,25.36,1534
2023-05-16,25.401,25.45,25.5,25.401,879
2023-05-17,NaN,NaN,NaN,NaN,26
2023-05-19,25.425,25.475,25.6,25.425,2367
