2020-07-15,39.67,39.89,39.89,39.67,125400
2020-07-16,39.13,39.3571,39.3571,39.13,769
2020-07-17,39.57,39.969,40.0,39.57,664
2020-07-20,40.46,41.1982,41.1982,40.46,1771
2020-07-21,41.15,40.9041,41.15,40.855,1248
2020-07-22,41.32,41.0884,41.36,40.98,1403
2020-07-23,41.0,40.3251,41.56,40.17,3911
2020-07-24,39.15,39.8419,39.955,39.15,2066
2020-07-27,40.31,40.606,40.606,40.04,1015
2020-07-28,40.28,40.0537,40.29,40.0537,346
2020-07-29,40.83,40.83,40.83,40.83,200
2020-07-30,41.17,41.17,41.17,41.17,200
2020-07-31,41.18,41.2776,41.2776,40.58,1276
2020-08-03,41.95,42.1232,42.18,41.95,2024
2020-08-04,41.79,41.9758,41.9758,41.65,412
2020-08-05,44.06,42.6325,44.06,42.58,667
2020-08-06,42.37,42.2454,42.37,42.0,633
2020-08-07,42.3,41.5868,42.32,41.3,1031
2020-08-10,41.48,40.9525,41.48,40.54,1243
2020-08-11,40.89,40.4946,41.13,40.4946,1568
2020-08-12,40.97,40.7715,40.97,40.7715,4154
2020-08-13,41.18,41.3426,41.57,41.18,1115
2020-08-14,41.08,41.0628,41.08,41.0628,202
2020-08-17,41.32,41.9296,41.9296,41.32,5204
2020-08-18,41.97,42.0533,42.0533,41.95,302
2020-08-19,41.93,41.7933,41.93,41.7933,481
2020-08-20,41.87,42.1431,42.17,41.87,323
2020-08-21,42.02,41.9183,42.02,41.9183,351
2020-08-24,42.05,41.325,42.05,41.325,1423
2020-08-25,41.48,41.638,41.64,41.4491,6120
2020-08-26,41.65,42.237,42.2501,41.65,952
2020-08-27,42.21,42.0919,42.21,41.89,1743
2020-08-28,42.335,42.43,42.43,42.335,926
2020-08-31,42.53,42.822,42.822,42.47,406
2020-09-01,43.59,44.1121,44.1121,43.59,401
2020-09-02,44.35,44.792,44.792,43.61,1245
2020-09-03,44.0,42.2132,44.0,41.96,2403
2020-09-04,41.86,41.1214,41.86,39.95,2948
2020-09-08,40.33,40.303,40.78,40.303,791
2020-09-09,40.8,41.4149,41.4149,40.77,532
2020-09-10,41.29,40.6786,41.29,40.6786,452
2020-09-11,40.74,40.2032,40.74,40.01,377
2020-09-14,40.9857,40.9857,40.9857,40.9857,90
2020-09-15,41.4869,41.4869,41.4869,41.4869,10
2020-09-16,41.2245,41.2245,41.2245,41.2245,4
2020-09-17,40.43,40.8593,40.8593,40.43,150
2020-09-18,40.69,40.9789,40.9789,40.69,250
2020-09-21,40.81,41.2567,41.2567,40.81,296
2020-09-22,41.52,41.6737,41.6737,41.52,470
2020-09-23,41.7,40.89,41.7,40.89,325
2020-09-24,40.6824,40.6824,40.6824,40.6824,52
2020-09-25,41.21,41.8231,41.905,41.21,322
2020-09-28,42.5,42.335,42.5,42.335,322
2020-09-29,42.6359,42.6359,42.6359,42.6359,25
2020-09-30,42.15,42.8197,42.8197,42.15,372
2020-10-01,43.27,43.2928,43.2928,43.27,209
2020-10-02,43.2809,43.2809,43.2809,43.2809,1
2020-10-05,44.1425,44.1425,44.1425,44.1425,52
2020-10-06,44.57,44.0422,44.57,44.0422,164
2020-10-07,44.9968,44.9968,44.9968,44.9968,0
2020-10-08,45.68,45.23,45.68,45.16,1522
2020-10-09,45.66,45.828,45.828,45.66,785
2020-10-12,46.3666,46.3666,46.3666,46.3666,76
2020-10-13,46.7454,46.7454,46.7454,46.7454,49
2020-10-14,46.4165,46.4165,46.4165,46.4165,14
2020-10-15,46.5287,46.5287,46.5287,46.5287,43
2020-10-16,46.695,46.4372,46.695,46.4372,173
2020-10-19,46.0784,46.0784,46.0784,46.0784,5
2020-10-20,46.4,46.0921,46.4,46.0921,3000
2020-10-21,46.505,45.4167,46.505,45.41,325
2020-10-22,45.61,45.9172,46.3,45.61,16513
2020-10-23,46.0,46.4567,46.46,46.0,1576
2020-10-26,46.48,45.6935,46.48,45.53,3373
2020-10-27,45.76,45.4906,45.77,45.4906,2283
2020-10-28,44.37,44.499,44.499,44.37,394
2020-10-29,44.426,44.426,44.426,44.426,163
2020-10-30,42.92,42.9213,42.9213,42.92,167
2020-11-02,42.9202,43.2756,43.2756,42.9202,260
2020-11-03,44.2014,44.2014,44.2014,44.2014,75
2020-11-04,46.09,46.1033,46.1033,45.94,362
2020-11-05,46.52,47.3904,47.3904,46.52,1762
2020-11-06,47.5662,47.5662,47.5662,47.5662,0
2020-11-09,47.15,45.5476,47.15,45.5476,524
2020-11-10,44.71,44.7402,44.7402,44.7,381
2020-11-11,45.8447,45.8447,45.8447,45.8447,7
2020-11-12,45.8,45.641,45.8,45.641,502
2020-11-13,45.6213,45.6213,45.6213,45.6213,3
2020-11-16,46.0027,46.0027,46.0027,46.0027,30
2020-11-17,46.4628,46.4628,46.4628,46.4628,77
2020-11-18,46.0317,46.0317,46.0317,46.0317,67
2020-11-19,46.7921,46.7921,46.7921,46.7921,88
2020-11-20,47.09,47.0154,47.26,47.0154,1034
2020-11-23,47.62,47.3676,47.62,47.01,956
2020-11-24,47.185,47.2175,47.2175,47.185,303
2020-11-25,47.44,47.4867,47.49,47.44,741
2020-11-27,47.65,48.1717,48.1717,47.65,470
2020-11-30,48.2595,48.2595,48.2595,48.2595,181
2020-12-01,48.4541,48.4541,48.4541,48.4541,257
2020-12-02,48.17,48.3564,48.3564,48.0,2626
2020-12-03,48.11,48.2696,48.2696,48.11,526
2020-12-04,48.7652,48.7652,48.7652,48.7652,59
2020-12-07,48.6923,48.6923,48.6923,48.6923,59
2020-12-08,48.94,49.1335,49.1335,48.9,1279
2020-12-09,49.21,48.1923,49.21,48.12,1724
2020-12-10,48.0,48.9358,48.9358,48.0,408
2020-12-11,49.0176,49.0176,49.0176,49.0176,101
2020-12-14,49.3365,49.3365,49.3365,49.3365,133
2020-12-15,49.8902,49.8902,49.8902,49.8902,179
2020-12-16,50.0,50.3142,50.3142,50.0,366
2020-12-17,50.8,51.1116,51.1116,50.8,1701
2020-12-18,51.5382,51.5382,51.5382,51.5382,229
2020-12-21,51.0999,51.7035,51.7035,51.0999,182
2020-12-22,52.4,52.7462,52.7462,52.4,705
2020-12-23,53.0,52.6057,53.0,52.6057,1144
2020-12-24,52.18,52.5877,52.5877,52.18,617
2020-12-28,52.26,51.883,52.26,51.883,1342
2020-12-29,51.69,51.324,51.69,51.0,1398
2020-12-30,51.94,51.879,51.94,51.879,209
2020-12-31,51.5,51.7112,51.7112,51.5,531
2021-01-04,50.91,51.1609,51.1609,50.91,236
2021-01-05,51.7098,51.9961,51.9961,51.7098,892
2021-01-06,51.62,51.9535,52.54,51.62,819
2021-01-07,53.65,53.9882,53.9882,53.65,229
2021-01-08,53.98,54.5238,54.5238,53.98,250
2021-01-11,54.17,54.0133,54.21,54.0133,1281
2021-01-12,54.5277,54.5277,54.5277,54.5277,65
2021-01-13,54.53,54.4615,54.58,54.4615,317
2021-01-14,54.78,54.3084,54.78,54.3084,849
2021-01-15,54.07,54.0512,54.24,54.0512,7926
2021-01-19,54.0,54.4517,54.52,54.0,863
2021-01-20,55.24,55.211,55.24,55.211,615
2021-01-21,54.9494,54.8322,54.95,54.8322,1373
2021-01-22,54.65,54.8634,54.8634,54.65,833
2021-01-25,55.08,54.697,55.08,54.47,1490
2021-01-26,54.19,53.6324,54.19,53.6324,1981
2021-01-27,53.2,51.8026,53.2,51.78,2496
2021-01-28,52.35,52.8092,53.18,52.35,1726
2021-01-29,52.6,52.4724,52.64,51.95,932
2021-02-01,53.08,53.5741,53.5741,53.08,1307
2021-02-02,54.78,54.7311,54.84,54.7311,2080
2021-02-03,54.75,54.339,54.75,54.339,2224
2021-02-04,55.23,55.1215,55.26,55.1215,1981
2021-02-05,55.5,55.5866,55.66,55.5,1280
2021-02-08,56.44,56.086,56.44,55.99,2453
2021-02-09,56.48,56.451,56.63,56.395,3176
2021-02-10,56.37,56.5342,56.8,56.37,3160
2021-02-11,56.91,57.1505,57.1505,56.76,4787
2021-02-12,57.4491,58.0061,58.0061,57.3987,6373
2021-02-16,58.94,57.3943,58.94,57.29,5807
2021-02-17,55.96,56.6362,56.6362,55.92,1459
2021-02-18,55.86,56.1914,56.1914,55.695,2278
2021-02-19,56.9,56.7918,57.04,56.7918,4937
2021-02-22,55.81,54.6434,55.81,54.6434,3952
2021-02-23,51.83,54.0694,54.16,51.71,9638
2021-02-24,53.75,54.3,54.33,53.75,2185
2021-02-25,53.75,52.27,53.75,52.12,3713
2021-02-26,52.01,52.9681,52.9681,52.01,658
2021-03-01,53.636,54.2573,54.2573,53.636,2404
2021-03-02,55.19,53.6368,55.19,53.6368,4973
2021-03-03,52.676,51.0809,52.676,51.0809,4931
2021-03-04,49.57,48.9231,50.0,48.33,1697
2021-03-05,48.33,49.1937,49.1937,46.58,1573
2021-03-08,48.95,47.974,48.95,47.974,2179
2021-03-09,50.45,50.417,50.58,50.28,3146
2021-03-10,50.8508,50.1075,50.8508,50.1075,2689
2021-03-11,51.74,51.8259,51.86,51.74,721
2021-03-12,51.84,51.3655,51.84,50.9,3885
2021-03-15,52.06,52.1944,52.1944,51.35,2476
2021-03-16,52.099,51.2588,52.11,51.2588,2907
2021-03-17,50.3,51.3228,51.53,50.3,1299
2021-03-18,50.71,49.5794,50.71,49.5794,2711
2021-03-19,49.914,49.914,49.914,49.914,310
2021-03-22,49.94,50.5003,50.76,49.94,2955
2021-03-23,50.21,49.8977,50.3799,49.8977,5612
2021-03-24,48.98,48.6645,48.98,48.6616,1299
2021-03-25,48.1,48.6742,48.6742,48.1,5915
2021-03-26,49.0,49.0826,49.11,48.67,2024
2021-03-29,48.71,48.4681,48.71,48.435,3845
2021-03-30,48.63,48.85,48.87,48.63,6372
2021-03-31,49.94,50.074,50.31,49.94,4013
2021-04-01,50.914,50.6514,50.914,50.6514,374
2021-04-05,51.68,51.0002,51.68,50.9,1664
2021-04-06,51.2,51.3953,51.78,51.2,296
2021-04-07,51.2,50.9751,51.2,50.9751,1117
2021-04-08,51.634,52.0061,52.0061,51.634,3224
2021-04-09,52.0,52.2439,52.2439,52.0,878
2021-04-12,52.2,52.3037,52.3037,52.2,565
2021-04-13,52.916,52.9264,52.965,52.48,2947
2021-04-14,53.15,52.4229,53.15,52.4229,1802
2021-04-15,53.32,53.3245,53.3245,53.174,10701
2021-04-16,53.09,53.1169,53.22,53.09,902
2021-04-19,52.48,52.208,52.48,52.16,2477
2021-04-20,51.92,51.8044,51.92,51.8044,1203
2021-04-21,52.16,52.3075,52.3075,52.12,478
2021-04-22,52.82,52.3176,53.04,52.3176,2556
2021-04-23,52.95,53.0533,53.0533,52.95,1077
2021-04-26,53.33,53.8197,53.8197,53.33,997
2021-04-27,53.35,53.3697,53.55,53.35,2200
2021-04-28,53.39,53.2795,53.41,53.2795,2231
2021-04-29,52.94,52.8741,52.94,52.8741,2328
2021-04-30,52.76,52.2111,52.76,52.2111,943
2021-05-03,51.89,51.5822,51.89,51.5822,3918
2021-05-04,49.99,50.3989,50.3989,49.99,1316
2021-05-05,50.5,50.0237,50.5,50.21,1646
2021-05-06,49.36,48.9414,49.3616,48.41,2104
2021-05-07,50.28,49.6953,50.2982,49.631,1822
2021-05-10,48.75,48.5303,48.75,48.5303,705
2021-05-11,48.5,48.8883,48.8883,48.5,2912
2021-05-12,47.66,47.4327,47.77,47.4193,4366
2021-05-13,47.43,47.338,47.43,47.338,958
2021-05-14,48.23,48.5259,48.5259,48.2293,1009
2021-05-17,47.739,47.9668,47.9668,47.739,777
2021-05-18,48.44,48.0299,48.44,48.0299,1972
2021-05-19,47.31,47.8649,47.8649,47.31,633
2021-05-20,48.88,49.137,49.15,48.88,1833
2021-05-21,49.56,49.1952,49.56,49.1952,236
2021-05-24,49.77,49.707,49.84,49.6992,1467
2021-05-25,49.91,49.7643,49.91,49.7643,805
2021-05-26,50.1372,50.2193,50.2193,50.1372,275
2021-05-27,50.54,50.6695,50.73,50.54,711
2021-05-28,51.159,50.9312,51.159,50.9312,514
2021-06-01,51.12,50.7265,51.12,50.7265,1115
2021-06-02,50.6408,50.5747,50.6408,50.53,850
2021-06-03,50.11,49.9992,50.13,49.9992,6116
2021-06-04,50.8592,50.9342,50.9342,50.8592,1479
2021-06-07,51.15,51.1764,51.1764,51.084,2317
2021-06-08,51.59,51.6485,51.6485,51.59,1062
2021-06-09,51.5,51.5,51.5,51.5,524
2021-06-10,51.91,52.2003,52.26,51.75,5805
2021-06-11,52.59,52.9007,52.9007,52.41,5450
2021-06-14,53.11,53.3902,53.44,53.11,3300
2021-06-15,52.95,52.8439,52.97,52.8439,4311
2021-06-16,53.02,52.8345,53.02,52.8345,1192
2021-06-17,53.37,53.7096,53.72,53.33,3399
2021-06-18,53.71,53.6752,53.71,53.6752,394
2021-06-21,53.81,53.9719,54.104,53.81,1257
2021-06-22,54.48,54.6144,54.6144,54.4,713
2021-06-23,54.93,54.837,54.93,54.79,2044
2021-06-24,55.41,55.3586,55.47,55.3586,1566
2021-06-25,55.49,55.5839,55.5839,55.49,475
2021-06-28,56.19,56.1835,56.19,56.02,982
2021-06-29,56.28,56.3033,56.3033,56.19,899
2021-06-30,56.08,55.9447,56.12,55.9,4325
2021-07-01,55.8,55.991,55.991,55.8,1236
2021-07-02,56.105,56.2714,56.2714,56.105,332
2021-07-06,56.41,56.6816,56.6816,56.26,8174
2021-07-07,56.97,56.5953,56.97,56.317,1428
2021-07-08,55.5799,56.2138,56.46,55.49,1461
2021-07-09,56.47,56.8855,56.8855,56.44,704
2021-07-12,57.29,57.1883,57.29,56.925,1343
2021-07-13,57.209,56.7576,57.209,56.7576,1297
2021-07-14,56.83,55.9505,56.83,55.9505,6825
2021-07-15,55.82,55.5877,55.82,55.5877,216
2021-07-16,56.38,55.5833,56.38,55.4,1470
2021-07-19,55.44,55.3816,55.44,55.154,2606
2021-07-20,55.711,57.0043,57.219,55.711,1723
2021-07-21,57.27,57.7836,57.7836,57.26,4365
2021-07-22,58.13,58.0433,58.13,58.0433,364
2021-07-23,58.437,58.5282,58.55,58.437,1599
2021-07-26,58.11,58.1572,58.28,58.085,2510
2021-07-27,57.2701,57.6809,57.6809,57.03,1889
2021-07-28,57.95,58.5667,58.615,57.95,1564
2021-07-29,58.817,58.8402,58.86,58.817,649
2021-07-30,58.55,59.0542,59.09,58.55,1516
2021-08-02,59.035,59.2275,59.5991,59.035,1386
2021-08-03,59.37,59.4797,59.58,58.95,4743
2021-08-04,59.71,59.6938,59.71,59.57,1242
2021-08-05,59.93,59.8784,59.97,59.843,2046
2021-08-06,59.87,59.6748,59.99,59.48,4288
2021-08-09,59.5737,59.9112,60.0691,59.53,16999
2021-08-10,59.79,59.3605,59.79,59.3605,1307
2021-08-11,59.26,58.91,59.26,58.7009,2948
2021-08-12,58.8,59.0955,59.13,58.755,3052
2021-08-13,59.07,58.9276,59.07,58.9276,737
2021-08-16,59.89,58.4907,59.89,58.0801,4515
2021-08-17,57.56,57.9841,58.04,57.56,1013
2021-08-18,57.88,57.4923,58.04,57.4923,1113
2021-08-19,57.25,57.5666,57.9,57.25,2193
2021-08-20,57.1,58.32,58.32,57.1,3188
2021-08-23,58.83,59.1924,59.1924,58.83,1203
2021-08-24,60.22,60.2893,60.2893,60.135,2514
2021-08-25,60.525,60.7607,60.8,60.525,5294
2021-08-26,60.87,60.4486,60.87,60.4486,990
2021-08-27,61.05,60.8649,61.05,60.8649,878
2021-08-30,61.4691,61.1431,61.48,61.1431,4560
2021-08-31,60.7799,60.6509,60.7991,60.6509,1648
2021-09-01,60.66,60.9737,61.07,60.66,2266
2021-09-02,61.17,61.1878,61.32,61.11,3763
2021-09-03,61.43,61.4689,61.49,61.295,10248
2021-09-07,61.12,60.4685,61.12,60.4685,5270
2021-09-08,60.45,60.0312,60.459,59.82,16978
2021-09-09,60.44,60.1744,60.465,60.11,3888
2021-09-10,60.23,59.9553,60.545,59.9553,825
2021-09-13,59.0999,59.3503,59.3782,59.0,6875
2021-09-14,59.52,59.2294,59.52,59.2294,1908
2021-09-15,59.427,59.7253,59.755,59.427,1974
2021-09-16,59.678,59.87,59.87,59.61,1482
2021-09-17,59.4,59.5645,59.5645,59.35,5532
2021-09-20,57.94,58.41,58.68,57.94,4719
2021-09-21,59.51,58.6743,59.51,58.6743,3079
2021-09-22,59.3582,59.3582,59.3582,59.3582,421
2021-09-23,60.24,59.9973,60.24,59.94,1693
2021-09-24,59.55,59.6721,59.695,59.55,851
2021-09-27,58.955,59.0661,59.15,58.955,950
2021-09-28,58.16,57.1236,58.16,57.09,2544
2021-09-29,57.2509,56.8171,57.2509,56.8171,1592
2021-09-30,57.12,56.9326,57.355,56.9326,1126
2021-10-01,56.95,57.2968,57.39,56.2,5040
2021-10-04,56.8,56.0358,56.8,55.67,2655
2021-10-05,56.92,56.9473,57.215,56.91,5305
2021-10-06,56.765,57.3294,57.3294,56.765,1283
2021-10-07,58.555,58.31,58.6,58.2,4996
2021-10-08,58.21,57.454,58.28,57.454,3926
2021-10-11,57.8599,57.1286,57.8599,57.1286,299
2021-10-12,57.68,57.3127,57.68,57.2909,600
2021-10-13,57.745,58.0886,58.0886,57.745,357
2021-10-14,59.03,59.1245,59.23,59.03,2234
2021-10-15,59.375,59.058,59.375,59.058,348
2021-10-18,59.27,59.8454,59.8454,59.27,2104
2021-10-19,60.04,60.22,60.32,60.04,748
2021-10-20,60.22,60.2035,60.22,60.2035,1130
2021-10-21,60.8858,60.8858,60.8858,60.8858,54
2021-10-22,60.9099,60.4983,60.9099,60.4983,1355
2021-10-25,60.77,60.7004,60.85,60.7004,1905
2021-10-26,61.025,60.5519,61.07,60.5519,1621
2021-10-27,61.18,60.6086,61.26,60.6086,4199
2021-10-28,60.58,60.9583,60.9583,60.58,3035
2021-10-29,61.05,61.6323,61.6323,60.9609,868
2021-11-01,61.88,62.1651,62.1651,61.61,4423
2021-11-02,61.96,62.1341,62.18,61.8899,2576
2021-11-03,61.759,62.0122,62.0122,61.565,1239
2021-11-04,62.19,62.3494,62.3494,62.19,675
2021-11-05,62.29,61.4562,62.29,61.4562,2284
2021-11-08,61.6671,61.8666,61.98,61.65,3262
2021-11-09,61.73,61.632,61.78,61.527,6711
2021-11-10,61.34,60.5026,61.34,60.5026,1972
2021-11-11,61.1332,61.1945,61.33,61.1332,4445
2021-11-12,61.3299,61.8959,61.8959,61.3299,1874
2021-11-15,61.55,61.6739,61.71,61.55,2468
2021-11-16,62.01,62.529,62.529,61.999,2612
2021-11-17,62.24,62.02,62.24,62.02,1335
2021-11-18,61.5713,61.5713,61.5713,61.5713,49
2021-11-19,62.09,61.8221,62.09,61.8221,2015
2021-11-22,62.66,60.9029,62.66,60.9029,19023
2021-11-23,60.91,59.9101,60.91,59.54,1860
2021-11-24,59.45,60.4993,60.52,59.45,1576
2021-11-26,59.32,59.471,59.471,59.3087,2393
2021-11-29,59.96,60.1509,60.28,59.89,1327
2021-11-30,60.16,58.7597,60.16,58.7597,1512
2021-12-01,59.49,57.2523,59.52,57.2523,2898
2021-12-02,57.3799,58.023,58.22,57.29,5153
2021-12-03,56.29,55.8311,56.29,55.57,2928
2021-12-06,55.34,56.0127,56.225,55.34,1597
2021-12-07,57.9,57.8328,58.005,57.8328,429
2021-12-08,57.93,58.7557,58.7557,57.91,871
2021-12-09,58.4,57.5502,58.4,57.5502,5152
2021-12-10,57.549,57.4742,57.549,57.4,1223
2021-12-13,57.09,57.1046,57.145,57.09,630
2021-12-14,56.32,55.7945,56.32,55.34,5464
2021-12-15,55.78,57.0805,57.0805,55.449,6552
2021-12-16,57.08,55.7742,57.08,55.7742,1034
2021-12-17,55.51,56.1289,56.485,55.51,1662
2021-12-20,54.7908,55.0212,55.0212,54.69,20863
2021-12-21,55.07,56.4993,56.4993,55.07,4479
2021-12-22,56.6,56.9531,56.9531,56.6,2890
2021-12-23,57.0,57.3262,57.455,57.0,3582
2021-12-27,57.34,57.6224,57.6224,57.34,1387
2021-12-28,57.63,57.1155,57.74,57.1155,4713
2021-12-29,57.04,57.1486,57.229,57.04,807
2021-12-30,57.7399,57.2892,57.78,57.2892,4589
2021-12-31,57.33,57.0852,57.44,57.0852,2215
2022-01-03,56.46,56.5923,56.66,56.35,2123
2022-01-04,55.22,55.7768,55.7768,55.22,794
2022-01-05,55.28,53.4659,55.3299,53.4659,5106
2022-01-06,53.906,53.5378,53.906,53.52,2197
2022-01-07,52.81,52.5,52.96,52.5,4086
2022-01-10,52.0,52.1086,52.11,50.47,35874
2022-01-11,52.11,53.0148,53.0148,52.1,10211
2022-01-12,53.13,52.8114,53.148,52.8114,446
2022-01-13,52.289,50.8637,52.289,50.8637,2731
2022-01-14,50.29,50.522,50.522,50.168,817
2022-01-18,49.98,49.0726,50.0099,49.0726,3004
2022-01-19,49.28,48.9403,49.29,48.94,1169
2022-01-20,50.03,48.2082,50.039,48.2082,1984
2022-01-21,48.13,47.0381,48.13,47.028,12289
2022-01-24,45.84,47.71,47.74,44.75,41727
2022-01-25,46.11,46.0453,46.54,45.769,5643
2022-01-26,47.05,45.64,47.35,45.5,2528
2022-01-27,46.615,45.0069,46.615,45.0069,2212
2022-01-28,44.89,46.1656,46.1656,44.89,447
2022-01-31,47.5999,48.4552,48.4552,47.5093,1973
2022-02-01,48.31,49.1003,49.1003,48.31,2986
2022-02-02,49.1,48.71,49.1,48.68,1020
2022-02-03,47.65,47.0012,47.65,47.0012,25785
2022-02-04,47.36,47.8791,47.8791,47.33,1526
2022-02-07,48.19,47.6751,48.21,47.6751,2323
2022-02-08,47.5393,48.4291,48.4291,47.5393,897
2022-02-09,50.08,50.2492,50.2492,50.0401,1900
2022-02-10,50.9,49.35,50.9,49.35,3246
2022-02-11,49.92,47.95,49.92,47.88,2780
2022-02-14,47.76,47.9426,47.9426,47.76,541
2022-02-15,49.116,49.3787,49.3787,49.116,1710
2022-02-16,48.7962,49.2855,49.2855,48.7962,889
2022-02-17,47.81,47.0365,47.81,47.0365,955
2022-02-18,46.379,46.0519,46.379,46.0519,722
2022-02-22,45.9301,45.56,46.11,45.34,5830
2022-02-23,45.73,44.572,45.765,44.572,1452
2022-02-24,43.71,46.59,46.64,43.71,28227
2022-02-25,46.95,48.1,48.1,46.91,2561
2022-02-28,47.98,48.5009,48.7,47.78,2215
2022-03-01,48.58,47.68,48.58,47.68,3288
2022-03-02,47.62,48.3506,48.3506,47.62,381
2022-03-03,48.29,47.17,48.29,47.17,1209
2022-03-04,46.871,46.1341,46.871,45.9,2142
2022-03-07,45.44,44.48,45.44,44.48,25465
2022-03-08,44.27,44.64,45.27,44.0,6580
2022-03-09,46.19,46.38,46.425,46.088,2060
2022-03-10,45.68,45.97,45.97,45.3,1539
2022-03-11,45.75,44.7257,45.75,44.7257,2315
2022-03-14,45.01,43.7,45.01,43.488,5345
2022-03-15,44.29,44.99,44.99,44.051,9034
2022-03-16,46.66,47.0261,47.0261,46.5799,819
2022-03-17,47.63,48.05,48.05,47.26,1080
2022-03-18,48.2509,49.4159,49.4159,48.2509,1152
2022-03-21,48.25,48.7954,48.95,48.25,2503
2022-03-22,49.7103,49.7103,49.7103,49.7103,125
2022-03-23,49.0024,49.0024,49.0024,49.0024,362
2022-03-24,48.9557,49.98,49.98,48.9557,3069
2022-03-25,50.0,49.5632,50.0,49.3901,1683
2022-03-28,49.88,49.9776,50.01,49.35,1881
2022-03-29,50.76,51.36,51.36,50.3,2294
2022-03-30,50.89,50.5292,50.9,50.5292,3248
2022-03-31,50.76,50.1664,50.76,50.1664,818
2022-04-01,50.4361,50.4361,50.4361,50.4361,129
2022-04-04,51.04,51.2157,51.2157,51.04,1842
2022-04-05,51.58,50.1691,51.58,50.1691,4960
2022-04-06,48.84,49.2157,49.2157,48.84,1337
2022-04-07,49.07,49.3281,49.33,49.07,391
2022-04-08,48.72,48.4412,48.72,48.4412,687
2022-04-11,48.32,47.6545,48.32,47.6545,834
2022-04-12,47.69,47.3576,47.69,47.35,907
2022-04-13,47.26,48.4514,48.4514,47.26,5003
2022-04-14,48.28,47.8403,48.28,47.8403,476
2022-04-18,47.6161,47.275,47.618,47.275,437
2022-04-19,48.2,48.6703,48.6703,48.2,1424
2022-04-20,49.32,48.2968,49.32,48.2968,461
2022-04-21,49.03,46.32,49.03,46.32,4754
2022-04-22,46.1,44.9376,46.1,44.9376,2675
2022-04-25,45.03,45.125,45.18,45.03,5074
2022-04-26,44.375,43.986,44.5699,43.986,1535
2022-04-27,44.18,44.0769,44.59,44.0769,3820
2022-04-28,43.69,44.9803,44.9803,43.69,579
2022-04-29,44.72,43.6428,44.72,43.6428,590
2022-05-02,44.06,44.1644,44.1644,43.08,5319
2022-05-03,43.84,44.1039,44.3393,43.84,1743
2022-05-04,43.06,45.11,45.11,42.97,4207
2022-05-05,43.55,43.2034,43.55,42.9368,2331
2022-05-06,42.37,42.0165,42.37,41.9936,5948
2022-05-09,41.27,39.3936,41.27,39.31,3651
2022-05-10,40.63,39.8915,40.63,39.27,3238
2022-05-11,39.86,38.2665,39.95,38.2665,1075
2022-05-12,37.34,38.7,39.23,37.34,4602
2022-05-13,40.7101,40.76,40.76,40.5,30953
2022-05-16,40.41,39.8326,40.41,39.8326,1798
2022-05-17,40.0104,40.9852,40.9852,40.0104,1107
2022-05-18,40.6093,39.2093,40.6093,39.2093,2828
2022-05-19,40.33,40.15,40.36,40.15,928
2022-05-20,40.95,40.4873,40.97,39.451,1178
2022-05-23,40.84,40.9491,40.9491,40.84,1138
2022-05-24,39.62,39.6708,39.888,39.62,2382
2022-05-25,40.26,40.42,40.42,39.99,1344
2022-05-26,41.26,41.72,41.76,41.26,1737
2022-05-27,42.47,43.38,43.38,42.47,5381
2022-05-31,43.64,42.8258,43.64,42.77,5980
2022-06-01,42.73,42.31,43.11,42.31,6873
2022-06-02,43.62,44.2413,44.2413,43.6199,2323
2022-06-03,43.3901,43.4958,43.86,43.39,1007
2022-06-06,44.0701,43.7899,44.23,43.7899,31097
2022-06-07,44.04,44.5507,44.5507,44.0239,2179
2022-06-08,44.75,43.97,44.75,43.96,1539
2022-06-09,43.55,42.9011,43.56,42.9011,2489
2022-06-10,41.2601,41.1505,41.42,41.143,4523
2022-06-13,39.89,38.9259,39.89,38.9259,3948
2022-06-14,39.13,38.9225,39.13,38.85,1214
2022-06-15,39.42,39.6569,39.6569,39.42,4152
2022-06-16,38.44,37.4225,38.44,37.36,53844
2022-06-17,38.34,38.4239,38.4239,38.34,131
2022-06-21,39.5,39.25,39.64,39.25,1268
2022-06-22,39.34,39.1555,39.349,39.1555,3347
2022-06-23,39.11,39.9055,39.9055,39.11,623
2022-06-24,40.38,41.13,41.13,40.38,3402
2022-06-27,41.03,41.0641,41.45,40.81,2279
2022-06-28,40.47,39.8726,40.47,39.8726,11646
2022-06-29,39.23,39.5799,39.5799,39.16,4066
2022-06-30,38.92,39.2851,39.6,38.63,1772
2022-07-01,39.1376,39.6417,39.6417,39.1376,622
2022-07-05,38.77,40.19,40.19,38.77,13802
2022-07-06,40.2,40.1243,40.2,39.86,1958
2022-07-07,41.03,41.3137,41.32,41.03,1838
2022-07-08,41.12,41.4454,41.4454,41.12,2012
2022-07-11,40.55,40.5315,40.77,40.53,11431
2022-07-12,40.0796,39.7958,40.21,39.54,12493
2022-07-13,39.31,39.7154,39.91,39.31,2251
2022-07-14,38.75,39.3303,39.35,38.75,7327
2022-07-15,39.64,40.2325,40.2325,39.25,1439
2022-07-18,40.73,40.3399,41.03,40.3399,4855
2022-07-19,41.14,41.7213,41.7213,41.14,3141
2022-07-20,41.85,42.4421,42.56,41.85,4122
2022-07-21,43.0061,43.0061,43.0061,43.0061,103
2022-07-22,43.05,42.2901,43.05,42.27,2085
2022-07-25,42.81,42.3166,42.81,42.15,1247
2022-07-26,41.78,41.8003,42.0,41.768,2516
2022-07-27,43.27,43.88,43.89,43.16,5579
2022-07-28,44.6997,45.02,45.02,44.673,1579
2022-07-29,45.26,45.6434,45.6434,45.26,2720
2022-08-01,45.66,45.4788,45.82,45.4286,3032
2022-08-02,46.0302,45.9382,46.34,45.9382,1370
2022-08-03,46.0,46.4376,46.45,45.72,2059
2022-08-04,46.378,46.378,46.378,46.378,101
2022-08-05,46.34,46.4974,46.56,46.32,2104
2022-08-08,46.76,46.5321,46.76,46.5321,1669
2022-08-09,46.24,45.7684,46.24,45.72,4961
2022-08-10,46.85,47.2473,47.2899,46.85,10892
2022-08-11,47.64,46.9513,47.64,46.9513,1106
2022-08-12,47.75,47.9632,47.9644,47.39,1667
2022-08-15,47.95,48.2519,48.2519,47.83,2726
2022-08-16,48.51,48.0237,48.51,47.7499,16736
2022-08-17,47.119,47.3634,47.53,47.119,20078
2022-08-18,47.68,47.5929,47.68,47.5929,330
2022-08-19,46.65,46.6009,46.65,46.4904,1154
2022-08-22,45.745,45.476,45.81,45.476,5766
2022-08-23,45.765,45.7113,45.765,45.7113,227
2022-08-24,46.4,46.1311,46.4,46.1311,1382
2022-08-25,46.78,46.9753,46.9753,46.52,851
2022-08-26,45.124,45.124,45.124,45.124,225
2022-08-29,45.84,44.7801,46.32,44.7801,13253
2022-08-30,45.38,44.2489,45.38,44.12,11261
2022-08-31,44.41,44.07,44.41,44.039,2006
2022-09-01,43.07,43.5066,43.5066,42.7,17385
2022-09-02,44.23,43.1631,44.23,43.1631,1013
2022-09-06,42.74,43.1171,43.31,42.74,3783
2022-09-07,43.5096,44.5411,44.5411,43.5096,2070
2022-09-08,45.195,45.389,45.389,45.195,7985
2022-09-09,45.79,46.1,46.1499,45.7201,4341
2022-09-12,46.175,46.2951,46.2951,46.03,5692
2022-09-13,45.01,44.4744,45.26,44.4744,8804
2022-09-14,44.12,44.7716,44.7716,44.12,1285
2022-09-15,44.54,44.2036,44.86,44.15,2894
2022-09-16,43.44,43.5931,43.5931,43.1,1472
2022-09-19,43.7,43.8142,43.8142,43.39,4642
2022-09-20,43.23,43.102,43.23,42.9,1018
2022-09-21,43.47,42.5169,43.53,42.5169,657
2022-09-22,41.54,41.1583,41.54,41.1583,2398
2022-09-23,40.3,40.3496,40.3496,39.93,4033
2022-09-26,40.85,40.1486,40.85,40.1486,2103
2022-09-27,40.89,40.29,40.89,40.05,7099
2022-09-28,40.54,41.4058,41.4796,40.54,5397
2022-09-29,40.3695,40.3695,40.3695,40.3695,1143
2022-09-30,40.8901,40.06,41.1396,40.06,2659
2022-10-03,40.77,41.1375,41.4,40.753,2030
2022-10-04,42.4,42.447,42.55,42.3203,1556
2022-10-05,42.06,42.0088,42.16,42.0088,1035
2022-10-06,41.94,41.7822,41.94,41.7822,1933
2022-10-07,40.82,40.2903,40.86,40.24,7244
2022-10-10,39.84,39.807,39.91,39.57,13308
2022-10-11,38.69,39.0896,39.0896,38.69,1097
2022-10-12,38.85,38.8945,39.14,38.85,8239
2022-10-13,37.53,39.46,39.46,37.53,4241
2022-10-14,38.52,38.295,38.52,38.295,889
2022-10-17,39.58,39.5965,39.6,39.5795,8037
2022-10-18,40.142,40.24,40.309,39.93,11478
2022-10-19,39.59,39.3596,39.83,39.2599,20580
2022-10-20,39.3501,39.1071,39.3501,39.1071,922
2022-10-21,38.84,40.0495,40.0495,38.84,1499
2022-10-24,40.12,40.0836,40.12,39.98,1398
2022-10-25,40.802,41.26,41.26,40.802,1114
2022-10-26,41.2,41.1188,41.54,41.1188,653
2022-10-27,41.635,41.1035,41.635,41.1035,1201
2022-10-28,41.43,42.1659,42.1659,41.32,3182
2022-10-31,41.922,41.8584,42.06,41.8584,4297
2022-11-01,42.27,41.667,42.27,41.667,1388
2022-11-02,41.33,40.1861,41.33,40.1861,2537
2022-11-03,39.55,39.97,40.35,39.55,11552
2022-11-04,40.2,40.1779,40.55,39.5801,2590
2022-11-07,39.93,40.3597,40.45,39.93,20373
2022-11-08,40.5,40.7919,41.1,40.5,1545
2022-11-09,40.5001,40.0965,40.68,40.0965,12891
2022-11-10,41.94,43.3366,43.3366,41.94,3381
2022-11-11,44.11,43.7946,44.11,43.57,1047
2022-11-14,43.64,43.4883,43.968,43.4883,3464
2022-11-15,44.49,44.0416,44.51,44.03,6092
2022-11-16,43.68,43.4877,43.74,43.4,4256
2022-11-17,42.74,42.8414,43.05,42.672,5388
2022-11-18,43.11,43.2349,43.25,43.08,13667
2022-11-21,42.92,42.8219,42.96,42.8,2472
2022-11-22,42.73,43.5225,43.5225,42.69,4727
2022-11-23,43.89,43.7774,44.1,43.67,11078
2022-11-25,43.7,43.8454,43.86,43.7,1668
2022-11-28,43.69,43.1276,43.69,43.11,762
2022-11-29,43.18,42.9133,43.18,42.9133,3270
2022-11-30,42.96,44.8859,44.8859,42.96,2355
2022-12-01,45.289,45.1487,45.29,44.86,11226
2022-12-02,44.46,45.29,45.32,44.46,9094
2022-12-05,45.29,44.0576,45.29,43.94,4716
2022-12-06,43.87,42.935,43.87,42.722,7132
2022-12-07,42.79,42.9401,42.9401,42.79,1739
2022-12-08,43.5199,43.5106,43.59,43.45,5434
2022-12-09,43.51,43.2931,43.66,43.2931,7749
2022-12-12,43.81,44.0043,44.0043,43.81,5482
2022-12-13,45.57,44.6972,45.5709,44.465,1908
2022-12-14,45.0,44.53,45.03,44.39,4276
2022-12-15,43.14,43.03,43.22,42.92,8892
2022-12-16,42.37,42.4903,42.64,42.36,2635
2022-12-19,42.15,41.8903,42.165,41.76,12116
2022-12-20,41.72,42.0496,42.25,41.72,9482
2022-12-21,42.05,42.7911,42.7911,42.05,11035
2022-12-22,42.17,41.8318,42.17,41.59,1858
2022-12-23,41.6999,41.7961,41.7961,41.5,6984
2022-12-27,41.5,41.2258,41.51,41.2258,4164
2022-12-28,41.24,40.7139,41.24,40.7139,3103
2022-12-29,41.34,41.6563,41.79,41.34,2029
2022-12-30,41.108,41.4223,41.4223,40.9492,4425
2023-01-03,40.78,41.0493,41.0493,40.772,1192
2023-01-04,41.26,41.4393,41.72,41.22,24758
2023-01-05,40.94,40.5948,40.94,40.5948,7065
2023-01-06,40.93,41.3731,41.39,40.93,2166
2023-01-09,41.69,41.6193,42.22,41.6193,1480
2023-01-10,41.71,41.8742,41.8742,41.71,1272
2023-01-11,42.3,42.5792,42.5792,42.3,1464
2023-01-12,42.25,42.8675,42.91,42.25,1967
2023-01-13,42.89,43.2105,43.2105,42.88,2103
2023-01-17,43.568,43.477,43.586,43.477,2151
2023-01-18,44.0799,43.0202,44.08,43.0202,2318
2023-01-19,42.429,42.0905,42.43,42.08,3767
2023-01-20,42.37,42.932,42.932,42.37,3450
2023-01-23,43.48,43.876,43.876,43.48,976
2023-01-24,43.64,43.684,43.7001,43.64,2918
2023-01-25,42.86,43.322,43.322,42.4,4298
2023-01-26,43.9458,43.9458,43.9458,43.9458,235
2023-01-27,44.23,44.2384,44.2384,44.23,914
2023-01-30,43.9297,43.5153,43.9297,43.5153,842
2023-01-31,43.84,44.5226,44.5226,43.83,3474
2023-02-01,44.55,45.4019,45.4019,44.55,764
2023-02-02,46.2662,46.2773,46.3199,45.925,1080
2023-02-03,46.365,45.9693,46.37,45.9673,1516
2023-02-06,45.745,45.4363,45.745,45.435,1676
2023-02-07,45.3,46.1132,46.1132,45.145,1644
2023-02-08,45.83,45.4976,45.83,45.48,2479
2023-02-09,45.96,45.2367,45.96,45.2367,3667
2023-02-10,45.01,44.83,45.0184,44.71,1589
2023-02-13,45.45,45.4676,45.4676,45.45,2783
2023-02-14,45.9295,46.1599,46.1599,45.52,4069
2023-02-15,46.41,46.98,46.98,46.41,3345
2023-02-16,46.67,46.31,46.88,46.31,2209
2023-02-17,46.07,45.95,46.1,45.75,1760
2023-02-21,45.3,44.6234,45.3,44.6234,4976
2023-02-22,44.78,44.69,44.78,44.31,2563
2023-02-23,44.85,45.0129,45.0129,44.48,4417
2023-02-24,44.14,44.3713,44.4,44.14,2879
2023-02-27,44.9,44.7163,44.99,44.7163,4538
2023-02-28,44.98,44.8659,44.98,44.8659,1566
2023-03-01,45.58,45.2321,45.58,45.1999,1380
2023-03-02,44.76,45.7831,45.79,44.76,2855
2023-03-03,46.455,46.6235,46.6501,46.455,8865
2023-03-06,46.62,46.1074,46.62,46.1074,347
2023-03-07,46.009,45.6078,46.009,45.6078,1385
2023-03-08,45.87,45.775,45.88,45.5684,5441
2023-03-09,46.1,44.8701,46.1,44.8701,2122
2023-03-10,44.03,43.5751,44.03,43.5751,554
2023-03-13,43.9132,43.729,44.05,43.729,26049
2023-03-14,44.9,44.643,44.91,44.455,1856
2023-03-15,43.75,43.7094,43.75,43.4098,3747
2023-03-16,43.55,44.62,44.62,43.55,2215
2023-03-17,43.1401,43.2786,43.3399,43.1401,4959
2023-03-20,43.8299,43.7735,43.8299,43.61,596
2023-03-21,44.62,44.5961,44.62,44.43,938
2023-03-22,44.395,43.8136,44.395,43.8136,471
2023-03-23,44.67,43.8898,44.71,43.8898,8540
2023-03-24,43.5,43.5409,43.5409,43.33,1351
2023-03-27,43.8501,43.9361,43.9361,43.7101,1492
2023-03-28,43.91,43.8657,43.91,43.8657,491
2023-03-29,44.33,44.5614,44.65,44.3,4985
2023-03-30,45.0,44.765,46.5799,44.68,34139
2023-03-31,45.18,45.4862,45.4862,45.1767,4503
2023-04-03,45.45,45.2829,45.45,45.13,1400
2023-04-04,45.35,44.6192,45.35,44.58,7193
2023-04-05,44.17,43.9887,44.17,43.874,975
2023-04-06,43.76,43.9798,43.9798,43.7599,2838
2023-04-10,44.08,44.3449,44.3449,43.8203,702
2023-04-11,44.415,44.58,44.62,44.415,983
2023-04-12,45.37,44.3277,45.37,44.3277,4185
2023-04-13,44.6554,44.9392,45.01,44.6554,2568
2023-04-14,44.51,44.3952,44.51,44.2,2883
2023-04-17,44.67,44.7881,44.7881,44.65,2041
2023-04-18,44.87,44.8413,44.89,44.73,3322
2023-04-19,44.58,44.7176,44.76,44.58,2688
2023-04-20,44.47,44.4123,44.61,44.4123,3841
2023-04-21,44.18,44.4827,44.4827,44.14,3950
2023-04-24,44.45,44.5592,44.5592,44.45,689
2023-04-25,43.909,43.1481,43.9094,43.1,3353
2023-04-26,43.07,43.0055,43.32,42.97,4285
2023-04-27,42.9,43.5022,43.5022,42.9,2459
2023-04-28,43.63,44.0141,44.06,43.605,3447
2023-05-01,44.568,44.4016,44.568,44.31,1763
2023-05-02,43.79,43.8829,44.0,43.63,2605
2023-05-03,44.06,43.9172,44.06,43.9172,925
2023-05-04,43.486,43.4916,43.69,43.486,2339
2023-05-05,43.6501,43.9006,43.9006,43.6501,4159
2023-05-08,43.7212,43.781,43.781,43.7212,580
2023-05-09,43.51,43.5525,43.56,43.48,1028
2023-05-10,43.71,43.5608,43.759,43.46,3023
2023-05-11,43.0,43.2062,43.249,43.0,1783
2023-05-12,42.99,43.0531,43.0531,42.99,567
2023-05-15,43.39,43.6671,43.7294,43.39,8498
2023-05-16,43.1601,43.1237,43.204,43.1237,624
2023-05-17,43.6,43.6886,43.74,43.6,824
2023-05-18,44.1833,44.1833,44.1833,44.1833,293
2023-05-19,44.39,44.2553,44.39,44.16,3075
