2021-10-21,2.35,2.5,2.5,2.35,137145
2021-10-22,2.39,2.435,2.5,1.89,89495
2021-10-25,2.33,2.39,2.48,2.33,94523
2021-10-26,2.29,2.3,2.42,2.21,137039
2021-10-27,2.45,2.29,2.45,2.27,89196
2021-10-28,2.3,2.44,2.44,2.26,72334
2021-10-29,2.34,2.26,2.39,2.26,11290
2021-11-01,2.3,2.5203,2.6,2.29,264444
2021-11-02,2.38,2.66,2.7,2.35,168886
2021-11-03,2.72,2.71,2.94,2.59,146922
2021-11-04,2.72,2.705,2.82,2.6801,62076
2021-11-05,2.7,2.93,3.0,2.63,221981
2021-11-08,2.95,2.89,3.08,2.85,318920
2021-11-09,2.81,3.23,3.3,2.81,368157
2021-11-10,3.12,3.22,3.33,3.05,339956
2021-11-11,3.16,3.06,3.22,2.91,343963
2021-11-12,2.83,3.0,3.04,2.81,186751
2021-11-15,2.82,3.05,3.08,2.81,176463
2021-11-16,3.09,3.0,3.09,2.96,133396
2021-11-17,3.13,2.99,3.13,2.97,67845
2021-11-18,3.13,3.01,3.13,2.95,66930
2021-11-19,3.14,3.05,3.14,2.99,117683
2021-11-22,3.04,2.82,3.04,2.72,142879
2021-11-23,2.86,2.79,2.86,2.49,124147
2021-11-24,2.78,2.82,2.9,2.74,92599
2021-11-26,2.62,2.9,2.92,2.62,27998
2021-11-29,2.95,2.87,2.9572,2.84,53894
2021-11-30,2.64,2.65,2.87,2.58,45834
2021-12-01,2.85,2.65,2.85,2.58,103198
2021-12-02,2.45,2.69,2.7,2.42,119298
2021-12-03,2.62,2.6314,2.7,2.53,133410
2021-12-06,2.5,2.7,2.84,2.5,148923
2021-12-07,2.71,2.78,2.98,2.65,140131
2021-12-08,2.78,2.8335,2.92,2.78,12072
2021-12-09,2.73,2.8,2.95,2.73,25339
2021-12-10,2.91,2.93,2.95,2.83,21492
2021-12-13,2.74,2.96,3.0,2.705,43077
2021-12-14,2.92,2.6802,2.93,2.61,52922
2021-12-15,2.65,2.75,2.8,2.6,63630
2021-12-16,2.715,2.68,2.85,2.5401,34435
2021-12-17,2.59,2.55,2.7,2.495,70329
2021-12-20,2.5,2.45,2.65,2.44,86604
2021-12-21,2.5,2.44,2.55,2.4,30540
2021-12-22,2.45,2.43,2.5199,2.395,16495
2021-12-23,2.4001,2.54,2.56,2.39,36059
2021-12-27,2.51,2.61,2.65,2.51,63477
2021-12-28,2.57,2.64,2.64,2.57,25951
2021-12-29,2.67,2.58,2.67,2.57,23771
2021-12-30,2.57,2.51,2.58,2.5,31302
2021-12-31,2.27,2.5,2.53,2.26,26794
2022-01-03,2.585,2.6,2.6599,2.54,30363
2022-01-04,2.65,2.53,2.65,2.51,38363
2022-01-05,2.44,2.325,2.595,2.27,25323
2022-01-06,2.3,2.27,2.38,2.2,79901
2022-01-07,2.2499,2.15,2.25,2.06,128215
2022-01-10,2.09,2.0999,2.1,1.94,103119
2022-01-11,2.09,2.24,2.27,2.08,40522
2022-01-12,2.27,2.2558,2.33,2.13,38931
2022-01-13,2.2,2.0898,2.2036,2.06,22569
2022-01-14,2.06,2.1099,2.1099,1.96,21829
2022-01-18,1.75,1.98,2.07,1.75,82650
2022-01-19,2.01,1.87,2.05,1.845,96246
2022-01-20,1.87,1.9,1.979,1.8,45722
2022-01-21,1.79,1.7301,1.87,1.66,192175
2022-01-24,1.61,1.7601,1.8,1.49,211017
2022-01-25,1.66,1.71,1.79,1.63,39607
2022-01-26,1.77,1.7,1.7701,1.65,131280
2022-01-27,1.63,1.58,1.75,1.55,91446
2022-01-28,1.5,1.64,1.64,1.36,106861
2022-01-31,1.7,1.8,1.84,1.7,27697
2022-02-01,1.79,1.85,1.9,1.79,5461
2022-02-02,1.84,1.87,1.92,1.8,52775
2022-02-03,1.6,1.75,1.8201,1.6,46452
2022-02-04,1.7049,1.84,1.84,1.7049,23826
2022-02-07,1.79,1.78,1.84,1.76,14313
2022-02-08,1.74,1.87,1.89,1.73,15673
2022-02-09,1.9,1.9001,1.96,1.9,21300
2022-02-10,1.95,1.9732,2.02,1.95,9343
2022-02-11,2.0,1.85,2.0,1.79,16952
2022-02-14,1.82,1.88,1.96,1.82,11384
2022-02-15,2.0,2.0,2.04,1.965,55714
2022-02-16,1.9802,2.0501,2.055,1.9802,7043
2022-02-17,2.02,2.05,2.105,1.96,53666
2022-02-18,1.95,2.0,2.06,1.95,43339
2022-02-22,2.02,1.89,2.02,1.88,16924
2022-02-23,1.66,1.6,1.74,1.52,308822
2022-02-24,1.14,1.86,1.86,1.14,98507
2022-02-25,1.74,1.89,1.9,1.74,3646
2022-02-28,1.68,1.78,1.93,1.66,16526
2022-03-01,1.81,1.85,1.86,1.77,13185
2022-03-02,1.9,1.9843,2.0399,1.9,23870
2022-03-03,1.99,1.97,2.05,1.968,9975
2022-03-04,1.9201,1.94,1.985,1.9,16329
2022-03-07,1.915,1.78,1.915,1.78,4992
2022-03-08,1.74,1.82,1.82,1.705,1600
2022-03-09,1.78,1.8782,1.905,1.71,34866
2022-03-10,1.75,1.75,1.76,1.6,9125
2022-03-11,1.7,1.67,1.7,1.65,37996
2022-03-14,1.6401,1.57,1.6401,1.5404,20191
2022-03-15,1.56,1.56,1.6,1.5482,2917
2022-03-16,1.61,1.65,1.69,1.5701,31110
2022-03-17,1.54,1.7093,1.72,1.54,51451
2022-03-18,1.69,1.78,1.78,1.68,28250
2022-03-21,1.74,1.76,1.79,1.73,74320
2022-03-22,1.76,1.7846,1.82,1.69,42242
2022-03-23,1.77,1.8,1.8399,1.77,11819
2022-03-24,1.76,1.81,1.8114,1.735,28111
2022-03-25,1.82,1.85,1.85,1.815,11736
2022-03-28,1.8,1.78,1.82,1.731,49121
2022-03-29,1.8391,1.85,1.85,1.8391,1696
2022-03-30,1.75,1.78,1.85,1.74,49354
2022-03-31,1.74,1.77,1.78,1.73,92863
2022-04-01,1.71,1.7054,1.7429,1.62,137821
2022-04-04,1.61,1.69,1.78,1.47,36719
2022-04-05,1.65,1.57,1.65,1.55,64991
2022-04-06,1.52,1.55,1.58,1.52,386730
2022-04-07,1.17,1.51,1.55,1.17,31463
2022-04-08,1.5,1.5,1.56,1.47,6371
2022-04-11,1.39,1.4599,1.49,1.38,7132
2022-04-12,1.57,1.51,1.57,1.51,5500
2022-04-13,1.69,1.65,1.79,1.57,47195
2022-04-14,1.69,1.685,1.69,1.61,8228
2022-04-18,1.6799,1.72,1.72,1.66,8591
2022-04-19,1.79,1.8006,1.87,1.72,91057
2022-04-20,1.85,1.92,2.0,1.85,221718
2022-04-21,1.99,1.89,2.0,1.89,6664
2022-04-22,1.79,1.79,1.8,1.785,6705
2022-04-25,1.67,1.81,1.82,1.63,357897
2022-04-26,1.71,1.64,1.7744,1.64,110993
2022-04-27,1.69,1.69,1.6993,1.66,3532
2022-04-28,1.6794,1.7599,1.77,1.66,30083
2022-04-29,1.76,1.74,1.78,1.74,4004
2022-05-02,1.6884,1.65,1.69,1.65,4874
2022-05-03,1.65,1.57,1.65,1.5699,23076
2022-05-04,1.4,1.42,1.48,1.35,166424
2022-05-05,1.36,1.34,1.36,1.32,176946
2022-05-06,1.28,1.37,1.37,1.28,323457
2022-05-09,1.31,1.24,1.31,1.19,57623
2022-05-10,1.25,1.05,1.32,1.0,122941
2022-05-11,1.0,0.9813,1.1,0.9813,43033
2022-05-12,0.94,1.05,1.15,0.9,49176
2022-05-13,1.14,1.34,1.34,1.14,25372
2022-05-16,1.3,1.28,1.36,1.28,15339
2022-05-17,1.31,1.4082,1.44,1.31,41257
2022-05-18,1.41,1.3299,1.45,1.29,27721
2022-05-19,1.33,1.4,1.42,1.33,55990
2022-05-20,1.4,1.37,1.4,1.32,23936
2022-05-23,1.4,1.5,1.5,1.4,48521
2022-05-24,1.48,1.44,1.48,1.42,36922
2022-05-25,1.46,1.52,1.52,1.46,12339
2022-05-26,1.58,1.59,1.61,1.57,23718
2022-05-27,1.6301,1.71,1.71,1.6301,49782
2022-05-31,1.65,1.65,1.65,1.65,1700
2022-06-01,1.65,1.57,1.66,1.53,27325
2022-06-02,1.61,1.61,1.64,1.58,60837
2022-06-03,1.58,1.59,1.5901,1.58,3106
2022-06-06,1.59,1.59,1.67,1.59,19003
2022-06-07,1.56,1.475,1.56,1.38,61788
2022-06-08,1.55,1.6,1.62,1.55,45756
2022-06-09,1.52,1.52,1.53,1.5,28650
2022-06-10,1.51,1.4,1.51,1.4,505189
2022-06-13,1.3112,1.22,1.3112,1.22,25724
2022-06-14,1.27,1.19,1.27,1.19,78159
2022-06-15,1.2,1.35,1.36,1.2,24213
2022-06-16,1.25,1.21,1.25,1.18,112800
2022-06-17,1.22,1.34,1.34,1.21,47534
2022-06-21,1.2816,1.4,1.48,1.2816,16236
2022-06-22,1.34,1.39,1.39,1.34,632
2022-06-23,1.28,1.21,1.33,1.21,1101
2022-06-24,1.23,1.17,1.29,1.17,33392
2022-06-27,1.25,1.18,1.4,1.15,12369
2022-06-28,1.21,1.13,1.21,1.11,13018
2022-06-29,1.07,1.04,1.07,0.9809,29621
2022-06-30,0.99,1.05,1.05,0.95,31854
2022-07-01,1.0,1.02,1.02,0.96,23471
2022-07-05,0.94,1.09,1.09,0.94,5730
2022-07-06,1.13,1.08,1.13,1.08,4124
2022-07-07,1.12,1.17,1.17,1.08,9672
2022-07-08,1.13,1.14,1.17,1.1,39288
2022-07-11,1.09,1.04,1.12,0.9998,354421
2022-07-12,1.05,0.99,1.05,0.99,5788
2022-07-13,0.9156,0.95,0.9557,0.9156,11401
2022-07-14,0.89,0.95,0.95,0.89,3356
2022-07-15,1.02,0.9941,1.02,0.9941,366
2022-07-18,1.03,0.99,1.03,0.99,900
2022-07-19,1.01,1.01,1.011,1.01,5256
2022-07-20,1.02,1.09,1.09,1.02,7464
2022-07-21,1.06,1.08,1.09,1.0,6036
2022-07-22,1.03,1.04,1.04,1.03,1010
2022-07-25,1.03,1.06,1.06,0.99,24782
2022-07-26,0.9601,1.06,1.06,0.96,3600
2022-07-27,1.0001,1.09,1.09,1.0,6404
2022-07-28,1.1,1.15,1.15,1.1,6148
2022-07-29,1.23,1.3,1.3,1.23,14560
2022-08-01,1.33,1.42,1.42,1.33,13232
2022-08-02,1.448,1.42,1.448,1.42,2657
2022-08-03,1.425,1.47,1.48,1.39,67630
2022-08-04,1.49,1.5,1.55,1.48,31660
2022-08-05,1.39,1.5201,1.54,1.39,31507
2022-08-10,1.55,1.63,1.63,1.51,15929
2022-08-11,1.59,1.5801,1.66,1.58,5189
2022-08-12,1.6,1.68,1.68,1.6,42345
2022-08-15,1.69,1.68,1.69,1.66,1548
2022-08-16,1.6201,1.7,1.7,1.62,551175
2022-08-17,1.5601,1.65,1.65,1.56,10216
2022-08-18,1.6,1.58,1.63,1.58,14007
2022-08-19,1.56,1.54,1.56,1.53,103911
2022-08-22,1.45,1.48,1.51,1.39,12374
2022-08-23,1.5098,1.46,1.5098,1.45,1591
2022-08-24,1.49,1.49,1.56,1.45,64254
2022-08-25,1.5,1.51,1.53,1.49,15110
2022-08-26,1.45,1.43,1.45,1.43,3100
2022-08-29,1.4,1.47,1.48,1.4,62879
2022-08-30,1.55,1.53,1.55,1.41,25939
2022-08-31,1.54,1.53,1.61,1.52,86664
2022-09-01,1.43,1.35,1.43,1.35,7759
2022-09-02,1.35,1.38,1.4,1.35,6300
2022-09-06,1.42,1.52,1.53,1.42,63682
2022-09-07,1.47,1.52,1.5237,1.47,12147
2022-09-09,1.49,1.54,1.66,1.47,26890
2022-09-12,1.59,1.64,1.66,1.59,46373
2022-09-13,1.58,1.58,1.58,1.58,606
2022-09-14,1.62,1.6642,1.6701,1.6,116950
2022-09-15,1.68,1.61,1.68,1.61,800
2022-09-16,1.5,1.54,1.54,1.42,8019
2022-09-19,1.49,1.54,1.54,1.49,501
2022-09-20,1.4,1.48,1.48,1.4,3251
2022-09-21,1.48,1.39,1.48,1.34,14156
2022-09-22,1.35,1.25,1.37,1.22,12243
2022-09-23,1.21,1.28,1.28,1.2,21440
2022-09-26,1.3,1.3,1.35,1.25,87291
2022-09-27,1.35,1.33,1.41,1.33,20275
2022-09-28,1.33,1.37,1.37,1.32,37029
2022-09-29,1.33,1.38,1.38,1.33,213864
2022-09-30,1.39,1.49,1.49,1.38,220538
2022-10-03,1.48,1.53,1.62,1.45,95532
2022-10-04,1.6,1.68,1.71,1.6,50502
2022-10-05,1.62,1.6,1.62,1.59,11719
2022-10-06,1.64,1.55,1.64,1.55,108465
2022-10-07,1.51,1.59,1.61,1.51,14717
2022-10-10,1.59,1.56,1.59,1.56,700
2022-10-11,1.56,1.49,1.56,1.47,3607
2022-10-12,1.45,1.45,1.46,1.4,11742
2022-10-13,1.33,1.41,1.41,1.3,69177
2022-10-14,1.4,1.33,1.42,1.3,155268
2022-10-17,1.39,1.37,1.4,1.35,60630
2022-10-18,1.45,1.45,1.45,1.395,100938
2022-10-19,1.31,1.34,1.42,1.31,21037
2022-10-20,1.41,1.3501,1.48,1.3501,23854
2022-10-21,1.34,1.45,1.45,1.34,15586
2022-10-24,1.574,1.46,1.574,1.45,79850
2022-10-25,1.47,1.5,1.54,1.47,22355
2022-10-26,1.515,1.52,1.55,1.5,10207
2022-10-27,1.54,1.46,1.54,1.44,43206
2022-10-28,1.46,1.5,1.53,1.42,5542
2022-10-31,1.54,1.5,1.58,1.47,188071
2022-11-01,1.52,1.41,1.52,1.41,36921
2022-11-02,1.06,1.04,1.1,1.0,24791
2022-11-03,1.0,0.8801,1.0,0.7781,53488
2022-11-04,0.9601,0.9248,0.97,0.7525,50284
2022-11-07,0.95,0.97,0.99,0.9462,10770
2022-11-08,0.99,0.9527,1.08,0.9527,6751
2022-11-09,0.9399,0.9235,0.9399,0.8601,9301
2022-11-10,0.9593,1.0,1.0,0.95,3975
2022-11-11,1.07,1.05,1.08,1.05,9234
2022-11-14,0.95,1.0,1.13,0.95,3062
2022-11-15,0.99,0.97,1.07,0.96,13500
2022-11-16,0.93,0.95,0.9923,0.93,8271
2022-11-17,0.8122,0.90755,0.92,0.8122,9489
2022-11-18,0.8401,0.9501,0.9501,0.8401,5958
2022-11-21,0.92,0.9412,0.9598,0.8781,7800
2022-11-22,0.9722,0.96,1.01,0.91,10856
2022-11-23,0.8988,0.94,0.94,0.8988,317
2022-11-25,0.9,0.947601,0.9477,0.9,1715
2022-11-28,0.8801,0.9005,0.9201,0.8689,8337
2022-11-29,0.9497,0.9165,0.9497,0.89,500
2022-11-30,0.93,0.99,0.99,0.897301,4768
2022-12-01,0.87,0.9768,1.02,0.87,14535
2022-12-05,0.88,0.9,1.0,0.88,61777
2022-12-06,0.8501,0.94,0.94,0.8501,14266
2022-12-07,0.90005,0.87,0.98,0.865,152130
2022-12-08,0.91,0.88,0.91,0.8694,28655
2022-12-09,0.88,0.84,0.88,0.835,9205
2022-12-12,0.86,0.87,0.9099,0.8299,468632
2022-12-13,0.76,0.8956,0.91,0.76,29210
2022-12-14,0.89,0.95,0.95,0.87505,98408
2022-12-15,0.85,0.9,0.9,0.85,866
2022-12-16,0.8111,0.8699,0.88,0.8111,5902
2022-12-19,0.85,0.8149,0.85,0.7499,52679
2022-12-20,0.8698,0.86,0.9096,0.7911,12473
2022-12-21,0.791,0.9761,0.99,0.791,12511
2022-12-22,1.05,1.07,1.08,1.04,43610
2022-12-23,1.05,1.09,1.09,1.04,43461
2022-12-27,1.13,1.13,1.18,1.07,68864
2022-12-28,1.15,1.06,1.16,1.05,10559
2022-12-29,1.07,1.08,1.16,1.01,256283
2022-12-30,1.1,1.12,1.12,1.02,41817
2023-01-03,1.15,1.13,1.15,1.13,559
2023-01-04,1.15,1.19,1.21,1.15,10572
2023-01-05,1.18,1.205,1.205,1.18,2600
2023-01-09,1.22,1.24,1.24,1.22,611
2023-01-10,1.12,1.28,1.28,1.12,19052
2023-01-11,1.32,1.32,1.33,1.3,18360
2023-01-12,1.35,1.37,1.37,1.34,1600
2023-01-13,1.37,1.37,1.3701,1.37,3701
2023-01-17,1.4,1.43,1.43,1.4,52992
2023-01-18,1.44,1.44,1.44,1.44,123
2023-01-19,1.42,1.42,1.42,1.42,304
2023-01-20,1.33,1.47,1.47,1.33,78280
2023-01-23,1.47,1.49,1.49,1.47,925
2023-01-24,1.48,1.49,1.51,1.45,23300
2023-01-25,1.4401,1.52,1.52,1.4401,10684
2023-01-26,1.45,1.57,1.57,1.45,102100
2023-01-27,1.52,1.52,1.52,1.52,265
2023-01-31,1.43,1.56,1.56,1.43,10991
2023-02-01,1.57,1.6,1.6,1.56,9396
2023-02-02,1.62,1.63,1.65,1.62,29767
2023-02-03,1.61,1.6301,1.6301,1.61,2700
2023-02-06,1.52,1.6001,1.63,1.52,12094
2023-02-07,1.6,1.59,1.6,1.58,1892
2023-02-08,1.6,1.5382,1.6,1.5382,2162
2023-02-09,1.5,1.49,1.5,1.49,1607
2023-02-10,1.3848,1.36,1.39,1.34,2013
2023-02-13,1.42,1.42,1.42,1.42,108
2023-02-14,1.52,1.72,1.75,1.52,11014
2023-02-15,1.72,1.79,1.8,1.72,205569
2023-02-16,1.74,1.77,1.86,1.74,51252
2023-02-17,2.0,1.8953,2.0,1.8,138256
2023-02-21,2.13,2.15,2.15,2.0,191219
2023-02-22,2.25,1.99,2.25,1.99,24838
2023-02-23,1.96,2.0099,2.0225,1.9,6798
2023-02-24,2.0,1.98,2.0,1.92,5991
2023-02-27,2.0,1.9201,2.0,1.92,21105
2023-02-28,2.01,1.92,2.01,1.92,5187
2023-03-01,1.96,1.94,1.97,1.94,19361
2023-03-02,1.95,1.96,1.97,1.92,10338
2023-03-03,1.99,1.95,2.05,1.95,45956
2023-03-06,1.96,1.77,1.96,1.77,24845
2023-03-07,1.98,1.75,1.98,1.75,11924
2023-03-08,1.72,1.7,1.75,1.7,22996
2023-03-09,1.75,1.66,1.75,1.6,12144
2023-03-10,1.76,1.58,1.76,1.55,12923
2023-03-13,1.69,1.51,1.69,1.49,23724
2023-03-14,1.6,1.5,1.6,1.5,9900
2023-03-15,1.49,1.45,1.49,1.42,16698
2023-03-16,1.5,1.42,1.5,1.41,113226
2023-03-17,1.6,1.4205,1.6,1.41,12350
2023-03-20,1.42,1.43,1.43,1.39,19535
2023-03-21,1.47,1.44,1.64,1.44,12280
2023-03-22,1.5,1.45,1.5,1.45,2604
2023-03-23,1.48,1.39,1.49,1.39,102245
2023-03-24,1.46,1.45,1.46,1.45,669
2023-03-27,1.42,1.43,1.49,1.42,68017
2023-03-28,1.58,1.45,1.58,1.43,146387
2023-03-29,1.48,1.47,1.48,1.45,65337
2023-03-30,1.99,1.51,1.99,1.49,65919
2023-03-31,1.6,1.61,1.66,1.56,11250
2023-04-03,1.61,1.63,1.7245,1.61,5714
2023-04-04,1.6,1.61,1.64,1.6,405
2023-04-05,1.53,1.55,1.55,1.53,3200
2023-04-06,1.56,1.56,1.56,1.56,755
2023-04-10,1.55,1.5101,1.55,1.51,3301
2023-04-11,1.55,1.55,1.55,1.54,716
2023-04-12,1.68,1.58,1.68,1.57,3754
2023-04-13,1.6,1.62,1.6201,1.59,23410
2023-04-14,1.62,1.6,1.7,1.6,3765
2023-04-17,1.65,1.6101,1.65,1.6101,203
2023-04-18,1.65,1.6155,1.6514,1.59,7474
2023-04-19,1.621,1.621,1.621,1.621,1000
2023-04-20,1.71,1.56,1.72,1.55,5000
2023-04-21,1.56,1.69,1.69,1.56,2125
2023-04-24,1.78,1.59,1.78,1.59,12307
2023-04-25,1.63,1.6,1.63,1.59,7030
2023-04-26,1.6,1.56,1.6,1.54,2941
2023-04-27,1.5101,1.585,1.62,1.5101,1908
2023-04-28,1.57,1.51,1.57,1.44,21491
2023-05-01,1.44,1.5,1.51,1.44,10478
2023-05-02,1.53,1.52,1.53,1.45,7561
2023-05-03,1.52,1.6,1.6,1.52,8260
2023-05-04,1.56,1.62,1.62,1.56,69003
2023-05-05,1.62,1.65,1.65,1.58,1231
2023-05-08,1.65,1.58,1.65,1.56,5838
2023-05-09,1.6,1.63,1.63,1.57,3923
2023-05-10,1.59,1.6014,1.65,1.58,6998
2023-05-11,1.84,1.61,1.84,1.6,80340
2023-05-12,1.7,1.43,1.7,1.3389,144150
2023-05-15,1.57,1.47,1.57,1.435,21374
2023-05-16,1.61,1.4746,1.61,1.4401,13513
2023-05-17,1.5,1.5401,1.5401,1.5,3363
2023-05-18,1.55,1.49,1.58,1.49,151116
2023-05-19,1.6,1.4898,1.6,1.485,25357
