2020-08-14,294.3,294.0,294.9,294.0,16077
2020-08-17,294.3,294.0,294.45,294.0,2570
2020-08-18,294.6,293.7,294.6,293.7,3610
2020-08-19,293.4,292.5,293.4,292.5,243
2020-08-20,293.4,292.5,293.4,292.5,20644
2020-08-21,294.6,293.1,294.6,291.6,11328
2020-08-24,294.0,292.2,294.0,291.9,478
2020-08-25,292.2,291.0,293.1,291.0,3580
2020-08-26,292.5,290.4,292.569,290.4,1023
2020-08-27,290.4,293.1,293.1,290.4,20713
2020-08-28,294.0,292.2,294.0,291.9,33
2020-08-31,294.0,292.5,294.0,291.9,6413
2020-09-01,292.761,292.8,292.8,292.5,107
2020-09-02,292.8,291.903,292.8,291.9,113
2020-09-03,291.6,292.947,293.4,291.6,4242
2020-09-04,291.9,294.0,296.1,291.9,6884
2020-09-08,294.0,293.4,295.8,292.5,3275
2020-09-09,293.4,295.2,295.8,293.4,4425
2020-09-10,293.4,294.3,294.9,292.5,20027
2020-09-11,295.5,293.7,295.8,293.7,11510
2020-09-14,294.3,295.5,295.8,294.0,43931
2020-09-15,296.4,294.6,296.4,294.3,698
2020-09-16,294.3,295.5,295.5,294.0,2813
2020-09-17,295.5,294.9,295.8,294.0,876
2020-09-18,296.4,295.2,296.4,294.6,2112
2020-09-21,295.5,295.5,296.994,294.0,1934
2020-09-22,297.0,295.2,297.0,294.0,2802
2020-09-23,294.816,294.6,295.2,294.3,580
2020-09-24,294.3,294.6,295.5,293.862,8780
2020-09-25,293.7,293.7,294.6,293.7,265
2020-09-28,293.7,293.7,295.5,293.7,1213
2020-09-29,296.4,294.0,296.4,293.7,1983
2020-09-30,294.3,294.9,295.8,294.3,10224
2020-10-01,297.0,294.0,297.0,294.0,38933
2020-10-02,295.2,294.0,295.2,293.4,12593
2020-10-05,295.2,294.9,295.5,292.5,1241
2020-10-06,295.5,294.771,295.95,292.5,2414
2020-10-07,294.0,294.15,294.9,294.0,2021
2020-10-08,294.9,293.4,294.9,292.8,1344
2020-10-09,293.4,292.8,295.2,292.5,2835
2020-10-12,297.0,294.0,297.0,292.5,1181
2020-10-13,294.0,294.36,294.51,294.0,744
2020-10-14,296.1,294.0,296.1,294.0,11371
2020-10-15,294.0,294.0,294.6,294.0,10368
2020-10-16,294.0,294.3,294.6,294.0,2498
2020-10-19,297.0,294.45,297.0,294.0,885
2020-10-20,295.2,295.611,296.1,294.0,2337
2020-10-21,295.8,295.65,298.2,294.0,1537
2020-10-22,296.1,294.0,296.1,294.0,4692
2020-10-23,295.8,295.2,295.8,294.3,310
2020-10-26,295.5,294.6,295.5,294.0,2202
2020-10-27,294.0,294.6,295.5,294.0,3141
2020-10-28,294.0,294.0,294.9,294.0,330
2020-10-29,294.0,293.7,294.291,293.4,1043
2020-10-30,293.7,293.7,295.5,293.4,140
2020-11-02,295.797,294.0,295.797,293.1,353
2020-11-03,294.0,293.19,294.0,293.103,87
2020-11-04,293.1,294.069,295.8,293.1,266
2020-11-05,294.513,294.0,295.197,293.1,34644
2020-11-06,294.9,293.7,294.9,293.4,76
2020-11-09,294.6,294.45,295.35,294.003,251
2020-11-10,295.2,293.4,295.2,293.4,137
2020-11-11,293.4,293.4,294.0,293.4,28
2020-11-12,294.0,294.3,295.5,293.4,2716
2020-11-13,293.4,293.55,295.8,293.4,412
2020-11-16,294.411,293.4,295.197,293.4,596
2020-11-17,295.2,293.55,295.2,293.4,4890
2020-11-18,295.2,294.9,295.8,294.9,374
2020-11-19,294.6,294.0,295.2,294.0,313
2020-11-20,294.0,296.7,297.0,294.0,621
2020-11-23,297.6,296.7,298.497,294.501,1216
2020-11-24,297.9,296.1,297.9,294.6,1119
2020-11-25,298.2,295.8,298.2,294.6,1849
2020-11-27,298.2,299.4,300.0,297.0,6713
2020-11-30,304.5,298.5,305.4,297.6,7302
2020-12-01,298.8,298.5,301.5,295.5,3232
2020-12-02,298.8,297.0,299.1,295.5,5749
2020-12-03,297.0,299.4,299.4,296.4,4924
2020-12-04,299.7,299.4,300.0,297.0,3596
2020-12-07,306.0,302.7,306.12,300.0,13486
2020-12-08,305.7,303.0,305.7,300.9,8198
2020-12-09,307.5,304.5,307.5,300.0,10228
2020-12-10,307.5,304.5,309.0,303.3,20446
2020-12-11,312.3,309.0,324.0,305.4,15618
2020-12-14,315.0,306.9,317.601,305.7,29278
2020-12-15,309.3,304.5,310.5,303.0,17248
2020-12-16,303.0,308.7,309.0,302.7,16895
2020-12-17,304.5,309.6,310.5,304.5,6662
2020-12-18,309.0,308.1,309.6,307.674,5797
2020-12-21,307.5,308.4,309.0,305.4,9950
2020-12-22,312.0,309.0,313.5,307.203,16422
2020-12-23,309.3,310.8,311.4,308.7,21995
2020-12-24,315.0,312.0,315.0,311.7,19542
2020-12-28,339.0,339.9,348.9,330.0,184685
2020-12-29,349.8,340.2,351.0,330.6,117648
2020-12-30,343.5,339.6,352.2,336.3,68762
2020-12-31,340.8,339.0,341.7,330.0,48945
2021-01-04,345.6,337.2,352.2,333.3,80972
2021-01-05,330.6,336.6,338.1,330.3,45435
2021-01-06,333.0,330.0,340.2,327.3,45723
2021-01-07,333.0,344.4,362.7,329.4,107996
2021-01-08,348.0,347.7,362.7,342.3,88301
2021-01-11,339.6,337.5,342.594,335.4,60714
2021-01-12,336.0,337.5,340.2,334.8,52550
2021-01-13,339.9,342.9,343.5,337.2,102985
2021-01-14,350.4,367.5,385.2,347.7,143054
2021-01-15,360.9,351.6,364.131,345.45,78223
2021-01-19,353.7,347.7,353.7,342.3,66336
2021-01-20,348.0,362.1,368.1,342.0,55511
2021-01-21,362.1,365.4,380.7,354.0,56589
2021-01-22,362.4,366.9,371.4,361.5,31351
2021-01-25,371.1,366.3,384.6,358.5,66492
2021-01-26,364.5,352.8,366.6,351.6,39009
2021-01-27,345.0,334.5,345.0,324.3,86065
2021-01-28,336.0,339.6,348.6,334.5,54454
2021-01-29,348.6,342.6,348.6,327.3,169049
2021-02-01,355.5,360.6,363.0,348.0,104254
2021-02-02,363.0,360.0,371.7,353.379,67962
2021-02-03,359.7,362.1,369.3,357.6,79933
2021-02-04,365.7,366.6,371.4,363.3,56069
2021-02-05,364.5,365.4,366.6,357.567,44188
2021-02-08,363.6,371.1,371.7,360.6,52808
2021-02-09,363.3,363.9,367.2,355.8,40446
2021-02-10,360.3,354.3,362.4,345.6,56410
2021-02-11,353.4,366.0,369.0,339.9,59458
2021-02-12,384.6,347.7,387.0,333.3,605746
2021-02-16,341.1,364.8,379.2,322.8,486425
2021-02-17,356.7,360.0,360.0,336.0,175791
2021-02-18,342.6,339.9,348.6,336.45,76681
2021-02-19,341.4,345.3,363.0,333.9,168126
2021-02-22,345.9,341.1,357.6,337.8,122411
2021-02-23,327.0,336.3,338.4,306.3,112844
2021-02-24,333.0,325.5,334.5,322.8,65107
2021-02-25,323.7,319.8,329.1,311.7,60228
2021-02-26,316.2,323.7,323.7,307.8,66078
2021-03-01,327.6,315.3,329.4,312.3,69333
2021-03-02,315.0,309.0,317.1,307.5,53081
2021-03-03,307.5,301.8,309.0,300.3,84524
2021-03-04,300.0,306.0,312.0,297.6,101722
2021-03-05,303.0,315.0,321.6,301.8,102274
2021-03-08,307.8,311.1,315.6,307.8,63335
2021-03-09,311.4,319.8,321.0,309.6,58040
2021-03-10,318.3,313.2,318.3,311.1,27016
2021-03-11,313.2,318.9,319.5,309.6,57743
2021-03-12,313.5,318.0,319.2,310.8,29487
2021-03-15,315.9,313.8,316.5,311.4,28575
2021-03-16,310.8,306.0,312.0,303.6,47160
2021-03-17,303.0,311.7,311.7,303.0,47270
2021-03-18,312.3,310.2,314.4,307.8,28777
2021-03-19,308.4,305.4,309.45,303.6,42857
2021-03-22,302.4,305.7,305.7,302.4,39175
2021-03-23,303.0,305.4,306.3,302.85,25540
2021-03-24,303.0,297.0,303.3,295.05,75379
2021-03-25,294.0,297.0,300.15,293.4,73367
2021-03-26,297.3,299.4,300.0,295.8,20783
2021-03-29,298.5,298.2,300.33,297.0,8838
2021-03-30,297.0,297.6,298.35,296.4,20962
2021-03-31,298.5,298.8,299.4,297.0,16695
2021-04-01,298.5,297.6,300.0,297.0,14353
2021-04-05,298.5,297.6,298.8,297.3,11206
2021-04-06,297.0,298.2,299.1,297.0,8724
2021-04-07,297.0,298.8,301.35,297.0,14315
2021-04-08,302.4,302.7,304.5,300.3,45664
2021-04-09,301.8,304.5,307.5,301.5,23035
2021-04-12,303.3,299.4,303.597,299.1,10016
2021-04-13,298.8,298.8,299.4,297.9,17035
2021-04-14,300.0,299.1,300.6,298.2,15849
2021-04-15,298.2,298.8,299.4,297.3,12649
2021-04-16,297.6,299.1,300.0,297.0,25885
2021-04-19,298.5,297.0,298.5,296.4,23111
2021-04-20,296.4,296.7,297.9,295.8,52512
2021-04-21,296.1,298.2,298.8,296.1,25239
2021-04-22,299.1,297.6,299.1,297.0,9577
2021-04-23,298.5,298.5,299.4,297.6,12270
2021-04-26,298.5,299.4,299.7,298.5,10793
2021-04-27,299.1,297.9,299.55,297.3,9466
2021-04-28,297.9,299.1,299.4,297.9,18725
2021-04-29,299.7,297.3,299.7,297.3,4851
2021-04-30,297.6,297.9,298.2,297.3,6608
2021-05-03,298.2,295.8,298.5,295.5,53541
2021-05-04,296.4,297.3,297.6,296.1,12222
2021-05-05,296.7,297.0,297.6,292.8,4143
2021-05-06,295.8,297.0,297.6,295.8,12340
2021-05-07,295.8,297.3,299.7,295.8,11043
2021-05-10,297.3,296.4,298.2,296.4,9317
2021-05-11,294.3,296.7,297.9,294.3,55876
2021-05-12,295.8,295.8,296.7,295.8,6890
2021-05-13,295.5,295.8,297.3,295.5,7939
2021-05-14,295.8,296.1,297.15,295.8,5486
2021-05-17,295.5,296.1,297.6,295.5,8127
2021-05-18,295.8,296.7,297.0,295.8,4811
2021-05-19,296.1,297.0,297.9,295.8,16191
2021-05-20,298.2,297.0,298.2,296.1,14414
2021-05-21,297.0,296.4,297.9,296.1,32878
2021-05-24,296.7,297.3,297.75,296.7,5867
2021-05-25,297.0,297.3,297.9,297.0,5285
2021-05-26,297.0,297.0,297.6,297.0,4194
2021-05-27,297.0,298.2,298.5,297.0,6957
2021-05-28,298.5,297.3,298.5,297.3,3024
2021-06-01,297.0,297.3,298.146,297.0,4134
2021-06-02,297.3,297.6,297.9,297.3,4381
2021-06-03,297.3,298.2,299.1,297.3,8690
2021-06-04,298.8,299.1,299.4,298.5,14164
2021-06-07,299.4,298.5,299.4,297.9,4078
2021-06-08,298.2,299.4,299.7,298.2,24618
2021-06-09,300.0,299.1,300.15,298.8,19062
2021-06-10,299.7,298.2,299.7,298.2,19516
2021-06-11,298.5,297.9,299.1,297.6,12818
2021-06-14,298.2,298.2,299.4,298.2,4808
2021-06-15,297.9,298.5,299.7,297.6,8446
2021-06-16,297.9,298.8,299.4,297.9,2129
2021-06-17,298.8,298.5,299.1,297.9,2638
2021-06-18,298.2,297.9,299.1,297.9,6923
2021-06-21,297.9,297.9,298.5,297.9,7561
2021-06-22,297.9,297.9,298.5,297.9,4427
2021-06-23,297.9,298.2,298.5,297.9,2246
2021-06-24,298.5,298.5,298.8,298.35,3058
2021-06-25,298.8,298.2,298.8,298.2,2907
2021-06-28,298.2,298.8,299.1,298.2,3331
2021-06-29,298.5,298.5,299.1,298.5,3290
2021-06-30,298.5,298.5,298.8,298.5,11369
2021-07-01,299.1,299.4,299.7,298.35,12513
2021-07-02,299.1,298.8,299.1,298.5,7266
2021-07-06,298.5,298.2,298.8,298.2,4251
2021-07-07,297.9,297.9,298.2,297.9,6951
2021-07-08,297.9,297.9,298.5,297.9,9257
2021-07-09,297.6,297.9,298.2,297.6,2913
2021-07-12,297.6,297.9,298.5,297.6,2676
2021-07-13,297.6,297.6,298.2,297.6,5583
2021-07-14,297.6,297.9,298.05,297.6,4753
2021-07-15,297.6,297.6,297.9,297.3,17839
2021-07-16,297.6,297.6,298.2,297.3,9378
2021-07-19,297.0,297.0,297.9,297.0,16259
2021-07-20,296.4,298.2,298.5,296.4,9258
2021-07-21,297.9,298.8,299.7,297.3,15167
2021-07-22,298.5,298.2,298.8,297.9,1121
2021-07-23,297.9,298.2,298.5,297.9,1924
2021-07-26,298.2,297.9,298.5,297.0,8953
2021-07-27,297.9,297.9,298.2,297.75,4934
2021-07-28,297.3,297.3,298.2,297.3,8962
2021-07-29,297.3,297.0,297.768,297.0,21517
2021-07-30,297.3,297.9,297.9,297.24,2611
2021-08-02,297.0,298.2,298.65,297.0,11091
2021-08-03,297.3,297.3,298.2,297.0,19806
2021-08-04,297.0,296.7,297.9,296.7,5905
2021-08-05,296.7,296.7,297.024,296.4,7068
2021-08-06,296.4,297.0,297.3,296.4,2326
2021-08-09,297.0,297.3,297.6,297.0,5719
2021-08-10,297.0,297.6,299.1,297.0,21651
2021-08-11,299.1,298.5,299.7,297.6,7444
2021-08-12,297.3,298.2,298.5,297.3,3578
2021-08-13,297.0,298.5,298.5,297.0,1934
2021-08-16,297.3,297.6,297.9,297.3,3274
2021-08-17,297.6,297.6,298.2,297.0,12363
2021-08-18,296.7,297.6,298.8,296.7,8424
2021-08-19,297.3,297.3,297.75,297.0,9557
2021-08-20,296.7,297.6,297.93,296.7,5198
2021-08-23,297.3,297.3,297.9,297.0,4956
2021-08-24,297.0,297.9,298.2,296.7,6768
2021-08-25,297.6,298.2,298.8,297.303,6134
2021-08-26,297.9,297.9,298.266,297.9,1058
2021-08-27,297.9,297.9,298.2,297.3,14992
2021-08-30,297.3,297.9,298.2,297.3,2927
2021-08-31,297.9,298.2,298.5,297.603,3154
2021-09-01,297.9,298.5,298.8,297.9,5823
2021-09-02,297.9,299.7,299.7,297.9,25620
2021-09-03,298.5,298.5,300.0,298.5,27729
2021-09-07,298.8,299.1,300.3,298.8,24317
2021-09-08,299.7,299.1,299.7,298.8,11257
2021-09-09,299.4,299.7,299.85,299.1,28741
2021-09-10,299.7,299.4,299.7,299.4,14949
2021-09-13,299.7,299.4,300.0,299.1,22390
2021-09-14,299.1,299.1,299.7,299.1,17118
2021-09-15,299.4,299.4,299.7,298.8,32584
2021-09-16,298.2,313.8,322.503,292.2,80228
2021-09-17,315.0,300.6,316.2,297.9,61882
2021-09-20,293.4,292.2,306.3,285.3,44510
2021-09-21,300.0,322.8,334.2,299.4,75298
2021-09-22,321.0,300.0,340.155,288.0,125655
2021-09-23,281.895,258.9,287.7,257.4,53460
2021-09-24,258.9,265.5,283.8,255.366,55666
2021-09-27,276.3,262.5,277.5,258.3,38092
2021-09-28,257.7,242.7,260.895,232.2,31422
2021-09-29,240.0,211.8,240.0,204.3,79976
2021-09-30,210.0,203.1,212.7,200.403,26575
2021-10-01,207.3,208.8,216.0,186.9,59792
2021-10-04,204.0,185.7,205.2,184.53,31169
2021-10-05,186.0,178.5,192.3,175.8,49227
2021-10-06,175.8,186.3,191.694,174.6,30056
2021-10-07,190.2,189.9,194.4,183.0,10486
2021-10-08,188.1,177.9,189.6,177.6,10948
2021-10-11,176.4,175.5,182.4,170.4,9341
2021-10-12,178.8,182.1,185.124,174.0,9547
2021-10-13,182.7,176.1,185.7,164.4,21280
2021-10-14,178.2,175.5,179.1,169.8,16938
2021-10-15,172.5,180.0,180.0,168.9,20650
2021-10-18,180.0,196.8,199.5,178.233,16446
2021-10-19,197.4,209.7,210.189,196.5,15918
2021-10-20,211.2,219.3,228.114,209.778,25814
2021-10-21,220.5,199.8,220.5,198.0,19020
2021-10-22,199.5,205.2,209.4,196.8,8939
2021-10-25,193.5,177.3,194.1,151.5,293779
2021-10-26,179.7,181.5,188.301,171.9,57950
2021-10-27,189.75,181.8,195.0,177.0,39613
2021-10-28,181.8,180.9,182.7,175.5,28598
2021-10-29,178.5,176.7,181.5,174.6,15390
2021-11-01,177.9,179.7,184.368,175.5,25424
2021-11-02,180.0,175.2,184.5,174.6,27466
2021-11-03,175.5,172.2,179.1,170.1,41811
2021-11-04,171.9,170.7,179.4,165.9,36298
2021-11-05,171.0,163.8,171.9,162.6,42218
2021-11-08,174.6,188.4,192.0,170.7,82523
2021-11-09,189.9,181.2,189.9,169.8,74888
2021-11-10,185.25,175.5,189.897,171.0,65154
2021-11-11,178.8,172.5,178.8,164.7,49157
2021-11-12,173.7,174.9,181.8,168.0,33404
2021-11-15,173.4,177.0,179.4,169.5,25896
2021-11-16,174.0,177.0,180.0,168.9,23269
2021-11-17,174.0,165.9,176.1,163.5,25265
2021-11-18,166.2,155.7,167.466,153.0,39414
2021-11-19,154.2,151.5,157.5,151.2,44347
2021-11-22,156.0,139.2,156.87,138.3,54420
2021-11-23,138.6,128.1,141.9,123.6,86836
2021-11-24,128.4,137.1,140.7,122.103,47694
2021-11-26,133.2,144.0,144.0,128.7,21015
2021-11-29,143.1,133.2,144.0,132.9,36939
2021-11-30,133.05,126.6,138.0,125.1,45003
2021-12-01,129.6,119.4,131.1,117.6,57136
2021-12-02,119.4,119.7,120.0,112.8,64419
2021-12-03,120.0,114.0,120.0,106.5,71201
2021-12-06,112.5,110.4,113.1,105.3,47936
2021-12-07,113.4,114.9,119.4,111.0,51258
2021-12-08,115.95,119.4,122.4,115.497,35527
2021-12-09,118.5,114.6,124.5,113.439,36008
2021-12-10,116.1,110.7,118.197,110.1,28242
2021-12-13,110.1,106.5,110.7,105.903,25549
2021-12-14,105.3,104.7,107.1,100.35,40545
2021-12-15,102.9,103.8,105.9,100.2,31543
2021-12-16,108.3,111.9,119.7,108.3,101175
2021-12-17,110.7,113.4,119.25,105.9,168427
2021-12-20,108.9,112.2,113.55,105.3,45027
2021-12-21,111.9,121.2,122.4,110.7,36813
2021-12-22,119.4,118.5,121.2,116.7,21108
2021-12-23,117.0,113.4,118.5,112.8,30237
2021-12-27,113.4,113.1,113.4,110.1,29521
2021-12-28,111.9,110.4,112.2,109.5,22636
2021-12-29,108.6,105.3,112.2,105.0,37459
2021-12-30,104.7,115.8,119.4,104.7,72351
2021-12-31,114.6,120.9,122.4,114.36,46757
2022-01-03,121.2,118.8,127.2,118.65,27894
2022-01-04,119.1,111.9,119.7,108.3,45571
2022-01-05,111.6,103.5,112.8,99.6,41383
2022-01-06,105.0,102.6,107.7,98.7,34375
2022-01-07,102.9,101.1,106.2,99.45,23563
2022-01-10,100.5,99.0,100.5,94.8,47110
2022-01-11,98.4,99.0,101.7,95.4,37042
2022-01-12,100.2,93.3,100.5,93.3,35969
2022-01-13,93.9,90.3,94.2,89.4,41404
2022-01-14,89.4,90.0,92.1,87.15,32441
2022-01-18,89.4,84.9,89.7,84.6,26514
2022-01-19,87.3,85.8,89.1,84.3,35581
2022-01-20,87.3,87.9,94.8,87.3,30087
2022-01-21,86.4,79.5,88.2,79.2,66691
2022-01-24,77.4,81.6,82.35,74.1,46698
2022-01-25,80.1,78.0,82.53,77.1,30926
2022-01-26,81.9,75.6,81.9,74.4,25356
2022-01-27,76.2,71.1,76.797,70.35,42194
2022-01-28,70.2,72.0,72.3,67.5,25039
2022-01-31,71.4,77.1,79.2,70.5,30971
2022-02-01,78.6,80.7,81.9,77.1,21050
2022-02-02,80.4,73.8,80.4,72.6,25902
2022-02-03,72.0,69.9,72.6,69.0,31952
2022-02-04,70.5,74.4,75.9,70.2,18104
2022-02-07,74.7,76.5,80.1,73.8,22417
2022-02-08,76.2,77.1,78.0,74.7,15334
2022-02-09,78.9,78.6,81.804,77.7,37405
2022-02-10,76.2,77.7,81.9,76.2,27127
2022-02-11,78.9,72.0,78.9,70.8,23198
2022-02-14,72.0,71.4,74.25,70.2,21013
2022-02-15,72.9,73.5,74.1,71.25,15384
2022-02-16,72.6,70.2,73.5,69.9,12558
2022-02-17,69.6,68.1,70.8,67.2,24040
2022-02-18,68.4,67.5,69.9,66.9,20007
2022-02-22,66.3,66.6,69.3,65.4,27891
2022-02-23,67.2,61.8,67.5,61.2,47336
2022-02-24,59.7,69.9,70.2,57.3,29406
2022-02-25,70.5,70.2,71.4,67.5,17336
2022-02-28,70.5,72.3,74.85,70.2,24325
2022-03-01,72.6,69.9,73.2,68.4,11050
2022-03-02,70.5,73.2,73.95,68.1,21100
2022-03-03,73.2,68.4,73.8,66.3,21580
2022-03-04,67.5,64.5,68.55,63.3,20108
2022-03-07,64.5,64.5,68.7,64.2,32481
2022-03-08,64.5,65.1,68.4,62.55,20560
2022-03-09,66.6,73.8,74.1,66.6,26518
2022-03-10,73.8,69.0,75.3,60.6,103437
2022-03-11,66.3,61.5,68.1,58.2,74438
2022-03-14,61.5,57.0,62.4,54.0,65254
2022-03-15,57.0,63.0,63.9,57.0,38341
2022-03-16,63.3,66.3,66.3,62.1,42144
2022-03-17,72.9,75.9,75.9,70.35,65368
2022-03-18,74.7,80.7,80.7,72.636,61508
2022-03-21,84.0,89.4,91.05,82.5,75942
2022-03-22,88.5,88.2,90.3,86.7,66033
2022-03-23,85.2,78.6,85.2,78.3,52135
2022-03-24,78.6,75.6,79.2,74.4,52661
2022-03-25,76.8,75.6,76.8,72.0,24837
2022-03-28,75.0,71.7,78.9,70.65,35471
2022-03-29,73.8,77.7,81.3,73.65,47504
2022-03-30,76.2,76.5,78.6,74.7,45051
2022-03-31,75.9,75.3,77.7,74.7,15406
2022-04-01,75.0,76.2,77.25,74.1,21361
2022-04-04,76.8,76.8,78.3,74.7,28841
2022-04-05,75.6,71.4,77.4,68.1,54903
2022-04-06,68.4,67.8,69.0,67.2,30671
2022-04-07,67.5,65.7,67.5,62.7,32040
2022-04-08,65.4,63.9,66.9,63.3,29644
2022-04-11,62.1,65.1,65.85,61.2,26922
2022-04-12,66.3,63.6,68.25,62.85,30444
2022-04-13,63.0,63.3,65.7,62.4,19962
2022-04-14,63.0,61.5,65.7,60.9,21689
2022-04-18,61.2,60.9,61.5,59.1,19692
2022-04-19,59.7,60.9,63.0,58.5,49940
2022-04-20,60.0,60.6,61.05,58.2,23474
2022-04-21,61.5,58.8,62.1,58.2,27074
2022-04-22,57.6,59.7,62.1,56.7,36797
2022-04-25,58.8,62.4,63.0,58.2,29114
2022-04-26,61.5,57.6,62.1,57.3,22833
2022-04-27,57.0,57.6,58.35,55.8,23445
2022-04-28,59.7,60.6,61.8,55.5,21206
2022-04-29,60.6,62.4,66.0,60.6,31755
2022-05-02,62.7,66.0,67.8,60.9,34146
2022-05-03,65.4,64.8,66.9,63.3,28641
2022-05-04,64.8,58.8,64.8,57.6,33831
2022-05-05,58.5,53.1,58.5,52.2,49189
2022-05-06,52.5,48.0,53.7,47.1,74926
2022-05-09,45.6,42.3,47.1,42.3,43996
2022-05-10,43.5,39.9,45.45,38.1,82679
2022-05-11,38.7,36.3,39.6,35.1,53527
2022-05-12,39.9,49.2,50.7,37.203,180837
2022-05-13,55.2,45.9,55.2,45.0,153329
2022-05-16,45.0,42.3,47.25,42.0,69739
2022-05-17,44.1,46.2,46.5,40.8,36521
2022-05-18,43.5,47.7,48.9,43.2,48489
2022-05-19,46.5,48.0,51.3,46.5,43001
2022-05-20,49.5,47.1,50.1,44.1,31796
2022-05-23,46.8,45.6,46.8,45.0,26643
2022-05-24,45.9,43.5,46.2,42.6,22691
2022-05-25,42.3,48.0,48.6,42.3,28383
2022-05-26,49.2,46.2,49.2,45.3,56042
2022-05-27,46.8,53.7,54.0,46.5,36025
2022-05-31,53.7,52.8,56.1,52.05,54361
2022-06-01,56.4,50.7,56.4,50.4,33653
2022-06-02,50.1,54.6,55.2,49.8,38713
2022-06-03,54.3,49.2,54.3,48.6,34877
2022-06-06,51.3,54.3,55.5,49.8,64804
2022-06-07,52.5,52.8,54.3,47.4,58397
2022-06-08,51.6,52.2,54.3,51.3,26183
2022-06-09,51.6,47.1,52.95,47.1,45191
2022-06-10,46.5,46.5,48.45,46.5,23178
2022-06-13,46.5,42.0,46.8,40.8,49085
2022-06-14,42.3,45.0,45.3,40.8,34251
2022-06-15,45.6,45.6,47.55,44.4,70156
2022-06-16,44.7,43.8,46.5,42.3,63222
2022-06-17,44.7,46.8,48.3,44.7,103478
2022-06-21,46.8,46.2,50.4,45.6,82840
2022-06-22,45.0,45.0,48.6,45.0,57538
2022-06-23,45.0,47.4,47.4,43.8,71282
2022-06-24,47.7,49.2,52.2,46.8,533018
2022-06-27,51.9,47.7,53.019,45.9,61245
2022-06-28,47.4,42.9,48.0,42.6,48348
2022-06-29,42.6,41.4,42.9,40.5,36605
2022-06-30,41.1,39.6,42.3,39.0,101075
2022-07-01,39.6,40.5,41.4,39.0,25820
2022-07-05,40.5,42.3,43.05,37.8,27803
2022-07-06,42.0,39.0,43.2,37.8,49086
2022-07-07,39.0,41.1,42.3,39.0,23273
2022-07-08,39.6,38.1,41.7,37.8,26076
2022-07-11,38.1,37.5,39.0,36.6,36507
2022-07-12,38.1,37.2,39.9,36.3,23722
2022-07-13,37.5,38.7,39.3,35.1,38695
2022-07-14,37.8,36.6,38.64,36.3,17477
2022-07-15,38.4,39.6,39.9,36.0,25665
2022-07-18,39.9,41.7,44.1,39.6,29944
2022-07-19,42.3,43.8,44.1,41.4,24771
2022-07-20,43.5,47.1,47.4,42.75,32237
2022-07-21,46.2,46.5,47.7,44.85,16375
2022-07-22,46.2,46.2,47.55,43.2,35502
2022-07-25,45.9,44.1,45.9,42.6,14889
2022-07-26,44.4,41.7,44.55,41.7,13323
2022-07-27,41.7,45.6,46.05,41.55,39684
2022-07-28,45.9,45.3,47.4,43.2,13255
2022-07-29,45.9,47.1,47.1,43.8,15251
2022-08-01,47.1,45.0,47.1,44.4,24395
2022-08-02,45.6,48.6,49.2,44.7,50089
2022-08-03,50.1,54.6,55.65,49.2,51686
2022-08-04,54.3,58.5,59.1,52.05,59795
2022-08-05,55.5,63.9,63.9,54.9,42824
2022-08-08,63.0,66.9,68.1,62.4,47561
2022-08-09,65.4,64.2,68.1,63.0,30054
2022-08-10,66.0,67.5,69.0,63.15,41024
2022-08-11,75.0,61.2,81.9,58.8,87481
2022-08-12,61.8,62.4,62.85,59.4,34022
2022-08-15,60.9,72.0,72.3,60.0,40278
2022-08-16,72.0,72.6,73.65,67.602,36921
2022-08-17,71.7,65.1,72.3,64.8,20501
2022-08-18,65.1,61.2,67.2,58.8,24615
2022-08-19,57.9,53.7,58.8,53.4,26549
2022-08-22,51.0,48.6,53.1,48.3,33049
2022-08-23,48.9,48.3,50.4,47.1,15598
2022-08-24,51.0,50.1,51.6,48.0,32748
2022-08-25,50.4,51.0,51.6,48.9,20523
2022-08-26,51.3,47.1,51.3,45.9,26743
2022-08-29,45.3,49.2,49.2,45.3,25662
2022-08-30,49.5,45.6,50.4,44.7,22142
2022-08-31,45.9,42.9,45.9,39.0,47745
2022-09-01,42.3,45.0,45.0,39.9,45229
2022-09-02,45.0,43.2,46.05,42.0,17051
2022-09-06,43.8,42.9,44.7,41.7,23114
2022-09-07,42.9,44.4,45.0,42.9,15621
2022-09-08,43.2,43.5,45.15,42.0,21939
2022-09-09,45.0,43.2,45.3,42.75,28150
2022-09-12,44.1,43.5,45.0,42.429,28291
2022-09-13,41.4,39.6,42.15,39.3,43681
2022-09-14,39.6,39.0,40.5,38.7,26589
2022-09-15,37.2,38.7,41.1,37.2,41088
2022-09-16,38.7,39.3,39.9,37.5,58076
2022-09-19,39.0,38.1,40.5,36.0,24551
2022-09-20,37.8,37.8,39.9,36.9,20033
2022-09-21,38.7,35.7,38.7,35.4,33346
2022-09-22,35.7,36.3,36.75,33.6,35930
2022-09-23,34.5,33.9,35.55,33.6,23308
2022-09-26,33.9,33.3,35.55,32.55,22245
2022-09-27,33.6,32.7,34.8,31.8,26530
2022-09-28,32.4,34.2,34.2,31.95,33600
2022-09-29,32.7,24.114,33.0,23.46,143147
2022-09-30,24.6,26.778,32.7,24.6,187958
2022-10-03,26.814,28.704,28.905,25.695,67432
2022-10-04,28.863,32.1,33.6,28.5,39773
2022-10-05,31.5,30.9,31.5,30.0,23444
2022-10-06,30.6,31.8,32.1,30.0,19187
2022-10-07,30.6,30.6,31.2,30.0,23737
2022-10-10,30.3,30.6,30.6,29.118,13752
2022-10-11,29.7,30.9,32.1,29.1,16591
2022-10-12,30.6,30.3,31.2,29.406,12241
2022-10-13,29.1,32.1,33.0,28.629,29228
2022-10-14,33.0,29.334,33.3,29.1,16591
2022-10-17,30.9,30.9,31.8,30.0,13726
2022-10-18,31.8,30.6,32.7,30.0,11000
2022-10-19,30.0,28.593,30.9,27.06,20472
2022-10-20,28.287,30.6,33.9,27.663,29980
2022-10-21,30.6,29.25,30.6,27.9,14921
2022-10-24,29.997,28.965,29.997,28.203,10599
2022-10-25,29.397,32.7,33.9,29.1,24798
2022-10-26,32.4,32.4,35.1,31.5,14219
2022-10-27,33.0,31.2,33.0,30.9,10444
2022-10-28,31.5,33.0,34.5,30.3,19036
2022-10-31,33.3,33.6,36.6,31.5,25377
2022-11-01,35.1,35.1,35.7,32.4,20641
2022-11-02,34.2,34.2,37.503,33.6,18843
2022-11-03,34.2,35.4,36.3,32.7,22813
2022-11-04,36.0,31.2,37.2,30.3,26906
2022-11-07,31.2,30.9,32.1,30.15,10361
2022-11-08,31.2,28.893,31.437,28.689,23671
2022-11-09,28.8,28.515,29.871,27.018,22339
2022-11-10,30.0,25.8,30.3,25.248,38756
2022-11-11,26.367,26.16,27.597,25.5,27471
2022-11-14,27.897,24.0,28.5,24.0,52039
2022-11-15,25.404,24.018,26.421,24.0,41105
2022-11-16,24.369,22.569,24.672,22.5,39809
2022-11-17,22.5,22.158,22.8,21.06,42615
2022-11-18,24.297,20.313,24.297,20.1,29729
2022-11-21,20.997,20.7,20.997,19.8,30816
2022-11-22,20.652,21.0,21.84,20.073,34672
2022-11-23,21.405,23.1,23.424,20.7,33907
2022-11-25,22.8,24.6,24.741,22.35,55043
2022-11-28,23.73,23.598,24.561,22.515,33817
2022-11-29,22.983,21.939,23.7,21.186,23260
2022-11-30,22.137,22.398,22.797,21.003,31371
2022-12-01,22.398,22.2,23.106,21.69,30715
2022-12-02,21.768,22.8,23.124,21.0,22943
2022-12-05,23.034,21.096,23.151,20.7,34649
2022-12-06,21.0,18.942,21.156,18.666,37200
2022-12-07,18.3,18.009,19.668,17.46,59500
2022-12-08,18.861,17.469,18.861,17.19,40316
2022-12-09,17.4,16.8,17.64,16.8,35278
2022-12-12,16.62,15.0,17.085,14.79,57099
2022-12-13,15.45,17.922,18.69,15.45,95552
2022-12-14,17.997,15.534,18.27,15.45,39648
2022-12-15,15.45,14.988,16.14,14.751,68800
2022-12-16,14.628,15.003,15.9,14.4,135530
2022-12-19,15.6,14.412,15.6,14.4,36602
2022-12-20,14.469,14.682,15.0,14.139,26272
2022-12-21,14.73,15.837,16.071,14.73,31271
2022-12-22,15.153,14.4,15.996,14.4,34579
2022-12-23,13.665,14.196,14.697,13.296,25275
2022-12-27,13.77,13.32,14.1,13.32,26945
2022-12-28,14.1,16.503,18.0,13.5,88240
2022-12-29,16.797,17.973,18.6,16.095,44940
2022-12-30,17.7,18.6,18.6,16.545,29608
2023-01-03,18.57,18.129,19.35,17.451,12251
2023-01-04,18.09,20.148,21.06,18.039,24716
2023-01-05,20.67,19.587,20.67,19.347,13287
2023-01-06,19.812,19.446,20.56197,18.198,20989
2023-01-09,20.298,21.159,22.491,19.881,33590
2023-01-10,21.3,23.958,24.138,19.95,27499
2023-01-11,23.997,23.802,26.985,22.692,37305
2023-01-12,23.7,24.978,25.5,23.7,17224
2023-01-13,25.563,24.939,26.25,24.0,13759
2023-01-17,25.497,24.948,25.554,23.826,19143
2023-01-18,25.494,21.603,25.5,20.4,40549
2023-01-19,20.595,20.481,21.564,19.992,14471
2023-01-20,22.518,22.53,23.4,21.003,13886
2023-01-23,22.611,23.907,25.5,22.2,22698
2023-01-24,24.6,24.207,24.69,23.106,12606
2023-01-25,24.297,24.705,24.9,23.103,18354
2023-01-26,24.519,23.793,25.44,23.103,13108
2023-01-27,24.18,23.742,24.9,22.59,15672
2023-01-30,23.814,23.715,24.6,23.4,9480
2023-01-31,23.7,23.613,24.6,23.19,17956
2023-02-01,23.37,23.742,24.0,22.2,21958
2023-02-02,24.0,25.137,26.7,21.9,34144
2023-02-03,25.488,26.724,26.847,24.207,26511
2023-02-06,26.7,25.911,27.3,25.803,17858
2023-02-07,26.55,25.176,26.86497,24.0,15982
2023-02-08,25.11,24.216,25.41897,23.7,14152
2023-02-09,24.6,21.873,24.6,21.3,27948
2023-02-10,21.87,22.446,22.764,21.0,15454
2023-02-13,22.5,21.519,22.794,21.045,22919
2023-02-14,22.02,22.389,23.7,21.003,9582
2023-02-15,23.061,23.487,23.901,22.422,11295
2023-02-16,23.487,22.254,24.567,21.774,12345
2023-02-17,23.7,21.75,23.7,20.7,15118
2023-02-21,21.405,20.565,22.2,20.4,12193
2023-02-22,21.102,21.6,22.188,19.8,14633
2023-02-23,22.338,21.45,23.1,20.475,11305
2023-02-24,21.339,20.844,21.9,20.4,12203
2023-02-27,21.567,20.571,22.092,20.373,11891
2023-02-28,20.7,20.064,21.57,19.95,13053
2023-03-01,19.998,18.444,20.46297,18.156,35442
2023-03-02,18.351,19.626,20.46,18.3,12668
2023-03-03,20.508,20.688,21.582,19.50903,8870
2023-03-06,21.72,21.519,23.109,20.7,14371
2023-03-07,21.306,21.234,22.551,21.159,7968
2023-03-08,22.2,20.118,22.272,19.9365,14656
2023-03-09,20.25,18.633,21.192,18.3,17831
2023-03-10,18.774,17.1,18.774,16.953,39849
2023-03-13,16.953,17.1,18.6,16.23,31289
2023-03-14,18.0,17.247,19.50447,16.218,26287
2023-03-15,17.151,17.1,17.226,16.287,18777
2023-03-16,17.04,17.4,17.718,16.8,12787
2023-03-17,17.136,17.094,18.6,16.8,35399
2023-03-20,17.247,15.939,17.952,15.3015,20021
2023-03-21,17.619,16.506,17.619,16.203,12703
2023-03-22,15.792,15.003,16.90542,14.85,25059
2023-03-23,15.006,15.582,17.31696,14.22,31404
2023-03-24,14.283,14.817,15.6,14.1,22154
2023-03-27,15.9,14.808,16.5,14.616,10576
2023-03-28,14.922,16.278,16.542,14.73,16080
2023-03-29,16.281,17.4,17.835,15.9,13562
2023-03-30,17.31,17.412,17.754,16.95,4216
2023-03-31,17.331,17.034,18.597,15.75,17855
2023-04-03,15.648,16.326,17.58,15.6,12955
2023-04-04,16.5,15.309,16.671,15.255,10836
2023-04-05,15.387,14.787,15.6,14.7,7585
2023-04-06,15.054,15.048,15.3,14.8125,4533
2023-04-10,14.4,14.109,15.0,13.05,32731
2023-04-11,14.1,14.895,15.15,14.1,11727
2023-04-12,14.556,13.398,15.522,13.056,28583
2023-04-13,13.506,13.656,14.4,13.2,13731
2023-04-14,14.169,13.41,14.4,13.08,9131
2023-04-17,13.2,13.227,13.8,12.96,15753
2023-04-18,13.158,12.759,13.905,12.6,19876
2023-04-19,12.3,12.702,13.002,12.3,20030
2023-04-20,13.107,12.804,13.73436,12.627,11718
2023-04-21,12.6,12.585,13.32597,12.3,23767
2023-04-24,12.0,10.986,12.0,10.395,120372
2023-04-25,10.77,9.19,11.81,7.5,562670
2023-04-26,9.01,9.21,9.78,9.0,113267
2023-04-27,9.14,9.02,9.31,8.68,44427
2023-04-28,8.92,9.3,9.73,8.7,59330
2023-05-01,9.33,11.15,11.45,9.1996,90697
2023-05-02,11.04,12.75,12.88,10.46,108823
2023-05-03,12.68,12.82,13.08,12.02,57459
2023-05-04,12.76,12.05,12.76,12.02,34505
