2017-05-05,0.51,0.5,0.51,0.45,363000
2017-05-08,0.49,0.47,0.49,0.47,2600
2017-05-09,0.47,0.47,0.47,0.47,100
2017-05-10,0.47,0.47,0.47,0.45,110100
2017-05-11,0.45,0.45,0.45,0.45,10500
2017-05-12,0.4,0.4,0.45,0.392,28000
2017-05-15,0.4,0.45,0.45,0.4,110100
2017-05-17,0.45,0.45,0.45,0.45,10000
2017-05-18,0.45,0.45,0.45,0.45,15800
2017-05-19,0.45,0.45,0.45,0.45,6400
2017-05-22,0.45,0.45,0.45,0.45,800
2017-05-24,0.45,0.45,0.45,0.45,10000
2017-05-25,0.4,0.4,0.4,0.4,29400
2017-05-26,0.4,0.4,0.4,0.4,101200
2017-05-30,0.3847,0.45,0.45,0.3847,54876
2017-06-02,0.43,0.43,0.43,0.4,272700
2017-06-06,0.45,0.45,0.45,0.45,400
2017-06-09,0.45,0.44,0.45,0.44,29324
2017-06-12,0.42,0.44,0.44,0.42,201000
2017-06-14,0.47,0.5,0.5,0.47,900
2017-06-29,0.45,0.5,0.5,0.45,22900
2017-07-03,0.48,0.5,0.5,0.45,10100
2017-07-05,0.46,0.5,0.5,0.46,6000
2017-07-06,0.4,0.5,0.5,0.4,100700
2017-07-12,0.45,0.45,0.45,0.45,14000
2017-07-13,0.5,0.5,0.5,0.5,1600
2017-07-17,0.48,0.48,0.5,0.45,57800
2017-07-18,0.48,0.48,0.5,0.45,22000
2017-07-20,0.48,0.48,0.48,0.47,10000
2017-07-21,0.48,0.48,0.48,0.48,5000
2017-07-24,0.45,0.48,0.48,0.45,24100
2017-07-26,0.4799,0.45,0.48,0.45,205338
2017-07-27,0.48,0.49,0.5,0.4799,219400
2017-07-28,NaN,0.49,NaN,NaN,1
2017-07-31,0.5,0.5,0.5,0.47,24923
2017-08-03,0.48,0.48,0.48,0.48,20000
2017-08-04,0.5,0.5,0.5,0.5,20275
2017-08-07,0.49,0.48,0.5,0.47,30200
2017-08-08,NaN,0.48,NaN,NaN,1
2017-08-10,0.45,0.49,0.49,0.45,10600
2017-08-14,0.46,0.49,0.49,0.46,11900
2017-08-28,0.45,0.51,0.51,0.45,21600
2017-09-05,0.44,0.48,0.48,0.44,1900
2017-09-07,0.42,0.44,0.44,0.41,103000
2017-09-08,0.44,0.44,0.44,0.42,5100
2017-09-11,0.42,0.38,0.42,0.38,2000
2017-09-12,0.41,0.41,0.41,0.41,394700
2017-09-13,0.4,0.42,0.42,0.4,2100
2017-09-21,0.4,0.42,0.42,0.38,1337
2017-09-28,0.39,0.42,0.42,0.39,99100
2017-10-03,0.42,0.43,0.43,0.42,602500
2017-10-06,0.48,0.48,0.48,0.48,100
2017-10-12,0.44,0.44,0.44,0.44,100000
2017-10-25,0.43,0.44,0.44,0.43,200677
2017-10-26,0.41,0.41,0.41,0.41,100000
2017-10-27,0.4,0.4,0.4,0.4,5666
2017-10-31,0.44,0.44,0.44,0.44,100
2017-11-01,0.4,0.4,0.4,0.4,11333
2017-11-02,0.42,0.42,0.42,0.42,12300
2017-11-07,0.42,0.42,0.42,0.42,4500
2017-11-08,0.42,0.4,0.42,0.4,94700
2017-11-13,0.4,0.4,0.4,0.4,1500
2017-11-15,0.4,0.4,0.4,0.4,17200
2017-11-20,0.37,0.38,0.4,0.37,101000
2017-11-21,0.37,0.38,0.4,0.36,295630
2017-11-22,0.38,0.38,0.38,0.38,900
2017-11-28,0.37,0.38,0.38,0.37,160000
2017-11-30,0.3793,0.38,0.38,0.37,140000
2017-12-01,0.38,0.37,0.38,0.36,54808
2017-12-04,0.38,0.38,0.38,0.38,10000
2017-12-05,0.38,0.38,0.38,0.37,145600
2017-12-06,0.38,0.395,0.42,0.38,59000
2017-12-07,0.42,0.38,0.42,0.38,1767200
2017-12-08,0.41,0.4,0.42,0.4,47100
2017-12-11,0.4,0.4,0.41,0.4,100048
2017-12-12,0.4,0.4,0.4,0.4,5900
2017-12-13,0.38,0.42,0.42,0.38,8437
2017-12-19,0.42,0.4,0.42,0.38,5800
2017-12-20,0.4,0.4,0.4,0.4,5000
2017-12-22,0.4,0.4,0.4,0.4,3400
2017-12-28,0.38,0.4,0.42,0.38,7500
2017-12-29,0.42,0.42,0.42,0.42,5000
2018-01-02,0.42,0.5,0.5,0.42,28694
2018-01-03,0.5,0.5,0.5,0.5,4800
2018-01-05,0.4,0.435,0.5,0.4,156400
2018-01-08,0.45,0.45,0.45,0.45,1363
2018-01-09,0.45,0.45,0.45,0.45,50000
2018-01-10,0.43,0.43,0.43,0.43,37515
2018-01-12,0.4305,0.4305,0.4305,0.4305,4000
2018-01-17,0.42,0.45,0.47,0.42,31000
2018-01-19,0.44,0.44,0.44,0.44,600
2018-01-22,0.49,0.49,0.49,0.49,100
2018-01-23,0.44,0.48,0.48,0.44,11200
2018-01-25,0.41,0.49,0.5,0.4,10300
2018-01-29,0.43,0.45,0.5,0.4,27800
2018-02-01,0.45,0.45,0.45,0.45,9400
2018-02-05,0.4155,0.45,0.45,0.4155,600
2018-02-12,0.4,0.45,0.45,0.4,67561
2018-02-13,0.415,0.42,0.42,0.415,50000
2018-02-14,0.41,0.4,0.41,0.4,112100
2018-02-15,0.39,0.38,0.39,0.38,12000
2018-02-16,0.37,0.44,0.45,0.37,98539
2018-02-20,0.44,0.44,0.44,0.44,350000
2018-02-21,0.44,0.44,0.44,0.44,550000
2018-02-22,0.45,0.45,0.45,0.425,5700
2018-02-23,0.47,0.49,0.5,0.46,29400
2018-02-26,0.5,0.5,0.5,0.5,15000
2018-02-27,0.5,0.48,0.5,0.46,351014
2018-02-28,0.5,0.4977,0.5,0.4977,200
2018-03-01,0.42,0.5,0.5,0.42,1200
2018-03-06,0.48,0.48,0.48,0.48,126000
2018-03-09,0.5,0.5,0.5,0.4937,13900
2018-03-12,0.52,0.5215,0.5225,0.52,8800
2018-03-13,0.54,0.55,0.55,0.54,10000
2018-03-14,0.52,0.52,0.52,0.52,500
2018-03-16,0.5,0.5023,0.5023,0.5,1000
2018-03-20,0.5,0.55,0.55,0.5,7951
2018-03-21,0.525,0.525,0.525,0.525,100
2018-03-23,0.5,0.5,0.5,0.5,101
2018-03-26,0.49,0.49,0.49,0.49,100
2018-03-28,0.5,0.49,0.5,0.49,101000
2018-03-29,0.475,0.5,0.53,0.45,7750
2018-04-02,0.5,0.5,0.5,0.5,67873
2018-04-04,0.47,0.47,0.47,0.47,400
2018-04-09,0.48,0.47,0.4808,0.47,1600
2018-04-10,0.48,0.48,0.48,0.48,100000
2018-04-12,0.48,0.499,0.499,0.48,552044
2018-04-13,0.48,0.5,0.5,0.48,938872
2018-04-16,0.5,0.5,0.5,0.5,900
2018-04-17,0.48,0.48,0.48,0.48,300
2018-04-19,0.48,0.48,0.48,0.48,500
2018-04-24,0.45,0.45,0.45,0.45,13433
2018-04-25,0.47,0.45,0.47,0.45,800
2018-04-30,0.5,0.5,0.5,0.5,1300
2018-05-03,0.5,0.5,0.5,0.5,100000
2018-05-10,0.45,0.47,0.49,0.45,11360
2018-05-17,0.45,0.5,0.5,0.45,400
2018-05-18,0.49,0.49,0.49,0.49,110000
2018-05-21,0.5,0.51,0.51,0.5,224200
2018-05-22,0.5,0.5101,0.5101,0.5,7300
2018-05-23,0.51,0.5,0.51,0.5,26877
2018-05-29,0.55,0.589,0.589,0.53,272663
2018-05-30,0.5899,0.595,0.6,0.5899,238400
2018-05-31,0.6,0.605,0.65,0.6,253050
2018-06-01,0.605,0.605,0.605,0.6025,11500
2018-06-06,0.52,0.575,0.575,0.5,8100
2018-06-07,0.615,0.635,0.635,0.615,800
2018-06-08,0.648,0.61,0.648,0.61,600
2018-06-11,0.625,0.648,0.648,0.625,1200
2018-06-29,0.65,0.6797,0.68,0.65,202500
2018-07-03,0.65,0.65,0.65,0.65,20000
2018-07-05,0.65,0.65,0.65,0.65,5800
2018-07-06,0.65,0.65,0.65,0.65,16096
2018-07-09,0.65,0.69,0.695,0.65,92000
2018-07-11,0.699,0.7,0.7,0.699,166496
2018-07-16,0.9,0.8,0.9,0.7,1997519
2018-07-17,0.75,0.75,0.8,0.72,550485
2018-07-18,0.74,0.73,0.75,0.73,629382
2018-07-19,0.74,0.73,0.74,0.71,622860
2018-07-20,0.73,0.73,0.73,0.7,120750
2018-07-23,0.7,0.7034,0.75,0.7,36400
2018-07-24,0.68,0.73,0.73,0.68,4446
2018-07-25,0.7,0.73,0.73,0.7,1319304
2018-07-26,0.7,0.75,0.75,0.7,183540
2018-07-27,0.7,0.72,0.75,0.6916,114900
2018-07-30,0.7,0.75,0.75,0.7,42000
2018-07-31,0.7,0.74,0.74,0.7,10100
2018-08-02,0.726,0.7257,0.7499,0.72,12700
2018-08-03,0.661,0.7,0.75,0.66,27045
2018-08-06,0.717973,0.71,0.717973,0.7,24500
2018-08-07,0.71,0.71,0.71,0.71,5000
2018-08-08,0.7,0.7,0.7114,0.66,68200
2018-08-09,0.71,0.75,0.76,0.71,1068700
2018-08-10,0.8,0.7837,0.8,0.76,453900
2018-08-13,0.77,0.8,0.8,0.77,72404
2018-08-14,0.8,0.81,0.85,0.8,967646
2018-08-15,0.8,0.805,0.81,0.8,52288
2018-08-16,0.8,0.83,0.83,0.8,100500
2018-08-17,0.79,0.8,0.84,0.78,8300
2018-08-20,0.8,0.79,0.8,0.79,17600
2018-08-21,0.8,0.79,0.8,0.76,59600
2018-08-22,0.77,0.7697,0.78,0.75,184415
2018-08-23,0.7502,0.76,0.77,0.75,22816
2018-08-24,0.74,0.74,0.77,0.72,478350
2018-08-27,0.9,0.75,0.9,0.74,165008
2018-08-28,0.75,0.76,0.79,0.75,150354
2018-08-29,0.76,0.77,0.8,0.76,4150
2018-08-30,0.8,0.8,0.8,0.8,1485
2018-08-31,0.8,0.8,0.8,0.77,136029
2018-09-05,0.7999,0.8,0.8,0.7998,19200
2018-09-06,0.8,0.7798,0.805,0.7798,36048
2018-09-07,0.8,0.8,0.8,0.8,11692
2018-09-10,0.79,0.8,0.8,0.78,147550
2018-09-11,0.7797,0.77,0.8,0.75,70800
2018-09-13,0.785,0.7825,0.785,0.7825,60000
2018-09-14,0.79,0.79,0.8,0.768443,133820
2018-09-17,0.78,0.76,0.78,0.76,54600
2018-09-19,0.76,0.75,0.76,0.75,45900
2018-09-21,0.79,0.79,0.8,0.79,40100
2018-09-25,0.79,0.7701,0.79,0.7662,17500
2018-09-26,0.79,0.77,0.79,0.77,48200
2018-09-28,0.781,0.75,0.8,0.7401,88700
2018-10-01,0.8,0.75,0.8,0.73,5400
2018-10-02,0.78,0.7799,0.78,0.7799,123800
2018-10-04,0.79,0.79,0.79,0.79,9401
2018-10-05,0.79,0.8,0.8,0.75,304650
2018-10-10,0.7601,0.8,0.8,0.76,17549
2018-10-11,0.85,0.8,0.85,0.786,24430
2018-10-12,0.79,0.8,0.8,0.79,89730
2018-10-15,0.8,0.77,0.8,0.77,567285
2018-10-16,0.78,0.75,0.8,0.75,620969
2018-10-17,0.7699,0.77,0.77,0.7699,6300
2018-10-18,0.75,0.75,0.75,0.7466,524000
2018-10-19,0.75,0.75,0.76,0.7464,412450
2018-10-22,0.74,0.7465,0.75,0.74,22200
2018-10-23,0.75,0.7,0.75,0.7,128516
2018-10-24,0.67,0.62,0.69,0.6,747052
2018-10-25,0.699,0.65,0.7,0.62,653137
2018-10-26,0.58,0.64,0.64,0.58,19500
2018-10-29,0.6,0.605,0.6094,0.5,51100
2018-10-30,0.6,0.55,0.6,0.5,78636
2018-10-31,0.56,0.6,0.7,0.551,35981
2018-11-01,0.57,0.67,0.73,0.525,2087922
2018-11-02,0.65,0.65,0.7,0.62,275450
2018-11-05,0.67,0.68,0.74,0.6,699869
2018-11-06,0.7085,0.68,0.74,0.68,300205
2018-11-07,0.7,0.69,0.71,0.69,77783
2018-11-08,0.68,0.69,0.69,0.67,33100
2018-11-09,0.685,0.73,0.73,0.67,1516169
2021-06-10,0.331,0.33,0.36,0.3,79200
2021-06-11,0.499899,0.43,0.499899,0.35,137771
2021-06-14,0.4295,0.4,0.4299,0.38,32272
2021-06-15,0.4,0.4,0.4858,0.39,39176
2021-06-16,0.3701,0.4,0.48,0.369899,71375
2021-06-17,0.4,0.4,0.52,0.3999,119600
2021-06-18,0.4,0.4,0.4,0.3999,58850
2021-06-21,0.401865,0.41,0.42,0.4005,39526
2021-06-22,0.422,0.42,0.422,0.42,18500
2021-06-23,0.44,0.44,0.4499,0.44,21998
2021-06-24,0.4595,0.46,0.4601,0.456,135850
2021-06-25,0.45,0.465,0.465,0.45,32134
2021-06-28,0.48,0.531101,1.0,0.48,172460
2021-06-29,0.6,0.5501,0.6,0.55,7900
2021-06-30,0.511,0.5002,0.511,0.49,31253
2021-07-01,0.501,0.51,0.5102,0.5,189058
2021-07-02,0.52,0.52,0.52,0.52,139
2021-07-06,0.533115,0.66,0.66,0.533115,3834
2021-07-07,NaN,0.66,NaN,NaN,5
2021-07-08,0.565,0.57,0.57,0.565,1600
2021-07-12,0.5701,0.5701,0.5701,0.5701,399
2021-07-14,0.57,0.5437,0.61,0.54,32962
2021-07-15,0.571,0.5512,0.5711,0.55,1703
2021-07-16,0.551,0.5697,0.5697,0.55,115012
2021-07-19,0.553,0.56,0.56,0.553,4575
2021-07-21,0.561,0.6399,0.775,0.54,54525
2021-07-22,0.64,0.583,0.64,0.583,805
2021-07-23,0.586,0.5899,0.5899,0.586,391
2021-07-26,0.5899,0.581001,0.5899,0.581001,2291
2021-07-27,0.581,0.5786,0.581,0.5786,26200
2021-07-28,0.601,0.6,0.601,0.6,150100
2021-07-29,0.56,0.56,0.56,0.56,110
2021-07-30,0.561,0.545018,0.561,0.5403,43572
2021-08-02,0.619,0.6101,0.619,0.6101,1100
2021-08-03,0.5505,0.55,0.5505,0.55,498
2021-08-06,0.56,0.56,0.56,0.56,588
2021-08-09,0.5503,0.56,0.565001,0.5012,52905
2021-08-10,0.559,0.56,0.56,0.55,30119
2021-08-11,0.516374,0.52,0.52,0.5161,2411
2021-08-12,0.520201,0.53,0.531,0.52,11006
2021-08-13,0.53,0.52,0.53,0.52,9425
2021-08-16,0.52,0.52,0.52,0.52,11600
2021-08-17,0.5101,0.51,0.5101,0.51,10300
2021-08-18,0.5001,0.4802,0.5002,0.4801,8000
2021-08-19,0.4801,0.49,0.49,0.48,9950
2021-08-20,0.480001,0.48,0.480001,0.48,11889
2021-08-24,0.44,0.44,0.441,0.44,680
2021-09-02,0.4502,0.450101,0.4502,0.450101,300
2021-09-08,0.4521,0.4521,0.4522,0.4521,1080
2021-09-10,0.4688,0.4688,0.4688,0.4688,800
2021-09-13,0.4751,0.4751,0.475443,0.4751,1060
2021-09-14,0.4751,0.4751,0.4751,0.4751,1100
2021-09-15,0.48,0.4751,0.48,0.4751,6001
2021-09-16,0.4751,0.4723,0.4751,0.45,32920
2021-09-17,0.4722,0.4722,0.4722,0.4722,1000
2021-09-20,0.4646,0.4641,0.4646,0.43,1963
2021-09-21,0.465,0.465,0.465,0.465,12000
2021-09-23,0.489,0.489,0.489,0.489,3000
2021-09-27,0.489,0.4917,0.4917,0.485,4020
2021-09-29,0.485,0.485,0.4899,0.485,25300
2021-09-30,0.47,0.47,0.47,0.4652,26844
2021-10-01,NaN,0.47,NaN,NaN,3
2021-10-06,NaN,0.47,NaN,NaN,2
2021-10-11,0.4651,0.4599,0.4651,0.4599,16449
2021-10-14,0.4599,0.45,0.4599,0.445,26823
2021-10-15,0.4512,0.4315,0.4512,0.4315,4892
2021-10-18,NaN,0.4315,NaN,NaN,14
2021-10-20,0.4508,0.45,0.4601,0.4498,5586
2021-10-21,0.48,0.4499,0.48,0.4498,15711
2021-10-25,0.4699,0.4805,0.4805,0.4699,11548
2021-10-26,0.5,0.5,0.52,0.4999,5500
2021-10-27,0.5,0.4779,0.54,0.4707,39300
2021-10-28,0.4696,1.2199,2.9,0.45,1242134
2021-10-29,1.28,0.8,1.28,0.78,762122
2021-11-01,0.8351,0.7501,0.88,0.659491,254520
2021-11-02,0.8,0.735,0.88,0.612,202921
2021-11-03,0.660201,0.84,0.95,0.6601,293298
2021-11-04,0.9,0.9351,0.97,0.6768,135807
2021-11-05,0.95,0.9009,0.9696,0.861,39588
2021-11-08,0.8912,0.841,0.8912,0.783178,38113
2021-11-09,0.75,0.8,0.8,0.7277,137268
2021-11-10,0.75,0.74,0.7801,0.7021,34755
2021-11-11,0.77,0.75,0.77,0.7261,32991
2021-11-12,0.75,0.726,0.75,0.726,46742
2021-11-15,0.780101,0.7406,0.7999,0.7201,26786
2021-11-16,0.75,0.76,0.7899,0.7229,48630
2021-11-17,0.7701,0.75,0.7701,0.7406,63940
2021-11-18,0.7893,0.75,0.801,0.7002,39366
2021-11-19,0.7916,0.75,0.7916,0.7002,11110
2021-11-22,0.7949,0.79,0.8599,0.7101,7501
2021-11-23,0.8255,0.79,0.8399,0.75,13166
2021-11-24,0.85,0.85,0.85,0.8,14386
2021-11-26,0.8908,0.799,0.8908,0.7026,19161
2021-11-29,0.8539,0.75,0.8539,0.7222,11508
2021-11-30,0.75,0.72,0.75,0.69,6086
2021-12-01,0.78,0.8149,0.8154,0.7067,141782
2021-12-02,0.82,0.67,0.82,0.64,33756
2021-12-03,0.630401,0.5931,0.630401,0.59,57437
2021-12-06,0.553,0.6,0.61,0.553,2475
2021-12-07,0.6,0.65,0.65,0.56,14478
2021-12-08,0.65545,0.688,0.688,0.62,7745
2021-12-09,0.69,0.6899,0.6901,0.661,2644
2021-12-10,0.6897,0.68,0.6897,0.68,4348
2021-12-13,0.675799,0.675799,0.675799,0.675799,330
2021-12-14,0.61,0.58,0.61,0.5601,3800
2021-12-15,0.5413,0.4901,0.5414,0.45,28054
2021-12-16,0.5001,0.5,0.5001,0.5,1109
2021-12-17,0.520101,0.52,0.520101,0.52,1030
2021-12-20,0.5001,0.5001,0.5001,0.5001,300
2021-12-21,0.420357,0.37,0.420357,0.3599,58499
2021-12-22,0.350101,0.355,0.373899,0.3224,13348
2021-12-23,0.320101,0.3323,0.34985,0.27,11901
2021-12-27,0.34,0.3301,0.35,0.3301,10348
2021-12-28,0.3201,0.3201,0.3201,0.320001,700
2021-12-29,0.3201,0.3056,0.37,0.271,42001
2021-12-30,0.33,0.3348,0.3398,0.33,7634
2021-12-31,0.33,0.350001,0.3501,0.33,3421
2022-01-03,0.3499,0.38,0.38,0.3499,6740
2022-01-04,0.369949,0.385101,0.385101,0.369949,3052
2022-01-05,0.4,0.44,0.46,0.4,8109
2022-01-06,0.3899,0.4,0.4,0.323,17939
2022-01-07,0.44,0.44,0.45,0.44,4702
2022-01-10,0.438,0.4002,0.451248,0.3999,11676
2022-01-11,0.4,0.46,0.46,0.4,37075
2022-01-12,0.52,0.53,0.53,0.5,5447
2022-01-13,0.55,0.49,0.55,0.48,5701
2022-01-14,0.5,0.48,0.5,0.48,1305
2022-01-18,0.49,0.49,0.49,0.49,550
2022-01-19,0.5,0.4201,0.5,0.4201,10840
2022-01-20,0.43,0.37,0.45,0.3101,27206
2022-01-21,0.3507,0.23,0.380101,0.2102,240371
2022-01-24,0.231,0.2256,0.231,0.2256,9760
2022-01-25,0.2199,0.3,0.3,0.2199,58438
2022-01-26,0.2103,0.2951,0.2951,0.2103,36900
2022-01-27,0.24,0.300301,0.300301,0.221,3072
2022-01-28,0.23,0.24,0.26,0.23,7303
2022-01-31,0.25,0.25,0.25,0.25,759
2022-02-01,0.26,0.26,0.26,0.26,289
2022-02-02,0.25,0.23,0.25,0.23,1201
2022-02-04,0.2101,0.2101,0.2101,0.2101,321
2022-02-09,0.25,0.25,0.25,0.25,239
2022-02-10,0.2499,0.2499,0.2499,0.2499,1089
2022-02-14,0.2107,0.2021,0.2298,0.1838,19110
2022-02-15,0.209799,0.1702,0.209799,0.1702,1119
2022-02-16,0.2098,0.21,0.21,0.2098,11804
2022-02-18,0.2,0.1758,0.2,0.0731,12220
2022-02-24,0.0911,0.0911,0.0911,0.0911,304
2022-02-25,0.0898,0.1699,0.17,0.0897,2053
2022-03-02,0.17,0.17,0.17,0.17,1652
2022-03-04,0.1014,0.1014,0.1014,0.1014,150
2022-03-07,0.11,0.12,0.12,0.11,1297
2022-03-08,0.12,0.12,0.12,0.12,1600
2022-03-09,0.12,0.1918,0.1918,0.12,7557
2022-03-11,0.1399,0.1465,0.1465,0.1399,2612
2022-03-16,0.1488,0.15,0.15,0.1488,10000
2022-03-17,0.1202,0.101,0.1202,0.101,3000
2022-03-18,0.132399,0.15,0.15,0.132399,4653
2022-03-21,0.15,0.15,0.15,0.15,1258
2022-03-22,0.12,0.12,0.12,0.12,615
2022-03-24,0.12,0.12,0.12,0.12,175
2022-03-30,0.14,0.1203,0.14,0.1203,3751
2022-03-31,0.14,0.15,0.15,0.1396,41317
2022-04-01,0.15,0.15,0.15,0.15,700
2022-04-04,0.1238,0.1253,0.1311,0.12,5710
2022-04-05,0.149799,0.149799,0.149799,0.149799,251
2022-04-07,0.151,0.1402,0.151,0.1402,306
2022-04-08,0.12,0.13,0.1301,0.1101,4100
2022-04-11,0.13,0.13,0.13,0.13,251
2022-04-13,0.13,0.1283,0.13,0.1283,225
2022-04-14,0.1393,0.1215,0.1393,0.1215,1601
2022-04-18,0.1397,0.1894,0.2027,0.1397,102219
2022-04-19,0.1206,0.1618,0.1775,0.1206,4973
2022-04-20,0.19,0.190101,0.190101,0.19,2449
2022-04-22,0.18,0.1802,0.1885,0.18,8828
2022-04-25,0.19,0.2299,0.2299,0.1801,8448
2022-04-29,0.2201,0.1236,0.2201,0.0988,11425
2022-05-02,0.17,0.1441,0.17,0.1435,1764
2022-05-03,0.191,0.191,0.191,0.191,101
2022-05-04,0.192,0.19,0.198976,0.19,376
2022-05-09,0.1895,0.1777,0.1896,0.1776,600
2022-05-10,0.19,0.1332,0.1901,0.1331,3170
2022-05-11,0.2299,0.2148,0.2299,0.2148,482
2022-05-12,0.195,0.179899,0.1951,0.1471,2004
2022-05-13,0.210101,0.15,0.214478,0.14,1600
2022-05-18,0.175,0.1601,0.175,0.1601,456
2022-05-20,0.17,0.169899,0.1701,0.169899,300
2022-06-01,0.133,0.0999,0.133,0.09095,5951
2022-06-02,0.105,0.1018,0.105,0.1018,300
2022-06-03,0.091,0.090999,0.13,0.082,750
2022-06-06,0.0821,0.0821,0.0821,0.0821,190
2022-06-07,0.1053,0.1053,0.1053,0.1053,304
2022-06-08,0.1084,0.1017,0.1084,0.1017,700
2022-06-09,0.08,0.0987,0.0987,0.0799,1786
2022-06-10,0.1,0.0818,0.125,0.045,19624
2022-06-13,0.0332,0.0352,0.0352,0.0332,7800
2022-06-14,0.04,0.04,0.0562,0.04,9540
2022-06-15,0.04,0.04,0.04,0.04,100
2022-06-17,0.04,0.04,0.04,0.04,200
2022-06-21,0.0401,0.0399,0.0401,0.0399,14005
2022-06-24,0.0596,0.066101,0.066101,0.0596,12000
2022-06-27,0.0853,0.1023,0.1023,0.0853,8384
2022-07-01,0.0406,0.0422,0.0997,0.0406,684
2022-07-05,0.0401,0.0606,0.0665,0.0401,1070
2022-07-08,0.0606,0.0606,0.0606,0.0606,200
2022-07-13,0.065,0.0669,0.07,0.065,10500
2022-07-18,0.0417,0.0417,0.0417,0.0417,100
2022-07-19,0.0466,0.0466,0.0466,0.0466,105
2022-07-25,0.0302,0.0302,0.0302,0.0302,151
2022-07-26,0.046,0.0442,0.046,0.0442,2100
2022-07-28,0.0301,0.0304,0.0304,0.0301,1500
2022-07-29,0.0485,0.0501,0.0501,0.0485,6460
2022-08-01,0.0477,0.06,0.06,0.0477,2320
2022-08-03,0.0304,0.047,0.047,0.0304,2500
2022-08-05,0.0791,0.0791,0.0791,0.0791,244
2022-08-09,0.077,0.08,0.08,0.077,1300
2022-08-16,0.0603,0.08,0.08,0.06,1320
2022-08-17,0.09,0.09,0.09,0.09,501
2022-08-24,0.088,0.07,0.088,0.07,950
2022-08-25,0.08,0.07,0.08,0.07,1200
2022-08-29,0.0821,0.08,0.0821,0.08,780
2022-08-31,0.08,0.08,0.08,0.08,200
2022-09-13,0.081,0.07,0.084511,0.0248,3871
2022-09-14,0.08,0.0637,0.08,0.0637,1050
2022-09-16,0.06,0.0599,0.06,0.0599,400
2022-09-19,0.06,0.06,0.06,0.06,100
2022-09-20,0.05,0.0501,0.0501,0.05,200
2022-09-23,0.05,0.05,0.05,0.05,9100
2022-09-26,0.06,0.0599,0.06,0.0599,751
2022-09-27,0.0599,0.0599,0.0599,0.0599,741
2022-09-30,0.0599,0.0599,0.0599,0.0599,800
2022-10-03,0.0599,0.0552,0.0599,0.0043,92374
2022-10-05,0.053,0.043651,0.053,0.0423,16170
2022-10-06,0.0429,0.04,0.0429,0.0133,17410
2022-10-07,0.03,0.08,0.08,0.03,122865
2022-10-10,0.0949,0.08,0.0949,0.08,700
2022-10-11,0.08,0.08,0.08,0.0106,500
2022-10-13,0.1,0.1,0.1,0.1,1000
2022-10-14,0.088,0.0919,0.0919,0.088,2650
2022-10-17,0.0924,0.0924,0.0924,0.0924,1000
2022-10-19,0.088,0.088,0.088,0.088,100
2022-10-21,0.09,0.09,0.09,0.09,1050
2022-10-27,0.0048,0.088,0.088,0.0048,5005
2022-10-28,0.09,0.09,0.09,0.09,1000
2022-11-02,0.016,0.0879,0.0879,0.0061,16390
2022-11-03,0.1137,0.1137,0.1137,0.1137,1050
2022-11-04,0.0062,0.04,0.0442,0.0051,59937
2022-11-07,0.0891,0.0891,0.0891,0.0891,1120
2022-11-08,0.08,0.0744,0.08,0.0744,950
2022-11-09,0.0738,0.0738,0.0738,0.0738,100
2022-11-10,0.0874,0.0874,0.0874,0.0874,1000
2022-11-14,0.0056,0.0785,0.0798,0.0056,4340
2022-11-17,0.069,0.069,0.069,0.069,100
2022-11-18,0.0708,0.0573,0.0708,0.0573,418
2022-11-21,0.049,0.0806,0.0806,0.035,33134
2022-11-22,0.0806,0.0806,0.0806,0.0806,193
2022-11-30,0.08,0.08,0.08,0.08,1881
2022-12-05,0.05,0.0566,0.078,0.04,6520
2022-12-06,0.049,0.048,0.0554,0.01,14085
2022-12-07,0.048,0.04,0.0609,0.0302,51245
2022-12-08,0.0499,0.076,0.0915,0.04,4011
2022-12-14,0.0795,0.089,0.089,0.0795,234
2022-12-15,0.04,0.04,0.04,0.04,200
2022-12-16,0.07,0.07,0.07,0.07,100
2022-12-20,0.07,0.1195,0.139,0.0409,75689
2022-12-21,0.08,0.0676,0.08,0.0676,8843
2022-12-22,0.0417,0.06,0.06,0.0417,1300
2022-12-23,0.088,0.07,0.088,0.05,17967
2022-12-27,0.07,0.115,0.1238,0.052101,213838
2022-12-28,0.11,0.1,0.13,0.09,267433
2022-12-29,0.1,0.1,0.1,0.1,270530
2022-12-30,0.155,0.1,0.155,0.1,5764
2023-01-03,0.14,0.1379,0.14,0.1375,9200
2023-01-04,0.148299,0.11,0.1591,0.1003,33132
2023-01-05,0.1599,0.11,0.1599,0.11,11472
2023-01-06,0.16,0.18,0.7,0.151,577600
2023-01-09,0.22,0.29,0.32,0.142,1313572
2023-01-10,0.1243,0.1112,0.1724,0.1003,979448
2023-01-11,0.1101,0.1195,0.1274,0.1099,68904
2023-01-12,0.13,0.1309,0.1478,0.1167,657491
2023-01-13,0.1153,0.12,0.1242,0.1138,86056
2023-01-17,0.12,0.129699,0.13,0.1161,10140
2023-01-18,0.1201,0.129,0.13,0.1121,45338
2023-01-19,0.1124,0.1187,0.1218,0.1124,34098
2023-01-20,0.1053,0.1072,0.1279,0.1053,17134
2023-01-23,0.11,0.1187,0.1187,0.1038,51958
2023-01-24,0.1028,0.0993,0.103,0.0993,41113
2023-01-25,0.096,0.0926,0.096,0.0925,8150
2023-01-26,0.088,0.086,0.089,0.085,25922
2023-01-27,0.0702,0.0829,0.11,0.0702,106553
2023-01-30,0.1219,0.1176,0.1219,0.1006,397317
2023-01-31,0.12,0.118,0.1327,0.105,131804
2023-02-01,0.1066,0.1228,0.13,0.1058,42464
2023-02-02,0.119,0.1022,0.119,0.1004,7033
2023-02-03,0.1287,0.1118,0.1287,0.109,97161
2023-02-06,0.115,0.115,0.1155,0.115,13436
2023-02-07,0.1338,0.1152,0.1338,0.1152,5198
2023-02-08,0.13,0.101,0.13,0.101,2008
2023-02-09,0.102,0.1256,0.1256,0.1012,5438
2023-02-10,0.091683,0.109592,0.109592,0.091683,18522
2023-02-14,0.115395,0.1108,0.1175,0.1025,43841
2023-02-15,0.168,0.133645,0.168,0.12,502071
2023-02-16,0.177144,0.175,0.1775,0.137,864556
2023-02-17,0.151,0.151481,0.164042,0.1326,91322
2023-02-21,0.1311,0.154,0.154341,0.1311,55264
2023-02-22,0.1311,0.124008,0.1315,0.1102,34550
2023-02-23,0.14,0.1363,0.148757,0.1241,36594
2023-02-24,0.154,0.1336,0.154,0.112,21028
2023-02-27,0.122,0.1323,0.1323,0.102,26844
2023-02-28,0.121902,0.1086,0.121902,0.108,22173
2023-03-01,0.1,0.0935,0.1035,0.087175,15166
2023-03-02,0.091,0.101613,0.10789,0.0881,18166
2023-03-03,0.0802,0.115,0.117,0.0801,27417
2023-03-06,0.099266,0.1056,0.1056,0.0928,6167
2023-03-07,0.134,0.1056,0.134,0.1056,1347
2023-03-08,0.105554,0.140713,0.140713,0.101053,4083
2023-03-09,0.105,0.1488,0.1488,0.0919,46904
2023-03-10,0.0966,0.0839,0.134959,0.075,101979
2023-03-13,0.1151,0.088311,0.1166,0.0811,30626
2023-03-14,0.106,0.0871,0.106,0.0868,15515
2023-03-15,0.086,0.084,0.086,0.0783,8691
2023-03-16,0.08878,0.0902,0.101379,0.0867,13795
2023-03-17,0.097603,0.0866,0.097603,0.083,4805
2023-03-20,0.084,0.081,0.0856,0.0788,16567
2023-03-21,0.087067,0.08,0.087067,0.08,1307
2023-03-22,0.0755,0.0726,0.0755,0.069627,17253
2023-03-24,0.07,0.073907,0.073907,0.07,782
2023-03-27,0.064275,0.07,0.073651,0.064275,6237
2023-03-28,0.0625,0.06,0.0708,0.06,28931
2023-03-29,0.063,0.0551,0.063,0.0551,28984
2023-03-30,0.055,0.053,0.0627,0.053,10564
2023-03-31,0.069,0.0501,0.0724,0.0484,114316
2023-04-03,0.0579,0.0467,0.0579,0.0456,8505
2023-04-04,0.053145,0.054,0.054,0.0472,19766
2023-04-05,0.0451,0.0477,0.057,0.0451,5040
2023-04-06,0.0548,0.0559,0.0559,0.0548,14693
2023-04-10,0.0598,0.0598,0.0598,0.0598,765
2023-04-11,0.0545,0.0559,0.0559,0.0545,1751
2023-04-12,0.059,0.059,0.059,0.0584,3342
2023-04-13,0.0598,0.0889,0.0889,0.0598,8335
2023-04-14,0.0875,0.0875,0.0875,0.0875,135
2023-04-17,0.075,0.0901,0.1089,0.0728,48692
2023-04-18,0.1311,0.0901,0.1675,0.0822,160478
2023-04-19,0.0915,0.094,0.0943,0.0756,11569
2023-04-20,0.082,0.09,0.1037,0.0816,7724
2023-04-21,0.0758,0.08,0.117,0.0758,821
2023-04-24,0.0822,0.1054,0.1099,0.078539,10402
2023-04-25,0.0808,0.074,0.0808,0.0302,36275
2023-04-26,0.117,0.08,0.117,0.0505,8265
2023-04-27,0.1056,0.1056,0.1056,0.1056,2009
2023-04-28,0.1197,0.1216,0.123,0.073,39046
2023-05-01,0.0816,0.106787,0.1188,0.0816,2505
2023-05-02,0.095,0.0808,0.1,0.0616,6551
2023-05-03,0.1154,0.11,0.1165,0.0712,8735
2023-05-04,0.1068,0.11,0.11,0.1068,2330
