2021-01-22,13.0,11.73,14.93,10.37,2629128
2021-01-25,11.37,10.86,13.06,10.7006,834855
2021-01-26,11.19,11.7,11.71,10.25,444117
2021-01-27,11.0,11.47,11.47,9.8906,652375
2021-01-28,10.76,11.38,11.45,10.5,308515
2021-01-29,10.83,10.03,11.06,9.65,346931
2021-02-01,10.17,10.5,10.6804,9.81,334868
2021-02-02,10.4,10.32,10.4,10.01,202068
2021-02-03,10.39,11.4,11.41,10.16,311223
2021-02-04,11.22,10.94,11.367,10.59,101630
2021-02-05,10.98,11.17,11.25,10.8681,95889
2021-02-08,11.34,12.66,13.08,11.245,325852
2021-02-09,12.5,13.38,13.4327,12.2101,254591
2021-02-10,13.25,13.0,13.57,12.9,288454
2021-02-11,13.0,13.0,13.4799,12.67,132745
2021-02-12,12.88,12.96,13.25,12.6701,50420
2021-02-16,13.25,13.71,13.81,13.0,196738
2021-02-17,13.63,13.95,14.79,12.96,371302
2021-02-18,13.93,13.78,14.34,13.48,121846
2021-02-19,14.14,13.65,14.29,13.01,188345
2021-02-22,13.55,13.26,13.7033,13.1,224258
2021-02-23,12.95,12.46,13.02,11.96,373469
2021-02-24,12.79,13.06,13.45,12.25,211068
2021-02-25,13.17,12.87,13.495,12.33,104921
2021-02-26,12.55,12.8,13.4943,12.24,70849
2021-03-01,12.97,13.61,13.786,12.7,19002
2021-03-02,13.68,12.2,13.68,11.94,77785
2021-03-03,12.12,11.77,12.35,11.68,42034
2021-03-04,11.73,9.88,12.36,9.8,82838
2021-03-05,10.0,10.71,11.4,10.0,97736
2021-03-08,10.86,10.52,11.4499,9.9,107193
2021-03-09,11.5,11.92,12.36,11.45,136531
2021-03-10,12.12,11.6,12.12,11.0648,13714
2021-03-11,11.59,12.3,12.3027,11.51,34223
2021-03-12,11.91,11.75,11.98,11.66,7839
2021-03-15,11.81,12.27,12.45,11.7138,28818
2021-03-16,12.23,12.2,12.44,11.51,29316
2021-03-17,11.94,11.25,12.12,11.25,200953
2021-03-18,12.02,11.25,12.2399,11.25,53261
2021-03-19,11.32,11.32,12.025,11.27,213747
2021-03-22,11.56,12.5,12.5,11.4175,91022
2021-03-23,12.53,13.0,13.55,12.5,634254
2021-03-24,12.78,12.2,13.0,12.2,59731
2021-03-25,12.18,11.46,12.542,11.35,164281
2021-03-26,11.985,11.83,12.37,11.365,111193
2021-03-29,12.05,11.51,12.1366,11.28,40321
2021-03-30,11.33,11.44,12.03,11.25,402826
2021-03-31,11.68,12.08,12.59,11.2,639081
2021-04-01,12.32,12.12,12.32,11.58,195666
2021-04-05,11.61,11.52,12.03,11.46,56380
2021-04-06,11.52,11.35,11.8529,11.18,70283
2021-04-07,11.39,10.94,11.5813,10.77,37327
2021-04-08,11.06,10.7,11.23,10.57,27165
2021-04-09,10.58,10.46,11.1,10.46,59981
2021-04-12,10.57,10.31,10.57,10.06,81126
2021-04-13,10.42,10.14,10.42,10.015,50190
2021-04-14,10.25,10.15,10.6,9.88,83642
2021-04-15,10.06,10.4,10.49,10.06,56774
2021-04-16,10.36,10.31,10.45,9.85,41076
2021-04-19,10.0,9.85,10.0399,9.26,144355
2021-04-20,9.79,9.0,9.79,8.87,79067
2021-04-21,8.89,9.44,9.5,8.575,128910
2021-04-22,9.33,9.67,9.9999,9.1245,310898
2021-04-23,9.65,10.12,10.3,9.65,299048
2021-04-26,10.1,10.36,10.365,10.0,55814
2021-04-27,10.37,10.06,10.485,9.96,70115
2021-04-28,9.98,10.0,10.08,9.82,46577
2021-04-29,9.86,9.83,9.95,9.65,77598
2021-04-30,9.75,9.19,9.8,9.1,83882
2021-05-03,9.17,9.41,9.665,9.14,81267
2021-05-04,9.18,9.12,9.38,8.86,82345
2021-05-05,9.255,9.11,9.305,9.0,70200
2021-05-06,9.15,9.12,9.2,8.955,4695
2021-05-07,9.18,9.51,9.59,9.0,142375
2021-05-10,9.72,9.04,9.92,8.9,103617
2021-05-11,8.73,8.61,9.47,8.5,255395
2021-05-12,8.65,8.65,9.65,8.48,84849
2021-05-13,8.76,8.8,9.26,8.5101,61727
2021-05-14,8.98,9.43,9.43,8.92,36306
2021-05-17,9.28,9.21,9.31,9.06,4513
2021-05-18,9.32,9.97,10.14,9.32,83319
2021-05-19,9.82,9.68,9.82,9.58,17927
2021-05-20,9.96,9.48,9.96,9.46,19803
2021-05-21,9.52,9.66,9.66,9.5,11536
2021-05-24,9.85,9.8,9.93,9.665,11126
2021-05-25,9.87,9.75,9.87,9.65,28837
2021-05-26,9.75,9.53,9.75,9.53,2841
2021-05-27,9.61,9.95,10.0,9.56,22721
2021-05-28,9.7209,9.7,9.939,9.7,9554
2021-06-01,9.87,9.97,10.19,9.755,59622
2021-06-02,10.02,9.91,10.15,9.91,8877
2021-06-03,9.84,10.1,10.1,9.72,5952
2021-06-04,10.17,9.9,10.17,9.71,8680
2021-06-07,9.89,9.69,9.89,9.66,30553
2021-06-08,9.865,9.7,9.865,9.6,14387
2021-06-09,9.7,9.64,9.83,9.54,10827
2021-06-10,9.66,9.53,9.66,9.53,3378
2021-06-11,9.55,9.72,9.74,9.53,17305
2021-06-14,9.71,9.51,9.92,9.44,25577
2021-06-15,9.66,9.67,9.81,9.36,13548
2021-06-16,9.59,9.27,9.7261,9.27,29704
2021-06-17,9.42,9.23,9.45,8.8527,77146
2021-06-18,9.01,8.6,9.089,8.45,139972
2021-06-21,8.65,8.64,8.968,8.48,51554
2021-06-22,8.65,8.72,8.72,8.6,21676
2021-06-23,8.66,8.44,8.715,8.31,55960
2021-06-24,8.46,8.49,8.5908,8.385,17286
2021-06-25,8.5,8.47,8.6099,8.445,23100
2021-06-28,8.48,8.5,8.57,8.38,8460
2021-06-29,8.55,7.09,8.55,7.01,596372
2021-06-30,7.27,7.66,7.7299,7.27,153387
2021-07-01,7.71,7.43,7.71,7.4,28843
2021-07-02,7.44,7.34,7.44,7.27,9436
2021-07-06,7.34,7.32,7.412,7.19,15359
2021-07-07,7.28,7.05,7.3,7.0,55442
2021-07-08,7.0,6.94,7.03,6.75,43447
2021-07-09,6.98,7.24,7.2799,6.9,20473
2021-07-12,7.21,7.51,7.62,7.2,74990
2021-07-13,7.47,7.15,7.662,7.12,25544
2021-07-14,7.49,6.97,7.49,6.85,41683
2021-07-15,6.96,6.73,6.96,6.71,22808
2021-07-16,6.74,6.77,6.88,6.62,16636
2021-07-19,6.77,6.61,6.86,6.48,9865
2021-07-20,6.62,6.73,6.73,6.15,12353
2021-07-21,6.73,6.87,6.94,6.64,15087
2021-07-22,6.77,6.61,6.81,6.56,6489
2021-07-23,6.65,6.85,6.97,6.6301,7903
2021-07-26,6.83,6.59,6.97,6.53,11147
2021-07-27,6.51,6.64,6.66,6.48,3856
2021-07-28,6.65,6.94,7.05,6.65,14787
2021-07-29,6.87,6.9,7.1873,6.87,5429
2021-07-30,6.9088,6.98,7.02,6.9,1728
2021-08-02,7.05,7.16,7.56,6.7201,17183
2021-08-03,7.21,7.5,7.63,7.03,19672
2021-08-04,7.41,7.4,7.41,7.36,5555
2021-08-05,7.5,7.34,7.5,7.28,13537
2021-08-06,7.46,7.63,7.63,7.17,8298
2021-08-09,7.56,8.08,8.45,7.475,56763
2021-08-10,8.1,8.88,8.88,7.74,53007
2021-08-11,8.88,9.55,9.66,8.46,189576
2021-08-12,9.42,9.48,9.98,8.82,154291
2021-08-13,9.18,9.41,9.635,8.935,59246
2021-08-16,9.28,9.01,9.42,8.81,47812
2021-08-17,8.74,8.16,8.74,7.32,152604
2021-08-18,8.04,8.03,8.16,7.2859,44719
2021-08-19,7.9,8.0,8.27,7.58,83103
2021-08-20,7.7745,8.0,8.03,7.67,64274
2021-08-23,8.06,8.01,8.395,7.93,92689
2021-08-24,8.1,8.28,8.43,7.77,42852
2021-08-25,8.39,8.24,8.39,8.03,46465
2021-08-26,8.33,8.1,8.38,7.9501,44970
2021-08-27,8.14,8.29,8.29,8.13,30274
2021-08-30,8.23,8.44,8.84,8.0273,153222
2021-08-31,8.53,8.26,9.0499,8.0,179279
2021-09-01,8.5142,8.42,8.74,8.22,118659
2021-09-02,8.48,9.08,9.4,8.37,156149
2021-09-03,8.82,8.8,9.3,8.685,165638
2021-09-07,8.8,7.74,8.8,7.4,191330
2021-09-08,7.81,7.16,8.01,6.79,79809
2021-09-09,7.23,8.9,9.26,7.23,472365
2021-09-10,8.79,8.81,9.19,8.4588,233574
2021-09-13,8.9,9.66,9.76,8.5,385726
2021-09-14,9.73,10.26,10.54,9.31,425970
2021-09-15,10.23,11.74,12.21,10.0,899546
2021-09-16,11.53,11.5,11.7,10.895,839246
2021-09-17,11.4,12.0,12.89,10.91,3569362
2021-09-20,11.34,11.96,12.03,11.23,641161
2021-09-21,12.12,11.71,12.29,11.55,566300
2021-09-22,11.83,11.88,12.41,11.42,103327
2021-09-23,11.97,11.75,12.09,11.52,204564
2021-09-24,11.55,11.45,11.57,10.95,92187
2021-09-27,11.46,11.59,11.81,11.3801,95334
2021-09-28,11.5,11.56,11.69,11.21,50547
2021-09-29,11.63,11.12,11.63,11.03,32849
2021-09-30,10.88,11.23,11.49,10.88,61607
2021-10-01,11.34,12.22,12.94,11.32,192465
2021-10-04,12.2,11.87,12.2,11.71,155443
2021-10-05,11.87,13.14,14.0,11.74,319281
2021-10-06,12.84,11.23,12.84,10.7088,190143
2021-10-07,11.16,10.8,11.49,10.78,109610
2021-10-08,10.8,10.82,10.95,10.275,71649
2021-10-11,10.82,9.93,10.82,9.85,71970
2021-10-12,10.0,10.49,10.71,10.0,17556
2021-10-13,10.49,11.38,11.54,10.49,159950
2021-10-14,11.48,11.19,11.75,11.06,51266
2021-10-15,11.3,12.12,12.18,10.84,80824
2021-10-18,12.11,11.5,12.11,11.44,44281
2021-10-19,11.52,11.51,11.88,11.36,21840
2021-10-20,11.53,11.64,11.958,11.315,23672
2021-10-21,11.64,11.35,11.64,11.14,17617
2021-10-22,11.4,11.34,11.49,11.19,27635
2021-10-25,11.37,11.89,12.13,11.06,70907
2021-10-26,12.0,11.99,12.2522,11.72,53697
2021-10-27,11.98,11.45,12.2,11.39,50651
2021-10-28,11.56,11.39,11.74,11.2701,188809
2021-10-29,11.41,11.15,11.47,10.81,89640
2021-11-01,11.23,11.3,12.0,11.03,116584
2021-11-02,11.33,10.74,11.33,10.42,55278
2021-11-03,10.7,10.75,11.16,10.48,40511
2021-11-04,10.83,10.6,10.83,10.48,50495
2021-11-05,10.67,11.01,11.22,10.63,65807
2021-11-08,11.05,11.09,11.185,10.9,41092
2021-11-09,11.06,11.06,11.205,10.9,79026
2021-11-10,10.98,11.05,11.255,10.86,136864
2021-11-11,11.06,11.05,11.21,10.93,60804
2021-11-12,10.95,11.04,11.12,10.91,29080
2021-11-15,10.97,10.92,11.02,10.76,47649
2021-11-16,11.59,10.79,11.59,10.53,95845
2021-11-17,10.68,10.46,10.86,10.38,37196
2021-11-18,10.59,9.77,10.6,9.63,46555
2021-11-19,9.64,9.09,9.99,8.78,86857
2021-11-22,9.1,9.0,9.44,9.0,45821
2021-11-23,9.02,9.88,10.04,9.02,97823
2021-11-24,9.72,10.23,10.615,9.72,37359
2021-11-26,9.88,9.63,9.88,9.49,22023
2021-11-29,9.65,9.6,9.87,9.48,26523
2021-11-30,9.56,9.51,9.7426,9.06,16761
2021-12-01,9.78,9.55,10.18,9.39,18278
2021-12-02,9.62,10.35,10.67,9.25,42192
2021-12-03,10.5,9.26,10.5,9.15,31483
2021-12-06,9.27,9.6,9.61,9.26,24691
2021-12-07,9.73,9.98,10.16,9.73,123711
2021-12-08,10.14,10.17,10.65,10.14,40136
2021-12-09,10.15,10.0,10.26,10.0,51238
2021-12-10,10.03,10.1,10.7,10.0,23602
2021-12-13,10.3,10.64,11.12,10.21,408677
2021-12-14,10.38,10.4,10.64,10.26,181104
2021-12-15,10.61,10.29,10.97,10.11,188350
2021-12-16,10.55,10.45,10.55,10.28,171375
2021-12-17,10.48,10.21,10.48,9.82,644119
2021-12-20,10.04,9.88,10.08,9.74,48667
2021-12-21,9.95,10.2,10.23,9.79,51855
2021-12-22,10.24,10.22,10.34,9.86,63481
2021-12-23,10.33,10.28,10.375,10.125,13861
2021-12-27,10.35,10.92,10.97,10.3,34607
2021-12-28,10.97,11.0,11.33,10.83,79725
2021-12-29,11.03,10.5,11.03,10.37,61478
2021-12-30,10.56,10.68,10.91,10.56,54726
2021-12-31,10.7,10.25,10.7604,10.24,61406
2022-01-03,10.27,10.16,10.28,9.63,87001
2022-01-04,10.19,10.42,10.49,9.83,67119
2022-01-05,10.43,10.28,10.52,10.1,95896
2022-01-06,10.37,9.96,10.37,9.84,76321
2022-01-07,9.97,9.9,10.199,9.35,188566
2022-01-10,9.85,9.7,9.85,9.38,39527
2022-01-11,9.7,10.04,10.1,9.5,49494
2022-01-12,10.15,10.2,10.47,9.9,55524
2022-01-13,10.21,9.9,10.65,9.78,50520
2022-01-14,9.73,9.88,9.98,9.7265,49451
2022-01-18,9.87,10.0,10.1,9.87,48707
2022-01-19,10.1,10.15,10.255,10.01,28416
2022-01-20,10.17,10.67,10.96,10.17,43239
2022-01-21,10.64,10.46,10.65,10.385,30254
2022-01-24,10.19,9.95,10.19,9.36,81573
2022-01-25,9.93,9.9,10.01,9.53,64847
2022-01-26,9.86,9.79,10.24,9.77,29619
2022-01-27,9.87,10.0,10.35,9.6,33831
2022-01-28,10.1,10.01,10.46,9.61,35274
2022-01-31,9.95,10.79,10.79,9.81,67019
2022-02-01,10.9,10.83,11.08,10.31,41988
2022-02-02,10.89,10.59,11.075,10.18,96087
2022-02-03,10.44,10.38,10.92,10.3,19021
2022-02-04,10.51,10.6,10.81,9.84,310188
2022-02-07,10.55,10.14,10.55,10.03,25133
2022-02-08,10.04,10.27,10.45,10.04,19160
2022-02-09,10.24,10.53,10.8,10.24,54284
2022-02-10,10.41,10.44,10.8389,10.25,22707
2022-02-11,10.35,10.52,10.65,10.19,31376
2022-02-14,10.44,10.41,10.68,10.06,72584
2022-02-15,10.46,10.33,10.58,10.12,40034
2022-02-16,10.28,10.37,10.52,9.83,41040
2022-02-17,10.31,10.69,10.7,10.28,36337
2022-02-18,10.58,10.13,10.58,9.65,73037
2022-02-22,10.22,10.02,10.22,9.86,32833
2022-02-23,9.835,9.89,10.14,9.835,19470
2022-02-24,9.81,9.95,10.05,9.5653,68548
2022-02-25,9.97,10.19,10.355,9.97,35385
2022-02-28,10.26,10.34,10.705,9.85,74176
2022-03-01,10.37,9.97,10.43,9.96,50105
2022-03-02,10.1,10.1,10.32,9.51,92287
2022-03-03,10.19,10.32,10.395,9.94,79018
2022-03-04,10.0,10.34,10.395,9.9,112281
2022-03-07,10.28,9.88,10.5,9.7118,105020
2022-03-08,10.02,10.04,10.185,9.86,88797
2022-03-09,10.05,10.2,10.365,9.97,114142
2022-03-10,10.03,11.34,11.42,10.03,127344
2022-03-11,11.36,11.0,11.36,10.72,130215
2022-03-14,10.85,10.4,10.9,10.35,133305
2022-03-15,10.28,10.21,10.4656,10.16,49485
2022-03-16,10.14,10.66,10.79,10.14,68046
2022-03-17,10.51,11.31,11.57,10.51,82403
2022-03-18,11.18,11.41,11.55,10.34,192457
2022-03-21,11.32,11.18,11.71,10.97,232746
2022-03-22,11.31,11.22,11.63,11.15,222103
2022-03-23,11.28,11.34,11.415,11.08,197321
2022-03-24,11.48,11.75,11.9,11.1917,338294
2022-03-25,11.9,11.49,12.115,11.27,224089
2022-03-28,11.4,11.36,11.65,11.29,221951
2022-03-29,11.31,11.55,11.69,11.31,307178
2022-03-30,11.6,11.46,11.745,11.39,271477
2022-03-31,11.36,11.2,11.58,11.08,201689
2022-04-01,11.3,11.17,11.4,11.12,202752
2022-04-04,11.2,11.2,11.3,10.99,302059
2022-04-05,11.24,11.12,11.25,11.03,198610
2022-04-06,11.03,10.62,11.1,10.5,137183
2022-04-07,10.66,10.68,10.7903,10.42,125040
2022-04-08,10.73,10.72,10.85,10.49,146140
2022-04-11,10.71,10.79,10.85,10.53,118930
2022-04-12,10.93,11.09,11.63,10.78,352631
2022-04-13,11.08,10.9,11.32,10.81,348645
2022-04-14,10.91,10.38,10.96,10.37,122935
2022-04-18,10.28,10.83,11.06,10.15,258035
2022-04-19,10.74,11.22,11.5,10.6,395163
2022-04-20,11.3,10.97,11.31,10.89,354147
2022-04-21,11.01,10.43,11.02,10.41,197776
2022-04-22,10.34,10.19,10.89,10.1,148646
2022-04-25,10.06,10.21,10.335,9.8,332363
2022-04-26,10.21,10.19,10.25,9.875,419200
2022-04-27,10.18,10.26,10.305,9.82,148708
2022-04-28,10.34,10.65,10.755,9.97,224185
2022-04-29,10.62,11.36,11.65,10.39,268094
2022-05-02,11.37,11.89,12.1,11.25,319177
2022-05-03,11.88,12.17,12.42,11.6625,307831
2022-05-04,12.26,12.77,12.87,11.97,458720
2022-05-05,12.68,12.08,12.77,12.0,298312
2022-05-06,12.15,12.11,12.19,11.63,168986
2022-05-09,11.93,10.34,11.93,10.03,357243
2022-05-10,10.36,10.04,10.5725,9.68,390465
2022-05-11,10.1,10.38,10.79,9.69,249463
2022-05-12,10.2,10.08,10.42,9.9,201303
2022-05-13,10.29,11.55,12.21,10.105,602611
2022-05-16,11.56,11.49,11.67,11.26,378354
2022-05-17,11.79,11.74,11.92,11.21,340154
2022-05-18,11.61,11.7,12.03,11.46,186252
2022-05-19,11.46,11.79,11.85,11.43,228191
2022-05-20,11.77,11.86,12.15,11.641,213333
2022-05-23,11.89,12.27,12.42,11.81,252792
2022-05-24,12.07,12.07,12.29,11.9701,376206
2022-05-25,11.97,12.34,12.505,11.675,334797
2022-05-26,12.47,12.4,13.14,12.28,265410
2022-05-27,12.42,13.07,13.265,12.42,211031
2022-05-31,13.0,12.93,13.27,12.44,1419021
2022-06-01,12.96,14.38,14.62,12.79,451586
2022-06-02,14.38,15.23,15.25,14.38,317125
2022-06-03,15.13,15.23,15.5,14.79,369060
2022-06-06,15.56,16.56,16.65,15.12,513771
2022-06-07,16.38,14.86,16.38,13.57,986244
2022-06-08,14.78,15.12,15.335,14.65,357832
2022-06-09,14.95,13.89,15.025,13.89,415977
2022-06-10,13.59,13.63,13.85,13.35,301012
2022-06-13,13.12,12.52,13.31,12.44,342458
2022-06-14,12.72,13.08,13.2,12.53,352165
2022-06-15,13.28,13.91,14.11,13.17,346062
2022-06-16,13.65,14.2,14.46,13.5,434886
2022-06-17,13.71,13.2,14.1,13.075,724003
2022-06-21,13.32,13.56,14.28,13.15,590451
2022-06-22,13.31,12.04,13.31,11.69,540295
2022-06-23,12.15,11.67,12.26,11.38,517450
2022-06-24,11.72,11.21,12.01,11.12,7781762
2022-06-27,11.38,11.25,11.59,10.72,665042
2022-06-28,11.36,10.71,11.51,10.66,526151
2022-06-29,10.76,10.05,10.76,9.96,514958
2022-06-30,9.94,10.05,10.29,9.75,696949
2022-07-01,10.01,9.33,10.14,9.17,366426
2022-07-05,9.16,9.58,9.595,9.1,568942
2022-07-06,9.35,9.7,9.93,9.345,226204
2022-07-07,9.86,10.16,10.37,9.8,300557
2022-07-08,10.14,10.39,10.61,10.0,280083
2022-07-11,10.32,10.09,10.37,9.82,505937
2022-07-12,10.03,9.83,10.17,9.78,401976
2022-07-13,9.75,9.94,10.105,9.62,152866
2022-07-14,9.73,10.06,10.11,9.56,209469
2022-07-15,10.25,10.28,10.4,9.97,455336
2022-07-18,10.45,10.37,10.6,10.3,197206
2022-07-19,10.53,10.69,10.86,10.51,249201
2022-07-20,10.74,10.78,10.85,10.55,210504
2022-07-21,10.73,10.74,10.965,10.26,199367
2022-07-22,10.72,10.4,10.91,10.28,232892
2022-07-25,10.4,10.75,10.77,10.28,109261
2022-07-26,10.72,10.78,10.8,10.44,168520
2022-07-27,10.84,11.23,11.33,10.82,177299
2022-07-28,11.41,11.7,11.89,11.32,167945
2022-07-29,11.55,11.97,12.06,11.55,150542
2022-08-01,11.8,12.35,12.38,11.62,243600
2022-08-02,12.19,12.63,12.66,11.92,155313
2022-08-03,12.66,13.9,14.54,11.83,876195
2022-08-04,13.48,13.93,13.98,13.01,355630
2022-08-05,13.76,13.7,13.98,13.53,222594
2022-08-08,13.7,14.11,14.43,13.7,157478
2022-08-09,14.11,14.31,14.525,13.975,198035
2022-08-10,14.56,15.45,15.58,14.075,334243
2022-08-11,15.64,15.59,15.99,15.03,211063
2022-08-12,15.68,16.15,16.23,15.45,235921
2022-08-15,16.1,16.05,16.11,15.25,258537
2022-08-16,15.69,15.74,16.02,15.11,178436
2022-08-17,15.5,16.21,16.25,15.5,1000371
2022-08-18,16.07,17.66,17.81,15.95,991364
2022-08-19,17.53,17.61,18.15,17.04,419449
2022-08-22,17.16,16.68,17.33,15.57,607036
2022-08-23,16.66,17.5,17.55,16.36,305744
2022-08-24,17.28,18.32,18.95,17.0901,471169
2022-08-25,18.1,18.55,18.869,17.6544,335845
2022-08-26,18.23,17.3,18.44,17.25,321190
2022-08-29,17.02,17.83,18.18,16.8,207008
2022-08-30,17.9,17.4,17.93,17.21,193160
2022-08-31,17.43,17.75,17.8,17.15,302612
2022-09-01,17.8,16.38,17.8,16.13,381879
2022-09-02,16.69,17.29,17.67,16.4714,229352
2022-09-06,17.48,17.36,17.54,16.99,212070
2022-09-07,17.19,17.69,18.0,16.87,416122
2022-09-08,17.65,18.39,18.59,17.51,553357
2022-09-09,18.8,18.21,18.9287,17.76,289980
2022-09-12,18.55,20.16,20.78,18.3601,1176463
2022-09-13,19.33,18.92,20.59,18.81,710628
2022-09-14,18.78,20.32,20.39,18.5,557396
2022-09-15,19.81,18.93,20.17,18.62,669600
2022-09-16,18.54,18.41,18.72,17.2,2533629
2022-09-19,17.92,18.57,18.77,17.92,322785
2022-09-20,18.34,17.99,18.46,17.56,297695
2022-09-21,18.1,17.8,18.46,17.52,296210
2022-09-22,17.87,18.05,18.2,17.7508,238556
2022-09-23,17.61,17.04,17.6202,16.56,1165741
2022-09-26,16.92,17.15,17.705,16.88,350613
2022-09-27,17.47,18.06,18.37,17.41,331039
2022-09-28,18.15,18.37,18.6,17.68,312147
2022-09-29,18.077,17.58,18.13,16.89,375548
2022-09-30,17.48,17.44,17.82,17.15,476839
2022-10-03,17.61,18.03,18.22,17.44,504766
2022-10-04,18.45,15.89,19.35,15.55,1120249
2022-10-05,15.7,15.15,15.71,13.74,1025394
2022-10-06,15.07,14.71,15.71,13.45,913034
2022-10-07,14.55,14.37,15.02,14.06,882394
2022-10-10,14.31,14.58,14.86,14.08,465171
2022-10-11,14.39,14.54,14.6,14.05,432490
2022-10-12,14.57,14.14,14.57,13.9304,642394
2022-10-13,13.82,14.56,14.645,13.66,425364
2022-10-14,14.58,14.39,14.9899,14.29,253203
2022-10-17,14.84,16.54,17.1819,14.84,871298
2022-10-18,16.87,17.21,17.572,16.85,525989
2022-10-19,17.04,17.48,17.565,16.75,630311
2022-10-20,17.48,17.39,17.78,17.24,321504
2022-10-21,17.5,17.99,18.03,17.24,419322
2022-10-24,17.81,17.28,17.83,16.94,627410
2022-10-25,17.41,17.58,17.77,17.27,839320
2022-10-26,17.81,17.45,18.15,17.43,609854
2022-10-27,17.53,16.97,18.0537,16.89,743723
2022-10-28,16.91,15.96,17.15,15.96,729681
2022-10-31,15.66,14.97,15.83,14.78,738485
2022-11-01,15.4,14.95,15.45,14.66,804916
2022-11-02,14.93,14.4,15.21,14.37,314669
2022-11-03,14.15,14.47,14.68,14.05,394076
2022-11-04,14.79,14.15,14.79,13.69,391342
2022-11-07,14.19,14.23,14.31,13.85,295160
2022-11-08,14.26,13.34,14.26,13.29,386671
2022-11-09,13.28,12.885,13.28,12.65,480730
2022-11-10,12.41,11.77,12.645,10.76,954199
2022-11-11,11.76,12.29,12.575,11.56,908535
2022-11-14,11.88,12.41,12.71,11.88,450879
2022-11-15,12.72,12.21,12.83,12.08,394920
2022-11-16,12.3,11.92,12.53,11.86,306285
2022-11-17,11.9,12.14,12.15,11.6,365537
2022-11-18,12.25,12.04,12.65,11.95,293176
2022-11-21,11.91,12.23,12.55,11.91,308468
2022-11-22,12.37,12.49,12.59,12.105,238900
2022-11-23,12.54,12.55,12.8279,12.2,261815
2022-11-25,12.57,12.88,13.18,12.45,208369
2022-11-28,12.65,11.94,12.88,11.62,637186
2022-11-29,11.99,11.61,12.15,11.57,468021
2022-11-30,11.29,12.07,12.22,11.19,1434558
2022-12-01,11.79,11.14,11.96,10.915,831630
2022-12-02,11.12,11.15,11.22,10.988,321085
2022-12-05,11.21,11.3,11.36,11.07,268898
2022-12-06,11.27,11.12,11.32,11.06,219231
2022-12-07,11.16,11.47,11.66,11.11,336451
2022-12-08,11.58,11.66,11.88,11.47,366304
2022-12-09,11.6,11.37,11.755,11.31,198471
2022-12-12,11.5,11.85,12.1,11.47,339654
2022-12-13,12.02,12.01,12.53,11.785,458185
2022-12-14,11.39,11.91,12.04,11.23,483608
2022-12-15,11.8,11.32,11.92,11.16,709332
2022-12-16,11.13,11.34,11.73,10.88,1544708
2022-12-19,11.3,10.6,11.3,10.41,269275
2022-12-20,10.54,11.0,11.11,10.54,250652
2022-12-21,11.09,11.21,11.42,10.81,261109
2022-12-22,11.11,10.89,11.24,10.5575,374094
2022-12-23,10.84,11.16,11.32,10.84,218470
2022-12-27,11.17,11.07,11.235,10.79,255901
2022-12-28,11.03,10.8,11.16,10.69,146023
2022-12-29,10.89,10.94,11.2,10.8,155059
2022-12-30,10.93,11.03,11.09,10.715,395661
2023-01-03,11.13,10.58,11.235,10.28,265643
2023-01-04,10.79,10.68,10.86,10.565,336335
2023-01-05,10.61,10.77,10.93,10.58,244862
2023-01-06,10.75,10.75,11.04,10.68,276002
2023-01-09,10.87,10.85,11.1,10.81,265423
2023-01-10,10.8,10.77,10.86,10.58,197223
2023-01-11,10.86,10.93,11.1,10.69,182712
2023-01-12,10.98,11.55,11.67,10.81,219126
2023-01-13,11.46,11.54,11.65,11.33,165207
2023-01-17,11.61,11.6,11.76,11.53,192795
2023-01-18,11.71,11.44,12.025,11.41,249758
2023-01-19,11.42,11.15,11.485,10.98,155507
2023-01-20,11.38,11.6,11.855,11.08,214142
2023-01-23,11.57,11.64,11.77,11.49,226030
2023-01-24,11.63,11.66,11.91,11.52,226769
2023-01-25,11.54,11.67,11.69,11.31,113214
2023-01-26,11.74,11.41,11.795,11.3,300279
2023-01-27,11.34,11.51,11.59,11.21,158029
2023-01-30,11.4,11.28,11.48,11.18,200653
2023-01-31,11.26,11.11,11.32,10.905,326915
2023-02-01,11.02,11.12,11.25,10.84,244355
2023-02-02,11.17,11.44,11.46,10.87,221865
2023-02-03,11.41,11.06,11.595,10.99,256635
2023-02-06,10.93,11.03,11.06,10.86,161658
2023-02-07,10.94,10.97,11.0,10.56,158757
2023-02-08,10.94,10.72,11.07,10.64,138513
2023-02-09,10.73,10.54,11.245,10.49,186189
2023-02-10,10.53,10.73,10.77,10.36,154158
2023-02-13,10.78,10.98,11.01,10.66,130889
2023-02-14,10.9,10.97,11.01,10.64,144809
2023-02-15,10.89,10.91,10.95,10.5,125630
2023-02-16,10.8,10.73,10.98,10.65,137142
2023-02-17,10.84,10.52,10.84,10.37,156943
2023-02-21,10.23,9.91,10.42,9.79,318702
2023-02-22,9.93,9.88,10.085,9.77,221632
2023-02-23,9.9,10.08,10.19,9.81,206929
2023-02-24,9.91,9.92,10.04,9.53,249581
2023-02-27,9.95,10.01,10.166,9.73,319838
2023-02-28,9.83,9.86,9.92,9.75,267358
2023-03-01,9.92,9.78,9.94,9.62,243347
2023-03-02,9.7,9.87,9.93,9.63,365368
2023-03-03,9.69,10.28,10.39,9.63,185831
2023-03-06,10.0,10.08,10.21,9.98,174646
2023-03-07,10.09,10.08,10.26,9.96,155032
2023-03-08,10.1,10.07,10.205,9.87,166667
2023-03-09,9.93,9.49,10.04,9.42,329924
2023-03-10,9.46,9.3,9.71,9.21,223766
2023-03-13,9.18,9.23,9.385,9.0773,297401
2023-03-14,9.35,9.48,9.77,9.17,342304
2023-03-15,9.2,9.02,9.595,8.88,354379
2023-03-16,8.9,9.51,9.87,8.85,391240
2023-03-17,7.52,8.15,8.83,7.3701,1328840
2023-03-20,7.72,7.86,8.23,7.63,542066
2023-03-21,7.96,8.28,8.45,7.96,434767
2023-03-22,8.28,7.89,8.36,7.83,366490
2023-03-23,7.89,7.81,7.98,7.74,290016
2023-03-24,7.74,7.74,7.83,7.53,261886
2023-03-27,7.82,7.96,8.07,7.715,249062
2023-03-28,7.92,7.78,7.96,7.66,234518
2023-03-29,7.86,7.81,7.86,7.68,181233
2023-03-30,7.88,7.87,8.04,7.83,160064
2023-03-31,7.93,7.87,7.98,7.73,274119
2023-04-03,7.96,7.82,7.995,7.715,292638
2023-04-04,7.82,7.17,7.82,6.95,278266
2023-04-05,7.11,6.74,7.11,6.64,287511
2023-04-06,6.76,6.82,6.84,6.58,249079
2023-04-10,6.84,7.33,7.595,6.83,751640
2023-04-11,7.35,7.21,7.66,7.1873,205854
2023-04-12,7.24,7.0,7.2425,6.9546,198324
2023-04-13,7.07,7.31,7.37,6.87,309268
2023-04-14,7.31,7.19,7.31,6.99,186276
2023-04-17,7.23,6.83,7.29,6.7,279759
2023-04-18,6.84,6.73,6.9,6.52,255786
2023-04-19,6.69,6.77,6.85,6.55,235783
2023-04-20,6.74,6.76,6.915,6.67,163224
2023-04-21,6.75,6.95,7.04,6.71,291373
2023-04-24,6.91,6.94,7.04,6.84,222461
2023-04-25,6.87,6.5,6.87,6.44,171747
2023-04-26,6.49,6.44,6.59,6.29,285145
2023-04-27,6.46,6.59,6.64,6.4,203189
2023-04-28,6.59,6.65,6.68,6.46,198123
2023-05-01,6.65,6.61,6.875,6.52,154972
2023-05-02,6.56,6.52,6.56,6.42,172383
2023-05-03,6.52,6.51,6.71,6.5,206146
2023-05-04,6.51,6.36,6.51,6.23,172642
