2019-11-18,25.0,25.0,25.02,25.0,471600
2019-11-19,25.02,24.99,25.02,24.95,1477439
2019-11-20,25.125,24.95,25.125,24.93,525930
2019-11-21,24.95,24.95,25.05,24.94,336790
2019-11-22,24.95,24.98,25.02,24.92,163831
2019-11-25,25.0,25.0,25.0,24.93,75471
2019-11-26,25.0,24.98,25.02,24.95,388053
2019-11-27,25.04,24.98,25.04,24.98,283083
2019-11-29,24.98,24.91,25.04,24.91,135348
2019-12-02,24.95,24.82,24.95,24.67,279796
2019-12-03,24.75,24.81,24.85,24.73,188915
2019-12-04,24.88,24.8,24.88,24.78,121177
2019-12-05,24.81,24.71,24.81,24.71,130284
2019-12-06,24.73,24.85,24.87,24.64,294647
2019-12-09,24.9,24.85,24.9,24.82,82242
2019-12-10,24.84,24.85,24.92,24.84,430248
2019-12-11,24.92,24.96,24.97,24.87,127212
2019-12-12,24.98,24.94,24.98,24.85,229982
2019-12-13,24.9,25.05,25.0718,24.87,269576
2019-12-16,25.09,25.08,25.09,25.01,754825
2019-12-17,25.09,25.06,25.14,25.02,524480
2019-12-18,25.09,25.14,25.2,25.085,739910
2019-12-19,25.14,25.18,25.19,25.11,249239
2019-12-20,25.17,25.27,25.29,25.15,521831
2019-12-23,25.29,25.36,25.38,25.23,263928
2019-12-24,25.39,25.4,25.41,25.34,102312
2019-12-26,25.4,25.49,25.49,25.36,136569
2019-12-27,25.49,25.45,25.49,25.4,585481
2019-12-30,25.32,25.32,25.37,25.24,380706
2019-12-31,25.33,25.2,25.34,25.12,2181221
2020-01-02,25.25,25.3,25.35,25.25,121245
2020-01-03,25.3118,25.38,25.4,25.31,139036
2020-01-06,25.38,25.33,25.38,25.23,141730
2020-01-07,25.35,25.34,25.38,25.27,85217
2020-01-08,25.34,25.44,25.44,25.29,165681
2020-01-09,25.45,25.4,25.47,25.34,156252
2020-01-10,25.44,25.42,25.44,25.34,106670
2020-01-13,25.42,25.44,25.47,25.37,122048
2020-01-14,25.44,25.41,25.47,25.4,81027
2020-01-15,25.41,25.43,25.46,25.36,72786
2020-01-16,25.43,25.44,25.44,25.31,113754
2020-01-17,25.44,25.53,25.53,25.34,133922
2020-01-21,25.48,25.57,25.59,25.48,199699
2020-01-22,25.52,25.55,25.6,25.5,83510
2020-01-23,25.57,25.55,25.57,25.46,112472
2020-01-24,25.5233,25.5,25.5576,25.45,54434
2020-01-27,25.37,25.31,25.4734,25.31,200416
2020-01-28,25.44,25.355,25.5,25.35,66719
2020-01-29,25.4,25.37,25.44,25.27,447842
2020-01-30,25.35,25.45,25.47,25.32,103474
2020-01-31,25.45,25.45,25.52,25.4,82485
2020-02-03,25.47,25.55,25.58,25.4604,97446
2020-02-04,25.51,25.64,25.65,25.5,110570
2020-02-05,25.65,25.62,25.74,25.56,459163
2020-02-06,25.69,25.62,25.7,25.595,118029
2020-02-07,25.64,25.73,25.75,25.64,83449
2020-02-10,25.67,25.87,25.87,25.64,147570
2020-02-11,25.8461,25.94,26.06,25.8461,49924
2020-02-12,25.9001,25.82,26.0,25.7,111423
2020-02-13,25.83,25.765,25.8499,25.69,48243
2020-02-14,25.7899,25.91,25.95,25.77,56242
2020-02-18,25.92,25.8,25.93,25.74,73093
2020-02-19,25.86,25.62,25.86,25.62,73134
2020-02-20,25.7338,25.73,25.86,25.67,65244
2020-02-21,25.73,25.93,25.98,25.7,92552
2020-02-24,25.75,25.65,25.79,25.65,167152
2020-02-25,25.65,25.37,25.76,25.3,223765
2020-02-26,25.37,25.26,25.53,25.15,316458
2020-02-27,25.1,25.05,25.2,24.95,467058
2020-02-28,24.9,24.88,25.15,24.8,475959
2020-03-02,24.96,25.27,25.27,24.948,208944
2020-03-03,25.31,25.44,25.6476,25.25,272726
2020-03-04,25.54,25.65,25.77,25.47,91696
2020-03-05,25.53,25.41,25.79,25.4,209187
2020-03-06,25.26,25.2,25.48,25.06,35899
2020-03-09,24.8,24.61,25.0,24.4,165288
2020-03-10,24.99,25.02,25.04,24.7628,93558
2020-03-11,25.0,24.68,25.09,24.5702,131300
2020-03-12,24.28,23.6,24.39,23.2,230425
2020-03-13,24.2,23.73,24.29,23.455,148496
2020-03-16,22.99,21.99,23.67,21.397,61568
2020-03-17,22.8,22.25,22.8,22.1,171684
2020-03-18,21.55,18.92,21.55,17.8,242823
2020-03-19,18.3551,21.23,22.5,16.922,85766
2020-03-20,22.65,20.74,22.65,20.45,138567
2020-03-23,20.27,19.3,20.27,17.02,127898
2020-03-24,20.63,20.6,21.9654,19.8,97279
2020-03-25,20.88,21.71,22.44,20.76,117587
2020-03-26,22.49,23.81,24.35,21.51,249276
2020-03-27,23.48,23.46531,24.1,22.8322,55837
2020-03-30,23.01,23.64,23.8185,23.01,94907
2020-03-31,23.5609,23.57,23.83,23.27,121853
2020-04-01,23.13,22.77,23.25,22.39,61476
2020-04-02,22.77,22.5,22.77,22.05,36838
2020-04-03,22.51,22.18,22.51,21.87,78669
2020-04-06,22.51,23.22,23.32,22.51,43702
2020-04-07,23.5,23.7,23.775,23.31,97603
2020-04-08,23.65,23.68,24.08,23.5,89894
2020-04-09,23.97,24.4,24.8,23.95,96612
2020-04-13,24.28,24.23,24.28,23.81,36478
2020-04-14,24.54,24.03,24.6,23.86,86329
2020-04-15,23.83,24.13,24.2,23.68,41354
2020-04-16,24.39,24.07,24.39,23.92,59396
2020-04-17,24.2415,24.21,24.42,24.13,38287
2020-04-20,24.09,24.11,24.22,23.82,39783
2020-04-21,23.64,23.94,24.04,23.59,46018
2020-04-22,23.98,23.86,24.07,23.82,22240
2020-04-23,23.86,24.0,24.07,23.86,39460
2020-04-24,24.04,24.0,24.1,23.99,33379
2020-04-27,24.18,24.05,24.19,24.0206,69936
2020-04-28,24.185,24.08,24.185,24.0,60873
2020-04-29,24.23,24.21,24.24,24.12,48824
2020-04-30,24.13,24.44,24.44,24.12,100807
2020-05-01,24.42,24.32,24.42,24.2,58581
2020-05-04,24.1666,24.26,24.3,24.14,54308
2020-05-05,24.39,24.19,24.39,24.16,54367
2020-05-06,24.29,24.14,24.29,24.1,24948
2020-05-07,24.23,24.15,24.25,24.1,19267
2020-05-08,24.25,24.2199,24.25,24.15,23491
2020-05-11,24.2,24.24,24.25,24.02,46109
2020-05-12,24.14,24.1763,24.26,24.1101,22827
2020-05-13,24.23,23.9,24.23,23.85,92244
2020-05-14,23.85,23.85,23.99,23.56,64380
2020-05-15,23.93,23.86,23.96,23.84,17345
2020-05-18,24.1,24.18,24.345,24.06,110610
2020-05-19,24.18,24.1257,24.3,24.0603,46984
2020-05-20,24.13,24.23,24.26,24.12,21483
2020-05-21,24.24,24.4,24.48,24.02,114649
2020-05-22,24.35,24.35,24.5,24.3,31964
2020-05-26,24.51,24.3,24.51,24.27,54395
2020-05-27,24.46,24.39,24.61,24.28,112139
2020-05-28,24.32,24.38,24.53,24.32,74506
2020-05-29,24.38,24.39,24.42,24.3,86451
2020-06-01,24.44,24.52,24.54,24.38,87642
2020-06-02,24.52,24.45,24.5589,24.41,65670
2020-06-03,24.54,24.52,24.58,24.45,78451
2020-06-04,24.55,24.5,24.56,24.46,117743
2020-06-05,24.6,24.63,24.72,24.5,53617
2020-06-08,24.64,24.8,24.8,24.63,88573
2020-06-09,24.76,24.78,24.8175,24.7,59445
2020-06-10,24.8,24.88,24.94,24.73,74359
2020-06-11,24.67,24.52,24.78,24.31,113266
2020-06-12,24.65,24.56,24.77,24.4,108639
2020-06-15,24.41,24.66,24.7,24.36,58277
2020-06-16,24.78,24.75,24.85,24.725,108376
2020-06-17,24.78,24.86,24.9253,24.77,59216
2020-06-18,24.86,24.92,24.965,24.7626,62320
2020-06-19,24.92,24.93,24.98,24.87,59899
2020-06-22,24.9,24.75,24.95,24.69,132427
2020-06-23,24.82,24.885,24.89,24.7801,62771
2020-06-24,24.8353,24.92,25.0,24.67,240790
2020-06-25,24.92,24.96,25.01,24.8201,101837
2020-06-26,24.99,24.61531,24.99,24.88,82928
2020-06-29,24.66,24.65,24.7,24.58,65162
2020-06-30,24.68,24.65,24.71,24.61,145913
2020-07-01,24.71,24.81,24.88,24.701,57130
2020-07-02,24.89,24.87,24.96,24.87,65336
2020-07-06,24.91,24.92,25.02,24.8599,114474
2020-07-07,24.92,24.94,24.97,24.88,27065
2020-07-08,24.94,25.01,25.05,24.92,31687
2020-07-09,25.0,25.05,25.05,24.935,32658
2020-07-10,25.05,25.11,25.15,25.0114,46861
2020-07-13,25.1456,25.06,25.22,25.06,41614
2020-07-14,25.07,25.07,25.13,24.97,55881
2020-07-15,25.15,25.25,25.33,25.11,69004
2020-07-16,25.29,25.54,25.65,25.235,49898
2020-07-17,25.59,25.43,25.685,25.42,75440
2020-07-20,25.44,25.54,25.62,25.44,57932
2020-07-21,25.62,25.69,25.72,25.54,50684
2020-07-22,25.6755,25.8,25.91,25.6755,40225
2020-07-23,25.86,25.98,25.98,25.7,182045
2020-07-24,25.9418,26.08,26.14,25.9337,26625
2020-07-27,26.14,26.12,26.28,26.115,51858
2020-07-28,26.13,26.15,26.32,26.12,129270
2020-07-29,26.24,26.35,26.4072,26.24,51958
2020-07-30,26.27,26.455,26.54,26.18,60980
2020-07-31,26.48,26.27,26.48,26.17,86683
2020-08-03,26.36,26.25,26.36,26.21,62770
2020-08-04,26.1878,26.35,26.35,26.16,52292
2020-08-05,26.27,26.09,26.28,26.05,95446
2020-08-06,26.06,25.95,26.1131,25.94,38562
2020-08-07,25.87,26.05,26.05,25.86,32565
2020-08-10,26.0,26.01,26.1512,26.0,49124
2020-08-11,26.13,25.9,26.18,25.88,48583
2020-08-12,25.99,26.17,26.17,25.99,30962
2020-08-13,26.17,26.1,26.185,26.06,51895
2020-08-14,26.05,26.02,26.11,26.02,74955
2020-08-17,26.08,26.16,26.29,25.971,57559
2020-08-18,26.14,26.25,26.28,26.13,45589
2020-08-19,26.24,26.36,26.36,26.24,28332
2020-08-20,26.31,26.4,26.43,26.31,29934
2020-08-21,26.4095,26.26,26.48,26.25,28662
2020-08-24,26.24,26.394,26.41,26.24,48442
2020-08-25,26.3522,26.4,26.4,26.33,48540
2020-08-26,26.39,26.41,26.43,26.34,39197
2020-08-27,26.43,26.36,26.43,26.36,42887
2020-08-28,26.4017,26.3599,26.4414,26.3599,30576
2020-08-31,26.31,26.27,26.42,26.25,41350
2020-09-01,26.3451,26.105,26.37,26.04,96635
2020-09-02,26.05,26.16,26.2725,26.05,37562
2020-09-03,26.14,26.16,26.21,25.9461,30946
2020-09-04,26.15,26.1,26.15,25.88,17827
2020-09-08,26.07,25.99,26.15,25.9425,26025
2020-09-09,26.1166,26.18,26.24,26.0941,30388
2020-09-10,26.24,26.29,26.39,26.24,37154
2020-09-11,26.3,26.26,26.32,26.19,22270
2020-09-14,26.28,26.4,26.46,26.27,26474
2020-09-15,26.395,26.39,26.42,26.28,38616
2020-09-16,26.41,26.35,26.48,26.3,54188
2020-09-17,26.28,26.37,26.39,26.2675,27734
2020-09-18,26.37,26.48,26.48,26.255,88246
2020-09-21,26.34,26.43,26.43,26.21,24430
2020-09-22,26.34,26.5,26.59,26.34,67390
2020-09-23,26.53,26.2,26.53,26.03,35832
2020-09-24,26.24,26.08,26.25,26.04,24062
2020-09-25,26.11,26.25,26.4,26.07,35692
2020-09-28,26.34,26.08531,26.55,26.34,23502
2020-09-29,26.26,26.25,26.26,26.08,27827
2020-09-30,26.25,26.01,26.325,26.01,94190
2020-10-01,26.13,26.31,26.31,26.04,44198
2020-10-02,26.21,26.35,26.38,26.0201,33718
2020-10-05,26.39,26.4,26.56,26.35,50391
2020-10-06,26.5,26.45,26.55,26.44,30261
2020-10-07,26.525,26.54,26.57,26.43,35111
2020-10-08,26.59,26.37,26.59,26.37,42787
2020-10-09,26.4,26.52,26.55,26.37,16160
2020-10-12,26.56,26.76,26.86,26.534,99596
2020-10-13,26.66,26.75,26.79,26.66,122192
2020-10-14,26.69,26.68,26.76,26.63,9820
2020-10-15,26.57,26.82,26.85,26.57,34144
2020-10-16,26.8,27.02,27.28,26.76,205418
2020-10-19,27.02,26.91,27.05,26.85,53599
2020-10-20,26.976,26.875,26.976,26.875,8650
2020-10-21,26.93,26.71,26.93,26.71,38552
2020-10-22,26.76,26.93,26.95,26.7431,28309
2020-10-23,26.9,27.0,27.077,26.86,32293
2020-10-26,26.9,26.87,26.95,26.81,44936
2020-10-27,26.93,26.91,27.01,26.85,74242
2020-10-28,26.7,26.65,26.78,26.45,120482
2020-10-29,26.4516,26.61,26.8,26.4516,32031
2020-10-30,26.71,26.75,26.75,26.3625,327484
2020-11-02,26.78,26.76,26.88,26.7,46254
2020-11-03,26.78,26.78,26.97,26.78,52061
2020-11-04,26.9,27.0,27.01,26.9,15274
2020-11-05,27.03,27.22,27.22,27.02,26135
2020-11-06,27.16,27.06,27.2199,27.05,29043
2020-11-09,27.22,27.06,27.3,27.06,103333
2020-11-10,27.09,27.0,27.15,26.9877,33047
2020-11-11,27.09,27.05,27.09,27.04,9578
2020-11-12,27.0,26.96,27.0001,26.87,32824
2020-11-13,26.9794,27.11,27.15,26.9667,27718
2020-11-16,27.08,27.4,27.54,27.03,94730
2020-11-17,27.27,27.36,27.46,27.2,28420
2020-11-18,27.3,27.29,27.3899,27.23,14100
2020-11-19,27.25,27.01,27.25,26.92,170676
2020-11-20,27.05,26.87,27.05,26.85,85533
2020-11-23,26.87,27.0,27.04,26.87,129556
2020-11-24,27.02,26.99,27.105,26.9,37607
2020-11-25,26.92,26.8,26.99,26.8,82799
2020-11-27,26.9099,26.85,26.9099,26.8,10169
2020-11-30,26.76,26.6,26.82,26.48,132866
2020-12-01,26.68,26.67,26.7,26.58,43400
2020-12-02,26.6,26.73,26.79,26.6,37402
2020-12-03,26.71,26.7,26.79,26.63,54927
2020-12-04,26.72,26.69,26.78,26.64,63196
2020-12-07,26.7,26.72,26.75,26.7,23809
2020-12-08,26.68,26.86,26.86,26.68,49316
2020-12-09,26.82,26.83,26.83,26.745,49953
2020-12-10,26.79,26.77,26.9,26.71,51254
2020-12-11,26.75,26.78,26.81,26.7,24095
2020-12-14,26.81,26.69,26.89,26.69,95645
2020-12-15,26.76,26.73,26.77,26.68,76557
2020-12-16,26.71,26.7,26.775,26.69,56271
2020-12-17,26.76,26.84,26.84,26.73,55290
2020-12-18,26.84,26.82,26.84,26.74,47094
2020-12-21,26.77,26.82,26.83,26.66,66046
2020-12-22,26.82,26.7,26.82,26.6,59824
2020-12-23,26.75,26.62,26.75,26.52,39324
2020-12-24,26.61,26.64,26.695,26.61,7415
2020-12-28,26.6882,26.69,26.7323,26.65,58235
2020-12-29,26.77,26.39531,26.77,26.57,51694
2020-12-30,26.47,26.57,26.57,26.4342,19911
2020-12-31,26.58,26.63,26.63,26.495,47433
2021-01-04,26.64,26.4,26.64,26.3341,31643
2021-01-05,26.39,26.41,26.4975,26.3253,45695
2021-01-06,26.37,25.98,26.4,25.9,138690
2021-01-07,25.85,25.84,25.99,25.59,128024
2021-01-08,25.89,25.8,25.95,25.79,124836
2021-01-11,25.73,25.56,25.73,25.55,70675
2021-01-12,25.58,25.62,25.62,25.43,329445
2021-01-13,25.66,26.09,26.09,25.61,67297
2021-01-14,26.1,26.17,26.26,26.05,58830
2021-01-15,26.2,26.2,26.25,26.12,30577
2021-01-19,26.13,26.24,26.24,26.1046,41292
2021-01-20,26.24,26.28,26.37,26.2,36654
2021-01-21,26.33,26.28,26.39,26.25,25429
2021-01-22,26.295,26.37,26.375,26.2828,32520
2021-01-25,26.45,26.44,26.5,26.3775,58789
2021-01-26,26.4546,26.4,26.47,26.38,33670
2021-01-27,26.33,26.2,26.3924,26.2,62875
2021-01-28,26.25,26.14,26.29,26.14,48852
2021-01-29,25.99,26.28,26.3,25.93,93914
2021-02-01,26.165,26.24,26.41,26.1618,47725
2021-02-02,26.26,26.35,26.45,26.2414,38243
2021-02-03,26.385,26.28,26.4,26.27,35233
2021-02-04,26.2385,26.37,26.5,26.1487,75896
2021-02-05,26.29,26.3065,26.42,26.28,20710
2021-02-08,26.363,26.36,26.38,26.27,20867
2021-02-09,26.3123,26.39,26.48,26.28,49462
2021-02-10,26.39,26.4,26.47,26.33,46644
2021-02-11,26.46,26.37,26.46,26.3,32936
2021-02-12,26.37,26.23,26.37,26.12,25020
2021-02-16,26.07,25.95,26.1279,25.95,49877
2021-02-17,26.0625,25.96,26.1886,25.86,26536
2021-02-18,25.95,25.92,26.05,25.81,25343
2021-02-19,25.95,25.9,25.9576,25.8,60441
2021-02-22,25.8,25.91,25.95,25.8,72609
2021-02-23,25.9,25.85,25.92,25.8,44301
2021-02-24,25.88,25.74,25.88,25.68,41581
2021-02-25,25.74,25.49,25.74,25.47,58963
2021-02-26,25.555,25.73,25.76,25.51,54565
2021-03-01,25.83,25.94,26.0084,25.82,67416
2021-03-02,25.94,26.17,26.21,25.9,47704
2021-03-03,26.04,26.11,26.168,25.955,57194
2021-03-04,26.03,26.04,26.19,26.0,27893
2021-03-05,25.95,26.11,26.19,25.95,28234
2021-03-08,26.2,26.15,26.2,25.91,24170
2021-03-09,26.28,26.29,26.3,26.1408,12748
2021-03-10,26.3,26.26,26.345,26.2,48387
2021-03-11,26.27,26.29,26.34,26.23,155796
2021-03-12,26.23,26.22,26.25,26.101,38791
2021-03-15,26.16,26.27,26.33,26.151,73807
2021-03-16,26.34,26.47,26.53,26.34,42875
2021-03-17,26.517,26.44,26.517,26.35,36576
2021-03-18,26.35,26.19,26.35,26.14,43378
2021-03-19,26.2,26.32,26.38,26.09,68115
2021-03-22,26.34,26.44,26.469,26.3332,26864
2021-03-23,26.36,26.47,26.47,26.36,20157
2021-03-24,26.49,26.5817,26.66,26.4,36675
2021-03-25,26.5254,26.51,26.6133,26.49,22449
2021-03-26,26.4801,26.52,26.55,26.4801,25617
2021-03-29,26.5649,26.12531,26.5649,26.42,21376
2021-03-30,26.11,26.22,26.22,26.06,28638
2021-03-31,26.26,26.26,26.37,26.26,33082
2021-04-01,26.44,26.46,26.49,26.4204,21976
2021-04-05,26.42,26.64,26.69,26.39,36755
2021-04-06,26.69,26.76,26.8,26.63,28195
2021-04-07,26.79,26.54,26.79,26.51,83184
2021-04-08,26.64,26.56,26.66,26.46,70026
2021-04-09,26.66,26.58,26.66,26.46,42087
2021-04-12,26.58,26.5665,26.58,26.52,6165
2021-04-13,26.58,26.57,26.5908,26.51,13302
2021-04-14,26.56,26.53,26.6,26.5208,8053
2021-04-15,26.65,26.6,26.65,26.47,67286
2021-04-16,26.62,26.58,26.62,26.4712,36331
2021-04-19,26.49,26.53,26.5899,26.47,14670
2021-04-20,26.5073,26.41,26.64,26.39,120685
2021-04-21,26.45,26.58,26.64,26.4384,13940
2021-04-22,26.59,26.59,26.605,26.5101,18729
2021-04-23,26.52,26.7,26.72,26.52,22952
2021-04-26,26.7,26.84,26.87,26.7,26032
2021-04-27,26.71,26.77,26.829,26.71,18549
2021-04-28,26.81,26.75,26.81,26.6501,11890
2021-04-29,26.61,26.631,26.71,26.6,13037
2021-04-30,26.61,26.48,26.64,26.48,58624
2021-05-03,26.6297,26.59,26.67,26.5,26474
2021-05-04,26.64,26.64,26.69,26.56,24393
2021-05-05,26.58,26.46,26.68,26.45,42559
2021-05-06,26.53,26.42,26.6699,26.32,100881
2021-05-07,26.36,26.51,26.5219,26.36,53693
2021-05-10,26.53,26.4291,26.53,26.4291,16010
2021-05-11,26.38,26.32,26.38,26.17,21523
2021-05-12,26.37,26.12,26.37,26.0,55401
2021-05-13,26.28,26.0531,26.3,25.97,26311
2021-05-14,26.16,26.11,26.19,26.01,39234
2021-05-17,26.1343,26.15,26.2299,26.07,17939
2021-05-18,26.0815,26.21,26.21,26.0301,33985
2021-05-19,26.101,26.11,26.18,26.0,23436
2021-05-20,26.13,26.4,26.4,26.13,26337
2021-05-21,26.42,26.45,26.47,26.35,12503
2021-05-24,26.45,26.525,26.581,26.4135,21407
2021-05-25,26.57,26.55,26.57,26.45,32970
2021-05-26,26.55,26.37,26.55,26.25,52833
2021-05-27,26.35,26.42,26.42,26.3318,16528
2021-05-28,26.42,26.55,26.56,26.3878,29862
2021-06-01,26.58,26.91,26.91,26.57,109345
2021-06-02,26.96,27.03,27.06,26.84,40988
2021-06-03,27.06,26.99,27.06,26.9,19744
2021-06-04,27.07,27.1371,27.16,26.96,12492
2021-06-07,27.16,27.19,27.21,27.12,27668
2021-06-08,27.24,27.32,27.32,27.15,31093
2021-06-09,27.38,27.33,27.38,27.25,25060
2021-06-10,27.3021,27.35,27.355,27.3,18998
2021-06-11,27.35,27.36,27.36,27.28,14485
2021-06-14,27.35,27.48,27.48,27.288,14693
2021-06-15,27.38,27.55,27.57,27.38,22093
2021-06-16,27.55,27.6,27.65,27.4998,27589
2021-06-17,27.6,27.65,27.69,27.4801,19982
2021-06-18,27.61,27.53,27.63,27.53,35032
2021-06-21,27.68,27.63,27.68,27.56,33095
2021-06-22,27.72,27.94,27.94,27.6115,46842
2021-06-23,27.99,27.85,27.99,27.78,24949
2021-06-24,27.92,27.78,27.92,27.64,12288
2021-06-25,27.86,27.74,27.86,27.5521,34343
2021-06-28,27.74,27.31531,27.74,27.5093,45025
2021-06-29,27.39,27.38,27.4,27.26,41674
2021-06-30,27.355,27.61,27.61,27.3,98166
2021-07-01,27.45,27.4663,27.6,27.44,246241
2021-07-02,27.47,27.53,27.53,27.47,38769
2021-07-06,27.47,27.56,27.56,27.42,25149
2021-07-07,27.58,27.67,27.68,27.55,24623
2021-07-08,27.6695,27.56,27.68,27.55,15585
2021-07-09,27.5267,27.57,27.64,27.4801,57651
2021-07-12,27.54,27.5,27.59,27.43,37761
2021-07-13,27.45,27.38,27.5763,27.37,39436
2021-07-14,27.5,27.45,27.51,27.3,29487
2021-07-15,27.49,27.34,27.49,27.34,12494
2021-07-16,27.34,27.37,27.4084,27.29,19389
2021-07-19,27.271,27.26,27.3,27.1,22681
2021-07-20,27.35,27.22,27.35,27.19,10518
2021-07-21,27.29,27.26,27.29,27.14,15799
2021-07-22,27.1534,26.97,27.23,26.82,52109
2021-07-23,27.02,26.92,27.02,26.92,17353
2021-07-26,26.95,26.97,27.0195,26.94,31104
2021-07-27,26.92,27.0,27.0,26.8402,30966
2021-07-28,27.07,27.01,27.07,26.96,22402
2021-07-29,26.9511,27.05,27.0599,26.9511,19032
2021-07-30,27.025,27.19,27.2,26.99,27575
2021-08-02,27.07,27.32,27.33,27.07,26979
2021-08-03,27.155,27.3,27.35,27.155,19461
2021-08-04,27.3,27.33,27.33,27.2718,9435
2021-08-05,27.33,27.4,27.44,27.263,17071
2021-08-06,27.44,27.4,27.44,27.2896,15417
2021-08-09,27.395,27.3244,27.4232,27.28,28375
2021-08-10,27.3199,27.16,27.3199,26.89,12159
2021-08-11,27.16,27.12,27.2455,27.08,12960
2021-08-12,27.08,27.2,27.275,27.08,29523
2021-08-13,27.22,27.26,27.26,27.13,8624
2021-08-16,27.18,27.26,27.29,27.18,9092
2021-08-17,27.29,27.2,27.29,27.08,23375
2021-08-18,27.06,27.15,27.1612,27.06,9321
2021-08-19,27.14,27.12,27.14,26.98,17373
2021-08-20,27.06,27.08,27.1699,27.06,24725
2021-08-23,27.1327,27.05,27.15,27.04,22025
2021-08-24,27.1,26.98,27.1351,26.94,43543
2021-08-25,26.98,26.91,27.0299,26.91,27201
2021-08-26,26.9999,26.76,26.9999,26.76,24117
2021-08-27,26.8146,26.96,26.96,26.73,36068
2021-08-30,26.87,26.93,26.99,26.87,18880
2021-08-31,26.91,26.98,26.98,26.81,42742
2021-09-01,26.99,27.1,27.12,26.97,32895
2021-09-02,27.14,27.15,27.15,27.0806,13915
2021-09-03,27.05,27.16,27.16,27.0456,8948
2021-09-07,27.13,27.03,27.13,27.0,11262
2021-09-08,27.08,27.08,27.09,26.961,14148
2021-09-09,26.99,27.13,27.13,26.99,7509
2021-09-10,27.052,27.11,27.12,27.052,7677
2021-09-13,27.1057,27.16,27.19,27.09,9725
2021-09-14,27.16,27.16,27.1843,27.05,13730
2021-09-15,27.095,27.1,27.1793,27.041,7555
2021-09-16,27.18,27.3,27.3214,27.08,12822
2021-09-17,27.22,27.2,27.23,27.08,28788
2021-09-20,27.03,27.04,27.18,26.934,10051
2021-09-21,26.9831,27.12,27.1349,26.975,13006
2021-09-22,27.16,27.3,27.32,27.16,30841
2021-09-23,27.255,27.12,27.31,27.03,57056
2021-09-24,27.07,27.13,27.14,27.06,6726
2021-09-27,26.98,27.06,27.09,26.86,25398
2021-09-28,26.88,26.64531,27.0472,26.65,45103
2021-09-29,26.6,26.96,26.96,26.5,27156
2021-09-30,26.97,27.0,27.05,26.8362,150547
2021-10-01,26.99,26.88,26.99,26.87,15052
2021-10-04,26.92,26.52,26.92,26.52,22228
2021-10-05,26.55,26.57,26.64,26.45,36402
2021-10-06,26.49,26.62,26.65,26.37,14061
2021-10-07,26.49,26.38,26.64,26.38,26594
2021-10-08,26.45,26.46,26.5191,26.4,15121
2021-10-11,26.49,26.42,26.49,26.42,3397
2021-10-12,26.49,26.68,26.68,26.4701,14407
2021-10-13,26.7,26.8,26.82,26.53,15725
2021-10-14,26.92,26.99,26.99,26.92,22363
2021-10-15,27.07,27.04,27.07,26.89,9638
2021-10-18,27.04,26.83,27.04,26.81,14213
2021-10-19,26.8,26.7,26.8,26.58,29851
2021-10-20,26.73,26.82,26.8922,26.63,73421
2021-10-21,26.84,26.76,26.84,26.66,15129
2021-10-22,26.77,26.69,26.7807,26.629,27365
2021-10-25,26.73,26.75,26.76,26.65,53162
2021-10-26,26.8,26.73,26.8,26.7,10903
2021-10-27,26.67,26.7,26.75,26.67,81215
2021-10-28,26.75,26.74,26.75,26.71,5523
2021-10-29,26.65,26.9,26.9,26.65,56927
2021-11-01,26.9,26.69,26.94,26.65,81375
2021-11-02,26.68,26.73,26.8089,26.67,13270
2021-11-03,26.7,26.71,26.7799,26.68,16108
2021-11-04,26.73,26.71,26.78,26.71,21739
2021-11-05,26.71,26.71,26.77,26.69,32629
2021-11-08,26.71,26.7,26.77,26.7,29228
2021-11-09,26.72,26.63,26.7499,26.63,15150
2021-11-10,26.59,26.46,26.59,26.4,19812
2021-11-11,26.5,26.43,26.5,26.4,15933
2021-11-12,26.41,26.38,26.425,26.38,14024
2021-11-15,26.33,26.22,26.38,26.21,25704
2021-11-16,26.23,26.16,26.3,26.16,34443
2021-11-17,26.09,26.19,26.19,26.09,17004
2021-11-18,26.2265,26.24,26.3,26.17,18127
2021-11-19,26.25,26.19,26.28,26.15,17122
2021-11-22,26.23,26.2,26.26,26.1656,57557
2021-11-23,26.09,26.02,26.1313,26.0001,23278
2021-11-24,26.09,26.0,26.13,25.98,17744
2021-11-26,25.83,25.77,25.9075,25.65,14867
2021-11-29,25.83,25.85,25.9256,25.82,24263
2021-11-30,25.89,25.85,25.98,25.72,108598
2021-12-01,25.82,25.921,26.07,25.82,27029
2021-12-02,26.08,26.0,26.1,25.96,44927
2021-12-03,26.01,26.04,26.045,25.92,12182
2021-12-06,26.06,25.99,26.15,25.9883,25314
2021-12-07,26.04,26.135,26.23,26.04,41212
2021-12-08,26.13,26.13,26.18,26.0817,16635
2021-12-09,26.1,26.1653,26.17,26.1,65555
2021-12-10,26.07,26.03,26.1922,26.03,11063
2021-12-13,26.13,26.15,26.15,26.03,45410
2021-12-14,26.16,26.15,26.1734,26.02,33514
2021-12-15,26.11,26.16,26.21,26.11,13469
2021-12-16,26.12,26.44,26.44,26.1,37530
2021-12-17,26.22,26.31,26.425,26.22,18524
2021-12-20,26.252,26.25,26.3547,26.2492,8972
2021-12-21,26.37,26.31,26.45,26.31,17703
2021-12-22,26.34,26.559,26.559,26.34,5482
2021-12-23,26.58,26.481,26.58,26.42,11991
2021-12-27,26.54,26.43,26.54,26.43,20917
2021-12-28,26.48,26.47,26.48,26.34,22706
2021-12-29,26.48,26.28531,26.61,26.41,26030
2021-12-30,26.33,26.44,26.45,26.23,12024
2021-12-31,26.45,26.45,26.54,26.3587,28069
2022-01-03,26.511,26.348,26.511,26.23,11976
2022-01-04,26.1899,26.19,26.23,26.061,25540
2022-01-05,26.2,25.99,26.245,25.88,28831
2022-01-06,25.9,25.95,26.1478,25.7301,48010
2022-01-07,25.86,25.95,26.0,25.86,32634
2022-01-10,25.83,25.91,25.97,25.8,46766
2022-01-11,25.84,26.13,26.16,25.84,18452
2022-01-12,26.1514,26.03,26.24,26.03,9932
2022-01-13,26.04,26.21,26.23,26.034,10119
2022-01-14,26.07,26.11,26.17,26.02,14435
2022-01-18,26.0,25.95,26.0889,25.86,27242
2022-01-19,25.97,26.04,26.13,25.97,37034
2022-01-20,26.12,25.99,26.21,25.88,92232
2022-01-21,25.87,25.83,25.9,25.78,51252
2022-01-24,25.7,25.65,25.738,25.47,130381
2022-01-25,25.53,25.49,25.65,25.36,265390
2022-01-26,25.49,25.26,25.63,25.14,65672
2022-01-27,25.21,24.75,25.36,24.72,76026
2022-01-28,24.8,24.95,25.1101,24.501,153196
2022-01-31,24.95,25.35,25.35,24.93,80843
2022-02-01,25.2,25.42,25.42,25.2,50663
2022-02-02,25.48,25.2514,25.6,25.1001,66624
2022-02-03,25.09,25.07,25.145,24.9,89827
2022-02-04,24.94,24.7,25.0236,24.52,109797
2022-02-07,24.75,24.71,24.87,24.59,48010
2022-02-08,24.6,24.44,24.64,24.25,99298
2022-02-09,24.45,24.53,24.55,24.3708,72396
2022-02-10,24.37,24.17,24.3786,23.91,103902
2022-02-11,23.98,23.9,24.0999,23.683,57962
2022-02-14,23.56,23.51,23.7633,23.28,53547
2022-02-15,23.61,23.92,23.95,23.395,41171
2022-02-16,23.68,24.29,24.3,23.51,91857
2022-02-17,24.34,24.38,24.5,24.0467,43183
2022-02-18,24.29,24.31,24.43,24.2,32518
2022-02-22,24.34,24.26,24.34,24.05,96543
2022-02-23,24.26,24.14,24.4,24.0,101584
2022-02-24,23.92,24.29,24.29,23.76,91749
2022-02-25,24.21,24.49,24.49,24.13,112228
2022-02-28,24.3723,24.39,24.515,24.34,40622
2022-03-01,24.4287,24.51,24.67,24.4287,68398
2022-03-02,24.41,24.5091,24.53,24.39,14524
2022-03-03,24.46,24.49,24.6021,24.4,54903
2022-03-04,24.49,24.38,24.528,24.25,53416
2022-03-07,24.34,24.0825,24.34,23.945,35876
2022-03-08,24.2,24.0,24.2,23.8672,34417
2022-03-09,24.13,24.05,24.18,23.8794,37326
2022-03-10,23.96,23.95,23.97,23.76,47316
2022-03-11,23.925,23.75,23.95,23.75,20397
2022-03-14,23.65,23.275,23.65,23.1124,38199
2022-03-15,23.3,23.26,23.3634,23.1481,21934
2022-03-16,23.295,23.5,23.5372,23.24,23676
2022-03-17,23.56,23.88,23.93,23.54,53923
2022-03-18,23.86,24.1,24.13,23.83,40832
2022-03-21,24.01,23.85,24.04,23.71,35067
2022-03-22,23.77,23.65,23.77,23.5704,42504
2022-03-23,23.43,23.6,23.73,23.43,52364
2022-03-24,23.7,23.65,23.72,23.47,27651
2022-03-25,23.66,23.45,23.71,23.4,118410
2022-03-28,23.55,23.46,23.633,23.45,80440
2022-03-29,23.56,23.55531,23.9,23.56,52434
2022-03-30,23.65,23.59,23.69,23.5485,82654
2022-03-31,23.67,23.66,23.82,23.59,206269
2022-04-01,23.73,23.64,23.7386,23.4581,179902
2022-04-04,23.64,23.66,23.7165,23.51,100729
2022-04-05,23.58,23.15,23.61,23.15,26673
2022-04-06,23.03,22.73,23.09,22.65,61920
2022-04-07,22.65,22.75,22.9,22.65,97147
2022-04-08,22.62,22.49,22.79,22.44,43356
2022-04-11,22.339,22.12,22.45,22.08,58922
2022-04-12,22.33,21.94,22.41,21.9255,51076
2022-04-13,22.08,22.02,22.17,21.88,60007
2022-04-14,22.02,21.92,22.02,21.67,47515
2022-04-18,21.91,21.8044,21.9256,21.76,57187
2022-04-19,21.75,21.4,21.81,21.32,69102
2022-04-20,21.54,21.46,21.54,21.35,65219
2022-04-21,21.47,21.13,21.68,21.11,25863
2022-04-22,21.11,20.995,21.11,20.85,36099
2022-04-25,20.985,21.07,21.0889,20.84,67163
2022-04-26,21.05,20.84,21.09,20.84,53655
2022-04-27,20.95,20.57,21.01,20.3874,66884
2022-04-28,20.68,20.85,21.01,20.33,105921
2022-04-29,20.82,20.63,20.82,20.4443,93050
2022-05-02,20.63,19.82,20.63,19.64,67519
2022-05-03,19.82,19.75,20.34,19.62,47610
2022-05-04,19.67,20.53,20.55,19.67,92663
2022-05-05,20.17,20.09,20.17,19.87,67893
2022-05-06,19.87,19.63,19.955,19.48,70122
2022-05-09,19.31,19.52,19.7,19.31,91833
2022-05-10,19.93,19.93,20.02,19.65,126471
2022-05-11,19.82,19.95,20.19,19.82,61436
2022-05-12,20.12,20.2,20.2631,19.96,65110
2022-05-13,20.33,20.38,20.47,20.184,71281
2022-05-16,20.49,20.69,20.86,20.26,50505
2022-05-17,20.99,20.34,20.99,20.34,50491
2022-05-18,20.45,20.45,20.45,19.93,86887
2022-05-19,20.44,20.44,20.552,20.32,74361
2022-05-20,20.48,20.22,20.8,20.22,127559
2022-05-23,20.4,20.56,20.56,20.23,99837
2022-05-24,20.56,21.1,21.1,20.4701,62040
2022-05-25,21.15,21.55,22.03,21.08,46023
2022-05-26,21.4,21.82,22.18,21.4,97465
2022-05-27,22.03,22.52,22.525,22.03,56627
2022-05-31,22.4,22.43,22.65,22.06,77646
2022-06-01,22.6,22.28,22.78,22.13,42540
2022-06-02,22.29,22.42,22.49,22.07,29868
2022-06-03,22.27,22.54,22.57,22.14,58327
2022-06-06,22.67,22.54,22.72,22.3806,40770
2022-06-07,22.53,22.74,22.74,22.4,40775
2022-06-08,22.8,22.6,22.8,22.51,67341
2022-06-09,22.57,22.3,22.57,22.17,68998
2022-06-10,22.08,21.61,22.08,21.39,47122
2022-06-13,21.09,20.3,21.09,20.3,39505
2022-06-14,20.4254,20.5,20.7,20.0768,46684
2022-06-15,20.71,20.65,20.8894,20.4,46287
2022-06-16,20.32,20.36,20.54,20.16,27120
2022-06-17,20.48,20.52,20.5899,20.2599,17975
2022-06-21,20.6,20.65,20.88,20.6,28624
2022-06-22,20.5,20.83,20.87,20.5,47087
2022-06-23,20.93,20.9,21.04,20.75,37695
2022-06-24,21.04,21.1,21.2,20.851,24715
2022-06-27,21.16,21.0,21.2262,20.91,41029
2022-06-28,21.3,20.865312,21.3,21.0174,37849
2022-06-29,20.94,20.74,20.94,20.692,43501
2022-06-30,20.64,20.92,20.94,20.52,31003
2022-07-01,20.99,21.19,21.19,20.8529,13813
2022-07-05,21.19,21.39,21.42,21.095,49330
2022-07-06,21.56,21.62,21.62,21.3015,46056
2022-07-07,21.67,21.69,21.76,21.6,37732
2022-07-08,21.79,21.85,21.85,21.372,5766
2022-07-11,21.87,22.04,22.05,21.65,29455
2022-07-12,22.16,22.03,22.25,22.01,16868
2022-07-13,21.72,22.07,22.09,21.7022,23149
2022-07-14,22.0,21.98,22.05,21.73,36230
2022-07-15,22.28,22.2,22.28,21.88,87170
2022-07-18,22.175,22.19,22.2899,22.07,23378
2022-07-19,22.3,22.34,22.4137,22.0701,36619
2022-07-20,22.39,22.5,22.5699,22.33,32045
2022-07-21,22.5,22.6,22.71,22.5,18320
2022-07-22,22.71,22.66,22.8414,22.602,16945
2022-07-25,22.76,22.7,22.81,22.6,22809
2022-07-26,22.66,22.62,22.82,22.62,19489
2022-07-27,22.63,22.84,23.0,22.63,41785
2022-07-28,22.95,22.66,22.95,22.3499,99838
2022-07-29,22.61,23.12,23.14,22.61,103942
2022-08-01,23.07,23.2,23.35,22.88,44403
2022-08-02,23.07,23.57,23.767,23.03,130672
2022-08-03,23.73,24.04,24.04,23.62,66360
2022-08-04,24.0,24.0,24.0,23.8056,53715
2022-08-05,23.88,23.73,23.88,23.47,43871
2022-08-08,23.76,23.75,23.9957,23.56,38006
2022-08-09,23.62,23.52,23.6541,23.46,27180
2022-08-10,23.6,23.63,23.85,23.6,41986
2022-08-11,23.76,23.74,23.79,23.6597,10873
2022-08-12,23.75,23.86,23.9368,23.6129,31989
2022-08-15,23.8,23.84,23.9568,23.8,12559
2022-08-16,23.89,23.65,23.89,23.57,263550
2022-08-17,23.51,23.29,23.51,23.275,67891
2022-08-18,23.25,23.23,23.445,23.145,17635
2022-08-19,23.01,23.03,23.1799,22.95,46465
2022-08-22,22.7846,22.53,22.87,22.53,33462
2022-08-23,22.43,21.92,22.59,21.65,88471
2022-08-24,21.88,21.84,22.35,21.72,45237
2022-08-25,22.0,22.3,22.3,21.9361,18164
2022-08-26,22.1,21.89,22.2215,21.8,57277
2022-08-29,21.6892,21.72,21.859,21.61,14253
2022-08-30,21.73,21.35,21.845,21.35,40515
2022-08-31,21.35,20.93,21.45,20.93,83074
2022-09-01,20.72,20.85,20.9539,20.63,31158
2022-09-02,20.85,20.91,21.05,20.7618,27658
2022-09-06,20.8,20.59,20.9,20.58,21805
2022-09-07,20.6941,20.77,20.9499,20.6079,24071
2022-09-08,20.82,20.64,21.095,20.62,52828
2022-09-09,20.66,21.1,21.15,20.66,58052
2022-09-12,21.15,21.47,21.57,21.0929,37673
2022-09-13,21.18,21.33,21.37,21.1544,59716
2022-09-14,21.39,21.49,21.52,21.32,19096
2022-09-15,21.45,21.36,21.5,21.3511,21456
2022-09-16,21.2,21.29,21.32,21.09,36079
2022-09-19,21.18,21.18,21.26,21.105,50493
2022-09-20,21.01,20.97,21.105,20.87,42317
2022-09-21,20.98,21.1,21.2396,20.98,13599
2022-09-22,21.0,20.7,21.0,20.66,24410
2022-09-23,20.53,20.535,20.65,20.4,80022
2022-09-26,20.535,20.49,20.68,20.41,33251
2022-09-27,20.59,20.67,20.78,20.38,51861
2022-09-28,20.73,20.585312,21.08,20.65,53673
2022-09-29,20.58,20.55,20.65,20.31,50243
2022-09-30,20.45,20.67,20.74,20.45,111319
2022-10-03,20.76,20.84,21.05,20.7226,38174
2022-10-04,20.94,21.04,21.18,20.92,56010
2022-10-05,20.95,20.97,21.007,20.82,36434
2022-10-06,20.86,20.87,21.02,20.82,37893
2022-10-07,20.68,20.64,20.76,20.48,12564
2022-10-10,20.65,20.28,20.67,20.28,19725
2022-10-11,20.2836,20.37,20.515,20.26,37530
2022-10-12,20.29,20.15,20.355,20.15,50860
2022-10-13,19.91,20.2,20.3,19.71,56570
2022-10-14,20.29,20.04,20.36,20.0,23320
2022-10-17,20.39,20.16,20.4632,20.0711,16998
2022-10-18,20.33,20.12,20.34,20.0801,34901
2022-10-19,20.04,19.96,20.04,19.75,36752
2022-10-20,19.9386,19.54,19.9386,19.5,44294
2022-10-21,19.5,19.65,19.79,19.3501,55423
2022-10-24,19.67,19.63,19.8,19.57,43733
2022-10-25,19.72,19.72,20.0,19.6912,27111
2022-10-26,19.7,19.7,20.039,19.69,23280
2022-10-27,19.75,19.82,19.98,19.65,29396
2022-10-28,19.822,19.82,19.94,19.82,12748
2022-10-31,19.85,19.42,20.07,19.33,137714
2022-11-01,19.58,19.49,19.58,19.35,57343
2022-11-02,19.54,19.6,19.78,19.4251,51599
2022-11-03,19.41,19.37,19.56,19.35,40106
2022-11-04,19.67,19.16,19.67,19.14,64601
2022-11-07,19.16,19.22,19.2938,19.13,40211
2022-11-08,19.26,19.54,19.69,19.26,17615
2022-11-09,19.68,19.4,19.68,19.3,26978
2022-11-10,19.74,20.52,20.68,19.74,33539
2022-11-11,20.43,20.93,21.09,20.43,22666
2022-11-14,20.78,20.68,21.08,20.65,41629
2022-11-15,20.87,20.84,21.14,20.7484,38833
2022-11-16,21.02,21.01,21.1,20.8201,18585
2022-11-17,20.85,20.96,21.035,20.8127,46027
2022-11-18,21.02,21.13,21.16,21.0,25859
2022-11-21,21.17,21.06,21.28,21.01,35740
2022-11-22,21.07,21.1,21.32,21.028,28735
2022-11-23,21.17,21.24,21.445,21.0906,25986
2022-11-25,21.11,21.21,21.36,21.11,5330
2022-11-28,21.21,21.19,21.35,21.08,50355
2022-11-29,21.15,20.98,21.31,20.02,77489
2022-11-30,21.06,21.52,21.52,20.89,59502
2022-12-01,21.4677,21.67,21.82,21.4677,36230
2022-12-02,21.58,21.95,22.02,21.4174,55637
2022-12-05,21.98,21.68,21.98,21.68,40502
2022-12-06,21.71,21.45,21.72,21.43,29111
2022-12-07,21.51,21.54,21.69,21.44,57503
2022-12-08,21.52,21.45,21.72,21.44,53223
2022-12-09,21.27,21.13,21.54,21.12,57877
2022-12-12,21.3,21.01,21.3,20.91,51900
2022-12-13,21.27,21.22,21.4369,21.1638,48426
2022-12-14,21.2,21.17,21.3899,21.17,33973
2022-12-15,21.02,21.1,21.2,21.02,85304
2022-12-16,21.01,21.09,21.1599,20.8601,37655
2022-12-19,21.0,21.1,21.21,20.95,26432
2022-12-20,21.08,21.01,21.25,20.96,64575
2022-12-21,21.04,21.04,21.2467,21.01,47993
2022-12-22,20.95,20.73,21.0305,20.65,40094
2022-12-23,20.72,20.6,20.9899,20.58,31884
2022-12-27,20.47,20.36,20.5799,20.2,63827
2022-12-28,20.36,20.025312,20.44,20.27,66493
2022-12-29,20.03,19.8,20.11,19.74,106686
2022-12-30,19.71,19.74,20.14,19.6,84040
2023-01-03,19.93,20.1,20.36,19.87,40229
2023-01-04,20.28,20.74,20.81,20.18,39915
2023-01-05,20.67,21.04,21.04,20.65,28750
2023-01-06,21.2,21.49,21.51,21.12,46793
2023-01-09,21.57,21.45,21.61,21.265,21944
2023-01-10,21.35,21.525,21.59,21.35,14847
2023-01-11,21.5,21.6965,21.6965,21.41,8056
2023-01-12,21.8,21.915,21.92,21.63,21216
2023-01-13,21.97,22.12,22.18,21.9157,28306
2023-01-17,22.14,22.28,22.3321,21.95,25641
2023-01-18,22.46,22.63,22.89,22.46,54363
2023-01-19,22.58,22.77,22.8,22.465,24288
2023-01-20,22.73,22.77,22.8,22.59,23402
2023-01-23,22.709,22.84,22.98,22.709,20946
2023-01-24,22.95,22.88,22.95,22.79,12733
2023-01-25,22.77,22.86,22.95,22.7073,18876
2023-01-26,23.0,23.06,23.205,22.93,35994
2023-01-27,23.06,23.0,23.21,23.0,35788
2023-01-30,23.0,23.0,23.15,22.9,55196
2023-01-31,23.05,23.3,23.38,23.0151,55558
2023-02-01,23.2,23.3,23.39,23.105,33617
2023-02-02,23.39,23.35,23.63,23.3,24457
2023-02-03,23.14,23.02,23.3799,22.76,44878
2023-02-06,22.88,22.89,22.9851,22.56,157552
2023-02-07,22.89,22.71,23.04,22.7076,68703
2023-02-08,22.78,22.95,22.96,22.54,45895
2023-02-09,23.12,22.73,23.12,22.68,48838
2023-02-10,22.61,22.61,22.63,22.51,14228
2023-02-13,22.62,22.76,22.79,22.6061,22697
2023-02-14,22.65,22.9,22.93,22.56,49587
2023-02-15,22.86,22.85,22.89,22.77,38769
2023-02-16,22.69,22.45,22.69,22.45,23940
2023-02-17,22.37,22.26,22.4251,22.14,44782
2023-02-21,22.12,21.61,22.12,21.53,114037
2023-02-22,21.63,21.75,21.85,21.61,169193
2023-02-23,21.81,21.93,22.0,21.75,35612
2023-02-24,21.71,21.79,21.84,21.68,45197
2023-02-27,21.91,21.91,21.95,21.83,15689
2023-02-28,21.75,21.99,22.05,21.71,48749
2023-03-01,21.78,21.75,21.874,21.69,26047
2023-03-02,21.6,21.58,21.73,21.47,42459
2023-03-03,21.78,21.87,21.91,21.75,16959
2023-03-06,21.855,22.01,22.08,21.855,27464
2023-03-07,22.0684,21.84,22.08,21.8307,24098
2023-03-08,21.86,21.8,21.98,21.69,30905
2023-03-09,21.845,21.43,21.845,21.33,35511
2023-03-10,21.4082,21.02,21.4082,20.76,65431
2023-03-13,20.74,20.66,21.7,20.13,35028
2023-03-14,20.93,21.47,21.5751,20.93,34978
2023-03-15,21.24,21.42,21.57,20.7,43956
2023-03-16,21.32,22.04,22.39,20.7301,31828
2023-03-17,21.94,21.745,22.165,21.567,31004
2023-03-20,21.87,21.51,21.95,21.47,16076
2023-03-21,22.115,21.94,22.2667,21.7365,19655
2023-03-22,21.91,22.31,22.42,21.77,12344
2023-03-23,22.22,21.96,22.38,21.93,24111
2023-03-24,21.91,21.99,22.08,21.65,16873
2023-03-27,22.14,22.2,22.38,22.0301,21819
2023-03-28,22.349,22.28,22.4,22.1303,26390
2023-03-29,22.3818,22.145312,22.68,22.25,80127
2023-03-30,22.16,22.23,22.32,21.9401,35042
2023-03-31,22.3633,22.24,22.5,22.24,44952
2023-04-03,22.23,22.39,22.48,22.14,16840
2023-04-04,22.31,22.42,22.4937,22.18,27150
2023-04-05,22.29,22.3,22.39,22.16,27418
2023-04-06,22.3,22.4152,22.48,22.3,9508
2023-04-10,22.42,22.353,22.55,22.247,12522
2023-04-11,22.33,22.43,22.55,22.33,15946
2023-04-12,22.37,22.56,22.62,22.34,12528
2023-04-13,22.56,22.76,22.78,22.3,15691
2023-04-14,22.7,22.8077,22.86,22.6,15843
2023-04-17,22.85,23.01,23.01,22.62,34033
2023-04-18,22.91,22.9444,23.0099,22.85,10227
2023-04-19,22.84,22.88,22.95,22.81,19691
2023-04-20,22.82,22.9,22.9599,22.8,6277
2023-04-21,22.99,22.92,23.06,22.8953,9797
2023-04-24,23.0,23.1,23.1,22.8864,13726
2023-04-25,22.93,22.77,23.01,22.66,11338
2023-04-26,22.79,22.66,22.9547,22.57,11180
2023-04-27,22.58,22.74,22.84,22.57,19097
2023-04-28,22.8,23.05,23.11,22.7,117668
2023-05-01,22.96,22.6,23.05,22.38,45465
2023-05-02,22.59,22.35,22.59,22.19,18014
2023-05-03,22.335,21.95,22.44,21.95,17949
2023-05-04,21.77,21.3,21.8198,21.0,32057
