2021-03-18,18.6,17.18,19.39,16.99,11906434
2021-03-19,17.48,19.0,19.05,17.2,2489440
2021-03-22,19.99,19.4,20.7299,19.02,996852
2021-03-23,19.55,19.78,20.06,19.2364,1897793
2021-03-24,20.0,18.6,20.5,18.53,1954613
2021-03-25,18.25,17.5,18.25,16.4,1371801
2021-03-26,17.52,17.75,17.91,17.04,1109421
2021-03-29,17.8,17.28,17.98,17.05,664403
2021-03-30,17.29,16.81,17.48,16.51,773061
2021-03-31,16.98,16.78,17.48,16.74,573774
2021-04-01,16.79,17.48,17.725,16.78,558634
2021-04-05,17.5,17.52,17.75,17.121,359948
2021-04-06,17.55,17.54,17.73,17.22,192078
2021-04-07,17.74,17.59,17.74,17.2,611806
2021-04-08,17.84,18.08,18.1,17.5,497713
2021-04-09,17.88,18.9,18.98,17.69,300921
2021-04-12,18.4,18.77,18.81,17.64,596663
2021-04-13,18.8,18.32,18.83,18.1,604840
2021-04-14,18.32,18.03,18.57,18.01,233631
2021-04-15,18.16,17.85,18.2194,17.7,225597
2021-04-16,17.93,18.25,18.45,17.61,519682
2021-04-19,18.38,18.41,18.44,17.97,718475
2021-04-20,18.23,18.35,18.85,18.195,329555
2021-04-21,18.17,18.12,18.275,17.87,212136
2021-04-22,17.86,17.89,18.15,17.71,201961
2021-04-23,17.91,17.77,17.99,17.7,194332
2021-04-26,17.85,18.08,18.27,17.77,189302
2021-04-27,18.2,18.03,18.24,17.9,148519
2021-04-28,18.01,18.23,18.39,17.95,279571
2021-04-29,18.22,18.58,18.68,18.22,306828
2021-04-30,18.48,18.71,18.74,18.395,221689
2021-05-03,18.71,19.31,19.32,18.71,268067
2021-05-04,19.31,19.43,19.6965,19.22,199141
2021-05-05,19.47,19.22,19.37,19.21,75312
2021-05-06,19.22,17.49,19.2626,17.4,331950
2021-05-07,17.67,18.25,18.27,17.4125,123754
2021-05-10,18.25,17.55,18.26,17.4348,161934
2021-05-11,17.41,16.99,17.54,16.93,333777
2021-05-12,16.97,16.8,17.47,16.78,392244
2021-05-13,16.92,16.41,17.15,16.1567,450997
2021-05-14,16.5,17.0,17.04,16.29,960145
2021-05-17,17.13,18.31,18.64,16.75,416431
2021-05-18,18.34,18.64,18.85,18.06,159339
2021-05-19,18.41,18.67,18.7794,18.27,265128
2021-05-20,18.55,18.59,18.9,18.5458,223059
2021-05-21,18.61,18.66,18.9802,18.61,141267
2021-05-24,19.17,18.74,19.6,18.73,295110
2021-05-25,18.78,18.67,19.0816,18.6,229080
2021-05-26,18.77,18.84,18.95,18.38,438058
2021-05-27,18.95,18.5,18.95,18.45,167608
2021-05-28,18.52,18.18,18.71,18.14,190829
2021-06-01,18.71,19.02,19.1,18.24,257344
2021-06-02,19.12,19.35,19.55,19.0201,209593
2021-06-03,19.23,18.82,19.275,18.5,265544
2021-06-04,18.92,19.17,19.2,18.7,240644
2021-06-07,19.17,18.93,19.22,18.68,333368
2021-06-08,19.5,22.05,22.47,19.15,1583890
2021-06-09,22.12,21.35,22.2815,20.725,519315
2021-06-10,21.48,22.55,22.59,21.45,579559
2021-06-11,22.53,22.14,22.82,21.8201,576428
2021-06-14,22.54,22.98,23.5,22.4,808168
2021-06-15,22.98,23.32,23.34,22.5,380809
2021-06-16,23.23,24.01,24.14,23.2,681166
2021-06-17,23.94,23.91,24.02,23.56,524327
2021-06-18,23.86,24.0,24.18,23.73,1367387
2021-06-21,24.02,23.7,24.48,23.45,762246
2021-06-22,23.71,23.77,24.55,23.63,791691
2021-06-23,23.95,22.6,24.2,22.59,614688
2021-06-24,22.65,22.4,22.73,22.04,378089
2021-06-25,22.51,21.87,22.7165,21.75,2745292
2021-06-28,21.71,21.85,21.97,21.5,226680
2021-06-29,21.93,21.47,21.93,21.09,476333
2021-06-30,21.54,22.06,22.28,21.2,244271
2021-07-01,22.1,21.61,22.11,21.45,275540
2021-07-02,21.53,20.96,21.585,20.92,191419
2021-07-06,21.01,20.57,21.22,20.25,373248
2021-07-07,20.46,21.33,21.57,20.46,417899
2021-07-08,21.2,21.36,21.39,20.53,491646
2021-07-09,21.24,21.17,21.37,20.46,340764
2021-07-12,21.15,20.96,21.24,20.47,242462
2021-07-13,20.94,20.15,21.14,19.86,484229
2021-07-14,20.26,20.07,20.39,19.85,138336
2021-07-15,19.89,19.95,20.02,19.25,329333
2021-07-16,20.07,20.23,20.42,19.81,207914
2021-07-19,20.1,20.18,20.7,19.85,355237
2021-07-20,20.63,22.65,23.79,20.42,1118707
2021-07-21,22.77,22.04,22.88,21.2,799810
2021-07-22,21.83,22.69,23.74,21.75,721148
2021-07-23,22.95,23.11,23.5999,22.01,351601
2021-07-26,23.0,23.35,23.955,22.8,267514
2021-07-27,23.3,22.7,23.3291,22.21,307576
2021-07-28,22.94,22.85,23.46,22.51,214878
2021-07-29,22.91,23.38,23.66,22.65,192182
2021-07-30,23.19,21.97,23.28,21.89,205221
2021-08-02,22.18,22.83,23.24,22.03,232354
2021-08-03,22.9,23.12,23.19,22.19,161705
2021-08-04,23.06,23.9,24.47,23.06,519361
2021-08-05,23.95,23.05,24.0,23.03,218703
2021-08-06,23.04,22.85,23.47,22.45,241910
2021-08-09,22.96,23.44,23.79,22.96,585998
2021-08-10,23.56,22.69,23.77,22.29,259884
2021-08-11,22.89,22.52,22.95,22.44,252473
2021-08-12,22.42,21.68,22.8,21.58,162968
2021-08-13,21.96,22.0,22.14,21.02,143329
2021-08-16,21.79,21.43,22.0828,21.1,251748
2021-08-17,21.17,20.3,21.445,20.07,277026
2021-08-18,20.15,20.28,20.64,20.01,132834
2021-08-19,20.19,20.13,20.37,19.91,256285
2021-08-20,20.01,19.75,20.46,19.55,209860
2021-08-23,20.25,20.55,20.72,19.93,190719
2021-08-24,20.6,20.6,20.84,20.19,192358
2021-08-25,20.71,20.92,21.15,20.41,394039
2021-08-26,21.18,21.37,21.66,20.84,221515
2021-08-27,21.46,21.84,22.06,21.09,223272
2021-08-30,21.71,22.03,22.17,21.51,334910
2021-08-31,22.02,21.49,22.2,21.191,239424
2021-09-01,21.51,22.14,22.3,21.39,254859
2021-09-02,22.37,22.11,22.59,21.85,207026
2021-09-03,22.01,22.09,22.26,21.84,101344
2021-09-07,22.02,22.01,22.1338,21.79,219896
2021-09-08,21.9,21.9,22.01,21.17,271871
2021-09-09,21.9,22.36,22.58,21.7134,178722
2021-09-10,22.49,22.31,22.75,21.975,88119
2021-09-13,22.33,22.42,22.73,21.98,151564
2021-09-14,22.85,22.5,23.02,22.16,494686
2021-09-15,22.38,22.49,22.945,21.805,321837
2021-09-16,22.32,21.79,22.63,21.57,463831
2021-09-17,21.98,21.29,21.98,21.14,518028
2021-09-20,20.99,21.07,21.43,20.76,405526
2021-09-21,21.15,21.47,21.765,20.95,350347
2021-09-22,21.58,21.4,21.66,21.08,243531
2021-09-23,21.59,21.92,22.74,21.485,366716
2021-09-24,21.81,22.02,22.46,21.62,255960
2021-09-27,22.0,22.25,22.81,21.57,517730
2021-09-28,22.13,22.38,22.63,21.88,271751
2021-09-29,22.39,22.82,23.07,22.38,659708
2021-09-30,22.86,22.89,23.41,21.85,1016051
2021-10-01,23.22,23.2,23.67,22.86,928852
2021-10-04,23.33,23.52,23.94,22.67,824723
2021-10-05,25.0,21.49,25.25,21.34,1504074
2021-10-06,21.64,22.37,22.48,20.4,985221
2021-10-07,22.26,22.77,22.92,22.19,640842
2021-10-08,22.91,22.42,23.43,22.38,330238
2021-10-11,22.37,22.07,22.6,21.7,486653
2021-10-12,22.24,22.4,22.8,22.12,986232
2021-10-13,21.17,21.38,21.7,20.77,649928
2021-10-14,21.5,21.18,21.64,20.7,572949
2021-10-15,21.27,19.66,21.48,19.48,6158224
2021-10-18,19.65,19.64,20.235,19.28,3036028
2021-10-19,19.73,20.05,20.18,19.505,1501776
2021-10-20,19.96,19.83,20.14,19.521,1177643
2021-10-21,19.9,19.52,19.99,19.2,885250
2021-10-22,19.5,19.82,19.86,19.38,653282
2021-10-25,19.89,19.35,20.07,19.33,539307
2021-10-26,19.5,19.92,20.12,19.32,930742
2021-10-27,19.98,20.19,20.41,19.875,561037
2021-10-28,20.28,19.84,20.74,19.7,680089
2021-10-29,19.73,19.34,19.89,19.19,370880
2021-11-01,19.37,19.7,19.72,18.93,772752
2021-11-02,19.78,20.78,20.835,19.75,663948
2021-11-03,20.7,20.48,20.85,20.42,270293
2021-11-04,20.51,20.29,20.77,20.2,458980
2021-11-05,20.39,20.64,20.66,20.21,648093
2021-11-08,20.75,20.29,20.8,20.13,402631
2021-11-09,20.41,20.4,20.6,19.9,933834
2021-11-10,20.28,19.72,20.45,19.4225,654276
2021-11-11,19.83,19.96,19.99,19.54,612544
2021-11-12,20.06,20.13,20.46,19.86,577851
2021-11-15,20.15,19.76,20.3,19.69,569695
2021-11-16,19.82,20.27,20.29,19.69,744705
2021-11-17,20.07,20.17,20.44,19.97,620603
2021-11-18,20.09,19.66,20.2,19.495,462412
2021-11-19,19.56,19.64,19.94,19.55,481409
2021-11-22,19.66,19.0,19.69,18.99,487585
2021-11-23,19.1,19.14,19.44,18.8,569370
2021-11-24,19.24,19.53,19.54,19.06,298294
2021-11-26,19.11,19.57,19.78,19.11,311333
2021-11-29,19.57,19.45,19.78,19.23,711618
2021-11-30,19.3,19.21,19.52,18.93,1236248
2021-12-01,19.32,18.35,19.69,18.32,381431
2021-12-02,18.46,18.68,18.8632,18.29,291772
2021-12-03,18.73,19.12,19.13,18.495,725825
2021-12-06,19.17,19.79,19.79,19.1,667512
2021-12-07,20.01,20.07,20.0795,19.6,596198
2021-12-08,20.07,20.45,20.48,19.95,677239
2021-12-09,20.35,20.64,21.34,20.053,654124
2021-12-10,20.58,21.18,21.18,20.08,598239
2021-12-13,21.11,22.22,22.355,20.81,822576
2021-12-14,22.28,22.14,22.57,21.9215,573514
2021-12-15,22.1,22.41,22.48,21.67,580011
2021-12-16,22.5,22.43,23.23,22.29,602710
2021-12-17,22.28,21.8,22.8,21.72,3413899
2021-12-20,21.5,21.9,21.97,21.16,338321
2021-12-21,21.88,22.26,22.46,21.75,320371
2021-12-22,22.21,22.56,22.69,21.98,239133
2021-12-23,22.59,22.48,22.7,22.28,287392
2021-12-27,22.47,23.0,23.05,22.41,260255
2021-12-28,23.02,22.89,23.22,22.52,420012
2021-12-29,23.0,22.92,23.12,22.76,201619
2021-12-30,23.08,23.26,23.38,22.94,236790
2021-12-31,23.16,23.34,23.42,22.99,196467
2022-01-03,23.15,23.33,23.47,22.83,494087
2022-01-04,23.16,23.05,23.57,22.83,345758
2022-01-05,23.0,22.76,23.415,22.71,273248
2022-01-06,22.69,22.33,23.08,22.22,230243
2022-01-07,22.2,22.29,22.7,22.11,385264
2022-01-10,22.22,21.73,22.22,21.49,323392
2022-01-11,21.72,22.08,22.26,21.57,233926
2022-01-12,22.2,21.86,22.28,21.82,395923
2022-01-13,21.91,21.45,21.91,21.38,233151
2022-01-14,21.32,21.53,21.56,21.09,303963
2022-01-18,21.29,20.51,21.36,20.395,437274
2022-01-19,20.49,20.24,20.7,20.2,264091
2022-01-20,20.31,20.12,20.68,20.04,296919
2022-01-21,20.12,19.73,20.53,19.7,325133
2022-01-24,19.56,20.49,20.56,19.21,386257
2022-01-25,20.19,20.14,20.38,19.64,304158
2022-01-26,20.4,19.23,20.42,19.15,279520
2022-01-27,19.43,18.98,19.51,18.95,369626
2022-01-28,18.95,19.29,19.34,18.49,349476
2022-01-31,19.22,19.96,19.99,19.22,310884
2022-02-01,19.87,19.94,20.29,19.39,434326
2022-02-02,19.82,20.02,20.28,19.48,588842
2022-02-03,19.82,19.46,19.95,19.43,246601
2022-02-04,19.35,19.52,19.579,19.08,345412
2022-02-07,19.5,19.79,19.98,19.5,230315
2022-02-08,19.66,19.94,19.96,19.5601,124072
2022-02-09,20.0,20.34,20.45,19.975,206367
2022-02-10,20.0,19.8,20.44,19.63,260373
2022-02-11,19.87,19.57,20.03,19.52,257601
2022-02-14,19.66,19.49,19.84,19.19,191666
2022-02-15,19.75,19.45,19.98,19.33,159548
2022-02-16,19.36,19.48,19.51,19.13,150718
2022-02-17,19.26,19.45,19.53,19.09,194879
2022-02-18,19.42,19.35,19.65,19.22,207259
2022-02-22,19.28,19.43,19.65,19.12,184057
2022-02-23,19.51,18.71,19.615,18.65,165889
2022-02-24,18.25,19.29,19.39,18.25,287496
2022-02-25,19.32,19.69,19.78,19.16,143056
2022-02-28,19.45,19.62,19.745,19.27,302813
2022-03-01,19.56,19.25,19.76,19.15,234647
2022-03-02,19.34,19.28,19.49,19.12,285765
2022-03-03,19.34,18.86,19.34,18.75,138198
2022-03-04,18.67,18.59,18.71,18.22,147406
2022-03-07,18.67,18.2,18.73,18.13,178858
2022-03-08,18.07,18.08,18.62,17.94,186552
2022-03-09,18.42,18.39,18.61,18.13,183878
2022-03-10,17.93,18.1,18.17,17.8,383736
2022-03-11,18.72,17.54,18.72,17.29,500421
2022-03-14,17.6,17.53,18.45,17.46,498343
2022-03-15,17.63,17.28,17.83,17.2,359991
2022-03-16,17.48,17.74,17.95,17.3,663459
2022-03-17,17.7,17.92,18.28,17.69,381030
2022-03-18,17.77,17.98,18.03,17.51,351970
2022-03-21,17.89,17.56,18.04,17.44,202431
2022-03-22,17.7,17.9,17.97,17.61,274010
2022-03-23,17.8,17.58,17.895,17.375,267738
2022-03-24,17.62,17.76,17.835,17.31,381548
2022-03-25,17.9,17.36,18.0,17.225,155277
2022-03-28,18.43,18.77,18.91,17.87,886360
2022-03-29,19.19,18.96,19.41,18.77,554510
2022-03-30,18.84,18.37,18.99,18.16,225773
2022-03-31,18.24,18.19,18.53,18.16,254682
2022-04-01,18.33,18.62,18.65,18.16,294351
2022-04-04,18.76,18.53,18.76,18.46,327230
2022-04-05,18.47,18.48,18.79,18.34,358119
2022-04-06,18.26,18.57,18.68,18.25,275098
2022-04-07,18.49,18.51,18.77,18.31,354348
2022-04-08,18.51,18.59,18.74,18.25,295307
2022-04-11,18.49,18.49,18.95,18.4,261460
2022-04-12,18.42,18.41,18.69,18.38,174255
2022-04-13,18.5,18.83,19.0,18.38,173563
2022-04-14,18.86,18.63,19.264,18.545,519317
2022-04-18,18.5,18.79,19.04,18.3515,285963
2022-04-19,18.69,18.9,19.04,18.63,418338
2022-04-20,18.9,18.88,19.237,18.855,180610
2022-04-21,19.03,18.87,19.045,18.579,284994
2022-04-22,18.9,18.9,19.11,18.5865,226081
2022-04-25,18.96,19.31,19.31,18.76,210384
2022-04-26,19.12,18.94,19.47,18.9,248602
2022-04-27,18.84,19.05,19.28,18.7401,270439
2022-04-28,19.11,19.42,19.48,19.02,221939
2022-04-29,19.24,19.42,19.55,19.21,386297
2022-05-02,19.44,19.59,19.73,19.15,404089
2022-05-03,19.58,19.76,19.84,19.5125,285757
2022-05-04,19.69,20.25,20.25,19.61,363566
2022-05-05,20.02,19.83,20.1,19.55,329496
2022-05-06,19.68,19.61,20.005,19.24,923071
2022-05-09,19.34,19.5,19.77,19.17,438618
2022-05-10,19.67,19.75,19.81,19.14,506871
2022-05-11,19.82,18.64,20.075,18.62,311756
2022-05-12,18.63,19.34,19.49,18.63,277606
2022-05-13,19.47,20.23,20.25,19.47,298799
2022-05-16,20.06,19.87,20.13,19.855,225352
2022-05-17,20.08,20.14,20.19,19.795,202572
2022-05-18,19.89,18.96,20.05,18.84,247325
2022-05-19,19.08,18.84,19.16,18.6,453304
2022-05-20,19.01,19.17,19.31,18.61,260514
2022-05-23,19.35,19.4,19.48,19.09,160261
2022-05-24,19.26,19.36,19.46,19.01,180243
2022-05-25,19.41,19.31,19.5,19.1,355361
2022-05-26,19.41,19.69,19.76,19.41,364850
2022-05-27,19.83,19.93,20.02,19.58,281370
2022-05-31,19.52,19.65,19.92,19.5,399312
2022-06-01,19.59,19.45,19.65,18.97,278114
2022-06-02,19.63,20.07,20.13,19.49,345973
2022-06-03,21.3,20.83,22.29,20.23,1055261
2022-06-06,21.12,21.0,21.9537,20.92,381881
2022-06-07,20.72,21.12,21.155,20.57,270675
2022-06-08,21.06,20.59,21.08,20.57,213281
2022-06-09,20.47,20.38,20.75,20.29,266946
2022-06-10,20.06,20.24,20.32,19.85,243432
2022-06-13,20.0,19.41,20.03,19.3,210779
2022-06-14,19.36,19.68,19.8733,19.26,359300
2022-06-15,19.85,19.69,20.05,19.66,249201
2022-06-16,19.33,19.73,19.895,19.06,431279
2022-06-17,19.79,19.34,20.2,19.17,1013619
2022-06-21,19.35,20.17,20.34,19.35,234846
2022-06-22,20.04,20.02,20.27,19.92,500332
2022-06-23,20.11,21.0,21.14,20.0,490072
2022-06-24,21.23,21.45,21.45,20.95,867854
2022-06-27,21.5,21.5,21.6,21.09,412296
2022-06-28,21.58,20.97,21.87,20.91,455596
2022-06-29,20.98,21.6,21.68,20.82,435448
2022-06-30,21.48,21.06,21.77,20.945,545979
2022-07-01,20.91,20.0,20.985,19.6,871383
2022-07-05,20.01,21.15,21.29,19.96,362411
2022-07-06,21.12,20.73,21.36,20.64,323451
2022-07-07,19.29,18.87,19.33,18.59,2885323
2022-07-08,18.77,18.97,19.0,18.7012,933674
2022-07-11,18.87,18.53,18.88,18.42,702620
2022-07-12,18.63,18.64,18.78,18.35,547309
2022-07-13,18.45,18.63,18.73,18.29,825594
2022-07-14,18.39,18.63,18.735,18.23,359961
2022-07-15,18.89,18.73,18.9,18.53,371245
2022-07-18,18.95,18.46,18.95,18.45,488314
2022-07-19,18.73,18.71,18.87,18.52,322121
2022-07-20,18.82,18.6,18.85,18.54,418670
2022-07-21,18.64,18.6,18.8,18.41,450430
2022-07-22,18.51,17.96,18.64,17.76,1152415
2022-07-25,17.92,18.08,18.22,17.72,796707
2022-07-26,18.1,17.91,18.16,17.81,1140500
2022-07-27,18.16,18.51,18.58,17.86,654975
2022-07-28,18.37,18.72,18.8,18.315,391776
2022-07-29,18.7,18.34,18.8,18.29,396881
2022-08-01,18.38,18.26,18.4,18.19,265092
2022-08-02,18.1,18.43,18.455,18.03,383659
2022-08-03,18.41,18.57,18.63,18.36,294710
2022-08-04,18.69,18.76,18.78,18.54,269299
2022-08-05,18.61,18.86,18.92,18.55,221279
2022-08-08,18.86,18.83,19.035,18.67,340921
2022-08-09,18.89,18.68,18.995,18.57,487614
2022-08-10,18.84,18.73,19.0,18.61,259278
2022-08-11,18.91,18.76,19.0,18.75,579758
2022-08-12,18.88,18.93,18.98,18.8,352639
2022-08-15,18.9,19.08,19.17,18.81,329522
2022-08-16,19.12,19.23,19.32,19.0,299755
2022-08-17,19.05,18.98,19.08,18.81,258535
2022-08-18,18.91,19.2,19.385,18.91,643116
2022-08-19,19.22,19.17,19.27,19.015,497999
2022-08-22,19.12,18.91,19.27,18.835,370082
2022-08-23,18.83,18.63,18.88,18.51,466426
2022-08-24,18.73,18.73,19.025,18.6,261249
2022-08-25,18.73,19.06,19.06,18.66,245685
2022-08-26,19.09,18.62,19.09,18.55,211320
2022-08-29,18.46,18.64,19.0,18.35,531538
2022-08-30,18.67,18.3,18.67,18.29,469078
2022-08-31,18.35,18.24,18.38,18.1825,565967
2022-09-01,18.08,18.38,18.39,17.865,400928
2022-09-02,18.42,18.4,18.78,18.32,336949
2022-09-06,18.42,18.53,18.9,18.365,551349
2022-09-07,18.57,18.53,18.785,18.255,410831
2022-09-08,18.39,18.28,18.53,18.09,369011
2022-09-09,18.32,18.3,18.38,18.16,527883
2022-09-12,18.4,18.29,18.44,18.055,425817
2022-09-13,18.03,17.38,18.12,17.38,593323
2022-09-14,17.16,16.86,17.345,16.42,888247
2022-09-15,15.96,15.07,16.06,14.95,1767737
2022-09-16,14.91,14.31,15.03,14.24,1827475
2022-09-19,14.24,14.95,14.97,14.17,1299339
2022-09-20,14.57,14.67,14.78,14.48,485157
2022-09-21,14.6,14.56,14.88,14.4,614314
2022-09-22,14.41,14.39,14.57,14.0501,647481
2022-09-23,14.33,14.6,14.61,14.0,598599
2022-09-26,14.65,14.37,14.76,14.3443,722237
2022-09-27,14.43,14.31,14.73,14.14,683002
2022-09-28,14.49,14.81,15.125,14.39,1038061
2022-09-29,14.41,13.81,14.75,12.64,1933036
2022-09-30,13.79,14.43,14.47,13.645,1374055
2022-10-03,14.56,14.11,14.94,13.9989,1917072
2022-10-04,14.25,14.79,14.82,14.07,968978
2022-10-05,14.6,14.81,15.04,14.57,928955
2022-10-06,14.73,15.1,15.2,14.65,737535
2022-10-07,15.05,14.53,15.18,14.53,1033671
2022-10-10,14.59,14.43,14.755,14.345,515331
2022-10-11,14.66,14.53,14.809,14.26,941961
2022-10-12,14.59,14.58,14.7,14.4301,527501
2022-10-13,14.33,14.64,14.78,14.18,420665
2022-10-14,14.83,14.24,14.89,14.21,532715
2022-10-17,14.55,14.75,14.8,14.51,511687
2022-10-18,15.01,14.6,15.3096,14.53,544502
2022-10-19,14.5,14.28,14.56,14.12,457547
2022-10-20,14.31,13.8,14.33,13.715,410235
2022-10-21,13.8,13.87,14.0,13.56,4452326
2022-10-24,13.89,14.69,14.71,13.89,680290
2022-10-25,14.69,15.22,15.3,14.66,447822
2022-10-26,15.32,14.86,15.38,14.75,352136
2022-10-27,14.94,14.7,15.08,14.7,273135
2022-10-28,14.79,14.89,14.97,14.71,286910
2022-10-31,14.79,14.62,14.98,14.61,327617
2022-11-01,14.83,14.77,14.95,14.56,402260
2022-11-02,14.77,14.23,14.89,14.21,391612
2022-11-03,14.03,14.15,14.38,14.01,266048
2022-11-04,14.34,14.33,14.4,14.11,269559
2022-11-07,14.33,14.29,14.41,14.1,394900
2022-11-08,14.4,14.32,14.59,14.16,310589
2022-11-09,14.29,13.76,14.37,13.73,306572
2022-11-10,14.34,14.75,14.78,14.26,427526
2022-11-11,14.67,14.46,14.67,14.3,381303
2022-11-14,14.47,14.78,14.94,14.3,399072
2022-11-15,14.99,14.57,15.08,14.38,301666
2022-11-16,14.54,14.77,14.86,14.335,337368
2022-11-17,14.67,15.2,15.25,14.5787,519941
2022-11-18,15.43,15.29,15.609,15.16,392550
2022-11-21,15.25,15.48,15.84,15.12,1180859
2022-11-22,15.58,15.72,15.84,15.34,1161544
2022-11-23,15.79,16.19,16.3,15.79,1106902
2022-11-25,15.91,16.27,16.52,15.91,1027714
2022-11-28,16.04,16.18,16.79,16.04,1315942
2022-11-29,16.09,15.52,16.1,15.04,512309
2022-11-30,15.62,16.06,16.06,15.53,426602
2022-12-01,16.15,16.07,16.53,15.93,540701
2022-12-02,15.85,16.31,16.33,15.78,329174
2022-12-05,16.13,16.38,16.47,16.09,465414
2022-12-06,16.35,15.97,16.35,15.89,410196
2022-12-07,16.03,15.8,16.122,15.7,603588
2022-12-08,17.09,16.63,17.51,15.875,995637
2022-12-09,16.61,16.62,16.94,16.535,702785
2022-12-12,16.84,17.29,17.34,16.83,749845
2022-12-13,17.57,17.33,17.72,17.18,616861
2022-12-14,17.31,17.77,17.92,17.19,958408
2022-12-15,17.53,16.85,17.56,16.84,567146
2022-12-16,16.73,16.7,16.97,16.58,1095814
2022-12-19,16.64,16.66,16.91,16.471,483352
2022-12-20,16.59,16.28,16.61,16.23,460278
2022-12-21,16.34,16.35,16.54,16.24,306021
2022-12-22,16.28,16.37,16.52,15.87,493570
2022-12-23,16.32,16.58,16.58,16.16,273676
2022-12-27,16.6,16.39,16.61,16.3,318642
2022-12-28,16.42,16.16,16.48,16.1,377678
2022-12-29,16.23,16.44,16.51,16.19,279550
2022-12-30,16.32,16.57,16.615,16.12,332169
2023-01-03,16.7,16.27,16.798,16.25,467950
2023-01-04,16.45,16.25,16.58,16.21,333589
2023-01-05,16.18,15.73,16.18,15.625,325633
2023-01-06,15.86,16.15,16.17,15.72,472094
2023-01-09,16.09,15.92,16.4,15.92,218888
2023-01-10,15.95,15.95,16.18,15.85,351837
2023-01-11,16.02,16.09,16.14,15.82,329171
2023-01-12,16.06,16.1,16.199,15.88,317412
2023-01-13,16.08,16.28,16.3,15.94,430407
2023-01-17,16.27,16.18,16.565,16.16,301329
2023-01-18,16.14,15.94,16.21,15.86,595554
2023-01-19,15.94,15.66,15.99,15.625,499412
2023-01-20,15.75,16.3,16.31,15.58,302217
2023-01-23,16.28,16.41,16.55,16.23,287856
2023-01-24,16.34,16.78,16.82,16.34,224786
2023-01-25,16.62,16.86,16.89,16.58,244095
2023-01-26,16.93,16.5,16.98,16.455,196295
2023-01-27,16.43,16.41,16.77,16.29,460119
2023-01-30,16.35,16.26,16.55,16.26,279037
2023-01-31,16.39,16.18,16.4,16.0,427438
2023-02-01,16.18,16.59,16.64,16.11,544276
2023-02-02,16.73,16.48,16.73,16.22,383779
2023-02-03,16.36,16.28,16.48,16.15,424971
2023-02-06,16.27,16.46,16.47,16.19,633239
2023-02-07,16.38,15.54,16.42,15.48,430065
2023-02-08,15.5,15.29,15.76,15.25,453794
2023-02-09,15.5,14.99,15.56,14.97,421705
2023-02-10,14.94,14.98,15.16,14.92,544003
2023-02-13,15.01,15.44,15.45,15.01,491829
2023-02-14,15.42,15.45,15.5,15.28,228544
2023-02-15,15.4,15.4,15.51,15.29,200408
2023-02-16,15.22,15.66,15.77,15.162,502745
2023-02-17,15.74,15.62,15.94,15.56,540764
2023-02-21,15.45,15.34,15.53,15.3,347725
2023-02-22,15.42,15.38,15.53,15.32,312676
2023-02-23,15.45,15.46,15.59,15.21,285652
2023-02-24,15.33,15.42,15.47,15.205,207937
2023-02-27,15.53,15.2,15.54,15.145,217727
2023-02-28,15.19,15.25,15.39,15.14,493523
2023-03-01,15.19,14.8,15.22,14.34,724053
2023-03-02,14.81,14.97,15.16,14.68,328713
2023-03-03,15.01,15.17,15.24,14.88,289097
2023-03-06,15.18,15.11,15.275,15.08,311120
2023-03-07,15.12,14.77,15.12,14.7298,245184
2023-03-08,14.77,14.99,15.03,14.67,414752
2023-03-09,16.3,15.67,16.63,15.08,1779349
2023-03-10,15.62,15.43,15.87,15.25,731709
2023-03-13,15.27,15.46,15.79,15.18,489528
2023-03-14,15.65,15.5,15.7,15.34,552571
2023-03-15,15.36,15.61,15.63,15.265,453846
2023-03-16,15.64,15.56,15.74,15.435,711215
2023-03-17,15.59,15.43,15.68,15.32,754800
2023-03-20,15.47,15.61,15.73,15.43,463311
2023-03-21,15.62,15.81,15.82,15.42,519959
2023-03-22,15.86,15.43,15.94,15.41,614632
2023-03-23,15.39,15.21,15.465,15.05,500658
2023-03-24,15.23,15.61,15.61,15.1,417540
2023-03-27,15.7,15.65,15.77,15.56,331450
2023-03-28,15.67,15.56,15.71,15.51,349345
2023-03-29,15.69,15.69,15.73,15.62,277694
2023-03-30,15.79,15.64,15.8421,15.54,236908
2023-03-31,15.72,15.9,15.9,15.61,463063
2023-04-03,15.92,16.05,16.11,15.74,520986
2023-04-04,15.33,15.03,15.36,14.75,2620878
2023-04-05,15.11,14.89,15.13,14.69,792214
2023-04-06,14.91,15.14,15.17,14.79,1050801
2023-04-10,15.09,15.03,15.22,14.96,639602
2023-04-11,14.96,15.05,15.18,14.96,478478
2023-04-12,15.09,14.98,15.19,14.93,406436
2023-04-13,15.02,14.94,15.11,14.93,649673
2023-04-14,14.98,14.75,15.02,14.68,492526
2023-04-17,14.76,14.8,14.855,14.63,598713
2023-04-18,14.81,14.94,14.97,14.61,788648
2023-04-19,14.96,15.07,15.1,14.83,514624
2023-04-20,15.01,15.03,15.17,14.97,503219
2023-04-21,15.07,15.0,15.09,14.95,428269
2023-04-24,15.0,14.94,15.06,14.82,333018
2023-04-25,14.87,14.84,14.87,14.715,333282
2023-04-26,14.78,14.91,14.93,14.78,929402
2023-04-27,14.89,15.09,15.09,14.84,517940
2023-04-28,15.09,15.1,15.155,15.05,349199
2023-05-01,15.08,15.3,15.33,15.02,728958
2023-05-02,15.31,15.14,15.37,15.04,563509
2023-05-03,15.16,15.01,15.24,14.97,550627
2023-05-04,14.96,14.77,14.97,14.705,422779
2023-05-05,14.92,14.62,15.05,14.545,760487
2023-05-08,14.6,14.65,14.73,14.555,358311
2023-05-09,14.61,14.41,14.61,14.4,339189
2023-05-10,14.49,14.48,14.63,14.355,522029
2023-05-11,14.46,14.42,14.47,14.23,339787
2023-05-12,14.45,14.1,14.48,14.04,776888
2023-05-15,14.14,14.16,14.22,14.01,682556
2023-05-16,14.1,13.97,14.1,13.93,437287
2023-05-17,13.96,13.89,14.015,13.855,494647
2023-05-18,13.86,13.97,13.99,13.72,955643
2023-05-19,14.05,13.68,14.05,13.66,481562
