2017-11-08,0.375,0.075,0.375,0.075,1066
2017-11-10,0.075,0.075,0.075,0.075,123
2017-11-13,0.075,0.075,0.075,0.075,133
2017-11-14,0.75,0.75,0.75,0.75,66
2017-11-15,1.2375,1.2375,1.2375,1.2375,133
2017-11-16,0.07515,0.07515,0.07515,0.07515,133
2017-11-27,0.075,0.075,0.075,0.075,266
2017-11-29,0.075,0.075,0.075,0.075,133
2017-12-01,0.075,0.075,0.075,0.075,133
2017-12-05,0.075,0.075,0.075,0.075,266
2017-12-11,0.075,0.075,0.075,0.075,133
2017-12-12,0.075,0.075,0.075,0.075,133
2017-12-14,0.225,0.225,0.225,0.225,133
2017-12-15,0.075,0.225,0.225,0.075,400
2017-12-18,0.075,0.075,0.075,0.075,133
2017-12-19,0.075,0.075,0.075,0.075,133
2017-12-20,0.075,0.075,0.075,0.075,266
2017-12-22,0.075,0.075,0.075,0.075,133
2017-12-28,0.075,0.075,0.075,0.075,133
2018-01-02,0.075,0.375,0.375,0.075,266
2018-01-10,0.075,0.075,0.075,0.075,133
2018-01-11,0.075,0.075,0.075,0.075,133
2018-01-18,0.075,0.075,0.075,0.075,133
2018-01-23,0.075,0.075,0.075,0.075,133
2018-01-24,0.075,0.075,0.075,0.075,133
2018-01-29,0.075,0.075,0.075,0.075,132
2018-01-30,0.075,0.075,0.075,0.075,133
2018-02-09,0.075,0.075,0.075,0.075,133
2018-02-22,0.075,0.075,0.075,0.075,133
2018-02-26,0.075,0.075,0.075,0.075,133
2018-03-13,0.076125,0.076125,0.076125,0.076125,133
2018-03-14,0.075,0.075,0.075,0.075,133
2018-03-15,0.09,0.09,0.09,0.09,4533
2018-03-16,0.03,0.15,0.15,0.03,3866
2018-03-23,0.1515,0.1515,0.1515,0.1515,133
2018-04-03,0.2625,0.2625,0.2625,0.2625,133
2018-04-10,0.33,0.375,0.37515,0.33,813
2018-04-12,0.375,0.76485,0.76485,0.375,133
2018-04-13,0.6825,0.6825,0.6825,0.6825,784
2018-04-16,0.765,0.82485,0.82485,0.765,466
2018-04-17,0.345,0.345,0.345,0.345,133
2018-04-24,0.78,0.777,0.78,0.345,633
2018-04-25,0.345,0.825,0.825,0.345,1300
2018-04-27,0.825,0.825,0.825,0.825,66
2018-05-01,0.345,0.345,0.345,0.345,133
2018-05-02,0.825,0.825,0.825,0.825,66
2018-05-03,0.825,0.825,0.825,0.825,66
2018-05-04,0.345,0.825,0.825,0.345,200
2018-05-08,0.345,0.345,0.345,0.345,266
2018-05-14,0.27,0.27,0.27,0.27,3333
2018-05-22,0.5175,0.585,0.585,0.5175,333
2018-05-23,0.555,0.4425,0.6,0.4425,1200
2018-05-31,0.45,0.45,0.45,0.45,265
2018-06-01,0.39,0.52425,0.52425,0.39,600
2018-06-04,0.53175,1.515,1.515,0.53175,200
2018-06-12,0.69,0.69,0.69,0.39,266
2018-06-15,0.39,0.39,0.39,0.39,133
2018-07-03,0.6,0.615,1.425,0.6,5149
2018-07-05,0.51,0.765,0.825,0.51,1678
2018-07-06,0.765,0.9,0.9,0.45,2850
2018-07-09,0.6,0.765,0.765,0.6,866
2018-07-12,0.555,0.66,0.66,0.555,266
2018-07-13,0.555,0.66,0.66,0.555,1333
2018-07-19,0.48,0.48,0.48,0.48,133
2018-07-20,0.72,0.72,0.72,0.72,666
2018-08-02,0.48,0.765,0.765,0.48,933
2018-08-06,0.5625,0.5625,0.5625,0.5625,133
2018-08-10,0.5625,0.5625,0.5625,0.5625,545
2018-08-13,0.5625,0.5625,0.5625,0.5625,266
2018-08-22,0.4875,0.4875,0.723675,0.4875,1733
2018-08-23,0.465,0.465,0.465,0.465,1749
2018-09-04,0.405,0.405,0.405,0.405,666
2018-09-12,0.375,0.375,0.375,0.375,133
2018-09-14,0.375,0.375,0.375,0.375,133
2018-09-18,0.51,0.51,0.51,0.51,133
2018-09-27,0.375,0.36,0.3975,0.3,6064
2018-09-28,0.255,0.39,0.39,0.255,200
2018-10-03,0.255,0.255,0.255,0.255,133
2018-10-10,0.255,0.255,0.255,0.255,133
2018-10-25,0.255,0.255,0.255,0.255,132
2018-11-12,0.3675,0.42,0.42,0.3675,2333
2018-11-13,0.315,0.315,0.315,0.315,2333
2018-11-14,0.315,0.315,0.315,0.315,133
2018-11-19,0.765,0.72,0.825,0.42,5133
2018-11-20,0.705,0.96,0.975,0.705,4633
2018-11-21,0.75,0.825,0.8925,0.75,933
2018-11-23,0.96,0.924,0.96,0.924,233
2018-11-26,0.525,0.525,0.525,0.525,133
2018-11-27,1.035,0.825,1.035,0.765,1400
2018-11-28,1.035,1.1985,1.215,0.99,8915
2018-11-29,1.1985,1.05,1.1985,0.975,2266
2018-11-30,0.84,0.87,0.885,0.84,3000
2018-12-03,0.9,0.9,0.9,0.9,2000
2018-12-04,1.02,1.02,1.02,1.02,666
2018-12-13,0.765,0.765,0.765,0.765,334
2018-12-14,0.765,0.765,0.765,0.765,133
2018-12-18,0.6,0.6,0.6,0.6,133
2018-12-27,0.6,0.6,0.6,0.6,800
2019-01-04,0.45,0.675,0.675,0.45,200
2019-02-07,0.975,0.975,0.975,0.975,66
2019-02-08,0.525,0.975,0.975,0.525,3800
2019-02-14,0.975,1.425,1.425,0.975,1766
2019-02-21,0.78,1.425,1.425,0.78,732
2019-02-22,1.5,0.975,1.5,0.975,933
2019-02-26,1.0275,1.0275,1.0275,1.0275,400
2019-02-27,0.975,0.975,0.975,0.975,132
2019-03-01,0.78,0.78,0.78,0.78,166
2019-03-04,0.78,0.78,0.78,0.78,133
2019-03-06,0.78,0.78,0.78,0.78,66
2019-03-08,0.855,0.855,0.855,0.855,266
2019-03-11,0.78,1.08,1.08,0.78,266
2019-03-26,1.335,1.335,1.335,1.335,66
2019-03-29,1.335,1.335,1.335,1.335,133
2019-04-09,0.705,0.705,0.705,0.705,133
2019-04-10,0.8175,1.2,1.2,0.705,866
2019-04-15,1.2,0.705,1.2,0.705,200
2019-04-16,1.44735,1.5,1.875,1.3275,3412
2019-04-17,1.575,1.65,1.875,1.575,358
2019-04-18,0.975,1.185,1.65,0.975,1440
2019-04-22,1.275,1.89,2.775,0.84,6176
2019-04-23,1.725,1.725,1.725,1.725,110
2019-04-24,1.56,1.5,1.56,1.5,725
2019-04-25,1.5,1.29,1.725,1.215,733
2019-04-26,1.5,1.5,1.5,1.5,133
2019-04-29,1.575,1.575,1.575,1.575,200
2019-04-30,1.575,1.575,1.575,1.575,66
2019-05-02,1.575,1.575,1.575,1.575,200
2019-05-03,1.5,1.2,1.5,1.2,880
2019-05-08,1.485,1.44225,1.485,1.44225,526
2019-05-13,1.2,1.2,1.2,1.2,133
2019-05-15,1.275,1.8,1.8,1.275,533
2019-05-16,2.25,1.7175,2.25,1.7175,1002
2019-05-17,1.695,1.695,1.695,1.695,73
2019-05-20,1.5975,1.275,1.5975,1.275,1475
2019-05-21,1.2,1.2,1.2,1.2,133
2019-05-30,1.2,1.2,1.2,1.2,133
2019-06-10,0.93,0.93,0.93,0.93,800
2019-06-12,1.65,1.5,1.69875,1.125,4766
2019-06-13,1.605,1.935,1.935,1.605,5111
2019-06-14,2.07,1.89,2.07,1.89,966
2019-06-17,1.89,1.875,1.89,1.875,266
2019-06-18,1.5,0.945,1.5,0.945,133
2019-06-20,1.5,2.16,2.16,1.5,1666
2019-06-21,1.88625,2.025,2.025,1.875,666
2019-06-24,1.95,1.95,1.95,1.95,333
2019-06-26,1.95,2.3625,2.3625,1.95,1366
2019-06-27,1.905,3.0,3.75,1.605,7176
2019-06-28,3.6,4.05,4.0875,3.36,1393
2019-07-01,3.75,5.1,5.1,3.75,2828
2019-07-02,3.75,3.75,5.055,3.75,1643
2019-07-03,4.425,6.525,6.525,4.425,836
2019-07-08,NaN,6.525,NaN,NaN,120
2019-07-09,4.57515,4.57515,4.57515,4.57515,206
2019-07-10,4.5,4.05,4.5,4.05,200
2019-07-11,5.52,5.52,5.52,5.52,133
2019-07-12,5.49,5.49,5.49,5.49,66
2019-07-22,5.4,5.4,5.4,5.4,66
2019-08-05,4.875,4.875,4.875,4.875,66
2019-08-14,3.0,3.735,5.25,2.91,1880
2019-08-21,3.6,3.9,3.9,3.6,266
2019-08-26,4.05,3.075,4.05,3.075,200
2019-08-27,3.3,4.2,4.2,3.3,333
2019-08-28,4.05,4.05,4.05,4.05,133
2019-09-03,4.125,4.2,4.245,4.005,600
2019-09-04,4.2,4.275,4.275,4.2,266
2019-09-05,3.075,2.625,3.075,2.625,418
2019-09-06,NaN,2.625,NaN,NaN,12
2019-09-09,3.375,3.1875,3.375,3.0,360
2019-09-10,3.405,3.75,3.75,3.405,393
2019-09-11,3.75,4.125,4.125,3.75,784
2019-09-12,4.125,3.09,5.085,3.09,1520
2019-09-17,3.105,3.105,5.1,3.105,600
2019-09-18,4.125,4.125,4.125,4.125,266
2019-09-23,3.90015,3.9,3.90015,3.9,133
2019-09-26,4.0125,4.0125,4.0125,4.0125,66
2019-10-07,3.9,3.9,3.9,3.9,66
2019-10-11,3.0,3.0,3.0,3.0,133
2019-10-16,3.0,3.0,3.0,3.0,133
2019-10-21,3.51,4.47,4.47,3.51,886
2019-10-22,3.375,4.05,4.05,3.0,400
2019-10-23,4.32,4.32,4.32,4.32,66
2019-10-29,4.35,3.225,4.35,2.25,1266
2019-10-30,3.225,3.825,5.61,3.225,2916
2019-10-31,4.23,4.635,5.07,3.825,733
2019-11-01,4.5375,4.875,4.875,3.975,1004
2019-11-04,4.575,5.1,5.1,4.575,146
2019-11-07,5.1,5.025,5.1,5.025,266
2019-11-08,5.235,5.31,5.31,5.235,293
2019-11-11,5.55,5.625,5.625,5.55,133
2019-11-12,5.76,5.925,5.925,5.76,726
2019-11-13,4.515,6.0,6.0,4.515,774
2019-11-14,6.225,6.225,6.225,6.225,85
2019-11-15,6.66,6.975,6.975,5.625,1725
2019-11-18,NaN,6.975,NaN,NaN,20
2019-11-19,7.125,7.125,7.125,7.125,146
2019-11-22,6.3,6.75,7.2,6.15,2133
2019-11-25,6.795,7.35,7.35,6.165,366
2019-11-29,7.5,7.8,7.8,7.5,133
2019-12-02,6.75,6.75,6.75,6.75,133
2019-12-03,7.35,7.3575,7.425,6.75,900
2019-12-04,6.765,7.95,8.25,6.75,1246
2019-12-05,7.6125,7.95,8.1,7.6125,280
2019-12-10,6.975,6.975,6.975,6.975,166
2019-12-12,6.45,6.9,6.9,4.5,400
2019-12-17,4.71,6.0,6.0,4.65,1533
2019-12-19,6.0,6.0,6.0,6.0,66
2020-01-02,4.95,3.84,4.95,3.84,666
2020-01-03,3.87,5.925,5.925,3.87,666
2020-01-06,5.7,5.25,6.375,4.935,888
2020-01-07,5.505,5.175,6.225,4.5,3348
2020-01-08,4.95,4.95,4.95,4.95,133
2020-01-09,4.9125,5.5125,5.5125,4.575,533
2020-01-10,5.775,6.015,6.81,5.775,2108
2020-01-13,6.825,6.0,6.825,6.0,466
2020-01-14,6.3,6.735,6.735,6.3,266
2020-01-15,5.37,5.985,5.985,4.755,333
2020-01-16,NaN,5.985,NaN,NaN,20
2020-01-17,4.755,4.725,4.755,4.725,333
2020-01-21,4.95,5.61,5.7,4.95,933
2020-01-22,5.775,5.925,5.925,5.25,566
2020-01-29,5.25,5.25,5.25,5.1375,422
2020-02-03,5.25,5.25,5.25,5.25,94
2020-02-04,5.61,5.55,5.6625,4.65,520
2020-02-05,5.82,5.775,5.82,5.775,400
2020-02-06,4.95,4.95,4.95,4.95,116
2020-02-07,5.4,5.805,5.805,5.4,266
2020-02-11,5.6775,5.55,5.6775,5.55,481
2020-02-12,5.1,5.5125,5.5125,5.1,200
2020-02-27,4.5,5.25,5.25,4.5,333
2020-03-02,4.5,4.5,4.5,4.5,133
2020-03-03,4.5,5.22,5.22,4.2,466
2020-03-04,5.1,5.1,5.535,5.1,633
2020-03-05,5.445,5.835,5.835,5.445,305
2020-03-10,NaN,5.835,NaN,NaN,8
2020-03-11,4.5,4.005,4.5,4.005,133
2020-03-12,4.62,5.235,5.235,4.5,266
2020-03-19,4.08,4.965,4.965,4.08,296
2020-03-20,NaN,4.965,NaN,NaN,0
2020-03-26,5.25,5.25,5.25,5.25,66
2020-03-27,4.35,4.8,4.8,4.35,133
2020-03-31,4.005,4.275,4.485,3.75,466
2020-04-01,NaN,4.275,NaN,NaN,0
2020-04-03,3.015,4.2,4.2,3.015,733
2020-04-20,3.0,3.0,3.0,3.0,133
2020-04-21,3.0,3.675,3.675,3.0,266
2020-04-27,3.9,3.9,3.9,3.9,293
2020-05-01,NaN,3.9,NaN,NaN,0
2020-05-05,2.985,2.985,2.985,2.985,133
2020-05-07,3.885,3.885,3.885,3.885,66
2020-05-12,3.4425,2.985,3.4425,2.985,133
2020-05-13,3.435,3.435,3.435,3.435,73
2020-05-18,3.45,3.885,3.885,3.45,1166
2020-05-19,3.885,5.85,5.865,3.7425,4746
2020-05-20,5.865,5.85,5.865,5.67,500
2020-05-22,5.85,5.85,5.85,4.38,333
2020-06-09,NaN,5.85,NaN,NaN,0
2020-06-12,5.82,5.82,5.82,5.82,66
2020-06-15,4.35,4.35,4.35,4.35,133
2020-06-19,4.38,4.35,4.38,4.35,133
2020-06-22,4.65,4.53,5.61,4.53,466
2020-06-23,4.74,5.52,5.52,4.74,266
2020-06-25,NaN,5.52,NaN,NaN,5
2020-06-26,NaN,5.52,NaN,NaN,0
2020-06-29,NaN,5.52,NaN,NaN,0
2020-07-01,NaN,5.52,NaN,NaN,2
2020-07-02,NaN,5.52,NaN,NaN,0
2020-07-06,NaN,5.52,NaN,NaN,6
2020-07-07,5.52,5.52,5.52,5.52,666
2020-07-08,NaN,5.52,NaN,NaN,13
2020-07-23,4.5,4.5,4.5,4.5,133
2020-07-28,4.6425,4.635,4.6425,4.635,133
2020-07-30,4.635,5.475,5.475,3.75,333
2020-08-05,5.595,5.595,5.595,5.595,66
2020-08-06,5.055,5.055,5.055,5.055,66
2020-08-17,3.375,3.375,4.5,3.375,267
2020-08-18,4.725,5.25,5.25,4.515,400
2020-08-19,5.3625,5.325,5.3625,5.325,133
2020-08-20,NaN,5.325,NaN,NaN,66
2020-08-21,NaN,5.325,NaN,NaN,0
2020-08-24,5.3925,5.385,5.3925,5.385,200
2020-08-27,NaN,5.385,NaN,NaN,28
2020-08-28,NaN,5.385,NaN,NaN,0
2020-09-02,5.385,5.55,5.625,5.385,800
2020-09-04,5.61,5.61,5.61,5.61,66
2020-09-08,5.475,5.475,5.475,5.475,66
2020-09-09,5.595,5.595,5.6025,5.595,200
2020-09-11,4.8,5.475,5.475,4.8,133
2020-09-14,5.61,5.61,5.61,5.61,66
2020-09-15,4.11,5.61,5.61,4.11,200
2020-09-17,4.725,4.725,4.725,4.725,133
2020-09-18,4.95,5.61,5.61,4.95,1617
2020-09-21,5.6175,5.43,5.8125,5.43,933
2020-09-22,5.7975,5.625,5.8125,5.0475,1066
2020-09-23,5.64,5.5125,5.79,5.2725,1933
2020-09-24,5.55,5.55,5.55,5.55,66
2020-09-25,5.55,5.625,5.625,5.475,233
2020-09-28,5.4,5.4,5.4,5.4,66
2020-10-07,5.31,3.045,5.31,3.045,266
2020-10-08,5.1525,5.1525,5.1525,5.055,133
2020-10-21,NaN,5.1525,NaN,NaN,33
2020-10-22,NaN,5.1525,NaN,NaN,33
2020-10-26,3.09,3.09,3.09,3.09,133
2020-10-28,4.095,4.875,4.875,4.095,353
2020-10-29,3.195,3.75,4.875,3.195,1353
2020-10-30,4.5,4.875,4.95,4.5,446
2020-11-03,5.025,5.025,5.025,5.025,66
2020-11-11,4.95,4.95,4.95,4.95,133
2020-11-24,4.125,4.125,4.125,4.125,166
2020-11-30,4.875,3.225,6.66,3.225,1900
2020-12-01,5.625,5.985,5.985,5.175,733
2020-12-02,NaN,5.985,NaN,NaN,33
2020-12-03,6.0,6.0,6.0,6.0,66
2020-12-08,6.66,6.435,6.66,5.4,533
2020-12-17,NaN,6.435,NaN,NaN,0
2020-12-23,3.06,6.6,6.6,3.06,400
2020-12-24,NaN,6.6,NaN,NaN,0
2020-12-28,NaN,6.6,NaN,NaN,4
2021-01-06,6.0,4.575,6.0,4.575,252
2021-01-07,5.25,5.25,5.25,5.25,383
2021-01-08,6.36,6.57,6.6,5.6175,1504
2021-01-11,NaN,6.57,NaN,NaN,54
2021-01-12,6.48,6.48,6.48,6.48,133
2021-01-13,6.45,6.585,6.6,6.45,280
2021-01-15,6.36,6.36,6.36,6.36,72
2021-01-19,NaN,6.36,NaN,NaN,6
2021-01-20,5.7375,6.0,6.0,3.06,1638
2021-01-21,6.225,6.225,6.225,6.225,66
2021-01-25,4.5,6.0,6.0,4.5,200
2021-01-29,4.5,4.5,4.5,4.5,66
2021-02-01,5.775,5.985,5.985,5.775,133
2021-02-04,5.805,4.335,5.805,4.335,167
2021-02-05,5.25,5.85,5.85,5.25,200
2021-02-09,5.85,5.85,5.85,5.85,218
2021-02-16,3.255,3.255,3.255,3.255,350
2021-02-17,4.5,4.5,5.25,4.5,133
2021-02-18,5.16,4.95,5.16,4.8,466
2021-02-19,3.78,4.95,5.25,3.78,466
2021-02-23,4.92,4.95,4.95,4.92,133
2021-02-24,5.25,4.875,5.7,3.78,400
2021-02-25,4.875,5.7,5.7,4.875,220
2021-03-04,5.775,5.7,5.775,5.7,133
2021-03-10,5.82,5.82,5.82,5.82,66
2021-03-12,4.5,5.4,5.4,4.5,283
2021-03-16,4.8,4.8,4.8,4.8,133
2021-03-17,5.25,5.25,5.25,5.25,133
2021-03-24,NaN,5.25,NaN,NaN,20
2021-03-25,4.4625,5.625,5.625,4.4625,200
2021-04-01,NaN,5.625,NaN,NaN,0
2021-04-06,5.625,5.625,5.625,5.625,90
2021-04-15,4.755,4.755,4.755,4.755,113
2021-04-16,4.71,4.41,4.71,4.41,266
2021-04-19,4.41,5.475,5.475,4.41,466
2021-04-20,5.625,5.625,5.625,5.625,66
2021-04-21,4.875,4.875,4.875,4.875,66
2021-04-22,5.625,5.625,5.625,5.625,514
2021-04-23,5.625,5.625,5.625,5.625,835
2021-04-26,4.875,4.875,4.875,4.875,133
2021-04-27,5.6625,5.625,5.6625,5.625,133
2021-04-28,5.7,6.75,6.75,5.7,266
2021-04-29,NaN,6.75,NaN,NaN,6
2021-04-30,6.75,7.125,7.125,6.75,220
2021-05-03,7.575,8.625,8.625,6.375,608
2021-05-04,8.625,9.075,9.75,8.55,1086
2021-05-05,9.375,10.275,10.5,9.375,959
2021-05-06,12.0,11.235,12.0,10.5,486
2021-05-07,11.25,11.25,11.25,11.25,181
2021-05-11,10.95,10.5,10.95,10.5,200
2021-05-12,10.875,10.5,10.875,10.5,133
2021-05-20,10.395,10.275,10.395,10.275,394
2021-05-21,9.75,9.75,9.75,9.75,66
2021-05-24,NaN,9.75,NaN,NaN,20
2021-05-25,9.0,10.125,10.125,9.0,255
2021-05-26,10.125,9.0,10.125,7.905,873
2021-05-27,NaN,9.0,NaN,NaN,12
2021-05-28,7.905,8.925,8.925,7.905,755
2021-06-03,8.69625,8.69625,8.69625,8.69625,276
2021-06-04,NaN,8.69625,NaN,NaN,0
2021-06-07,7.875,4.89,7.875,4.875,2542
2021-06-08,5.67,7.35,7.35,4.92,273
2021-06-09,NaN,7.35,NaN,NaN,6
2021-06-14,7.47,7.47,7.47,7.47,66
2021-06-15,7.47,7.47,7.47,7.47,133
2021-06-16,NaN,7.47,NaN,NaN,10
2021-06-23,NaN,7.47,NaN,NaN,1
2021-06-24,NaN,7.47,NaN,NaN,16
2021-06-28,NaN,7.47,NaN,NaN,0
2021-06-30,NaN,7.47,NaN,NaN,3
2021-07-07,4.935,4.935,4.935,4.935,66
2021-07-08,6.0,6.0,6.6,6.0,400
2021-07-09,6.45,6.45,6.525,6.0,340
2021-07-13,NaN,6.45,NaN,NaN,50
2021-07-16,4.935,4.935,4.935,4.935,134
2021-07-19,6.15,6.45,6.45,6.15,266
2021-07-20,6.45,6.45,6.45,6.45,113
2021-07-21,6.6,6.6,6.6,6.6,66
2021-07-26,6.6,6.6,6.6,6.6,66
2021-07-27,7.35,7.05,7.35,7.05,133
2021-07-28,7.35,7.35,7.35,7.35,66
2021-07-30,7.425,7.5,7.5,7.425,666
2021-08-02,6.03,7.725,7.725,6.03,200
2021-08-03,7.77,7.77,7.77,7.77,66
2021-08-04,7.8,8.25,8.25,7.8,133
2021-08-09,8.625,7.875,8.625,7.875,186
2021-08-10,7.3125,7.725,7.725,7.125,400
2021-08-11,7.3125,7.125,7.3125,7.125,413
2021-08-12,NaN,7.125,NaN,NaN,20
2021-08-13,6.375,6.375,6.375,6.375,66
2021-08-16,6.75,8.25,8.25,6.75,135
2021-08-17,6.0,8.175,8.175,6.0,320
2021-08-18,6.75,6.75,6.75,6.75,133
2021-08-19,8.175,8.175,8.175,8.175,66
2021-08-27,6.7875,6.7875,6.7875,6.7875,66
2021-08-31,6.45,6.45,6.45,6.45,66
2021-09-03,6.9,6.75,6.9,6.75,133
2021-09-09,NaN,6.75,NaN,NaN,30
2021-09-10,8.25,6.63,8.25,6.63,274
2021-09-13,8.475,8.25,8.475,8.25,133
2021-09-14,6.78,8.4,8.4,6.78,222
2021-09-22,NaN,8.4,NaN,NaN,38
2021-09-27,NaN,8.4,NaN,NaN,24
2021-10-01,NaN,8.4,NaN,NaN,6
2021-10-11,7.5,7.5,7.5,7.5,235
2021-10-15,NaN,7.5,NaN,NaN,50
2021-10-18,6.75,7.5,6.75,6.75,66
2021-10-20,NaN,7.5,NaN,NaN,3
2021-10-22,NaN,7.5,NaN,NaN,40
2021-10-27,6.75,6.75,6.75,6.75,110
2021-10-29,6.315,6.315,6.315,6.315,66
2021-11-01,6.75,7.5,10.5,6.75,2780
2021-11-02,7.5,10.5,10.5,6.39015,2276
2021-11-03,NaN,10.5,NaN,NaN,0
2021-11-04,9.7875,10.125,10.125,9.075,950
2021-11-05,NaN,10.125,NaN,NaN,16
2021-11-08,10.125,10.125,10.125,10.125,673
2021-11-10,NaN,10.125,NaN,NaN,24
2021-11-16,NaN,10.125,NaN,NaN,33
2021-11-19,NaN,10.125,NaN,NaN,9
2021-11-22,10.2,10.2,10.2,10.2,133
2021-11-24,NaN,10.2,NaN,NaN,60
2021-11-26,10.125,10.125,10.125,10.125,233
2021-11-30,10.785,10.785,10.785,10.785,233
2021-12-03,9.84,9.84,9.84,9.84,133
2021-12-08,9.09,9.075,9.09,9.075,166
2021-12-09,NaN,9.075,NaN,NaN,20
2021-12-17,NaN,9.075,NaN,NaN,14
2021-12-21,8.24985,8.24985,8.24985,8.24985,66
2021-12-22,8.25,9.15,10.5,8.25,200
2021-12-23,9.0,9.0,9.0,9.0,72
2021-12-28,NaN,9.0,NaN,NaN,30
2021-12-29,NaN,9.0,NaN,NaN,30
2021-12-30,8.28,8.625,9.0,8.28,333
2021-12-31,9.0,9.045,9.045,9.0,200
2022-01-03,9.375,9.375,9.375,9.375,133
2022-01-05,NaN,9.375,NaN,NaN,3
2022-01-07,8.835,8.835,10.8,8.835,200
2022-01-10,8.25,7.5,8.25,6.03,483
2022-01-11,8.85,8.475,8.85,8.475,423
2022-01-13,NaN,8.475,NaN,NaN,13
2022-01-14,7.53,7.53,7.53,7.53,133
2022-01-18,8.25,8.25,8.625,8.25,333
2022-01-19,7.575,8.355,8.625,7.575,600
2022-01-20,9.0,9.0,9.0,9.0,66
2022-01-28,7.545,7.545,7.545,7.545,133
2022-01-31,7.54515,7.54515,7.54515,7.54515,133
2022-02-03,8.2575,7.545,8.2575,7.545,133
2022-02-04,6.975,7.875,7.875,6.975,433
2022-02-09,6.975,7.5,7.5,6.75,200
2022-02-11,6.33,6.33,6.33,6.33,133
2022-02-14,6.3,6.3,6.3,6.3,66
2022-02-15,5.97,6.3,6.3,5.97,133
2022-02-17,6.3,7.5,8.235,6.0,800
2022-02-22,6.03,6.03,6.03,6.03,133
2022-02-23,7.5,7.5,7.5,7.5,133
2022-02-25,7.875,7.875,7.875,7.875,66
2022-02-28,7.875,7.875,7.875,7.875,66
2022-03-01,6.75,6.75,6.75,6.75,66
2022-03-03,7.8,7.8,7.8,7.8,66
2022-03-10,6.225,6.225,6.225,6.225,66
2022-03-11,7.5,7.35,7.5,7.35,133
2022-03-17,7.35,7.35,7.35,7.35,66
2022-03-22,7.5,7.94985,7.94985,7.5,540
2022-03-23,7.95,7.95,7.95,7.95,433
2022-04-01,7.5,7.5,7.5,7.5,67
2022-04-04,6.765,6.75,6.765,6.75,133
2022-04-06,7.5,7.5,7.5,7.5,666
2022-04-12,6.75,6.75,6.75,6.75,133
2022-04-13,6.75,6.75,6.75,6.75,66
2022-04-14,6.0,6.0,6.0,6.0,66
2022-04-18,6.675,6.0,6.675,6.0,133
2022-04-21,6.0,6.0,6.0,6.0,302
2022-04-25,6.0,6.0,6.0,6.0,148
2022-04-26,6.375,6.0,6.375,6.0,372
2022-04-27,6.0,7.035,7.035,5.58,377
2022-04-28,6.3,6.735,6.735,6.3,133
2022-04-29,6.9,6.9,6.9,6.9,163
2022-05-06,6.0,5.355,6.0,5.355,161
2022-05-09,6.0,6.0,6.0,6.0,200
2022-05-10,5.355,5.355,5.355,5.355,389
2022-05-11,6.0,6.0,6.0,6.0,133
2022-05-12,6.0,6.735,6.735,6.0,400
2022-05-16,6.735,6.72,6.735,6.375,350
2022-05-17,6.735,6.735,6.735,6.735,66
2022-05-18,6.375,6.42,6.42,6.375,133
2022-05-19,6.675,6.675,6.675,6.375,342
2022-05-23,6.705,6.705,6.705,6.705,202
2022-06-01,6.375,6.375,6.375,6.375,66
2022-06-03,6.6,6.6,6.6,6.6,80
2022-06-06,6.675,6.675,6.675,6.675,66
2022-06-07,6.675,6.675,6.675,6.675,80
2022-06-08,6.375,6.375,6.375,6.375,200
2022-06-13,6.0,6.225,6.675,3.33,400
2022-06-16,6.225,6.225,6.225,6.225,133
2022-06-28,6.0,5.625,6.0,5.625,133
2022-06-29,6.09,6.0,6.6,6.0,407
2022-07-01,5.625,6.375,6.375,5.625,266
2022-07-06,6.525,6.525,6.525,6.525,66
2022-07-07,6.525,6.525,6.525,6.525,74
2022-07-11,6.015,6.6,6.6,6.015,307
2022-07-12,6.0,6.6,6.6,6.0,200
2022-07-15,6.0,6.0,6.0,6.0,66
2022-07-21,6.3,6.3,6.3,6.3,66
2022-07-25,6.0,6.0,6.0,6.0,460
2022-07-26,5.295,5.925,6.0,5.295,333
2022-07-27,5.34,5.265,5.34,5.265,546
2022-07-28,5.085,5.25,5.25,4.56,731
2022-08-01,5.25,5.25,5.25,5.25,69
2022-08-02,5.25,5.25,5.25,5.25,78
2022-08-08,4.515,5.25,5.25,4.515,873
2022-08-09,4.5,5.175,5.175,4.5,140
2022-08-11,2.26,2.71,3.0,2.07,295366
2022-08-12,2.35,2.45,2.4893,2.0961,161025
2022-08-15,2.47,2.03,2.47,2.0,154466
2022-08-16,2.06,2.3,2.65,2.0527,509894
2022-08-17,2.16,2.15,2.16,2.04,94376
2022-08-18,2.1,2.08,2.17,2.02,39167
2022-08-19,2.08,2.08,2.123,1.95,41247
2022-08-22,2.01,2.0,2.02,1.89,42395
2022-08-23,2.1299,2.01,2.1299,1.99,35947
2022-08-24,2.08,2.05,2.08,2.02,20820
2022-08-25,2.0579,2.03,2.0858,2.03,2616
2022-08-26,1.9623,2.01,2.01,1.9017,4918
2022-08-29,1.94,2.07,2.08,1.82,18750
2022-08-30,2.0,2.05,2.05,1.9128,15449
2022-08-31,2.0,2.1,2.1164,1.999,6872
2022-09-01,2.1891,2.08,2.1891,2.05,19869
2022-09-02,2.1899,2.3,2.31,2.0899,27664
2022-09-06,2.6,2.39,2.6,2.26,57779
2022-09-07,2.538,2.635,2.7,2.335,224137
2022-09-08,2.75,2.76,2.85,2.62,310246
2022-09-09,2.78,2.71,2.81,2.45,242056
2022-09-12,2.85,2.44,3.0,2.43,440995
2022-09-13,2.2,1.96,2.2,1.9,156104
2022-09-14,1.96,2.11,2.2,1.8615,75551
2022-09-15,2.09,2.0,2.1883,2.0,34800
2022-09-16,1.93,2.14,2.41,1.9111,210291
2022-09-19,2.23,1.92,2.24,1.91,94109
2022-09-20,1.88,1.9,1.93,1.85,23456
2022-09-21,1.9,1.88,1.955,1.88,31933
2022-09-22,1.84,1.57,1.86,1.57,38635
2022-09-23,1.52,1.43,1.902,1.43,64514
2022-09-26,1.43,1.45,1.66,1.43,12936
2022-09-27,1.41,1.47,1.7,1.41,17268
2022-09-28,1.6,1.55,1.7277,1.55,10608
2022-09-29,1.555,1.36,1.75,1.36,54476
2022-09-30,1.36,1.4,1.5917,1.36,17076
2022-10-03,1.42,1.42,1.5673,1.4,18802
2022-10-04,1.36,1.69,2.3899,1.36,3049645
2022-10-05,1.61,1.47,1.69,1.41,104582
2022-10-06,1.43,1.5,1.56,1.43,17519
2022-10-07,1.55,1.46,1.55,1.46,18841
2022-10-10,1.49,1.47,1.53,1.35,26153
2022-10-11,1.46,1.4,1.47,1.37,30266
2022-10-12,1.44,1.35,1.4616,1.35,18856
2022-10-13,1.39,1.45,1.4816,1.36,17778
2022-10-14,1.4779,1.39,1.48,1.33,24768
2022-10-17,1.43,1.49,1.5,1.43,6715
2022-10-18,1.38,1.45,1.4973,1.38,12715
2022-10-19,1.4886,1.4,1.4886,1.32,11845
2022-10-20,1.35,1.44,1.45,1.35,15126
2022-10-21,1.39,1.25,1.4301,1.25,16304
2022-10-24,1.3,1.3,1.39,1.2701,4737
2022-10-25,1.35,1.38,1.39,1.3,8305
2022-10-26,1.31,1.3,1.3758,1.2921,6233
2022-10-27,1.296,1.37,1.3752,1.296,17849
2022-10-28,1.39,1.3662,1.39,1.35,2633
2022-10-31,1.39,1.3,1.39,1.3,4236
2022-11-01,1.3,1.36,1.38,1.2901,4226
2022-11-02,1.38,1.3,1.38,1.29,4682
2022-11-03,1.3001,1.36,1.37,1.3,4925
2022-11-04,1.33,1.3481,1.3873,1.33,4994
2022-11-07,1.34,1.31,1.3454,1.29,5009
2022-11-08,1.31,1.31,1.3868,1.31,9353
2022-11-09,1.26,1.32,1.36,1.26,4204
2022-11-10,1.3752,1.4662,1.4762,1.36,10327
2022-11-11,1.46,1.49,1.52,1.34,6519
2022-11-14,1.37,1.4,1.46,1.37,1039
2022-11-15,1.375,1.43,1.43,1.32,3829
2022-11-16,1.5,1.36,1.5263,1.36,4304
2022-11-17,1.57,1.515,1.6048,1.4225,63265
2022-11-18,1.56,1.47,1.56,1.44,5964
2022-11-21,1.5,1.41,1.54,1.33,28699
2022-11-22,1.33,1.35,1.41,1.3,33517
2022-11-23,1.34,1.3,1.42,1.21,24441
2022-11-25,1.4,1.31,1.42,1.3,4616
2022-11-28,1.18,1.325,1.405,1.18,25416
2022-11-29,1.36,1.28,1.42,1.28,11924
2022-11-30,1.36,1.3,1.45,1.3,7288
2022-12-01,1.3,1.2138,1.45,1.2,16582
2022-12-02,1.11,1.23,1.33,1.11,41147
2022-12-05,1.34,1.37,1.4,1.245,9924
2022-12-06,1.37,1.36,1.413,1.24,13656
2022-12-07,1.35,1.37,1.37,1.3,7382
2022-12-08,1.31,1.5,1.51,1.31,75594
2022-12-09,1.46,1.43,1.534,1.43,15406
2022-12-12,1.43,1.52,1.5358,1.4258,59501
2022-12-13,1.54,1.4301,1.62,1.37,79848
2022-12-14,1.5148,1.41,1.5148,1.4,14804
2022-12-15,1.42,1.25,1.4922,1.25,36238
2022-12-16,1.49,1.25,1.52,1.25,143170
2022-12-19,1.27,1.2764,1.446,1.27,48254
2022-12-20,1.51,1.3,1.51,1.3,23284
2022-12-21,1.3,1.33,1.48,1.3,10833
2022-12-22,1.43,1.33,1.4301,1.31,4792
2022-12-23,1.43,1.34,1.4476,1.3,9295
2022-12-27,1.31,1.36,1.4301,1.29,7976
2022-12-28,1.32,1.3401,1.3601,1.32,7758
2022-12-29,1.35,1.35,1.41,1.34,9179
2022-12-30,1.29,1.28,1.3901,1.28,4477
2023-01-03,1.27,1.3,1.4,1.27,5929
2023-01-04,1.45,1.29,1.45,1.25,11293
2023-01-05,1.3,1.3,1.42,1.3,4122
2023-01-06,1.45,1.42,1.4605,1.4173,7576
2023-01-09,1.26,1.42,1.47,1.26,3728
2023-01-10,1.4946,1.3501,1.5,1.35,8685
2023-01-11,1.33,1.45,1.455,1.2921,19080
2023-01-12,1.29,1.45,1.45,1.29,9340
2023-01-13,1.49,1.4,1.5,1.39,4837
2023-01-17,1.34,1.28,1.45,1.26,18614
2023-01-18,1.4,1.3769,1.4,1.3,14217
2023-01-19,1.37,1.29,1.4,1.28,4190
2023-01-20,1.39,1.28,1.39,1.24,27851
2023-01-23,1.35,1.3621,1.4,1.31,13334
2023-01-24,1.36,1.28,1.3773,1.28,2558
2023-01-25,1.27,1.35,1.36,1.26,23169
2023-01-26,1.38,1.33,1.38,1.29,1978
2023-01-27,1.28,1.34,1.35,1.28,4278
2023-01-30,1.356,1.31,1.37,1.31,3466
2023-01-31,1.31,1.36,1.36,1.31,3921
2023-02-01,1.35,1.3,1.377,1.29,20353
2023-02-02,1.35,1.35,1.35,1.29,17456
2023-02-03,1.34,1.29,1.3474,1.29,8059
2023-02-06,1.33,1.29,1.33,1.2701,6580
2023-02-07,1.29,1.3,1.31,1.29,11731
2023-02-08,1.28,1.26,1.295,1.25,14791
2023-02-09,1.3,1.2,1.3,1.15,25340
2023-02-10,1.29,1.25,1.29,1.14,3977
2023-02-13,1.23,1.25,1.2958,1.23,9638
2023-02-14,1.3,1.26,1.3,1.26,5179
2023-02-15,1.31,1.33,1.33,1.27,58057
2023-02-16,1.33,1.33,1.345,1.3102,22654
2023-02-17,1.3001,1.339,1.34,1.3,3641
2023-02-21,1.3001,1.2,1.3273,1.1759,6079
2023-02-22,1.25,1.27,1.33,1.24,18516
2023-02-23,1.29,1.19,1.29,1.0953,46424
2023-02-24,1.2,1.1901,1.21,1.15,14184
2023-02-27,1.19,1.13,1.2,1.13,18582
2023-02-28,1.13,1.13,1.15,1.12,15880
2023-03-01,1.1,1.1,1.18,1.1,21875
2023-03-02,1.09,1.12,1.13,1.09,2115
2023-03-03,1.12,1.07,1.12,1.07,7403
2023-03-06,1.12,1.12,1.15,1.116,21537
2023-03-07,1.13,1.09,1.13,1.09,13259
2023-03-08,1.09,0.995,1.15,0.97,38396
2023-03-09,1.04,1.0,1.04,0.9934,34356
2023-03-10,1.0,1.06,1.1779,0.99,133502
2023-03-13,1.1,1.0835,1.24,1.05,6794
2023-03-14,1.01,1.07,1.1887,1.0,18056
2023-03-15,1.08,1.02,1.11,1.02,19498
2023-03-16,1.09,1.07,1.17,1.07,23723
2023-03-17,1.13,1.15,1.16,1.11,22707
2023-03-20,1.15,1.15,1.2352,1.1,17559
2023-03-21,1.05,1.11,1.1973,1.05,15826
2023-03-22,1.16,1.158,1.1873,1.15,3744
2023-03-23,1.19,1.13,1.19,1.11,13133
2023-03-24,1.08,1.0999,1.0999,1.08,424
2023-03-27,1.1172,1.1172,1.1172,1.1172,2185
2023-03-28,1.16,1.17,1.18,1.16,11479
2023-03-29,1.16,1.16,1.17,1.16,9190
2023-03-30,1.12,1.17,1.18,1.12,795
2023-03-31,1.19,1.1715,1.19,1.0913,3378
2023-04-03,1.17,1.12,1.17,0.9738,33161
2023-04-04,1.1,1.14,1.14,1.1,4295
2023-04-05,1.1,1.165,1.18,1.1,20727
2023-04-06,1.16,1.16,1.16,1.16,2651
2023-04-10,1.17,1.13,1.17,1.11,1251
2023-04-11,1.13,1.07,1.13,1.07,1980
2023-04-12,1.16,1.16,1.16,1.16,1319
2023-04-13,1.16,1.16,1.16,1.16,718
2023-04-14,1.16,1.13,1.16,1.1001,967
2023-04-17,1.03,1.12,1.1524,1.03,868
2023-04-18,1.01,1.1,1.1511,1.01,8810
2023-04-19,1.04,1.1463,1.16,1.04,13240
2023-04-20,1.09,1.13,1.14,1.09,14128
2023-04-21,1.09,1.145,1.16,1.06,9541
2023-04-24,1.16,1.18,1.2299,1.13,54494
2023-04-25,1.18,1.16,1.18,1.12,5629
2023-04-26,1.17,1.19,1.2,1.16,20783
2023-04-27,1.11,1.23,1.2499,1.11,23952
2023-04-28,1.205,1.205,1.205,1.205,407
2023-05-01,1.22,1.25,1.2899,1.22,14220
2023-05-02,1.24,1.2618,1.35,1.24,6743
2023-05-03,1.34,1.48,2.82,1.34,1956347
2023-05-04,1.35,1.3001,1.45,1.25,94299
2023-05-05,1.26,1.2089,1.34,1.15,66321
2023-05-08,1.23,1.24,1.2978,1.16,35008
2023-05-09,1.215,1.32,1.38,1.2,28428
2023-05-10,1.35,1.4484,1.4499,1.3302,20187
2023-05-11,1.39,1.49,1.7,1.39,94858
2023-05-12,1.7,1.52,1.7,1.5,77113
2023-05-15,1.6,1.5581,1.6,1.48,29385
2023-05-16,1.57,1.516,1.5779,1.5,25148
2023-05-17,1.53,1.58,1.699,1.51,49506
2023-05-18,1.53,1.57,1.61,1.5299,20211
2023-05-19,1.49,1.52,1.55,1.49,12669
