2021-04-22,23.25,24.96,26.01,22.5,4141269
2021-04-23,23.6569,25.44,25.44,23.3,547773
2021-04-26,26.13,26.2,26.5,25.64,217999
2021-04-27,26.5,26.5,27.38,24.91,334091
2021-04-28,25.9,25.63,26.43,25.12,180826
2021-04-29,26.52,24.85,26.97,24.11,199159
2021-04-30,25.09,24.16,25.132,23.63,147483
2021-05-03,24.48,23.26,24.69,22.55,116176
2021-05-04,23.0,21.39,23.0,20.25,330339
2021-05-05,21.22,22.95,23.43,21.05,186089
2021-05-06,23.14,21.01,23.14,21.0,162312
2021-05-07,20.94,21.15,22.17,20.75,106429
2021-05-10,21.19,19.98,21.585,18.5171,218526
2021-05-11,19.34,20.47,20.99,18.76,261864
2021-05-12,20.3,20.12,20.7,19.16,125619
2021-05-13,20.0,19.03,21.0,18.24,320136
2021-05-14,19.02,20.91,21.13,19.01,233311
2021-05-17,20.85,21.72,21.995,20.18,87455
2021-05-18,21.79,25.11,25.185,21.4425,76710
2021-05-19,24.89,23.56,26.28,22.5,148275
2021-05-20,23.41,22.73,24.3,22.26,172146
2021-05-21,22.64,22.67,23.195,22.27,55766
2021-05-24,22.74,22.0,23.0,21.92,69121
2021-05-25,22.04,21.67,22.54,21.51,38365
2021-05-26,21.62,21.64,22.185,21.01,23325
2021-05-27,21.54,22.0,22.36,21.41,87584
2021-05-28,22.34,22.93,23.73,22.34,58878
2021-06-01,23.04,23.16,23.625,22.665,97642
2021-06-02,23.49,22.49,24.0,22.37,58360
2021-06-03,22.76,21.67,23.0,21.35,85803
2021-06-04,22.06,22.66,22.99,21.875,41953
2021-06-07,22.49,23.56,24.38,22.44,94619
2021-06-08,24.65,24.45,25.29,23.69,89852
2021-06-09,24.59,24.76,25.55,23.98,55606
2021-06-10,24.84,24.96,25.15,23.89,30032
2021-06-11,24.78,24.25,24.96,23.29,64493
2021-06-14,24.22,24.17,25.34,24.07,82459
2021-06-15,24.36,24.41,25.175,23.9239,88381
2021-06-16,24.19,22.7,25.75,22.26,324954
2021-06-17,22.8,24.07,24.35,22.67,217069
2021-06-18,24.27,23.78,24.76,23.16,400230
2021-06-21,23.86,24.49,24.74,23.2501,187238
2021-06-22,24.6,24.8,25.01,24.24,94195
2021-06-23,24.99,24.86,25.37,24.09,94306
2021-06-24,25.0,24.36,25.06,24.01,84173
2021-06-25,24.47,23.23,24.65,22.9,801459
2021-06-28,23.42,23.15,23.91,21.58,133734
2021-06-29,23.43,23.46,23.75,22.74,84572
2021-06-30,23.45,23.79,24.5,23.1,74460
2021-07-01,23.95,24.33,24.5,23.45,53152
2021-07-02,24.38,22.99,24.7,22.17,214217
2021-07-06,23.22,22.37,23.7334,21.94,80683
2021-07-07,22.5,22.03,22.94,22.0,37002
2021-07-08,21.9,21.43,22.145,21.07,22573
2021-07-09,21.48,21.5,21.63,21.2,26677
2021-07-12,21.61,23.48,23.61,21.57,76194
2021-07-13,23.445,25.07,25.07,23.41,90568
2021-07-14,25.07,24.53,25.26,23.865,71913
2021-07-15,24.21,24.49,24.97,23.86,84626
2021-07-16,24.57,23.29,24.57,23.02,86985
2021-07-19,22.81,22.86,23.645,22.41,118439
2021-07-20,23.29,23.51,24.47,22.55,66457
2021-07-21,23.92,24.3,24.67,22.65,21258
2021-07-22,24.3,23.83,24.3,22.78,41548
2021-07-23,23.75,23.54,23.965,22.59,53145
2021-07-26,23.32,22.25,23.32,21.7,67715
2021-07-27,21.95,21.24,22.03,20.71,61197
2021-07-28,21.5,21.0,21.8092,20.9,39223
2021-07-29,21.34,21.68,21.885,21.2092,11328
2021-07-30,21.48,21.3,21.9,21.17,18268
2021-08-02,21.62,22.01,22.58,21.25,19985
2021-08-03,22.16,21.52,22.35,20.81,29457
2021-08-04,21.34,21.5,21.78,21.0,17326
2021-08-05,21.69,23.14,23.27,21.14,24391
2021-08-06,23.25,23.89,24.05,22.42,13896
2021-08-09,23.8,23.85,24.77,23.59,12792
2021-08-10,22.68,23.01,24.06,22.21,46054
2021-08-11,23.09,22.23,23.09,21.76,22466
2021-08-12,22.52,21.66,22.72,21.4,17438
2021-08-13,23.3,20.55,23.3,20.21,175428
2021-08-16,20.55,20.12,20.815,19.59,41757
2021-08-17,20.12,19.85,21.05,19.36,85627
2021-08-18,19.81,19.24,20.2999,19.2,51853
2021-08-19,19.24,19.49,20.875,19.24,64423
2021-08-20,19.4,19.51,20.0,18.121,57081
2021-08-23,19.8,20.37,20.765,18.629,31358
2021-08-24,20.45,20.46,21.28,20.18,13523
2021-08-25,20.03,20.59,21.045,19.278,31307
2021-08-26,21.03,19.92,21.23,18.77,64177
2021-08-27,19.78,21.87,22.95,19.375,195777
2021-08-30,21.78,21.01,22.0628,20.66,40816
2021-08-31,21.01,21.24,21.9475,20.0,32976
2021-09-01,20.7637,21.78,22.19,20.65,35415
2021-09-02,22.03,23.02,23.15,22.03,25122
2021-09-03,22.68,23.78,24.06,21.66,36069
2021-09-07,23.56,23.73,24.65,22.94,20769
2021-09-08,22.98,22.03,23.7192,22.03,25649
2021-09-09,22.17,20.68,23.09,20.65,38659
2021-09-10,21.0,20.46,21.46,20.0,26115
2021-09-13,20.47,19.15,20.99,18.9106,67072
2021-09-14,19.34,18.1,20.215,18.02,211938
2021-09-15,18.1,17.54,18.4,17.54,100425
2021-09-16,17.45,17.75,17.99,17.45,36610
2021-09-17,17.68,17.42,17.79,17.02,126682
2021-09-20,17.42,16.39,17.55,16.2,85020
2021-09-21,16.54,17.03,17.62,16.41,42711
2021-09-22,17.33,17.23,17.92,16.5,75165
2021-09-23,17.23,17.09,17.26,16.61,55903
2021-09-24,16.9,17.46,17.84,16.59,32226
2021-09-27,17.58,16.91,17.76,16.68,21656
2021-09-28,16.5,16.16,16.98,15.69,91441
2021-09-29,16.26,16.55,17.24,16.0,30623
2021-09-30,16.81,15.85,16.83,15.72,25090
2021-10-01,15.97,15.8,16.3999,15.52,18267
2021-10-04,15.85,17.18,17.5,15.57,84322
2021-10-05,17.5,17.03,17.7,16.47,35660
2021-10-06,16.68,16.52,16.7593,16.0,16361
2021-10-07,16.72,16.73,17.04,16.39,40243
2021-10-08,16.74,16.7,16.74,16.495,3724
2021-10-11,16.75,16.56,17.77,16.01,28696
2021-10-12,16.56,16.2,16.56,15.53,104805
2021-10-13,16.28,16.11,16.6228,15.92,31659
2021-10-14,16.12,15.87,16.6498,15.4,72309
2021-10-15,16.0,15.67,16.0,15.6,11728
2021-10-18,15.84,15.6,15.8567,15.05,24869
2021-10-19,15.59,15.46,15.8399,15.04,48840
2021-10-20,15.53,15.49,15.745,15.19,20372
2021-10-21,15.49,15.41,15.77,15.11,167074
2021-10-22,15.39,15.59,15.77,15.1102,31301
2021-10-25,15.68,15.49,15.79,15.02,33380
2021-10-26,15.55,15.75,16.0,15.42,50135
2021-10-27,15.62,15.38,16.39,15.245,17591
2021-10-28,15.42,15.6,15.8,15.31,58613
2021-10-29,15.86,15.16,15.86,14.66,36247
2021-11-01,15.2,15.63,15.75,15.06,15243
2021-11-02,15.54,16.04,16.04,15.23,18240
2021-11-03,15.69,15.99,16.33,15.6064,14217
2021-11-04,16.16,15.75,16.51,15.71,23405
2021-11-05,15.95,17.36,17.8,15.93,104217
2021-11-08,17.25,16.95,17.69,16.64,25770
2021-11-09,17.095,16.5,17.27,15.81,103918
2021-11-10,16.5,15.8,16.8,15.06,84737
2021-11-11,15.0,14.0,15.47,12.0,204071
2021-11-12,13.94,14.0,14.09,12.9597,164517
2021-11-15,13.24,12.83,13.88,12.8,84463
2021-11-16,12.84,12.45,12.93,12.07,63188
2021-11-17,12.38,11.8,12.45,11.76,29636
2021-11-18,11.7,11.44,12.615,11.1478,51221
2021-11-19,11.28,11.85,12.12,11.1333,43410
2021-11-22,11.98,11.77,12.2021,11.16,21880
2021-11-23,11.62,11.65,12.0,10.5874,66689
2021-11-24,11.46,12.01,12.07,11.06,25505
2021-11-26,11.66,11.83,12.05,11.06,39715
2021-11-29,11.77,10.48,12.52,10.38,109115
2021-11-30,10.67,10.0,10.67,9.51,53784
2021-12-01,10.22,9.75,10.22,9.64,32252
2021-12-02,10.125,10.01,10.125,9.4,56683
2021-12-03,9.5101,9.9,10.0529,9.5101,62157
2021-12-06,9.6,9.75,10.285,9.52,41033
2021-12-07,9.72,9.47,10.26,9.26,235328
2021-12-08,9.4,9.95,10.37,9.25,60923
2021-12-09,9.79,9.35,10.24,9.32,18971
2021-12-10,9.22,8.63,9.27,8.5,49214
2021-12-13,8.66,9.81,10.06,8.66,55048
2021-12-14,9.79,9.22,9.84,8.925,33576
2021-12-15,9.34,8.92,9.34,8.29,49089
2021-12-16,8.62,8.97,9.48,8.62,24840
2021-12-17,9.0,9.91,10.17,8.89,60449
2021-12-20,9.92,10.0,10.1,9.51,39905
2021-12-21,9.7,9.81,10.3,9.7,33283
2021-12-22,9.844,9.88,10.081,9.59,29245
2021-12-23,9.68,9.73,9.89,9.52,17007
2021-12-27,9.62,9.35,9.765,9.12,43880
2021-12-28,9.29,9.06,9.42,9.0,40457
2021-12-29,9.03,8.98,9.2,8.5,34663
2021-12-30,8.85,9.26,9.39,8.79,323529
2021-12-31,9.16,10.08,10.34,8.94,35302
2022-01-03,10.11,10.42,10.65,9.71,306471
2022-01-04,10.29,10.07,10.74,9.78,32410
2022-01-05,9.96,10.99,11.41,9.96,37651
2022-01-06,10.84,11.57,11.82,10.6,40460
2022-01-07,10.41,10.04,10.57,9.71,92709
2022-01-10,10.07,10.04,10.33,9.57,101078
2022-01-11,10.04,10.71,10.995,10.0,33302
2022-01-12,10.93,11.48,11.97,10.93,60337
2022-01-13,11.44,10.8,12.06,10.51,69377
2022-01-14,10.86,10.36,10.86,10.0,31384
2022-01-18,10.31,10.04,10.325,10.0,20863
2022-01-19,9.2,9.74,10.175,9.05,53396
2022-01-20,10.035,9.41,10.95,9.2,42351
2022-01-21,9.24,9.26,9.36,8.74,36838
2022-01-24,9.2,9.29,9.93,8.57,382814
2022-01-25,9.34,9.27,9.385,9.25,18919
2022-01-26,9.45,9.25,10.325,9.23,56719
2022-01-27,9.25,8.73,9.57,8.29,84591
2022-01-28,8.58,8.3,8.58,8.01,66484
2022-01-31,8.35,8.06,8.71,7.99,117063
2022-02-01,8.12,8.42,9.3099,7.935,55412
2022-02-02,8.29,7.87,8.29,7.615,47138
2022-02-03,7.89,7.51,8.04,7.32,55180
2022-02-04,7.41,7.06,7.5,6.85,107471
2022-02-07,7.13,8.0,8.42,6.75,72499
2022-02-08,8.19,8.53,8.7699,7.63,53975
2022-02-09,8.55,8.87,9.1,8.55,44530
2022-02-10,8.76,8.28,8.82,8.22,51131
2022-02-11,8.29,8.06,8.6465,7.75,22771
2022-02-14,8.17,7.95,8.255,7.87,15780
2022-02-15,8.04,8.44,8.46,8.04,21692
2022-02-16,8.07,8.16,8.245,7.72,20337
2022-02-17,7.99,7.68,8.08,7.6,21380
2022-02-18,7.57,7.5,7.89,7.35,32767
2022-02-22,7.5,7.27,7.55,6.75,52212
2022-02-23,7.43,7.18,7.78,6.97,26234
2022-02-24,6.98,7.72,7.85,6.76,62132
2022-02-25,7.67,7.86,8.08,7.51,115284
2022-02-28,7.91,7.8,7.96,7.29,63688
2022-03-01,7.67,8.0,8.235,7.02,74852
2022-03-02,8.03,8.21,8.43,7.58,53613
2022-03-03,8.2,8.15,8.3294,7.87,25314
2022-03-04,7.99,7.66,8.18,7.36,67854
2022-03-07,7.68,7.51,7.8,7.3,29075
2022-03-08,7.59,8.1,8.15,7.305,46196
2022-03-09,8.2,8.15,8.28,7.68,16845
2022-03-10,7.93,7.61,8.0,7.32,30850
2022-03-11,7.32,8.08,8.63,7.11,100555
2022-03-14,8.06,8.34,8.93,7.72,50993
2022-03-15,8.41,7.52,8.43,7.45,72149
2022-03-16,7.68,8.0,8.09,7.33,59797
2022-03-17,7.94,8.35,8.75,7.94,45424
2022-03-18,8.33,8.25,8.8,7.91,55845
2022-03-21,8.34,8.39,8.92,7.53,62341
2022-03-22,8.41,8.88,9.54,8.37,57244
2022-03-23,8.67,8.25,8.67,8.0,34030
2022-03-24,8.17,8.35,8.39,8.01,70149
2022-03-25,8.24,8.36,8.55,7.95,34560
2022-03-28,8.32,8.36,8.5,8.025,42117
2022-03-29,8.4,8.37,8.8,8.21,51029
2022-03-30,8.48,7.85,8.48,7.62,68771
2022-03-31,7.76,8.21,8.33,7.76,74682
2022-04-01,8.2,8.48,8.55,7.9,47166
2022-04-04,8.56,8.7,9.105,8.43,31034
2022-04-05,8.77,8.44,9.3,7.81,97452
2022-04-06,9.0,8.37,9.0,8.3,36481
2022-04-07,8.42,8.35,8.48,8.02,35801
2022-04-08,8.38,8.05,8.42,7.79,115787
2022-04-11,8.24,7.89,8.34,7.57,89492
2022-04-12,7.96,8.35,8.47,7.84,51345
2022-04-13,8.27,8.37,8.55,8.215,15887
2022-04-14,8.31,8.5,8.72,8.12,78109
2022-04-18,8.45,7.98,8.73,7.95,48721
2022-04-19,8.16,8.35,8.54,8.0075,39781
2022-04-20,8.35,8.5,8.67,8.22,37168
2022-04-21,8.62,8.35,8.82,8.19,50755
2022-04-22,8.38,8.32,8.68,8.09,56031
2022-04-25,8.16,7.69,8.26,7.6,57625
2022-04-26,7.7,7.44,7.84,7.34,53912
2022-04-27,7.3,7.05,7.57,6.81,122461
2022-04-28,7.19,7.71,7.94,7.095,59061
2022-04-29,7.68,8.04,8.36,7.58,49016
2022-05-02,8.15,7.21,8.15,7.13,44648
2022-05-03,7.16,6.98,7.55,6.41,133364
2022-05-04,7.09,7.07,7.18,6.13,110959
2022-05-05,6.99,6.4,7.18,6.175,74489
2022-05-06,6.48,6.63,6.81,6.005,75067
2022-05-09,6.63,5.59,6.63,5.59,125753
2022-05-10,5.66,6.2,6.29,5.66,60907
2022-05-11,6.14,6.08,6.47,5.93,32675
2022-05-12,6.05,6.26,6.4,6.035,42405
2022-05-13,6.34,6.15,6.53,5.82,93478
2022-05-16,6.07,5.1,6.1,5.08,35721
2022-05-17,5.11,5.86,6.08,5.1,62117
2022-05-18,5.71,5.8,6.2,5.52,50219
2022-05-19,5.79,6.0,6.02,5.41,34881
2022-05-20,5.97,6.05,6.1,5.76,37675
2022-05-23,6.11,6.06,6.11,5.87,24989
2022-05-24,5.98,5.9,6.2,5.83,17107
2022-05-25,5.81,6.0,6.04,5.81,25729
2022-05-26,5.97,6.19,6.37,5.97,28844
2022-05-27,6.17,6.23,6.42,6.17,15847
2022-05-31,6.1,6.23,6.5,6.1,63529
2022-06-01,6.34,5.24,6.34,5.215,53748
2022-06-02,5.17,5.13,5.43,4.9,26318
2022-06-03,5.13,5.69,6.0,5.05,41677
2022-06-06,5.56,5.43,5.925,5.27,78863
2022-06-07,5.33,6.14,6.15,5.14,72842
2022-06-08,5.66,5.7,6.08,5.54,40230
2022-06-09,5.93,6.02,6.3,5.53,40902
2022-06-10,6.25,5.85,6.25,5.795,21164
2022-06-13,5.76,6.3,6.49,5.76,41560
2022-06-14,5.99,6.01,6.3,5.06,89465
2022-06-15,6.0,6.0,6.1,5.9,46105
2022-06-16,5.88,5.99,6.045,5.2,131016
2022-06-17,5.95,5.03,6.065,4.65,126492
2022-06-21,4.99,5.26,5.29,4.875,112717
2022-06-22,5.08,5.3,5.49,4.61,61137
2022-06-23,5.31,5.35,5.5,5.255,76674
2022-06-24,5.35,5.38,5.515,5.0,797771
2022-06-27,5.38,5.36,5.485,5.23,82614
2022-06-28,5.45,5.12,5.7,5.12,35857
2022-06-29,5.14,5.3,5.4,5.08,48565
2022-06-30,5.16,4.95,5.25,4.8,59095
2022-07-01,5.01,4.99,5.05,4.99,18287
2022-07-05,4.92,5.06,5.145,4.9,21879
2022-07-06,5.1,5.2,5.27,5.08,22212
2022-07-07,5.29,5.48,5.6,5.0,267201
2022-07-08,5.39,5.78,6.03,5.39,56364
2022-07-11,5.49,5.66,5.9,5.49,45099
2022-07-12,5.57,5.58,5.89,5.49,20043
2022-07-13,5.52,5.76,5.96,5.52,10022
2022-07-14,5.6,5.73,5.915,5.58,20044
2022-07-15,5.81,5.74,5.906,5.6,32878
2022-07-18,5.65,5.78,6.0,5.6,55054
2022-07-19,5.76,5.67,6.1,5.67,40720
2022-07-20,6.0,5.79,6.1336,5.6997,35475
2022-07-21,5.84,5.8,6.16,5.77,20782
2022-07-22,5.76,5.55,5.8401,5.5,23920
2022-07-25,5.66,5.73,5.825,5.53,39022
2022-07-26,5.73,5.49,5.94,5.43,32285
2022-07-27,5.62,5.82,5.97,5.56,26620
2022-07-28,5.88,5.55,6.2,5.55,42561
2022-07-29,5.69,5.86,5.98,5.69,15141
2022-08-01,5.7,5.73,6.16,5.61,34801
2022-08-02,5.7,5.77,6.13,5.53,19652
2022-08-03,5.8,5.63,6.015,5.56,14217
2022-08-04,5.67,5.6,5.91,5.6,22036
2022-08-05,5.62,5.98,6.07,5.62,24654
2022-08-08,5.95,5.95,6.04,5.79,40393
2022-08-09,5.775,5.35,6.0,4.94,29005
2022-08-10,5.36,5.68,5.84,5.36,27927
2022-08-11,5.68,5.89,6.14,5.68,17671
2022-08-12,5.66,5.48,5.805,5.37,31960
2022-08-15,5.42,5.5,5.5,5.02,9563
2022-08-16,5.49,5.1,5.49,4.82,43388
2022-08-17,5.11,4.9,5.12,4.9,8424
2022-08-18,4.84,4.91,5.14,4.84,24995
2022-08-19,4.79,4.82,4.97,4.79,5722
2022-08-22,4.75,4.1,4.8,3.9299,35263
2022-08-23,3.98,4.3,4.42,3.87,26427
2022-08-24,4.21,4.21,4.25,4.0581,15631
2022-08-25,4.1,4.08,4.18,4.0,17023
2022-08-26,4.13,3.91,4.2899,3.91,1880
2022-08-29,3.83,4.25,4.2599,3.83,23340
2022-08-30,4.21,4.2,4.2523,3.9,13920
2022-08-31,4.11,4.25,4.25,4.11,33692
2022-09-01,4.12,4.22,4.26,4.12,14316
2022-09-02,4.13,4.53,4.9,4.07,50435
2022-09-06,4.41,4.72,4.76,4.2234,21184
2022-09-07,4.71,4.64,5.14,4.58,24484
2022-09-08,4.56,4.63,4.63,4.37,14942
2022-09-09,4.53,4.17,4.6,4.17,41641
2022-09-12,4.11,4.0,4.34,4.0,27824
2022-09-13,4.0,4.1,4.2,4.0,8356
2022-09-14,3.91,4.06,4.54,3.91,88248
2022-09-15,4.15,4.05,4.2999,4.0,10567
2022-09-16,4.15,3.96,4.23,3.96,49488
2022-09-19,3.86,3.6,3.97,3.56,8268
2022-09-20,3.5,3.53,3.69,3.26,24611
2022-09-21,3.47,3.33,3.7,3.3,21730
2022-09-22,3.3,3.3,3.38,3.3,3883
2022-09-23,3.3,3.1,3.31,3.1,3937
2022-09-26,3.22,3.17,3.33,3.16,32761
2022-09-27,3.2,3.2,3.52,3.2,11478
2022-09-28,3.21,3.33,3.36,3.2,39386
2022-09-29,3.25,3.5,3.515,3.25,25377
2022-09-30,3.44,3.75,3.825,3.44,75703
2022-10-03,3.75,3.67,3.78,3.66,16088
2022-10-04,3.79,3.65,3.8099,3.65,4601
2022-10-05,3.47,3.61,3.685,3.47,7675
2022-10-06,3.75,3.21,3.75,3.19,70891
2022-10-07,3.21,3.09,3.35,3.09,9035
2022-10-10,3.15,3.09,3.18,3.07,18041
2022-10-11,3.05,3.17,3.2272,3.02,74678
2022-10-12,3.14,3.15,3.49,3.02,42755
2022-10-13,3.06,3.15,3.37,3.06,57392
2022-10-14,3.12,3.15,3.29,3.11,9966
2022-10-17,3.2,3.25,3.34,3.11,11942
2022-10-18,3.21,3.26,3.41,3.21,17942
2022-10-19,3.33,3.4,3.62,3.33,3831
2022-10-20,3.4,3.26,3.46,3.26,2896
2022-10-21,3.27,3.02,3.35,3.005,91865
2022-10-24,3.03,3.0,3.12,2.99,8004
2022-10-25,2.91,3.1,3.14,2.65,27050
2022-10-26,3.05,2.8,3.1,2.79,55013
2022-10-27,3.03,2.8,3.03,2.74,4771
2022-10-28,2.84,3.0,3.0,2.84,14907
2022-10-31,3.04,3.0,3.1552,2.96,10655
2022-11-01,2.9,2.87,2.9,2.87,783
2022-11-02,2.75,2.34,2.88,2.34,18800
2022-11-03,2.4,2.36,2.44,2.3,9020
2022-11-04,2.3186,2.34,2.48,2.3186,4785
2022-11-07,2.38,2.33,2.4,2.33,962
2022-11-08,2.575,2.53,2.81,2.35,3026
2022-11-09,2.5,2.1001,2.645,2.1,54449
2022-11-10,2.24,2.0,2.4938,2.0,56127
2022-11-11,2.01,1.92,2.2541,1.92,2199531
2022-11-14,1.94,1.98,2.05,1.81,7037
2022-11-15,2.06,1.95,2.36,1.78,111497
2022-11-16,2.01,1.52,2.06,1.52,31047
2022-11-17,1.72,1.51,1.79,1.48,33302
2022-11-18,1.49,1.475,1.64,1.45,19468
2022-11-21,1.52,1.5,1.62,1.38,369639
2022-11-22,1.5,1.5,1.55,1.4505,87180
2022-11-23,1.54,1.55,1.565,1.51,9582
2022-11-25,1.66,1.61,1.895,1.6,42921
2022-11-28,1.99,1.68,1.99,1.64,27338
2022-11-29,1.87,1.61,1.87,1.61,30637
2022-11-30,1.6157,1.61,1.65,1.593,34512
2022-12-01,1.62,1.59,1.6949,1.5749,23201
2022-12-02,1.58,1.58,1.68,1.58,18902
2022-12-05,1.69,1.58,1.75,1.57,44819
2022-12-06,1.7,1.83,1.83,1.59,58100
2022-12-07,1.79,1.72,1.99,1.63,30039
2022-12-08,1.6,1.64,1.74,1.54,17540
2022-12-09,1.75,1.76,1.91,1.66,33478
2022-12-12,1.71,1.65,1.8,1.645,17341
2022-12-13,1.6,1.605,1.65,1.55,42250
2022-12-14,1.58,1.6,1.71,1.51,31687
2022-12-15,1.59,1.59,1.725,1.55,6450
2022-12-16,1.56,1.64,1.8482,1.56,7350
2022-12-19,1.62,1.52,1.62,1.51,9404
2022-12-20,1.55,1.5,1.685,1.5,9848
2022-12-21,1.53,1.51,1.53,1.4601,2197190
2022-12-22,1.46,1.5,1.61,1.46,28507
2022-12-23,1.51,1.36,1.53,1.35,35958
2022-12-27,1.39,1.34,1.4,1.31,31131
2022-12-28,1.27,1.29,1.399,1.22,70312
2022-12-29,1.26,1.535,1.535,1.26,24476
2022-12-30,1.51,1.49,1.58,1.3802,19213
2023-01-03,1.38,1.44,1.62,1.38,23551
2023-01-04,1.41,1.52,1.565,1.41,21726
2023-01-05,1.51,1.535,1.5499,1.4301,9196
2023-01-06,1.62,1.58,1.635,1.56,31167
2023-01-09,1.68,1.63,1.76,1.62,16380
2023-01-10,1.78,2.21,2.38,1.68,149012
2023-01-11,2.27,2.35,2.54,2.16,46078
2023-01-12,2.33,2.65,2.7,2.33,33037
2023-01-13,2.68,3.4,3.53,2.68,59237
2023-01-17,3.45,3.24,3.55,2.91,106281
2023-01-18,3.04,3.02,3.2399,2.88,38391
2023-01-19,2.865,2.86,3.01,2.7443,7128
2023-01-20,3.26,2.98,3.46,2.77,58546
2023-01-23,2.85,3.34,3.34,2.85,40614
2023-01-24,3.47,3.52,3.52,3.2717,20246
2023-01-25,3.42,3.6,3.6,3.39,17470
2023-01-26,3.57,3.83,3.84,3.57,7605
2023-01-27,3.96,4.09,4.3,3.89,25389
2023-01-30,4.0,3.9,4.0,3.64,10366
2023-01-31,3.93,4.68,4.69,3.93,29120
2023-02-01,4.67,4.62,4.75,4.4843,18121
2023-02-02,4.66,4.4,4.74,4.33,19921
2023-02-03,4.49,4.33,4.57,4.33,13625
2023-02-06,4.3,4.02,4.63,4.02,16003
2023-02-07,4.2139,3.66,4.2139,3.66,15410
2023-02-08,3.62,3.87,3.93,3.33,53861
2023-02-09,4.0567,4.16,4.52,4.03,12419
2023-02-10,4.04,4.175,4.34,4.04,14740
2023-02-13,4.1,4.48,4.553,3.98,24034
2023-02-14,4.43,4.75,4.75,4.3,13895
2023-02-15,4.65,4.66,4.73,4.4068,17312
2023-02-16,4.51,4.375,4.73,4.23,11322
2023-02-17,4.47,4.75,4.75,4.27,7118
2023-02-21,4.7,5.34,5.49,4.7,29015
2023-02-22,5.48,4.75,5.8535,4.38,121782
2023-02-23,4.72,4.96,5.1,4.37,32438
2023-02-24,4.99,4.97,5.19,4.7501,13886
2023-02-27,4.93,5.0,5.34,4.76,28896
2023-02-28,4.88,5.13,5.16,4.75,21420
2023-03-01,4.96,4.73,5.07,4.69,20775
2023-03-02,4.63,4.2,4.63,4.06,35955
2023-03-03,4.36,4.1,4.56,3.01,152657
2023-03-06,3.95,4.6,4.89,3.95,133878
2023-03-07,4.43,4.36,4.5444,4.35,12213
2023-03-08,4.23,4.18,4.36,3.9001,11368
2023-03-09,4.18,4.28,4.4263,3.97,18313
2023-03-10,4.1,3.66,4.11,3.66,19409
2023-03-13,3.53,3.52,3.66,3.18,60235
2023-03-14,3.57,3.56,4.19,3.56,11514
2023-03-15,3.45,3.4,3.76,3.4,25350
2023-03-16,3.32,3.5,3.8399,3.32,12079
2023-03-17,3.48,3.45,3.54,3.45,17504
2023-03-20,3.52,3.44,3.58,3.42,19204
2023-03-21,3.63,3.56,3.77,3.54,8125
2023-03-22,3.56,3.76,3.76,3.53,1521
2023-03-23,3.86,3.93,3.93,3.7125,4818
2023-03-24,3.89,4.08,4.08,3.89,1006
2023-03-27,4.15,4.53,4.65,4.15,8779
2023-03-28,4.65,4.56,4.85,4.1901,4078
2023-03-29,4.65,4.6,4.91,4.4943,12251
2023-03-30,4.65,4.92,5.13,4.52,60511
2023-03-31,4.88,4.64,5.23,4.2801,22336
2023-04-03,4.51,4.8499,5.2,4.49,6282
2023-04-04,4.86,4.6,5.0499,4.6,6061
2023-04-05,4.65,4.815,5.09,4.61,4683
2023-04-06,5.1,5.1,5.1,5.1,886
2023-04-10,4.61,4.81,5.2,4.61,4452
2023-04-11,4.97,4.6,4.97,4.55,9901
2023-04-12,4.79,4.6,5.08,4.5101,13159
2023-04-13,4.61,4.63,4.99,4.51,18929
2023-04-14,4.73,4.8,5.0999,4.53,9188
2023-04-17,4.8,4.76,4.8,4.705,6458
2023-04-18,4.71,4.62,4.98,4.5368,51748
2023-04-19,4.67,4.75,4.87,4.6,112222
2023-04-20,4.84,4.62,5.0,4.6,50488
2023-04-21,4.52,4.25,4.67,4.24,13272
2023-04-24,4.31,4.14,4.6,4.12,4261
2023-04-25,4.24,4.44,4.44,4.0691,2508
2023-04-26,4.36,4.49,4.505,3.795,40680
2023-04-27,4.5,5.02,5.02,4.14,12642
2023-04-28,4.95,5.0,5.01,4.79,15556
2023-05-01,5.03,4.9,5.03,4.7301,28418
2023-05-02,4.81,4.94,4.98,4.8,23461
2023-05-03,4.97,4.86,4.97,4.86,2713
2023-05-04,4.72,4.99,5.2,4.56,22940
