2022-01-24,0.25,0.2,0.25,0.2,801500
2022-01-25,0.2155,0.189999,0.221,0.189999,2390655
2022-01-26,0.22,0.19,0.22,0.17,36436
2022-01-27,0.17,0.187,0.207,0.17,9463
2022-01-28,0.17,0.18,0.2,0.16,56753
2022-01-31,0.14,0.1741,0.2,0.14,21038
2022-02-01,0.1893,0.1944,0.2188,0.16,243265
2022-02-02,0.1995,0.2011,0.2077,0.19,720940
2022-02-03,0.2,0.2077,0.2077,0.2,30331
2022-02-04,0.2077,0.2076,0.2077,0.205,3758
2022-02-07,0.2077,0.205,0.215,0.2,136938
2022-02-08,0.2,0.2,0.2,0.12,158551
2022-02-09,0.1998,0.19,0.1998,0.177799,58560
2022-02-10,0.1998,0.186,0.1998,0.18,97031
2022-02-11,0.1964,0.1925,0.1988,0.183,119083
2022-02-14,0.1992,0.1899,0.1992,0.1899,10970
2022-02-15,0.17,0.1798,0.1918,0.17,37563
2022-02-16,0.1751,0.1825,0.1825,0.175,144575
2022-02-17,0.18,0.175,0.183744,0.175,118924
2022-02-18,0.1751,0.1758,0.1775,0.175,45600
2022-02-22,0.1799,0.16,0.1799,0.16,18176
2022-02-23,0.1601,0.16,0.1601,0.16,20000
2022-02-25,0.1603,0.15,0.1603,0.15,13658
2022-02-28,0.16,0.1327,0.16,0.13,507340
2022-03-01,0.127999,0.14,0.1576,0.127999,17900
2022-03-07,0.141258,0.1494,0.15,0.14,2437
2022-03-08,0.14,0.14,0.14,0.14,103
2022-03-09,0.14,0.15,0.15,0.14,91022
2022-03-10,0.14,0.15,0.15,0.14,121100
2022-03-14,0.1421,0.1468,0.15,0.14,25621
2022-03-15,0.1439,0.1455,0.1455,0.1408,16057
2022-03-16,0.1494,0.1494,0.1494,0.1494,100
2022-03-17,0.1444,0.14,0.1463,0.14,101514
2022-03-18,0.145,0.1499,0.15,0.145,26407
2022-03-21,0.15,0.15,0.15,0.15,25000
2022-03-22,0.15,0.15,0.15,0.15,57000
2022-03-23,0.15,0.1481,0.1545,0.1481,56365
2022-03-24,0.1476,0.1476,0.1476,0.1476,200
2022-03-25,0.14,0.1497,0.15,0.14,27751
2022-03-28,0.15,0.15,0.15,0.141,90500
2022-03-29,0.141,0.138,0.15,0.138,82100
2022-03-30,0.141,0.141,0.141,0.141,25200
2022-04-01,0.15,0.1458,0.15,0.1458,17000
2022-04-04,0.1489,0.1486,0.15,0.1486,30358
2022-04-07,0.14819,0.14819,0.14819,0.14819,100
2022-04-08,0.145,0.15,0.15,0.145,27600
2022-04-12,0.1489,0.1472,0.1489,0.1472,2846
2022-04-13,0.1472,0.1472,0.1472,0.1472,100
2022-04-14,0.1472,0.1488,0.1488,0.1472,14300
2022-04-19,0.1488,0.1453,0.1488,0.1453,38170
2022-04-20,0.146,0.145,0.146,0.145,32703
2022-04-21,0.1382,0.1474,0.1474,0.1335,6997
2022-04-26,0.137,0.15,0.15,0.137,215900
2022-04-27,0.15,0.147499,0.15,0.147499,572
2022-05-09,0.08,0.15,0.15,0.08,5126
2022-05-10,0.12,0.1086,0.12,0.1,122944
2022-05-11,0.12,0.1122,0.12,0.1122,10700
2022-05-13,0.12,0.1116,0.12,0.0742,1004
2022-05-16,0.12,0.12,0.12,0.12,125
2022-05-17,0.12,0.11,0.12,0.08,1600
2022-05-18,0.11,0.11,0.11,0.0861,1800
2022-05-19,0.1106,0.1039,0.1106,0.1039,700
2022-06-01,0.1,0.1,0.1,0.1,500000
2022-06-02,0.12,0.12,0.12,0.12,212645
2022-06-07,0.129,0.11,0.139,0.11,5523
2022-06-10,0.1389,0.1389,0.1389,0.1389,131
2022-06-24,0.1289,0.1289,0.1289,0.1289,131
2022-06-27,0.11505,0.12255,0.13,0.11505,228201
2022-06-28,0.1001,0.13,0.13,0.1001,25649
2022-06-29,0.09,0.1173,0.128,0.09,353384
2022-07-05,0.1,0.0999,0.1061,0.0999,21700
2022-07-06,0.11,0.115,0.12,0.11,31554
2022-07-08,0.09,0.09,0.09,0.09,131
2022-07-11,0.114,0.1175,0.1338,0.11,96800
2022-07-12,0.09,0.09,0.09,0.09,397210
2022-07-25,0.0901,0.1175,0.1175,0.09,25402
2022-08-03,0.11,0.11,0.11,0.11,150000
2022-08-09,0.1,0.11,0.11,0.0901,11700
2022-08-15,0.11,0.11,0.11,0.11,899
2022-08-16,0.09,0.11,0.11,0.09,1505646
2022-08-18,0.09,0.11,0.11,0.09,104500
2022-08-22,0.105,0.1001,0.105,0.1,15800
2022-08-25,0.1,0.09,0.1,0.09,46600
2022-08-31,0.09,0.09,0.09,0.09,131
2022-09-01,0.08,0.08,0.095,0.08,1078
2022-09-07,0.08,0.0767,0.0801,0.0766,26200
2022-09-14,0.08,0.08,0.08,0.08,25000
2022-09-15,0.08,0.08,0.08,0.08,2591
2022-09-23,0.09,0.09,0.09,0.09,2117
2022-09-26,0.08,0.08,0.08,0.08,5003
2022-09-28,0.075,0.075,0.075,0.075,15027
2022-10-04,0.07,0.07,0.07,0.07,10000
2022-10-05,0.069,0.069,0.069,0.069,2231
2022-10-06,0.07,0.07,0.077,0.07,169703
2022-10-07,0.07,0.0701,0.0701,0.07,58676
2022-10-11,0.07,0.07,0.079,0.07,1800
2022-10-12,0.07,0.072,0.072,0.07,12300
2022-10-13,0.07,0.074,0.0743,0.07,200077
2022-10-14,0.07,0.07,0.07,0.07,19427
2022-10-17,0.07,0.07,0.07,0.07,409
2022-10-18,0.07,0.07,0.07,0.07,1335
2022-10-19,0.07,0.07,0.07,0.07,300
2022-10-24,0.07,0.07,0.07,0.07,24964
2022-10-25,0.06,0.06,0.06,0.06,1000
2022-10-26,0.07,0.0705,0.14,0.07,27100
2022-10-28,0.07,0.07,0.07,0.07,2791
2022-10-31,0.06,0.06,0.06,0.06,2215
2022-11-01,0.07,0.07,0.07,0.07,100
2022-11-07,0.078,0.078,0.078,0.078,23600
2022-11-08,0.135,0.102,0.18,0.102,94921
2022-11-11,0.1239,0.1239,0.1239,0.1239,100
2022-11-17,0.085,0.1222,0.1222,0.085,509
2022-11-22,0.105,0.11,0.1235,0.102499,13700
2022-11-23,0.115,0.1152,0.1155,0.1,9680
2022-11-25,0.1151,0.135,0.14,0.115,70510
2022-11-28,0.109999,0.1401,0.195,0.109999,10498
2022-11-29,0.1418,0.1697,0.17,0.0851,13316
2022-11-30,0.14,0.15,0.15,0.14,1000
2022-12-01,0.14,0.15,0.15,0.1397,1110
2022-12-02,0.112549,0.1587,0.159,0.112549,8515
2022-12-05,0.1585,0.1555,0.1585,0.145,5500
2022-12-06,0.15,0.1575,0.1575,0.1495,101920
2022-12-07,0.155,0.155,0.155,0.155,536
2022-12-08,0.1549,0.154943,0.154943,0.1549,400
2022-12-13,0.12,0.16,0.16,0.12,630
2022-12-15,0.1393,0.1558,0.1558,0.1393,600
2022-12-16,0.131,0.14,0.14,0.13,384259
2022-12-20,0.16,0.16,0.16,0.16,200
2022-12-21,0.16,0.2,0.2,0.1599,31560
2022-12-27,0.141399,0.18,0.18,0.141399,60190
2022-12-28,0.179,0.17,0.179,0.17,21210
2022-12-29,0.16,0.18,0.18,0.16,202
2022-12-30,0.1648,0.1725,0.1793,0.1648,540
2023-01-04,0.16,0.16,0.16,0.16,8200
2023-01-05,0.18,0.18,0.18,0.18,120
2023-01-09,0.17,0.16,0.17,0.16,557
2023-01-10,0.18,0.18,0.18,0.18,175
2023-01-26,0.17,0.17,0.17,0.17,10000
2023-01-27,0.169,0.16,0.17,0.16,559759
2023-01-31,0.16,0.16,0.16,0.16,397310
2023-02-02,0.17,0.179,0.179,0.17,15301
2023-02-03,0.165,0.165,0.165,0.165,10000
2023-02-06,0.17,0.17,0.17,0.17,100
2023-02-07,0.17,0.17,0.17,0.17,100
2023-02-08,0.17,0.17,0.17,0.17,100
2023-02-09,0.17,0.18,0.18,0.17,10700
2023-02-10,0.16,0.1676,0.1676,0.16,67104
2023-02-15,0.1572,0.1572,0.1572,0.1572,104
2023-02-16,0.1799,0.1799,0.1799,0.1799,3006
2023-02-17,0.17,0.17,0.17,0.17,2200
2023-02-21,0.1799,0.1799,0.1799,0.1799,1800
2023-02-22,0.1791,0.176,0.179399,0.1708,36111
2023-02-23,0.1755,0.174799,0.1795,0.174799,15687
2023-02-24,0.1749,0.1749,0.1749,0.1749,1500
2023-02-27,0.17,0.17,0.17,0.17,177
2023-02-28,0.173799,0.169899,0.173799,0.169899,6518
2023-03-02,0.1616,0.1616,0.1616,0.1616,500
2023-03-06,0.165,0.164899,0.165,0.164899,13724
2023-03-07,0.165,0.16,0.165,0.16,26328
2023-03-08,0.162399,0.1643,0.1643,0.162399,8560
2023-03-10,0.17,0.165,0.17,0.165,20176
2023-03-13,0.165,0.17,0.17,0.165,18600
2023-03-15,0.1708,0.1708,0.1708,0.1708,10884
2023-03-16,0.17,0.1501,0.17,0.15,41750
2023-03-20,0.18,0.155,0.18,0.155,41430
2023-03-24,0.1692,0.1692,0.1692,0.1692,200
2023-03-27,0.1692,0.17,0.17,0.1692,762
2023-03-28,0.1692,0.1692,0.17,0.1692,681
2023-03-29,0.17,0.1692,0.17,0.1692,20864
2023-03-30,0.17,0.1699,0.17,0.1692,127164
2023-03-31,0.1692,0.17,0.17,0.1692,11496
2023-04-03,0.1799,0.1691,0.1799,0.1691,5164
2023-04-06,0.18,0.18,0.18,0.18,164
2023-04-10,0.1701,0.1799,0.1799,0.1701,2000
2023-04-11,0.17,0.1775,0.1775,0.1691,9950
2023-04-12,0.1775,0.1775,0.1775,0.1775,7457
2023-04-13,0.18,0.18,0.18,0.18,7000
2023-04-14,0.1701,0.1798,0.1798,0.1701,432
2023-04-18,0.18,0.18,0.18,0.18,167
2023-04-25,0.1775,0.1691,0.1775,0.165,1005781
2023-04-28,0.1551,0.1725,0.1725,0.1551,267
2023-05-01,0.14,0.14,0.14,0.14,2848
2023-05-02,0.1775,0.1775,0.1775,0.1775,167
2023-05-03,0.1551,0.1551,0.1551,0.1551,173
2023-05-05,0.17,0.17,0.17,0.17,173
2023-05-09,0.1551,0.1551,0.1551,0.1551,173
2023-05-11,0.131,0.17,0.17,0.131,25425
2023-05-17,0.1551,0.17,0.17,0.1551,573
2023-05-19,0.17,0.17,0.17,0.17,173
