2020-10-27,38.5994,38.5994,38.5994,38.5994,1000
2020-10-28,37.8597,37.8597,37.8597,37.8597,264
2020-10-29,39.0574,38.0217,39.0574,38.0217,855
2020-10-30,37.1525,36.9603,37.1525,36.9603,1300
2020-11-02,38.6778,39.0668,39.0668,38.6778,394
2020-11-04,NaN,39.0668,NaN,NaN,90
2020-11-05,44.4224,44.4224,44.4224,44.4224,200
2020-11-06,NaN,44.4224,NaN,NaN,0
2020-11-09,40.95,40.95,40.95,40.95,285
2020-11-10,38.67507,38.67507,38.67507,38.67507,270
2020-11-11,NaN,38.67507,NaN,NaN,121
2020-11-16,42.9033,42.8332,42.9033,42.7504,874
2020-11-17,41.4254,41.6,41.6,41.4254,435
2020-11-18,41.5,42.1179,42.1179,41.5,800
2020-11-19,42.5,42.5127,42.5127,42.5,307
2020-11-23,41.9039,41.9039,41.9039,41.9039,100
2020-11-24,42.45453,42.5344,42.5344,42.45453,912
2020-11-25,43.28901,44.99708,44.99708,43.28901,300
2020-11-27,45.0,45.0,45.0,45.0,103
2020-11-30,46.1117,46.1117,46.1117,46.1117,148
2020-12-01,49.0,48.149,49.0,48.0837,2991
2020-12-02,48.5431,47.0197,48.5431,47.0197,275
2020-12-03,NaN,47.0197,NaN,NaN,7
2020-12-04,46.5,46.6961,46.6961,46.5,420
2020-12-07,47.89,47.91,47.91,47.89,535
2020-12-08,48.0872,48.3623,48.3623,48.0872,1100
2020-12-09,48.901,48.901,48.901,48.901,201
2020-12-10,NaN,48.901,NaN,NaN,125
2020-12-11,50.0,49.93,50.098,49.93,650
2020-12-14,52.0,51.7644,52.0,51.7644,835
2020-12-15,52.0,51.9296,52.0,51.9139,1006
2020-12-16,51.7004,52.17,52.17,51.7004,1563
2020-12-17,55.3946,56.4715,57.115,55.3946,775
2020-12-18,58.1283,58.1204,58.1283,58.1204,522
2020-12-21,NaN,58.1204,NaN,NaN,11
2020-12-22,60.5293,60.4276,60.5293,60.4276,336
2020-12-23,59.9898,59.0319,59.9898,59.0319,421
2020-12-24,58.9918,58.1066,59.2206,58.1066,3467
2020-12-28,58.55,58.55,58.55,58.55,508
2020-12-29,59.15,59.15,59.15,59.15,623
2020-12-30,59.9805,59.6,60.043,59.6,590
2020-12-31,60.9679,60.7213,60.9679,60.7213,370
2021-01-04,63.0,56.3023,63.0,56.2945,4896
2021-01-05,55.3514,55.3514,55.3514,55.3514,174
2021-01-06,52.8749,49.54,52.8952,49.54,4330
2021-01-07,51.8502,52.3183,54.0,51.8502,1153
2021-01-08,51.7812,52.15,52.15,51.5,1306
2021-01-11,51.0,51.0,51.0,51.0,312
2021-01-12,50.1967,50.0,50.1967,49.7223,555
2021-01-13,48.6968,51.9999,51.9999,48.0,2566
2021-01-14,52.0,54.58,54.6509,52.0,1300
2021-01-15,NaN,54.58,NaN,NaN,0
2021-01-19,54.59,56.0,56.3431,54.59,12120
2021-01-20,59.5169,49.59,60.1631,49.59,1464
2021-01-21,58.0832,58.2764,59.3082,58.0832,1601
2021-01-22,57.0971,57.0971,57.0971,57.0971,222
2021-01-25,55.8083,55.8161,55.8161,55.8083,480
2021-01-26,53.9982,53.9982,53.9982,53.9982,150
2021-01-27,54.0,49.9709,54.0,49.9709,3138
2021-01-28,49.9929,51.1399,51.5,49.9929,1919
2021-01-29,NaN,51.1399,NaN,NaN,0
2021-02-01,52.0,53.0,53.0,52.0,304
2021-02-02,54.0,54.5369,54.5603,54.0,985
2021-02-03,49.59,54.4369,54.8221,49.59,2248
2021-02-04,54.43,54.8919,54.8919,54.43,2894
2021-02-05,57.5509,57.5814,57.5814,57.5509,520
2021-02-08,59.95,60.7,60.7,59.0,2816
2021-02-09,60.7438,60.0,60.7438,59.53,2929
2021-02-10,59.0392,59.0392,59.0392,59.0392,192
2021-02-11,59.2535,59.2535,59.2535,59.2535,294
2021-02-12,59.0811,62.0,62.0,59.0811,1881
2021-02-16,60.325,58.662,60.325,58.0,1908
2021-02-17,57.6232,57.7151,57.7151,57.6232,307
2021-02-18,57.1789,57.1946,57.1946,57.1789,580
2021-02-19,58.0,57.7735,58.969,57.7656,1623
2021-02-22,57.6938,58.0,58.0,56.6553,932
2021-02-23,54.621,53.1756,54.621,53.1198,1617
2021-02-24,53.5,54.2,54.2,53.5,1734
2021-02-25,53.9715,52.8226,53.9715,52.4029,1368
2021-02-26,51.0,52.914,52.914,51.0,1479
2021-03-01,NaN,52.914,NaN,NaN,143
2021-03-02,NaN,52.914,NaN,NaN,129
2021-03-03,53.0,53.0,53.0,53.0,650
2021-03-04,NaN,53.0,NaN,NaN,96
2021-03-05,47.9466,47.9466,47.9466,47.9466,242
2021-03-08,NaN,47.9466,NaN,NaN,110
2021-03-09,46.693,47.2639,47.2639,46.693,231
2021-03-10,55.0042,55.0,70.0,55.0,1176
2021-03-11,57.0,62.65,62.65,57.0,2923
2021-03-12,65.5228,65.6,65.7441,65.4916,1496
2021-03-15,66.9,70.5929,71.0,66.9,7127
2021-03-16,66.1655,67.6695,72.1869,66.1655,4172
2021-03-17,66.9617,67.1878,67.5,66.8784,7975
2021-03-18,60.3664,58.0,61.4252,58.0,11625
2021-03-19,59.4061,60.38,60.3964,59.132,9198
2021-03-22,60.7399,60.314,61.0,59.6242,7784
2021-03-23,60.0,59.6576,60.75,59.6576,622
2021-03-24,59.65,58.613,59.65,58.613,1601
2021-03-25,53.52,58.0228,60.75,53.52,4001
2021-03-26,57.8627,57.0451,57.8627,57.0372,3050
2021-03-29,57.8286,55.7763,57.8286,53.5201,4652
2021-03-30,56.6166,58.594,58.8014,56.6166,4232
2021-03-31,59.75,60.35,60.3528,59.75,3865
2021-04-01,61.5,62.49,62.8921,61.1171,9012
2021-04-05,58.0,63.75,65.0,53.52,10163
2021-04-06,65.0,66.35,66.35,64.7419,21276
2021-04-07,66.4737,66.6265,66.8173,66.29,2714
2021-04-08,69.0,69.2829,69.2829,69.0,600
2021-04-09,76.0,70.0566,76.0,69.4973,4044
2021-04-12,69.5297,70.0,70.0,69.1,1307
2021-04-13,68.861,69.13484,80.0,68.8366,1890
2021-04-14,NaN,69.13484,NaN,NaN,45
2021-04-15,68.2028,68.8332,68.8332,68.2,5631
2021-04-16,68.8294,68.8455,68.8455,68.71,610
2021-04-19,69.0964,69.17,69.17,69.0964,1007
2021-04-20,73.0,70.8755,73.0,69.5,3520
2021-04-21,70.20095,69.5,70.20095,69.5,6002
2021-04-22,70.3099,70.3561,70.3561,70.0,8315
2021-04-23,70.6496,71.2543,71.2543,70.6496,2098
2021-04-26,70.7471,70.0,70.7471,70.0,1200
2021-04-27,70.0,70.73265,70.9036,70.0,3693
2021-04-28,71.4894,70.6637,71.4894,70.1893,3765
2021-04-29,70.2848,71.0,71.0,70.2197,3042
2021-04-30,69.3262,70.8493,71.0,69.2936,5050
2021-05-03,70.0579,70.0,70.0579,70.0,6104
2021-05-04,68.71652,68.7765,68.8145,68.71652,1646
2021-05-05,69.595,70.04,70.04,69.2423,1132
2021-05-06,69.64608,66.9705,69.64608,66.9623,3608
2021-05-07,67.25214,67.24724,67.25214,67.24724,935
2021-05-10,71.0,67.61356,71.0,67.61356,1424
2021-05-11,67.0112,69.0,69.0,66.0,4242
2021-05-12,68.5664,69.0,70.0,66.8293,2163
2021-05-13,NaN,69.0,NaN,NaN,4
2021-05-14,66.7866,69.01,69.01,66.449,1247
2021-05-17,68.9843,67.93379,68.9843,67.93379,2327
2021-05-18,68.2,70.6,70.6,67.51,5950
2021-05-19,70.519,70.44362,70.519,70.44362,1080
2021-05-20,71.44116,72.0,73.1542,71.1418,17315
2021-05-21,72.0,72.0,72.0,72.0,504
2021-05-24,62.0001,62.0001,62.0001,62.0001,395
2021-05-25,75.0081,74.32504,75.0081,73.5019,13374
2021-05-26,75.0021,75.0021,75.0021,75.0021,708
2021-05-27,74.33,74.24808,75.0,74.11,35533
2021-05-28,74.2861,74.3385,74.3385,74.2861,807
2021-06-01,74.65,74.38,74.77,74.38,516
2021-06-02,69.49,68.6766,69.4959,68.6766,6692
2021-06-03,67.71,68.3412,68.3412,67.71,1040
2021-06-04,68.6581,68.6581,68.6581,68.6581,108
2021-06-07,69.3076,69.0754,69.3076,69.0754,2363
2021-06-08,68.705,68.692,68.705,68.692,224
2021-06-09,69.0,68.7792,69.0,68.7792,1008
2021-06-10,68.62558,68.6601,68.6601,68.5,5281
2021-06-11,NaN,68.6601,NaN,NaN,16
2021-06-14,69.25,71.0,71.1889,69.25,7580
2021-06-15,71.0,71.5,71.5,70.9212,4331
2021-06-16,70.9994,71.45,71.5059,70.6959,1545
2021-06-17,71.0007,71.0,71.0007,71.0,423
2021-06-18,71.5,72.0,72.0,71.5,7580
2021-06-21,72.0,72.86,72.8638,72.0,8343
2021-06-22,74.05051,74.7243,74.7643,73.95377,3655
2021-06-23,77.2812,78.8703,79.4808,77.2812,2146
2021-06-24,80.1721,80.3313,80.3313,79.0,2000
2021-06-25,80.7442,78.9996,80.85,78.9996,1276
2021-06-28,80.3687,80.9,80.9663,80.0,4100
2021-06-29,80.7715,80.9162,80.9242,80.5303,4424
2021-06-30,81.0,81.0,81.0,81.0,336
2021-07-01,79.25,79.25,79.25,79.25,100
2021-07-02,83.5,84.2774,84.2774,83.5,2148
2021-07-06,83.2509,84.68,84.68,83.2429,2304
2021-07-07,NaN,84.68,NaN,NaN,192
2021-07-08,81.4266,81.6253,81.6459,81.4266,2124
2021-07-09,82.5055,82.25,82.5055,82.25,1115
2021-07-12,82.5476,82.93718,82.93718,82.5476,1211
2021-07-13,82.7138,82.9848,82.9848,82.7138,930
2021-07-14,81.9004,81.9071,81.9071,81.9004,572
2021-07-15,81.3065,78.4,81.3065,78.4,4473
2021-07-16,76.45,78.0,78.0,76.1972,1271
2021-07-19,75.6579,75.1333,75.6579,75.1333,1451
2021-07-20,75.061,76.0915,76.1091,75.061,1391
2021-07-21,NaN,76.0915,NaN,NaN,5
2021-07-22,80.5414,82.8199,82.8199,80.5031,660
2021-07-23,NaN,82.8199,NaN,NaN,36
2021-07-26,82.0585,83.6118,83.7573,82.0585,3896
2021-07-27,82.2328,82.2328,82.2328,82.2328,449
2021-07-28,82.7573,82.7573,82.7573,82.7573,264
2021-07-29,83.9013,83.9956,83.9956,83.606,6178
2021-07-30,NaN,83.9956,NaN,NaN,181
2021-08-02,84.0,85.0,85.0,84.0,330
2021-08-03,80.1568,80.1568,80.1568,80.1568,263
2021-08-04,80.16,80.16,80.16,80.16,491
2021-08-05,82.3068,83.0805,83.5,82.3068,2119
2021-08-06,NaN,83.0805,NaN,NaN,58
2021-08-09,NaN,83.0805,NaN,NaN,8
2021-08-10,90.0,94.3734,96.3031,90.0,7127
2021-08-11,95.0,99.7436,100.50013,95.0,20057
2021-08-12,99.3514,100.6494,100.7611,99.25,17285
2021-08-13,102.2981,103.00954,103.1397,102.2981,2141
2021-08-16,104.6016,103.7112,105.1987,102.8,2731
2021-08-17,103.3385,104.0,104.0,103.2117,575
2021-08-18,100.8382,101.4247,101.4247,100.4037,1657
2021-08-19,99.8351,100.15,100.15,99.8351,2509
2021-08-20,100.0,104.0276,104.1443,100.0,1577
2021-08-23,112.7812,112.7812,112.7812,112.7812,10070
2021-08-24,118.5755,118.5018,118.6,118.5018,761
2021-08-25,116.0146,117.3072,118.0717,116.0146,614
2021-08-26,118.7361,120.4569,121.4915,118.5346,2605
2021-08-27,126.0061,126.1,126.1,124.9985,1321
2021-08-30,128.8293,127.1875,128.8293,127.1875,1400
2021-08-31,127.2,127.0,128.2228,126.86904,5410
2021-09-01,127.4529,127.4529,127.4529,127.4529,152
2021-09-02,123.4604,120.91234,124.5365,118.1483,1817
2021-09-03,120.06149,123.00852,123.00852,120.0,1412
2021-09-07,122.99,121.5,122.99,121.5,522
2021-09-08,123.54015,123.6935,123.8639,123.54015,2182
2021-09-09,127.23785,127.23785,127.23785,127.23785,418
2021-09-10,NaN,127.23785,NaN,NaN,92
2021-09-13,128.0,121.2609,128.0,120.0,1927
2021-09-14,NaN,121.2609,NaN,NaN,58
2021-09-15,130.0,130.0,130.0,130.0,1384
2021-09-16,NaN,130.0,NaN,NaN,200
2021-09-17,140.0,137.4,140.0,137.1317,3237
2021-09-20,128.5057,128.8,130.0,128.1366,7941
2021-09-21,132.1516,126.1676,132.1516,125.0,1639
2021-09-22,125.0,125.853,125.853,123.064,11768
2021-09-23,126.5492,123.518,126.7,121.5605,2985
2021-09-24,118.01,119.0,120.0117,116.2,5361
2021-09-27,119.5,123.8042,123.8042,116.01,3678
2021-09-28,120.1151,113.0,120.1151,113.0,1530
2021-09-29,115.892,113.5,115.892,113.5,803
2021-09-30,114.2,114.5943,114.5943,114.2,339
2021-10-01,121.3337,121.04,122.9071,121.04,1332
2021-10-04,120.0154,116.886,120.0154,116.886,1704
2021-10-05,116.35412,123.4,123.8879,114.8,1898
2021-10-06,160.08,129.8,129.8,118.67,1178107
2021-10-07,129.71,137.01,140.23,129.62,347349
2021-10-08,138.88,132.36,138.88,130.85,102329
2021-10-11,131.25,130.6,136.0,129.71,43612
2021-10-12,129.92,126.66,132.43,122.94,131300
2021-10-13,124.97,125.91,128.34,123.66,47864
2021-10-14,127.12,126.06,128.88,125.39,70347
2021-10-15,127.02,125.99,128.635,125.5133,60144
2021-10-18,125.73,123.98,127.04,123.135,92903
2021-10-19,125.2,126.17,127.925,123.1,120623
2021-10-20,126.0,126.45,128.1,125.34,132884
2021-10-21,126.47,130.03,132.9,126.145,120162
2021-10-22,128.76,128.3,128.76,125.26,66174
2021-10-25,128.5,128.7,130.23,127.69,66213
2021-10-26,127.88,131.81,135.28,127.88,209446
2021-10-27,130.37,125.95,130.44,125.84,265858
2021-10-28,125.5,125.98,126.215,123.54,221659
2021-10-29,123.99,120.42,124.9202,119.715,236333
2021-11-01,121.0,122.75,125.54,120.89,89030
2021-11-02,122.75,119.15,124.55,119.11,84701
2021-11-03,117.78,117.01,121.16,115.21,213978
2021-11-04,116.2,108.22,116.8,107.55,413737
2021-11-05,110.06,109.96,110.79,106.01,257331
2021-11-08,111.64,116.34,116.34,111.35,264447
2021-11-09,121.11,112.16,123.0,106.9,394844
2021-11-10,112.87,108.75,115.31,107.89,183445
2021-11-11,109.59,106.02,109.59,105.79,105499
2021-11-12,106.93,107.0,108.5475,103.915,151669
2021-11-15,107.49,109.7,110.0,107.13,90326
2021-11-16,109.49,112.45,113.795,109.49,130258
2021-11-17,112.45,109.31,112.45,108.22,135844
2021-11-18,110.76,99.93,110.76,99.37,281480
2021-11-19,99.67,99.46,102.82,97.31,221693
2021-11-22,98.92,95.41,101.68,92.6744,240724
2021-11-23,93.75,91.85,96.55,90.29,331005
2021-11-24,91.2,95.88,96.07,90.56,190040
2021-11-26,93.73,95.06,96.33,91.71,80858
2021-11-29,95.24,96.29,96.99,93.52,115039
2021-11-30,96.59,98.56,98.74,92.32,242346
2021-12-01,99.44,91.01,101.0262,90.315,349109
2021-12-02,90.65,96.52,97.27,89.4429,273794
2021-12-03,96.38,89.5,96.52,86.695,466744
2021-12-06,89.15,93.03,93.95,87.33,205001
2021-12-07,96.2,97.35,99.64,95.07,768395
2021-12-08,77.89,57.97,78.45,43.1,18075938
2021-12-09,62.1,60.76,66.63,58.5624,4008047
2021-12-10,62.16,59.61,63.57,58.22,1169944
2021-12-13,59.66,58.32,65.085,58.11,1302376
2021-12-14,58.0,52.87,59.28,52.69,1424517
2021-12-15,52.67,51.59,52.99,48.25,1769453
2021-12-16,53.07,49.77,53.95,48.8,653463
2021-12-17,49.52,54.82,55.89,48.75,1288850
2021-12-20,53.0,51.69,53.7834,50.48,516382
2021-12-21,52.2,60.35,60.47,52.2,909778
2021-12-22,60.53,61.61,62.45,58.33,666917
2021-12-23,62.12,63.64,64.15,59.5,488590
2021-12-27,64.66,64.59,64.66,62.5501,200424
2021-12-28,64.71,64.07,64.87,63.69,203542
2021-12-29,63.73,64.34,66.21,63.69,414701
2021-12-30,64.29,66.77,68.16,63.92,371527
2021-12-31,66.56,64.98,67.1,64.84,201988
2022-01-03,65.64,65.33,65.99,62.2201,176290
2022-01-04,65.33,63.82,65.33,61.61,490725
2022-01-05,63.51,62.15,64.3,61.54,483282
2022-01-06,61.57,61.62,64.0,60.38,419900
2022-01-07,61.62,63.4,63.59,60.985,379642
2022-01-10,62.5,62.57,62.89,58.37,424259
2022-01-11,63.35,68.87,69.49,63.3,670086
2022-01-12,69.97,67.91,71.72,67.06,459742
2022-01-13,67.91,67.43,68.82,66.675,457815
2022-01-14,67.0,66.64,67.23,64.73,540305
2022-01-18,64.5,62.49,64.5,61.92,489482
2022-01-19,63.0,62.26,64.39,62.01,276391
2022-01-20,63.07,62.93,65.48,62.72,326414
2022-01-21,61.5,59.41,62.455,59.19,528892
2022-01-24,56.78,59.19,59.49,52.6,641396
2022-01-25,56.79,58.62,60.11,56.79,293997
2022-01-26,60.88,57.03,61.045,56.38,566709
2022-01-27,58.2,54.71,59.12,54.66,566147
2022-01-28,54.88,57.61,57.61,53.65,393771
2022-01-31,57.6,61.0,61.4403,57.14,394444
2022-02-01,61.55,64.48,64.63,61.29,256825
2022-02-02,64.88,61.15,64.88,59.13,451883
2022-02-03,58.74,57.53,59.2,56.95,427722
2022-02-04,57.59,58.09,58.42,56.14,333788
2022-02-07,58.09,60.29,60.84,57.68,146660
2022-02-08,59.725,60.42,60.52,58.6,122388
2022-02-09,62.64,63.38,64.04,61.2,296335
2022-02-10,61.16,64.86,67.075,61.16,475084
2022-02-11,64.75,62.29,65.792,61.79,286541
2022-02-14,61.95,61.9,63.18,61.05,251244
2022-02-15,63.54,64.17,64.29,62.1,262558
2022-02-16,63.33,62.55,63.86,62.18,159837
2022-02-17,61.74,56.29,62.52,56.18,459925
2022-02-18,56.29,53.15,56.29,52.65,447626
2022-02-22,53.15,53.13,54.3,51.38,370639
2022-02-23,54.05,51.41,55.55,51.14,399451
2022-02-24,49.27,52.65,52.68,48.37,792601
2022-02-25,52.87,53.05,53.73,51.34,352214
2022-02-28,53.07,54.29,56.19,52.85,498397
2022-03-01,54.29,51.43,55.08,51.11,227462
2022-03-02,51.95,51.7,52.71,50.85,143206
2022-03-03,51.89,50.18,51.89,49.495,396374
2022-03-04,49.63,47.52,50.2066,46.64,290897
2022-03-07,47.93,44.15,48.5,43.81,341370
2022-03-08,44.86,49.76,51.1669,44.02,937050
2022-03-09,51.0,57.0,57.15,50.62,828188
2022-03-10,55.79,56.75,57.62,54.37,474314
2022-03-11,58.46,55.35,58.77,54.93,258126
2022-03-14,55.01,52.94,56.65,52.93,468663
2022-03-15,52.8,57.24,57.32,52.52,601003
2022-03-16,58.89,63.48,64.29,58.63,734314
2022-03-17,62.14,67.0,67.76,61.83,640280
2022-03-18,66.3,71.65,72.535,65.41,794892
2022-03-21,71.37,70.83,73.41,69.1971,426695
2022-03-22,71.16,74.88,74.96,70.75,404336
2022-03-23,73.86,70.46,74.495,70.46,277129
2022-03-24,70.99,73.43,73.86,70.83,320132
2022-03-25,73.99,71.59,74.0,70.75,164422
2022-03-28,71.19,70.76,73.59,70.07,303273
2022-03-29,73.29,74.89,75.35,71.68,350035
2022-03-30,74.26,76.06,77.76,73.49,426508
2022-03-31,76.23,75.39,77.4,75.35,301122
2022-04-01,75.69,75.74,78.53,74.31,214422
2022-04-04,76.71,77.4,79.13,76.38,145372
2022-04-05,77.56,75.42,77.79,74.965,258512
2022-04-06,73.78,71.35,74.28,68.825,264463
2022-04-07,70.89,68.59,71.7,68.04,308070
2022-04-08,68.68,67.9,68.86,65.56,205819
2022-04-11,66.5,65.73,67.95,64.9,192231
2022-04-12,66.71,65.28,68.83,64.63,170446
2022-04-13,65.11,67.46,68.42,65.11,222032
2022-04-14,67.82,66.27,68.58,65.66,224633
2022-04-18,65.76,65.74,67.02,64.59,121418
2022-04-19,65.3,68.68,69.36,64.93,166471
2022-04-20,69.71,65.52,69.71,65.5,206355
2022-04-21,66.81,61.98,67.66,61.485,240695
2022-04-22,61.7,58.12,62.53,58.1,287922
2022-04-25,57.65,60.78,61.2317,56.3,304733
2022-04-26,60.24,57.19,60.53,57.02,267798
2022-04-27,57.55,55.52,59.18,55.42,374282
2022-04-28,56.99,59.38,59.97,55.85,234754
2022-04-29,58.83,55.91,61.64,55.75,299206
2022-05-02,55.61,56.9,57.14,54.83,232370
2022-05-03,56.95,56.22,58.34,56.04,299070
2022-05-04,56.2,56.89,57.09,53.42,454393
2022-05-05,56.0,51.25,56.0,50.87,258935
2022-05-06,50.87,49.59,51.8,47.15,539678
2022-05-09,47.12,44.76,49.185,44.44,449893
2022-05-10,43.55,42.37,45.38,38.89,741576
2022-05-11,42.19,41.23,42.44,40.3301,361441
2022-05-12,40.49,43.32,44.5,39.89,593042
2022-05-13,44.85,48.38,48.41,44.85,293057
2022-05-16,48.21,45.12,49.03,45.06,294134
2022-05-17,46.65,47.41,48.55,45.43,247171
2022-05-18,46.12,45.07,47.58,44.89,220620
2022-05-19,44.86,47.79,49.53,44.79,333638
2022-05-20,48.81,48.5,49.51,46.39,259307
2022-05-23,48.87,49.92,50.14,48.0941,132952
2022-05-24,48.27,44.57,48.74,43.87,240593
2022-05-25,44.02,46.63,46.76,44.02,247415
2022-05-26,46.7,50.89,51.04,46.05,387953
2022-05-27,51.78,51.46,52.87,50.55,219044
2022-05-31,52.99,51.44,53.18,50.29,213980
2022-06-01,51.35,48.8,52.505,48.225,116014
2022-06-02,49.31,52.29,52.98,48.8,274560
2022-06-03,51.1,50.04,51.14,49.676,415154
2022-06-06,51.5,50.76,52.98,50.14,265606
2022-06-07,49.73,50.47,51.2,48.64,134097
2022-06-08,50.72,50.5,51.0,49.73,233661
2022-06-09,49.89,47.84,50.44,47.7,169513
2022-06-10,46.23,45.4,47.26,44.4,322334
2022-06-13,43.34,41.3,43.795,40.81,533271
2022-06-14,42.0,40.58,42.61,39.76,334000
2022-06-15,41.03,42.7,43.31,40.79,281224
2022-06-16,40.91,37.99,40.95,37.76,391698
2022-06-17,38.34,37.99,39.47,37.93,339946
2022-06-21,39.43,38.4,41.17,38.0,304831
2022-06-22,37.5,36.99,38.77,36.91,577312
2022-06-23,37.45,38.53,39.09,36.495,515544
2022-06-24,39.06,39.66,40.52,38.73,339039
2022-06-27,40.4,39.51,40.77,38.76,454489
2022-06-28,39.4,38.13,40.33,37.46,225663
2022-06-29,37.98,37.51,38.52,37.09,305138
2022-06-30,36.68,36.17,37.15,34.81,668160
2022-07-01,36.1,35.12,36.1,34.43,522853
2022-07-05,34.97,35.13,35.65,33.63,662554
2022-07-06,34.96,33.95,35.89,33.34,370949
2022-07-07,34.04,33.76,35.06,33.74,457441
2022-07-08,33.41,34.0,34.46,31.81,434390
2022-07-11,33.08,31.5,33.53,31.26,718168
2022-07-12,31.57,31.11,32.54,30.93,392029
2022-07-13,30.6,31.49,31.97,29.9,378722
2022-07-14,30.165,30.52,30.855,29.11,536412
2022-07-15,31.17,30.84,31.64,30.1,285069
2022-07-18,31.42,31.92,32.82,31.23,231967
2022-07-19,32.57,34.07,34.41,32.57,405664
2022-07-20,34.25,36.3,36.62,34.25,452832
2022-07-21,36.55,36.64,36.77,35.84,322046
2022-07-22,36.39,35.4,36.63,34.65,313543
2022-07-25,35.41,33.88,35.41,33.43,409748
2022-07-26,33.68,31.12,33.68,31.11,264666
2022-07-27,32.0,33.2,33.35,30.9,264782
2022-07-28,33.34,33.21,33.7,31.72,197325
2022-07-29,33.3,34.88,35.11,32.94,269865
2022-08-01,34.29,34.59,35.0,34.1,126295
2022-08-02,34.35,36.1,36.65,33.85,323900
2022-08-03,36.49,38.91,38.98,36.17,425486
2022-08-04,38.5,37.48,39.08,37.16,366576
2022-08-05,37.33,37.52,37.78,36.08,542576
2022-08-08,37.79,42.06,42.39,37.76,989962
2022-08-09,36.01,33.03,37.0,32.37,2090721
2022-08-10,33.99,35.65,36.61,33.0027,1561894
2022-08-11,36.6,36.1,39.1,36.0405,880338
2022-08-12,36.39,35.34,36.93,35.27,371461
2022-08-15,34.38,37.18,37.53,33.24,343309
2022-08-16,37.24,36.44,37.31,35.8,377162
2022-08-17,35.49,34.5,35.77,33.63,319278
2022-08-18,34.5,34.28,34.61,33.605,201758
2022-08-19,33.22,32.38,33.2558,31.92,289669
2022-08-22,31.16,32.19,32.669,31.16,269311
2022-08-23,32.19,32.5,32.746,31.51,177482
2022-08-24,32.64,33.09,33.8961,32.41,281677
2022-08-25,33.42,33.45,34.14,33.15,367547
2022-08-26,33.18,30.66,33.34,30.48,483955
2022-08-29,30.07,30.5,30.87,29.4027,252080
2022-08-30,30.8,30.3,31.425,29.96,346360
2022-08-31,30.7,30.59,30.88,30.1,350298
2022-09-01,30.0,30.15,30.16,28.97,410205
2022-09-02,30.74,29.44,30.76,29.21,617663
2022-09-06,29.29,28.61,29.7,28.51,209514
2022-09-07,28.66,29.34,29.41,27.93,377589
2022-09-08,29.06,29.94,30.13,28.8,305678
2022-09-09,30.43,31.99,32.04,30.43,224043
2022-09-12,32.35,33.17,33.18,31.975,204791
2022-09-13,31.2,30.82,31.88,30.75,367053
2022-09-14,31.12,32.4,32.44,30.54,311525
2022-09-15,32.04,31.86,33.345,31.6603,239234
2022-09-16,31.39,31.53,31.79,30.59,378514
2022-09-19,30.61,31.78,31.91,30.4396,181968
2022-09-20,31.12,31.64,33.09,30.82,367581
2022-09-21,31.66,30.19,31.74,30.15,509472
2022-09-22,29.98,28.03,30.19,27.71,344097
2022-09-23,27.45,27.71,27.76,27.045,217619
2022-09-26,27.6,26.81,28.37,26.73,277175
2022-09-27,27.3,26.79,28.18,26.53,181684
2022-09-28,26.87,28.86,29.08,26.63,256972
2022-09-29,28.05,27.48,28.27,27.23,398983
2022-09-30,27.26,27.05,28.6,26.91,153155
2022-10-03,27.49,27.89,28.51,26.71,221397
2022-10-04,29.08,30.84,31.1,29.01,254062
2022-10-05,29.75,29.94,30.38,29.6,177309
2022-10-06,29.63,30.0,30.27,29.4,295671
2022-10-07,29.89,28.44,29.89,28.39,255966
2022-10-10,28.13,27.51,28.41,26.95,166133
2022-10-11,27.3,26.94,27.76,26.17,285750
2022-10-12,27.05,26.54,27.39,26.22,210327
2022-10-13,25.0,26.92,27.2,24.73,205510
2022-10-14,27.08,25.88,27.9,25.83,190434
2022-10-17,26.93,27.95,28.85,26.93,248659
2022-10-18,29.11,28.16,29.65,27.8,223961
2022-10-19,27.79,26.19,27.83,26.09,404119
2022-10-20,26.5,26.82,27.55,26.17,247570
2022-10-21,26.72,28.55,28.58,26.07,279910
2022-10-24,28.6,27.36,28.68,27.27,405970
2022-10-25,27.45,29.19,29.27,27.45,369528
2022-10-26,29.19,29.36,30.81,28.79,318599
2022-10-27,29.3,29.98,30.595,29.3,225622
2022-10-28,29.57,30.33,30.61,28.74,415212
2022-10-31,30.16,30.07,30.89,29.71,279281
2022-11-01,31.06,30.57,31.2,29.63,366894
2022-11-02,30.15,28.48,30.66,28.35,725994
2022-11-03,28.45,29.66,30.0,27.89,912193
2022-11-04,30.3,29.05,30.58,27.6,448691
2022-11-07,29.82,29.9,31.11,29.56,495320
2022-11-08,30.12,30.11,31.52,29.76,626502
2022-11-09,29.68,26.67,29.68,26.59,491469
2022-11-10,28.89,31.5,31.55,28.78,425481
2022-11-11,31.3,33.88,33.92,30.39,368285
2022-11-14,32.79,32.22,33.25,32.12,463888
2022-11-15,33.05,32.52,33.65,32.39,657996
2022-11-16,32.11,31.9,32.32,30.26,591767
2022-11-17,30.58,30.77,31.8,30.58,410737
2022-11-18,31.33,29.98,31.33,29.65,357104
2022-11-21,29.59,28.99,29.69,28.245,655634
2022-11-22,28.99,29.41,29.71,28.39,569159
2022-11-23,29.2,29.24,29.87,28.81,215490
2022-11-25,29.45,29.0,29.76,28.94,74986
2022-11-28,28.95,27.85,29.02,27.8,283728
2022-11-29,27.9,28.59,28.83,27.8,268446
2022-11-30,29.04,30.81,30.89,28.65,230580
2022-12-01,31.0,31.05,31.78,30.66,384016
2022-12-02,29.95,29.69,30.535,29.36,352804
2022-12-05,29.6,27.94,29.725,27.83,311530
2022-12-06,27.85,27.41,27.85,26.51,345149
2022-12-07,27.05,27.39,27.54,26.43,303617
2022-12-08,27.75,27.48,28.57,27.04,343248
2022-12-09,27.14,27.0,27.64,26.795,290519
2022-12-12,26.86,28.01,28.295,26.79,164301
2022-12-13,29.44,27.2,29.82,27.06,1350937
2022-12-14,27.2,27.04,27.79,26.8,247629
2022-12-15,26.4,26.81,27.53,26.4,540187
2022-12-16,26.46,26.32,26.845,25.7,385753
2022-12-19,26.55,25.57,26.55,25.48,165017
2022-12-20,25.29,25.62,25.99,25.12,186441
2022-12-21,25.87,25.36,26.04,25.3,414238
2022-12-22,24.85,24.67,24.92,24.11,298715
2022-12-23,24.57,24.23,24.57,23.98,145304
2022-12-27,24.06,24.58,24.96,24.015,135907
2022-12-28,24.42,24.01,24.42,23.7125,398373
2022-12-29,24.46,25.38,25.4999,24.46,401782
2022-12-30,24.79,25.41,25.99,24.78,218949
2023-01-03,26.05,25.52,26.53,25.09,151570
2023-01-04,26.06,26.73,27.09,25.79,396123
2023-01-05,26.23,26.73,26.95,26.02,331382
2023-01-06,27.05,27.0,27.68,26.39,792186
2023-01-09,27.44,27.89,28.76,25.5401,1475836
2023-01-10,27.96,30.29,30.385,27.81,991144
2023-01-11,30.72,31.1,31.17,29.45,436593
2023-01-12,31.1,32.33,32.5,30.15,412814
2023-01-13,31.7,33.0,33.16,31.36,326276
2023-01-17,33.0,32.37,33.29,32.05,215305
2023-01-18,33.2,32.1,33.33,31.94,850198
2023-01-19,32.41,31.52,32.41,31.2,638715
2023-01-20,31.6,32.4,32.4,31.37,496363
2023-01-23,32.83,34.52,34.53,32.39,345331
2023-01-24,34.35,33.68,34.71,33.54,184747
2023-01-25,33.11,33.31,33.56,32.23,181259
2023-01-26,34.09,34.08,34.42,33.48,156177
2023-01-27,33.79,34.83,34.9455,33.79,315601
2023-01-30,34.07,34.69,34.94,34.0,240731
2023-01-31,34.93,35.33,35.595,34.7,186258
2023-02-01,35.37,36.36,36.605,34.85,178068
2023-02-02,36.9,36.94,38.25,36.77,436859
2023-02-03,35.93,35.97,36.905,35.19,137726
2023-02-06,35.31,35.4,35.725,34.83,249039
2023-02-07,35.18,36.42,36.61,34.83,316477
2023-02-08,36.13,34.85,36.42,34.81,268779
2023-02-09,35.45,33.28,35.45,33.1,454160
2023-02-10,33.0,33.14,33.3,32.5,204689
2023-02-13,33.37,32.82,33.68,32.72,234306
2023-02-14,32.31,32.84,33.07,31.8401,268616
2023-02-15,32.54,34.75,34.85,32.44,331926
2023-02-16,33.79,33.11,34.17,33.08,166365
2023-02-17,32.98,32.86,33.03,32.105,158999
2023-02-21,32.17,31.79,32.405,31.45,125069
2023-02-22,31.62,31.49,32.34,30.97,240262
2023-02-23,32.02,31.0,32.02,30.31,240325
2023-02-24,30.1,29.985,30.39,29.76,222297
2023-02-27,30.36,30.34,30.5118,30.0,189843
2023-02-28,30.34,30.65,31.34,30.26,257952
2023-03-01,30.72,30.77,31.575,30.48,157234
2023-03-02,30.31,31.95,32.04,30.11,220471
2023-03-03,32.43,33.88,34.01,32.11,298588
2023-03-06,34.09,33.19,34.71,33.13,376222
2023-03-07,33.22,32.71,33.61,32.165,458059
2023-03-08,34.64,36.41,36.8,32.9,1528367
2023-03-09,38.34,38.77,39.88,38.18,1043120
2023-03-10,38.77,37.54,38.82,36.63,603938
2023-03-13,37.19,37.92,39.28,36.49,571810
2023-03-14,38.7,40.89,41.0,38.7,562455
2023-03-15,40.0,40.69,40.82,39.12,497661
2023-03-16,40.41,42.18,42.41,39.97,693212
2023-03-17,42.18,41.09,42.21,40.47,342402
2023-03-20,41.06,40.99,41.59,40.48,194196
2023-03-21,41.43,42.79,42.96,41.43,231477
2023-03-22,42.71,41.08,43.32,41.08,307545
2023-03-23,41.34,42.05,42.64,41.25,220888
2023-03-24,41.4,41.33,41.66,40.82,108871
2023-03-27,41.58,42.28,42.55,41.58,214580
2023-03-28,42.09,41.53,42.2,41.23,152655
2023-03-29,42.37,42.14,42.46,41.59,150071
2023-03-30,42.58,42.75,42.9,42.14,173572
2023-03-31,42.95,43.525,43.718,42.89,298797
2023-04-03,43.45,42.93,43.52,42.22,163768
2023-04-04,43.17,42.98,43.5,42.64,172439
2023-04-05,42.65,40.96,42.85,40.85,248167
2023-04-06,40.72,40.91,40.92,39.15,183173
2023-04-10,40.2,40.38,40.565,39.39,368296
2023-04-11,41.14,40.72,41.14,39.87,362851
2023-04-12,41.26,42.55,42.56,40.74,470362
2023-04-13,43.09,43.77,43.8,42.53,455862
2023-04-14,43.55,42.2,43.81,42.04,402338
2023-04-17,42.46,42.44,42.8347,41.56,843022
2023-04-18,39.86,42.13,43.15,39.82,1660311
2023-04-19,41.64,42.16,42.52,41.56,329253
2023-04-20,41.75,42.3,42.49,41.75,280854
2023-04-21,42.42,41.89,42.46,41.79,300432
2023-04-24,41.94,41.66,42.4,41.22,241123
2023-04-25,41.41,40.03,41.49,39.73,651191
2023-04-26,40.5,39.24,41.15,39.17,278618
2023-04-27,39.6,39.89,39.91,38.68,324462
2023-04-28,39.74,40.65,40.85,39.52,151086
2023-05-01,40.45,40.54,40.74,40.15,198308
2023-05-02,40.38,40.68,40.7989,39.81,130844
2023-05-03,40.54,40.54,42.13,40.39,304621
2023-05-04,40.42,39.655,42.19,39.5325,379041
2023-05-05,40.33,40.74,40.87,39.9325,273475
2023-05-08,40.92,41.25,41.83,40.08,470193
2023-05-09,40.73,42.39,42.5,40.1742,563119
2023-05-10,38.42,36.32,38.68,32.65,2549133
2023-05-11,36.27,36.28,36.725,34.01,756078
2023-05-12,36.29,34.66,36.57,34.05,462385
2023-05-15,34.83,34.04,35.2,33.94,379076
2023-05-16,33.81,33.03,34.01,32.75,341765
2023-05-17,33.3,33.57,33.9,32.96,306437
2023-05-18,33.29,32.51,33.39,31.79,433110
2023-05-19,32.55,32.13,32.88,31.79,260131
