2017-01-05,9.85,9.7501,9.9,9.75,18600
2017-01-10,9.81,9.8,9.81,9.8,121000
2017-01-12,NaN,9.8,NaN,NaN,68
2017-01-13,NaN,9.8,NaN,NaN,32
2017-01-18,9.85,9.85,9.85,9.85,3600
2017-01-20,9.88,9.88,9.88,9.88,1000
2017-02-07,10.178,9.9,10.178,9.9,75889
2017-02-15,9.91,9.91,9.91,9.91,100
2017-02-16,9.9,9.9,9.9,9.9,1000
2017-02-17,9.95,9.95,9.95,9.95,100
2017-02-22,9.91,9.91,9.91,9.91,2100
2017-03-01,9.91,9.9,9.91,9.9,789
2017-03-08,9.95,9.91,9.95,9.91,700100
2017-03-15,9.92,9.92,9.92,9.92,202
2017-03-20,9.91,9.9,9.92,9.9,70500
2017-03-21,9.86,9.86,9.89,9.86,700
2017-03-24,9.88,9.88,9.88,9.88,50000
2017-03-27,9.88,9.88,9.88,9.88,20000
2017-03-28,9.92,9.92,9.92,9.92,100
2017-03-29,9.88,9.88,9.88,9.88,25000
2017-03-31,NaN,9.88,NaN,NaN,1
2017-04-03,NaN,9.88,NaN,NaN,1
2017-04-05,9.85,9.85,9.86,9.85,60200
2017-04-10,9.82,9.89,9.89,9.82,12201
2017-04-19,9.88,9.8,9.88,9.8,15400
2017-04-25,9.8,9.8,9.8,9.8,1490000
2017-04-26,9.87,9.88,9.88,9.87,300
2017-05-03,9.8,9.8,9.8,9.8,100
2017-05-08,9.8,9.8,9.81,9.8,41361
2017-05-09,9.8,9.8,9.8,9.8,1000
2017-05-11,9.8292,9.8292,9.8292,9.8292,1200
2017-05-12,9.8,9.8,9.8,9.8,461
2017-05-16,9.8,9.8,9.8,9.8,1000
2017-05-17,9.8,9.8,9.8,9.8,1900
2017-05-18,9.8,9.8,9.8,9.8,800
2017-05-25,9.89,9.89,9.89,9.89,100
2017-05-31,9.86,9.87,9.87,9.86,454
2017-06-01,9.84,9.83,9.88,9.8,43800
2017-06-02,9.81,9.81,9.81,9.8,4754
2017-06-06,9.85,9.85,9.85,9.85,29500
2017-06-08,9.84,9.88,9.88,9.8399,8500
2017-06-12,9.84,9.84,9.84,9.84,200
2017-06-13,9.84,9.84,9.85,9.84,4900
2017-06-14,9.85,9.85,9.851,9.85,10500
2017-06-15,9.81,9.81,9.81,9.81,403
2017-06-16,NaN,9.81,NaN,NaN,1
2017-06-19,NaN,9.81,NaN,NaN,1
2017-06-26,9.8001,9.7901,9.8001,9.7901,3564
2017-06-30,9.85,9.85,9.85,9.85,1000
2017-07-03,9.84,9.85,9.85,9.84,900
2017-07-05,9.81,9.83,9.834,9.8,11360
2017-07-06,9.8,9.8,9.8,9.8,1158
2017-07-07,9.81,9.82,9.84,9.81,55741
2017-07-10,NaN,9.82,NaN,NaN,1
2017-07-12,9.82,9.85,9.85,9.82,110100
2017-07-13,NaN,9.85,NaN,NaN,1
2017-07-14,9.85,9.8,9.85,9.8,16100
2017-07-17,9.8,9.8199,9.82,9.78,192700
2017-07-18,9.84,9.9,9.9,9.84,14900
2017-07-19,9.89,9.9,9.9,9.89,660
2017-07-25,9.78,9.89,9.89,9.78,1100
2017-07-26,9.8704,9.8704,9.8704,9.8704,500
2017-07-27,9.82,9.89,9.89,9.82,1100
2017-07-31,9.85,9.87,9.87,9.85,300
2017-08-08,9.88,9.88,9.88,9.88,700
2017-08-10,9.84,9.84,9.84,9.84,5000
2017-08-11,9.84,9.84,9.84,9.84,100
2017-08-14,9.83,9.84,9.84,9.8299,4300
2017-08-15,9.84,9.8499,9.85,9.84,2200
2017-08-21,10.05,9.98,10.05,9.98,855601
2017-08-22,9.99,9.98,9.99,9.95,70904
2017-08-23,9.99,10.0,10.03,9.99,1586277
2017-08-24,9.99,9.99,10.0,9.99,51300
2017-08-25,9.99,9.99,9.99,9.99,100
2017-08-28,9.9999,9.99,9.9999,9.99,2201
2017-08-29,9.99,9.98,10.0,9.97,107755
2017-08-30,9.98,9.98,9.98,9.98,10100
2017-08-31,9.98,9.98,9.98,9.98,346
2017-09-01,10.0,9.96,10.0,9.96,25400
2017-09-05,9.97,9.99,9.99,9.96,105600
2017-09-06,9.9861,9.9861,9.9861,9.9861,400
2017-09-11,9.99,9.995,10.0,9.98,46248
2017-09-12,9.98,9.99,10.0,9.98,105701
2017-09-13,9.99,9.99,9.99,9.99,100
2017-09-14,9.98,9.98,9.98,9.98,100
2017-09-18,NaN,9.98,NaN,NaN,1
2017-09-21,9.98,9.99,9.99,9.98,2000
2017-09-22,10.0,10.0,10.0,10.0,300
2017-09-25,10.0,10.0,10.0,10.0,1000
2017-09-27,NaN,10.0,NaN,NaN,2
2017-09-28,10.0,10.0,10.01,10.0,20723
2017-09-29,10.0,10.0,10.01,10.0,3600
2017-10-02,10.0,10.0,10.0,10.0,401
2017-10-03,10.0,10.0,10.0,10.0,5900
2017-10-04,10.0,10.0,10.0,10.0,31090
2017-10-05,10.0,10.0,10.0,10.0,11415
2017-10-10,10.01,9.98,10.01,9.98,134547
2017-10-11,9.99,9.991,9.991,9.99,5100
2017-10-16,10.0,10.0,10.0,10.0,10052
2017-10-17,10.0,10.0,10.0,10.0,115626
2017-10-19,10.0,9.99,10.0,9.99,40200
2017-10-20,10.01,10.02,10.02,10.0,225241
2017-10-23,10.02,10.02,10.02,10.02,34530
2017-10-24,10.05,10.05,10.05,10.05,100
2017-10-25,9.991,9.99,9.991,9.99,4000
2017-10-26,10.01,9.99,10.01,9.99,75801
2017-10-30,9.98,9.98,9.98,9.98,615
2017-10-31,9.98,9.9801,9.9801,9.98,1000
2017-11-01,9.98,9.98,9.98,9.98,308
2017-11-02,9.97,9.97,9.97,9.97,1176
2017-11-03,9.97,9.97,9.99,9.95,30992
2017-11-06,NaN,9.97,NaN,NaN,1
2017-11-07,10.0,9.95,10.0,9.95,19500
2017-11-08,9.96,9.95,9.96,9.95,500
2017-11-15,9.98,9.96,10.0,9.96,61215
2017-11-16,9.96,9.96,9.96,9.96,600
2017-11-17,9.9648,9.9601,9.9648,9.9601,2100
2017-11-20,9.97,9.97,9.97,9.97,600
2017-11-21,9.99,9.99,10.0,9.95,22484
2017-11-22,NaN,9.99,NaN,NaN,94
2017-11-27,NaN,9.99,NaN,NaN,25
2017-11-28,9.95,9.95,10.02,9.28,257517
2017-11-29,9.82,9.92,9.94,9.81,2201
2017-12-01,9.83,9.83,9.84,9.83,1948
2017-12-04,9.83,9.85,9.85,9.83,42153
2017-12-05,9.83,9.83,9.85,9.83,59917
2017-12-06,9.99,9.88,9.99,9.85,375
2017-12-07,9.85,9.85,9.85,9.85,100
2017-12-08,9.97,9.98,9.98,9.97,229
2017-12-11,9.45,9.45,9.45,9.45,1277
2017-12-12,9.83,9.84,9.9,9.83,832
2017-12-13,NaN,9.84,NaN,NaN,66
2017-12-14,9.85,9.85,9.85,9.85,2019535
2017-12-15,9.85,9.83,9.85,9.83,293281
2017-12-18,NaN,9.83,NaN,NaN,44
2017-12-20,9.83,9.77,9.83,9.75,97794
2017-12-21,9.82,9.8872,9.8872,9.82,3187
2017-12-28,9.89,9.74,9.9,9.554,46688
2017-12-29,9.88,9.92,9.92,9.8,8220
2018-01-02,9.89,9.91,9.91,9.89,6330
2018-01-03,9.89,9.94,9.94,9.89,2932
2018-01-04,NaN,9.94,NaN,NaN,32
2018-01-05,9.92,9.97,9.98,9.92,5764
2018-01-08,9.96,9.94,9.96,9.94,320
2018-01-10,9.97,9.97,9.97,9.97,1129
2018-01-11,9.98,9.98,9.98,9.9235,1302
2018-01-12,9.98,9.98,9.98,9.97,52980
2018-01-16,9.98,9.9,10.0,9.9,78054
2018-01-17,9.95,9.9,9.99,9.9,10600
2018-01-18,9.9,9.91,10.01,9.9,1616
2018-01-19,9.97,9.92,9.97,9.92,212
2018-01-22,9.98,9.98,9.98,9.98,100
2018-01-23,10.04,10.03,10.04,10.0,1173
2018-01-25,10.0,10.07,10.07,10.0,408735
2018-01-26,10.02,10.04,10.04,10.01,58702
2018-01-29,10.01,10.04,10.04,10.01,1545
2018-01-30,10.02,9.95,10.02,9.95,31277
2018-01-31,NaN,9.95,NaN,NaN,100
2018-02-01,9.95,9.95,9.95,9.95,110
2018-02-02,9.93,10.04,10.04,9.93,409
2018-02-05,10.04,10.04,10.05,10.0,4262
2018-02-06,10.04,10.05,10.05,10.04,10189
2018-02-07,NaN,10.05,NaN,NaN,297
2018-02-08,10.01,10.04,10.05,10.0,127720
2018-02-09,10.0,9.96,10.0,9.96,20350
2018-02-12,9.89,9.9,9.9,9.89,475
2018-02-13,NaN,9.9,NaN,NaN,87
2018-02-14,9.921,9.92,9.96,9.92,436452
2018-02-15,9.9,9.92,9.92,9.9,86534
2018-02-16,NaN,9.92,NaN,NaN,66
2018-02-20,NaN,9.92,NaN,NaN,15
2018-02-21,NaN,9.92,NaN,NaN,68
2018-02-22,NaN,9.92,NaN,NaN,3
2018-02-23,9.9,9.9,9.9,9.9,108
2018-02-26,NaN,9.9,NaN,NaN,36
2018-02-27,9.89,9.89,9.89,9.88,2700384
2018-02-28,9.8,9.89,9.9,9.8,11943
2018-03-01,NaN,9.89,NaN,NaN,3
2018-03-02,9.9,9.9,9.9,9.9,3216
2018-03-08,9.89,9.89,9.89,9.88,295282
2018-03-09,9.9,9.9,9.9,9.9,30996
2018-03-15,9.9,9.9,9.9,9.9,2590
2018-03-16,10.05,9.91,10.05,9.91,2204
2018-03-19,10.0,10.0,10.0,10.0,303
2018-03-21,10.0,10.0,10.0,10.0,346
2018-03-22,10.05,10.0,10.05,10.0,390
2018-03-26,NaN,10.0,NaN,NaN,30
2018-03-27,10.05,10.0,10.05,9.9,2709
2018-03-28,NaN,10.0,NaN,NaN,2
2018-03-29,NaN,10.0,NaN,NaN,1
2018-04-02,NaN,10.0,NaN,NaN,7
2018-04-04,NaN,10.0,NaN,NaN,68
2018-04-05,NaN,10.0,NaN,NaN,14
2018-04-06,NaN,10.0,NaN,NaN,44
2018-04-09,NaN,10.0,NaN,NaN,55
2018-04-10,9.99,9.99,9.99,9.99,300
2018-04-11,9.9,9.9,9.9,9.9,1692
2018-04-12,NaN,9.9,NaN,NaN,19
2018-04-16,10.0,10.0,10.0,10.0,550022
2018-04-17,9.8,9.9,10.04,9.8,3730
2018-04-18,10.0,10.0,10.0,10.0,119707
2018-04-19,9.9,9.93,10.0,9.9,8963
2018-04-20,10.04,10.02,10.2,10.01,6961
2018-04-23,10.09,10.0,10.09,10.0,158742
2018-04-24,9.9709,10.05,10.05,9.9709,3501
2018-04-25,10.02,10.02,10.02,10.02,100
2018-04-27,10.0,9.99,10.01,9.99,172359
2018-05-04,NaN,9.99,NaN,NaN,2
2018-05-07,NaN,9.99,NaN,NaN,30
2018-05-09,NaN,9.99,NaN,NaN,2
2018-05-11,10.0,9.992,10.0,9.992,7000
2018-05-14,9.96,10.03,10.03,9.95,7122
2018-05-15,NaN,10.03,NaN,NaN,32
2018-05-16,NaN,10.03,NaN,NaN,1
2018-05-17,9.95,10.0,10.0,9.95,8530
2018-05-18,10.0,10.0,10.0,10.0,431
2018-05-21,NaN,10.0,NaN,NaN,4
2018-05-22,10.0,10.0,10.0,10.0,99850
2018-05-23,10.0,10.0,10.025,9.99,566671
2018-05-24,10.0,10.0,10.0,10.0,46501
2018-05-25,9.99,10.0,10.0,9.99,352
2018-05-29,10.0,10.015,10.015,10.0,4169
2018-05-30,10.0,10.0,10.0,10.0,25014
2018-06-01,NaN,10.0,NaN,NaN,6
2018-06-04,10.01,10.02,10.02,10.0,804
2018-06-08,10.02,10.02,10.02,10.02,2000000
2018-06-11,10.05,10.02,10.05,10.02,7878
2018-06-12,10.02,10.02,10.02,10.02,735
2018-06-13,10.0227,10.026,10.03,10.02,8031
2018-06-14,10.03,10.03,10.03,10.03,202067
2018-06-15,10.02,10.04,10.04,10.02,400
2018-06-18,10.05,10.05,10.05,10.04,54317
2018-06-19,10.08,10.08,10.08,10.08,111
2018-06-20,10.0301,10.0301,10.035,10.03,17172
2018-06-21,10.04,10.031,10.05,10.03,25736
2018-06-22,10.03,10.05,10.05,10.03,20555
2018-06-25,10.03,10.0369,10.05,10.03,118470
2018-06-26,10.03,10.05,10.05,10.03,50600
2018-06-27,10.04,10.04,10.04,10.04,230
2018-06-28,10.04,10.03,10.04,10.02,969283
2018-07-02,9.95,10.01,10.01,9.95,1090
2018-07-03,10.03,10.04,10.05,10.03,112200
2018-07-05,10.04,10.04,10.05,10.04,1200
2018-07-06,10.05,10.05,10.05,10.05,94505
2018-07-09,10.05,10.05,10.05,10.05,100000
2018-07-10,10.06,10.05,10.06,10.05,601
2018-07-11,10.05,10.06,10.06,10.05,279500
2018-07-12,10.05,10.05,10.05,10.05,13550
2018-07-13,10.05,10.05,10.05,10.05,20302
2018-07-16,10.07,10.07,10.07,10.07,1000
2018-07-17,10.08,10.08,10.08,10.08,9000
2018-07-18,10.07,10.07,10.07,10.07,102
2018-07-19,10.06,10.06,10.06,10.06,310
2018-07-24,NaN,10.06,NaN,NaN,3
2018-07-25,NaN,10.06,NaN,NaN,2
2018-07-26,10.05,10.07,10.09,10.05,1987
2018-07-27,10.05,10.05,10.05,10.05,2505
2018-07-31,10.09,10.1,10.1,10.09,1803
2018-08-01,10.1,10.1,10.1,10.1,14304
2018-08-02,10.1,10.1,10.1,10.1,4500
2018-08-03,NaN,10.1,NaN,NaN,9
2018-08-08,10.12,10.13,10.13,10.12,275761
2018-08-09,NaN,10.13,NaN,NaN,15
2018-08-10,10.18,10.12,10.18,10.12,87326
2018-08-13,NaN,10.12,NaN,NaN,1
2018-08-14,10.12,10.12,10.12,10.12,402
2018-08-15,10.12,10.12,10.13,10.1,201303
2018-08-17,10.1405,10.1084,10.16,10.1084,5234
2018-08-20,10.1,10.08,10.1,10.0634,1475654
2018-08-21,10.09,10.09,10.09,10.07,1442766
2018-08-22,10.1,10.1,10.1,10.08,197860
2018-08-23,10.09,10.1,10.1,10.09,75440
2018-08-24,10.1,10.1,10.1,10.09,71403
2018-08-27,10.11,10.1,10.13,10.1,36656
2018-08-28,10.1,10.1,10.11,10.09,6913
2018-08-29,10.1,10.11,10.14,10.0999,421447
2018-08-30,NaN,10.11,NaN,NaN,1
2018-08-31,10.1273,10.11,10.1273,10.11,911
2018-09-06,10.1473,10.11,10.1473,10.1,68508
2018-09-10,10.13,10.13,10.13,10.11,20386
2018-09-11,10.4,10.1,10.4,10.1,1901
2018-09-12,10.11,10.1,10.11,10.09,32639
2018-09-13,10.15,10.15,10.15,10.15,101
2018-09-14,10.15,10.13,10.15,10.13,43290
2018-09-17,10.1366,10.1369,10.14,10.1366,3100
2018-09-18,10.15,10.12,10.15,10.12,10300
2018-09-24,10.2,10.1403,10.2,10.12,45423
2018-09-26,10.12,10.05,10.12,10.05,5477
2018-09-27,10.15,10.15,10.15,10.15,102
2018-09-28,10.13,10.13,10.14,10.13,12500
2018-10-01,10.1173,10.12,10.121,10.1,5402
2018-10-02,10.1541,10.18,10.19,10.1541,17800
2018-10-03,10.15,10.15,10.15,10.15,100
2018-10-05,10.14,10.15,10.23,10.1,31900
2018-10-08,10.26,10.26,10.27,10.25,5051
2018-10-09,10.1,10.08,10.15,10.08,19728
2018-10-10,9.999,10.05,10.05,9.99,2200
2018-10-11,10.01,10.0,10.01,9.91,21468
2018-10-12,10.09,10.09,10.0975,10.0,97650
2018-10-15,10.09,10.06,10.1,10.06,7197
2018-10-16,NaN,10.06,NaN,NaN,37
2018-10-17,9.8,9.8,9.8,9.8,100
2018-10-18,9.95,9.8,9.95,9.8,4034
2018-10-22,9.543,9.6,9.6,9.467,4133
2018-10-24,9.9098,9.9512,10.0,9.9098,1302
2018-10-25,9.9999,9.86,9.9999,9.86,1302
2018-10-26,10.71,10.7,10.87,10.28,626
2018-10-29,10.396,10.47,10.4973,10.396,503
2018-10-30,10.63,10.15,10.63,10.0,1827
2021-09-30,10.0,9.76,10.5,9.75,4600
2021-10-01,9.85,10.0,10.05,9.85,122962
2021-10-04,10.03,9.97,10.03,9.85,122864
2021-10-05,NaN,9.97,NaN,NaN,4
2021-10-06,NaN,9.97,NaN,NaN,51
2021-10-07,9.99,10.0,10.0,9.98,52758
2021-10-08,9.95,9.95,9.95,9.95,337
2021-10-11,NaN,9.95,NaN,NaN,2
2021-10-12,9.94,9.94,9.94,9.94,410
2021-10-13,9.94,9.94,9.94,9.94,685
2021-10-14,NaN,9.94,NaN,NaN,14
2021-10-15,9.94,9.97,9.985,9.94,190597
2021-10-18,9.94,9.94,9.94,9.94,303
2021-10-19,9.95,9.95,9.95,9.94,152166
2021-10-20,NaN,9.95,NaN,NaN,1
2021-10-21,9.94,9.94,9.94,9.94,961861
2021-10-22,9.94,9.96,9.96,9.94,187547
2021-10-25,9.9536,9.9536,9.9536,9.9536,302
2021-10-27,9.96,9.98,9.98,9.95,138110
2021-10-28,9.94,9.98,9.98,9.94,601
2021-10-29,9.97,9.99,9.99,9.97,34713
2021-11-01,10.0,10.0,10.0,9.95,18273
2021-11-02,9.9999,9.9999,9.9999,9.9999,319
2021-11-03,9.97,9.97,9.97,9.97,7520
2021-11-04,10.0,10.0,10.0,10.0,603397
2021-11-05,9.94,9.97,9.97,9.94,6136
2021-11-08,9.97,9.97,9.97,9.97,461
2021-11-09,NaN,9.97,NaN,NaN,3
2021-11-10,9.95,9.97,10.0,9.95,904702
2021-11-11,NaN,9.97,NaN,NaN,1
2021-11-12,9.95,9.97,10.0,9.95,173530
2021-11-15,NaN,9.97,NaN,NaN,45
2021-11-16,9.96,9.97,10.0,9.93,437478
2021-11-17,9.97,9.97,10.0,9.96,1004
2021-11-19,NaN,9.97,NaN,NaN,50
2021-11-22,9.99,9.99,9.99,9.99,599
2021-11-23,9.98,10.0,10.0,9.98,16002
2021-11-24,NaN,10.0,NaN,NaN,99
2021-12-01,NaN,10.0,NaN,NaN,6
2021-12-02,NaN,10.0,NaN,NaN,33
2021-12-03,NaN,10.0,NaN,NaN,4
2021-12-06,NaN,10.0,NaN,NaN,10
2021-12-08,9.97,9.96,9.97,9.96,515
2021-12-09,10.0,10.0,10.0,10.0,6668
2021-12-10,9.96,9.96,9.96,9.96,518
2021-12-13,9.96,10.0,10.0,9.96,6101
2021-12-14,9.99,9.99,9.99,9.99,354222
2021-12-15,9.98,9.98,9.98,9.98,11535
2021-12-17,NaN,9.98,NaN,NaN,3
2021-12-21,NaN,9.98,NaN,NaN,3
2021-12-22,9.97,9.98,9.98,9.97,1263
2021-12-23,9.96,9.96,9.96,9.96,304
2021-12-27,NaN,9.96,NaN,NaN,6
2021-12-28,NaN,9.96,NaN,NaN,36
2021-12-29,NaN,9.96,NaN,NaN,5
2021-12-30,10.0,10.0,10.0,10.0,171
2021-12-31,NaN,10.0,NaN,NaN,84
2022-01-03,9.99,10.005,10.005,9.99,28759
2022-01-04,10.0,10.0,10.0,10.0,3900
2022-01-05,9.98,9.98,9.98,9.98,215509
2022-01-07,10.0,10.02,10.02,10.0,414
2022-01-10,NaN,10.02,NaN,NaN,4
2022-01-12,NaN,10.02,NaN,NaN,20
2022-01-19,9.99,10.0,10.0,9.98,150798
2022-01-20,NaN,10.0,NaN,NaN,66
2022-01-21,9.96,9.96,9.96,9.96,6089
2022-01-24,9.96,9.96,9.97,9.96,56076
2022-01-25,9.92,9.9,9.96,9.9,7644
2022-01-27,9.92,9.92,9.92,9.92,205
2022-01-28,9.9,9.9,9.9,9.9,193
2022-01-31,9.92,9.92,9.92,9.92,2577
2022-02-01,9.98,9.99,9.99,9.95,9253
2022-02-03,9.93,9.99,9.99,9.93,481
2022-02-07,9.99,9.99,9.99,9.99,8274
2022-02-11,9.99,9.99,9.99,9.99,106
2022-02-16,9.985,9.985,9.985,9.98,3474
2022-02-18,9.98,9.98,9.98,9.98,7307
2022-02-23,9.98,9.98,9.98,9.98,427
2022-02-24,9.98,9.98,9.98,9.97,550
2022-02-28,9.97,9.98,9.98,9.97,35406
2022-03-01,9.99,10.01,10.01,9.99,89666
2022-03-02,10.0,10.0,10.0,9.99,18290
2022-03-03,9.99,10.0,10.0,9.99,53931
2022-03-07,10.01,10.0,10.01,10.0,700
2022-03-09,10.015,10.015,10.015,10.015,52246
2022-03-11,10.01,10.01,10.01,10.01,700
2022-03-14,10.03,10.01,10.03,10.01,891492
2022-03-15,10.01,10.01,10.01,10.0,17489
2022-03-16,10.01,10.02,10.02,10.01,5100
2022-03-17,10.01,10.04,10.04,10.01,16098
2022-03-18,10.01,10.01,10.01,10.01,102
2022-03-23,10.25,10.25,10.25,10.25,2100
2022-03-24,10.05,10.09,10.13,10.05,4748314
2022-03-25,10.06,10.08,10.11,10.06,585081
2022-03-28,10.12,10.08,10.12,10.08,139676
2022-03-29,10.07,10.0782,10.08,10.03,37612
2022-03-30,10.07,10.07,10.12,10.07,669656
2022-03-31,10.06,10.08,10.12,10.06,324191
2022-04-01,10.08,10.07,10.11,10.06,103894
2022-04-06,10.06,10.1,10.1,10.06,2135
2022-04-08,10.08,10.07,10.085,10.04,37626
2022-04-11,10.095,10.095,10.095,10.095,156
2022-04-12,10.06,10.1,10.1,10.06,705
2022-04-13,10.07,10.07,10.1191,10.07,6053
2022-04-14,10.09,10.07,10.09,10.06,118664
2022-04-18,10.07,10.07,10.07,10.07,127
2022-04-19,10.1,10.07,10.1,10.07,6291
2022-04-21,10.07,10.07,10.085,10.07,7505
2022-04-25,10.07,10.07,10.07,10.07,307
2022-04-27,10.07,10.07,10.07,10.07,149936
2022-04-28,10.1,10.1,10.12,10.08,455286
2022-04-29,10.09,10.08,10.09,10.08,24515
2022-05-02,10.1,10.09,10.1,10.09,1262
2022-05-03,10.08,10.08,10.09,10.08,10771
2022-05-04,10.09,10.08,10.09,10.08,69394
2022-05-05,10.08,10.08,10.12,10.08,100648
2022-05-06,10.08,10.06,10.09,10.06,367843
2022-05-09,10.07,10.06,10.07,10.06,244394
2022-05-10,10.06,10.06,10.06,10.06,2823
2022-05-11,10.06,10.05,10.07,10.05,347446
2022-05-13,10.06,10.06,10.06,10.06,64009
2022-05-16,10.06,10.06,10.06,10.06,36340
2022-05-18,10.05,10.06,10.06,10.05,8850
2022-05-23,10.055,10.055,10.055,10.055,553
2022-05-24,10.06,10.06,10.06,10.06,339293
2022-05-26,10.09,10.1,10.1,10.09,488
2022-05-27,10.085,10.105,10.105,10.08,201293
2022-05-31,10.1,10.1,10.1,10.1,205
2022-06-02,10.1,10.11,10.11,10.1,48865
2022-06-06,10.1,10.06,10.1,10.06,49048
2022-06-07,10.09,10.04,10.09,10.04,23725
2022-06-08,10.08,10.08,10.08,10.08,59803
2022-06-09,10.08,10.09,10.09,10.08,324
2022-06-10,10.09,10.09,10.1,10.06,57667
2022-06-13,10.09,10.09,10.09,10.09,30332
2022-06-14,10.09,10.07,10.09,10.07,138169
2022-06-15,10.07,10.08,10.11,10.07,6204
2022-06-16,10.095,10.1,10.1,10.095,16699
2022-06-17,10.07,10.07,10.07,10.07,1100
2022-06-21,10.1,10.09,10.1,10.09,200693
2022-06-22,10.07,10.07,10.07,10.07,194
2022-06-24,10.07,10.08,10.08,10.07,6462
2022-06-27,10.08,10.08,10.08,10.08,1008
2022-07-05,10.1,10.11,10.12,10.1,165758
2022-07-06,10.1,10.1,10.12,10.1,9467
2022-07-07,10.1,10.1,10.12,10.1,8982
2022-07-08,10.1,10.1,10.1,10.1,7112
2022-07-11,10.1,10.1,10.1,10.1,121944
2022-07-12,10.11,10.095,10.13,10.09,108803
2022-07-13,10.1,10.1,10.1,10.09,42762
2022-07-14,10.09,10.09,10.09,10.09,8982
2022-07-15,10.11,10.11,10.11,10.11,151
2022-07-19,10.1272,10.12,10.1272,10.11,1986
2022-07-20,10.12,10.12,10.12,10.12,303
2022-07-21,10.1127,10.1127,10.1127,10.1127,104
2022-07-26,10.11,10.11,10.11,10.11,2128
2022-07-27,10.12,10.12,10.12,10.12,26700
2022-07-28,10.13,10.12,10.13,10.12,92819
2022-08-02,10.12,10.12,10.12,10.12,589
2022-08-03,10.15,10.12,10.15,10.11,456
2022-08-05,10.1526,10.12,10.1526,10.12,209
2022-08-08,10.12,10.12,10.14,10.12,153804
2022-08-09,10.12,10.12,10.12,10.12,47779
2022-08-15,10.14,10.14,10.14,10.14,1002
2022-08-16,10.13,10.13,10.13,10.13,102
2022-08-17,10.13,10.13,10.13,10.13,101125
2022-08-19,10.15,10.15,10.15,10.15,202
2022-08-24,10.13,10.15,10.15,10.13,52693
2022-08-25,10.16,10.17,10.17,10.16,6602
2022-08-26,10.17,10.165,10.17,10.165,8752
2022-08-30,10.17,10.17,10.17,10.16,2105
2022-08-31,10.18,10.17,10.18,10.17,200488
2022-09-01,10.17,10.17,10.17,10.17,174934
2022-09-06,10.1612,10.17,10.17,10.1612,4069
2022-09-07,10.17,10.17,10.17,10.17,1929
2022-09-08,10.16,10.15,10.17,10.15,1300
2022-09-12,10.16,10.16,10.16,10.16,104
2022-09-13,10.15,10.16,10.16,10.15,43102
2022-09-14,10.17,10.17,10.19,10.15,51300
2022-09-15,10.18,10.18,10.18,10.18,99852
2022-09-19,10.14,10.16,10.17,10.14,21902
2022-09-22,10.19,10.19,10.19,10.19,2154
2022-09-26,10.2,10.2,10.2,10.2,153
2022-09-28,10.21,10.2,10.21,10.2,563870
2022-09-29,10.21,10.21,10.21,10.21,25202
2022-09-30,10.21,10.2048,10.21,10.2048,91445
2022-10-03,10.25,10.25,10.26,10.24,1559753
2022-10-04,10.25,10.26,10.27,10.25,43588
2022-10-05,10.26,10.26,10.26,10.26,142
2022-10-06,10.27,10.26,10.27,10.26,579
2022-10-07,10.26,10.26,10.26,10.25,125025
2022-10-10,10.26,10.26,10.285,10.26,114086
2022-10-11,10.26,10.27,10.27,10.26,103956
2022-10-12,10.27,10.28,10.28,10.27,25550
2022-10-14,10.295,10.28,10.3,10.28,25021
2022-10-17,10.29,10.31,10.31,10.29,9891
2022-10-18,10.25,10.3,10.3164,10.24,42633
2022-10-19,9.44,9.0,9.44,8.85,55508
2022-10-20,9.035,9.0,9.0398,9.0,2966
2022-10-21,9.22,9.23,9.23,9.219,862
2022-10-24,9.53,9.4,9.53,8.98,3373
2022-10-25,9.24,8.94,9.79,8.55,42456
2022-10-26,9.025,8.26,9.18,7.98,30104
2022-10-27,8.0,8.32,10.5,7.88,46087
2022-10-28,8.715,6.61,8.94,6.4,118296
2022-10-31,6.81,6.75,7.61,6.59,103398
2022-11-01,7.2006,6.125,7.2006,5.83,65979
2022-11-02,5.07,2.41,5.13,2.41,20993668
2022-11-03,2.32,2.52,2.97,2.27,6993703
2022-11-04,2.5,2.16,2.68,2.0601,2933992
2022-11-07,2.15,2.04,2.26,1.91,3781844
2022-11-08,1.98,2.5,2.66,1.97,4599143
2022-11-09,2.5,2.76,2.86,2.5,1957510
2022-11-10,2.9,3.02,3.02,2.83,2713349
2022-11-11,2.95,2.95,3.189,2.95,1254244
2022-11-14,2.96,2.9,3.05,2.84,822424
2022-11-15,3.0,2.61,3.07,2.54,1482858
2022-11-16,2.59,2.45,2.76,2.42,848809
2022-11-17,2.45,2.86,3.01,2.45,1335446
2022-11-18,2.99,2.78,2.99,2.7,615110
2022-11-21,2.74,2.9,3.1392,2.74,2413740
2022-11-22,3.02,2.89,3.02,2.75,833368
2022-11-23,2.92,2.8,3.1,2.65,673040
2022-11-25,2.76,2.61,2.8427,2.56,607012
2022-11-28,2.68,2.88,3.01,2.65,1395926
2022-11-29,2.93,2.84,3.0885,2.76,1095297
2022-11-30,2.9,3.54,3.57,2.82,3107333
2022-12-01,3.6,3.35,3.82,3.18,1781455
2022-12-02,3.66,3.97,4.04,3.36,2220085
2022-12-05,4.09,3.9,4.22,3.76,1656722
2022-12-06,3.87,3.81,4.0,3.54,2036493
2022-12-07,3.81,3.68,3.85,3.55,1045233
2022-12-08,3.68,3.6,3.82,3.5515,931332
2022-12-09,3.72,3.55,3.77,3.4786,934502
2022-12-12,3.52,3.78,3.8777,3.4,1264951
2022-12-13,3.87,3.82,3.96,3.7,1252318
2022-12-14,3.82,3.48,3.93,3.48,1087937
2022-12-15,3.75,3.46,3.81,3.43,1331559
2022-12-16,3.67,3.49,3.75,3.17,6934654
2022-12-19,3.5,3.24,3.58,3.21,1335954
2022-12-20,3.28,3.3,3.38,3.0601,2129314
2022-12-21,3.21,3.86,3.87,3.2,1256201
2022-12-22,3.86,3.64,3.86,3.53,657803
2022-12-23,3.64,3.56,3.74,3.42,527417
2022-12-27,3.57,3.71,3.76,3.5015,519742
2022-12-28,3.71,3.66,3.84,3.52,513464
2022-12-29,3.69,3.88,3.96,3.5815,655766
2022-12-30,3.85,3.6,3.92,3.4475,824458
2023-01-03,3.57,3.47,3.75,3.38,538353
2023-01-04,3.46,3.23,3.55,3.19,915111
2023-01-05,3.21,3.21,3.3099,3.07,863196
2023-01-06,3.16,3.31,3.44,3.07,596465
2023-01-09,3.3,3.47,3.58,3.3,464859
2023-01-10,3.44,3.65,3.68,3.44,414713
2023-01-11,3.63,3.69,3.74,3.53,498968
2023-01-12,3.71,3.76,3.775,3.56,332685
2023-01-13,3.76,3.85,3.94,3.735,581166
2023-01-17,3.85,3.82,3.9,3.75,513262
2023-01-18,3.86,3.78,3.9577,3.71,476726
2023-01-19,3.8,3.82,3.96,3.73,350247
2023-01-20,3.9,3.94,3.99,3.79,559123
2023-01-23,4.01,4.05,4.15,3.9615,578449
2023-01-24,4.04,4.22,4.28,3.86,701390
2023-01-25,4.2,4.42,4.49,4.02,795557
2023-01-26,4.42,4.46,4.53,4.32,666703
2023-01-27,4.46,4.36,4.6,4.3,353402
2023-01-30,4.28,4.25,4.4,4.21,343585
2023-01-31,4.25,4.14,4.35,4.02,476148
2023-02-01,4.13,4.25,4.33,3.965,454012
2023-02-02,4.2,4.34,4.53,4.2,494764
2023-02-03,4.29,4.17,4.345,4.13,517666
2023-02-06,4.2,4.02,4.22,3.95,843995
2023-02-07,4.02,4.02,4.05,3.85,669675
2023-02-08,3.99,3.98,4.02,3.89,657066
2023-02-09,4.03,4.0,4.145,3.93,531175
2023-02-10,3.98,3.875,4.03,3.81,1000237
2023-02-13,4.15,3.815,4.15,3.71,1024423
2023-02-14,3.79,3.83,3.9299,3.68,400678
2023-02-15,3.81,3.8,3.85,3.73,813520
2023-02-16,3.75,3.7,3.795,3.69,587699
2023-02-17,3.72,3.68,3.72,3.605,366669
2023-02-21,3.63,3.86,3.94,3.61,694137
2023-02-22,4.01,3.95,4.01,3.85,1374081
2023-02-23,3.97,3.95,4.03,3.865,771648
2023-02-24,3.9,3.97,3.98,3.8,568841
2023-02-27,4.0,3.99,4.12,3.94,427356
2023-02-28,3.98,4.17,4.3,3.91,671449
2023-03-01,4.17,4.145,4.29,4.1,527121
2023-03-02,4.1,4.25,4.337,4.04,656962
2023-03-03,4.25,4.17,4.3,4.11,615915
2023-03-06,4.16,3.81,4.16,3.75,837947
2023-03-07,3.78,3.63,3.8685,3.62,302229
2023-03-08,3.61,3.58,3.6733,3.42,1250029
2023-03-09,3.56,3.4,3.56,3.375,1053942
2023-03-10,3.36,3.28,3.44,3.24,1195758
2023-03-13,3.23,3.32,3.3485,3.19,509884
2023-03-14,3.3,3.56,3.57,3.3,656603
2023-03-15,3.48,3.68,3.68,3.42,1031964
2023-03-16,3.65,3.53,3.75,3.5,856228
2023-03-17,3.49,3.43,3.5643,3.28,1405209
2023-03-20,3.45,3.42,3.49,3.35,854001
2023-03-21,3.47,3.59,3.63,3.4013,655196
2023-03-22,3.58,3.33,3.59,3.32,692831
2023-03-23,3.35,3.21,3.49,3.14,790900
2023-03-24,3.2,3.22,3.25,3.14,444846
2023-03-27,3.25,3.37,3.4,3.25,624180
2023-03-28,3.35,3.32,3.48,3.295,414800
2023-03-29,3.35,3.36,3.38,3.25,663239
2023-03-30,3.39,3.51,3.51,3.3,628405
2023-03-31,4.12,3.68,4.16,3.59,1167663
2023-04-03,3.67,3.66,3.8099,3.555,648780
2023-04-04,3.66,3.7,3.73,3.6015,451570
2023-04-05,3.71,3.7,3.75,3.605,539830
2023-04-06,3.71,3.75,3.75,3.64,401947
2023-04-10,3.72,3.845,3.85,3.68,402594
2023-04-11,3.84,3.98,3.99,3.75,451344
2023-04-12,3.98,3.81,4.03,3.795,325133
2023-04-13,3.93,3.83,4.11,3.82,816170
2023-04-14,3.77,3.79,3.87,3.72,1010485
2023-04-17,3.78,3.68,3.89,3.595,1112000
2023-04-18,3.7,3.5,3.75,3.4577,639621
2023-04-19,3.47,3.59,3.62,3.41,485054
2023-04-20,3.55,3.59,3.63,3.49,289388
2023-04-21,3.6,3.88,3.91,3.6,1121037
2023-04-24,3.86,3.64,3.88,3.62,604494
2023-04-25,3.61,3.48,3.685,3.48,422364
2023-04-26,3.52,3.5,3.565,3.39,654794
2023-04-27,3.52,3.48,3.525,3.39,287627
2023-04-28,3.48,3.48,3.585,3.42,507997
2023-05-01,3.48,3.45,3.59,3.41,445158
2023-05-02,3.43,3.43,3.49,3.33,577124
2023-05-03,3.45,3.28,3.5199,3.26,498353
2023-05-04,3.27,3.44,3.46,3.23,384108
