2022-11-23,20.0199,20.0199,20.0199,20.0199,0
2022-11-25,20.059,20.02,20.06,20.02,1511
2022-11-28,20.06,19.6182,20.06,19.6182,1606
2022-11-29,19.62,19.5524,19.62,19.5524,139
2022-11-30,20.7154,20.7154,20.7154,20.7154,57
2022-12-01,21.07,20.9126,21.07,20.88,369
2022-12-02,21.2635,21.2635,21.2635,21.2635,10
2022-12-05,20.82,20.5159,20.82,20.5159,112
2022-12-06,19.87,19.7033,19.9,19.7033,251
2022-12-07,19.56,19.5959,19.65,19.56,2454
2022-12-08,19.9,19.9581,19.9581,19.9,100
2022-12-09,19.685,19.685,19.685,19.685,0
2022-12-12,19.72,20.0777,20.0777,19.72,754
2022-12-13,20.1441,20.1441,20.1441,20.1441,0
2022-12-14,20.0932,20.0932,20.0932,20.0932,0
2022-12-15,19.14,19.1335,19.17,19.07,1700
2022-12-16,19.1402,19.1402,19.1402,19.1402,38
2022-12-19,18.5713,18.5713,18.5713,18.5713,61
2022-12-20,18.5623,18.5623,18.5623,18.5623,7
2022-12-21,18.8797,18.8797,18.8797,18.8797,11
2022-12-22,18.3455,18.3455,18.3455,18.3455,32
2022-12-23,17.942,17.942,17.942,17.942,75
2022-12-27,17.3569,17.3569,17.3569,17.3569,6
2022-12-28,17.3155,17.3155,17.3155,17.3155,11
2022-12-29,17.9961,17.9961,17.9961,17.9961,0
2022-12-30,18.197,18.197,18.197,18.197,0
2023-01-03,17.7601,17.7601,17.7601,17.7601,12
2023-01-04,18.2438,18.2438,18.2438,18.2438,0
2023-01-05,17.979,18.01,18.0511,17.979,800
2023-01-06,18.1598,18.1598,18.1598,18.1598,105
2023-01-09,18.7399,17.9257,18.84,18.6705,2396
2023-01-10,17.9001,18.0769,18.0769,17.9001,909
2023-01-11,18.239,18.2,18.239,18.2,408
2023-01-12,18.4,18.4,18.4,18.4,143
2023-01-13,18.445,18.5142,18.5142,18.445,220
2023-01-17,18.819,18.7234,18.819,18.685,358
2023-01-18,18.899,18.5113,18.899,18.5113,455
2023-01-19,18.17,18.0605,18.17,18.0605,1049
2023-01-20,18.48,18.9046,18.9046,18.48,1621
2023-01-23,19.36,19.365,19.369,19.36,1030
2023-01-24,19.35,19.2558,19.35,19.2558,618
2023-01-25,18.75,19.3261,19.3261,18.75,103
2023-01-26,19.5855,19.5855,19.5855,19.5855,78
2023-01-27,19.759,19.67,19.759,19.67,371
2023-01-30,19.4999,18.8066,19.4999,18.8066,747
2023-01-31,18.75,19.1383,19.1383,18.75,243
2023-02-01,19.126,19.908,19.908,19.126,379
2023-02-02,20.5738,20.5738,20.5738,20.5738,98
2023-02-03,20.521,20.562,20.69,20.521,912
2023-02-06,20.55,20.3332,20.55,20.3332,3090
2023-02-07,19.4601,18.9246,20.1,19.45,6589
2023-02-08,18.99,18.2749,18.99,18.2749,1381
2023-02-09,18.65,17.6552,18.65,17.6552,8008
2023-02-10,17.189,17.0005,17.19,16.8594,4797
2023-02-13,16.86,17.3697,17.42,16.857,3193
2023-02-14,17.3,17.9231,17.9231,17.01,3279
2023-02-15,18.1,18.352,18.37,18.0852,2437
2023-02-16,18.26,18.0562,18.6687,18.01,10947
2023-02-17,17.93,17.9314,17.9314,17.53,11345
2023-02-21,17.565,17.0141,17.82,17.0134,25777
2023-02-22,17.13,17.39,17.41,17.0,25197
2023-02-23,17.5,17.13,17.5,16.518,58676
2023-02-24,16.51,16.4834,16.69,16.3101,7181
2023-02-27,16.77,16.7577,16.8199,16.66,12034
2023-02-28,16.939,17.0556,17.2,16.92,26582
2023-03-01,17.0615,16.985,17.11,16.9303,13698
2023-03-02,17.5,17.0542,17.5,16.506,23379
2023-03-03,17.19,17.35,17.42,17.06,38168
2023-03-06,17.5,17.1366,17.52,17.1366,48368
2023-03-07,17.21,16.1582,17.33,16.8688,18858
2023-03-08,16.26,16.0995,16.26,15.87,15722
2023-03-09,16.25,15.7321,16.25,15.7321,28281
2023-03-10,15.42,14.9356,15.4399,14.65,40028
2023-03-13,14.93,15.323,15.59,14.51,13970
2023-03-14,15.619,15.59,15.74,15.45,11817
2023-03-15,15.47,15.74,15.84,15.45,14482
2023-03-16,15.91,16.2188,16.265,15.85,14896
2023-03-17,16.22,16.1428,16.28,15.96,37076
2023-03-20,16.31,15.95,16.31,15.8265,39407
2023-03-21,16.28,16.79,16.829,16.02,25134
2023-03-22,16.91,16.23,16.91,16.23,80975
2023-03-23,16.11,15.96,16.5386,15.75,85396
2023-03-24,15.81,15.82,15.9737,15.6501,43326
2023-03-27,16.26,15.95,16.26,15.88,41995
2023-03-28,15.94,15.6956,15.94,15.64,26214
2023-03-29,15.91,16.05,16.19,15.87,27658
2023-03-30,16.44,16.18,16.44,16.15,39204
2023-03-31,16.39,16.58,16.66,16.2753,34445
2023-04-03,16.59,16.46,16.59,16.18,79349
2023-04-04,16.58,16.31,16.58,16.3,51702
2023-04-05,16.42,15.3297,16.42,15.68,63036
2023-04-06,15.18,15.51,15.599,15.09,61607
2023-04-10,15.47,15.55,15.5904,15.26,41544
2023-04-11,15.61,15.6,15.71,15.54,56337
2023-04-12,15.8824,15.34,15.8824,15.2,99579
2023-04-13,15.35,15.69,15.91,15.35,38319
2023-04-14,15.85,15.63,15.92,15.556,20900
2023-04-17,15.67,15.7,15.8,15.56,44157
2023-04-18,15.88,15.81,15.91,15.64,26446
2023-04-19,15.69,15.83,15.88,15.5,31401
2023-04-20,15.6,15.25,15.65,15.25,48033
2023-04-21,15.44,15.4,15.44,15.2001,42142
2023-04-24,15.43,15.25,15.43,15.0,41502
2023-04-25,15.2,14.78,15.2,14.76,44527
2023-04-26,14.97,14.52,15.0199,14.5,51337
2023-04-27,14.53,14.67,14.7099,14.41,25694
2023-04-28,14.63,14.78,14.81,14.45,39156
2023-05-01,14.82,14.74,14.82,14.639,53579
2023-05-02,14.82,14.4,14.82,14.39,45344
2023-05-03,14.56,14.45,14.71,14.39,43428
2023-05-04,14.62,14.4049,14.81,14.46,62280
