2014-08-27,2.02,2.152,2.152,2.02,1400
2014-08-28,2.1139,2.0983,2.16,2.093,15048
2014-08-29,2.133,2.1111,2.133,2.1071,1485
2014-09-02,2.075,1.9637,2.084,1.9637,6078
2014-09-03,2.0221,1.986,2.0221,1.984,16944
2014-09-04,2.015,1.95,2.015,1.948,5750
2014-09-05,1.762,1.812,1.812,1.762,325
2014-09-08,1.797,1.676,1.797,1.676,4450
2014-09-09,1.6488,1.4958,1.6488,1.4933,2860
2014-09-10,1.505,1.6494,1.6494,1.505,11100
2014-09-11,1.6682,1.605,1.6682,1.5907,2871
2014-09-12,1.611,1.6278,1.637,1.611,1960
2014-09-15,1.6245,1.63,1.63,1.6245,571
2014-09-16,1.6282,1.6373,1.6373,1.6282,720
2014-09-17,1.6394,1.6232,1.6394,1.568,3541
2014-09-18,1.6044,1.59,1.6227,1.5861,9488
2014-09-19,1.584,1.6,1.6,1.584,2426
2014-09-22,1.55,1.5086,1.55,1.489,2028
2014-09-23,1.46,1.35,1.46,1.35,5750
2014-09-24,1.3853,1.3062,1.3853,1.2971,4950
2014-09-25,1.2928,1.2928,1.2928,1.2928,1000
2014-09-29,1.42,1.3489,1.42,1.3489,2060
2014-09-30,1.418,1.3985,1.424,1.397,4733
2014-10-01,1.299,1.287,1.305,1.287,2554
2014-10-02,1.214,1.31,1.31,1.165,2840
2014-10-06,1.29,1.35,1.35,1.29,1200
2014-10-07,1.4259,1.4259,1.4259,1.4259,1700
2014-10-10,1.2994,1.2582,1.3173,1.2582,2927
2014-10-14,1.24,1.24,1.2525,1.24,1136
2014-10-15,1.16,1.0753,1.18,1.0753,4832
2014-10-16,1.0709,1.2,1.2,1.01,907
2014-10-20,1.11,1.1,1.11,1.1,1121
2014-10-21,1.16,1.15,1.16,1.15,3436
2014-10-22,1.15,1.15,1.15,1.15,1300
2014-10-23,1.12,1.06,1.12,1.01,13326
2014-10-24,1.04,1.04,1.04,1.04,160
2014-10-27,1.0453,1.02,1.05,0.9838,2460
2014-10-28,1.0165,1.0165,1.0165,1.0165,700
2014-10-30,0.97,1.0686,1.07,0.97,4674
2014-10-31,1.0696,1.0,1.0696,0.9853,5390
2014-11-03,1.05,1.04,1.052,0.988,8696
2014-11-04,1.02,1.026,1.05,1.02,14149
2014-11-05,0.974,1.01,1.01,0.933,3631
2014-11-06,1.15,1.07,1.24,0.9569,30617
2014-11-07,1.0795,0.975,1.0795,0.9296,40765
2014-11-10,1.08,1.02,1.08,1.02,7100
2014-11-12,1.0202,1.02,1.0202,1.02,3781
2014-11-14,1.0104,0.9425,1.0104,0.923,12300
2014-11-17,0.969,0.9677,0.985,0.9576,38640
2014-11-18,0.987,0.985,0.988,0.9715,8820
2014-11-19,0.9813,0.976,0.9813,0.976,2870
2014-11-21,0.962,0.972,0.972,0.962,1000
2014-11-24,0.9794,1.0144,1.023,0.974,16780
2014-11-25,1.01,1.01,1.01,1.01,2180
2014-11-26,0.9911,0.9911,0.9911,0.9911,500
2014-11-28,0.9849,0.96,0.9849,0.96,4335
2014-12-01,0.9986,0.869,0.999,0.8586,38133
2014-12-02,0.883,0.88,0.89,0.88,13870
2014-12-03,0.8036,0.8069,0.841,0.79,25856
2014-12-04,0.794,0.794,0.796,0.794,1000
2014-12-05,0.81,0.7459,0.81,0.729,56884
2014-12-08,0.748,0.7451,0.748,0.657,13853
2014-12-09,0.7088,0.694,0.7088,0.6797,8816
2014-12-10,0.692,0.676,0.692,0.676,3361
2014-12-11,0.6827,0.725,0.725,0.6827,2063
2014-12-12,0.733,0.6856,0.733,0.6856,1325
2014-12-15,0.687,0.6804,0.687,0.6804,7470
2014-12-16,0.6511,0.66,0.6732,0.617,28920
2014-12-18,0.6265,0.581,0.6319,0.581,12175
2014-12-19,0.634,0.622,0.634,0.5999,4420
2014-12-22,0.5957,0.59,0.604,0.5817,21170
2014-12-23,0.5853,0.556,0.5854,0.5495,61375
2014-12-24,0.565,0.59,0.62,0.5445,53700
2014-12-26,0.591,0.622,0.622,0.591,12647
2014-12-29,0.6044,0.56,0.6044,0.56,10870
2014-12-30,0.56,0.56,0.56,0.5538,8736
2014-12-31,0.558,0.55,0.558,0.54,7729
2015-01-02,0.543,0.5304,0.5587,0.5134,9870
2015-01-05,0.55355,0.5,0.55355,0.4812,29900
2015-01-06,0.4939,0.474,0.5,0.469,10100
2015-01-07,0.486,0.4831,0.487,0.4831,1500
2015-01-08,0.468,0.4845,0.4848,0.468,17200
2015-01-09,0.486,0.4833,0.495,0.4827,18536
2015-01-12,0.49,0.472,0.49,0.4631,24600
2015-01-13,0.45,0.4455,0.4549,0.444,19970
2015-01-14,0.4211,0.4039,0.4245,0.398,13480
2015-01-15,0.4006,0.391,0.4006,0.391,14250
2015-01-16,0.3765,0.3945,0.3945,0.372,17700
2015-01-20,0.3511,0.38,0.405,0.3211,49750
2015-01-21,0.3958,0.3915,0.414,0.3915,9400
2015-01-22,0.4,0.39,0.401,0.39,6802
2015-01-23,0.38,0.392,0.392,0.36,30311
2015-01-26,0.4,0.4,0.4,0.4,2500
2015-01-27,0.3893,0.417,0.417,0.385,4000
2015-01-28,0.417,0.5075,0.536,0.417,170730
2015-01-29,0.512,0.4938,0.521,0.4566,46099
2015-01-30,0.476,0.4871,0.4871,0.476,2709
2015-02-04,0.4872,0.4872,0.4872,0.4872,200
2015-02-05,0.4661,0.465,0.4661,0.465,600
2015-02-06,0.4672,0.462,0.4672,0.462,2400
2015-02-09,0.413,0.471,0.471,0.413,44324
2015-02-10,0.4374,0.4539,0.4539,0.4374,1750
2015-02-11,0.42,0.409,0.42,0.4,5026
2015-02-12,0.405,0.395,0.405,0.395,7000
2015-02-13,0.406,0.42,0.426,0.3961,35499
2015-02-17,0.392,0.3979,0.4062,0.38729,7935
2015-02-18,0.3711,0.395,0.395,0.3711,7444
2015-02-19,0.398,0.4023,0.406,0.398,24050
2015-02-20,0.394,0.394,0.394,0.394,1000
2015-02-23,0.42059,0.42,0.434,0.419,9999
2015-02-24,0.4222,0.4222,0.4222,0.4222,200
2015-02-25,0.41,0.416,0.428,0.41,13499
2015-03-02,0.41,0.392,0.41,0.39,11042
2015-03-04,0.396,0.41,0.41,0.396,3300
2015-03-05,0.4033,0.3939,0.4033,0.378,7213
2015-03-06,0.386,0.383,0.386,0.383,5423
2015-03-09,0.383,0.383,0.383,0.383,9000
2015-03-10,0.362,0.373,0.373,0.362,1080
2015-03-11,NaN,0.373,NaN,NaN,0
2015-03-12,0.3732,0.3758,0.391,0.3732,12657
2015-03-13,NaN,0.3758,NaN,NaN,80
2015-03-16,0.363,0.36,0.366,0.3543,14678
2015-03-17,0.3545,0.342,0.3545,0.34,17069
2015-03-18,0.3262,0.3392,0.34,0.3262,13966
2015-03-19,0.357379,0.3478,0.357379,0.345,7750
2015-03-20,0.338,0.3199,0.339,0.3199,23400
2015-03-23,0.325,0.3469,0.349,0.325,11360
2015-03-24,0.349,0.349,0.349,0.349,7500
2015-03-25,0.3835,0.382,0.3835,0.382,7499
2015-03-26,0.393,0.4036,0.431,0.393,9450
2015-03-27,0.415,0.415,0.415,0.415,5000
2015-03-30,0.43,0.43,0.43,0.43,1000
2015-03-31,0.4255,0.42,0.4255,0.42,5000
2015-04-01,0.4545,0.465,0.465,0.4545,30000
2015-04-02,0.4783,0.491,0.491,0.4628,17110
2015-04-06,0.5,0.4782,0.5,0.4782,11488
2015-04-07,0.5,0.485,0.5,0.482,4770
2015-04-08,0.461,0.4451,0.461,0.4451,3100
2015-04-09,0.442,0.4546,0.4625,0.43,13000
2015-04-10,0.4562,0.4562,0.4562,0.4562,2585
2015-04-13,0.466,0.4466,0.466,0.4344,14049
2015-04-14,0.4671,0.4426,0.4671,0.4426,15463
2015-04-15,0.4647,0.4496,0.4647,0.4496,15715
2015-04-16,0.47,0.4783,0.4783,0.446,8000
2015-04-17,0.4555,0.472,0.48,0.4555,5910
2015-04-20,0.478,0.47,0.478,0.461,22329
2015-04-21,0.4445,0.45,0.467,0.4445,9316
2015-04-22,0.4594,0.471,0.471,0.4594,1477
2015-04-23,0.4684,0.458,0.476,0.458,7875
2015-04-24,0.4545,0.4436,0.458,0.4352,22862
2015-04-27,0.4401,0.4401,0.4401,0.4401,2500
2015-04-28,0.443,0.436,0.443,0.436,1587
2015-04-29,0.43,0.43,0.43,0.43,700
2015-04-30,0.4406,0.4404,0.4406,0.4404,5100
2015-05-01,0.445,0.441,0.445,0.441,1190
2015-05-04,0.433,0.433,0.433,0.433,1000
2015-05-05,0.41989,0.422,0.422,0.4166,28531
2015-05-07,0.414,0.414,0.414,0.414,1180
2015-05-08,0.407,0.4165,0.4165,0.407,6576
2015-05-11,0.426,0.42524,0.426,0.42524,875
2015-05-12,0.42,0.4061,0.42,0.3978,10200
2015-05-13,0.4202,0.3961,0.424,0.3961,27611
2015-05-14,0.3901,0.39,0.3991,0.39,58450
2015-05-15,0.4,0.4,0.4,0.4,300
2015-05-18,0.3591,0.40562,0.412,0.3591,8550
2015-05-19,0.3904,0.39,0.394,0.3741,49000
2015-05-20,0.39,0.3869,0.39,0.3869,16000
2015-05-21,0.378,0.376,0.378,0.376,5000
2015-05-22,0.392,0.403,0.403,0.392,4500
2015-05-26,0.3789,0.388,0.388,0.3789,775
2015-05-27,0.3793,0.35,0.3793,0.3345,15651
2015-05-29,0.3388,0.34,0.3589,0.336,19964
2015-06-01,0.34,0.333,0.342,0.315,11100
2015-06-02,0.326,0.364,0.372,0.3192,41799
2015-06-03,0.3246,0.3434,0.351,0.3246,60651
2015-06-04,0.3341,0.342,0.346,0.3341,14955
2015-06-05,0.3366,0.3389,0.345,0.3366,900
2015-06-08,0.3445,0.3389,0.3486,0.3389,7675
2015-06-09,0.351,0.357,0.39,0.351,116661
2015-06-10,0.369,0.3594,0.369,0.348,6360
2015-06-11,0.3594,0.3594,0.3594,0.3594,1100
2015-06-12,0.3504,0.3594,0.3594,0.3504,16204
2015-06-15,0.3697,0.3594,0.3697,0.3594,6500
2015-06-16,0.3594,0.343,0.379,0.334,12710
2015-06-17,0.3106,0.3224,0.3224,0.3106,10500
2015-06-18,0.3011,0.3171,0.3171,0.3011,1300
2015-06-19,0.32,0.301,0.32,0.2993,2200
2015-06-22,0.29,0.322,0.323,0.2868,13300
2015-06-23,0.3198,0.322,0.322,0.298,4340
2015-06-24,0.321,0.364,0.364,0.321,10700
2015-06-25,0.3319,0.3261,0.3319,0.3261,1750
2015-06-26,0.2955,0.3114,0.329,0.2954,7600
2015-06-29,0.3253,0.306,0.3253,0.306,3699
2015-06-30,0.303,0.303,0.303,0.303,1080
2015-07-02,0.304,0.304,0.304,0.304,5000
2015-07-06,0.2985,0.306,0.306,0.2985,6500
2015-07-07,0.3004,0.3,0.3004,0.3,2200
2015-07-08,0.3,0.296,0.3,0.2926,9284
2015-07-09,0.297,0.3013,0.3013,0.297,6400
2015-07-10,0.293,0.2936,0.295,0.293,1680
2015-07-13,0.2763,0.285,0.2923,0.2763,2670
2015-07-14,0.2844,0.281,0.29,0.2771,2780
2015-07-15,0.275,0.285,0.296,0.275,11699
2015-07-16,0.2763,0.2763,0.2763,0.2763,2500
2015-07-17,0.2947,0.2945,0.2947,0.2945,4400
2015-07-20,0.298,0.298,0.298,0.298,5000
2015-07-21,0.2867,0.275,0.2878,0.2748,30550
2015-07-22,0.2705,0.2719,0.2911,0.266,35100
2015-07-23,0.2861,0.2861,0.2861,0.2861,850
2015-07-24,0.2917,0.2701,0.2917,0.2701,4075
2015-07-27,0.271,0.271,0.271,0.271,3069
2015-07-28,0.2755,0.2755,0.2755,0.2755,250
2015-07-29,0.2762,0.269,0.2766,0.26,8639
2015-07-30,0.269,0.269,0.269,0.269,500
2015-07-31,0.2638,0.2849,0.2849,0.255,28562
2015-08-03,0.28,0.28,0.28,0.2601,1670
2015-08-04,0.2875,0.276,0.2875,0.276,42000
2015-08-07,0.2701,0.2701,0.2701,0.2701,1000
2015-08-11,0.2654,0.28,0.28,0.2654,8300
2015-08-12,0.275,0.279,0.283,0.275,8215
2015-08-13,0.28,0.2618,0.28,0.2618,10934
2015-08-14,0.2501,0.2621,0.2699,0.2501,20001
2015-08-18,0.2544,0.2527,0.2544,0.2527,7000
2015-08-19,0.2617,0.2537,0.2617,0.2537,12000
2015-08-20,0.2539,0.262,0.262,0.2539,24500
2015-08-21,0.2402,0.2421,0.2602,0.186,10500
2015-08-24,0.243,0.22,0.243,0.21,19020
2015-08-25,0.2282,0.2165,0.2282,0.2165,10000
2015-08-26,0.2199,0.2194,0.2199,0.2194,17200
2015-08-27,0.2175,0.2246,0.2246,0.2169,24000
2015-08-28,0.2119,0.21,0.2164,0.2088,2412
2015-08-31,0.2127,0.188,0.2127,0.188,51003
2015-09-01,0.2099,0.2023,0.2099,0.2023,3025
2015-09-02,0.2021,0.2057,0.2057,0.2021,2500
2015-09-03,0.2069,0.2,0.2069,0.2,5900
2015-09-04,0.2,0.205,0.205,0.2,3301
2015-09-08,0.2135,0.198,0.2135,0.198,36390
2015-09-09,0.2022,0.2,0.218,0.2,15500
2015-09-10,0.19,0.19,0.1901,0.19,7500
2015-09-11,0.19,0.2069,0.2069,0.19,8233
2015-09-14,0.25296,0.2389,0.25296,0.2281,39550
2015-09-15,0.2257,0.2171,0.2257,0.2171,6000
2015-09-16,0.2329,0.2155,0.2329,0.2123,14400
2015-09-17,0.22,0.2154,0.22,0.2066,14928
2015-09-18,0.2049,0.21,0.21,0.2049,4500
2015-09-21,0.2,0.192,0.2116,0.1905,19000
2015-09-22,0.198,0.2055,0.2055,0.194,34800
2015-09-23,0.198,0.1913,0.2006,0.1913,9054
2015-09-24,0.1913,0.1913,0.1913,0.1913,1000
2015-09-25,0.201,0.1841,0.201,0.1841,37999
2015-09-28,0.193,0.1779,0.1959,0.1628,26600
2015-09-29,0.181,0.1819,0.1819,0.175,8500
2015-09-30,0.1888,0.1772,0.1888,0.1697,24300
2015-10-01,0.1838,0.1866,0.1866,0.1789,26000
2015-10-02,0.183,0.1802,0.183,0.1802,5100
2015-10-05,0.1776,0.177,0.189,0.177,23700
2015-10-06,0.1744,0.1744,0.1744,0.1744,1501
2015-10-07,0.1655,0.212,0.212,0.1655,23300
2015-10-08,0.213,0.217,0.22,0.21,75850
2015-10-09,0.221,0.23,0.24,0.221,22800
2015-10-13,0.2281,0.2592,0.282,0.2281,83992
2015-10-14,0.277,0.2681,0.279,0.26,41282
2015-10-15,0.2887,0.2808,0.2887,0.266,27144
2015-10-16,0.2849,0.3273,0.3273,0.2848,74358
2015-10-19,0.334,0.3436,0.3593,0.3258,87000
2015-10-20,0.4987,0.3717,0.4987,0.366,123127
2015-10-21,0.374,0.363,0.375,0.322,53851
2015-10-22,0.4063,0.414,0.4217,0.3915,20850
2015-10-23,0.404,0.389,0.408,0.389,10050
2015-10-26,0.3825,0.3928,0.3928,0.367,14400
2015-10-27,0.3879,0.371,0.3906,0.371,6826
2015-10-28,0.3767,0.369,0.38,0.369,14000
2015-10-29,0.39,0.393,0.416,0.39,10920
2015-10-30,0.3934,0.4746,0.4746,0.3934,8446
2015-11-02,0.5,0.632,0.731,0.492,105718
2015-11-03,0.7209,0.762,0.768,0.6995,177369
2015-11-04,0.7914,0.834,1.0584,0.7914,300638
2015-11-05,0.9845,0.77,0.9845,0.7312,132142
2015-11-06,0.767,0.709,0.767,0.6339,62586
2015-11-09,0.721,0.7499,0.7745,0.721,29879
2015-11-10,0.747,0.7256,0.762,0.7064,31650
2015-11-11,0.7232,0.7288,0.7288,0.714,3490
2015-11-12,0.636,0.578,0.636,0.5699,106517
2015-11-13,0.577,0.6408,0.644,0.5267,25941
2015-11-16,0.6939,0.7109,0.7109,0.688,14540
2015-11-17,0.768,0.764,0.777,0.745,50450
2015-11-18,0.6847,0.7016,0.7256,0.6847,22200
2015-11-19,0.6819,0.65,0.6819,0.65,53600
2015-11-20,0.6522,0.65,0.6749,0.65,14000
2015-11-23,0.67,0.664,0.67,0.664,2500
2015-11-24,0.6467,0.64,0.6467,0.6116,35975
2015-11-25,0.64,0.6448,0.6598,0.64,24545
2015-11-27,0.7145,0.6934,0.7145,0.69,5000
2015-11-30,0.7018,0.703,0.703,0.6943,34000
2015-12-01,0.7207,0.6826,0.7207,0.6826,15700
2015-12-02,0.6812,0.672,0.6829,0.672,5774
2015-12-03,0.6526,0.67,0.67,0.6448,12815
2015-12-04,0.67,0.701,0.701,0.65,18140
2015-12-07,0.744,0.68,0.744,0.68,9040
2015-12-08,0.6787,0.6641,0.6856,0.6497,19570
2015-12-09,0.6694,0.645,0.6694,0.645,3782
2015-12-10,0.6485,0.652,0.652,0.645,3857
2015-12-11,0.6383,0.62,0.657,0.62,17915
2015-12-14,0.614,0.63,0.63,0.614,4867
2015-12-15,0.629,0.6358,0.6358,0.629,1605
2015-12-16,0.62,0.6206,0.6206,0.6175,11725
2015-12-17,0.6189,0.5783,0.6189,0.578,32100
2015-12-18,0.5892,0.5973,0.609,0.5892,21511
2015-12-21,0.6069,0.5782,0.6069,0.5774,3495
2015-12-22,0.5828,0.579,0.6,0.5724,16800
2015-12-23,0.6,0.589,0.6,0.5868,2625
2015-12-24,0.5759,0.5882,0.5882,0.5759,4670
2015-12-28,0.59,0.619,0.62,0.59,13813
2015-12-29,0.603,0.5912,0.6076,0.587,6240
2015-12-30,0.6029,0.6029,0.6029,0.6029,1000
2015-12-31,0.6599,0.66,0.66,0.6594,6900
2016-01-04,0.6711,0.6219,0.678,0.6219,13340
2016-01-05,0.6496,0.652,0.6526,0.6496,4453
2016-01-06,0.62,0.6014,0.6267,0.5984,16620
2016-01-07,0.6035,0.569,0.604,0.569,17141
2016-01-08,0.5969,0.607,0.607,0.5825,4076
2016-01-11,0.599,0.599,0.599,0.599,1000
2016-01-12,0.5935,0.6012,0.6123,0.5935,13392
2016-01-13,0.6066,0.6066,0.6066,0.6066,140
2016-01-14,0.5829,0.5862,0.603,0.56,27263
2016-01-15,0.586,0.5626,0.586,0.5626,18135
2016-01-19,0.5599,0.5476,0.57,0.546,8920
2016-01-20,0.5461,0.544,0.5462,0.519,3639
2016-01-21,0.5434,0.5389,0.5434,0.5389,3600
2016-01-25,0.558,0.5519,0.5865,0.5519,32917
2016-01-26,0.578,0.565,0.578,0.565,3405
2016-01-27,0.5805,0.57,0.5805,0.57,2823
2016-01-28,0.569,0.5674,0.569,0.56,897
2016-01-29,0.5585,0.56,0.56,0.5585,685
2016-02-01,0.5534,0.5633,0.5658,0.5534,1812
2016-02-02,0.5709,0.5759,0.5782,0.57,2267
2016-02-03,0.5721,0.5554,0.5721,0.5495,4550
2016-02-04,0.5549,0.5726,0.5726,0.5549,2810
2016-02-05,0.5441,0.5275,0.5449,0.5275,5100
2016-02-08,0.5255,0.4975,0.5255,0.4788,12525
2016-02-09,0.505,0.50817,0.52,0.505,11650
2016-02-10,0.49565,0.47,0.5034,0.47,3300
2016-02-11,0.4751,0.4643,0.4751,0.4643,6358
2016-02-12,0.4567,0.468,0.47,0.4567,12000
2016-02-16,0.488,0.4946,0.5094,0.488,29720
2016-02-18,0.5,0.507,0.5093,0.5,10970
2016-02-19,0.511,0.511,0.511,0.511,10000
2016-02-22,0.491,0.5129,0.5129,0.491,12950
2016-02-23,0.525,0.5986,0.6109,0.524,35827
2016-02-24,0.611,0.53,0.611,0.5294,53465
2016-02-25,0.519,0.5347,0.5347,0.519,9200
2016-02-26,0.5527,0.55,0.555,0.5482,9970
2016-03-01,0.5519,0.5768,0.5768,0.5519,1960
2016-03-02,0.5726,0.5823,0.5823,0.5616,13847
2016-03-03,0.585,0.586,0.594,0.5843,6411
2016-03-04,0.6024,0.5876,0.6024,0.5876,11200
2016-03-07,NaN,0.5876,NaN,NaN,85
2016-03-08,0.5812,0.5771,0.5877,0.5771,2100
2016-03-09,0.594,0.58,0.594,0.568,39000
2016-03-10,0.5888,0.564,0.5888,0.564,13125
2016-03-11,0.59,0.61,0.6232,0.59,51012
2016-03-16,0.6006,0.596953,0.604,0.5816,11450
2016-03-17,0.5981,0.6,0.614,0.5981,14006
2016-03-18,0.6072,0.5507,0.613,0.5507,67125
2016-03-21,0.5725,0.57,0.579,0.56,31212
2016-03-22,0.571,0.581,0.5874,0.55968,11580
2016-03-23,0.555583,0.552,0.585,0.546,78670
2016-03-24,0.56153,0.5489,0.56153,0.5489,18100
2016-03-28,0.57,0.5714,0.5714,0.5592,61813
2016-03-29,0.568088,0.579,0.58,0.568088,22050
2016-03-30,0.583,0.57,0.5895,0.56463,10970
2016-03-31,0.5869,0.5796,0.5869,0.57,17721
2016-04-01,0.586,0.6041,0.605,0.5705,16570
2016-04-04,0.5985,0.59816,0.61,0.594,51720
2016-04-05,0.601,0.602,0.6265,0.601,25628
2016-04-06,0.615,0.632,0.632,0.615,34227
2016-04-07,0.6258,0.61,0.629,0.61,36127
2016-04-08,0.6282,0.629,0.635236,0.6137,64610
2016-04-11,0.6432,0.64,0.6442,0.6247,8696
2016-04-12,0.65,0.68,0.7,0.64,83205
2016-04-13,0.7013,0.75,0.756,0.7,100318
2016-04-14,0.8057,0.8377,0.878,0.8057,77295
2016-04-15,0.8576,0.77,0.861,0.747,59450
2016-04-18,0.802,0.80463,0.8265,0.778,80462
2016-04-19,0.8318,0.866,0.874466,0.8003,100570
2016-04-20,0.872,0.994,0.994,0.81,150568
2016-04-21,1.01,0.9408,1.11,0.9408,147187
2016-04-22,0.95,0.91,0.9769,0.8799,85177
2016-04-25,1.0,0.9417,1.02,0.926,96122
2016-04-26,0.9695,0.9451,0.9787,0.9451,74216
2016-04-27,0.977,0.94954,0.977,0.93,40755
2016-04-28,0.97,0.96,0.97,0.92811,43670
2016-04-29,0.934,0.97,0.97,0.934,73836
2016-05-02,0.98,0.986,0.995,0.97,62157
2016-05-03,0.9762,0.97,0.999,0.96,29688
2016-05-04,0.974,0.93137,0.974,0.9268,24756
2016-05-05,0.93379,0.91537,0.93463,0.9074,49761
2016-05-06,0.9154,0.8769,0.9154,0.856,146896
2016-05-09,0.89,0.9222,0.931357,0.89,45285
2016-05-10,0.9295,0.94747,0.94747,0.91737,13704
2016-05-11,0.871,0.88,0.89,0.81,53743
2016-05-12,0.8784,0.8849,0.8904,0.859,16300
2016-05-13,0.881,0.907,0.9136,0.881,10706
2016-05-16,0.9431,0.9327,0.9432,0.92,18460
2016-05-17,0.9505,0.9315,0.9505,0.8999,16874
2016-05-18,0.9116,0.9034,0.9319,0.8994,25169
2016-05-19,0.904,0.896,0.904,0.89,11181
2016-05-20,0.903,0.91,0.9243,0.896,6590
2016-05-23,0.928,0.9131,0.928,0.9,10206
2016-05-24,0.907,0.9076,0.9102,0.89,21202
2016-05-25,0.9015,0.9076,0.931,0.89,50136
2016-05-26,0.9172,0.8954,0.9172,0.88686,16142
2016-05-27,0.8908,0.87663,0.91,0.87,16346
2016-05-31,0.868,0.83,0.887,0.826,26367
2016-06-01,0.803,0.8364,0.83693,0.803,17751
2016-06-02,0.8364,0.8294,0.8364,0.7982,34041
2016-06-03,0.8443,0.82637,0.845,0.82637,8905
2016-06-06,0.8493,0.81837,0.85,0.8143,27615
2016-06-07,0.81,0.83963,0.8398,0.8077,9600
2016-06-08,0.83419,0.848,0.85963,0.83419,7689
2016-06-09,0.863,0.828,0.863,0.804,24487
2016-06-10,0.823,0.81663,0.8282,0.80967,10040
2016-06-13,0.8292,0.8,0.8292,0.7986,18426
2016-06-14,0.8,0.806,0.815,0.7965,13400
2016-06-15,0.82,0.81,0.82163,0.81,9939
2016-06-16,0.81,0.7844,0.81,0.7844,19485
2016-06-17,0.793,0.804466,0.82,0.793,1757
2016-06-20,0.816,0.8225,0.8337,0.809,21511
2016-06-21,0.824,0.824,0.8292,0.814,8633
2016-06-22,0.849,0.8439,0.85533,0.822,32295
2016-06-23,0.8486,0.8318,0.8489,0.813,34084
2016-06-24,0.824,0.799,0.824,0.7901,23777
2016-06-27,0.796,0.7827,0.796,0.7701,12689
2016-06-28,0.787,0.7999,0.8,0.774,46402
2016-06-29,0.8016,0.78763,0.8031,0.78763,95086
2016-06-30,0.8144,0.7964,0.8144,0.795,13164
2016-07-01,0.8,0.761,0.81173,0.76,35100
2016-07-05,0.779,0.81,0.816,0.779,31358
2016-07-06,0.8088,0.8125,0.8144,0.8,35800
2016-07-07,0.825,0.8021,0.825,0.7968,25464
2016-07-08,0.7931,0.8092,0.8092,0.7931,11894
2016-07-11,0.817,0.7987,0.817,0.781,58060
2016-07-12,0.8024,0.8247,0.8247,0.8024,26729
2016-07-13,0.814,0.842,0.846,0.80908,33730
2016-07-14,0.9025,0.9054,0.9175,0.8921,25083
2016-07-15,0.932,0.8882,0.9403,0.879722,23387
2016-07-18,0.906,0.8923,0.906,0.8678,34277
2016-07-19,0.888,0.89,0.89115,0.87,8137
2016-07-20,0.926,0.918,0.926,0.90463,28817
2016-07-21,0.922,0.9655,0.9655,0.922,20001
2016-07-22,0.9745,1.01,1.03,0.97317,64112
2016-07-25,1.06,1.03,1.09,0.9467,125671
2016-07-26,1.04,1.0126,1.05,0.9873,70779
2016-07-27,1.0203,0.988,1.0203,0.966,26980
2016-07-28,0.9742,0.9918,0.9925,0.9478,25959
2016-07-29,0.992114,1.0,1.01,0.9591,26347
2016-08-01,1.02,1.07,1.08,1.02,91419
2016-08-02,1.07,1.079,1.08,1.0086,81801
2016-08-03,1.06,1.2353,1.25,1.06,182437
2016-08-04,1.1143,1.18,1.22,1.1,355483
2016-08-05,1.18,1.326,1.3331,1.18,148190
2016-08-08,1.4095,1.3454,1.42,1.3198,185085
2016-08-09,1.3348,1.3286,1.38,1.2901,160646
2016-08-10,1.3355,1.3177,1.3355,1.3,49116
2016-08-11,1.33,1.3061,1.35,1.2,48701
2016-08-12,1.28,1.2072,1.29,1.17,102320
2016-08-15,1.2028,1.17,1.24,1.1355,60667
2016-08-16,1.169,1.16,1.18,1.1192,25111
2016-08-17,1.15,1.16,1.22,1.15,37565
2016-08-18,1.1659,1.1521,1.19,1.13,56278
2016-08-19,1.132,1.09,1.15,1.0746,91842
2016-08-22,1.0496,1.101,1.13,1.0351,128192
2016-08-23,1.06,1.1036,1.12,1.0593,152026
2016-08-24,1.1,1.078,1.14,1.07,44884
2016-08-25,1.06,1.06,1.1,1.06,73445
2016-08-26,1.09,1.0611,1.0913,1.0567,33124
2016-08-29,1.11,1.1,1.11,1.04,54771
2016-08-30,1.1,1.058,1.1036,1.05,34132
2016-08-31,1.13,1.06,1.13,1.04,120282
2016-09-01,1.07,1.0954,1.0954,1.0542,77681
2016-09-02,1.1082,1.1,1.1082,1.0789,64072
2016-09-06,1.15,1.1754,1.1754,1.13,186249
2016-09-07,1.15,1.3125,1.3125,1.15,72957
2016-09-08,1.315,1.2496,1.3514,1.2417,118854
2016-09-09,1.2492,1.22,1.26,1.18,101233
2016-09-12,1.177,1.2091,1.2245,1.15,46117
2016-09-13,1.1988,1.23,1.25,1.1756,51264
2016-09-14,1.2338,1.25,1.2808,1.2104,36182
2016-09-15,1.2777,1.28,1.3265,1.2654,68398
2016-09-16,1.3,1.305,1.3067,1.25,176774
2016-09-19,1.2876,1.2916,1.32,1.2771,67387
2016-09-20,1.31,1.2455,1.31,1.2447,66374
2016-09-21,1.278,1.2626,1.278,1.21,55623
2016-09-22,1.28,1.269,1.2918,1.2411,87356
2016-09-23,1.266,1.25,1.29,1.227,51312
2016-09-26,1.251,1.26,1.28,1.25,56347
2016-09-27,1.277,1.27,1.29,1.25,59538
2016-09-28,1.28,1.2877,1.2877,1.2493,68909
2016-09-29,1.29,1.29,1.32,1.27,53670
2016-09-30,1.25,1.32,1.36,1.25,91135
2016-10-03,1.3534,1.44,1.46,1.35,253853
2016-10-04,1.4711,1.5554,1.57,1.4711,238097
2016-10-05,1.63,1.6929,1.711,1.58,288109
2016-10-06,1.7834,1.5269,1.84,1.4331,476716
2016-10-07,1.547,1.66,1.7035,1.5108,219320
2016-10-10,1.74,1.8,1.85,1.63,299363
2016-10-11,1.8539,1.8774,1.9,1.783,252995
2016-10-12,1.91,1.81,1.92,1.7169,325187
2016-10-13,1.81,1.76,1.84,1.72,206295
2016-10-14,1.7506,1.8149,1.85,1.7506,161924
2016-10-17,1.8609,1.93,1.93,1.8414,311935
2016-10-18,2.0007,2.2,2.2,1.95,717118
2016-10-19,2.28,2.3126,2.37,2.12,517321
2016-10-20,2.2418,2.26,2.33,2.2,274961
2016-10-21,2.2177,2.2033,2.2476,2.1533,139381
2016-10-24,2.19,2.16,2.225,2.11,238609
2016-10-25,2.11,1.9277,2.14,1.82,525083
2016-10-26,1.87,2.0204,2.0627,1.75,273864
2016-10-27,2.13,2.03,2.13,2.0,106134
2016-10-28,2.063,2.007,2.07,1.99,122835
2016-10-31,2.0414,2.1,2.1,1.9762,122988
2016-11-01,2.0922,2.0804,2.1108,2.04,105003
2016-11-02,2.08,1.988,2.1,1.98,119509
2016-11-03,2.0,1.8721,2.02,1.8488,183787
2016-11-04,1.84,1.8077,1.89,1.7344,218686
2016-11-07,1.92,1.9614,2.0,1.86,259087
2016-11-08,2.07,1.98,2.07,1.965,233203
2016-11-09,1.8754,1.9031,1.97,1.78,239658
2016-11-10,1.9383,2.02,2.0754,1.9094,248235
2016-11-11,2.13,2.31,2.3897,2.09,523090
2016-11-14,2.36,2.93,2.95,2.35,757156
2016-11-15,3.0802,2.8743,3.09,2.6,624599
2016-11-16,2.9042,2.55,3.3455,2.4692,937878
2016-11-17,2.685,2.8,2.9,2.5947,286819
2016-11-18,2.859,2.76,2.92,2.62,291299
2016-11-21,2.694,2.37,2.8,2.37,404666
2016-11-22,2.23,1.9592,2.27,1.7969,719410
2016-11-23,1.7733,2.47,2.4793,1.75,387421
2016-11-25,2.4936,2.4127,2.53,2.3677,109166
2016-11-28,2.4176,2.4,2.46,2.3098,126794
2016-11-29,2.432,2.3251,2.432,2.29,104851
2016-11-30,2.24,2.416,2.454,2.24,109574
2016-12-01,2.7,2.56,2.7,2.4958,192587
2016-12-02,2.639,2.668,2.668,2.57,97030
2016-12-05,2.6794,2.57,2.7108,2.5578,143247
2016-12-06,2.4933,2.45,2.55,2.33,198094
2016-12-07,2.45,2.59,2.63,2.3603,161182
2016-12-08,2.7,2.43,2.7,2.42,228994
2016-12-09,2.47,2.46,2.5,2.417,199236
2016-12-12,2.5,2.49,2.559,2.434,164163
2016-12-13,2.566,2.5808,2.7,2.4959,201070
2016-12-14,2.7,2.49,2.7,2.44,171318
2016-12-15,2.4923,2.4,2.4923,2.3944,119691
2016-12-16,2.45,2.3643,2.45,2.35,88348
2016-12-19,2.37,2.1361,2.37,2.11,236943
2016-12-20,2.1,2.21,2.25,1.9,290170
2016-12-21,2.2084,2.0826,2.2408,2.062,109962
2016-12-22,2.005,2.1177,2.15,2.0,121271
2016-12-23,2.1203,2.11,2.1517,2.0855,66880
2016-12-27,2.1615,2.2323,2.24,2.1131,139230
2016-12-28,2.161,2.16,2.21,2.1164,91986
2016-12-29,2.1459,2.15,2.2,2.113,85368
2016-12-30,2.17,2.1489,2.22,2.1489,167843
2017-01-03,1.9377,2.0439,2.0677,1.8617,471888
2017-01-04,2.03,2.0594,2.0902,2.0,103262
2017-01-05,2.087,2.11,2.16,2.07,174074
2017-01-06,2.1469,2.113,2.15,2.0992,104075
2017-01-09,2.109,2.14,2.152,2.09,164661
2017-01-10,2.092,2.1135,2.14,2.06,252386
2017-01-11,2.108,2.08,2.13,2.0602,153923
2017-01-12,2.08,2.0309,2.08,2.0,226341
2017-01-13,1.997,2.05,2.09,1.9811,269654
2017-01-17,2.004,2.06,2.1,1.9894,141189
2017-01-18,2.08,1.996,2.09,1.9851,192982
2017-01-19,1.96,1.95,2.02,1.94,121707
2017-01-20,1.9656,1.995,2.01,1.965,86025
2017-01-23,1.9999,1.9853,2.03,1.96,186038
2017-01-24,2.0,2.0471,2.17,1.99,234940
2017-01-25,2.07,2.06,2.08,2.0269,123594
2017-01-26,2.06,2.0963,2.12,2.06,91638
2017-01-27,2.1319,2.1331,2.15,2.09,93332
2017-01-30,2.1323,2.0701,2.135,2.04,162076
2017-01-31,2.048,2.0835,2.1,2.048,133402
2017-02-01,2.11,2.1377,2.1493,2.0738,65876
2017-02-02,2.1446,2.14,2.16,2.11,122906
2017-02-03,2.129,2.1303,2.15,2.1,180094
2017-02-06,2.1423,2.21,2.2195,2.1151,189658
2017-02-07,2.1912,2.2448,2.27,2.1754,142170
2017-02-08,2.2174,2.1025,2.33,2.03,373728
2017-02-09,2.05,2.0735,2.09,2.02,206052
2017-02-10,2.073,2.061,2.1,2.0309,364133
2017-02-13,2.05,2.0308,2.07,2.01,293991
2017-02-14,2.01,1.9754,2.025,1.9492,258186
2017-02-15,1.98,1.9701,2.01,1.9499,190559
2017-02-16,1.981,2.0877,2.1,1.95,239743
2017-02-17,2.1023,2.11,2.1244,2.08,163353
2017-02-21,2.13,2.0962,2.1329,2.08,169675
2017-02-22,2.1,2.0583,2.1143,2.0,148443
2017-02-23,2.0495,2.0325,2.07,2.01,109232
2017-02-24,2.01,1.9953,2.02,1.9416,231511
2017-02-27,1.9906,1.9937,2.05,1.97,95544
2017-02-28,2.0039,1.86,2.0096,1.85,205004
2017-03-01,1.9325,1.9317,1.9599,1.88,148067
2017-03-02,1.93,1.89,1.9531,1.87,110804
2017-03-03,1.892,1.91,1.941,1.85,87012
2017-03-06,1.92,1.8672,1.94,1.85,98752
2017-03-07,1.539,1.61,1.88,1.53,941059
2017-03-08,1.499,1.5,1.55,1.35,622470
2017-03-09,1.475,1.64,1.65,1.4383,286278
2017-03-10,1.7278,1.76,1.7677,1.6742,185578
2017-03-13,1.795,1.75,1.81,1.7291,87898
2017-03-14,1.7532,1.809,1.84,1.74,177922
2017-03-15,1.825,1.76,1.8292,1.76,80652
2017-03-16,1.76,1.78,1.8224,1.7473,71377
2017-03-17,1.7835,1.7731,1.81,1.75,73466
2017-03-20,1.78,1.6686,1.7848,1.6684,112307
2017-03-21,1.66,1.6,1.6682,1.54,187356
2017-03-22,1.6,1.59,1.62,1.54,70669
2017-03-23,1.65,1.7,1.7112,1.6,110414
2017-03-24,1.715,1.6764,1.73,1.65,64585
2017-03-27,1.8287,1.8304,1.85,1.77682,205285
2017-03-28,1.9463,1.92,1.99,1.8798,221518
2017-03-29,1.9439,1.9177,2.0,1.9,115924
2017-03-30,1.92,1.863,1.95,1.85,88671
2017-03-31,1.86,1.92,1.92,1.83,122945
2017-04-03,1.9193,1.93,1.97,1.8669,138562
2017-04-04,1.9071,1.966,1.97,1.88,94270
2017-04-05,1.9794,2.061,2.09,1.968,274252
2017-04-06,2.1054,2.21,2.22,2.097,288674
2017-04-07,2.25,2.3176,2.3762,2.2298,378664
2017-04-10,2.4038,2.6,2.63,2.34,690258
2017-04-11,2.6989,2.36,2.75,2.1,507494
2017-04-12,2.391,2.3444,2.455,2.22,226565
2017-04-13,2.385,2.1254,2.46,2.098,291137
2017-04-17,2.0738,2.0038,2.14,1.99,511544
2017-04-18,1.9468,1.9298,2.0,1.8556,256543
2017-04-19,1.935,2.12,2.22,1.93,312958
2017-04-20,2.19,2.05,2.2,1.99,182893
2017-04-21,2.1,2.0899,2.12,2.0622,88725
2017-04-24,2.105,2.07,2.14,2.05,125655
2017-04-25,2.0621,1.98,2.12,1.95,193821
2017-04-26,1.935,1.8954,1.98,1.88,117477
2017-04-27,1.87,1.84,1.915,1.82,130530
2017-04-28,1.815,1.8815,1.94,1.77,116894
2017-05-01,1.966,1.9998,2.02,1.9167,198138
2017-05-02,2.045,2.1,2.11,2.039,186734
2017-05-03,2.08,2.0782,2.1099,2.04,116821
2017-05-04,2.015,1.98,2.07,1.9573,139724
2017-05-05,1.93,1.9,1.96,1.89,139984
2017-05-08,1.931,1.9169,1.96,1.8991,85023
2017-05-09,1.89,1.8415,1.93,1.8209,121855
2017-05-10,1.8587,1.9509,1.9509,1.8,81350
2017-05-11,1.8465,1.98,1.99,1.8246,107102
2017-05-12,1.96,1.87,1.96,1.87,50475
2017-05-15,1.91,1.9256,1.9554,1.89,35782
2017-05-16,1.9426,1.9684,1.9702,1.9291,53872
2017-05-17,1.96,1.915992,1.98,1.9,50644
2017-05-18,1.901,1.9023,1.9379,1.86,35475
2017-05-19,1.9,1.9,1.95,1.8998,62328
2017-05-22,1.9,1.91,1.95,1.89,54197
2017-05-23,1.91,1.92,1.97,1.89,58014
2017-05-24,1.92,1.902,1.95,1.861,49214
2017-05-25,1.9,1.86,1.9,1.8442,44148
2017-05-26,1.8686,1.91,1.96,1.84,63642
2017-05-30,1.8859,1.84,1.92,1.83,69482
2017-05-31,1.8418,1.801,1.9,1.75,109669
2017-06-01,1.7152,1.73,1.797,1.68,84185
2017-06-02,1.745,1.7609,1.77,1.727,47915
2017-06-05,1.75,1.641,1.8034,1.641,93141
2017-06-06,1.662,1.5808,1.69,1.4987,231659
2017-06-07,1.54,1.6911,1.7099,1.49,197624
2017-06-08,1.701,1.6946,1.7377,1.6309,101620
2017-06-09,1.6889,1.7043,1.78,1.6624,66452
2017-06-12,1.7361,1.71,1.78,1.6854,56249
2017-06-13,1.73,1.68,1.75,1.661,56336
2017-06-14,1.71,1.6584,1.72,1.63,17506
2017-06-15,1.655,1.65,1.69,1.6109,55196
2017-06-16,1.64,1.6692,1.697,1.6,42979
2017-06-19,1.66,1.68,1.7075,1.64,33692
2017-06-20,1.695,1.6509,1.71,1.65,52983
2017-06-21,1.655,1.67,1.6937,1.61,24804
2017-06-22,1.735,1.7331,1.74,1.68,43074
2017-06-23,1.688,1.6899,1.72,1.65,33900
2017-06-26,1.72,1.6887,1.72,1.6634,54661
2017-06-27,1.675,1.6577,1.71,1.65,40221
2017-06-28,1.653,1.6718,1.7069,1.64,27701
2017-06-29,1.6758,1.68,1.7,1.65,14024
2017-06-30,1.6754,1.69,1.7,1.62,59931
2017-07-03,1.66,1.66,1.69,1.66,28026
2017-07-05,1.68,1.67,1.72,1.66,21449
2017-07-06,1.69,1.66,1.69,1.645,18178
2017-07-07,1.665,1.6309,1.6867,1.62,51219
2017-07-10,1.633,1.59,1.65,1.5877,65886
2017-07-11,1.584,1.5987,1.6477,1.58,23923
2017-07-12,1.591,1.7231,1.7284,1.5743,62969
2017-07-13,1.7,1.654,1.7277,1.654,22438
2017-07-14,1.6654,1.7028,1.73,1.66,42446
2017-07-17,1.7446,1.849,1.85,1.73,145136
2017-07-18,1.857128,1.9,1.91,1.8,98051
2017-07-19,1.9162,1.8466,1.93,1.8466,58743
2017-07-20,1.86,1.83,1.8931,1.8157,34727
2017-07-21,1.815,1.85,1.875,1.81,37590
2017-07-24,1.86,1.98,1.98,1.85,107849
2017-07-25,1.9785,1.98,2.0,1.93,104529
2017-07-26,1.967,2.0264,2.05,1.9509,134168
2017-07-27,2.0446,1.9739,2.08,1.9628,111423
2017-07-28,2.005,1.95,2.02,1.93,89286
2017-07-31,1.885,1.92,1.94,1.874,82284
2017-08-01,1.89,1.882,1.93,1.87,39808
2017-08-02,1.904,1.85,1.88,1.76,90629
2017-08-03,1.775,1.8,1.8258,1.76,67534
2017-08-04,1.766,1.7606,1.8,1.74,64233
2017-08-07,1.765,1.78,1.8,1.7577,45600
2017-08-08,1.8,1.8036,1.84,1.79,38856
2017-08-09,1.82,1.8071,1.86,1.782,47868
2017-08-10,1.808,1.8,1.81,1.77,30768
2017-08-11,1.7892,1.7696,1.8023,1.76,22261
2017-08-14,1.78,1.75,1.81,1.75,54096
2017-08-15,1.768,1.79,1.8,1.73,44172
2017-08-16,1.71,1.77,1.806,1.71,30773
2017-08-17,1.78,1.76,1.796,1.7583,31196
2017-08-18,1.71,1.7614,1.78,1.71,28381
2017-08-21,1.673,1.7053,1.7399,1.67,143321
2017-08-22,1.72,1.7073,1.75,1.69,10009
2017-08-23,1.72,1.75,1.76,1.7,35919
2017-08-24,1.74,1.7104,1.7573,1.7,46725
2017-08-25,1.72,1.7377,1.75,1.69,52109
2017-08-28,1.715,1.72,1.7599,1.715,32373
2017-08-29,1.71,1.7399,1.75,1.71,24053
2017-08-30,1.736,1.7055,1.74,1.69,36301
2017-08-31,1.74,1.77,1.7752,1.71,39670
2017-09-01,1.7762,1.76,1.79,1.7516,48929
2017-09-05,1.81,1.77,1.81,1.75,36072
2017-09-06,1.77,1.81,1.81,1.75,33376
2017-09-07,1.81,1.7983,1.813,1.776,31907
2017-09-08,1.81,1.81,1.87,1.7856,72370
2017-09-11,1.816,1.8258,1.85,1.8,37847
2017-09-12,1.855,1.927,1.95,1.84,98272
2017-09-13,1.93,1.889,2.0,1.864,79655
2017-09-14,1.8922,1.8675,1.9086,1.8675,39420
2017-09-15,2.0,2.1703,2.1703,1.98,550353
2017-09-18,2.15,2.292,2.46,2.15,520918
2017-09-19,2.33,2.349,2.3843,2.27,204783
2017-09-20,2.35,2.22,2.38,2.2123,195302
2017-09-21,2.207,2.1695,2.23,2.0926,157454
2017-09-22,2.1663,2.26,2.2734,2.1,149138
2017-09-25,2.275,2.2892,2.34,2.27,140612
2017-09-26,2.333,2.2781,2.3354,2.2593,76102
2017-09-27,2.3,2.2673,2.31,2.26,72593
2017-09-28,2.27,2.27,2.3,2.25,68737
2017-09-29,2.279,2.28,2.28,2.25,49910
2017-10-02,2.26,2.3627,2.3726,2.26,152003
2017-10-03,2.4028,2.34,2.4422,2.2601,182304
2017-10-04,2.3659,2.3599,2.3659,2.29,74922
2017-10-05,2.357,2.399,2.45,2.3574,169556
2017-10-06,2.425,2.37,2.45,2.26,263975
2017-10-09,2.4,2.5,2.5,2.4,131820
2017-10-10,2.44,2.46,2.48,2.371,216284
2017-10-11,2.455,2.48,2.5375,2.445,192302
2017-10-12,2.56,2.448,2.57,2.41,140173
2017-10-13,2.46,2.35,2.46,2.35,138362
2017-10-16,2.37,2.35,2.4192,2.34,125250
2017-10-17,2.35,2.23,2.355,2.1217,221507
2017-10-18,2.24,2.2997,2.3199,2.22,74933
2017-10-19,2.273,2.2169,2.29,2.18,96622
2017-10-20,2.175,2.2763,2.31,2.16,70642
2017-10-23,2.285,2.32,2.36,2.285,135129
2017-10-24,2.35,2.2913,2.3759,2.2913,58633
2017-10-25,2.29,2.2749,2.3395,2.26,118881
2017-10-26,2.295,2.24,2.36,2.23,72195
2017-10-27,2.26,2.18,2.2696,2.15,120351
2017-10-30,2.25,2.32,2.3417,2.24,283755
2017-10-31,2.32,2.3199,2.379,2.2874,194434
2017-11-01,2.32,2.3,2.34,2.27,110443
2017-11-02,2.285,2.28,2.3331,2.2737,77643
2017-11-03,2.29,2.3277,2.34,2.28,97970
2017-11-06,2.345,2.43,2.4408,2.33,285085
2017-11-07,2.425,2.4546,2.5699,2.36,581280
2017-11-08,2.5153,2.47,2.56,2.4409,265391
2017-11-09,2.46,2.44,2.5,2.4,167164
2017-11-10,2.44,2.559,2.56,2.42,425745
2017-11-13,2.606,2.919,2.949,2.56,773015
2017-11-14,2.98,2.81,3.15,2.6629,777011
2017-11-15,2.845,2.77,2.9821,2.7545,451575
2017-11-16,2.72,2.609,2.79,2.56,314944
2017-11-17,2.6,2.74,2.8,2.5575,288428
2017-11-20,2.81,2.7857,2.83,2.74,167469
2017-11-21,2.79,2.8048,2.84,2.76,177978
2017-11-22,2.85,2.853,2.87,2.8,188337
2017-11-24,2.88,2.77,2.9,2.7,248253
2017-11-27,2.8711,3.01,3.05,2.84,473265
2017-11-28,3.0,2.76,3.05,2.67,676452
2017-11-29,2.815,2.56289,2.815,2.47,438173
2017-11-30,2.5,2.62,2.7049,2.42089,361393
2017-12-01,2.65,2.63,2.7,2.62,172149
2017-12-04,2.6996,2.61,2.73,2.58,196588
2017-12-05,2.69,2.7,2.735,2.62,217562
2017-12-06,2.74,3.0,3.0045,2.6935,392916
2017-12-07,2.8043,2.79,2.95,2.73,364341
2017-12-08,2.87,2.949,3.0698,2.71,376232
2017-12-11,2.94,3.18,3.2033,2.94,427299
2017-12-12,3.225,3.21,3.299,3.0944,373643
2017-12-13,3.263,3.08,3.269,2.9962,441567
2017-12-14,3.01,3.07,3.17,3.04,282157
2017-12-15,3.135,2.93,3.15,2.8928,435157
2017-12-18,2.9252,2.86,3.05,2.8,461169
2017-12-19,3.0,2.989,3.0,2.8777,289774
2017-12-20,3.1,2.89,3.1,2.85,204390
2017-12-21,2.915,2.8773,2.95,2.8615,205242
2017-12-22,2.925,2.91,2.98,2.85,240793
2017-12-26,3.02,3.17,3.25,2.95,384665
2017-12-27,3.145,3.16,3.2,3.02,498701
2017-12-28,3.2,3.23,3.3048,3.145,745977
2017-12-29,3.297,3.2359,3.59,3.0,1375886
2018-01-02,3.535,3.6095,3.61,3.33,1002355
2018-01-03,3.685,3.945,4.0,3.67,1451437
2018-01-04,3.9,3.5669,4.0021,3.3,1887633
2018-01-05,3.41,3.8561,3.9023,3.3928,967024
2018-01-08,4.005,4.189,4.31099,3.963,1526363
2018-01-09,4.45,4.34,4.56,4.01,1694467
2018-01-10,4.385,4.0464,4.439,4.0464,821585
2018-01-11,4.08,3.7183,4.09,3.6202,1270570
2018-01-12,3.64,3.4463,3.645,3.2968,1295405
2018-01-16,3.94,4.0,4.1872,3.75,1011370
2018-01-17,4.0,3.979,4.1,3.85,420494
2018-01-18,3.98,3.91,3.98,3.87,242779
2018-01-19,3.915,3.879929,4.02,3.7918,296827
2018-01-22,3.99,3.8753,4.0,3.8543,639069
2018-01-23,3.95,4.06,4.06,3.85,724350
2018-01-24,4.1352,4.37,4.4129,4.1,1264044
2018-01-25,4.465,4.1999,4.49,4.131,1050840
2018-01-26,4.15,4.1901,4.3,4.02,589176
2018-01-29,4.3,4.1058,4.38,4.0004,671192
2018-01-30,3.98,3.8609,4.155,3.8324,599122
2018-01-31,3.951,3.92,4.07,3.83,355904
2018-02-01,3.96,3.45,4.0231,3.3817,1118128
2018-02-02,3.31,3.0564,3.34,2.8,1523501
2018-02-05,2.8655,3.2224,3.39,2.65,944812
2018-02-06,3.21,3.4873,3.51,3.2,548494
2018-02-07,3.7,3.3332,3.7,3.2408,648495
2018-02-08,3.27,3.156,3.42,3.1,353386
2018-02-09,3.2,3.30469,3.37,3.01,436382
2018-02-12,3.4488,3.3921,3.5025,3.3479,340018
2018-02-13,3.45,3.44,3.5,3.39,248717
2018-02-14,3.3926,3.4199,3.45,3.375,196250
2018-02-15,3.38,3.4375,3.46,3.3023,242493
2018-02-16,3.2725,3.23,3.3868,3.1982,310719
2018-02-20,3.38,3.4272,3.46,3.20009,334062
2018-02-21,3.45,3.326,3.49,3.32,169055
2018-02-22,3.29,3.2747,3.37,3.27,186539
2018-02-23,3.3,3.21,3.32,3.14,201967
2018-02-26,3.215,3.0876,3.2811,3.07,244538
2018-02-27,3.08,2.9482,3.12,2.75,676908
2018-02-28,2.925,3.079,3.08,2.329258,305359
2018-03-01,3.055,3.1,3.18,3.0271,139166
2018-03-02,3.1007,3.15,3.17,3.0,149372
2018-03-05,3.15,3.31099,3.32089,3.118183,186301
2018-03-06,3.45,3.293,3.53,3.2609,448286
2018-03-07,3.29,3.2535,3.3597,3.2001,189652
2018-03-08,3.29,3.3,3.3,3.2362,169326
2018-03-09,3.3,3.357,3.37,3.295,154764
2018-03-12,3.371,3.37,3.4,3.31,193287
2018-03-13,3.45,3.3562,3.45,3.34,134478
2018-03-14,3.36,3.344,3.36,3.3,118447
2018-03-15,3.339164,3.39,3.4,3.3,149086
2018-03-16,3.4,3.46,3.486,3.36,147706
2018-03-19,3.46,3.65,3.66,3.455,341514
2018-03-20,3.645,3.5793,3.7,3.531,215413
2018-03-21,3.6,3.4524,3.6398,3.42,198994
2018-03-22,3.434,3.25,3.509,3.23,314180
2018-03-23,3.54,3.33,3.595,3.2941,302576
2018-03-26,3.365,3.3148,3.432,3.2,235871
2018-03-27,3.345,3.18,3.38,3.15,164525
2018-03-28,3.167073,3.11,3.184,3.05,362935
2018-03-29,3.02,3.1156,3.22,3.02,160359
2018-04-02,3.105,3.05,3.18,2.99,292006
2018-04-03,3.005,2.87,3.15,2.82,316248
2018-04-04,2.72,2.908,2.96,2.62,578337
2018-04-05,2.998,2.9888,3.05,2.8687,221038
2018-04-06,2.975,2.864,2.9901,2.84,174658
2018-04-09,2.99,2.72,2.99,2.72,180574
2018-04-10,2.72,2.87,2.8984,2.57,305945
2018-04-11,2.88,2.85,2.91,2.775,138498
2018-04-12,2.862137,2.86,2.9,2.8,149155
2018-04-13,2.86,3.09,3.14,2.825,378517
2018-04-16,3.2,3.179,3.252,3.1,285468
2018-04-17,3.14,3.13,3.22,3.03,241443
2018-04-18,2.99,3.0992,3.13,2.99,131836
2018-04-19,3.03,3.0748,3.1,3.0,120575
2018-04-20,3.05,3.15,3.15,3.0,247182
2018-04-23,3.19,3.08,3.19,3.05,234454
2018-04-24,3.092779,3.079,3.22,3.01,277414
2018-04-25,3.15,3.0636,3.15,3.01,110733
2018-04-26,3.18,3.0,3.18,3.0,102933
2018-04-27,3.045,3.06,3.06,3.01,84266
2018-04-30,3.13,3.1427,3.1801,3.053938,265155
2018-05-01,3.157,3.0903,3.24,3.09,204919
2018-05-02,3.1,3.17,3.19,3.07,168962
2018-05-03,3.17,3.18,3.23,3.11,158323
2018-05-04,3.18,3.1886,3.27,3.156,202330
2018-05-07,3.2,3.396,3.409,3.17,276548
2018-05-08,3.39,3.36,3.48,3.26131,225204
2018-05-09,3.36,3.45,3.49,3.325,218001
2018-05-10,3.5,3.4797,3.539,3.42,279417
2018-05-11,3.49,3.3701,3.5,3.4,133087
2018-05-14,3.61,3.74,3.77,3.4406,418741
2018-05-15,3.77,3.68,3.77,3.5769,337775
2018-05-16,3.64,3.65,3.76,3.64,232006
2018-05-17,3.66,3.62,3.7395,3.58,228449
2018-05-18,3.6162,3.73,3.75,3.58,179077
2018-05-21,3.76,3.99,4.02,3.7431,612923
2018-05-22,3.9,3.85,3.96,3.82,529565
2018-05-23,3.75,3.8774,3.93,3.75,321369
2018-05-24,3.89,3.83,3.94,3.78,332103
2018-05-25,3.84,3.7755,3.91,3.66,252791
2018-05-29,3.79,3.85,3.87,3.774,412919
2018-05-30,3.85221,3.903,3.95,3.852,335980
2018-05-31,4.0,3.8983,4.0,3.8303,225234
2018-06-01,3.9034,3.79,3.98,3.78,374125
2018-06-04,3.85,3.86,3.93916,3.79,503674
2018-06-05,3.8958,4.25,4.25,3.875474,933579
2018-06-06,4.258,4.42,4.6,4.19,1536204
2018-06-07,4.57,4.45,4.57,4.21,1061551
2018-06-08,4.505,4.49,4.56,4.23,723162
2018-06-11,4.47,4.37,4.55,4.31,392167
2018-06-12,4.366,4.2,4.4391,4.2,475551
2018-06-13,4.215,4.2,4.274,4.16,406534
2018-06-14,4.25,4.1755,4.285,4.1501,312160
2018-06-15,4.165,4.0348,4.22,3.95,504832
2018-06-18,4.09,3.98,4.09,3.91,323897
2018-06-19,3.9,4.08736,4.15,3.9,350579
2018-06-20,4.35,4.3,4.3966,4.16,540808
2018-06-21,4.1782,4.32,4.417,4.1601,555704
2018-06-22,4.39,4.3,4.43,4.2,349671
2018-06-25,4.165,4.1281,4.3,4.0,372825
2018-06-26,4.18,4.01,4.26,3.999,315028
2018-06-27,3.99,3.7664,4.01,3.66,650451
2018-06-28,3.72,4.0444,4.0444,3.68,403878
2018-06-29,4.134,4.03065,4.18,3.95,256395
2018-07-02,4.115,4.05,4.18,4.04,247748
2018-07-03,4.09,3.993,4.09,3.96,109290
2018-07-05,3.96,4.0,4.06,3.95,273062
2018-07-06,4.0,3.98,4.03,3.95,138099
2018-07-09,4.09,3.873,4.09,3.86,211464
2018-07-10,3.86,3.8385,3.96,3.81,211232
2018-07-11,3.81,3.79,3.88,3.75,213808
2018-07-12,3.76,3.81,3.885,3.76,146269
2018-07-13,3.83,3.674,3.83,3.67,191727
2018-07-16,3.68,3.35,3.68,3.33,645786
2018-07-17,3.325,3.25077,3.4,3.25,467012
2018-07-18,3.26,3.56,3.62,3.20164,297788
2018-07-19,3.5,3.37,3.55,3.37,208879
2018-07-20,3.43,3.528,3.5387,3.32,157040
2018-07-23,3.525,3.5755,3.72,3.52,260914
2018-07-24,3.5685,3.5287,3.65,3.46,152809
2018-07-25,3.485,3.49,3.64,3.473,96383
2018-07-26,3.42,3.3518,3.5665,3.35,171817
2018-07-27,3.485,3.43,3.5,3.37,204218
2018-07-30,3.64,3.699872,3.781,3.51,512861
2018-07-31,3.7212,3.82,3.83,3.6103,604142
2018-08-01,3.9,3.976,4.1,3.86,692432
2018-08-02,4.0,3.92,4.09,3.88,339590
2018-08-03,3.74,3.89,3.9306,3.74,206869
2018-08-06,3.97,4.03,4.04,3.92,237779
2018-08-07,3.96,3.96,4.0583,3.93,239355
2018-08-08,4.0163,3.96,4.03,3.9419,229031
2018-08-09,4.02,3.9927,4.05,3.94,167773
2018-08-10,3.96,3.675,4.01,3.72,310401
2018-08-13,3.82,3.7,3.82,3.54,340269
2018-08-14,3.74,3.49,3.74,3.48,370769
2018-08-15,3.74,3.8661,3.9415,3.53,432291
2018-08-16,3.835,3.82,3.9396,3.73,329055
2018-08-17,3.86,3.85,3.91,3.76,236216
2018-08-20,3.9,4.01,4.14,3.86,634561
2018-08-21,4.03,4.11,4.25,4.02,691868
2018-08-22,4.15,4.26,4.27,4.02796,511467
2018-08-23,4.26,4.275,4.39,4.1643,665284
2018-08-24,4.375,4.5595,4.65,4.3184,1140935
2018-08-27,4.68252,4.52,4.8,4.51,1692643
2018-08-28,4.4688,4.71897,4.72,4.2,977362
2018-08-29,4.71,5.12,5.1774,4.67,1705610
2018-08-30,4.9402,5.02,5.2,4.8,1465921
2018-08-31,5.06,5.05,5.146,4.86,912377
2018-09-04,5.07,5.038,5.109,4.96,961012
2018-09-05,5.05,4.9457,5.105,4.8,948914
2018-09-06,5.0,5.14,5.14,4.8,903137
2018-09-07,5.1397,5.2,5.66,5.1063,1733084
2018-09-10,5.334,5.55,5.57,5.293,1088714
2018-09-11,5.64,5.93049,6.14,5.627126,4816685
2018-09-12,6.0,5.99,6.1,5.45,2761785
2018-09-13,6.1,5.32,6.14,5.27,2642465
2018-09-14,4.98,5.3,5.4799,4.8,2014337
2018-09-17,5.58,5.55,5.73,5.3,1116291
2018-09-18,5.815,5.86,6.0,5.71,2040814
2018-09-19,6.0,5.43,6.03,5.12,3387962
2018-09-20,5.77,5.7,5.82966,5.46,1734514
2018-09-21,5.624,5.494,5.74,5.45,1204124
2018-09-24,5.5,5.36,5.55,5.291,837080
2018-09-25,5.395,5.27,5.53,5.239451,876660
2018-09-26,5.96,5.27,5.96,5.2,613314
2018-09-27,5.24,5.04,5.35,5.03,848654
2018-09-28,5.05,5.3655,5.3755,4.97899,648488
2018-10-01,5.41,5.5,5.7,5.4,1156184
2018-10-02,5.482,5.272,5.6,5.16,783902
2018-10-03,5.35,5.43,5.46,5.191734,725723
2018-10-04,5.43,5.44,5.48,5.27,631260
2018-10-05,5.465,5.73,5.78,5.38,960053
2018-10-08,5.6,5.9,5.9,5.6,718278
2018-10-09,5.85,5.6,5.86,5.59,733205
2018-10-10,5.6,5.595,5.8,5.3401,714490
2018-10-11,5.45,5.48,5.58,5.337,483635
2018-10-12,5.56,5.76,5.7895,5.52,839727
2018-10-15,5.88,6.3,6.31,5.835,2186013
2018-10-16,6.578,5.67,6.68,5.62,2288978
2018-10-17,5.55,5.6085,5.8455,4.9417,1958599
2018-10-18,5.7449,5.49,5.9,5.49,616188
2018-10-19,5.58,5.154,5.698,5.026,928894
2018-10-22,5.12,4.58958,5.17,4.36,2436325
2018-10-23,3.99,4.28,4.65,3.89,2395487
2018-10-24,4.34,3.82,4.6,3.82,1218162
2018-10-25,3.74,4.3314,4.36,3.74,903643
2018-10-26,4.35,4.39,4.6,4.19265,753279
2018-10-29,4.5,4.0,4.5671,3.8,1199107
2018-10-30,3.9,4.0475,4.2,3.796,810689
2018-10-31,4.25,4.28768,4.4,4.098,697286
2018-11-01,4.37,4.45,4.4537,4.15,504650
2018-11-02,4.45,4.45,4.5871,4.39,484009
2018-11-05,4.455,4.843,4.924,4.35,561815
2018-11-06,4.85,4.93,5.14,4.67,849278
2018-11-07,5.13,5.09,5.29,4.95,691968
2018-11-08,5.05,4.67,5.05,4.6,648010
2018-11-09,4.63,4.416,4.65,4.3,446630
2018-11-12,4.571,4.15,4.67,4.15,426346
2018-11-13,4.22,4.077,4.32,4.05,316978
2018-11-14,4.05,4.12,4.288,3.71,898481
2018-11-15,4.12,4.39,4.543,4.0,743916
2018-11-16,4.385,4.25737,4.49,4.21,314511
2018-11-19,4.24,4.04,4.34,4.0,342923
2018-11-20,3.88,3.9197,4.14,3.7984,566035
2018-11-21,3.99,4.0843,4.18,3.94635,240697
2018-11-23,4.08,4.244,4.25,3.9677,112444
2018-11-26,4.23,4.05,4.31,4.01,395355
2018-11-27,3.86,3.926,4.0508,3.86,484038
2018-11-28,3.83,4.12,4.239,3.83,369938
2018-11-29,4.215,4.2705,4.3,4.0103,368300
2018-11-30,4.19,4.1667,4.26,4.06,292023
2018-12-03,4.25,3.97,4.3223,3.95,536669
2018-12-04,3.98,3.66299,4.015,3.6303,585515
2018-12-06,3.118,3.67,3.7,3.08,1005859
2018-12-07,3.925,3.6,4.0275,3.5176,853216
2018-12-10,3.598,3.55,3.73,3.4,500920
2018-12-11,3.605,3.72,3.78,3.5,551738
2018-12-12,3.73,3.6772,3.85,3.63,342827
2018-12-13,3.71,3.4969,3.8,3.45,369999
2018-12-14,3.53,3.69,3.75,3.4,527082
2018-12-17,3.6682,3.58,3.74,3.5101,456300
2018-12-18,3.58,3.57,3.64,3.4945,350934
2018-12-19,3.565,3.43,3.62,3.4219,302543
2018-12-20,3.3944,3.3569,3.5,3.25,460660
2018-12-21,3.29,3.2,3.34,3.11,506230
2018-12-24,3.107,3.16,3.28,3.03,354753
2018-12-26,3.15,3.2,3.2,2.97,305524
2018-12-27,3.24,3.12,3.24,3.06,458095
2018-12-28,3.15,3.43,3.5627,3.09,642652
2018-12-31,3.65,3.5681,3.6663,3.47,680327
2019-01-02,3.6,4.1809,4.1809,3.51,1007908
2019-01-03,4.075,4.1559,4.45,4.03,805534
2019-01-04,4.27,4.2798,4.43,4.16,432545
2019-01-07,4.35,4.2,4.41,4.1,556792
2019-01-08,4.252,4.12,4.34,4.0,528552
2019-01-09,4.29,4.429,4.43,4.125,509877
2019-01-10,4.4,4.59775,4.737,4.2459,724678
2019-01-11,4.6,4.79,4.85,4.3983,741009
2019-01-14,4.96,4.722,4.96,4.56,548999
2019-01-15,4.765,4.66049,4.87,4.62,588779
2019-01-16,4.7,4.76,4.84,4.68,307346
2019-01-17,4.705,4.695,4.8,4.68,330939
2019-01-18,4.7,4.7895,4.87,4.59,399175
2019-01-22,4.64,4.6795,4.73,4.568,452766
2019-01-23,4.56,4.6909,4.84627,4.56,338494
2019-01-24,4.76,4.61,4.82,4.597,316794
2019-01-25,4.68,4.5,4.768,4.44,678540
2019-01-28,4.645,5.3115,5.32,4.6,1992255
2019-01-29,5.4,5.57,5.62,5.22,1911799
2019-01-30,5.56,5.63,5.75,5.525,1172942
2019-01-31,5.68,5.9632,5.98,5.55,1024380
2019-02-01,6.05,6.0,6.1,5.88,1268975
2019-02-04,5.85,5.92864,6.2,5.82,1517192
2019-02-05,5.94,5.7253,5.96,5.52,1369750
2019-02-06,5.53,5.3627,5.63,5.31,1081180
2019-02-07,5.251,5.3076,5.5,5.12,805193
2019-02-08,5.312,4.975,5.45,4.96,827598
2019-02-11,5.091,5.1585,5.18,5.02,732761
2019-02-12,5.16,5.62,5.625,5.145023,1173094
2019-02-13,5.71,5.5785,5.8,5.43064,933625
2019-02-14,5.545,5.5307,5.6,5.326,530492
2019-02-15,5.54,5.72,5.73,5.54,593647
2019-02-19,5.405,5.76,5.79,5.375,736422
2019-02-20,5.935,5.9601,6.06,5.8,932716
2019-02-21,6.0,5.9304,6.05,5.9,680951
2019-02-22,6.0,5.9063,6.02,5.86,560191
2019-02-25,5.88,5.953,6.05,5.88,939183
2019-02-26,6.04,6.45,6.59,6.0,2412392
2019-02-27,6.31,6.3637,6.75,6.14,1678057
2019-02-28,6.53,6.42299,6.63,6.3255,1032743
2019-03-01,6.62,6.4997,6.62,6.318,827215
2019-03-04,6.484,6.82,6.86,6.42,1229100
2019-03-05,6.98,6.98,7.1007,6.74,1382772
2019-03-06,7.0,6.7519,7.08,6.65,1039652
2019-03-07,6.77,6.28,6.86,6.27959,1380857
2019-03-08,6.2,6.6,6.6,6.02,1105770
2019-03-11,6.676,6.68,6.79,6.535,599279
2019-03-12,6.87,6.75,6.88,6.65,832099
2019-03-13,6.8,6.68,6.95,6.61,654475
2019-03-14,6.7,6.68,6.82,6.596,352675
2019-03-15,6.68,6.76,6.77,6.59,491026
2019-03-18,6.794,6.897,6.95,6.78,827585
2019-03-19,7.11,6.97,7.11,6.9,733899
2019-03-20,6.955,7.27,7.47,6.85,1210964
2019-03-21,7.23,7.04,7.414,7.03,926596
2019-03-22,6.92,6.87,7.01293,6.63,961055
2019-03-25,6.75,6.76,6.89,6.5856,640071
2019-03-26,6.895,6.89,6.895,6.76,424516
2019-03-27,6.74,6.676,7.04,6.4432,729252
2019-03-28,6.68,6.5551,6.7,6.4233,758252
2019-03-29,6.58,6.77,6.81,6.555,535363
2019-04-01,7.04,7.07,7.07,6.77,834340
2019-04-02,7.067,7.3,7.38,6.999,1015880
2019-04-03,7.259,7.397,7.5255,7.2552,983703
2019-04-04,7.4,7.2456,7.53,7.17,602738
2019-04-05,7.19,7.2252,7.32732,7.16,577389
2019-04-08,7.49,7.15,7.49,7.103,703110
2019-04-09,7.1483,6.8484,7.15,6.7,1009496
2019-04-10,6.85,6.91,7.04,6.85,544319
2019-04-11,6.921,6.6362,7.06,6.5615,753477
2019-04-12,6.75,7.04,7.05,6.65,738941
2019-04-15,6.8,6.36,6.8961,6.35,1594042
2019-04-16,6.4,6.4695,6.68,6.17,720097
2019-04-17,6.69,6.65,6.73,6.505,504437
2019-04-18,6.88,6.56,6.88,6.5385,557407
2019-04-22,6.5912,6.78,6.78,6.55,640423
2019-04-23,6.8,6.697,6.86,6.65,366753
2019-04-24,6.674,6.62,6.81,6.5657,474704
2019-04-25,6.55,6.54736,6.7,6.5,311472
2019-04-26,6.7,6.53,6.7,6.45,404661
2019-04-29,6.75,7.2356,7.25,6.67,1334423
2019-04-30,7.424,7.45,7.66,7.26,2609580
2019-05-01,7.549,7.66,7.7242,7.42,1698059
2019-05-02,7.55,7.15,7.68,7.04,1628362
2019-05-03,7.15,7.2663,7.43,7.115,799947
2019-05-06,7.01,7.18,7.23856,6.91,862703
2019-05-07,7.18,6.9693,7.235,6.92,863969
2019-05-08,6.86,6.9524,7.08,6.86,485327
2019-05-09,6.925,6.7276,7.0,6.6612,972830
2019-05-10,6.767,7.078,7.0935,6.67,636067
2019-05-13,6.9,6.9,7.1076,6.7,986859
2019-05-14,6.9,7.0934,7.18,6.77,631328
2019-05-15,6.985,7.335,7.4555,6.95,882379
2019-05-16,7.33,7.758,7.76,7.3,1049762
2019-05-17,7.8,7.98,8.14,7.65,2064309
2019-05-20,8.07,8.35,8.36,8.04,2236651
2019-05-22,8.0,7.61,8.15,7.54,1566282
2019-05-23,7.5,7.22,7.59,7.15,1317073
2019-05-24,7.38,7.49,7.61,7.3333,1041755
2019-05-28,7.77,7.85,7.89,7.65,1197192
2019-05-29,7.76,7.69,7.8798,7.5007,860238
2019-05-30,7.71,7.55,7.8389,7.45,708395
2019-05-31,7.4,7.24,7.45,7.17,1044896
2019-06-03,7.3,6.86,7.41,6.7701,1493146
2019-06-04,6.99,7.43,7.46,6.95,962665
2019-06-05,7.6,7.33,7.65,7.221,750558
2019-06-06,7.39,7.21,7.39,7.0999,529382
2019-06-07,7.22,7.26,7.49,7.21,645708
2019-06-10,7.47,7.39,7.47,7.27,582395
2019-06-11,7.41,7.25,7.44,7.15,721561
2019-06-12,7.2,7.01,7.25,7.0,732613
2019-06-13,7.01,6.8,7.07,6.74,1076157
2019-06-14,6.75,6.27,6.75,6.24,1545076
2019-06-17,6.44,6.22,6.52,6.15,846831
2019-06-18,6.25,6.44,6.61,6.22,711090
2019-06-19,6.44,6.25,6.5,6.21,708109
2019-06-20,6.42,6.39,6.49,6.33,701851
2019-06-21,6.2,6.36,6.4,6.1,819485
2019-06-24,6.47,6.29,6.48,6.15,775624
2019-06-25,6.3,6.05,6.32,6.02,624000
2019-06-26,6.19,6.21,6.32,6.07,566745
2019-06-27,6.2,6.41,6.53,6.15,597780
2019-06-28,6.41,6.44,6.595,6.41,492526
2019-07-01,6.56,6.58,6.7,6.5,453395
2019-07-02,6.62,6.29,6.68,6.25,574416
2019-07-03,6.42,6.52,6.6,6.37,892445
2019-07-05,6.51,6.56,6.59,6.39,446789
2019-07-08,6.58,7.08,7.19,6.51,1830568
2019-07-09,7.29,6.92,7.31,6.77,2386970
2019-07-10,6.96,6.63,7.01,6.56,1491541
2019-07-11,6.68,6.28,6.7,6.21,1802845
2019-07-12,6.3,5.83,6.3158,5.77,3120481
2019-07-15,5.6,6.1,6.27,5.4,2530477
2019-07-16,6.15,6.61,6.62,6.04,1663744
2019-07-17,6.7,6.85,6.95,6.5723,1587554
2019-07-18,6.78,6.43,6.78,6.34,1343868
2019-07-19,6.49,6.33,6.539,6.27,740363
2019-07-22,6.39,6.27,6.39,6.09,932009
2019-07-23,6.27,6.07,6.36,6.03,1001182
2019-07-24,6.04,5.94,6.07,5.84,1175998
2019-07-25,5.94,5.83,6.09,5.79,809353
2019-07-26,5.94,5.9,6.0,5.8301,646553
2019-07-29,5.91,5.93,5.99,5.5747,1578874
2019-07-30,5.96,5.97,6.05,5.76,1025063
2019-07-31,6.02,5.99,6.06,5.92,756849
2019-08-01,6.0,5.65,6.02,5.63,1077486
2019-08-02,5.76,5.77,5.81,5.64,1055557
2019-08-05,5.75,5.58,5.77,5.5,965544
2019-08-06,5.65,5.66,5.83,5.54,985441
2019-08-07,5.65,5.57,5.66,5.45,781089
2019-08-08,5.64,5.68,5.72,5.57,589677
2019-08-09,5.7,5.66,5.75,5.52,553222
2019-08-12,5.6,5.47,5.6,5.47,640687
2019-08-13,5.5,5.57,5.5959,5.3701,915242
2019-08-14,5.44,5.37,5.5697,5.28,908044
2019-08-15,5.28,5.0,5.32,4.9,1683371
2019-08-16,5.0,5.15,5.24,5.0,864558
2019-08-19,5.17,5.02,5.2848,5.01,833471
2019-08-20,5.04,5.13,5.22,5.03,585330
2019-08-21,5.18,5.09,5.24,5.05,633488
2019-08-22,5.09,4.94,5.19,4.9,681638
2019-08-23,4.92,4.65,4.94,4.59,1504131
2019-08-26,4.65,4.49,4.68,4.4199,986125
2019-08-27,4.49,4.13,4.5,4.07,1891171
2019-08-28,4.08,4.26,4.3359,3.97,1303829
2019-08-29,4.33,4.26,4.44,4.24,755458
2019-08-30,4.3,4.21,4.37,4.16,467619
2019-09-03,4.19,4.3,4.35,4.11,651664
2019-09-04,4.4,4.31,4.48,4.26,600295
2019-09-05,4.36,4.77,4.8,4.34,1316469
2019-09-06,4.77,4.94,5.18,4.63,1479538
2019-09-09,5.07,4.71,5.14,4.6701,1086142
2019-09-10,4.7,4.75,4.82,4.56,588972
2019-09-11,4.77,4.73,4.95,4.7,637517
2019-09-12,4.62,4.54,4.7071,4.53,768081
2019-09-13,4.56,4.5,4.6,4.43,726187
2019-09-16,4.45,4.34,4.52,4.29,793218
2019-09-17,4.29,4.19,4.3881,4.15,947392
2019-09-18,4.18,4.22,4.3,4.15,643428
2019-09-19,4.22,4.16,4.3397,4.115,986587
2019-09-20,4.12,4.19,4.28,4.06,1194702
2019-09-23,4.15,4.18,4.25,4.13,844681
2019-09-24,4.25,3.92,4.35,3.9,1989170
2019-09-25,3.9,3.8,3.9,3.6,2253360
2019-09-26,3.85,3.69,3.8886,3.62,1440408
2019-09-27,3.73,3.67,3.7564,3.56,1473015
2019-09-30,3.7,3.44,3.7,3.41,1404157
2019-10-01,3.45,3.54,3.581,3.33,1197518
2019-10-02,3.51,3.58,3.75,3.2802,1507513
2019-10-03,3.59,3.56,3.6,3.36,2562946
2019-10-04,3.59,3.42,3.69,3.393,1677941
2019-10-07,3.35,3.22,3.39,3.2,1840706
2019-10-08,3.19,3.15,3.24,3.0929,1707644
2019-10-09,3.19,3.15,3.29,3.1,1008819
2019-10-10,3.08,2.72,3.08,2.71,3273222
2019-10-11,2.76,3.16,3.33,2.75,5920100
2019-10-14,3.1,3.26,3.33,2.91,3395631
2019-10-15,3.38,3.54,3.67,3.34,2833890
2019-10-16,3.6,3.44,3.6198,3.36,1667924
2019-10-17,3.55,3.73,3.76,3.46,1917638
2019-10-18,3.74,3.6,3.8,3.47,2107864
2019-10-21,3.6,3.56,3.67,3.39,1447783
2019-10-22,3.55,3.54,3.62,3.4703,828149
2019-10-23,3.52,3.6,3.65,3.42,1225961
2019-10-24,3.58,3.56,3.72,3.525,882388
2019-10-25,3.56,3.77,3.9254,3.47,1784799
2019-10-28,3.8,3.64,4.01,3.62,1596769
2019-10-29,3.64,3.39,3.65,3.39,1534238
2019-10-30,3.4,3.35,3.52,3.245,1636824
2019-10-31,3.33,3.33,3.37,3.19,1184226
2019-11-01,3.36,3.41,3.48,3.28,916571
2019-11-04,3.33,3.26,3.47,3.26,1301104
2019-11-05,3.35,3.45,3.49,3.2105,1580215
2019-11-06,3.48,3.7,3.74,3.45,2565711
2019-11-07,3.75,3.52,3.7574,3.46,1928270
2019-11-08,3.52,3.66,3.77,3.5148,2194528
2019-11-11,3.7,3.39,3.71,3.35,3174770
2019-11-12,2.79,2.73,3.09,2.7,8725401
2019-11-13,2.75,2.51,2.84,2.43,4540776
2019-11-14,2.44,2.47,2.5728,2.29,4290527
2019-11-15,2.49,2.29,2.52,2.25,3467974
2019-11-18,2.29,2.06,2.315,2.02,4689406
2019-11-19,2.03,2.32,2.39,2.0,3631203
2019-11-20,2.35,2.46,2.57,2.27,6209404
2019-11-21,2.59,2.86,3.15,2.52,9133074
2019-11-22,2.87,2.64,2.88,2.59,4677370
2019-11-25,2.54,2.53,2.86,2.45,4430805
2019-11-26,2.43,2.54,2.5967,2.35,3163844
2019-11-27,2.54,2.7,2.74,2.49,2735497
2019-11-29,2.73,2.69,2.73,2.6,1644202
2019-12-02,2.69,2.69,2.704,2.55,2423762
2019-12-03,2.62,2.83,2.87,2.59,3087734
2019-12-04,2.73,2.57,2.765,2.57,3665400
2019-12-05,2.59,2.62,2.64,2.51,2364972
2019-12-06,2.62,2.59,2.65,2.54,1564942
2019-12-09,2.59,2.69,2.73,2.59,3675290
2019-12-10,2.68,2.58,2.71,2.58,1920469
2019-12-11,2.59,2.56,2.62,2.5399,1508098
2019-12-12,2.57,2.57,2.61,2.51,2821027
2019-12-13,2.62,2.59,2.7089,2.56,2343704
2019-12-16,2.6,2.56,2.64,2.54,2175942
2019-12-17,2.54,2.53,2.582,2.44,2023111
2019-12-18,2.54,2.36,2.54,2.34,2934192
2019-12-19,2.38,2.44,2.505,2.33,2968617
2019-12-20,2.46,2.38,2.46,2.32,1977592
2019-12-23,2.35,2.47,2.53,2.31,3142820
2019-12-24,2.46,2.51,2.52,2.41,1181726
2019-12-26,2.47,2.34,2.51,2.34,1971473
2019-12-27,2.41,2.35,2.44,2.29,3610336
2019-12-30,2.3,2.23,2.36,2.2,3950794
2019-12-31,2.23,2.45,2.48,2.2245,5133646
2020-01-02,2.5,2.33,2.5,2.3,2110045
2020-01-03,2.34,2.27,2.3894,2.26,1386466
2020-01-06,2.28,2.18,2.29,2.12,2721200
2020-01-07,2.18,2.06,2.22,2.03,2294885
2020-01-08,2.06,2.13,2.25,1.98,2911211
2020-01-09,2.09,2.1,2.1894,2.05,2223308
2020-01-10,2.1,2.02,2.11,2.0,1926267
2020-01-13,1.95,2.23,2.27,1.89,3681103
2020-01-14,2.2,2.16,2.26,2.05,6189551
2020-01-15,2.76,3.14,3.25,2.62,23330278
2020-01-16,3.36,3.4,3.64,3.15,17123696
2020-01-17,3.38,3.26,3.47,3.18,7760535
2020-01-21,3.35,3.01,3.35,2.98,8774835
2020-01-22,3.02,2.92,3.04,2.85,6612975
2020-01-23,2.95,2.89,2.98,2.83,4128066
2020-01-24,2.95,2.76,2.96,2.71,4326423
2020-01-27,2.59,2.61,2.7,2.46,3041450
2020-01-28,2.66,2.72,2.81,2.62,3455946
2020-01-29,2.83,2.72,2.83,2.67,2327349
2020-01-30,2.69,2.63,2.74,2.57,2217393
2020-01-31,2.61,2.59,2.63,2.51,2195112
2020-02-03,2.61,2.53,2.6168,2.49,2625185
2020-02-04,2.57,2.61,2.63,2.52,2757118
2020-02-05,2.65,2.53,2.66,2.52,3069135
2020-02-06,2.52,2.35,2.54,2.35,3516717
2020-02-07,2.31,2.27,2.34,2.21,2961875
2020-02-10,2.28,2.31,2.34,2.235,2246077
2020-02-11,2.29,2.32,2.37,2.23,3672556
2020-02-12,2.35,2.21,2.3567,2.2,2788486
2020-02-13,2.19,2.4,2.4,2.18,4470943
2020-02-14,2.58,2.72,2.72,2.43,9195335
2020-02-18,2.7,2.68,2.85,2.58,4856937
2020-02-19,2.69,2.65,2.76,2.61,2503334
2020-02-20,2.66,2.68,2.8,2.65,3464646
2020-02-21,2.69,2.68,2.7301,2.62,2425574
2020-02-24,2.52,2.5,2.62,2.47,3717090
2020-02-25,2.52,2.4,2.59,2.33,4000967
2020-02-26,2.35,2.35,2.48,2.33,4019561
2020-02-27,2.27,2.22,2.3299,2.09,4376181
2020-02-28,2.07,2.2,2.22,2.0,4520156
2020-03-02,2.23,2.26,2.29,2.13,4220659
2020-03-03,2.28,2.13,2.3201,2.09,3837745
2020-03-04,2.2,2.18,2.28,2.125,4676265
2020-03-05,2.14,2.09,2.23,2.05,3667820
2020-03-06,1.99,1.97,2.08,1.93,6414101
2020-03-09,1.87,1.77,1.92,1.7,3899254
2020-03-10,1.92,1.86,1.94,1.75,4559405
2020-03-11,1.82,1.72,1.91,1.67,5183999
2020-03-12,1.51,1.44,1.565,1.41,4699841
2020-03-13,1.55,1.64,1.64,1.46,4261143
2020-03-16,1.49,1.6,1.72,1.41,3722269
2020-03-17,1.66,1.7,1.74,1.5,3007713
2020-03-18,1.59,1.54,1.68,1.46,3420654
2020-03-19,1.48,1.53,1.64,1.48,2995295
2020-03-20,1.58,1.57,1.68,1.54,3514522
2020-03-23,1.65,1.5,1.67,1.47,3728933
2020-03-24,1.59,1.63,1.65,1.5323,3932282
2020-03-25,1.64,1.77,1.95,1.64,4368815
2020-03-26,1.82,1.95,2.1,1.809,5746049
2020-03-27,2.0,2.1,2.15,1.9625,4656371
2020-03-30,2.14,2.03,2.16,1.91,4778318
2020-03-31,2.0,2.0,2.1,1.94,3210686
2020-04-01,1.93,1.8,1.95,1.78,2394806
2020-04-02,1.82,1.82,1.905,1.77,1776779
2020-04-03,1.84,1.62,1.8499,1.6,3493528
2020-04-06,1.71,1.71,1.7888,1.677,2759743
2020-04-07,1.79,1.72,1.8262,1.7,2539750
2020-04-08,1.76,1.83,1.95,1.7,3728059
2020-04-09,1.91,1.84,1.94,1.82,4228220
2020-04-13,1.86,1.81,1.9,1.71,3820942
2020-04-14,1.62,1.595,1.73,1.56,7737866
2020-04-15,1.6,1.57,1.6066,1.52,3213029
2020-04-16,1.6,1.51,1.6,1.49,3616067
2020-04-17,1.55,1.59,1.62,1.54,3197848
2020-04-20,1.53,1.57,1.64,1.52,4054492
2020-04-21,1.55,1.55,1.58,1.5,2772276
2020-04-22,1.54,1.52,1.5894,1.49,3269722
2020-04-23,1.55,1.52,1.56,1.49,2702377
2020-04-24,1.52,1.58,1.59,1.49,2975743
2020-04-27,1.61,1.69,1.71,1.58,4283359
2020-04-28,1.74,1.61,1.76,1.56,4353454
2020-04-29,1.62,1.63,1.67,1.57,5408957
2020-04-30,1.6,1.58,1.66,1.53,4365093
2020-05-01,1.56,1.5,1.56,1.47,4272876
2020-05-04,1.52,1.53,1.55,1.473,3006849
2020-05-05,1.55,1.49,1.57,1.49,2599063
2020-05-06,1.5174,1.46,1.525,1.45,3140007
2020-05-07,1.48,1.47,1.5,1.46,1972067
2020-05-08,1.49,1.45,1.52,1.45,1945433
2020-05-11,1.41,1.41,1.45,1.4,3467219
2020-05-12,1.41,1.31,1.43,1.31,4355490
2020-05-13,1.3,1.17,1.31,1.13,5536871
2020-05-14,1.15,1.26,1.26,1.09,5014696
2020-05-15,1.31,1.45,1.46,1.28,7567272
2020-05-18,1.53,1.62,1.65,1.5,8814820
2020-05-19,1.67,1.56,1.7,1.48,8628575
2020-05-20,1.6,1.54,1.6,1.48,7312061
2020-05-21,1.58,1.58,1.64,1.5,8079395
2020-05-22,1.6,1.65,1.69,1.51,12794722
2020-05-26,1.79,1.72,1.8,1.65,8806351
2020-05-27,1.78,1.69,1.7974,1.58,7511171
2020-05-28,1.71,1.87,1.98,1.68,15539444
2020-05-29,1.76,1.74,1.8487,1.67,9983518
2020-06-01,1.75,1.82,1.84,1.69,6316651
2020-06-02,1.87,1.8,1.87,1.72,10433024
2020-06-03,1.79,1.8,1.92,1.76,10748917
2020-06-04,1.8,1.75,1.84,1.732,7135830
2020-06-05,1.79,1.76,1.81,1.75,5771039
2020-06-08,1.83,2.03,2.08,1.79,15593125
2020-06-09,2.05,2.14,2.23,1.9984,12161649
2020-06-10,2.31,2.18,2.36,2.13,12358549
2020-06-11,2.04,1.82,2.09,1.81,8553059
2020-06-12,2.0,1.99,2.03,1.89,5496616
2020-06-15,1.86,1.97,2.0,1.8,7655378
2020-06-16,2.05,1.97,2.07,1.93,7188696
2020-06-17,1.98,1.91,1.98,1.87,4544632
2020-06-18,1.9,1.95,2.0,1.8701,5628517
2020-06-19,1.96,1.89,1.98,1.85,4968178
2020-06-22,1.89,1.86,1.92,1.84,3777896
2020-06-23,1.87,1.88,2.0,1.84,7138956
2020-06-24,1.87,1.8,1.88,1.71,7306089
2020-06-25,1.77,1.75,1.78,1.69,5540236
2020-06-26,1.74,1.67,1.75,1.64,4629900
2020-06-29,1.67,1.64,1.72,1.57,4626217
2020-06-30,1.65,1.56,1.67,1.56,4412050
2020-07-01,1.59,1.62,1.67,1.58,2693897
2020-07-02,1.65,1.62,1.66,1.58,3165863
2020-07-06,1.51,1.56,1.6,1.41,6138496
2020-07-07,1.56,1.59,1.64,1.55,2883337
2020-07-08,1.63,1.54,1.64,1.53,3633698
2020-07-09,1.54,1.49,1.57,1.47,2427001
2020-07-10,1.5,1.53,1.55,1.47,2756392
2020-07-13,1.56,1.51,1.63,1.5,6069340
2020-07-14,1.5,1.52,1.55,1.47,2677756
2020-07-15,1.55,1.58,1.63,1.53,4668743
2020-07-16,1.59,1.55,1.6,1.51,2915937
2020-07-17,1.57,1.56,1.59,1.52,3458371
2020-07-20,1.58,1.52,1.58,1.49,3481048
2020-07-21,1.42,1.38,1.46,1.36,8525238
2020-07-22,1.39,1.37,1.4,1.35,3684960
2020-07-23,1.37,1.32,1.37,1.28,3937585
2020-07-24,1.3,1.34,1.34,1.26,2500993
2020-07-27,1.34,1.33,1.38,1.32,2112782
2020-07-28,1.34,1.36,1.4,1.33,5134997
2020-07-29,1.37,1.31,1.38,1.3,3340043
2020-07-30,1.31,1.28,1.31,1.27,2904907
2020-07-31,1.29,1.23,1.31,1.21,4245717
2020-08-03,1.23,1.28,1.28,1.2,2712615
2020-08-04,1.27,1.3,1.31,1.25,2592839
2020-08-05,1.32,1.31,1.32,1.29,1388637
2020-08-06,1.29,1.25,1.3,1.23,2177119
2020-08-07,1.26,1.27,1.27,1.24,2136132
2020-08-10,1.27,1.34,1.34,1.25,4166306
2020-08-11,1.35,1.33,1.395,1.32,2991586
2020-08-12,1.33,1.35,1.4,1.33,2337544
2020-08-13,1.34,1.39,1.42,1.33,2544478
2020-08-14,1.41,1.47,1.48,1.36,5504156
2020-08-17,1.47,1.45,1.53,1.43,4554394
2020-08-18,1.44,1.46,1.47,1.42,2444217
2020-08-19,1.45,1.37,1.48,1.37,2306154
2020-08-20,1.38,1.33,1.39,1.3,2521071
2020-08-21,1.31,1.29,1.32,1.27,1848256
2020-08-24,1.29,1.28,1.3,1.25,2345564
2020-08-25,1.27,1.29,1.315,1.25,1618341
2020-08-26,1.29,1.27,1.3,1.25,981215
2020-08-27,1.27,1.26,1.2879,1.24,1683235
2020-08-28,1.25,1.28,1.325,1.25,3162062
2020-08-31,1.28,1.26,1.3,1.23,2701372
2020-09-01,1.25,1.23,1.26,1.21,1741831
2020-09-02,1.22,1.18,1.232,1.16,2935765
2020-09-03,1.17,1.15,1.2,1.11,2711736
2020-09-04,1.14,1.15,1.16,1.05,2668380
2020-09-08,1.14,1.12,1.15,1.1,1689712
2020-09-09,1.12,1.09,1.14,1.09,1405293
2020-09-10,1.1,1.13,1.14,1.08,2187876
2020-09-11,1.12,1.06,1.15,1.06,1820042
2020-09-14,1.08,1.07,1.1,1.06,1576989
2020-09-15,1.08,1.075,1.08,1.04,2029846
2020-09-16,1.08,1.16,1.19,1.07,3995359
2020-09-17,1.14,1.13,1.17,1.11,1947781
2020-09-18,1.14,1.14,1.16,1.11,2036984
2020-09-21,1.12,1.19,1.25,1.09,4289113
2020-09-22,1.2,1.19,1.24,1.14,3828512
2020-09-23,1.18,1.11,1.1963,1.09,2537778
2020-09-24,1.1,1.08,1.11,1.05,1739016
2020-09-25,1.08,1.05,1.08,1.04,1918461
2020-09-28,1.07,1.01,1.07,1.01,2476932
2020-09-29,1.01,1.05,1.09,1.01,2193106
2020-09-30,1.04,1.05,1.095,1.04,1838653
2020-10-01,1.05,1.05,1.07,1.04,1759620
2020-10-02,1.02,1.03,1.055,1.02,1162306
2020-10-05,1.03,1.07,1.09,1.02,3378001
2020-10-06,1.08,1.06,1.12,1.05,2698513
2020-10-07,1.06,1.13,1.16,1.05,4146335
2020-10-08,1.13,1.26,1.29,1.13,5881828
2020-10-09,1.32,1.21,1.35,1.17,6332422
2020-10-12,1.2,1.24,1.29,1.18,3695820
2020-10-13,1.26,1.27,1.28,1.19,2661355
2020-10-14,1.27,1.2,1.27,1.18,2051618
2020-10-15,1.16,1.19,1.21,1.15,1625766
2020-10-16,1.2,1.18,1.21,1.16,2318666
2020-10-19,1.18,1.25,1.2889,1.16,4651971
2020-10-20,1.27,1.22,1.27,1.2,2999062
2020-10-21,1.22,1.24,1.28,1.2,3382045
2020-10-22,1.25,1.25,1.3,1.22,3373961
2020-10-23,1.27,1.26,1.28,1.23,2546437
2020-10-26,1.24,1.22,1.26,1.2,2572474
2020-10-27,1.21,1.22,1.25,1.2,1676318
2020-10-28,1.2,1.19,1.25,1.18,2130787
2020-10-29,1.19,1.22,1.23,1.17,2199660
2020-10-30,1.2,1.2,1.23,1.15,2740254
2020-11-02,1.22,1.32,1.35,1.2,6526973
2020-11-03,1.34,1.34,1.39,1.25,5896796
2020-11-04,1.3,1.24,1.34,1.22,4169103
2020-11-05,1.335,1.4,1.44,1.255,12891813
2020-11-06,1.5,1.65,1.97,1.49,31549601
2020-11-09,1.96,1.6,2.1,1.57,19367768
2020-11-10,1.3545,1.23,1.36,1.22,18452771
2020-11-11,1.225,1.23,1.26,1.2,9280671
2020-11-12,1.22,1.15,1.24,1.13,13107200
2020-11-13,1.17,1.13,1.1785,1.11,16746248
2020-11-16,1.16,1.13,1.18,1.11,7721837
2020-11-17,1.13,1.18,1.18,1.13,5773372
2020-11-18,1.17,1.13,1.19,1.13,5868425
2020-11-19,1.13,1.12,1.14,1.11,6722270
2020-11-20,1.12,1.12,1.1238,1.08,8313915
2020-11-23,1.12,1.12,1.1319,1.07,10820896
2020-11-24,1.18,1.22,1.25,1.14,15938705
2020-11-25,1.2,1.22,1.23,1.15,6992657
2020-11-27,1.23,1.33,1.35,1.21,13105724
2020-11-30,1.34,1.41,1.43,1.22,32303164
2020-12-01,1.45,1.28,1.47,1.26,18868440
2020-12-02,1.3,1.4,1.4,1.28,13087644
2020-12-03,1.3981,1.5,1.52,1.35,19817876
2020-12-04,1.503,1.45,1.57,1.43,19664069
2020-12-07,1.43,1.46,1.53,1.38,13351989
2020-12-08,1.45,1.46,1.5,1.42,6380194
2020-12-09,1.48,1.37,1.48,1.33,8542041
2020-12-10,1.34,1.39,1.4,1.33,5410963
2020-12-11,1.38,1.37,1.4,1.34,4579187
2020-12-14,1.37,1.29,1.38,1.29,6280717
2020-12-15,1.31,1.42,1.42,1.28,8529352
2020-12-16,1.44,1.43,1.45,1.35,7759118
2020-12-17,1.4,1.42,1.45,1.36,4268452
2020-12-18,1.4,1.38,1.47,1.38,5459457
2020-12-21,1.36,1.34,1.38,1.31,5136637
2020-12-22,1.35,1.37,1.39,1.32,4232859
2020-12-23,1.38,1.46,1.52,1.34,13183733
2020-12-24,1.47,1.42,1.49,1.39,4407946
2020-12-28,1.42,1.4,1.47,1.39,4149413
2020-12-29,1.4,1.36,1.42,1.33,5830763
2020-12-30,1.36,1.37,1.4,1.34,4378259
2020-12-31,1.37,1.33,1.37,1.31,4913741
2021-01-04,1.36,1.46,1.46,1.33,8661011
2021-01-05,1.49,1.55,1.55,1.44,9023622
2021-01-06,1.68,1.7,1.85,1.64,25943954
2021-01-07,1.84,1.71,1.89,1.66,19096865
2021-01-08,1.74,1.7,1.75,1.59,11434397
2021-01-11,1.71,1.77,1.83,1.69,14315124
2021-01-12,1.56,1.58,1.66,1.51,20711397
2021-01-13,1.59,1.65,1.67,1.57,11830958
2021-01-14,1.68,1.8,1.82,1.67,19955071
2021-01-15,1.86,1.8,2.0,1.76,21183426
2021-01-19,1.85,1.83,1.87,1.7,12141449
2021-01-20,1.8,1.8,1.8499,1.71,10216194
2021-01-21,1.79,1.74,1.8099,1.7,10160709
2021-01-22,1.71,1.72,1.75,1.66,6316305
2021-01-25,1.75,1.63,1.79,1.61,14622300
2021-01-26,1.66,1.82,1.84,1.63,19710609
2021-01-27,1.71,1.77,1.895,1.7,14866765
2021-01-28,1.75,1.91,2.13,1.75,27496872
2021-01-29,1.9019,1.83,2.0,1.77,22741523
2021-02-01,1.88,1.82,1.9,1.76,11336365
2021-02-02,1.83,1.95,1.96,1.79,16481881
2021-02-03,2.04,2.36,2.5,2.02,54115327
2021-02-04,2.4,2.41,2.58,2.24,22903617
2021-02-05,2.48,2.34,2.48,2.31,13211336
2021-02-08,2.54,3.3,3.37,2.48,55915456
2021-02-09,3.55,4.37,4.975,3.4,127177808
2021-02-10,5.9,6.0,6.31,4.74,143205030
2021-02-11,6.45,3.67,6.45,3.56,137509070
2021-02-12,3.4,3.75,4.6,3.14,97561404
2021-02-16,4.06,4.18,4.25,3.85,36050263
2021-02-17,3.92,3.73,4.0,3.65,24542443
2021-02-18,3.68,3.41,3.835,3.37,20042895
2021-02-19,3.48,3.52,3.69,3.385,17030330
2021-02-22,3.39,3.26,3.57,3.26,16447182
2021-02-23,3.0,3.04,3.07,2.59,22542809
2021-02-24,3.12,3.36,3.43,3.05,12721692
2021-02-25,3.43,3.08,3.43,3.04,15939630
2021-02-26,3.04,3.03,3.21,2.92,11149529
2021-03-01,3.16,3.15,3.23,3.04,9918320
2021-03-02,3.21,3.2,3.535,3.17,14106548
2021-03-03,3.27,3.06,3.3,2.97,10703047
2021-03-04,3.05,2.82,3.07,2.62,15248089
2021-03-05,2.88,2.68,2.88,2.38,12017259
2021-03-08,2.77,2.83,2.92,2.63,7603739
2021-03-09,2.92,3.09,3.19,2.88,11699941
2021-03-10,3.24,2.89,3.25,2.81,14577146
2021-03-11,3.98,4.04,4.04,3.56,99393351
2021-03-12,3.78,4.44,4.55,3.71,61314490
2021-03-15,4.38,4.4,4.68,4.16,40940231
2021-03-16,4.43,4.09,4.54,3.93,21100230
2021-03-17,3.92,4.15,4.2,3.9,11615004
2021-03-18,4.11,3.84,4.2798,3.81,16009805
2021-03-19,3.91,3.99,4.035,3.79,11607996
2021-03-22,4.0,3.78,4.06,3.73,11024432
2021-03-23,3.71,3.65,3.82,3.55,12658284
2021-03-24,3.65,3.5,3.72,3.47,11966950
2021-03-25,3.33,3.66,3.685,3.31,10653138
2021-03-26,3.69,3.5,3.7,3.385,9284010
2021-03-29,3.53,3.31,3.68,3.3,11753439
2021-03-30,3.26,3.41,3.44,3.22,7292434
2021-03-31,3.53,3.47,3.58,3.43,8797093
2021-04-01,3.55,3.44,3.58,3.39,7367370
2021-04-05,3.5132,3.49,3.53,3.36,7978932
2021-04-06,3.5,3.3,3.51,3.26,11361972
2021-04-07,3.29,3.16,3.3,3.14,7534093
2021-04-08,3.2,3.15,3.26,3.08,7611055
2021-04-09,3.15,3.05,3.26,3.05,8396638
2021-04-12,3.0,2.77,3.02,2.75,17726717
2021-04-13,2.47,2.915,2.92,2.44,17528497
2021-04-14,2.75,2.6,2.8,2.57,12645165
2021-04-15,2.65,2.48,2.7,2.45,10115516
2021-04-16,2.47,2.52,2.58,2.36,10409826
2021-04-19,2.48,2.6,2.72,2.44,11242436
2021-04-20,2.6527,2.34,2.67,2.32,12285153
2021-04-21,2.3,2.55,2.55,2.26,6659390
2021-04-22,2.55,2.52,2.62,2.46,7480531
2021-04-23,2.52,2.64,2.65,2.49,5526315
2021-04-26,2.68,2.7,2.73,2.5799,5781815
2021-04-27,2.74,2.62,2.7824,2.6,5737796
2021-04-28,2.62,2.86,2.89,2.5518,9432022
2021-04-29,2.86,2.73,2.87,2.64,8321849
2021-04-30,2.67,2.655,2.78,2.6139,5950136
2021-05-03,2.65,2.53,2.65,2.5,6933729
2021-05-04,2.48,2.56,2.5623,2.39,5974946
2021-05-05,2.53,2.6,2.62,2.48,6356975
2021-05-06,2.56,2.44,2.62,2.42,7144912
2021-05-07,2.46,2.75,2.8,2.45,12099681
2021-05-10,2.74,2.51,2.78,2.5,10812284
2021-05-11,2.45,2.64,2.67,2.4,6679597
2021-05-12,2.61,2.51,2.685,2.5,6257549
2021-05-13,2.5466,2.43,2.64,2.3716,6893012
2021-05-14,2.42,2.42,2.52,2.38,6442265
2021-05-17,2.43,2.58,2.62,2.41,5392011
2021-05-18,2.5852,2.69,2.75,2.56,4926868
2021-05-19,2.61,2.64,2.66,2.55,4292264
2021-05-20,2.64,2.67,2.72,2.59,3840049
2021-05-21,2.71,2.73,2.76,2.65,4003768
2021-05-24,2.69,2.69,2.72,2.61,3932007
2021-05-25,2.69,2.73,2.83,2.69,7233624
2021-05-26,2.71,2.82,2.86,2.655,6050574
2021-05-27,2.88,2.9,2.9,2.77,5794468
2021-05-28,2.91,3.21,3.24,2.89,22135837
2021-06-01,3.17,2.94,3.2,2.92,13834012
2021-06-02,2.98,3.19,3.19,2.97,9654992
2021-06-03,3.22,3.24,3.45,3.21,12900776
2021-06-04,3.3147,3.08,3.318,3.06,6680987
2021-06-07,3.11,3.24,3.28,3.06,6576073
2021-06-08,3.2639,3.26,3.29,3.13,6693490
2021-06-09,3.25,3.27,3.52,3.2121,12254060
2021-06-10,3.3,3.16,3.3502,3.1,6353939
2021-06-11,3.17,3.18,3.25,3.15,5061846
2021-06-14,3.17,3.14,3.3,3.09,5809511
2021-06-15,3.11,3.08,3.21,3.05,5641851
2021-06-16,3.0601,3.04,3.14,2.98,5467212
2021-06-17,3.0129,3.04,3.175,3.01,4627451
2021-06-18,3.06,2.91,3.0881,2.88,5224938
2021-06-21,2.9431,2.92,2.9431,2.8,4857788
2021-06-22,2.8939,2.85,2.9426,2.81,3291222
2021-06-23,2.89,2.97,3.0,2.8719,3422590
2021-06-24,3.0,3.07,3.13,2.98,4889448
2021-06-25,3.05,2.94,3.088,2.94,4219020
2021-06-28,2.94,2.92,3.05,2.89,4994309
2021-06-29,2.9485,2.86,3.04,2.83,4730476
2021-06-30,2.85,2.86,2.95,2.8,4086014
2021-07-01,2.8612,2.83,2.8779,2.71,5535112
2021-07-02,2.81,2.73,2.87,2.7,3827357
2021-07-06,2.73,2.63,2.84,2.62,6170491
2021-07-07,2.6325,2.6,2.67,2.52,4343711
2021-07-08,2.54,2.63,2.66,2.53,3736749
2021-07-09,2.65,2.64,2.67,2.56,3631649
2021-07-12,2.66,2.65,2.71,2.56,4240464
2021-07-13,2.89,2.94,3.13,2.84,24781477
2021-07-14,3.04,2.64,3.04,2.62,11218729
2021-07-15,2.6751,2.67,2.75,2.59,4757581
2021-07-16,2.66,2.52,2.679,2.48,6614334
2021-07-19,2.45,2.52,2.6,2.41,5408371
2021-07-20,2.54,2.57,2.58,2.41,4789215
2021-07-21,2.5527,2.62,2.68,2.53,4919925
2021-07-22,2.63,2.5,2.63,2.48,5215439
2021-07-23,2.52,2.46,2.52,2.43,4058925
2021-07-26,2.47,2.58,2.63,2.44,4853154
2021-07-27,2.56,2.46,2.58,2.41,5035877
2021-07-28,2.53,2.73,2.76,2.5,9363746
2021-07-29,2.72,2.65,2.75,2.6,5025755
2021-07-30,2.6,2.62,2.715,2.5801,2903641
2021-08-02,2.6271,2.59,2.691,2.59,2152688
2021-08-03,2.62,2.58,2.62,2.54,4219598
2021-08-04,2.55,2.49,2.62,2.47,5812614
2021-08-05,2.49,2.67,2.73,2.4689,6056838
2021-08-06,2.69,2.69,2.72,2.59,3601909
2021-08-09,2.6524,2.74,2.75,2.585,4123855
2021-08-10,2.74,2.73,2.7999,2.63,5535072
2021-08-11,2.73,2.69,2.74,2.65,3471864
2021-08-12,2.69,2.68,2.69,2.62,2825929
2021-08-13,2.675,2.9,2.92,2.6,10468481
2021-08-16,2.8,2.48,2.82,2.48,9642136
2021-08-17,2.49,2.46,2.53,2.44,5107024
2021-08-18,2.49,2.44,2.57,2.34,6999875
2021-08-19,2.41,2.35,2.44,2.31,6107140
2021-08-20,2.32,2.36,2.42,2.3,4373000
2021-08-23,2.39,2.54,2.55,2.37,5791267
2021-08-24,2.54,2.65,2.65,2.4801,6355206
2021-08-25,2.5991,2.59,2.71,2.53,7740221
2021-08-26,2.57,2.55,2.715,2.5336,7243596
2021-08-27,2.56,2.62,2.67,2.52,5342216
2021-08-30,2.63,2.58,2.64,2.51,4475233
2021-08-31,2.5736,2.67,2.75,2.5617,5296168
2021-09-01,2.6609,2.61,2.7799,2.58,4606914
2021-09-02,2.65,2.74,2.77,2.6,5418378
2021-09-03,2.73,2.65,2.7785,2.63,4235602
2021-09-07,2.63,2.61,2.73,2.61,5756682
2021-09-08,2.62,2.54,2.6346,2.51,5339917
2021-09-09,2.54,2.55,2.6199,2.52,5202813
2021-09-10,2.5664,2.46,2.5664,2.45,5336786
2021-09-13,2.47,2.47,2.51,2.38,3753389
2021-09-14,2.47,2.4,2.5,2.37,3356721
2021-09-15,2.3881,2.42,2.485,2.37,4985549
2021-09-16,2.4119,2.4,2.48,2.36,4279298
2021-09-17,2.4,2.4,2.46,2.35,6412924
2021-09-20,2.325,2.32,2.3599,2.26,6035937
2021-09-21,2.33,2.32,2.39,2.273,5400034
2021-09-22,2.3482,2.41,2.42,2.33,5445147
2021-09-23,2.43,2.5,2.54,2.43,6354434
2021-09-24,2.46,2.42,2.4821,2.4,2944560
2021-09-27,2.41,2.46,2.52,2.37,5393799
2021-09-28,2.44,2.38,2.4911,2.37,6332177
2021-09-29,2.39,2.31,2.41,2.31,4985863
2021-09-30,2.33,2.3,2.35,2.28,4737367
2021-10-01,2.31,2.27,2.325,2.22,5645660
2021-10-04,2.23,2.2,2.25,2.17,5573760
2021-10-05,2.1963,2.29,2.34,2.185,4577910
2021-10-06,2.25,2.3,2.33,2.2138,3652791
2021-10-07,2.31,2.28,2.38,2.24,5452411
2021-10-08,2.28,2.25,2.34,2.25,3575811
2021-10-11,2.232,2.22,2.27,2.21,3247986
2021-10-12,2.23,2.24,2.31,2.22,3587523
2021-10-13,2.24,2.25,2.28,2.23,2915677
2021-10-14,2.26,2.3,2.4,2.26,5734686
2021-10-15,2.31,2.24,2.32,2.22,3809139
2021-10-18,2.22,2.21,2.27,2.2,4399014
2021-10-19,2.21,2.36,2.37,2.2,9058325
2021-10-20,2.35,2.38,2.43,2.26,7396506
2021-10-21,2.35,2.44,2.53,2.34,7546213
2021-10-22,2.4,2.34,2.42,2.29,5284614
2021-10-25,2.32,2.32,2.37,2.29,6290863
2021-10-26,2.31,2.27,2.35,2.25,6842924
2021-10-27,2.26,2.24,2.32,2.23,3903336
2021-10-28,2.24,2.27,2.29,2.21,5011864
2021-10-29,2.25,2.21,2.29,2.2,5859006
2021-11-01,2.22,2.3,2.36,2.2,6016029
2021-11-02,2.3,2.27,2.325,2.24,4088816
2021-11-03,2.25,2.33,2.39,2.24,3912204
2021-11-04,2.35,2.31,2.4,2.31,4355628
2021-11-05,2.3,2.28,2.32,2.21,7662681
2021-11-08,2.3,2.48,2.5,2.29,13734353
2021-11-09,2.44,2.34,2.45,2.3,13641047
2021-11-10,2.3,2.24,2.35,2.23,12444353
2021-11-11,2.26,2.21,2.29,2.21,12631392
2021-11-12,2.26,2.33,2.37,2.19,27910904
2021-11-15,2.351,2.38,2.55,2.32,17581589
2021-11-16,2.39,2.35,2.4,2.28,8964568
2021-11-17,2.32,2.22,2.38,2.22,8655560
2021-11-18,2.23,2.015,2.24,1.99,12788493
2021-11-19,2.05,2.0,2.07,1.99,7400427
2021-11-22,2.02,1.86,2.02,1.83,14153775
2021-11-23,1.94,2.03,2.14,1.94,14308223
2021-11-24,2.02,2.16,2.18,1.96,8059237
2021-11-26,2.06,2.16,2.19,2.06,5751199
2021-11-29,2.16,2.01,2.17,2.0,8913833
2021-11-30,2.0,2.04,2.0899,1.93,8234115
2021-12-01,2.05,1.9,2.09,1.9,8259462
2021-12-02,1.91,1.95,1.98,1.87,6182334
2021-12-03,1.95,1.82,1.96,1.8,8442102
2021-12-06,1.79,1.87,1.895,1.71,10407500
2021-12-07,1.89,2.0,2.05,1.89,7873867
2021-12-08,1.98,2.07,2.13,1.965,7476484
2021-12-09,2.03,2.03,2.1,2.01,4007553
2021-12-10,2.0,1.93,2.08,1.93,3763252
2021-12-13,1.93,1.89,1.94,1.84,5790815
2021-12-14,1.8579,1.8,1.9,1.79,7392358
2021-12-15,1.8,1.82,1.85,1.72,6067312
2021-12-16,1.84,1.81,1.88,1.79,6700715
2021-12-17,1.7898,1.9,1.92,1.755,6571578
2021-12-20,1.85,1.84,1.87,1.77,7836244
2021-12-21,1.86,1.96,1.99,1.84,8142501
2021-12-22,1.92,1.95,1.97,1.88,6714054
2021-12-23,1.93,2.0,2.03,1.92,4671045
2021-12-27,1.9949,1.94,1.9949,1.93,2182160
2021-12-28,1.9426,1.85,1.9599,1.85,3124926
2021-12-29,1.86,1.78,1.87,1.78,6642197
2021-12-30,1.79,1.78,1.88,1.78,6537658
2021-12-31,1.79,1.75,1.85,1.75,4329629
2022-01-03,1.76,1.83,1.855,1.725,5033783
2022-01-04,1.8,1.72,1.81,1.71,6037407
2022-01-05,1.73,1.64,1.78,1.62,5988593
2022-01-06,1.6649,1.6,1.675,1.58,7185284
2022-01-07,1.6,1.62,1.73,1.596,5853222
2022-01-10,1.677,1.73,1.74,1.65,9918598
2022-01-11,1.73,1.74,1.8,1.64,9972277
2022-01-12,1.76,1.71,1.8,1.7,6116125
2022-01-13,1.71,1.66,1.75,1.65,5122002
2022-01-14,1.6361,1.64,1.6664,1.6,4634763
2022-01-18,1.63,1.55,1.6462,1.55,4532821
2022-01-19,1.56,1.54,1.61,1.54,4799687
2022-01-20,1.57,1.52,1.63,1.52,4233448
2022-01-21,1.51,1.44,1.52,1.42,6832532
2022-01-24,1.37,1.46,1.46,1.3,7243326
2022-01-25,1.42,1.4,1.45,1.35,4666508
2022-01-26,1.4365,1.37,1.45,1.34,4621628
2022-01-27,1.39,1.31,1.405,1.3,4223459
2022-01-28,1.33,1.4,1.4,1.3,6104772
2022-01-31,1.41,1.49,1.52,1.4,6078673
2022-02-01,1.53,1.61,1.61,1.485,5953387
2022-02-02,1.62,1.53,1.62,1.52,3508484
2022-02-03,1.51,1.45,1.527,1.44,3226527
2022-02-04,1.45,1.52,1.54,1.45,3067557
2022-02-07,1.52,1.55,1.59,1.51,3213446
2022-02-08,1.54,1.58,1.58,1.5108,3200364
2022-02-09,1.62,1.67,1.69,1.6,5448427
2022-02-10,1.65,1.66,1.72,1.6123,5378730
2022-02-11,1.66,1.72,1.74,1.63,9834264
2022-02-14,1.67,1.6,1.725,1.59,5719116
2022-02-15,1.63,1.71,1.71,1.62,6163109
2022-02-16,1.69,1.68,1.74,1.65,5175019
2022-02-17,1.68,1.6,1.69,1.6,2636297
2022-02-18,1.61,1.53,1.6116,1.5233,3463325
2022-02-22,1.52,1.46,1.53,1.44,4130889
2022-02-23,1.48,1.4,1.51,1.4,3204959
2022-02-24,1.32,1.48,1.48,1.3,4150971
2022-02-25,1.48,1.49,1.5,1.43,2472196
2022-02-28,1.462,1.49,1.52,1.44,4124699
2022-03-01,1.52,1.47,1.52,1.43,2582265
2022-03-02,1.47,1.47,1.5,1.4222,2647129
2022-03-03,1.48,1.41,1.48,1.4,3141278
2022-03-04,1.4,1.38,1.4174,1.35,2674679
2022-03-07,1.36,1.31,1.4099,1.3092,3598655
2022-03-08,1.33,1.36,1.406,1.27,3823062
2022-03-09,1.4,1.43,1.45,1.39,2977251
2022-03-10,1.4,1.4,1.42,1.36,2406634
2022-03-11,1.4,1.34,1.41,1.34,1961337
2022-03-14,1.33,1.3,1.36,1.28,4167529
2022-03-15,1.3,1.37,1.37,1.2886,3337003
2022-03-16,1.38,1.42,1.43,1.36,5698440
2022-03-17,1.39,1.49,1.5,1.39,4167826
2022-03-18,1.47,1.52,1.55,1.46,4698268
2022-03-21,1.51,1.49,1.55,1.465,4673035
2022-03-22,1.5,1.57,1.58,1.475,3546349
2022-03-23,1.57,1.52,1.64,1.51,7225585
2022-03-24,1.53,1.67,1.68,1.4979,10924973
2022-03-25,1.76,1.76,1.78,1.65,13411528
2022-03-28,1.69,1.7,1.72,1.6,7815091
2022-03-29,1.73,1.77,1.8,1.67,8214300
2022-03-30,1.77,1.73,1.87,1.71,10357783
2022-03-31,1.74,1.66,1.75,1.66,6050455
2022-04-01,1.69,1.68,1.77,1.66,9407613
2022-04-04,1.7,1.73,1.7493,1.64,6562978
2022-04-05,1.712,1.66,1.76,1.645,4976326
2022-04-06,1.68,1.61,1.69,1.58,8782960
2022-04-07,1.61,1.51,1.61,1.49,4925484
2022-04-08,1.51,1.48,1.52,1.46,3478744
2022-04-11,1.47,1.49,1.51,1.44,6145192
2022-04-12,1.59,1.65,1.7,1.57,9220348
2022-04-13,1.64,1.81,1.82,1.63,5029523
2022-04-14,1.79,1.74,1.79,1.7233,5032750
2022-04-18,1.74,1.63,1.74,1.62,4206590
2022-04-19,1.64,1.6,1.66,1.59,4022284
2022-04-20,1.6,1.58,1.61,1.55,3919145
2022-04-21,1.58,1.52,1.61,1.5,5003513
2022-04-22,1.51,1.46,1.5499,1.445,4896990
2022-04-25,1.43,1.43,1.47,1.41,4112211
2022-04-26,1.43,1.4,1.44,1.38,7295854
2022-04-27,1.41,1.4,1.43,1.365,6569151
2022-04-28,1.41,1.43,1.46,1.35,5688895
2022-04-29,1.41,1.41,1.49,1.4,3419276
2022-05-02,1.4,1.49,1.49,1.38,8279899
2022-05-03,1.47,1.44,1.507,1.42,6726791
2022-05-04,1.44,1.48,1.49,1.37,7012585
2022-05-05,1.46,1.37,1.47,1.36,5311787
2022-05-06,1.37,1.34,1.38,1.3,6619108
2022-05-09,1.32,1.23,1.33,1.22,5837338
2022-05-10,1.27,1.24,1.3,1.205,10317651
2022-05-11,1.22,1.14,1.26,1.14,5690711
2022-05-12,1.12,1.15,1.2,1.1,7789089
2022-05-13,1.19,1.23,1.26,1.1716,10912540
2022-05-16,1.22,1.28,1.31,1.2,9017364
2022-05-17,1.32,1.33,1.35,1.29,5197735
2022-05-18,1.32,1.21,1.33,1.21,5299461
2022-05-19,1.21,1.25,1.27,1.18,3491276
2022-05-20,1.26,1.21,1.28,1.18,4668294
2022-05-23,1.2,1.15,1.21,1.15,5056930
2022-05-24,1.15,1.14,1.19,1.11,4621157
2022-05-25,1.12,1.15,1.17,1.12,5448699
2022-05-26,1.14,1.21,1.22,1.14,3661266
2022-05-27,1.18,1.16,1.2,1.13,4715337
2022-05-31,1.19,1.15,1.19,1.14,3946785
2022-06-01,1.15,1.11,1.175,1.1,3286702
2022-06-02,1.11,1.13,1.17,1.08,4705013
2022-06-03,1.14,1.12,1.15,1.11,3329321
2022-06-06,1.13,1.08,1.135,1.07,3448719
2022-06-07,1.07,1.14,1.14,1.07,2383649
2022-06-08,1.13,1.14,1.18,1.12,2620951
2022-06-09,1.12,1.08,1.15,1.07,2935245
2022-06-10,1.07,1.05,1.08,1.03,3143678
2022-06-13,0.9899,0.9401,1.0,0.94,2694610
2022-06-14,0.933,0.9325,0.9619,0.9216,2048357
2022-06-15,0.939,0.9767,0.989,0.9216,2006506
2022-06-16,0.95,0.9187,0.9677,0.9099,1715527
2022-06-17,0.9112,0.9412,0.9679,0.9112,865392
2022-06-21,0.9699,0.9398,0.97,0.9398,1195519
2022-06-22,0.9384,0.9304,0.9647,0.9274,978722
2022-06-23,0.9303,0.9859,0.9943,0.9291,1249089
2022-06-24,1.0,1.06,1.07,0.996636,2878761
2022-06-27,1.07,1.09,1.09,1.03,1838999
2022-06-28,1.11,1.01,1.12,1.01,2052871
2022-06-29,1.01,0.97,1.01,0.96,1615238
2022-06-30,0.95,0.9171,0.9509,0.9101,687130
2022-07-01,0.9263,0.9402,0.9515,0.9211,407551
2022-07-05,0.9203,0.9546,0.9629,0.9,810157
2022-07-06,0.9445,1.0,1.0299,0.9401,1137222
2022-07-07,1.01,1.05,1.05,1.0,1592812
2022-07-08,1.04,1.05,1.05,1.01,1479655
2022-07-11,1.03,1.02,1.0463,1.0,1311969
2022-07-12,1.02,1.07,1.1,1.015,1363833
2022-07-13,1.06,1.08,1.1,1.04,2574005
2022-07-14,1.05,1.05,1.07,0.95,6080353
2022-07-15,1.06,1.015,1.0698,1.0,1786757
2022-07-18,1.01,1.06,1.1,1.01,4913541
2022-07-19,1.1,1.08,1.12,1.0602,2626081
2022-07-20,1.08,1.16,1.2,1.065,6121041
2022-07-21,1.18,1.11,1.18,1.1,2161785
2022-07-22,1.11,1.05,1.1304,1.03,3340781
2022-07-25,1.05,1.04,1.06,1.01,3332262
2022-07-26,1.03,1.01,1.04,1.0,685418
2022-07-27,1.01,1.02,1.03,1.0,634440
2022-07-28,1.02,1.06,1.07,1.01,1438419
2022-07-29,1.04,1.07,1.08,1.02,1558296
2022-08-01,1.07,1.07,1.08,1.05,1175708
2022-08-02,1.06,1.13,1.14,1.05,2100946
2022-08-03,1.13,1.13,1.16,1.11,939912
2022-08-04,1.14,1.1,1.15,1.08,1306608
2022-08-05,1.08,1.11,1.12,1.0617,997733
2022-08-08,1.12,1.19,1.2,1.09,3423677
2022-08-09,1.17,1.09,1.18,1.08,1404588
2022-08-10,1.12,1.13,1.14,1.08,1415856
2022-08-11,1.14,1.11,1.2,1.11,2067598
2022-08-12,1.13,1.18,1.18,1.1173,1135401
2022-08-15,1.17,1.24,1.27,1.14,4508734
2022-08-16,1.24,1.19,1.24,1.17,2919088
2022-08-17,1.17,1.14,1.2199,1.14,2818136
2022-08-18,1.14,1.1,1.15,1.09,1967365
2022-08-19,1.09,1.03,1.1,1.01,4483393
2022-08-22,1.03,1.03,1.0367,1.0,2092100
2022-08-23,1.02,1.03,1.06,1.01,2042596
2022-08-24,1.03,1.09,1.1,1.02,2042554
2022-08-25,1.11,1.14,1.17,1.09,2563278
2022-08-26,1.15,1.09,1.17,1.08,1724202
2022-08-29,1.06,1.11,1.11,1.0528,904854
2022-08-30,1.1,1.05,1.11,1.04,994002
2022-08-31,1.06,1.07,1.085,1.0501,833254
2022-09-01,1.05,1.04,1.0599,1.01,973806
2022-09-02,1.05,1.03,1.08,1.025,978802
2022-09-06,1.02,1.01,1.04,1.01,896982
2022-09-07,1.02,1.01,1.02,1.0,1088929
2022-09-08,1.0,1.04,1.04,1.0,773774
2022-09-09,1.04,1.06,1.1,1.0399,1219418
2022-09-12,1.06,1.1,1.11,1.06,826319
2022-09-13,1.06,1.03,1.08,1.02,627536
2022-09-14,1.05,1.03,1.05,1.0091,1257971
2022-09-15,1.03,1.03,1.06,1.01,963125
2022-09-16,1.0296,1.0,1.0296,1.0,1099045
2022-09-19,0.99,1.0,1.02,0.975,1639957
2022-09-20,0.9891,0.9616,1.0,0.96,840328
2022-09-21,0.96,0.9472,0.99,0.9471,772417
2022-09-22,0.95,0.9,0.95,0.9,1100871
2022-09-23,0.9,0.8914,0.9091,0.871,1240271
2022-09-26,0.89,0.8749,0.9363,0.871,820056
2022-09-27,0.891,0.8949,0.9099,0.8776,703782
2022-09-28,0.8919,0.9338,0.9399,0.8863,887444
2022-09-29,0.9155,0.9059,0.9225,0.8955,440890
2022-09-30,0.905,0.8716,0.9192,0.8716,539098
2022-10-03,0.9,0.9,0.9,0.8784,692342
2022-10-04,0.9,0.9265,0.9289,0.9,678746
2022-10-05,0.9072,0.9049,0.9243,0.8824,394126
2022-10-06,0.8948,1.06,1.06,0.89,3753954
2022-10-07,1.08,0.9401,1.08,0.94,4369302
2022-10-10,0.94,0.9076,0.9488,0.89,980778
2022-10-11,0.92,0.8838,0.92,0.8522,1004104
2022-10-12,0.897,0.8853,0.897,0.855,831028
2022-10-13,0.8899,0.9132,0.925,0.8401,1426936
2022-10-14,0.9,0.9042,0.925,0.8834,686795
2022-10-17,0.91,0.9184,0.9381,0.9,1001593
2022-10-18,0.9296,0.921,0.94,0.9011,433954
2022-10-19,0.901,0.8838,0.929899,0.88,619281
2022-10-20,0.88,0.8869,0.9175,0.8779,799270
2022-10-21,0.872,0.8958,0.9027,0.87,491412
2022-10-24,0.899,0.866,0.9099,0.8622,614724
2022-10-25,0.865,0.9299,0.944,0.8622,1159994
2022-10-26,0.94,0.9701,0.99,0.9201,1023658
2022-10-27,0.97,0.9528,0.98,0.9481,546499
2022-10-28,0.97,0.9732,0.979,0.94,501276
2022-10-31,0.9763,1.02,1.05,0.97331,1774249
2022-11-01,1.02,1.01,1.03,0.9873,894185
2022-11-02,1.0,0.9422,1.01,0.941,1994386
2022-11-03,0.94,0.9727,1.01,0.9299,532138
2022-11-04,1.0,0.9738,1.01,0.9529,472836
2022-11-07,0.9683,0.963,0.98,0.9507,433710
2022-11-08,0.973,0.9401,0.976599,0.9264,953101
2022-11-09,0.9318,0.9022,0.9599,0.9,876172
2022-11-10,0.93,0.9598,0.9649,0.93,907502
2022-11-11,0.96,0.985,1.02,0.94,1235451
2022-11-14,1.01,1.02,1.04,0.983,1438432
2022-11-15,1.02,1.02,1.05,1.01,802453
2022-11-16,1.0,1.0,1.02,0.9944,451959
2022-11-17,1.02,1.02,1.05,1.0,1322170
2022-11-18,1.03,1.06,1.06,1.01,1234459
2022-11-21,1.03,1.03,1.05,1.01,753557
2022-11-22,1.03,1.0,1.03,1.0,556794
2022-11-23,0.9991,1.02,1.02,0.9736,983300
2022-11-25,1.02,1.0,1.02,0.9969,489536
2022-11-28,0.99,0.99,1.01,0.96,1525619
2022-11-29,1.01,1.0,1.05,1.0,1891509
2022-11-30,1.03,1.03,1.04,1.0,932358
2022-12-01,1.02,1.1,1.1,1.02,3050079
2022-12-02,1.09,1.19,1.2,1.0704,3766646
2022-12-05,1.21,1.15,1.27,1.13,2693404
2022-12-06,1.14,1.01,1.16,1.01,2802977
2022-12-07,1.02,0.9901,1.03,0.99,1401696
2022-12-08,1.0,0.9633,1.0,0.9511,983047
2022-12-09,0.97,0.93,0.98,0.9275,1919849
2022-12-12,0.95,0.937,0.969,0.93,850256
2022-12-13,0.9663,0.9275,0.98,0.9275,861984
2022-12-14,0.93,0.9239,0.94,0.9121,968616
2022-12-15,0.92,0.89,0.9288,0.89,849223
2022-12-16,0.9,0.8949,0.9085,0.8625,1611292
2022-12-19,0.8889,0.846,0.898811,0.845,1041925
2022-12-20,0.87,0.8102,0.87,0.81,904364
2022-12-21,0.8171,0.8346,0.8346,0.802,1247730
2022-12-22,0.825,0.7977,0.8261,0.78,1074639
2022-12-23,0.7854,0.78,0.7994,0.7618,887062
2022-12-27,0.741,0.7008,0.7624,0.7,2741498
2022-12-28,0.7001,0.71,0.74,0.7001,1504028
2022-12-29,0.722,0.7517,0.77,0.715,991117
2022-12-30,0.7406,0.8,0.8,0.74,1297686
2023-01-03,0.7963,0.7742,0.8219,0.761,955092
2023-01-04,0.7487,0.8088,0.8129,0.7487,678374
2023-01-05,0.8088,0.8206,0.8298,0.7864,447440
2023-01-06,0.831,0.82,0.8375,0.802,775223
2023-01-09,0.84,0.8218,0.84,0.8103,982010
2023-01-10,0.8359,0.81,0.836,0.802,728903
2023-01-11,0.81,0.8303,0.8349,0.81,941190
2023-01-12,0.923,0.9,0.924199,0.85,3076788
2023-01-13,0.9182,0.9899,1.01,0.88,4722573
2023-01-17,1.01,0.977,1.03,0.9566,4020473
2023-01-18,0.9791,0.9423,1.01,0.9116,1577182
2023-01-19,0.94,0.922,0.94,0.9,1005128
2023-01-20,0.92,0.9649,0.9649,0.9131,850935
2023-01-23,0.96,0.9726,0.9866,0.9495,632562
2023-01-24,0.9837,0.9642,0.987,0.955,666549
2023-01-25,0.962,0.9545,0.962,0.944,525760
2023-01-26,0.95,0.9034,0.97,0.9,1360886
2023-01-27,0.9,0.92,0.93,0.9,991850
2023-01-30,0.9034,0.8897,0.9342,0.8825,1194669
2023-01-31,0.883,0.909,0.9099,0.883,788220
2023-02-01,0.908,0.9481,0.95,0.892,1000178
2023-02-02,0.95,0.9152,0.98,0.9152,1950634
2023-02-03,0.91,0.9022,0.9488,0.9018,585093
2023-02-06,0.91,0.89,0.9267,0.885,480013
2023-02-07,0.89,0.884,0.904,0.8657,887098
2023-02-08,0.8737,0.877,0.891,0.87,385357
2023-02-09,0.877,0.8401,0.889799,0.84,1018056
2023-02-10,0.8494,0.8422,0.865499,0.82,1237632
2023-02-13,0.8342,0.8325,0.8497,0.8283,941245
2023-02-14,0.82,0.839,0.8466,0.8101,872289
2023-02-15,0.82,0.842,0.846,0.8132,885512
2023-02-16,0.826,0.83,0.8409,0.82,793315
2023-02-17,0.82,0.81,0.823999,0.796,1335334
2023-02-21,0.79,0.7688,0.8,0.765,654262
2023-02-22,0.77,0.7644,0.79,0.75,807983
2023-02-23,0.77,0.7689,0.7796,0.7435,580083
2023-02-24,0.76,0.746,0.76,0.74,433650
2023-02-27,0.76,0.7999,0.7999,0.75,643878
2023-02-28,0.8,0.789,0.8,0.7545,819772
2023-03-01,0.78,0.7557,0.7898,0.746,763440
2023-03-02,0.75,0.7265,0.75,0.7251,926531
2023-03-03,0.725,0.7521,0.7648,0.721,853932
2023-03-06,0.7688,0.7489,0.7688,0.73,819681
2023-03-07,0.7469,0.727,0.75,0.721,662729
2023-03-08,0.73,0.7131,0.7468,0.7128,828592
2023-03-09,0.71,0.7082,0.72,0.7,1466744
2023-03-10,0.7,0.6551,0.7015,0.6551,1880183
2023-03-13,0.66,0.6548,0.6732,0.64,724426
2023-03-14,0.66,0.6548,0.6745,0.652,674448
2023-03-15,0.65,0.64,0.6505,0.6287,822376
2023-03-16,0.64,0.649,0.6667,0.6287,1388559
2023-03-17,0.6548,0.63,0.6599,0.61,776069
2023-03-20,0.63,0.5978,0.63,0.597,919530
2023-03-21,0.595,0.653,0.66,0.5938,1105804
2023-03-22,0.655,0.64,0.6637,0.6315,609159
2023-03-23,0.65,0.6452,0.6696,0.6301,686635
2023-03-24,0.6368,0.6328,0.6451,0.6204,267956
2023-03-27,0.632,0.644,0.65,0.6301,264712
2023-03-28,0.645,0.6294,0.654799,0.620893,388396
2023-03-29,0.6463,0.65,0.65,0.6301,428524
2023-03-30,0.65,0.6375,0.66,0.6334,401314
2023-03-31,0.63,0.64,0.66,0.63,523154
2023-04-03,0.64,0.631,0.6575,0.631,429015
2023-04-04,0.6408,0.6442,0.65,0.63,453572
2023-04-05,0.642,0.63,0.65,0.629,415585
2023-04-06,0.6367,0.62,0.6394,0.6098,762466
2023-04-10,0.6231,0.6885,0.69,0.619,1674790
2023-04-11,0.7069,0.685,0.73,0.67,1757438
2023-04-12,0.6114,0.6001,0.6322,0.58405,3892057
2023-04-13,0.5999,0.5982,0.6093,0.594,803816
2023-04-14,0.595,0.555,0.61,0.55,1944306
2023-04-17,0.555,0.5589,0.5618,0.55,1131408
2023-04-18,0.56,0.54,0.5699,0.5312,1127577
2023-04-19,0.54,0.5485,0.55,0.53,514280
2023-04-20,0.549,0.5163,0.549,0.5163,716084
2023-04-21,0.5171,0.5,0.5275,0.4945,859276
2023-04-24,0.51,0.51,0.5132,0.4932,559343
2023-04-25,0.5065,0.5087,0.5098,0.495,446076
2023-04-26,0.483,0.5037,0.5074,0.48,520777
2023-04-27,0.5161,0.52,0.529,0.51,751690
2023-04-28,0.5273,0.5,0.53,0.5,423096
2023-05-01,0.5074,0.4902,0.518,0.49,385754
2023-05-02,0.482,0.4827,0.499899,0.468,546620
2023-05-03,0.4935,0.49,0.509,0.4702,588352
2023-05-04,0.4924,0.488,0.515,0.4855,613619
2023-05-05,0.4915,0.52,0.52,0.4901,571345
2023-05-08,0.53,0.5235,0.5345,0.516,413780
2023-05-09,0.51,0.5075,0.5275,0.5041,289060
2023-05-10,0.51,0.5,0.5224,0.495,621162
2023-05-11,0.5,0.4945,0.5006,0.4803,656142
2023-05-12,0.49,0.4703,0.49,0.452,1673057
2023-05-15,0.4726,0.47,0.4726,0.4501,814400
2023-05-16,0.4736,0.451,0.4736,0.4435,1007500
2023-05-17,0.45,0.474,0.49,0.44,1013764
2023-05-18,0.49,0.4891,0.49,0.461,1112871
2023-05-19,0.481,0.49,0.495,0.4701,812914
