2022-02-16,26.4,26.96,26.96,26.4,1166
2022-02-17,25.82,26.5,26.725,25.7601,7527
2022-02-18,26.05,26.5,26.75,26.05,6606
2022-02-22,26.27,25.9,26.319,25.8,41510
2022-02-23,25.95,26.4,26.45,25.8073,39657
2022-02-24,26.09,26.3,26.46,25.7501,23893
2022-02-25,26.25,26.72,26.72,26.17,35096
2022-02-28,26.7299,26.48,26.7299,26.3,10854
2022-03-01,26.45,26.5,26.52,26.45,4192
2022-03-02,26.4388,26.35,26.49,26.35,3852
2022-03-03,26.345,26.41,26.46,26.2,5412
2022-03-04,26.49,26.2,26.49,26.2,1533
2022-03-07,26.12,26.0,26.12,26.0,2908
2022-03-08,26.0,26.1,26.1,25.96,7987
2022-03-09,26.29,26.36,26.37,26.03,3464
2022-03-10,26.175,26.1934,26.2894,25.8,5260
2022-03-11,26.05,25.86,26.2,25.72,4312
2022-03-14,25.8618,25.7,25.8618,25.22,21459
2022-03-15,25.8499,25.983,26.14,25.81,7788
2022-03-16,25.7509,26.1,26.1,25.7509,12948
2022-03-17,26.25,26.05,26.26,26.05,10776
2022-03-18,26.2917,26.26,26.2917,26.25,2432
2022-03-21,26.15,26.1,26.37,25.9,41341
2022-03-22,25.8,26.0,26.17,25.8,24514
2022-03-23,26.18,26.115,26.26,26.0,16678
2022-03-24,26.25,26.38,26.38,26.06,9684
2022-03-25,26.25,26.13,26.3484,25.86,7561
2022-03-28,26.24,26.2,26.38,26.1,16424
2022-03-29,26.4799,26.4,26.4799,26.29,9884
2022-03-30,26.4,26.7,26.7,26.29,13523
2022-03-31,26.45,26.64,26.7,26.45,4513
2022-04-01,26.46,26.6866,26.7,26.4,7004
2022-04-04,26.55,26.43,26.65,26.37,4195
2022-04-05,26.5,26.37,26.5,26.245,6364
2022-04-06,26.0,26.36,26.54,25.9525,4342
2022-04-07,26.2,26.25,26.53,25.9602,8910
2022-04-08,26.03,26.1,26.596,26.0,13573
2022-04-11,26.1,25.87,26.1,25.85,5359
2022-04-12,26.0,26.0,26.0,25.88,7657
2022-04-13,26.2991,25.95,26.4461,25.95,4446
2022-04-14,26.106,26.2,26.32,25.95,3490
2022-04-18,26.044,26.2257,26.39,26.044,3899
2022-04-19,26.0,26.03,26.03,26.0,2203
2022-04-20,25.9,25.98,26.0,25.85,6206
2022-04-21,26.07,26.09,26.25,26.07,2017
2022-04-22,26.14,26.0,26.14,26.0,3365
2022-04-25,25.93,26.1,26.12,25.88,3070
2022-04-26,25.8342,26.09,26.15,25.8167,4752
2022-04-27,25.86,26.1,26.14,25.83,12864
2022-04-28,25.91,26.15,26.15,25.91,7622
2022-04-29,26.2,26.17,26.2,25.75,10827
2022-05-02,25.84,25.7,25.84,25.7,3555
2022-05-03,25.83,26.08,26.1,25.83,4647
2022-05-04,25.49,25.51,25.51,25.26,12270
2022-05-05,25.51,25.39,25.92,25.33,5050
2022-05-06,25.35,25.36,25.37,25.35,592
2022-05-09,25.3,25.295,25.3,25.05,18996
2022-05-10,25.29,25.44,25.9097,25.25,10948
2022-05-12,25.36,25.5,25.5,25.2352,10723
2022-05-13,25.45,25.35,25.45,25.3,2365
2022-05-16,25.5,25.5,25.6115,25.5,9012
2022-05-17,25.65,25.46,25.65,25.46,1679
2022-05-18,25.6,25.58,25.6,25.35,12373
2022-05-19,25.2837,25.58,25.65,25.2701,9194
2022-05-20,25.406,25.65,25.65,25.34,11076
2022-05-23,25.5,25.75,25.75,25.4436,8156
2022-05-24,25.3001,25.68,25.98,25.3001,10245
2022-05-25,25.35,25.99,25.99,25.35,1571
2022-05-26,25.74,25.99,26.0,25.74,5521
2022-05-27,25.99,25.73,25.99,25.57,7080
2022-05-31,25.57,26.1,26.1,25.57,11929
2022-06-01,25.815,26.03,26.05,25.815,1823
2022-06-02,25.6,25.9241,25.9241,25.6,1817
2022-06-03,25.83,25.98,26.07,25.62,3223
2022-06-06,25.795,25.71,25.82,25.63,3388
2022-06-07,25.66,25.67,25.7,25.63,2208
2022-06-08,25.65,25.8574,25.95,25.64,1982
2022-06-09,25.6324,25.9528,25.9739,25.6324,2575
2022-06-10,25.52,25.5,25.5334,25.33,10566
2022-06-13,25.42,25.195,25.605,25.0,17509
2022-06-14,25.3055,25.14,25.38,25.12,5059
2022-06-15,25.585,25.65,25.8,25.2378,5025
2022-06-16,25.6109,25.7,25.96,25.26,32426
2022-06-17,25.72,25.7,25.95,25.4084,6017
2022-06-21,25.95,25.94,26.1,25.47,7961
2022-06-22,26.0,26.15,26.2,26.0,6348
2022-06-23,26.2,26.28,26.3,25.85,6484
2022-06-24,25.95,25.955,26.3,25.93,3267
2022-06-27,25.955,25.94,25.955,25.6101,1321
2022-06-28,25.8948,25.6,25.8948,25.52,6108
2022-06-29,25.8268,25.75,25.85,25.63,5684
2022-06-30,25.8799,25.61,25.8799,25.61,7619
2022-07-01,25.8478,25.98,26.21,25.53,5545
2022-07-05,25.61,26.43,27.0,25.61,16391
2022-07-06,26.8615,26.9,27.0,26.14,9709
2022-07-07,26.84,25.93,26.85,25.68,20898
2022-07-08,26.25,26.72,27.0,26.1,15537
2022-07-11,26.69,26.6,26.75,26.59,4890
2022-07-12,26.8462,26.84,26.8748,26.1313,2887
2022-07-13,26.8,26.99,27.0,26.79,5231
2022-07-14,26.89,26.99,27.0,26.76,1979
2022-07-15,26.8,26.0,26.8,26.0,690
2022-07-18,26.619,25.7729,27.0,25.7729,3207
2022-07-19,26.5,26.505,26.505,26.48,1518
2022-07-20,26.58,26.35,26.58,26.1001,4988
2022-07-21,26.555,26.45,26.555,26.4431,1071
2022-07-22,26.4194,26.86,26.89,26.4194,1861
2022-07-25,26.5,26.44,26.5,26.3603,4303
2022-07-26,26.22,26.2,26.26,26.12,5764
2022-07-27,26.2,26.15,26.3,26.0535,17475
2022-07-28,26.5,26.44,26.5,26.44,2067
2022-07-29,26.41,27.25,27.25,26.41,35176
2022-08-01,27.06,27.25,27.3966,26.9,13079
2022-08-02,27.25,27.14,27.4,26.7821,28185
2022-08-03,27.14,27.19,27.4432,26.8,12928
2022-08-04,26.75,26.93,27.05,26.6,10171
2022-08-05,26.8407,26.7,26.8407,26.5917,1968
2022-08-08,26.6885,26.8,26.8,26.1982,1621
2022-08-09,26.65,26.47,26.71,26.47,2999
2022-08-10,26.21,26.22,26.39,26.2,3707
2022-08-11,26.1838,26.04,26.522,26.04,5751
2022-08-12,26.1,26.15,26.215,26.05,3239
2022-08-15,26.1999,26.25,26.34,26.065,8899
2022-08-16,26.29,26.3032,26.4373,25.9506,6175
2022-08-17,26.055,25.9839,26.1296,25.91,3619
2022-08-18,25.72,25.96,26.0,25.72,4226
2022-08-19,26.02,25.9,26.02,25.81,1869
2022-08-22,25.66,26.04,26.04,25.66,2795
2022-08-23,25.795,25.8,25.8,25.35,2607
2022-08-24,26.05,26.2863,26.2863,25.52,8859
2022-08-25,26.03,26.05,26.45,25.76,4560
2022-08-26,26.02,26.35,26.9298,25.9999,13252
2022-08-29,26.0,26.34,26.34,26.0,1451
2022-08-30,26.71,26.4,26.71,26.12,4481
2022-08-31,26.14,25.71,26.14,25.71,6634
2022-09-01,25.73,25.75,25.75,25.6,1596
2022-09-02,25.76,25.77,25.83,25.73,2960
2022-09-06,25.71,25.56,25.73,25.51,5160
2022-09-07,26.55,25.65,26.55,25.65,1561
2022-09-08,26.29,25.37,26.29,25.28,5332
2022-09-09,25.6,25.6703,25.77,25.6,2661
2022-09-12,25.6754,25.74,25.8,25.62,5559
2022-09-13,25.6,25.66,25.81,25.34,1190
2022-09-14,25.4393,25.46,25.8206,25.42,4285
2022-09-15,25.46,25.63,25.92,25.46,4923
2022-09-16,25.82,25.47,25.82,25.293,5221
2022-09-19,25.7368,25.62,25.89,25.5009,4291
2022-09-20,25.79,25.8,25.82,25.35,5578
2022-09-21,25.45,25.541,25.8,25.45,5418
2022-09-22,25.38,25.25,25.4,25.15,5007
2022-09-23,25.33,25.05,25.627,25.05,6563
2022-09-26,25.175,25.0,25.27,24.92,4655
2022-09-27,25.0,25.29,25.29,25.0,1066
2022-09-28,25.98,25.61,25.98,24.86,6432
2022-09-29,25.2929,25.0,25.2929,25.0,5618
2022-09-30,25.175,24.8,25.4,24.8,14029
2022-10-03,25.17,25.02,25.2168,24.95,11528
2022-10-04,25.05,25.1814,25.4736,25.05,9090
2022-10-05,25.132,25.07,25.14,25.07,1403
2022-10-06,25.095,25.09,25.14,25.09,8615
2022-10-07,25.09,24.83,25.51,24.8,21592
2022-10-10,25.09,24.905,25.18,24.8,13919
2022-10-11,24.97,25.01,25.29,24.76,59447
2022-10-12,25.079,24.84,25.3,24.8,4326
2022-10-13,24.82,24.83,25.0,24.51,20192
2022-10-14,25.0,25.05,25.1,24.539,9077
2022-10-17,25.06,24.98,25.2399,24.85,4262
2022-10-18,25.0,24.97,25.2231,24.88,2295
2022-10-19,24.97,24.8,24.97,24.8,3332
2022-10-20,24.87,25.02,25.1474,24.87,2169
2022-10-21,24.87,25.0329,25.0566,24.4,13204
2022-10-24,24.8957,25.2683,25.3299,24.6037,6265
2022-10-25,25.29,25.3,25.33,25.0,3108
2022-10-26,25.33,25.6,25.62,24.947,5274
2022-10-27,25.795,26.34,26.34,25.795,2774
2022-10-28,25.915,26.0,26.1788,25.51,1473
2022-10-31,25.75,25.75,25.786,25.65,2032
2022-11-01,25.865,25.54,25.865,25.54,1054
2022-11-02,25.61,25.43,25.62,25.3,2025
2022-11-03,25.06,24.8,25.06,24.75,2302
2022-11-04,24.785,24.625,25.24,24.41,11095
2022-11-07,24.8805,24.88,25.0,24.62,9761
2022-11-08,24.6606,25.02,25.16,24.52,8500
2022-11-09,24.92,24.65,25.0481,24.65,6438
2022-11-10,24.9,25.33,25.33,24.9,10730
2022-11-11,25.2,25.15,25.3391,25.05,8170
2022-11-14,25.2,25.01,25.2504,25.01,2987
2022-11-15,25.61,25.19,25.61,25.16,2933
2022-11-16,25.031,24.97,25.225,24.9,14230
2022-11-17,25.0,24.9,25.396,24.9,17227
2022-11-18,24.9707,24.9909,25.2,24.82,13668
2022-11-21,25.1048,25.001,25.245,25.0,19669
2022-11-22,25.06,25.285,25.41,25.01,7395
2022-11-23,25.15,25.2632,25.2632,25.04,5827
2022-11-25,25.3,25.4,25.42,25.3,3915
2022-11-28,25.13,25.1,25.33,25.1,4936
2022-11-29,25.285,25.1493,25.47,25.0,12394
2022-11-30,25.0601,25.34,25.34,25.0,22966
2022-12-01,25.31,25.1432,25.31,25.0608,7860
2022-12-02,25.1,25.305,25.4,25.1,13198
2022-12-05,25.35,25.03,25.35,25.024,16276
2022-12-06,25.47,25.15,25.47,25.05,4842
2022-12-07,25.14,25.17,25.18,25.03,6722
2022-12-08,25.4499,25.1,25.4499,25.02,5342
2022-12-09,25.16,25.1,25.2999,25.05,6880
2022-12-12,25.05,25.07,25.279,25.02,7823
2022-12-13,25.25,25.14,25.4,25.05,13027
2022-12-14,25.25,25.12,25.3999,25.05,95764
2022-12-15,25.12,25.13,25.2647,25.1,16059
2022-12-16,25.13,25.2,25.32,25.13,10271
2022-12-19,25.14,25.17,25.28,25.14,12303
2022-12-20,25.2,25.13,25.25,25.13,15349
2022-12-21,25.29,25.29,25.36,25.16,9360
2022-12-22,25.29,25.4899,25.4899,25.15,5048
2022-12-23,25.33,25.3,25.33,25.14,5276
2022-12-27,25.3352,25.18,25.3352,25.15,20537
2022-12-28,25.2296,25.01,25.235,25.01,19357
2022-12-29,25.35,25.235,25.44,25.0001,11873
2022-12-30,25.01,25.2,25.33,25.01,6721
2023-01-03,25.29,25.251,25.3899,25.15,2991
2023-01-04,25.3,25.3185,25.44,25.16,13304
2023-01-05,25.46,25.4499,25.5,25.35,3577
2023-01-06,25.47,25.47,25.545,25.27,12915
2023-01-09,25.47,25.28,25.7129,25.27,28511
2023-01-10,25.3,25.44,25.44,25.3,908
2023-01-11,25.41,25.54,25.6199,25.41,7119
2023-01-12,25.43,25.5,25.59,25.4,8352
2023-01-13,25.59,25.5,25.59,25.41,6526
2023-01-17,25.53,25.84,25.84,25.53,9438
2023-01-18,25.95,25.9424,26.048,25.8001,10123
2023-01-19,25.7679,25.785,25.88,25.63,7742
2023-01-20,25.78,25.5,25.79,25.4,15070
2023-01-23,25.78,25.64,25.85,25.53,4877
2023-01-24,25.8367,25.81,25.8367,25.64,1659
2023-01-25,25.735,25.93,25.93,25.735,12443
2023-01-26,25.99,25.9,26.03,25.745,17775
2023-01-27,25.787,25.84,25.9899,25.72,5064
2023-01-30,25.8999,25.85,25.8999,25.78,8854
2023-01-31,25.8,25.83,26.01,25.76,34398
2023-02-01,25.89,25.85,25.9299,25.85,14681
2023-02-02,25.6,25.61,25.62,25.41,18152
2023-02-03,25.71,25.55,25.71,25.32,11122
2023-02-06,25.7673,25.57,25.7673,25.5,4373
2023-02-07,25.6799,25.4,25.6799,25.3001,5242
2023-02-08,25.4248,25.57,25.6,25.4,3139
2023-02-09,25.62,25.335,25.62,25.32,6729
2023-02-10,25.35,25.52,25.53,25.35,1156
2023-02-13,25.475,25.58,25.58,25.43,3417
2023-02-14,25.58,25.47,25.5821,25.3803,3528
2023-02-15,25.3501,25.5499,25.5499,25.35,7493
2023-02-16,25.52,25.48,25.6899,25.36,5742
2023-02-17,25.48,25.55,25.56,25.48,7585
2023-02-21,25.565,25.22,25.565,25.13,9129
2023-02-22,25.285,25.21,25.53,25.2,8822
2023-02-23,25.3499,25.3,25.35,25.2015,7107
2023-02-24,25.3499,25.335,25.35,25.21,5676
2023-02-27,25.2863,25.23,25.45,25.21,9977
2023-02-28,25.21,25.24,25.2999,25.11,26180
2023-03-01,25.157,25.23,25.23,25.09,15509
2023-03-02,25.15,25.185,25.23,25.05,11192
2023-03-03,25.18,25.21,25.24,25.0928,10794
2023-03-06,25.15,25.25,25.25,25.0504,15884
2023-03-07,25.17,25.27,25.2899,25.1026,3648
2023-03-08,25.13,25.175,25.27,25.1024,6271
2023-03-09,25.103,24.5,25.2499,24.21,111672
2023-03-10,24.45,24.56,24.98,24.45,31492
2023-03-13,24.48,24.1,24.48,23.5,52806
2023-03-14,24.3,24.25,25.0911,23.6842,24332
2023-03-15,23.8,23.9,24.68,23.5001,10986
2023-03-16,23.89,24.8,24.9999,23.89,22218
2023-03-17,24.0,24.75,24.8,24.0,22042
2023-03-20,24.505,24.75,24.89,24.5,23531
2023-03-21,24.8,24.29,24.8,24.04,19894
2023-03-22,24.29,24.425,24.75,24.29,10901
2023-03-23,24.5,24.55,24.7366,24.29,12541
2023-03-24,24.49,24.05,24.61,24.0027,7979
2023-03-27,24.35,24.0,24.6799,24.0,11081
2023-03-28,23.9424,24.04,24.3411,23.9424,3088
2023-03-29,24.07,24.5999,24.5999,23.6901,8631
2023-03-30,24.4,24.48,24.5999,24.19,6618
2023-03-31,24.5,24.31,24.56,24.23,24164
2023-04-03,24.22,24.5077,24.5799,23.86,11995
2023-04-04,24.5,24.2,24.55,24.0102,4400
2023-04-05,24.6,24.535,24.69,24.46,10976
2023-04-06,24.6372,24.49,24.7999,24.3,23926
2023-04-10,24.5,24.4,24.55,24.2901,10564
2023-04-11,24.5,24.415,24.5499,24.415,2600
2023-04-12,24.76,24.42,24.76,24.42,8614
2023-04-13,24.6,24.58,24.62,24.42,11141
2023-04-14,24.447,24.7,24.7,24.29,6083
2023-04-17,24.65,24.65,24.7499,24.5001,5311
2023-04-18,24.65,24.655,24.7999,24.51,11822
2023-04-19,24.64,24.68,24.7975,24.5101,5841
2023-04-20,24.7631,24.6101,24.7631,24.57,6278
2023-04-21,24.705,24.62,24.79,24.61,6960
2023-04-24,24.8,24.61,24.8899,24.61,4699
2023-04-25,24.65,24.5577,24.6999,24.5577,5292
2023-04-26,24.5325,24.7,24.7,24.5,4248
2023-04-27,24.51,24.55,24.6999,24.51,3689
2023-04-28,24.55,24.71,24.85,24.5,29436
2023-05-01,24.54,24.83,24.85,24.52,9895
2023-05-02,24.6,23.1952,24.71,22.8701,34497
2023-05-03,23.07,23.0,23.45,23.0,19840
2023-05-04,22.75,19.57,22.75,18.5301,103034
