2011-05-23,55.644019,55.875227,56.183504,55.644019,70941
2011-05-24,55.817425,51.752021,55.817425,51.405209,313320
2011-05-25,50.653784,52.33004,52.61905,49.748219,273831
2011-05-26,52.195169,52.021763,53.929228,51.655684,86218
2011-05-27,53.312674,52.060298,54.680653,51.636417,207390
2011-05-31,52.811723,52.61905,53.235604,51.347407,195833
2011-06-01,52.946595,50.384041,53.659485,50.037229,153772
2011-06-02,50.441843,49.131665,51.077665,48.727052,134760
2011-06-03,48.534378,47.840755,48.977527,47.648082,150269
2011-06-06,48.746319,49.844556,51.668015,48.746319,310284
2011-06-07,50.364774,51.154734,51.963961,49.651883,179111
2011-06-08,50.865724,48.206834,51.25107,48.168299,224930
2011-06-09,48.495844,49.054596,49.998695,48.168299,155767
2011-06-10,48.938992,49.305071,49.786754,48.264636,127453
2011-06-13,49.439942,50.769387,51.000595,49.208735,164614
2011-06-14,51.578615,52.214436,52.413082,51.54008,129848
2011-06-15,51.752021,51.482278,52.214436,51.002329,113001
2011-06-16,51.752021,52.387842,52.965862,51.424476,95103
2011-06-17,52.773189,53.620951,53.929228,52.060298,179107
2011-06-20,54.102634,52.927327,54.102634,51.636417,130224
2011-06-21,53.543881,54.141168,54.430178,52.676852,149577
2011-06-22,53.678753,54.064099,55.605485,53.524614,108787
2011-06-23,53.331941,51.54008,54.603584,51.347407,258679
2011-06-24,51.655684,50.24917,51.761654,49.517012,143886
2011-06-27,50.268437,51.25107,51.385942,49.247269,109678
2011-06-28,51.54008,51.597882,51.963961,50.923526,104381
2011-06-29,51.694219,52.985129,53.274139,51.32814,113910
2011-06-30,52.927327,51.906159,52.927327,50.692318,169617
2011-07-01,52.387842,52.715387,53.775089,51.906159,142501
2011-07-05,53.601683,51.077665,53.601683,50.673051,117314
2011-07-06,51.174001,50.403308,51.732753,49.786754,110849
2011-07-07,50.962061,51.848357,52.098832,50.172101,112578
2011-07-08,51.03913,51.385942,52.40711,49.67115,144485
2011-07-11,50.634516,49.594081,51.231803,49.266536,119504
2011-07-12,49.362873,49.96016,50.673051,49.228002,103668
2011-07-13,50.017962,51.809823,52.927327,49.844556,160168
2011-07-14,51.809823,49.825289,52.021763,49.517012,155740
2011-07-15,50.422576,50.595982,50.942793,49.45921,150964
2011-07-18,50.653784,50.268437,50.865724,49.594081,80738
2011-07-19,50.518912,48.900457,50.846457,48.323979,139682
2011-07-20,48.958259,47.378339,49.45921,47.050795,137029
2011-07-21,47.686616,48.052695,48.649982,47.571012,75693
2011-07-22,47.917824,48.784853,48.823388,47.667349,48804
2011-07-25,48.457309,46.80032,48.457309,46.569112,97445
2011-07-26,46.241567,48.572913,48.727052,45.586478,150324
2011-07-27,48.938992,47.031527,49.054596,46.684716,102694
2011-07-28,46.877389,47.339805,47.474676,46.262761,106673
2011-07-29,47.320537,46.896656,47.551745,46.453508,68709
2011-08-01,47.532478,44.93139,48.438042,44.661647,177597
2011-08-02,43.85242,41.617411,44.314835,39.459471,372513
2011-08-03,38.534639,37.95662,40.499906,37.571273,234645
2011-08-04,37.45567,39.690679,40.43247,36.973987,333993
2011-08-05,40.865985,40.692579,42.19543,38.149293,214676
2011-08-08,38.380501,36.742779,39.613609,36.357432,230648
2011-08-09,36.684977,35.875749,38.052956,32.735176,311638
2011-08-10,35.336264,32.773711,35.336264,32.56177,189726
2011-08-11,32.253493,35.875749,36.896917,32.253493,233697
2011-08-12,36.241828,34.334364,36.684977,34.122423,135303
2011-08-15,34.623374,35.085789,35.837215,34.488502,163769
2011-08-16,35.50967,33.081988,35.586739,32.754444,126509
2011-08-17,33.236126,33.197592,34.160958,32.581038,104434
2011-08-18,32.253493,30.962583,32.764077,30.789177,136817
2011-08-19,30.635038,29.575336,31.463533,29.305593,105703
2011-08-22,29.90288,28.785376,30.827712,28.457831,150105
2011-08-23,29.517534,30.461632,30.538702,28.90098,124394
2011-08-24,30.326761,29.845078,31.251593,28.997316,119053
2011-08-25,30.095553,28.997316,30.76991,28.881712,97077
2011-08-26,28.90098,30.461632,30.673573,28.90098,145201
2011-08-29,30.827712,33.35173,33.660008,30.827712,149565
2011-08-30,34.199492,35.50967,36.145492,33.4288,141752
2011-08-31,35.817947,34.353631,38.408631,34.064621,155795
2011-09-01,34.71971,33.255394,35.606007,33.13979,113856
2011-09-02,32.696642,31.386464,33.236126,31.251593,81455
2011-09-06,30.211157,31.444266,31.848879,30.134088,111200
2011-09-07,32.176424,32.118622,33.13979,31.4828,87169
2011-09-08,32.022285,32.34983,34.122423,32.022285,134710
2011-09-09,31.829612,31.328662,33.024186,30.933682,107256
2011-09-12,31.001117,32.619572,32.696642,31.001117,112628
2011-09-13,33.024186,35.22066,35.683076,32.85078,148325
2011-09-14,35.432601,34.738977,35.875749,33.906629,122476
2011-09-15,35.047255,34.912383,35.760145,34.565572,86528
2011-09-16,34.777512,33.794879,35.413334,33.236126,103577
2011-09-19,33.910483,32.619572,33.910483,32.108988,83989
2011-09-20,32.696642,31.906681,33.24576,31.810345,55646
2011-09-21,32.581038,30.519434,32.600305,30.346029,89240
2011-09-22,29.61387,29.363395,30.712108,29.055118,108689
2011-09-23,28.997316,30.615771,30.712108,28.592702,219434
2011-09-26,31.001117,31.810345,31.925949,30.403638,102177
2011-09-27,34.141691,31.27086,34.4307,31.155256,105319
2011-09-28,31.309395,28.997316,31.328662,28.920247,93371
2011-09-29,29.768009,29.093653,30.076286,28.188089,100857
2011-09-30,28.61197,26.473297,28.708306,26.473297,124091
2011-10-03,26.376961,23.852942,26.492565,22.735437,913885
2011-10-04,23.274922,26.068684,26.993515,23.274922,343856
2011-10-05,26.107218,26.396228,26.588901,25.490664,90838
2011-10-06,26.299891,25.008981,26.299891,24.604367,184857
2011-10-07,25.047516,23.833674,25.095684,23.255655,159291
2011-10-10,24.469496,26.068684,27.147653,24.276823,163643
2011-10-11,25.741139,27.937614,28.419297,25.16312,142940
2011-10-12,29.363395,30.057019,31.540602,28.804643,169451
2011-10-13,29.999217,28.90098,29.999217,28.438564,115051
2011-10-14,29.652405,29.363395,29.69094,29.055118,75842
2011-10-17,29.11292,28.207356,29.575336,27.995416,82378
2011-10-18,28.400029,28.207356,29.305593,27.669991,121523
2011-10-19,28.303693,25.625535,28.554168,25.242116,187538
2011-10-20,25.702604,26.357693,26.511832,24.912644,92062
2011-10-21,26.434763,25.509931,27.359594,25.394327,140004
2011-10-24,26.203555,25.548466,26.203555,24.5851,149350
2011-10-25,25.452129,25.105318,25.548466,24.758506,113649
2011-10-26,25.529199,25.066783,25.760406,24.430961,142959
2011-10-27,26.531099,26.338426,27.301792,25.87601,187311
2011-10-28,25.798941,26.685238,27.012782,25.529199,103474
2011-10-31,26.010882,24.045615,26.030149,24.00708,174351
2011-11-01,23.525397,25.143852,25.895278,22.369358,202949
2011-11-02,24.334625,25.066783,25.548466,23.718071,109037
2011-11-03,24.565833,24.604367,25.028248,23.641001,97462
2011-11-04,24.315357,24.315357,24.662169,24.055249,122855
2011-11-07,24.219021,23.467595,24.392427,23.236388,106233
2011-11-08,23.737338,23.814407,23.891476,23.024447,97104
2011-11-09,23.043714,24.469496,24.951179,22.562031,201856
2011-11-10,25.991614,27.687138,27.773841,25.490664,360811
2011-11-11,28.188089,27.475198,29.209257,27.205455,219805
2011-11-14,27.166921,27.648604,27.706406,26.916446,125420
2011-11-15,27.359594,27.629336,28.014683,27.186188,98730
2011-11-16,27.282525,27.956881,28.130287,27.205455,93278
2011-11-17,28.014683,27.321059,28.303693,27.070584,125919
2011-11-18,27.378861,26.95498,27.687138,26.800842,97060
2011-11-21,26.74304,24.238288,26.74304,24.08415,132641
2011-11-22,23.159318,20.038012,23.159318,19.113181,523680
2011-11-23,19.960943,19.76827,20.365557,19.016845,196143
2011-11-25,19.614131,18.862706,20.038012,18.862706,71888
2011-11-28,19.903141,20.095814,20.134349,19.575597,186162
2011-11-29,20.018745,19.19025,20.018745,19.093914,137320
2011-11-30,20.153616,20.327022,20.461894,19.575597,194107
2011-12-01,20.230686,19.286587,20.442626,19.286587,153904
2011-12-02,19.55633,19.228785,19.76827,18.97831,153624
2011-12-05,19.729735,20.038012,20.153424,19.652666,173226
2011-12-06,20.616032,19.980211,22.061081,19.787537,233956
2011-12-07,19.806805,19.363656,19.941676,19.036112,112264
2011-12-08,19.055379,18.47736,19.055379,18.014944,187155
2011-12-09,18.438825,18.843439,19.093914,18.335745,102260
2011-12-12,18.515894,18.419558,18.631498,17.822271,164363
2011-12-13,18.496627,18.361756,19.209518,18.130548,149644
2011-12-14,18.092013,17.89934,18.323221,17.436924,136060
2011-12-15,18.014944,17.976409,18.207617,17.591063,108473
2011-12-16,18.111281,18.535162,18.670033,17.918607,214010
2011-12-19,18.901241,17.687399,20.018745,17.475459,184206
2011-12-20,18.18835,19.691201,20.230686,18.18835,166913
2011-12-21,19.691201,19.517795,19.691201,19.016845,96151
2011-12-22,19.440726,21.34819,21.656467,19.440726,226933
2011-12-23,21.34819,21.328923,21.579398,20.84724,53278
2011-12-27,21.174784,20.616032,21.560131,20.55823,48960
2011-12-28,20.577497,20.192151,20.750903,19.594864,61438
2011-12-29,20.230686,20.905042,21.020646,20.230686,86511
2011-12-30,21.05918,21.05918,21.579398,20.982111,77351
2012-01-03,21.964744,22.157418,22.92811,21.810606,132170
2012-01-04,22.118883,21.656467,22.157418,21.194052,64856
2012-01-05,21.444527,21.42526,21.752804,21.174784,70533
2012-01-06,21.598665,21.174784,22.118883,21.13625,84491
2012-01-09,21.579398,22.793239,24.315357,21.405992,163951
2012-01-10,22.754705,22.369358,23.332724,22.118883,141413
2012-01-11,22.600566,24.430961,24.662169,22.600566,152943
2012-01-12,24.565833,25.490664,27.340327,24.565833,236576
2012-01-13,25.317258,25.278723,25.721872,24.257556,173127
2012-01-17,25.606268,26.95498,27.012782,25.259456,208110
2012-01-18,27.012782,28.226623,29.132187,27.012782,348204
2012-01-19,28.554168,25.529199,28.554168,25.182387,223847
2012-01-20,25.683337,26.030149,26.068684,25.143852,134440
2012-01-23,27.128386,25.355793,28.90098,25.105318,167804
2012-01-24,25.16312,24.392427,25.432862,23.930011,122856
2012-01-25,25.047516,24.238288,25.240189,24.08415,164718
2012-01-26,24.469496,23.987813,25.124585,23.775873,90895
2012-01-27,23.833674,25.008981,25.798941,23.621734,80950
2012-01-30,24.681437,24.931912,25.259456,24.373159,48397
2012-01-31,25.08605,24.488763,25.355793,24.064882,78463
2012-02-01,24.623635,24.161219,24.989714,24.00708,128462
2012-02-02,24.199754,23.602467,24.334625,22.350091,151698
2012-02-03,23.910744,24.893377,25.007054,23.872209,92587
2012-02-06,24.527298,25.471397,26.434763,24.527298,100029
2012-02-07,25.336525,24.835575,25.721872,24.411694,80229
2012-02-08,24.816308,23.525397,25.066783,23.50613,137290
2012-02-09,23.583199,22.793239,24.064882,22.696903,119354
2012-02-10,20.789438,19.614131,21.155517,19.26732,345357
2012-02-13,19.787537,19.787537,20.190802,19.093914,204202
2012-02-14,19.26732,21.656467,24.276823,19.209518,416720
2012-02-15,21.868408,20.307755,22.157418,20.230686,139503
2012-02-16,20.192151,20.731636,20.962844,19.883874,72942
2012-02-17,20.827973,20.172884,21.290388,20.05728,82076
2012-02-21,20.038012,18.920508,21.097715,18.515894,239538
2012-02-22,18.920508,19.26732,20.211418,18.824171,188198
2012-02-23,19.26732,19.440726,19.498528,18.515894,129994
2012-02-24,19.47926,18.766369,19.845339,18.6893,131183
2012-02-27,18.535162,19.093914,19.228785,18.323221,118105
2012-02-28,18.6893,17.648865,19.652666,17.552528,336282
2012-02-29,17.764469,17.051578,18.303954,16.878172,218035
2012-03-01,17.10938,17.456192,18.323221,17.10938,136513
2012-03-02,17.340588,16.550628,17.475459,16.396489,237758
2012-03-05,16.512093,15.991875,17.051578,15.7414,170760
2012-03-06,15.722133,15.587262,16.454291,15.138333,205653
2012-03-07,15.606529,16.184549,16.203816,15.45239,94367
2012-03-08,16.415756,16.03041,16.762568,15.895539,93919
2012-03-09,16.088212,16.396489,17.090113,15.914806,141581
2012-03-12,16.743301,17.39839,17.436924,16.550628,148176
2012-03-13,17.494726,18.97831,18.97831,17.436924,211156
2012-03-14,18.97831,19.594864,19.749003,18.592964,192363
2012-03-15,20.365557,21.849141,22.889576,19.363656,591538
2012-03-16,22.253754,24.565833,24.565833,22.253754,592879
2012-03-19,24.276823,24.989714,25.587001,23.323091,378568
2012-03-20,24.257556,21.752804,24.334625,21.579398,304552
2012-03-21,22.311556,21.984012,22.600566,21.675735,126291
2012-03-22,21.598665,20.423359,21.695002,20.208336,148429
2012-03-23,20.384824,21.502329,21.829873,20.34629,90965
2012-03-26,21.887675,21.483061,21.887675,20.827973,77324
2012-03-27,21.6372,22.696903,23.486863,21.290388,200312
2012-03-28,23.872209,24.373159,24.700704,23.390526,229724
2012-03-29,24.199754,24.488763,24.739239,23.713254,158368
2012-03-30,24.739239,24.334625,25.394327,24.180486,164741
2012-04-02,24.710338,23.737338,24.710338,22.966645,157490
2012-04-03,23.833674,22.061081,23.833674,21.695002,170241
2012-04-04,21.695002,21.290388,22.253754,21.116982,154305
2012-04-05,21.078448,21.116982,22.041814,20.943577,130350
2012-04-09,20.635299,21.271121,21.367458,19.806805,124583
2012-04-10,21.271121,19.806805,21.675735,19.749003,159968
2012-04-11,20.134349,19.749003,20.249953,18.97831,173873
2012-04-12,19.845339,20.05728,20.596765,19.286587,99987
2012-04-13,19.922409,19.286587,19.922409,19.074647,84986
2012-04-16,19.402191,20.307755,20.770171,19.305854,94004
2012-04-17,20.538963,21.078448,21.34819,19.903141,112202
2012-04-18,20.905042,19.55633,21.328923,19.517795,89272
2012-04-19,20.731636,19.074647,20.885775,19.055379,124610
2012-04-20,19.459993,19.55633,19.999478,19.363656,99249
2012-04-23,19.113181,19.710468,19.845339,18.901241,122798
2012-04-24,19.633399,20.808705,20.982111,19.55633,109113
2012-04-25,21.001378,21.829873,21.868408,20.577497,130207
2012-04-26,21.675735,22.388625,22.562031,21.232586,128268
2012-04-27,22.369358,22.831774,22.92811,21.492695,118174
2012-04-30,23.120784,22.542764,23.255655,21.964744,177386
2012-05-01,22.157418,22.369358,23.024447,20.500428,188976
2012-05-02,22.157418,23.062982,23.236388,22.13815,106733
2012-05-03,23.00518,22.099616,23.00518,21.849141,101514
2012-05-04,22.061081,21.675735,22.311556,21.675735,59991
2012-05-07,21.405992,21.116982,21.849141,21.05918,131692
2012-05-08,20.693101,21.579398,21.675735,20.26922,92486
2012-05-09,21.097715,21.617933,21.752804,20.538963,74485
2012-05-10,21.887675,21.078448,21.887675,20.905042,87070
2012-05-11,20.827973,20.770171,21.695002,20.596765,159909
2012-05-14,20.481161,19.016845,20.789438,18.631498,242598
2012-05-15,18.997577,18.650765,19.459993,18.496627,92773
2012-05-16,18.747102,18.149815,19.382924,18.034211,99459
2012-05-17,18.111281,17.263518,18.6893,17.10938,145158
2012-05-18,17.359855,17.841538,18.323221,17.340588,88407
2012-05-21,17.803003,19.883874,20.018745,17.167182,184034
2012-05-22,19.691201,19.652666,20.519695,19.498528,125136
2012-05-23,19.344389,20.211418,20.423359,18.824171,87029
2012-05-24,20.249953,20.635299,20.635299,19.864607,51695
2012-05-25,20.712369,22.639101,22.812507,20.404092,136925
2012-05-29,22.92811,23.120784,23.178586,22.061081,128387
2012-05-30,22.773972,21.213319,22.773972,20.432993,92529
2012-05-31,21.194052,21.039913,21.194052,20.442626,76198
2012-06-01,20.288488,19.305854,20.962844,19.113181,134769
2012-06-04,19.440726,18.708567,19.980211,18.458092,104005
2012-06-05,18.573696,19.671933,19.806805,18.554429,80320
2012-06-06,19.980211,21.502329,21.502329,19.922409,99416
2012-06-07,21.695002,20.982111,22.080348,20.924309,90435
2012-06-08,20.866507,20.808705,21.271121,20.442626,59184
2012-06-11,21.251854,19.286587,21.271121,19.26732,77310
2012-06-12,19.440726,19.016845,19.864607,18.939775,80969
2012-06-13,18.997577,18.708567,19.845339,18.323221,138680
2012-06-14,18.747102,19.26732,19.325122,18.612231,91197
2012-06-15,19.26732,18.6893,19.363656,18.612231,137301
2012-06-18,18.901241,18.881973,19.209518,18.207617,85923
2012-06-19,19.036112,20.384824,20.423359,18.947097,111641
2012-06-20,20.384824,20.770171,20.770171,19.980211,44667
2012-06-21,20.596765,19.614131,20.924309,19.55633,75940
2012-06-22,19.941676,19.575597,19.941676,18.997577,84746
2012-06-25,19.132448,18.747102,19.76827,18.670033,100874
2012-06-26,19.729735,19.363656,19.729735,18.843439,90899
2012-06-27,19.421458,20.018745,20.384824,19.151716,79855
2012-06-28,19.614131,20.288488,20.461894,19.498528,89467
2012-06-29,20.924309,21.405992,21.714269,19.999478,132652
2012-07-02,21.444527,20.423359,21.473428,20.115082,89545
2012-07-03,20.538963,21.05918,21.328923,20.327022,54855
2012-07-05,20.84724,20.693101,21.05918,20.192151,54390
2012-07-06,20.26922,20.249953,20.616032,19.826072,72439
2012-07-09,20.153616,20.038012,20.327022,19.614131,93008
2012-07-10,20.230686,18.727835,20.481161,18.612231,89396
2012-07-11,18.727835,17.783736,19.035149,17.725934,109709
2012-07-12,17.591063,17.302053,17.629598,16.627697,97350
2012-07-13,17.417657,17.340588,17.687399,16.897439,58910
2012-07-16,17.340588,16.31942,17.436924,16.261618,83966
2012-07-17,16.435024,15.895539,16.598796,15.895539,107144
2012-07-18,15.779935,15.067044,16.203816,15.028509,144080
2012-07-19,15.124846,12.543025,15.2707,12.205847,303008
2012-07-20,12.331085,12.58156,12.7935,12.157679,181032
2012-07-23,12.196213,11.772332,12.196213,11.637461,191521
2012-07-24,11.637461,11.252115,11.945738,11.155778,143924
2012-07-25,11.290649,11.097976,11.309917,10.847501,104430
2012-07-26,11.290649,11.194313,11.482937,10.982372,64212
2012-07-27,11.271382,12.697164,13.670163,11.159632,242389
2012-07-30,12.620094,11.329184,12.697164,10.963105,224885
2012-07-31,11.194313,11.020907,11.533418,10.886036,148031
2012-08-01,10.828234,11.078709,11.984273,9.63366,319386
2012-08-02,10.847501,10.693362,11.521857,10.346551,138867
2012-08-03,10.982372,11.078709,11.704897,10.751164,141608
2012-08-06,11.117243,11.637461,11.810867,10.92457,69967
2012-08-07,12.273283,12.832035,14.508292,12.273283,328382
2012-08-08,12.909104,11.753065,12.909104,11.560392,197929
2012-08-09,11.733798,12.697164,12.754966,11.541125,105323
2012-08-10,12.523758,12.523758,12.620094,11.849402,93717
2012-08-13,12.50449,12.600827,12.832035,12.138411,93585
2012-08-14,12.754966,13.217381,13.37152,12.562292,119205
2012-08-15,13.159579,13.87247,13.930272,12.909104,95631
2012-08-16,13.87247,13.814668,14.238549,13.699064,69963
2012-08-17,13.814668,13.776134,14.045876,13.641262,57333
2012-08-20,13.756866,13.699064,13.830082,13.255916,97434
2012-08-21,13.737599,13.699064,13.930272,13.544926,125766
2012-08-22,13.641262,13.621995,13.87247,13.525658,53022
2012-08-23,13.641262,12.909104,13.737599,12.735698,291949
2012-08-24,12.812768,12.58156,13.005441,12.465956,87767
2012-08-27,12.620094,12.350352,12.754966,12.350352,92305
2012-08-28,12.29255,12.061342,12.408154,11.870788,92527
2012-08-29,12.119144,11.7916,12.677896,11.733798,78449
2012-08-30,11.772332,11.618194,11.965006,11.560392,48590
2012-08-31,11.830134,11.579659,11.965006,11.560392,79759
2012-09-04,11.579659,11.656728,11.772332,11.117243,135867
2012-09-05,11.733798,11.348451,11.733798,11.309917,83664
2012-09-06,11.464055,11.753065,12.022807,11.367719,166280
2012-09-07,11.830134,11.810867,12.215481,11.675996,120932
2012-09-10,11.753065,11.675996,12.00354,11.521857,98239
2012-09-11,11.675996,12.29255,12.369619,11.618194,106074
2012-09-12,12.427421,12.947639,13.005441,12.311817,75495
2012-09-13,12.677896,13.410055,13.564193,12.600827,173949
2012-09-14,13.429322,13.390787,13.814668,13.159579,99892
2012-09-17,13.332985,13.198114,13.814668,12.928372,55414
2012-09-18,12.986173,13.005441,13.121045,12.7935,53080
2012-09-19,13.043975,13.506391,13.795401,12.947639,189806
2012-09-20,13.352253,13.795401,14.219282,12.87057,130396
2012-09-21,13.911005,14.103678,14.431222,13.853203,188234
2012-09-24,13.891738,13.795401,14.065143,13.506391,96076
2012-09-25,13.814668,12.986173,14.026609,12.909104,118639
2012-09-26,12.928372,12.928372,13.506391,12.658629,136515
2012-09-27,13.005441,13.58346,13.805035,12.851302,76331
2012-09-28,13.506391,12.716431,13.564193,12.716431,90460
2012-10-01,12.812768,12.50449,13.429322,12.427421,152869
2012-10-02,12.523758,13.641262,13.87247,12.369619,304256
2012-10-03,13.66053,13.140312,13.853203,13.005441,181429
2012-10-04,13.159579,13.198114,13.360345,12.947639,105796
2012-10-05,13.429322,13.332985,13.679797,13.28289,80370
2012-10-08,13.217381,13.178847,13.410055,13.005441,94077
2012-10-09,13.236649,12.157679,13.467856,12.061342,201860
2012-10-10,12.138411,11.772332,12.331085,11.50259,235877
2012-10-11,11.887936,11.329184,11.887936,11.271382,113174
2012-10-12,11.329184,9.787798,11.483323,9.691462,381945
2012-10-15,10.057541,9.961204,10.11515,9.672194,197091
2012-10-16,9.999739,7.244512,10.038274,7.128908,1562495
2012-10-17,6.97477,6.550889,6.994037,6.030671,1280408
2012-10-18,6.608691,6.820631,7.125055,6.281146,468779
2012-10-19,6.743562,6.261879,6.801364,6.18481,283709
2012-10-22,2.697425,2.36988,3.005702,1.965267,2966702
2012-10-23,2.119405,2.774494,3.15984,2.119405,1085929
2012-10-24,2.813029,2.524019,2.851563,2.504752,398099
2012-10-25,2.562554,2.543286,2.620355,2.312078,262618
2012-10-26,2.408415,2.36988,2.44695,2.254276,421278
2012-10-31,2.36988,2.15794,2.504752,2.15794,883572
2012-11-01,2.235009,2.273544,2.408415,2.138672,270344
2012-11-02,2.312078,2.678157,2.678157,2.273544,263087
2012-11-05,2.697425,3.179108,3.333246,2.678157,449437
2012-11-06,3.179108,3.23691,3.313979,2.735959,254245
2012-11-07,3.140573,2.870831,3.23691,2.755227,235218
2012-11-08,3.140573,2.774494,3.140573,2.735959,104203
2012-11-09,2.851563,2.15794,2.851563,2.061603,226524
2012-11-12,2.215742,2.312078,2.331346,2.177207,120816
2012-11-13,2.254276,2.177207,2.678157,2.119405,263261
2015-12-18,6.146275,5.764782,6.146275,5.764782,3045
2015-12-21,5.955529,5.616424,5.955529,5.616424,2307
2015-12-22,5.785976,5.722394,5.785976,5.616424,19128
2015-12-23,5.764782,5.743588,6.103887,5.722394,27835
2015-12-24,5.722394,5.934334,5.934334,5.721334,1637
2015-12-28,6.019111,6.082693,6.103887,5.934334,2388
2015-12-29,6.103675,6.231051,6.548962,6.103675,8174
2015-12-30,6.146275,6.019111,6.231051,5.828364,10130
2015-12-31,5.997917,5.997917,6.188663,5.828364,8717
2016-01-04,5.828364,5.722394,5.828364,5.637618,3061
2016-01-05,5.828364,5.785976,5.934334,5.785976,35036
2016-01-06,5.722394,5.616424,5.934334,5.59523,2727
2016-01-07,5.616424,5.616424,5.669409,5.468065,3855
2016-01-08,5.59523,5.616424,5.616424,5.531647,302
2016-01-11,5.616424,5.510453,5.764782,5.468065,5296
2016-01-12,5.531647,5.658812,5.722394,5.531647,1679
2016-01-13,5.616424,5.616424,5.64228,5.616424,1138
2016-01-14,5.574036,5.510453,5.616424,5.404483,3348
2016-01-15,4.02687,5.086572,5.192543,4.02687,12805
2016-01-19,5.001796,4.980602,5.192543,4.768662,7754
2016-01-20,5.150155,4.959408,5.150155,4.662691,5625
2016-01-21,5.128961,5.086572,5.171349,5.086572,281
2016-01-22,5.298513,5.404483,5.680006,5.224334,14509
2016-01-25,5.277319,5.192543,5.468065,5.192543,3124
2016-01-26,5.065378,5.234931,5.446871,5.065378,1838
2016-01-27,5.256125,5.404483,5.510453,5.256125,2687
2016-01-28,5.531647,5.446871,5.531647,5.256125,2509
2016-01-29,5.574036,5.7012,5.722394,5.192543,1825
2016-02-01,5.743588,5.637618,5.743588,5.574036,3151
2016-02-02,5.7012,5.213737,5.722394,4.987384,9331
2016-02-03,5.277319,5.150155,5.468065,4.959408,11770
2016-02-04,4.938214,5.065378,5.297877,4.895826,2865
2016-02-05,4.895826,5.044184,5.086572,4.768662,4063
2016-02-08,4.81105,4.980602,4.980602,4.789856,1876
2016-02-09,5.065378,5.044184,5.362095,5.001796,211845
2016-02-10,5.033587,4.938214,5.033587,4.907483,96716
2016-02-11,4.847715,4.874632,4.895826,4.842629,90110
2016-02-12,4.807447,4.768662,4.906423,4.747468,104954
2016-02-16,4.81105,4.662691,5.086572,4.514333,19056
2016-02-17,4.683885,4.726274,4.789856,4.662691,20621
2016-02-18,4.705079,4.641497,4.768662,4.599109,21012
2016-02-19,4.768662,4.662691,4.768662,4.556721,27718
2016-02-22,4.577915,4.577915,4.662691,4.556721,44085
2016-02-23,4.556721,4.365975,4.556721,4.196422,21782
2016-02-24,4.260004,4.429557,4.486357,4.069258,53423
2016-02-25,4.196422,4.599109,4.620303,4.13284,41713
2016-02-26,4.609706,4.493139,4.620303,4.450751,22279
2016-02-29,4.514333,4.196422,4.577915,4.196422,19433
2016-03-01,4.344781,4.450751,4.556721,4.344781,86511
2016-03-02,4.429557,4.450751,4.534043,4.429557,76507
2016-03-03,4.450751,4.514333,4.450751,4.450751,49873
2016-03-04,4.556721,4.789856,4.853438,4.260004,108846
2016-03-07,4.768662,4.874632,5.277319,4.556721,517566
2016-03-08,4.81105,4.789856,5.171349,4.6309,379249
2016-03-09,4.874632,4.91702,4.980602,4.577915,246208
2016-03-10,4.91702,4.620303,4.91702,4.91702,413853
2016-03-11,4.620303,4.662691,4.620303,4.620303,187627
2016-03-14,4.726274,4.493139,5.001796,4.493139,477511
2016-03-15,4.493139,4.747468,4.493139,4.493139,152362
2016-03-16,4.683885,4.641497,4.980602,4.535527,173756
2016-03-17,4.747468,4.599109,4.768662,4.365975,377920
2016-03-18,4.641497,4.281198,4.747468,4.13284,902415
2016-03-21,4.260004,4.450751,4.662691,4.260004,55983
2016-03-22,4.450751,4.344781,4.556721,4.302392,61363
2016-03-23,4.429557,4.13284,4.440154,4.069258,230582
2016-03-24,4.13284,4.13284,4.13284,4.13284,83069
2016-03-28,4.196422,4.23881,4.365975,4.090452,41173
2016-03-29,4.196422,4.175228,4.302392,4.090452,55323
2016-03-30,4.243049,4.175228,4.260004,4.13284,65693
2016-03-31,4.23881,3.984482,4.281198,3.9209,744777
2016-04-01,4.090452,4.23881,4.239022,4.005676,126599
2016-04-04,4.154034,4.23881,4.365975,4.154034,185045
2016-04-05,4.23881,4.13284,4.23881,4.23881,85437
2016-04-06,4.23881,4.196422,4.23881,4.13284,64179
2016-04-07,4.196422,4.175228,4.196422,4.069258,59071
2016-04-08,4.23881,4.069258,4.23881,4.02687,55975
2016-04-11,4.196422,4.13284,4.23881,4.069258,28159
2016-04-12,4.196422,4.217616,4.408363,4.154034,58301
2016-04-13,4.217616,4.450751,4.471945,4.196422,36744
2016-04-14,4.365975,4.429557,4.471945,4.323587,34689
2016-04-15,4.450751,4.323587,4.450751,4.323587,15785
2016-04-18,4.387169,4.387169,4.450751,4.302392,71965
2016-04-19,4.429557,4.535527,4.556721,4.355378,44352
2016-04-20,4.514333,4.641497,4.641497,4.493139,51885
2016-04-21,4.577915,4.577915,4.620303,4.429557,47591
2016-04-22,4.493139,4.493139,4.599109,4.440154,70848
2016-04-25,4.514333,4.387169,4.556721,4.344781,86974
2016-04-26,4.429557,4.514333,4.514333,4.365975,35474
2016-04-27,4.493139,4.408363,4.493139,4.344781,96942
2016-04-28,4.450751,4.344781,4.471945,4.323587,72854
2016-04-29,4.387169,4.302392,4.408363,4.23881,209117
2016-05-02,4.344781,4.344781,4.376572,4.249407,126397
2016-05-03,4.408363,4.260004,4.408363,4.217616,64029
2016-05-04,4.302392,4.23881,4.365975,4.217616,293406
2016-05-05,4.260004,4.23881,4.323587,4.217616,84509
2016-05-06,4.217616,4.196422,4.249407,4.13284,86891
2016-05-09,4.154034,4.13284,4.23881,4.090452,55350
2016-05-10,4.217616,4.13284,4.23881,4.069258,174250
2016-05-11,4.13284,4.048064,4.13284,4.02687,43297
2016-05-12,4.13284,4.005676,4.13284,3.942094,48246
2016-05-13,4.005676,3.9209,4.005676,3.857317,19341
2016-05-16,3.942094,3.9209,3.957989,3.88275,16357
2016-05-17,3.942094,3.899706,4.02687,3.867914,86409
2016-05-18,3.9209,3.814929,3.952691,3.814929,84990
2016-05-19,3.836123,3.899706,3.899706,3.730153,65751
2016-05-20,3.878511,3.963288,4.02687,3.878511,47542
2016-05-23,3.9209,3.963288,4.02687,3.9209,36332
2016-05-24,3.942094,3.878511,4.005676,3.793735,465953
2016-05-25,3.9209,3.899706,3.9209,3.836335,50229
2016-05-26,3.942094,3.878511,3.942094,3.857317,44731
2016-05-27,3.899706,3.963288,3.963288,3.857317,187155
2016-05-31,4.005676,3.772541,4.005676,3.772541,181972
2016-06-01,3.878511,3.772541,3.878511,3.687765,685393
2016-06-02,3.814929,3.793735,3.889108,3.772541,218950
2016-06-03,3.814929,3.836123,3.857317,3.772541,347787
2016-06-06,3.814929,3.751347,3.878511,3.687765,187314
2016-06-07,3.793735,3.9209,3.942094,3.730153,129985
2016-06-08,3.899706,3.836123,3.942094,3.814929,1182719
2016-06-09,3.857317,3.942094,3.963288,3.814929,432037
2016-06-10,3.963288,4.02687,4.154034,3.9209,1694895
2016-06-13,3.980949,3.850253,4.062193,3.716024,429626
2016-06-14,3.821994,3.708959,3.839656,3.553536,1007732
2016-06-15,3.726621,3.648909,3.84672,3.521992,667241
2016-06-16,3.602989,3.723088,3.723088,3.550004,495233
2016-06-17,3.712491,3.857317,3.938561,3.638312,630570
2016-06-20,3.853785,4.146969,4.245875,3.853785,1130664
2016-06-21,4.171696,4.164631,4.23881,4.037467,993398
2016-06-22,4.139905,4.189358,4.221149,4.129308,794706
2016-06-23,4.235278,4.150502,4.23881,4.083387,695517
2016-06-24,4.069258,3.952691,4.104581,3.927964,3577163
2016-06-27,3.973885,3.758412,3.973885,3.733685,509052
2016-06-28,3.807865,3.885576,3.9209,3.761944,585305
2016-06-29,3.90677,3.885576,3.910303,3.832591,493145
2016-06-30,3.84672,3.882044,3.885576,3.783138,239799
2016-07-01,3.86085,3.885576,3.938561,3.84672,389843
2016-07-05,3.885576,3.705427,3.892641,3.655974,206268
2016-07-06,3.673636,3.913835,3.9209,3.560601,645966
2016-07-07,3.956223,4.037467,4.08692,3.899706,385212
2016-07-08,4.079855,4.207019,4.224681,4.079855,257988
2016-07-11,4.23881,4.185825,4.23881,4.150502,312849
2016-07-12,4.203487,4.090452,4.217616,4.079855,395389
2016-07-13,4.097517,4.076323,4.115178,4.051596,212144
2016-07-14,4.101049,4.108114,4.136372,4.079855,136500
2016-07-15,4.13284,4.178761,4.196422,4.122243,214214
2016-07-18,4.161099,4.457816,4.503736,4.161099,397256
2016-07-19,4.450751,4.450751,4.511684,4.390701,309921
2016-07-20,4.305925,4.344781,4.41896,4.295328,120062
2016-07-21,4.351845,4.560253,4.58498,4.320054,211357
2016-07-22,4.556721,4.623836,4.635316,4.539059,129768
2016-07-25,4.627368,4.52493,4.644994,4.514333,151942
2016-07-26,4.528462,4.500204,4.53588,4.466646,183739
2016-07-27,4.507268,4.489607,4.510801,4.46488,219685
2016-07-28,4.493139,4.390701,4.493139,4.337716,266437
2016-07-29,4.376572,4.517865,4.542592,4.348313,178031
2016-08-01,4.539059,4.475477,4.553189,4.443686,180609
2016-08-02,4.475477,4.383636,4.482542,4.334184,124224
2016-08-03,4.369507,4.482542,4.500204,4.344781,186688
2016-08-04,4.47901,4.461348,4.514333,4.344781,184097
2016-08-05,4.46488,4.507268,4.542592,4.436621,145318
2016-08-08,4.542592,4.510801,4.602642,4.46488,103140
2016-08-09,4.535527,4.164631,4.535527,4.129308,201259
2016-08-10,4.122243,3.938561,4.122243,3.924432,147062
2016-08-11,3.938561,3.733685,3.938561,3.716024,171158
2016-08-12,3.74075,3.708959,3.74075,3.625949,144266
2016-08-15,3.744282,3.853785,3.857317,3.712491,200733
2016-08-16,3.892641,3.878511,3.90677,3.857317,174799
2016-08-17,3.913835,3.871447,3.924432,3.818462,96858
2016-08-18,3.885576,3.779606,3.885576,3.754879,219806
2016-08-19,3.793735,3.769009,3.818462,3.744282,115319
2016-08-22,3.8008,3.758412,3.8008,3.744282,73599
2016-08-23,3.751347,3.804332,3.821994,3.751347,83286
2016-08-24,3.825526,3.797268,3.825526,3.765477,201816
2016-08-25,3.8008,3.8008,3.811397,3.772541,298486
2016-08-26,3.84672,3.853785,3.86085,3.821994,304704
2016-08-29,3.867914,3.821994,3.874979,3.814929,619447
2016-08-30,3.867914,3.903238,3.9209,3.836123,707411
2016-08-31,3.892641,3.829059,3.910303,3.814929,2814191
2016-09-01,3.843188,3.599456,3.850253,3.571198,432995
2016-09-02,3.627715,3.716024,3.737218,3.617118,157865
2016-09-06,3.74075,3.871447,3.874979,3.712491,765798
2016-09-07,3.871447,3.903238,3.903238,3.867914,501342
2016-09-08,3.896173,3.889108,3.917367,3.871447,452434
2016-09-09,3.864382,3.769009,3.889108,3.751347,245362
2016-09-12,3.751347,3.853785,3.873213,3.751347,410556
2016-09-13,3.871447,3.84672,3.878511,3.769009,394334
2016-09-14,3.867914,3.874979,3.885576,3.836123,431253
2016-09-15,3.878511,3.931497,3.945626,3.850253,560349
2016-09-16,3.942094,4.040999,4.062193,3.9209,2428702
2016-09-19,4.062193,4.037467,4.08692,4.033935,397633
2016-09-20,4.040999,3.977417,4.062158,3.96682,316966
2016-09-21,3.977417,4.019805,4.023337,3.96682,407825
2016-09-22,4.019805,4.033935,4.044532,4.005676,973818
2016-09-23,4.019805,3.995079,4.043648,3.991546,522307
2016-09-26,3.977417,3.945626,3.977417,3.931497,259888
2016-09-27,3.931497,3.853785,3.931497,3.843188,299710
2016-09-28,3.86085,3.889108,3.892641,3.770775,451830
2016-09-29,3.882044,3.712491,3.90677,3.698362,280507
2016-09-30,3.708959,3.733685,3.746049,3.624183,345215
2016-10-03,3.716024,3.677168,3.716024,3.63478,223112
2016-10-04,3.712491,3.69483,3.730153,3.655974,239514
2016-10-05,3.708959,3.761944,3.786671,3.69483,215890
2016-10-06,3.744282,3.779606,3.797232,3.744282,160963
2016-10-07,3.776074,3.705427,3.797268,3.698362,375207
2016-10-10,3.705427,3.705427,3.781372,3.691297,173416
2016-10-11,3.677168,3.673636,3.698362,3.638312,289351
2016-10-12,3.655974,3.564133,3.680453,3.419307,433073
2016-10-13,3.51468,3.507616,3.553536,3.482889,231934
2016-10-14,3.52881,3.479357,3.571198,3.463461,272880
2016-10-17,3.472292,3.500551,3.507616,3.461695,243469
2016-10-18,3.518213,3.532342,3.567665,3.470526,197536
2016-10-19,3.535874,3.500551,3.546471,3.500551,154365
2016-10-20,3.511148,3.493486,3.52171,3.479357,211558
2016-10-21,3.465227,3.461695,3.493486,3.429904,249016
2016-10-24,3.46876,3.320401,3.479357,3.292143,383468
2016-10-25,3.299207,3.309804,3.391048,3.267416,252585
2016-10-26,3.295675,3.256819,3.306272,3.249755,154013
2016-10-27,3.263884,3.246222,3.30274,3.228561,155045
2016-10-28,3.235625,3.172043,3.239158,3.157914,246872
2016-10-31,3.179108,3.094332,3.232093,3.090799,193762
2016-11-01,3.094332,3.066073,3.154381,3.059008,190227
2016-11-02,3.069605,3.006023,3.101361,2.974232,190876
2016-11-03,3.002491,2.95657,3.027217,2.931844,293238
2016-11-04,2.95657,2.878859,2.998958,2.861197,763845
2016-11-07,2.91065,2.900053,2.938908,2.885923,541300
2016-11-08,2.903585,2.949506,2.981297,2.843535,654296
2016-11-09,2.854132,2.949506,2.984829,2.843535,405111
2016-11-10,2.984829,2.998958,3.025451,2.921247,672542
2016-11-11,3.006023,3.196769,3.214431,2.991894,406784
2016-11-14,3.221496,3.228561,3.309804,3.200302,563069
2016-11-15,3.232093,3.179108,3.267416,3.17116,454553
2016-11-16,3.200302,2.974232,3.286985,2.953038,869948
2016-11-17,3.037814,2.847068,3.12259,2.832938,1324524
2016-11-18,2.882391,2.776421,2.921247,2.769356,943814
2016-11-21,2.801147,2.825874,2.854132,2.787018,595552
2016-11-22,2.840003,2.825874,2.878859,2.794082,316613
2016-11-23,2.825874,2.832938,2.878859,2.822341,456709
2016-11-25,2.818809,2.832938,2.861197,2.818809,203437
2016-11-28,2.825874,2.847068,2.91065,2.811744,559022
2016-11-29,2.825874,2.808212,2.841769,2.7305,545262
2016-11-30,2.818809,2.73,2.917714,2.723436,1150456
2016-12-01,2.83,2.92,3.0,2.685,2417694
2016-12-02,2.95,3.06,3.23,2.95,2287358
2016-12-05,3.1,3.16,3.29,3.03,1536246
2016-12-06,3.16,3.35,3.46,3.13,1240859
2016-12-07,3.35,3.3,3.5,3.21,2068995
2016-12-08,3.32,3.55,3.62,3.3101,937855
2016-12-09,3.54,3.93,3.955,3.54,1507659
2016-12-12,3.93,3.94,4.1,3.82,1338390
2016-12-13,3.93,3.78,3.98,3.755,1145830
2016-12-14,3.8,3.73,3.86,3.7,586963
2016-12-15,3.72,3.7,3.76,3.55,605446
2016-12-16,3.74,3.74,3.9,3.72,1930394
2016-12-19,3.84,3.75,3.91,3.74,609177
2016-12-20,3.75,3.85,3.86,3.72,560864
2016-12-21,3.87,3.91,4.05,3.85,808191
2016-12-22,3.9,3.87,3.95,3.8,558406
2016-12-23,3.88,3.91,3.98,3.82,318894
2016-12-27,3.95,3.91,3.97,3.8299,368045
2016-12-28,3.91,3.81,3.9373,3.795,230320
2016-12-29,3.8,3.84,3.89,3.79,218294
2016-12-30,3.83,3.83,3.872,3.77,233596
2017-01-03,3.87,4.12,4.15,3.87,1170873
2017-01-04,4.11,4.25,4.32,4.11,1429046
2017-01-05,4.27,4.42,4.46,4.25,1697905
2017-01-06,4.39,4.48,4.53,4.28,422956
2017-01-09,4.52,4.41,4.535,4.316,493165
2017-01-10,4.44,4.49,4.52,4.37,250442
2017-01-11,4.5,4.69,4.7055,4.45,691963
2017-01-12,4.7,4.81,4.85,4.6,461508
2017-01-13,4.81,4.82,4.95,4.79,270420
2017-01-17,4.81,4.92,4.93,4.73,432071
2017-01-18,4.93,4.92,4.94,4.8454,277749
2017-01-19,4.92,5.08,5.1,4.88,880483
2017-01-20,5.06,5.45,5.54,5.06,1352575
2017-01-23,5.47,5.4,5.66,5.18,925111
2017-01-24,5.4,5.46,5.52,5.375,366498
2017-01-25,5.49,5.51,5.56,5.4,357577
2017-01-26,5.57,5.53,5.63,5.49,361967
2017-01-27,5.48,5.46,5.56,5.39,205352
2017-01-30,5.41,5.0,5.41,4.91,902178
2017-01-31,5.02,4.91,5.09,4.58,425573
2017-02-01,4.89,5.1,5.26,4.87,732536
2017-02-02,5.11,5.01,5.13,4.9599,519558
2017-02-03,5.0,5.29,5.29,4.98,482623
2017-02-06,5.32,5.26,5.36,5.215,419892
2017-02-07,5.23,5.11,5.3,5.09,314023
2017-02-08,5.09,4.98,5.09,4.9,343760
2017-02-09,4.97,4.99,5.04,4.92,211271
2017-02-10,5.02,4.91,5.08,4.81,411853
2017-02-13,4.91,4.92,5.0225,4.83,386952
2017-02-14,4.92,5.07,5.075,4.88,197193
2017-02-15,5.03,5.18,5.18,5.03,221750
2017-02-16,5.2,5.08,5.22,5.03,430016
2017-02-17,5.09,5.02,5.11,4.98,319490
2017-02-21,5.05,5.03,5.196,4.96,440445
2017-02-22,5.05,5.0,5.06,4.9,567066
2017-02-23,5.01,4.93,5.06,4.87,644037
2017-02-24,4.89,5.01,5.06,4.77,578765
2017-02-27,4.98,5.09,5.12,4.92,1041292
2017-02-28,5.05,5.0,5.12,4.99,3086624
2017-03-01,5.07,4.86,5.1,4.82,726861
2017-03-02,4.85,4.76,4.9,4.71,522035
2017-03-03,4.79,4.37,4.8,4.37,765204
2017-03-06,4.38,4.27,4.44,4.1777,581141
2017-03-07,4.29,4.29,4.33,3.89,1137288
2017-03-08,4.22,4.48,4.52,4.22,765867
2017-03-09,4.5,4.4,4.55,4.39,480461
2017-03-10,4.45,4.54,4.56,4.435,457082
2017-03-13,4.57,4.51,4.58,4.49,550198
2017-03-14,4.53,4.32,4.53,4.25,374503
2017-03-15,4.32,4.34,4.37,4.25,355239
2017-03-16,4.35,4.3,4.36,4.29,677157
2017-03-17,4.28,4.35,4.45,4.26,639759
2017-03-20,4.35,4.33,4.37,4.18,473407
2017-03-21,4.33,4.23,4.33,4.15,488427
2017-03-22,4.25,4.04,4.27,3.93,614202
2017-03-23,4.03,4.04,4.13,3.97,351526
2017-03-24,4.02,4.03,4.08,4.02,220334
2017-03-27,4.0,3.9,4.01,3.87,397536
2017-03-28,3.91,3.99,4.015,3.905,391465
2017-03-29,3.97,4.0,4.03,3.95,361718
2017-03-30,4.0,4.05,4.06,4.0,216877
2017-03-31,4.03,3.86,4.04,3.82,350353
2017-04-03,3.83,3.83,3.94,3.74,713928
2017-04-04,3.84,3.66,3.84,3.65,677306
2017-04-05,3.66,3.43,3.8,3.39,910763
2017-04-06,3.42,3.56,3.6,3.32,1092509
2017-04-07,3.58,3.5,3.59,3.47,3230108
2017-04-10,3.53,3.6,3.72,3.5,735735
2017-04-11,3.63,3.66,3.7,3.55,512486
2017-04-12,3.66,3.56,3.76,3.56,602346
2017-04-13,3.57,3.55,3.635,3.52,393790
2017-04-17,3.55,3.55,3.57,3.48,361329
2017-04-18,3.53,3.58,3.67,3.5,411554
2017-04-19,3.58,3.6,3.655,3.54,353586
2017-04-20,3.63,3.64,3.67,3.55,382328
2017-04-21,3.67,3.74,3.76,3.63,394833
2017-04-24,3.78,3.79,3.83,3.71,379160
2017-04-25,3.81,3.7,3.9,3.68,508647
2017-04-26,3.69,3.77,3.815,3.63,444813
2017-04-27,3.77,3.66,3.7934,3.64,184691
2017-04-28,3.66,3.64,3.66,3.58,416167
2017-05-01,3.67,3.53,3.67,3.51,459910
2017-05-02,3.54,3.35,3.56,3.21,726592
2017-05-03,3.33,3.39,3.41,3.27,363999
2017-05-04,3.37,3.39,3.39,3.31,327812
2017-05-05,3.37,3.29,3.42,3.27,359952
2017-05-08,3.27,3.23,3.29,3.21,303662
2017-05-09,3.25,3.25,3.28,3.09,403667
2017-05-10,3.26,3.43,3.49,3.23,498041
2017-05-11,3.41,3.28,3.419,3.16,823410
2017-05-12,3.29,3.34,3.46,3.2,724062
2017-05-15,3.38,3.29,3.4,3.205,818002
2017-05-16,3.3,3.26,3.33,3.16,469558
2017-05-17,3.22,3.3,3.32,3.17,576138
2017-05-18,3.29,3.29,3.3799,3.21,516748
2017-05-19,3.27,3.31,3.39,3.27,379081
2017-05-22,3.3,3.32,3.4101,3.28,404486
2017-05-23,3.32,3.31,3.36,3.27,242714
2017-05-24,3.31,3.19,3.36,3.185,262522
2017-05-25,3.2,3.04,3.24,3.03,540060
2017-05-26,3.03,3.11,3.16,2.97,538844
2017-05-30,3.11,2.92,3.11,2.9,570559
2017-05-31,2.94,2.64,3.0,2.61,2323996
2017-06-01,2.64,2.78,2.87,2.6,820341
2017-06-02,2.76,2.65,2.82,2.63,817775
2017-06-05,2.65,2.6,2.71,2.6,1221426
2017-06-06,2.6,2.68,2.74,2.4,1392192
2017-06-07,2.68,2.51,2.74,2.51,639507
2017-06-08,2.51,2.68,2.75,2.46,490389
2017-06-09,2.69,2.72,2.82,2.62,525623
2017-06-12,2.76,2.69,2.84,2.68,354217
2017-06-13,2.69,2.68,2.8,2.62,826883
2017-06-14,2.67,2.59,2.76,2.56,1405604
2017-06-15,2.6,2.44,2.65,2.39,505168
2017-06-16,2.43,2.59,2.6,2.38,1033112
2017-06-19,2.58,2.6,2.64,2.4799,639743
2017-06-20,2.56,2.64,2.665,2.52,381357
2017-06-21,2.62,2.43,2.65,2.42,454680
2017-06-22,2.45,2.37,2.56,2.36,473680
2017-06-23,2.36,2.39,2.43,2.3,1344358
2017-06-26,2.37,2.58,2.64,2.33,612978
2017-06-27,2.57,2.55,2.7,2.54,267166
2017-06-28,2.55,2.84,2.84,2.55,725198
2017-06-29,2.85,2.57,2.8998,2.55,1753624
2017-06-30,2.61,2.66,2.75,2.58,720323
2017-07-03,2.69,2.79,2.8,2.63,195927
2017-07-05,2.79,2.46,2.79,2.36,1052585
2017-07-06,2.46,2.53,2.6,2.41,588522
2017-07-07,2.51,2.56,2.59,2.47,321613
2017-07-10,2.54,2.6,2.63,2.4901,341691
2017-07-11,2.59,2.63,2.67,2.56,189378
2017-07-12,2.64,2.67,2.725,2.63,246913
2017-07-13,2.66,2.8,2.84,2.64,847960
2017-07-14,2.8,2.83,2.8901,2.795,437496
2017-07-17,2.8,2.92,2.94,2.78,236701
2017-07-18,2.9,2.78,2.96,2.765,396249
2017-07-19,2.79,2.91,2.95,2.77,1172769
2017-07-20,2.9,2.81,2.955,2.72,641474
2017-07-21,2.86,2.8,2.87,2.75,429041
2017-07-24,2.78,2.7,2.8,2.6,521785
2017-07-25,2.73,2.75,2.81,2.73,310059
2017-07-26,2.75,2.73,2.79,2.705,290267
2017-07-27,2.72,2.82,2.83,2.7,280991
2017-07-28,2.77,2.88,2.9,2.77,312183
2017-07-31,2.9,3.08,3.1,2.86,515675
2017-08-01,3.06,3.0,3.14,2.995,404713
2017-08-02,2.99,2.98,3.075,2.89,514708
2017-08-03,3.01,2.95,3.1,2.94,454101
2017-08-04,2.95,3.02,3.08,2.93,413842
2017-08-07,2.99,2.96,3.05,2.89,244888
2017-08-08,2.95,2.96,3.045,2.935,178862
2017-08-09,2.91,2.68,2.97,2.66,351373
2017-08-10,2.7,2.22,2.7,2.21,403251
2017-08-11,2.17,2.2,2.39,2.17,848656
2017-08-14,2.25,2.35,2.4,2.22,333593
2017-08-15,2.33,2.16,2.35,2.11,611024
2017-08-16,2.16,2.21,2.345,2.155,333863
2017-08-17,2.17,2.05,2.27,1.98,748525
2017-08-18,2.05,2.05,2.08,1.96,486093
2017-08-21,2.06,2.03,2.19,2.01,519684
2017-08-22,2.01,2.04,2.09,2.0,398671
2017-08-23,2.04,1.99,2.08,1.98,737168
2017-08-24,2.01,2.02,2.11,1.99,439582
2017-08-25,2.02,2.06,2.13,2.015,597931
2017-08-28,2.16,2.24,2.29,2.09,941879
2017-08-29,2.22,2.23,2.29,2.2,416949
2017-08-30,2.23,2.21,2.315,2.18,332793
2017-08-31,2.23,2.26,2.315,2.2,729115
2017-09-01,2.28,2.37,2.38,2.23,211543
2017-09-05,2.37,2.38,2.47,2.35,642446
2017-09-06,2.4,2.47,2.52,2.36,423429
2017-09-07,2.47,2.49,2.54,2.41,443590
2017-09-08,2.48,2.37,2.53,2.31,344548
2017-09-11,2.39,2.47,2.52,2.38,319560
2017-09-12,2.46,2.53,2.5939,2.46,207816
2017-09-13,2.56,2.45,2.6253,2.44,295548
2017-09-14,2.48,2.43,2.54,2.35,605387
2017-09-15,2.4,2.52,2.52,2.35,776065
2017-09-18,2.5,2.55,2.61,2.4499,429109
2017-09-19,2.57,2.55,2.66,2.475,483243
2017-09-20,2.53,2.58,2.64,2.51,388701
2017-09-21,2.57,2.66,2.67,2.52,711268
2017-09-22,2.64,2.44,2.7,2.42,811735
2017-09-25,2.5,2.55,2.61,2.47,462069
2017-09-26,2.52,2.57,2.64,2.5,398137
2017-09-27,2.6,2.68,2.685,2.55,647917
2017-09-28,2.65,2.53,2.71,2.53,269664
2017-09-29,2.52,2.63,2.64,2.5,226011
2017-10-02,2.62,2.66,2.66,2.52,575116
2017-10-03,2.66,2.75,2.81,2.565,820639
2017-10-04,2.75,2.74,2.84,2.65,810028
2017-10-05,2.75,2.85,2.88,2.72,532713
2017-10-06,2.83,2.77,2.86,2.53,239824
2017-10-09,2.76,2.75,2.82,2.73,2831503
2017-10-10,2.78,2.63,2.78,2.595,296302
2017-10-11,2.66,2.5,2.68,2.48,690684
2017-10-12,2.51,2.58,2.59,2.43,546584
2017-10-13,2.58,2.61,2.62,2.53,253012
2017-10-16,2.65,2.55,2.7,2.51,419190
2017-10-17,2.56,2.55,2.65,2.51,544029
2017-10-18,2.6,2.58,2.64,2.5,358754
2017-10-19,2.52,2.51,2.555,2.49,602901
2017-10-20,2.55,2.49,2.6,2.49,323555
2017-10-23,2.52,2.55,2.6,2.465,460812
2017-10-24,2.54,2.46,2.565,2.46,282144
2017-10-25,2.48,2.48,2.54,2.4101,192325
2017-10-26,2.48,2.36,2.495,2.36,229704
2017-10-27,2.37,2.29,2.38,2.27,390208
2017-10-30,2.26,2.24,2.37,2.18,477335
2017-10-31,2.28,2.37,2.37,2.24,403757
2017-11-01,2.37,2.3,2.42,2.26,332488
2017-11-02,2.31,2.39,2.415,2.305,719099
2017-11-03,2.4,2.38,2.405,2.29,329234
2017-11-06,2.39,2.43,2.46,2.37,398072
2017-11-07,2.44,2.58,2.6,2.43,806664
2017-11-08,2.57,2.51,2.64,2.48,537728
2017-11-09,2.4,2.74,2.76,2.39,902101
2017-11-10,2.69,2.78,2.83,2.69,401021
2017-11-13,2.74,2.98,3.04,2.73,552653
2017-11-14,2.92,2.57,2.97,2.5548,680666
2017-11-15,2.55,2.62,2.73,2.47,238628
2017-11-16,2.62,2.56,2.71,2.56,306213
2017-11-17,2.57,2.65,2.7,2.57,290340
2017-11-20,2.66,2.73,2.74,2.61,260269
2017-11-21,2.75,2.66,2.77,2.635,285277
2017-11-22,2.69,2.84,2.93,2.68,425347
2017-11-24,2.83,2.69,2.87,2.68,151635
2017-11-27,2.7,2.68,2.76,2.67,162219
2017-11-28,2.67,2.86,2.88,2.67,328710
2017-11-29,2.83,2.81,2.96,2.81,284479
2017-11-30,2.84,2.92,2.97,2.82,452781
2017-12-01,2.95,2.97,3.07,2.8,755562
2017-12-04,2.97,2.94,3.25,2.9,842713
2017-12-05,2.9,2.86,2.99,2.84,474772
2017-12-06,2.83,2.49,2.83,2.43,613954
2017-12-07,2.52,2.55,2.75,2.47,515960
2017-12-08,2.59,2.54,2.665,2.52,350632
2017-12-11,2.56,2.62,2.63,2.52,261615
2017-12-12,2.62,2.43,2.63,2.41,675145
2017-12-13,2.46,2.5,2.54,2.42,589559
2017-12-14,2.48,2.48,2.59,2.46,351807
2017-12-15,2.47,2.39,2.56,2.38,1178447
2017-12-18,2.39,2.28,2.47,2.24,736003
2017-12-19,2.31,2.25,2.32,2.18,765711
2017-12-20,2.28,2.43,2.455,2.22,665623
2017-12-21,2.49,2.52,2.585,2.37,926422
2017-12-22,2.56,2.61,2.7,2.48,703930
2017-12-26,2.6,2.71,2.75,2.6,360366
2017-12-27,2.69,2.71,2.79,2.66,331660
2017-12-28,2.71,2.81,2.86,2.7,930492
2017-12-29,2.79,2.74,2.87,2.73,356510
2018-01-02,2.74,2.77,2.84,2.695,328995
2018-01-03,2.73,2.8,2.86,2.69,510344
2018-01-04,2.83,2.86,2.9,2.78,412665
2018-01-05,2.87,2.81,2.9,2.77,372677
2018-01-08,2.82,2.87,2.93,2.7,565092
2018-01-09,2.86,2.85,2.95,2.8,483429
2018-01-10,2.83,2.93,2.99,2.8,846053
2018-01-11,2.93,2.93,3.05,2.88,744787
2018-01-12,2.93,2.74,2.99,2.725,375648
2018-01-16,2.76,2.61,2.84,2.6,618520
2018-01-17,2.63,2.81,2.84,2.59,502514
2018-01-18,2.78,2.7,2.8,2.66,492996
2018-01-19,2.7,2.71,2.82,2.64,768539
2018-01-22,2.68,2.51,2.71,2.5,650588
2018-01-23,2.54,2.51,2.575,2.45,703293
2018-01-24,2.52,2.5,2.57,2.4501,565150
2018-01-25,2.5,2.44,2.52,2.43,437947
2018-01-26,2.45,2.39,2.45,2.32,453751
2018-01-29,2.39,2.26,2.42,2.25,500605
2018-01-30,2.25,2.04,2.26,2.03,1402517
2018-01-31,2.07,2.11,2.2,2.07,937862
2018-02-01,2.14,2.1,2.24,2.075,1019775
2018-02-02,2.1,2.08,2.13,2.06,611579
2018-02-05,2.06,1.95,2.075,1.95,864886
2018-02-06,1.94,1.89,1.98,1.81,837080
2018-02-07,1.89,1.85,1.89,1.81,553239
2018-02-08,1.85,1.7,1.87,1.67,857869
2018-02-09,1.72,1.85,1.87,1.7,744329
2018-02-12,1.86,1.83,1.92,1.74,457043
2018-02-13,1.8,1.83,1.83,1.8,190877
2018-02-14,1.81,1.94,1.94,1.8,380278
2018-02-15,1.94,1.98,1.98,1.94,424252
2018-02-16,1.98,2.05,2.06,1.95,634076
2018-02-20,2.04,2.01,2.06,1.98,314898
2018-02-21,2.0,1.99,2.01,1.94,802622
2018-02-22,2.0,1.8,2.0,1.785,366174
2018-02-23,1.81,1.86,1.86,1.76,153151
2018-02-26,1.89,1.91,1.91,1.84,152515
2018-02-27,1.89,1.89,1.94,1.861,228545
2018-02-28,1.91,1.77,1.91,1.77,360435
2018-03-01,1.78,1.89,1.89,1.77,399523
2018-03-02,1.87,1.97,1.97,1.83,254827
2018-03-05,1.97,1.97,2.095,1.96,706142
2018-03-06,1.99,1.98,2.07,1.93,220053
2018-03-07,1.98,1.94,2.04,1.93,221842
2018-03-08,1.95,1.99,2.02,1.9,408477
2018-03-09,2.03,2.1,2.21,2.03,1019639
2018-03-12,2.11,2.38,2.45,2.11,2192444
2018-03-13,2.42,2.39,2.5449,2.36,1337878
2018-03-14,2.4,2.4,2.48,2.36,1048043
2018-03-15,2.43,2.48,2.52,2.4,672835
2018-03-16,2.51,2.75,2.78,2.46,1598747
2018-03-19,2.75,2.62,2.76,2.495,818615
2018-03-20,2.62,2.77,2.8,2.59,688771
2018-03-21,2.76,2.82,2.85,2.67,1068391
2018-03-22,2.8,2.85,2.94,2.8,706941
2018-03-23,2.85,2.61,2.95,2.59,1073846
2018-03-26,2.66,2.71,2.73,2.56,742587
2018-03-27,2.72,2.68,2.83,2.64,582987
2018-03-28,2.67,2.57,2.7,2.53,897743
2018-03-29,2.58,2.84,2.92,2.58,1169360
2018-04-02,2.81,2.92,3.04,2.76,1215009
2018-04-03,2.95,2.94,3.01,2.82,1126906
2018-04-04,2.87,3.1,3.12,2.855,1272719
2018-04-05,3.12,2.98,3.16,2.96,993060
2018-04-06,2.97,2.96,3.05,2.89,788545
2018-04-09,3.0,2.92,3.0201,2.9,608426
2018-04-10,2.96,3.02,3.02,2.89,669137
2018-04-11,3.02,3.21,3.25,3.0,627694
2018-04-12,3.22,3.34,3.35,3.185,594943
2018-04-13,3.35,3.47,3.47,3.33,480668
2018-04-16,3.49,3.59,3.7,3.49,895826
2018-04-17,3.63,3.75,3.76,3.55,616301
2018-04-18,3.79,3.8,3.91,3.705,801489
2018-04-19,3.83,3.99,4.079,3.83,815716
2018-04-20,3.99,3.98,4.03,3.8699,1393817
2018-04-23,3.98,4.01,4.02,3.79,747132
2018-04-24,4.03,3.89,4.075,3.825,499874
2018-04-25,3.89,3.96,4.0,3.79,457010
2018-04-26,3.96,3.91,4.04,3.83,590884
2018-04-27,3.91,3.69,3.96,3.6542,832072
2018-04-30,3.68,3.73,3.78,3.68,505393
2018-05-01,3.68,3.56,3.73,3.43,1112028
2018-05-02,3.55,3.69,3.81,3.46,1003240
2018-05-03,3.67,3.6,3.76,3.495,755279
2018-05-04,3.61,3.64,3.73,3.55,585399
2018-05-07,3.66,3.74,3.8,3.65,554467
2018-05-08,3.72,3.6,3.79,3.52,992873
2018-05-09,3.6,3.56,3.6957,3.4,735057
2018-05-10,3.56,3.29,3.59,3.27,717652
2018-05-11,3.25,3.28,3.485,3.25,974065
2018-05-14,3.35,3.37,3.42,3.295,871876
2018-05-15,3.36,3.45,3.525,3.35,631771
2018-05-16,3.45,3.5,3.55,3.35,473205
2018-05-17,3.52,3.56,3.6,3.46,391545
2018-05-18,3.6,3.51,3.62,3.45,459738
2018-05-21,3.52,3.5,3.59,3.46,313721
2018-05-22,3.51,3.56,3.585,3.45,499128
2018-05-23,3.53,3.53,3.64,3.45,356218
2018-05-24,3.49,3.56,3.64,3.47,301183
2018-05-25,3.51,3.43,3.51,3.33,329612
2018-05-29,3.4,3.49,3.58,3.4,322537
2018-05-30,3.51,3.57,3.68,3.5,254774
2018-05-31,3.57,3.64,3.68,3.55,435266
2018-06-01,3.66,3.6,3.77,3.59,390901
2018-06-04,3.6,3.67,3.765,3.5672,608375
2018-06-05,3.67,3.83,3.83,3.61,781059
2018-06-06,3.82,3.65,3.825,3.61,553814
2018-06-07,3.66,3.75,3.84,3.64,597300
2018-06-08,3.76,3.61,3.88,3.58,706768
2018-06-11,3.61,3.63,3.74,3.58,504207
2018-06-12,3.62,3.84,3.85,3.54,1137567
2018-06-13,3.82,3.9,3.93,3.745,1267251
2018-06-14,3.93,3.81,4.05,3.73,947502
2018-06-15,3.81,3.79,3.84,3.72,511554
2018-06-18,3.78,3.8,3.97,3.73,846620
2018-06-19,3.77,3.78,3.93,3.74,764048
2018-06-20,3.82,3.8,3.9,3.76,523736
2018-06-21,3.77,3.75,3.91,3.69,676123
2018-06-22,3.78,3.91,3.93,3.73,1986548
2018-06-25,3.9,3.82,3.92,3.75,734340
2018-06-26,3.83,3.98,4.01,3.73,1192176
2018-06-27,3.99,4.0,4.16,3.92,1343483
2018-06-28,3.99,3.87,3.99,3.85,389717
2018-06-29,3.87,3.88,3.93,3.81,543486
2018-07-02,3.85,3.94,4.03,3.85,720984
2018-07-03,3.96,3.91,4.0,3.87,281523
2018-07-05,3.93,3.99,4.055,3.92,700074
2018-07-06,3.97,3.89,4.02,3.87,377730
2018-07-09,3.93,3.82,3.96,3.81,521081
2018-07-10,3.83,3.8,3.93,3.76,575995
2018-07-11,3.77,3.7,3.78,3.625,393471
2018-07-12,3.71,3.61,3.71,3.53,385466
2018-07-13,3.62,3.62,3.73,3.53,420706
2018-07-16,3.61,3.5,3.695,3.47,334342
2018-07-17,3.5,3.55,3.61,3.4438,401780
2018-07-18,3.51,3.57,3.625,3.48,456343
2018-07-19,3.55,3.57,3.65,3.535,187447
2018-07-20,3.56,3.53,3.59,3.51,370487
2018-07-23,3.49,3.58,3.64,3.47,316891
2018-07-24,3.59,3.58,3.67,3.54,346055
2018-07-25,3.58,3.67,3.68,3.53,259529
2018-07-26,3.67,3.84,3.85,3.63,220455
2018-07-27,3.83,3.7,3.84,3.635,287375
2018-07-30,3.71,3.61,3.79,3.6,356706
2018-07-31,3.63,3.6,3.68,3.53,347544
2018-08-01,3.59,3.63,3.63,3.495,471393
2018-08-02,3.61,3.65,3.77,3.57,545240
2018-08-03,3.68,3.7,3.74,3.6,403514
2018-08-06,3.74,3.71,3.77,3.6302,418543
2018-08-07,3.73,3.66,3.77,3.64,266103
2018-08-08,3.67,3.63,3.72,3.55,553502
2018-08-09,3.75,3.73,3.88,3.6,418161
2018-08-10,3.7,3.57,3.73,3.56,362996
2018-08-13,3.55,3.38,3.6,3.27,515497
2018-08-14,3.44,3.37,3.55,3.36,601971
2018-08-15,3.35,3.26,3.35,3.2,537604
2018-08-16,3.27,3.29,3.35,3.26,474639
2018-08-17,3.28,3.3,3.36,3.25,2111835
2018-08-20,3.31,3.33,3.41,3.31,1342282
2018-08-21,3.36,3.37,3.42,3.35,521963
2018-08-22,3.38,3.37,3.44,3.33,575385
2018-08-23,3.37,3.37,3.45,3.37,394938
2018-08-24,3.4,3.39,3.4,3.34,327124
2018-08-27,3.4,3.44,3.51,3.37,336623
2018-08-28,3.45,3.52,3.56,3.44,364905
2018-08-29,3.52,3.46,3.57,3.46,168270
2018-08-30,3.45,3.42,3.505,3.42,316690
2018-08-31,3.42,3.43,3.465,3.35,198501
2018-09-04,3.42,3.33,3.47,3.33,311068
2018-09-05,3.34,3.32,3.39,3.26,408643
2018-09-06,3.3,3.2,3.39,3.2,1023145
2018-09-07,3.18,3.26,3.3,3.18,186757
2018-09-10,3.3,3.35,3.4,3.26,250644
2018-09-11,3.33,3.39,3.49,3.33,282941
2018-09-12,3.38,3.36,3.44,3.28,374015
2018-09-13,3.36,3.35,3.41,3.3,316503
2018-09-14,3.31,3.34,3.39,3.31,333502
2018-09-17,3.35,3.31,3.37,3.28,323308
2018-09-18,3.32,3.34,3.35,3.26,325466
2018-09-19,3.34,3.33,3.41,3.31,386354
2018-09-20,3.37,3.31,3.37,3.27,460688
2018-09-21,3.29,3.22,3.34,3.22,1237632
2018-09-24,3.22,3.26,3.3,3.21,554369
2018-09-25,3.28,3.25,3.31,3.22,605123
2018-09-26,3.26,3.2,3.28,3.18,220379
2018-09-27,3.19,3.04,3.19,2.79,1335456
2018-09-28,3.05,3.15,3.2,2.98,1002101
2018-10-01,3.18,3.15,3.18,3.13,389843
2018-10-02,3.15,3.17,3.29,3.14,621175
2018-10-03,3.2,3.18,3.22,3.17,232895
2018-10-04,3.18,3.19,3.28,3.18,279369
2018-10-05,3.17,3.22,3.25,3.17,284698
2018-10-08,3.17,3.36,3.38,3.17,290491
2018-10-09,3.36,3.55,3.575,3.26,681213
2018-10-10,3.53,3.48,3.63,3.41,687843
2018-10-11,3.43,3.32,3.51,3.3125,246080
2018-10-12,3.37,3.33,3.39,3.25,322478
2018-10-15,3.34,3.35,3.42,3.24,427415
2018-10-16,3.37,3.43,3.48,3.32,257262
2018-10-17,3.37,3.39,3.48,3.32,318753
2018-10-18,3.37,3.29,3.425,3.28,249707
2018-10-19,3.31,3.29,3.33,3.22,296731
2018-10-22,3.3,3.12,3.31,3.11,408374
2018-10-23,3.06,3.0,3.07,2.91,445800
2018-10-24,2.99,2.91,3.09,2.91,246798
2018-10-25,2.99,2.98,3.0,2.89,327008
2018-10-26,2.94,3.02,3.04,2.92,228234
2018-10-29,3.06,2.96,3.1,2.91,228984
2018-10-30,2.95,3.06,3.08,2.95,226033
2018-10-31,3.11,3.14,3.17,3.07,289516
2018-11-01,3.15,3.17,3.22,3.11,209262
2018-11-02,3.18,3.18,3.18,3.08,210969
2018-11-05,3.18,3.21,3.23,3.13,197725
2018-11-06,3.2,3.2,3.21,3.13,201011
2018-11-07,3.23,3.18,3.23,3.135,205171
2018-11-08,3.17,3.1,3.17,3.1,179807
2018-11-09,2.73,2.2,2.82,2.09,1098498
2018-11-12,2.265,2.09,2.33,2.08,1671506
2018-11-13,2.1,1.95,2.203,1.925,1862394
2018-11-14,1.99,2.05,2.065,1.96,1084022
2018-11-15,2.05,2.17,2.215,1.99,794935
2018-11-16,2.13,2.37,2.47,2.13,1179296
2018-11-19,2.32,2.35,2.39,2.25,561625
2018-11-20,2.31,2.16,2.31,2.14,774531
2018-11-21,2.19,2.18,2.22,2.17,355948
2018-11-23,2.18,2.18,2.26,2.17,304263
2018-11-26,2.19,2.19,2.26,2.17,331903
2018-11-27,2.17,2.21,2.26,2.17,590240
2018-11-28,2.23,2.23,2.26,2.18,453846
2018-11-29,2.25,2.29,2.37,2.25,643162
2018-11-30,2.26,2.14,2.28,2.14,329698
2018-12-03,2.19,2.16,2.21,2.12,600427
2018-12-04,2.14,1.95,2.1608,1.92,801148
2018-12-06,1.95,1.89,1.96,1.84,741862
2018-12-07,1.9,1.88,1.98,1.86,583360
2018-12-10,1.86,2.06,2.07,1.86,962859
2018-12-11,2.07,1.94,2.08,1.92,508380
2018-12-12,1.97,1.96,1.99,1.94,721923
2018-12-13,1.97,1.87,1.98,1.84,726367
2018-12-14,1.87,1.84,1.92,1.83,869864
2018-12-17,1.8,1.71,1.85,1.71,649349
2018-12-18,1.73,1.75,1.78,1.7,902648
2018-12-19,1.76,1.73,1.865,1.72,430639
2018-12-20,1.72,1.63,1.77,1.59,1502381
2018-12-21,1.61,1.59,1.67,1.55,1992073
2018-12-24,1.59,1.61,1.63,1.53,351760
2018-12-26,1.65,1.61,1.71,1.58,657859
2018-12-27,1.6,1.58,1.64,1.54,453829
2018-12-28,1.57,1.61,1.665,1.57,1204768
2018-12-31,1.64,1.66,1.67,1.55,461731
2019-01-02,1.62,1.68,1.74,1.56,249229
2019-01-03,1.67,1.69,1.77,1.61,618062
2019-01-04,1.7,1.84,1.86,1.7,279088
2019-01-07,1.86,1.97,2.05,1.8,579136
2019-01-08,2.0,2.02,2.06,1.97,461063
2019-01-09,2.03,2.04,2.1,1.99,252466
2019-01-10,2.01,2.0,2.05,1.95,219360
2019-01-11,1.99,2.03,2.065,1.9498,354531
2019-01-14,1.99,2.01,2.09,1.99,372716
2019-01-15,2.03,2.03,2.05,1.93,230700
2019-01-16,2.03,2.05,2.11,2.03,199319
2019-01-17,2.04,2.01,2.04,1.98,160082
2019-01-18,2.0,2.0,2.06,1.98,205564
2019-01-22,1.98,1.81,1.99,1.78,397216
2019-01-23,1.84,1.8,1.89,1.77,225457
2019-01-24,1.79,1.78,1.81,1.73,236513
2019-01-25,1.8,1.83,1.83,1.78,92296
2019-01-28,1.79,1.81,1.81,1.78,154402
2019-01-29,1.81,1.86,1.87,1.8,86384
2019-01-30,1.87,1.87,1.96,1.8699,235587
2019-01-31,1.87,1.81,1.88,1.81,177484
2019-02-01,1.81,1.73,1.81,1.73,139788
2019-02-04,1.73,1.79,1.79,1.73,147002
2019-02-05,1.78,1.8,1.81,1.78,181368
2019-02-06,1.81,1.84,1.85,1.78,124088
2019-02-07,1.8,1.79,1.83,1.75,205116
2019-02-08,1.79,1.82,1.82,1.79,166626
2019-02-11,1.82,1.85,1.86,1.77,149938
2019-02-12,1.86,1.97,1.97,1.84,235009
2019-02-13,1.97,1.95,1.99,1.93,143160
2019-02-14,1.95,1.99,2.01,1.95,260548
2019-02-15,2.01,2.0,2.05,1.98,290352
2019-02-19,2.0,2.04,2.08,1.98,1366751
2019-02-20,2.05,2.05,2.08,2.03,155817
2019-02-21,2.05,2.01,2.05,1.95,168085
2019-02-22,2.04,2.01,2.04,1.98,163685
2019-02-25,2.02,2.06,2.09,2.0,160301
2019-02-26,2.06,2.03,2.08,2.0,165945
2019-02-27,2.03,2.0,2.03,1.98,161573
2019-02-28,2.0,1.97,2.0,1.92,173764
2019-03-01,1.99,1.94,2.0,1.88,337230
2019-03-04,1.97,1.9,1.97,1.88,250361
2019-03-05,1.9,1.88,1.94,1.84,270908
2019-03-06,1.87,1.85,1.92,1.84,239687
2019-03-07,1.86,1.84,1.89,1.8,360152
2019-03-08,1.85,1.78,1.85,1.71,290653
2019-03-11,1.78,1.76,1.83,1.72,259308
2019-03-12,1.75,1.78,1.86,1.75,366433
2019-03-13,1.8,1.85,1.86,1.78,8862240
2019-03-14,1.85,2.14,2.14,1.85,839939
2019-03-15,2.14,2.28,2.35,2.13,1010070
2019-03-18,2.33,2.55,2.565,2.3083,549053
2019-03-19,2.59,2.59,2.65,2.41,1002394
2019-03-20,2.59,2.57,2.68,2.54,553871
2019-03-21,2.55,2.49,2.62,2.42,404799
2019-03-22,2.46,2.32,2.49,2.29,479627
2019-03-25,2.31,2.35,2.4,2.26,243213
2019-03-26,2.36,2.36,2.399,2.31,149232
2019-03-27,2.36,2.28,2.38,2.26,276848
2019-03-28,2.28,2.26,2.345,2.24,374566
2019-03-29,2.3,2.29,2.35,2.245,190105
2019-04-01,2.31,2.4,2.41,2.29,260363
2019-04-02,2.44,2.33,2.47,2.29,483074
2019-04-03,2.36,2.18,2.37,2.165,436940
2019-04-04,2.17,2.13,2.205,2.12,191661
2019-04-05,2.13,2.16,2.18,2.12,299698
2019-04-08,2.15,2.08,2.17,2.06,393602
2019-04-09,2.07,2.06,2.11,1.9901,240855
2019-04-10,2.06,2.19,2.22,2.06,553572
2019-04-11,2.18,2.2,2.3,2.18,277210
2019-04-12,2.22,2.17,2.24,2.13,408236
2019-04-15,2.17,2.15,2.22,2.13,126230
2019-04-16,2.17,2.1,2.17,2.07,389262
2019-04-17,2.1,2.1,2.12,2.06,205584
2019-04-18,2.09,2.07,2.11,2.02,443659
2019-04-22,2.07,2.03,2.14,2.02,218544
2019-04-23,2.02,2.03,2.07,1.99,741978
2019-04-24,2.03,2.04,2.09,1.9201,1247197
2019-04-25,2.03,1.97,2.08,1.95,287271
2019-04-26,1.97,1.91,1.99,1.9,246675
2019-04-29,1.93,1.89,1.95,1.86,309689
2019-04-30,1.9,1.82,1.9001,1.8,430933
2019-05-01,1.82,1.89,1.92,1.81,927629
2019-05-02,1.9,1.82,1.94,1.81,524672
2019-05-03,1.83,1.87,1.9,1.81,215333
2019-05-06,1.87,1.9,1.93,1.82,456527
2019-05-07,1.89,1.87,1.9,1.83,323096
2019-05-08,1.88,1.84,1.9,1.83,295885
2019-05-09,1.87,1.78,1.89,1.74,548072
2019-05-10,1.76,1.83,1.875,1.74,397947
2019-05-13,1.81,1.79,1.83,1.75,433733
2019-05-14,1.79,1.83,1.86,1.77,284459
2019-05-15,1.8,1.81,1.83,1.785,202351
2019-05-16,1.84,1.84,1.87,1.79,207761
2019-05-17,1.81,1.84,1.89,1.78,276831
2019-05-20,1.83,1.89,1.905,1.81,136443
2019-05-21,1.89,1.84,1.89,1.805,141547
2019-05-22,1.85,1.85,1.86,1.75,288940
2019-05-23,1.82,1.69,1.83,1.66,374774
2019-05-24,1.7,1.69,1.75,1.67,335306
2019-05-28,1.69,1.6,1.7,1.565,303598
2019-05-29,1.57,1.52,1.58,1.48,862851
2019-05-30,1.55,1.52,1.55,1.5,369533
2019-05-31,1.52,1.5,1.52,1.46,368251
2019-06-03,1.51,1.53,1.54,1.5,501774
2019-06-04,1.55,1.62,1.66,1.55,371694
2019-06-05,1.62,1.63,1.66,1.58,263888
2019-06-06,1.63,1.63,1.66,1.6,140247
2019-06-07,1.62,1.65,1.67,1.6,135208
2019-06-10,1.65,1.66,1.68,1.63,279987
2019-06-11,1.67,1.73,1.745,1.645,417697
2019-06-12,1.72,1.66,1.765,1.635,273603
2019-06-13,1.68,1.69,1.75,1.64,296307
2019-06-14,1.68,1.66,1.73,1.63,293006
2019-06-17,1.63,1.65,1.68,1.62,206937
2019-06-18,1.66,1.65,1.72,1.64,203888
2019-06-19,1.65,1.65,1.68,1.63,220762
2019-06-20,1.67,1.69,1.74,1.64,149757
2019-06-21,1.67,1.67,1.7,1.65,585346
2019-06-24,1.67,1.67,1.69,1.64,296539
2019-06-25,1.67,1.71,1.72,1.64,279588
2019-06-26,1.72,1.76,1.81,1.71,549016
2019-06-27,1.76,1.86,1.86,1.76,328410
2019-06-28,1.86,1.88,2.02,1.86,1308660
2019-07-01,1.91,1.89,1.99,1.8424,622503
2019-07-02,1.89,1.91,1.92,1.82,525789
2019-07-03,1.91,1.9,1.91,1.87,42438
2019-07-05,1.87,1.99,2.03,1.87,354271
2019-07-08,1.99,2.05,2.12,1.99,293239
2019-07-09,2.03,1.91,2.06,1.91,271044
2019-07-10,1.92,1.91,1.97,1.91,158660
2019-07-11,1.91,1.87,1.98,1.87,228644
2019-07-12,1.88,1.88,1.98,1.88,373012
2019-07-15,1.89,1.9,1.9107,1.7,821570
2019-07-16,1.91,1.94,1.98,1.88,208828
2019-07-17,1.96,1.9,1.98,1.83,246561
2019-07-18,1.91,1.91,1.955,1.87,337861
2019-07-19,1.91,1.92,1.96,1.9,137938
2019-07-22,1.92,1.89,1.96,1.86,404912
2019-07-23,1.9,1.91,1.98,1.87,260489
2019-07-24,1.91,1.98,2.02,1.91,291342
2019-07-25,2.0,1.89,2.01,1.88,125741
2019-07-26,1.91,1.93,1.98,1.8693,158414
2019-07-29,1.92,1.9,1.95,1.88,206224
2019-07-30,1.88,1.88,1.93,1.8501,317359
2019-07-31,1.9,1.95,1.97,1.9,264809
2019-08-01,1.92,1.89,1.96,1.88,234939
2019-08-02,1.88,1.91,1.93,1.855,279488
2019-08-05,1.87,1.75,1.94,1.7,375690
2019-08-06,1.74,1.7,1.75,1.67,245410
2019-08-07,1.67,1.75,1.81,1.61,1135883
2019-08-08,1.76,1.71,1.765,1.69,278970
2019-08-09,1.69,1.67,1.78,1.65,557454
2019-08-12,1.64,1.65,1.69,1.64,148549
2019-08-13,1.63,1.68,1.71,1.63,234011
2019-08-14,1.65,1.59,1.68,1.52,381707
2019-08-15,1.59,1.65,1.66,1.585,270767
2019-08-16,1.67,1.7,1.74,1.65,363511
2019-08-19,1.7,1.69,1.74,1.67,159638
2019-08-20,1.67,1.69,1.74,1.63,156392
2019-08-21,1.71,1.73,1.77,1.69,150999
2019-08-22,1.75,1.69,1.75,1.67,131372
2019-08-23,1.68,1.67,1.69,1.65,291120
2019-08-26,1.68,1.66,1.7,1.64,295610
2019-08-27,1.67,1.63,1.67,1.62,170516
2019-08-28,1.63,1.64,1.65,1.61,119036
2019-08-29,1.65,1.63,1.67,1.62,107416
2019-08-30,1.62,1.63,1.63,1.575,300401
2019-09-03,1.61,1.78,1.79,1.61,428018
2019-09-04,1.79,1.7,1.79,1.67,119033
2019-09-05,1.71,1.71,1.75,1.7,194852
2019-09-06,1.72,1.7,1.73,1.675,180931
2019-09-09,1.71,1.74,1.77,1.7,195115
2019-09-10,1.75,1.75,1.83,1.71,303263
2019-09-11,1.74,1.81,1.9,1.74,355832
2019-09-12,1.81,1.77,1.855,1.76,222572
2019-09-13,1.8,1.71,1.8,1.7,417672
2019-09-16,1.74,1.75,1.77,1.72,251036
2019-09-17,1.75,1.79,1.81,1.74,225334
2019-09-18,1.8,1.78,1.8,1.755,238745
2019-09-19,1.78,1.78,1.79,1.76,250626
2019-09-20,1.78,1.81,1.82,1.765,402685
2019-09-23,1.79,1.83,1.84,1.783,360529
2019-09-24,1.83,1.74,1.83,1.74,211303
2019-09-25,1.74,1.76,1.81,1.73,215200
2019-09-26,1.75,1.72,1.78,1.71,220109
2019-09-27,1.72,1.76,1.76,1.68,189921
2019-09-30,1.8,1.75,1.8,1.73,308440
2019-10-01,1.75,1.7,1.76,1.665,311466
2019-10-02,1.68,1.64,1.68,1.61,328627
2019-10-03,1.63,1.6,1.63,1.51,420299
2019-10-04,1.61,1.75,1.75,1.6,305713
2019-10-07,1.74,1.82,1.865,1.7,306249
2019-10-08,1.83,1.73,1.83,1.72,189925
2019-10-09,1.75,1.74,1.78,1.72,357807
2019-10-10,1.75,1.76,1.82,1.71,249319
2019-10-11,1.76,1.81,1.89,1.76,1271198
2019-10-14,1.81,1.76,1.83,1.76,150042
2019-10-15,1.78,1.75,1.81,1.74,126176
2019-10-16,1.75,1.7,1.7711,1.7,139763
2019-10-17,1.72,1.78,1.78,1.7,228988
2019-10-18,1.77,1.74,1.77,1.73,165286
2019-10-21,1.77,1.76,1.771,1.74,157895
2019-10-22,1.75,1.83,1.85,1.75,157853
2019-10-23,1.83,1.83,1.84,1.81,190102
2019-10-24,1.83,1.68,1.84,1.67,347717
2019-10-25,1.69,1.71,1.75,1.66,188843
2019-10-28,1.73,1.72,1.75,1.72,102329
2019-10-29,1.74,1.69,1.75,1.68,247711
2019-10-30,1.68,1.66,1.69,1.635,160674
2019-10-31,1.64,1.63,1.66,1.62,397825
2019-11-01,1.65,1.73,1.75,1.63,346082
2019-11-04,1.75,1.76,1.85,1.735,534930
2019-11-05,1.79,1.75,1.85,1.75,164026
2019-11-06,1.74,1.73,1.75,1.71,72054
2019-11-07,1.74,1.7,1.74,1.68,289406
2019-11-08,1.69,1.78,1.85,1.69,599542
2019-11-11,1.78,1.87,1.958,1.78,336513
2019-11-12,1.88,1.89,1.92,1.83,273360
2019-11-13,1.88,1.79,1.9,1.79,239289
2019-11-14,1.79,1.84,1.85,1.77,135761
2019-11-15,1.84,1.79,1.85,1.78,139598
2019-11-18,1.78,1.75,1.82,1.72,513312
2019-11-19,1.75,1.78,1.81,1.725,207785
2019-11-20,1.77,1.81,1.85,1.77,312546
2019-11-21,1.83,1.8,1.83,1.77,118121
2019-11-22,1.81,1.8,1.82,1.74,174138
2019-11-25,1.75,1.75,1.82,1.74,351291
2019-11-26,1.73,1.74,1.785,1.73,377273
2019-11-27,1.75,1.76,1.78,1.72,308779
2019-11-29,1.76,1.75,1.78,1.73,52643
2019-12-02,1.8,1.76,1.82,1.74,266533
2019-12-03,1.74,1.79,1.8,1.72,203549
2019-12-04,1.79,1.72,1.81,1.72,422836
2019-12-05,1.72,1.73,1.74,1.71,210102
2019-12-06,1.74,1.79,1.835,1.7343,333307
2019-12-09,1.8,1.79,1.83,1.78,69662
2019-12-10,1.79,1.83,1.84,1.78,115999
2019-12-11,1.83,1.79,1.83,1.77,121155
2019-12-12,1.79,1.79,1.81,1.74,351159
2019-12-13,1.79,1.85,1.86,1.77,588126
2019-12-16,1.91,1.99,2.16,1.88,1030748
2019-12-17,2.0,2.11,2.12,1.98,363777
2019-12-18,2.09,2.33,2.38,2.075,593325
2019-12-19,2.33,2.39,2.49,2.33,498134
2019-12-20,2.39,2.49,2.55,2.38,1835194
2019-12-23,2.45,2.65,2.715,2.45,520287
2019-12-24,2.63,2.43,2.6795,2.39,455606
2019-12-26,2.4,2.44,2.5565,2.4,358350
2019-12-27,2.4,2.37,2.44,2.275,563107
2019-12-30,2.38,2.38,2.49,2.37,216721
2019-12-31,2.39,2.3,2.4,2.28,445797
2020-01-02,2.3,2.32,2.36,2.25,256904
2020-01-03,2.3,2.22,2.34,2.22,238760
2020-01-06,2.25,2.23,2.26,2.18,415426
2020-01-07,2.22,2.24,2.33,2.22,171021
2020-01-08,2.25,2.24,2.31,2.21,256007
2020-01-09,2.25,2.2,2.31,2.2,206298
2020-01-10,2.2,2.15,2.23,2.15,356653
2020-01-13,2.15,2.15,2.19,2.08,539956
2020-01-14,2.15,2.09,2.17,2.09,338601
2020-01-15,2.11,2.0,2.13,1.96,461139
2020-01-16,2.03,2.02,2.05,1.98,210769
2020-01-17,2.05,2.02,2.05,1.98,363131
2020-01-21,2.02,2.0,2.07,1.98,279171
2020-01-22,2.03,2.07,2.0787,1.99,177562
2020-01-23,2.04,2.0,2.05,1.99,163648
2020-01-24,1.96,1.89,1.99,1.84,344035
2020-01-27,1.85,1.83,1.88,1.82,209412
2020-01-28,1.85,1.83,1.85,1.81,207660
2020-01-29,1.86,1.82,1.8795,1.81,151564
2020-01-30,1.81,1.86,1.87,1.77,222082
2020-01-31,1.85,1.78,1.87,1.75,389098
2020-02-03,1.8,1.84,1.84,1.74,240169
2020-02-04,1.87,1.79,1.88,1.79,267429
2020-02-05,1.82,1.83,1.85,1.78,135979
2020-02-06,1.83,1.76,1.83,1.76,184076
2020-02-07,1.76,1.75,1.76,1.7,280272
2020-02-10,1.76,1.7,1.76,1.67,187021
2020-02-11,1.72,2.01,2.04,1.71,601345
2020-02-12,2.09,2.2,2.48,2.03,1045549
2020-02-13,2.16,2.17,2.2,2.11,210677
2020-02-14,2.17,2.12,2.17,2.08,156289
2020-02-18,2.07,2.06,2.115,2.03,230622
2020-02-19,2.1,2.02,2.12,2.0,226388
2020-02-20,2.01,2.02,2.03,1.98,93031
2020-02-21,2.05,1.99,2.05,1.9742,204101
2020-02-24,1.93,1.84,1.93,1.82,247959
2020-02-25,1.86,1.76,1.91,1.76,335849
2020-02-26,1.76,1.74,1.81,1.74,209884
2020-02-27,1.73,1.74,1.82,1.63,420274
2020-02-28,1.7,1.72,1.76,1.61,535103
2020-03-02,1.74,1.83,1.84,1.68,287520
2020-03-03,1.81,1.89,1.96,1.79,492745
2020-03-04,1.89,1.95,1.997,1.86,377421
2020-03-05,1.98,2.51,2.55,1.92,2350083
2020-03-06,2.36,2.33,2.44,2.23,685473
2020-03-09,1.96,2.1,2.18,1.9,382890
2020-03-10,2.2,2.25,2.27,1.81,812592
2020-03-11,2.15,2.06,2.22,2.0,384540
2020-03-12,1.96,1.9,1.98,1.81,516352
2020-03-13,2.07,2.42,2.42,2.05,1048099
2020-03-16,2.23,1.92,2.29,1.91,630367
2020-03-17,1.94,2.01,2.06,1.82,516424
2020-03-18,1.9,1.89,1.94,1.725,502986
2020-03-19,1.88,1.91,2.03,1.83,435074
2020-03-20,1.94,1.99,2.07,1.82,638783
2020-03-23,2.06,1.87,2.06,1.77,642946
2020-03-24,1.84,2.08,2.08,1.84,409315
2020-03-25,2.09,2.2,2.27,1.97,521265
2020-03-26,2.24,2.31,2.365,2.11,506911
2020-03-27,2.15,2.09,2.31,2.08,383597
2020-03-30,2.18,2.34,2.37,2.09,585232
2020-03-31,2.32,2.27,2.33,2.1,540307
2020-04-01,2.16,2.23,2.32,2.11,380136
2020-04-02,2.15,2.16,2.32,2.1,545596
2020-04-03,2.14,2.08,2.19,2.0,281361
2020-04-06,2.2,2.2,2.23,2.1,845924
2020-04-07,2.2,2.14,2.2561,2.08,485026
2020-04-08,2.18,2.19,2.25,2.08,307411
2020-04-09,2.25,2.19,2.27,2.14,319740
2020-04-13,2.18,2.22,2.23,2.04,497563
2020-04-14,2.26,2.36,2.47,2.16,708263
2020-04-15,2.38,2.32,2.42,2.21,373338
2020-04-16,2.34,2.3,2.39,2.22,431503
2020-04-17,2.25,2.39,2.43,2.25,207364
2020-04-20,2.32,2.45,2.5673,2.31,889034
2020-04-21,2.64,2.43,2.7474,2.37,651020
2020-04-22,2.53,2.59,2.59,2.46,416931
2020-04-23,2.8,2.55,2.81,2.44,512019
2020-04-24,2.51,2.42,2.54,2.42,217457
2020-04-27,2.49,2.47,2.6387,2.45,658077
2020-04-28,2.68,2.65,2.75,2.49,900922
2020-04-29,2.59,2.61,2.8,2.54,705704
2020-04-30,2.58,2.5,2.58,2.46,334468
2020-05-01,2.43,2.42,2.47,2.25,371251
2020-05-04,2.33,2.35,2.44,2.305,258766
2020-05-05,2.38,2.28,2.44,2.25,325559
2020-05-06,2.28,2.26,2.33,2.21,416722
2020-05-07,2.26,2.38,2.38,2.24,289646
2020-05-08,2.53,2.47,2.75,2.39,1471153
2020-05-11,2.47,2.28,2.47,2.24,545585
2020-05-12,2.29,2.07,2.305,2.05,519556
2020-05-13,2.05,2.02,2.06,1.965,325310
2020-05-14,2.0,1.98,2.0,1.86,637647
2020-05-15,2.02,1.95,2.09,1.95,271331
2020-05-18,1.97,1.98,2.05,1.9,434398
2020-05-19,1.99,1.94,2.04,1.93,255996
2020-05-20,2.01,2.01,2.07,1.97,272407
2020-05-21,2.0,2.02,2.08,1.97,457213
2020-05-22,2.05,2.24,2.24,2.04,432313
2020-05-26,2.32,2.25,2.32,2.13,343555
2020-05-27,2.32,2.26,2.328,2.18,309529
2020-05-28,2.32,2.22,2.35,2.2,374270
2020-05-29,2.17,2.21,2.24,2.15,201914
2020-06-01,2.22,2.14,2.22,2.14,205936
2020-06-02,2.18,2.09,2.18,2.08,159217
2020-06-03,2.1,2.14,2.24,2.1,197319
2020-06-04,2.15,2.2,2.21,2.12,268843
2020-06-05,2.27,2.3,2.38,2.24,356701
2020-06-08,2.35,2.49,2.59,2.32,598519
2020-06-09,2.42,2.52,2.58,2.31,314226
2020-06-10,2.49,2.5,2.55,2.42,216657
2020-06-11,2.35,2.2,2.41,2.19,492276
2020-06-12,2.3,2.19,2.3,2.12,221807
2020-06-15,2.1,2.16,2.18,2.06,303381
2020-06-16,2.24,2.09,2.25,2.09,307847
2020-06-17,2.08,2.01,2.09,2.01,343152
2020-06-18,2.03,2.07,2.11,2.03,200233
2020-06-19,2.09,2.02,2.1,2.01,519590
2020-06-22,2.02,2.03,2.05,1.97,539926
2020-06-23,2.03,2.0,2.06,2.0,232320
2020-06-24,1.99,1.94,1.99,1.88,1120667
2020-06-25,1.92,1.93,1.96,1.8633,574861
2020-06-26,1.92,1.76,1.94,1.73,1318064
2020-06-29,1.86,1.9,1.93,1.81,422207
2020-06-30,1.86,1.86,1.93,1.84,446182
2020-07-01,1.86,1.82,1.89,1.82,296798
2020-07-02,1.84,1.77,1.8753,1.76,356309
2020-07-06,1.83,1.95,1.96,1.8101,532489
2020-07-07,1.96,1.95,1.96,1.9,324782
2020-07-08,2.04,2.04,2.115,1.97,565661
2020-07-09,2.05,2.0,2.05,1.99,562581
2020-07-10,2.01,2.02,2.07,2.01,306914
2020-07-13,2.01,2.0,2.04,1.99,205824
2020-07-14,2.04,2.12,2.265,2.01,535837
2020-07-15,2.15,2.18,2.22,2.13,297476
2020-07-16,2.18,2.1,2.1844,2.07,271823
2020-07-17,2.11,2.08,2.17,2.07,148357
2020-07-20,2.11,2.06,2.11,2.03,155132
2020-07-21,2.09,2.07,2.16,2.03,180044
2020-07-22,2.07,2.2,2.22,2.01,517271
2020-07-23,2.2,2.27,2.27,2.15,500838
2020-07-24,2.29,2.27,2.315,2.22,331123
2020-07-27,2.4,2.41,2.49,2.32,635356
2020-07-28,2.36,2.37,2.41,2.3444,210463
2020-07-29,2.39,2.47,2.5,2.36,331849
2020-07-30,2.41,2.41,2.43,2.365,331197
2020-07-31,2.43,2.31,2.43,2.26,325917
2020-08-03,2.32,2.29,2.34,2.28,239637
2020-08-04,2.25,2.3,2.34,2.25,168793
2020-08-05,2.35,2.28,2.35,2.25,183732
2020-08-06,2.29,2.25,2.3,2.25,173698
2020-08-07,2.25,2.19,2.4027,2.165,630078
2020-08-10,2.2,2.33,2.35,2.19,490262
2020-08-11,2.38,2.37,2.47,2.36,370973
2020-08-12,2.4,2.34,2.42,2.33,267933
2020-08-13,2.33,2.33,2.37,2.29,232198
2020-08-14,2.32,2.35,2.35,2.28,242157
2020-08-17,2.35,2.29,2.35,2.28,174093
2020-08-18,2.3,2.24,2.32,2.22,134169
2020-08-19,2.21,2.3,2.3,2.1973,229033
2020-08-20,2.22,2.22,2.255,2.21,155211
2020-08-21,2.18,2.23,2.24,2.16,278056
2020-08-24,2.25,2.26,2.27,2.1954,173957
2020-08-25,2.28,2.22,2.29,2.2,132721
2020-08-26,2.22,2.17,2.24,2.17,221274
2020-08-27,2.18,2.15,2.18,2.12,244184
2020-08-28,2.13,2.17,2.19,2.115,81989
2020-08-31,2.15,2.11,2.18,2.105,212194
2020-09-01,2.1,2.17,2.17,2.09,140193
2020-09-02,2.17,2.09,2.17,2.08,406092
2020-09-03,2.09,2.06,2.11,2.04,262063
2020-09-04,2.1,2.12,2.12,2.04,161303
2020-09-08,2.08,2.16,2.23,2.06,224858
2020-09-09,2.17,2.1,2.18,2.1,133925
2020-09-10,2.12,2.16,2.18,2.1,173347
2020-09-11,2.16,2.14,2.19,2.1,98806
2020-09-14,2.14,2.18,2.19,2.11,157472
2020-09-15,2.19,2.22,2.25,2.16,150866
2020-09-16,2.26,2.28,2.3,2.24,192463
2020-09-17,2.26,2.24,2.2841,2.21,91663
2020-09-18,2.27,2.24,2.27,2.15,332288
2020-09-21,2.2,2.14,2.21,2.13,294711
2020-09-22,2.13,2.13,2.16,2.09,162192
2020-09-23,2.12,2.09,2.12,2.055,222860
2020-09-24,2.1,2.04,2.1,1.99,229756
2020-09-25,2.03,2.03,2.08,2.0,194173
2020-09-28,2.02,2.11,2.13,2.02,207697
2020-09-29,2.19,2.11,2.19,2.09,125929
2020-09-30,2.19,2.14,2.24,2.13,391265
2020-10-01,2.14,2.1,2.14,2.02,220403
2020-10-02,2.08,2.14,2.15,2.04,110470
2020-10-05,2.17,2.15,2.26,2.14,199677
2020-10-06,2.23,2.1,2.23,2.1,123863
2020-10-07,2.12,2.11,2.13,2.07,164261
2020-10-08,2.12,2.2,2.23,2.11,135408
2020-10-09,2.22,2.14,2.24,2.14,112415
2020-10-12,2.13,2.13,2.18,2.08,135345
2020-10-13,2.12,2.09,2.12,2.07,118300
2020-10-14,2.09,2.08,2.11,2.06,121824
2020-10-15,2.05,2.12,2.13,2.03,170898
2020-10-16,2.09,2.1,2.11,2.07,144042
2020-10-19,2.1,2.06,2.1,2.05,191848
2020-10-20,2.07,2.06,2.07,2.03,146006
2020-10-21,2.06,2.06,2.06,2.02,139925
2020-10-22,2.07,2.09,2.09,2.05,133000
2020-10-23,2.1,2.08,2.12,2.05,166105
2020-10-26,2.06,2.05,2.0769,2.04,122776
2020-10-27,2.03,2.02,2.055,1.99,187904
2020-10-28,2.0,1.93,2.01,1.908,278716
2020-10-29,1.92,1.9,1.94,1.8201,261855
2020-10-30,1.9,1.91,1.93,1.86,324256
2020-11-02,1.93,1.9,1.94,1.89,192720
2020-11-03,1.94,1.92,1.98,1.9089,111733
2020-11-04,1.9,1.92,1.9333,1.88,86301
2020-11-05,1.91,1.91,1.94,1.9,162392
2020-11-06,1.92,1.86,1.9296,1.85,211379
2020-11-09,2.05,1.96,2.11,1.95,388694
2020-11-10,2.01,2.03,2.0741,2.01,226967
2020-11-11,2.04,2.05,2.07,1.995,140560
2020-11-12,2.03,2.0,2.05,1.95,249939
2020-11-13,2.0,2.07,2.08,2.0,105309
2020-11-16,2.1,2.09,2.14,2.07,183647
2020-11-17,2.07,2.14,2.15,2.0501,100149
2020-11-18,2.15,2.1,2.15,2.1,129170
2020-11-19,2.09,2.08,2.09,2.04,68580
2020-11-20,2.02,2.09,2.1,2.02,162384
2020-11-23,2.11,2.18,2.2105,2.07,180028
2020-11-24,2.24,2.26,2.3,2.22,239704
2020-11-25,2.24,2.22,2.29,2.19,93284
2020-11-27,2.2,2.16,2.21,2.15,56670
2020-11-30,2.16,2.0,2.24,2.0,158500
2020-12-01,2.04,2.0,2.1,2.0,140224
2020-12-02,1.99,2.05,2.09,1.99,97681
2020-12-03,2.06,2.03,2.07,2.0299,84601
2020-12-04,2.05,2.08,2.1,2.03,112759
2020-12-07,2.09,2.1,2.15,2.05,133001
2020-12-08,2.05,2.17,2.19,2.05,194135
2020-12-09,2.19,2.17,2.25,2.15,148638
2020-12-10,2.19,2.27,2.33,2.175,220125
2020-12-11,2.26,2.21,2.27,2.153,83157
2020-12-14,2.21,2.12,2.21,2.1,137260
2020-12-15,2.14,2.22,2.25,2.12,149370
2020-12-16,2.23,2.11,2.24,2.05,248427
2020-12-17,2.13,2.07,2.13,2.06,375824
2020-12-18,2.04,2.14,2.2,2.04,1051830
2020-12-21,2.05,2.05,2.1094,2.04,599853
2020-12-22,2.05,2.03,2.0993,2.02,400409
2020-12-23,2.06,2.07,2.1101,2.04,214555
2020-12-24,2.06,2.25,2.25,2.06,150794
2020-12-28,2.24,2.17,2.35,2.14,259175
2020-12-29,2.18,2.18,2.225,2.15,96311
2020-12-30,2.19,2.17,2.255,2.15,157675
2020-12-31,2.2,2.14,2.2053,2.13,338627
2021-01-04,2.16,2.09,2.19,2.09,414796
2021-01-05,2.09,2.11,2.17,2.09,236862
2021-01-06,2.16,2.11,2.21,2.11,271911
2021-01-07,2.11,2.14,2.19,2.11,497237
2021-01-08,2.16,2.13,2.19,2.125,307542
2021-01-11,2.16,2.27,2.29,2.15,554073
2021-01-12,2.26,2.22,2.36,2.21,333519
2021-01-13,2.26,2.15,2.28,2.14,348515
2021-01-14,2.15,2.27,2.305,2.13,390592
2021-01-15,2.24,2.22,2.2484,2.195,169041
2021-01-19,2.25,2.23,2.26,2.16,354843
2021-01-20,2.24,2.18,2.25,2.17,225676
2021-01-21,2.16,2.14,2.17,2.1104,252415
2021-01-22,2.11,2.16,2.17,2.1,336325
2021-01-25,2.15,2.13,2.19,2.1,297094
2021-01-26,2.15,2.13,2.15,2.11,181554
2021-01-27,2.1,2.07,2.1,2.04,408789
2021-01-28,2.09,2.07,2.0929,2.05,252646
2021-01-29,2.13,2.07,2.22,2.045,639300
2021-02-01,2.08,2.1,2.11,2.04,252444
2021-02-02,2.09,2.1,2.1199,2.06,254606
2021-02-03,2.1,2.12,2.17,2.08,236397
2021-02-04,2.12,2.13,2.17,2.1,221113
2021-02-05,2.16,2.22,2.25,2.11,266404
2021-02-08,2.23,2.22,2.28,2.2,380214
2021-02-09,2.21,2.23,2.255,2.185,314506
2021-02-10,2.28,2.09,2.28,2.09,535990
2021-02-11,2.15,2.09,2.16,2.08,523617
2021-02-12,2.11,2.12,2.14,2.06,531929
2021-02-16,2.16,2.09,2.17,2.051,1118758
2021-02-17,2.12,2.08,2.15,2.05,614953
2021-02-18,2.06,2.06,2.1,2.045,514202
2021-02-19,2.07,2.07,2.09,2.06,1035838
2021-02-22,2.1,2.05,2.1,2.05,2159659
2021-02-23,2.06,2.14,2.17,2.05,944579
2021-02-24,2.17,2.15,2.24,2.15,1279998
2021-02-25,2.19,2.16,2.21,2.15,412222
2021-02-26,2.14,2.2,2.24,2.06,783621
2021-03-01,2.23,2.18,2.23,2.14,364307
2021-03-02,2.18,2.13,2.18,2.12,200456
2021-03-03,2.13,2.12,2.19,2.11,405558
2021-03-04,2.13,2.15,2.17,2.08,503551
2021-03-05,2.15,2.37,2.41,2.12,1294460
2021-03-08,2.45,2.5,2.64,2.45,1001957
2021-03-09,2.5,2.33,2.55,2.33,705853
2021-03-10,2.36,2.6,2.63,2.36,792747
2021-03-11,2.63,2.6,2.66,2.52,490911
2021-03-12,2.63,2.57,2.6581,2.53,368530
2021-03-15,2.57,2.8,2.8,2.55,718321
2021-03-16,2.76,2.65,2.8394,2.61,432476
2021-03-17,2.65,2.44,2.67,2.42,1074965
2021-03-18,2.44,2.48,2.5399,2.39,854343
2021-03-19,2.42,2.32,2.47,2.27,1639341
2021-03-22,2.3,2.24,2.39,2.13,752544
2021-03-23,2.21,2.12,2.249,2.11,899859
2021-03-24,2.16,2.11,2.27,2.1,451913
2021-03-25,2.1,2.07,2.13,2.07,589158
2021-03-26,2.08,2.13,2.15,2.08,555361
2021-03-29,2.13,2.06,2.14,2.03,559606
2021-03-30,2.07,2.14,2.17,2.04,394187
2021-03-31,2.13,2.06,2.13,2.01,1212532
2021-04-01,2.08,2.11,2.115,2.05,389741
2021-04-05,2.11,2.22,2.23,2.07,3357726
2021-04-06,2.25,2.15,2.25,2.13,563353
2021-04-07,2.16,2.26,2.32,2.1,929050
2021-04-08,2.4,2.51,2.57,2.34,1707181
2021-04-09,2.51,2.42,2.52,2.4001,765487
2021-04-12,2.43,2.45,2.51,2.42,840222
2021-04-13,2.45,2.44,2.49,2.43,658526
2021-04-14,2.45,2.4,2.45,2.38,456539
2021-04-15,2.41,2.39,2.41,2.37,272259
2021-04-16,2.43,2.36,2.435,2.33,278781
2021-04-19,2.36,2.34,2.38,2.32,292311
2021-04-20,2.34,2.28,2.35,2.28,415771
2021-04-21,2.28,2.33,2.35,2.26,343261
2021-04-22,2.34,2.27,2.34,2.25,344824
2021-04-23,2.28,2.28,2.3,2.2,493794
2021-04-26,2.3,2.31,2.33,2.29,170554
2021-04-27,2.3,2.24,2.34,2.21,385605
2021-04-28,2.21,2.23,2.27,2.2,502792
2021-04-29,2.23,2.21,2.33,2.2,370529
2021-04-30,2.2,2.21,2.27,2.19,380952
2021-05-03,2.25,2.37,2.38,2.22,401684
2021-05-04,2.36,2.34,2.4,2.28,275024
2021-05-05,2.36,2.34,2.4,2.32,198827
2021-05-06,2.34,2.38,2.39,2.3,315613
2021-05-07,2.33,2.33,2.35,2.26,347140
2021-05-10,2.42,2.35,2.6,2.33,1465526
2021-05-11,2.35,2.3,2.36,2.26,458047
2021-05-12,2.25,2.23,2.29,2.21,410612
2021-05-13,2.24,2.17,2.27,2.17,575349
2021-05-14,2.17,2.18,2.22,2.16,436618
2021-05-17,2.17,2.21,2.28,2.11,537891
2021-05-18,2.22,2.34,2.38,2.1999,763652
2021-05-19,2.31,2.32,2.34,2.252,236827
2021-05-20,2.31,2.31,2.32,2.27,246557
2021-05-21,2.33,2.35,2.37,2.31,177641
2021-05-24,2.35,2.32,2.4,2.3,226646
2021-05-25,2.32,2.22,2.35,2.22,367064
2021-05-26,2.2,2.29,2.32,2.195,222771
2021-05-27,2.33,2.27,2.33,2.25,139159
2021-05-28,2.28,2.31,2.32,2.24,169465
2021-06-01,2.33,2.26,2.33,2.26,169855
2021-06-02,2.27,2.28,2.3,2.24,185772
2021-06-03,2.27,2.22,2.27,2.175,369347
2021-06-04,2.24,2.23,2.25,2.2,283964
2021-06-07,2.22,2.22,2.27,2.19,402743
2021-06-08,2.21,2.21,2.23,2.2,231828
2021-06-09,2.22,2.19,2.23,2.18,185512
2021-06-10,2.21,2.21,2.2201,2.18,270594
2021-06-11,2.22,2.21,2.254,2.2,281951
2021-06-14,2.2,2.21,2.27,2.2,319396
2021-06-15,2.23,2.18,2.25,2.175,503704
2021-06-16,2.19,2.18,2.2,2.15,495810
2021-06-17,2.17,2.17,2.2,2.1,504566
2021-06-18,2.11,2.11,2.14,2.08,667809
2021-06-21,2.13,2.12,2.16,2.08,700021
2021-06-22,2.11,2.12,2.125,2.08,532435
2021-06-23,2.12,2.03,2.12,2.02,1109973
2021-06-24,2.05,2.09,2.1,2.01,881449
2021-06-25,2.08,2.11,2.18,2.05,8700713
2021-06-28,2.12,2.07,2.13,2.05,487750
2021-06-29,2.06,2.1,2.11,2.03,550435
2021-06-30,2.09,2.09,2.12,2.08,222626
2021-07-01,2.12,2.1,2.13,2.09,268580
2021-07-02,2.88,2.88,3.04,2.76,18763940
2021-07-06,2.88,2.81,2.92,2.79,2579723
2021-07-07,2.82,2.8,2.85,2.75,1185711
2021-07-08,2.75,2.68,2.7643,2.65,1007422
2021-07-09,2.72,2.77,2.77,2.69,418594
2021-07-12,2.74,2.69,2.75,2.65,425054
2021-07-13,2.67,2.64,2.68,2.625,483529
2021-07-14,2.65,2.64,2.8,2.6,769876
2021-07-15,2.63,2.68,2.7,2.63,470718
2021-07-16,2.68,2.68,2.71,2.645,1035399
2021-07-19,2.65,2.66,2.76,2.65,1048498
2021-07-20,2.66,2.7,2.73,2.65,569599
2021-07-21,2.72,2.8,2.83,2.71,617709
2021-07-22,2.74,2.74,2.78,2.7,315766
2021-07-23,2.73,2.72,2.73,2.68,214393
2021-07-26,2.68,2.72,2.7461,2.68,164815
2021-07-27,2.74,2.67,2.74,2.66,275319
2021-07-28,2.67,2.66,2.69,2.66,177809
2021-07-29,2.66,2.67,2.71,2.65,279439
2021-07-30,2.65,2.66,2.69,2.65,222066
2021-08-02,2.66,2.67,2.74,2.66,241995
2021-08-03,2.68,2.7,2.71,2.655,244132
2021-08-04,2.69,2.7,2.71,2.67,351446
2021-08-05,2.72,2.72,2.79,2.69,346770
2021-08-06,2.72,2.65,2.72,2.61,353380
2021-08-09,2.64,2.64,2.66,2.591,414888
2021-08-10,2.6,2.64,2.645,2.595,396237
2021-08-11,2.65,2.59,2.65,2.59,196731
2021-08-12,2.6,2.57,2.6,2.4773,321949
2021-08-13,2.58,2.59,2.615,2.56,94051
2021-08-16,2.57,2.53,2.5988,2.49,278761
2021-08-17,2.54,2.53,2.58,2.51,145310
2021-08-18,2.53,2.53,2.555,2.5,136000
2021-08-19,2.5,2.52,2.53,2.485,251035
2021-08-20,2.49,2.51,2.53,2.49,434582
2021-08-23,2.52,2.55,2.64,2.52,260961
2021-08-24,2.55,2.65,2.705,2.55,265565
2021-08-25,2.66,2.66,2.69,2.63,152578
2021-08-26,2.65,2.6,2.68,2.57,134326
2021-08-27,2.59,2.6,2.65,2.58,147980
2021-08-30,2.61,2.61,2.62,2.57,108850
2021-08-31,2.6,2.62,2.63,2.575,182135
2021-09-01,2.64,2.7,2.85,2.62,568569
2021-09-02,2.74,2.75,2.7752,2.67,242123
2021-09-03,2.77,2.72,2.78,2.7,170369
2021-09-07,2.73,2.71,2.75,2.69,216339
2021-09-08,2.2301,2.18,2.25,2.115,3354587
2021-09-09,2.21,2.21,2.32,2.16,934422
2021-09-10,2.21,2.09,2.2299,2.09,1311545
2021-09-13,2.14,2.08,2.14,2.05,1345250
2021-09-14,2.1,2.07,2.11,2.05,545530
2021-09-15,2.07,2.1,2.1,2.05,430707
2021-09-16,2.1,2.09,2.12,2.05,289137
2021-09-17,2.09,2.1,2.15,2.055,770776
2021-09-20,2.06,2.04,2.09,2.0,560630
2021-09-21,2.06,2.06,2.06,2.02,216388
2021-09-22,2.07,2.06,2.09,2.04,193840
2021-09-23,2.06,2.1,2.13,2.06,433631
2021-09-24,2.08,2.14,2.18,2.08,341307
2021-09-27,2.15,2.15,2.19,2.145,263391
2021-09-28,2.14,2.11,2.16,2.09,325821
2021-09-29,2.13,2.08,2.14,2.06,211484
2021-09-30,2.08,2.08,2.12,2.06,288616
2021-10-01,2.12,2.2,2.21,2.1,277991
2021-10-04,2.2,2.16,2.22,2.14,248310
2021-10-05,2.16,2.16,2.19,2.1,236783
2021-10-06,2.13,2.13,2.16,2.08,179931
2021-10-07,2.13,2.15,2.16,2.1,153547
2021-10-08,2.13,2.14,2.15,2.13,80622
2021-10-11,2.15,2.15,2.17,2.12,93179
2021-10-12,2.15,2.12,2.15,2.12,145267
2021-10-13,2.12,2.12,2.1363,2.08,215719
2021-10-14,2.12,2.03,2.1212,1.93,764134
2021-10-15,2.03,2.03,2.075,2.0,518154
2021-10-18,2.04,2.02,2.0699,2.01,273886
2021-10-19,2.04,2.04,2.065,2.025,127633
2021-10-20,2.03,2.04,2.06,2.02,238552
2021-10-21,2.05,2.04,2.05,2.01,389153
2021-10-22,2.03,2.03,2.05,2.0236,161295
2021-10-25,2.04,2.06,2.07,2.03,297098
2021-10-26,2.09,2.04,2.09,2.02,341092
2021-10-27,2.02,2.01,2.0414,1.98,243952
2021-10-28,2.03,2.01,2.03,1.99,157666
2021-10-29,2.01,1.99,2.0279,1.99,105189
2021-11-01,1.97,2.01,2.04,1.97,284507
2021-11-02,2.02,2.02,2.0299,1.99,99534
2021-11-03,2.02,2.0,2.02,2.0,61337
2021-11-04,2.0,2.02,2.06,1.99,389329
2021-11-05,2.03,2.02,2.06,2.01,50787
2021-11-08,2.04,2.04,2.05,2.01,160062
2021-11-09,2.03,2.0,2.035,1.98,351844
2021-11-10,1.99,1.94,2.01,1.93,540198
2021-11-11,1.93,2.0,2.06,1.93,505189
2021-11-12,2.0,2.07,2.08,1.99,788618
2021-11-15,2.09,2.04,2.09,2.0,343071
2021-11-16,2.02,1.99,2.02,1.98,568537
2021-11-17,2.0,1.93,2.0,1.91,425505
2021-11-18,1.95,1.89,1.95,1.87,268381
2021-11-19,1.89,1.87,1.905,1.84,370106
2021-11-22,1.87,1.84,1.898,1.84,209304
2021-11-23,1.85,1.84,1.88,1.836,591112
2021-11-24,1.85,1.88,1.88,1.84,176714
2021-11-26,1.84,1.81,1.865,1.79,221341
2021-11-29,1.83,1.8,1.88,1.7701,187332
2021-11-30,1.77,1.79,1.79,1.75,148835
2021-12-01,1.8,1.69,1.82,1.68,383635
2021-12-02,1.7,1.73,1.738,1.68,114499
2021-12-03,1.73,1.71,1.7376,1.69,143057
2021-12-06,1.71,1.71,1.765,1.6901,184845
2021-12-07,1.73,1.78,1.81,1.73,250255
2021-12-08,1.77,1.86,1.94,1.76,264839
2021-12-09,1.86,1.83,1.885,1.815,53456
2021-12-10,1.83,1.81,1.86,1.79,142899
2021-12-13,1.82,1.76,1.86,1.74,151790
2021-12-14,1.74,1.66,1.81,1.66,951064
2021-12-15,1.68,1.66,1.7,1.64,262742
2021-12-16,1.66,1.68,1.71,1.66,285218
2021-12-17,1.75,1.71,1.75,1.67,481654
2021-12-20,1.72,1.71,1.72,1.66,353077
2021-12-21,1.72,1.85,1.9027,1.72,362734
2021-12-22,1.8,1.82,1.88,1.8,159514
2021-12-23,1.83,1.91,1.93,1.83,304903
2021-12-27,1.99,1.97,2.0,1.8814,366812
2021-12-28,2.0,1.91,2.0,1.9,182889
2021-12-29,1.91,1.9,1.95,1.88,189852
2021-12-30,1.92,1.91,1.92,1.87,194784
2021-12-31,1.89,1.88,1.91,1.82,703105
2022-01-03,1.88,1.92,1.97,1.88,245490
2022-01-04,1.92,1.96,1.99,1.885,314320
2022-01-05,1.95,1.91,1.9899,1.91,126846
2022-01-06,1.925,1.92,1.945,1.89,78756
2022-01-07,1.92,1.98,1.99,1.91,99243
2022-01-10,1.96,1.91,1.96,1.91,96441
2022-01-11,1.91,1.93,1.94,1.87,125842
2022-01-12,1.94,1.94,1.9799,1.9,338724
2022-01-13,1.95,1.93,1.96,1.91,68912
2022-01-14,1.93,1.94,1.95,1.8801,59017
2022-01-18,1.93,1.91,1.95,1.865,113133
2022-01-19,1.92,1.89,1.92,1.87,99720
2022-01-20,1.88,1.82,1.92,1.81,170537
2022-01-21,1.82,1.8,1.84,1.76,152762
2022-01-24,1.79,1.77,1.79,1.7,229296
2022-01-25,1.7,1.78,1.8,1.7,154492
2022-01-26,1.8,1.74,1.8,1.725,125922
2022-01-27,1.74,1.74,1.77,1.71,146306
2022-01-28,1.72,1.75,1.7516,1.72,78820
2022-01-31,1.71,1.73,1.7445,1.7,97253
2022-02-01,1.73,1.79,1.8,1.73,187517
2022-02-02,1.8,1.81,1.85,1.78,401888
2022-02-03,1.78,1.79,1.83,1.78,54539
2022-02-04,1.78,1.76,1.825,1.76,136257
2022-02-07,1.75,1.75,1.7899,1.745,373800
2022-02-08,1.75,1.77,1.81,1.75,184081
2022-02-09,1.77,1.78,1.795,1.77,142336
2022-02-10,1.75,1.76,1.79,1.74,589051
2022-02-11,1.76,1.81,1.825,1.75,230120
2022-02-14,1.82,1.79,1.82,1.78,108458
2022-02-15,1.81,1.8,1.82,1.79,92027
2022-02-16,1.79,1.79,1.82,1.79,78485
2022-02-17,1.8,1.81,1.818,1.79,41185
2022-02-18,1.82,1.78,1.82,1.77,76981
2022-02-22,1.77,1.77,1.8,1.75,107132
2022-02-23,1.77,1.88,1.905,1.76,591298
2022-02-24,1.88,1.92,1.98,1.84,496443
2022-02-25,1.87,2.01,2.025,1.83,565919
2022-02-28,2.04,2.08,2.1196,2.01,611921
2022-03-01,2.1,2.08,2.16,2.06,503074
2022-03-02,2.08,2.02,2.09,1.96,511823
2022-03-03,2.05,2.07,2.15,2.04,868976
2022-03-04,2.05,2.1,2.12,1.9999,325511
2022-03-07,2.13,2.06,2.18,2.05,605253
2022-03-08,2.16,2.15,2.2,2.1,691938
2022-03-09,2.13,2.17,2.1799,2.06,505085
2022-03-10,2.18,2.19,2.26,2.0999,514068
2022-03-11,2.2,2.19,2.27,2.12,418140
2022-03-14,2.13,2.11,2.19,2.0401,361493
2022-03-15,2.11,2.09,2.15,2.04,194543
2022-03-16,2.11,2.11,2.18,2.08,183570
2022-03-17,2.13,2.15,2.195,2.09,240472
2022-03-18,2.11,2.08,2.15,2.06,707719
2022-03-21,2.1,2.1,2.15,2.08,626299
2022-03-22,2.1,2.1,2.15,2.09,479751
2022-03-23,2.11,2.1,2.14,2.08,858573
2022-03-24,2.11,2.1,2.11,2.05,682995
2022-03-25,2.12,2.13,2.2,2.09,544827
2022-03-28,2.15,2.1,2.16,2.08,211045
2022-03-29,2.08,2.08,2.1,2.03,246788
2022-03-30,2.08,2.08,2.12,2.07,121999
2022-03-31,2.06,2.09,2.13,2.06,553553
2022-04-01,2.12,2.19,2.27,2.1,478901
2022-04-04,2.21,2.12,2.215,2.11,503276
2022-04-05,2.12,2.08,2.16,2.07,370189
2022-04-06,2.05,2.14,2.15,2.05,255144
2022-04-07,2.16,2.15,2.18,2.11,193927
2022-04-08,2.15,2.16,2.205,2.14,344348
2022-04-11,2.17,2.11,2.17,2.06,247446
2022-04-12,2.11,2.14,2.16,2.11,122287
2022-04-13,2.16,2.2,2.22,2.15,272337
2022-04-14,2.25,2.31,2.3178,2.21,276492
2022-04-18,2.27,2.36,2.37,2.245,299390
2022-04-19,2.37,2.4,2.41,2.3499,211591
2022-04-20,2.44,2.36,2.44,2.33,243096
2022-04-21,2.35,2.28,2.35,2.26,244667
2022-04-22,2.26,2.24,2.27,2.24,155064
2022-04-25,2.09,2.08,2.19,2.0,568577
2022-04-26,2.08,2.05,2.105,2.02,192866
2022-04-27,2.07,2.08,2.09,2.02,181394
2022-04-28,2.09,2.14,2.14,2.035,281592
2022-04-29,2.11,2.08,2.145,2.06,201714
2022-05-02,2.06,2.06,2.08,2.03,177824
2022-05-03,2.09,2.15,2.19,2.07,149163
2022-05-04,2.18,2.2,2.22,2.15,86092
2022-05-05,2.21,2.17,2.215,2.125,73269
2022-05-06,2.18,2.17,2.19,2.1228,132543
2022-05-09,2.17,2.03,2.17,2.0239,317936
2022-05-10,2.04,2.02,2.08,1.96,168013
2022-05-11,2.04,2.04,2.12,2.03,117462
2022-05-12,2.04,2.0,2.04,1.94,292906
2022-05-13,2.0,2.06,2.08,2.0,125236
2022-05-16,2.1,2.15,2.17,2.1,202935
2022-05-17,2.16,2.08,2.16,2.08,93854
2022-05-18,2.1,2.02,2.1,2.0,88817
2022-05-19,2.0,2.01,2.055,2.0,89791
2022-05-20,2.05,2.05,2.06,2.0149,145704
2022-05-23,2.08,2.11,2.12,2.05,130973
2022-05-24,2.09,2.05,2.09,2.035,94138
2022-05-25,2.06,2.13,2.1483,2.04,190068
2022-05-26,2.14,2.14,2.19,2.12,195855
2022-05-27,2.14,2.23,2.255,2.13,222943
2022-05-31,2.22,2.14,2.24,2.13,94386
2022-06-01,2.16,2.21,2.215,2.14,156256
2022-06-02,2.21,2.27,2.3,2.19,274259
2022-06-03,2.26,2.26,2.32,2.24,130975
2022-06-06,2.41,2.36,2.45,2.3,468502
2022-06-07,2.33,2.31,2.38,2.27,364601
2022-06-08,2.31,2.25,2.31,2.21,185971
2022-06-09,2.22,2.15,2.22,2.15,156928
2022-06-10,2.13,2.16,2.18,2.12,126887
2022-06-13,2.08,2.06,2.12,2.06,147073
2022-06-14,2.19,2.12,2.21,2.12,188464
2022-06-15,2.15,2.24,2.28,2.15,204498
2022-06-16,2.18,2.1,2.19,2.08,173529
2022-06-17,2.17,2.04,2.17,2.0397,404209
2022-06-21,2.13,2.13,2.19,2.1,198408
2022-06-22,2.09,2.05,2.09,2.04,191098
2022-06-23,2.04,2.0,2.08,1.99,138726
2022-06-24,2.01,2.09,2.18,2.01,280371
2022-06-27,2.11,2.16,2.23,2.11,254981
2022-06-28,2.22,2.17,2.23,2.15,80661
2022-06-29,2.16,2.06,2.16,2.02,211960
2022-06-30,2.02,2.05,2.07,2.01,130494
2022-07-01,2.05,2.0,2.06,1.96,168191
2022-07-05,1.96,2.03,2.0589,1.9031,358166
2022-07-06,2.01,1.96,2.075,1.96,237645
2022-07-07,2.01,2.06,2.09,2.0,167507
2022-07-08,2.07,2.09,2.12,2.05,115641
2022-07-11,2.05,2.11,2.15,2.05,132359
2022-07-12,2.09,2.09,2.159,2.05,225415
2022-07-13,2.05,2.13,2.16,2.02,115570
2022-07-14,2.1,2.13,2.14,2.07,100953
2022-07-15,2.15,2.16,2.205,2.08,156505
2022-07-18,2.17,2.16,2.245,2.16,146836
2022-07-19,2.18,2.22,2.27,2.18,152859
2022-07-20,2.22,2.28,2.29,2.195,120437
2022-07-21,2.25,2.29,2.29,2.21,83160
2022-07-22,2.3,2.25,2.3,2.25,109214
2022-07-25,2.28,2.28,2.36,2.25,194770
2022-07-26,2.3,2.29,2.31,2.23,356131
2022-07-27,2.3,2.28,2.3399,2.2,450925
2022-07-28,2.28,2.28,2.365,2.26,240461
2022-07-29,2.27,2.34,2.355,2.27,164110
2022-08-01,2.38,2.44,2.54,2.3588,372755
2022-08-02,2.45,2.46,2.5,2.43,170932
2022-08-03,2.45,2.54,2.56,2.42,247323
2022-08-04,2.56,2.54,2.58,2.507,108115
2022-08-05,2.56,2.59,2.6,2.54,148746
2022-08-08,2.6,2.5,2.64,2.45,384169
2022-08-09,2.47,2.58,2.6,2.4512,231625
2022-08-10,2.61,2.67,2.73,2.6,407637
2022-08-11,2.72,2.68,2.77,2.66,256274
2022-08-12,2.69,2.74,2.77,2.6408,392697
2022-08-15,2.74,2.73,2.76,2.68,314351
2022-08-16,2.72,2.69,2.78,2.69,216296
2022-08-17,2.64,2.71,2.74,2.64,284031
2022-08-18,2.75,2.76,2.8,2.71,330259
2022-08-19,2.77,2.88,2.88,2.71,467255
2022-08-22,2.88,2.87,2.92,2.83,550259
2022-08-23,2.92,2.95,2.97,2.88,883721
2022-08-24,2.96,2.97,2.98,2.94,476729
2022-08-25,2.98,2.99,3.0405,2.93,689403
2022-08-26,3.01,3.04,3.12,2.95,634676
2022-08-29,2.99,3.03,3.1099,2.95,571183
2022-08-30,3.07,3.01,3.07,2.86,592987
2022-08-31,2.98,3.11,3.12,2.97,330511
2022-09-01,3.2,3.14,3.2116,3.05,406961
2022-09-02,3.16,3.23,3.24,3.14,334250
2022-09-06,3.29,3.32,3.335,3.21,532715
2022-09-07,3.3,3.26,3.315,3.1,457519
2022-09-08,3.27,3.21,3.27,3.14,341725
2022-09-09,3.27,3.3,3.35,3.25,312355
2022-09-12,3.35,3.33,3.39,3.31,456044
2022-09-13,3.3,3.3,3.345,3.29,301887
2022-09-14,3.31,3.36,3.37,3.295,348223
2022-09-15,3.33,3.33,3.36,3.28,336099
2022-09-16,3.25,3.3,3.3,3.0444,819992
2022-09-19,3.25,3.38,3.38,3.2227,672488
2022-09-20,3.36,3.16,3.38,3.15,812435
2022-09-21,3.16,3.15,3.25,3.13,654222
2022-09-22,3.15,3.15,3.2,3.07,442511
2022-09-23,3.09,2.77,3.09,2.69,1015634
2022-09-26,2.68,2.78,2.86,2.66,420750
2022-09-27,2.8,2.95,3.03,2.785,401523
2022-09-28,2.98,2.97,3.0,2.88,370592
2022-09-29,2.97,2.94,2.97,2.86,219528
2022-09-30,2.91,2.97,3.04,2.88,291113
2022-10-03,3.05,3.01,3.0681,2.98,291667
2022-10-04,3.06,3.02,3.09,3.02,237130
2022-10-05,3.01,2.96,3.04,2.96,344634
2022-10-06,2.95,3.04,3.05,2.95,326663
2022-10-07,3.04,2.99,3.1063,2.99,371846
2022-10-10,2.96,2.94,3.03,2.925,286832
2022-10-11,2.92,2.98,3.03,2.89,387417
2022-10-12,2.96,2.99,3.035,2.96,316061
2022-10-13,2.98,3.0,3.05,2.96,344566
2022-10-14,3.01,2.96,3.05,2.89,440913
2022-10-17,3.03,3.03,3.055,2.96,584627
2022-10-18,3.04,2.98,3.11,2.94,285570
2022-10-19,2.98,2.9,2.98,2.88,105417
2022-10-20,2.9,2.79,2.9,2.78,137825
2022-10-21,2.77,2.84,2.876,2.74,205669
2022-10-24,2.83,2.87,2.88,2.81,139776
2022-10-25,2.83,2.88,2.9699,2.83,145819
2022-10-26,2.88,2.93,2.975,2.88,118462
2022-10-27,2.94,2.91,2.97,2.9,80387
2022-10-28,2.86,2.86,2.94,2.79,141239
2022-10-31,2.79,2.92,2.9599,2.79,203112
2022-11-01,2.94,2.98,3.0401,2.9,279958
2022-11-02,2.97,2.98,3.045,2.91,211716
2022-11-03,2.95,2.96,3.04,2.95,167530
2022-11-04,3.06,2.95,3.06,2.91,610586
2022-11-07,3.03,2.9,3.03,2.88,427497
2022-11-08,2.91,2.91,2.97,2.88,134604
2022-11-09,2.89,2.77,2.89,2.77,133087
2022-11-10,2.81,2.86,2.86,2.77,188524
2022-11-11,2.88,2.9,2.94,2.88,129240
2022-11-14,2.88,2.85,2.92,2.83,103164
2022-11-15,2.9,2.97,3.0311,2.9,381034
2022-11-16,2.97,2.95,3.01,2.89,432522
2022-11-17,2.95,2.95,2.98,2.91,257785
2022-11-18,2.93,2.93,2.95,2.88,200589
2022-11-21,2.93,2.89,2.94,2.835,107221
2022-11-22,2.9,2.94,3.0,2.89,199332
2022-11-23,2.93,2.9,2.945,2.87,122868
2022-11-25,2.93,2.89,2.945,2.8,104002
2022-11-28,2.91,2.87,2.92,2.83,188173
2022-11-29,2.92,2.86,2.94,2.84,114667
2022-11-30,2.85,2.87,2.94,2.81,129094
2022-12-01,2.88,2.89,2.9,2.87,136838
2022-12-02,2.91,2.92,2.9398,2.885,224485
2022-12-05,2.9,2.86,2.945,2.85,152718
2022-12-06,2.86,2.82,2.885,2.79,182568
2022-12-07,2.85,2.78,2.85,2.77,225821
2022-12-08,2.8,2.77,2.83,2.765,98433
2022-12-09,2.8,2.78,2.82,2.75,123364
2022-12-12,2.76,2.87,2.9,2.76,119455
2022-12-13,2.9,2.86,2.9,2.8,290287
2022-12-14,2.86,2.81,2.88,2.78,131861
2022-12-15,2.79,2.75,2.8,2.75,141355
2022-12-16,2.75,2.82,2.86,2.65,287078
2022-12-19,2.82,2.79,2.93,2.77,349971
2022-12-20,2.82,2.86,2.99,2.815,875687
2022-12-21,2.91,2.93,2.99,2.91,413925
2022-12-22,2.95,2.86,2.95,2.82,332077
2022-12-23,2.88,2.97,2.99,2.875,141473
2022-12-27,3.06,2.97,3.06,2.94,227071
2022-12-28,2.96,2.89,2.96,2.87,156546
2022-12-29,2.92,2.89,2.93,2.88,395792
2022-12-30,2.9,2.89,2.94,2.88,297583
2023-01-03,2.86,2.94,3.05,2.86,369269
2023-01-04,2.93,2.86,2.96,2.85,1469527
2023-01-05,2.87,2.99,2.99,2.81,2126624
2023-01-06,3.0,3.09,3.23,2.915,1559222
2023-01-09,3.1,3.23,3.29,3.06,1935823
2023-01-10,3.29,3.31,3.335,3.2,448977
2023-01-11,3.35,3.35,3.39,3.225,893954
2023-01-12,3.38,3.5,3.53,3.36,494688
2023-01-13,3.5,3.56,3.59,3.5,373030
2023-01-17,3.52,3.55,3.59,3.4327,1147372
2023-01-18,3.65,3.64,3.73,3.58,1243256
2023-01-19,3.63,3.66,3.68,3.59,572933
2023-01-20,3.63,3.76,3.76,3.63,513771
2023-01-23,3.76,3.69,3.805,3.662,514902
2023-01-24,3.7,3.6,3.76,3.55,413798
2023-01-25,3.6,3.62,3.66,3.545,421107
2023-01-26,3.67,3.68,3.7,3.65,233214
2023-01-27,3.68,3.68,3.7293,3.65,194217
2023-01-30,3.65,3.68,3.68,3.61,296804
2023-01-31,3.7,3.73,3.73,3.6301,447266
2023-02-01,3.6,3.5,3.6,3.37,895620
2023-02-02,3.45,3.25,3.48,3.21,866566
2023-02-03,3.21,3.3,3.42,3.16,320344
2023-02-06,3.32,3.41,3.41,3.2881,360791
2023-02-07,3.4,3.51,3.53,3.3669,386339
2023-02-08,3.55,3.59,3.63,3.52,452085
2023-02-09,3.62,3.65,3.695,3.55,561711
2023-02-10,3.64,3.72,3.73,3.61,262710
2023-02-13,3.74,3.77,3.785,3.7092,343078
2023-02-14,3.75,3.91,3.945,3.73,447058
2023-02-15,3.91,3.9,3.93,3.84,353004
2023-02-16,3.89,3.81,3.9,3.8,230111
2023-02-17,3.79,3.8,3.815,3.75,237722
2023-02-21,3.76,3.67,3.775,3.64,264374
2023-02-22,3.63,3.57,3.67,3.54,175887
2023-02-23,3.59,3.7,3.71,3.56,252700
2023-02-24,3.71,3.74,3.75,3.65,238918
2023-02-27,3.75,3.72,3.75,3.66,361505
2023-02-28,3.75,3.7,3.77,3.7,347516
2023-03-01,3.69,3.69,3.75,3.67,260619
2023-03-02,3.7,3.74,3.7544,3.67,279094
2023-03-03,3.74,3.82,3.9,3.74,345964
2023-03-06,3.85,3.77,3.86,3.76,222363
2023-03-07,3.77,3.65,3.78,3.63,238903
2023-03-08,3.65,3.68,3.68,3.58,318308
2023-03-09,3.79,3.77,3.91,3.68,572455
2023-03-10,3.78,3.75,3.78,3.67,390366
2023-03-13,3.7,3.48,3.72,3.44,591854
2023-03-14,3.48,3.57,3.64,3.39,564981
2023-03-15,3.48,3.53,3.55,3.33,627598
2023-03-16,3.36,3.39,3.51,3.32,874275
2023-03-17,3.47,3.44,3.57,3.41,1090944
2023-03-20,3.43,3.65,3.71,3.42,1068781
2023-03-21,3.7,3.81,3.8853,3.7,923262
2023-03-22,3.81,3.84,3.9,3.72,838449
2023-03-23,3.88,3.73,3.9446,3.64,442154
2023-03-24,3.7,3.71,3.71,3.6,217864
2023-03-27,3.74,3.75,3.79,3.675,286043
2023-03-28,3.68,3.79,3.81,3.68,214347
2023-03-29,3.81,3.81,3.82,3.7701,186095
2023-03-30,3.81,3.81,3.82,3.76,157562
2023-03-31,3.79,3.9,3.9,3.775,355905
2023-04-03,3.93,3.93,3.94,3.86,583840
2023-04-04,3.91,3.78,3.91,3.715,309792
2023-04-05,3.8,3.82,3.82,3.73,312645
2023-04-06,3.85,3.77,3.88,3.71,179010
2023-04-10,3.78,3.89,3.915,3.74,297363
2023-04-11,3.89,4.02,4.02,3.8607,387232
2023-04-12,4.01,3.96,4.02,3.96,278936
2023-04-13,3.94,3.94,3.99,3.85,180126
2023-04-14,3.95,3.95,3.985,3.89,225649
2023-04-17,3.95,3.96,4.0,3.94,285618
2023-04-18,3.96,3.84,4.02,3.82,260149
2023-04-19,3.84,3.64,3.84,3.61,523974
2023-04-20,3.6,3.49,3.63,3.47,925214
2023-04-21,3.42,3.53,3.545,3.4,1268209
2023-04-24,3.5,3.69,3.735,3.5,518034
2023-04-25,3.68,3.52,3.68,3.51,541494
2023-04-26,3.52,3.49,3.53,3.435,437505
2023-04-27,3.48,3.71,3.73,3.47,670060
2023-04-28,3.8,3.84,3.895,3.73,322905
2023-05-01,3.83,3.8,3.86,3.78,469033
2023-05-02,3.77,3.83,3.8456,3.6702,425258
2023-05-03,3.8,3.89,3.92,3.8,367932
2023-05-04,3.88,3.87,3.89,3.7825,316080
2023-05-05,3.91,3.92,3.9875,3.89,262208
2023-05-08,3.93,3.86,4.01,3.8256,495668
2023-05-09,3.85,3.9,3.9394,3.85,299010
2023-05-10,3.9,3.89,3.93,3.85,308475
2023-05-11,3.83,3.91,3.92,3.83,285353
2023-05-12,3.91,3.92,3.978,3.9001,284619
2023-05-15,3.91,3.85,3.93,3.84,315835
2023-05-16,3.86,3.94,3.94,3.85,250753
2023-05-17,3.94,3.86,3.94,3.85,485835
2023-05-18,3.89,3.89,3.89,3.835,382020
2023-05-19,3.91,3.95,4.0172,3.91,489094
