2020-08-28,24.75,24.9,25.02,24.1,152156
2020-08-31,25.07,25.1,25.2,24.8,218438
2020-09-01,25.2,25.07,25.25,24.9038,59455
2020-09-02,25.02,25.15,25.375,25.02,28147
2020-09-03,25.16,25.05,25.16,24.8,49607
2020-09-04,25.1,25.15,25.22,24.95,41507
2020-09-08,25.08,25.05,25.45,24.986,15139
2020-09-09,25.34,25.16,25.45,25.1,42182
2020-09-10,25.2,25.08,25.21,25.0,18977
2020-09-11,25.23,25.1,25.25,25.06,16681
2020-09-14,25.34,25.13,25.34,25.03,12012
2020-09-15,25.15,25.1,25.15,24.9,40276
2020-09-16,25.02,25.07,25.1985,25.02,29920
2020-09-17,25.17,25.09,25.19,25.02,19639
2020-09-18,25.1,25.145,25.1899,25.033,7807
2020-09-21,25.01,24.95,25.1,24.6,24433
2020-09-22,24.78,25.02,25.1,24.78,8844
2020-09-23,25.06,25.0,25.175,24.852,18089
2020-09-24,24.9966,23.56,25.0,23.56,23272
2020-09-25,24.0,24.83,24.85,24.0,36701
2020-09-28,24.85,24.9188,25.0,24.825,13512
2020-09-29,24.6904,24.95,24.95,24.6109,4317
2020-09-30,25.12,24.9,25.25,24.8,9945
2020-10-01,25.1,24.95,25.18,24.9,9421
2020-10-02,25.1,25.08,25.1299,25.04,2195
2020-10-05,25.15,25.1001,25.5,25.1001,18849
2020-10-06,25.3,25.1,25.5,25.1,9177
2020-10-07,25.2883,25.25,25.5,25.2026,13718
2020-10-08,25.2501,25.101,25.3,25.1,10133
2020-10-09,25.2,25.2,25.2,25.01,2328
2020-10-12,25.095,25.06,25.19,25.0,1061
2020-10-13,25.15,25.19,25.2,25.02,8582
2020-10-14,25.2,25.0,25.2,25.0,17947
2020-10-15,25.12,25.14,25.18,25.0925,1793
2020-10-16,25.15,25.08,25.1898,25.0501,4133
2020-10-19,25.0,25.06,25.16,25.0,7528
2020-10-20,25.02,24.98,25.1,24.86,12861
2020-10-21,24.915,25.15,25.19,24.7501,10982
2020-10-22,24.97,25.01,25.05,24.85,8512
2020-10-23,25.1,25.1,25.18,25.03,8623
2020-10-26,25.2,25.01,25.2,24.88,10681
2020-10-27,25.19,25.0,25.19,24.91,4501
2020-10-28,24.85,24.76,25.0,24.76,6065
2020-10-29,24.84,25.1,25.14,24.84,8135
2020-10-30,24.9,24.8,25.0307,24.7601,11671
2020-11-02,25.1,24.9499,25.1,24.8486,6042
2020-11-03,25.02,24.908,25.02,24.85,2111
2020-11-04,24.79,24.85,25.0,24.79,9652
2020-11-05,25.0,24.999,25.1,24.8,12850
2020-11-06,24.95,25.0343,25.1,24.95,8653
2020-11-09,25.1,24.972,25.1,24.935,7601
2020-11-10,24.943,25.0585,25.1,24.943,4890
2020-11-11,25.1,25.15,25.5,24.995,21159
2020-11-12,25.0,24.8,25.2,24.7202,20242
2020-11-13,24.81,24.88,24.92,24.8,7547
2020-11-16,24.9,24.8,25.02,24.7501,16643
2020-11-17,24.75,24.7376,24.81,24.65,13584
2020-11-18,24.6839,24.7,25.027,24.68,15796
2020-11-19,24.68,24.72,24.8499,24.68,8238
2020-11-20,24.72,24.6,24.72,24.51,13145
2020-11-23,24.9,24.7331,24.9,24.6,4808
2020-11-24,24.79,24.54,24.79,24.51,39214
2020-11-25,24.58,24.48,24.6587,24.25,9624
2020-11-27,24.61,24.55,24.7,24.55,3764
2020-11-30,24.7,24.81,24.85,24.58,11809
2020-12-01,24.652,24.75,24.92,24.652,5521
2020-12-02,24.77,24.75,24.91,24.66,4706
2020-12-03,24.8,24.79,24.9399,24.75,11858
2020-12-04,24.74,24.8,24.83,24.6601,11855
2020-12-07,24.85,24.9,24.9399,24.8,8103
2020-12-08,24.9,25.08,25.25,24.89,13461
2020-12-09,25.12,25.025,25.12,24.96,10570
2020-12-10,25.02,25.0499,25.11,25.02,9641
2020-12-11,25.12,25.035,25.575,25.02,11665
2020-12-14,25.11,24.89,25.11,24.8669,23006
2020-12-15,24.8,24.7,24.8,24.61,50431
2020-12-16,24.25,24.23,24.41,23.92,597754
2020-12-17,24.23,24.3,24.3,24.07,143257
2020-12-18,24.37,24.29,24.37,24.17,121664
2020-12-21,24.24,24.1,24.24,24.1,79474
2020-12-22,24.15,24.13,24.28,24.1,92136
2020-12-23,24.15,24.14,24.28,24.11,89280
2020-12-24,24.15,24.17,24.21,24.14,6944
2020-12-28,24.2,24.16,24.22,24.16,19292
2020-12-29,24.2,24.0,24.22,23.7999,123425
2020-12-30,23.97,23.94,24.0987,23.8701,50688
2020-12-31,23.92,23.81,23.9339,23.55,106387
2021-01-04,23.88,23.71,23.9,23.64,31800
2021-01-05,23.73,23.95,24.0,23.73,51823
2021-01-06,23.95,23.84,23.95,23.5,39641
2021-01-07,23.84,23.8709,23.9299,23.75,43321
2021-01-08,24.0,23.912,24.06,23.9001,39304
2021-01-11,23.9,23.86,23.9,23.77,19268
2021-01-12,23.82,23.57,23.82,23.45,66474
2021-01-13,23.58,23.73,23.81,23.51,37873
2021-01-14,23.88,23.82,24.0,23.8,56421
2021-01-15,23.97,24.0,24.085,23.85,47457
2021-01-19,23.95,24.09,24.09,23.9404,54593
2021-01-20,24.11,24.1,24.19,24.05,52329
2021-01-21,24.1499,24.29,24.35,24.08,28814
2021-01-22,24.34,24.29,24.35,24.22,14408
2021-01-25,24.35,24.29,24.35,24.1,18101
2021-01-26,24.3,24.2,24.4,24.2,33147
2021-01-27,24.25,24.07,24.47,24.0,66970
2021-01-28,24.2,24.32,24.43,24.09,38367
2021-01-29,24.23,24.11,24.3,24.01,21818
2021-02-01,24.18,24.48,24.48,24.18,57449
2021-02-02,24.48,24.5727,24.69,24.38,34854
2021-02-03,24.68,24.65,24.87,24.6241,40313
2021-02-04,24.78,24.95,25.1,24.65,108505
2021-02-05,25.07,25.09,25.2,25.05,49159
2021-02-08,25.15,25.25,25.29,25.1477,49549
2021-02-09,25.28,25.26,25.3,25.1,26239
2021-02-10,25.25,25.16,25.3,25.0,51837
2021-02-11,24.78,24.79,24.93,24.58,39096
2021-02-12,24.9382,24.94,24.94,24.76,32737
2021-02-16,24.95,25.0,25.05,24.89,59537
2021-02-17,25.02,24.99,25.09,24.92,21455
2021-02-18,24.92,24.93,25.0,24.88,16807
2021-02-19,24.948,24.8447,24.99,24.8301,19444
2021-02-22,24.89,24.935,24.99,24.89,14021
2021-02-23,24.9,24.95,24.9734,24.75,21761
2021-02-24,24.95,24.9,25.04,24.9,29884
2021-02-25,24.81,24.9399,24.95,24.75,24005
2021-02-26,24.92,24.93,24.95,24.7501,8850
2021-03-01,24.4,23.39,24.41,21.0,356040
2021-03-02,23.27,22.45,23.6288,22.28,71525
2021-03-03,22.44,21.44,22.45,21.1827,102684
2021-03-04,21.51,21.9399,22.25,21.43,25776
2021-03-05,21.87,22.9,22.99,21.675,39378
2021-03-08,22.9,23.08,23.2,22.72,19902
2021-03-09,23.24,23.26,23.4289,23.0001,12633
2021-03-10,23.42,23.65,23.67,23.42,33042
2021-03-11,23.8313,23.8,23.95,23.65,21439
2021-03-12,23.8,24.15,24.25,23.8,56014
2021-03-15,24.2,24.1299,24.35,24.0,25873
2021-03-16,24.12,24.1001,24.2,24.07,13149
2021-03-17,24.2,23.95,24.2,23.8378,30077
2021-03-18,24.08,24.09,24.1488,23.76,22073
2021-03-19,24.15,23.91,24.2,23.91,11335
2021-03-22,23.89,23.87,23.92,23.37,25678
2021-03-23,23.8,23.55,23.8961,23.475,24011
2021-03-24,23.71,23.61,23.71,23.5,23135
2021-03-25,23.26,24.0605,24.0605,23.26,19651
2021-03-26,24.2,23.8,24.2,23.7665,27647
2021-03-29,23.8,23.88,23.9428,23.535,11089
2021-03-30,24.0654,24.28,24.3,23.99,23220
2021-03-31,24.265,24.15,24.437,23.9654,22390
2021-04-01,24.29,23.85,24.3,23.55,32800
2021-04-05,23.99,24.1299,24.24,23.9,18356
2021-04-06,24.12,24.18,24.23,24.07,11255
2021-04-07,24.17,23.95,24.3812,23.95,28912
2021-04-08,24.09,23.89,24.1,23.85,13833
2021-04-09,24.08,24.0001,24.1574,23.93,6457
2021-04-12,24.15,24.06,24.15,24.0126,6570
2021-04-13,24.15,24.2,24.25,24.0546,10977
2021-04-14,24.124,24.27,24.49,24.12,20798
2021-04-15,24.355,24.3001,24.67,24.2,40834
2021-04-16,24.25,24.0,24.38,23.85,41107
2021-04-19,23.99,23.86,24.3933,23.7565,16537
2021-04-20,23.92,23.81,24.0,23.81,9205
2021-04-21,23.85,24.29,24.3,23.76,21739
2021-04-22,23.85,24.25,24.3,23.8,18368
2021-04-23,24.12,24.1801,24.34,23.94,25122
2021-04-26,24.3342,24.2803,24.3934,24.1,8018
2021-04-27,24.307,24.31,24.3699,24.2,7654
2021-04-28,24.25,24.1962,24.347,24.002,11375
2021-04-29,24.01,24.11,24.24,24.01,2788
2021-04-30,24.1665,24.3,24.4497,24.1665,7330
2021-05-03,24.32,24.6,24.85,24.2956,27286
2021-05-04,24.6,24.7,24.8465,24.5,11094
2021-05-05,24.65,24.41,24.7,24.4,16632
2021-05-06,24.6,24.62,24.63,24.255,6303
2021-05-07,24.5,24.25,24.5002,24.0501,44754
2021-05-10,24.2,24.23,24.33,24.1,22027
2021-05-11,24.15,24.25,24.25,24.05,32295
2021-05-12,24.23,24.41,24.47,24.22,21742
2021-05-13,24.41,24.4,24.41,23.955,43682
2021-05-14,24.39,24.15,24.39,24.07,23437
2021-05-17,24.21,24.246,24.246,24.0671,9369
2021-05-18,24.25,24.14,24.42,24.06,24172
2021-05-19,24.08,24.09,24.14,23.9709,6583
2021-05-20,24.04,24.3,24.47,24.0001,43017
2021-05-21,24.43,24.41,24.45,24.3,13912
2021-05-24,24.43,24.3498,24.43,24.32,7215
2021-05-25,24.35,24.41,24.43,24.3126,11531
2021-05-26,24.4,24.393,24.45,24.3326,16995
2021-05-27,24.45,24.5498,24.56,24.3632,11138
2021-05-28,24.62,24.6,24.62,24.515,11958
2021-06-01,24.61,24.6166,24.62,24.56,12734
2021-06-02,24.59,24.7,24.7385,24.5,19019
2021-06-03,24.8,24.85,24.9,24.6233,17514
2021-06-04,24.9,24.84,24.98,24.7171,25075
2021-06-07,24.95,24.922,24.9871,24.8754,27594
2021-06-08,24.9199,24.89,24.99,24.89,16932
2021-06-09,24.94,24.76,24.9893,24.72,37107
2021-06-10,24.9338,24.71,24.9338,24.7,15529
2021-06-11,24.72,24.75,24.94,24.6548,28451
2021-06-14,24.8443,24.9,24.94,24.76,23034
2021-06-15,24.99,24.9475,24.99,24.724,29511
2021-06-16,24.9499,24.85,24.95,24.76,38891
2021-06-17,24.7967,24.85,24.85,24.7967,10193
2021-06-18,24.8499,24.85,24.95,24.8104,11242
2021-06-21,25.0,24.98,25.0,24.95,16558
2021-06-22,25.0,24.95,25.01,24.9317,22132
2021-06-23,24.93,25.0,25.0,24.8501,13275
2021-06-24,25.01,24.95,25.01,24.9113,10318
2021-06-25,24.984,24.9504,25.01,24.93,30502
2021-06-28,25.15,24.83,25.15,24.8,24708
2021-06-29,24.795,24.7,24.8,24.67,11331
2021-06-30,24.7,24.5182,24.75,24.5,28576
2021-07-01,24.74,25.14,25.14,24.55,12370
2021-07-02,25.0,25.1,25.1,24.75,14390
2021-07-06,25.15,24.825,25.15,24.7626,29182
2021-07-07,24.68,24.9588,24.98,24.68,14593
2021-07-08,24.905,24.9499,24.96,24.5558,31849
2021-07-09,24.97,24.97,24.97,24.925,5937
2021-07-12,25.0,25.01,25.1,24.915,35597
2021-07-13,24.84,24.99,25.08,24.84,18078
2021-07-14,25.04,24.9092,25.0401,24.9,18536
2021-07-15,24.9499,24.8,24.9872,24.7426,16935
2021-07-16,24.9,24.99,24.9999,24.9,7823
2021-07-19,25.14,25.0959,25.1485,24.95,22816
2021-07-20,25.1164,25.01,25.17,24.98,20620
2021-07-21,25.1477,25.01,25.1477,24.93,18579
2021-07-22,25.01,25.0087,25.01,24.9504,11332
2021-07-23,24.985,24.95,25.1,24.93,14851
2021-07-26,25.0,25.0,25.0,24.98,15545
2021-07-27,24.95,24.9,24.95,24.88,18811
2021-07-28,25.0499,24.85,25.0499,24.8077,14949
2021-07-29,24.93,24.85,24.93,24.8115,15587
2021-07-30,24.94,24.8433,24.94,24.8,10710
2021-08-02,24.87,24.81,24.9897,24.8,12144
2021-08-03,24.8,24.8,24.8,24.7763,20595
2021-08-04,24.84,24.8,24.84,24.78,29189
2021-08-05,24.94,24.87,24.94,24.785,22901
2021-08-06,24.92,24.8999,24.92,24.8402,42044
2021-08-09,24.9,24.88,25.05,24.85,45557
2021-08-10,24.85,24.82,24.85,24.77,22588
2021-08-11,24.85,25.01,25.0499,24.82,30530
2021-08-12,24.67,24.55,24.7013,24.5,27429
2021-08-13,24.5046,24.63,24.64,24.5,21028
2021-08-16,24.5,24.48,24.64,24.42,27626
2021-08-17,24.45,23.99,24.4747,23.96,37886
2021-08-18,24.11,24.034,24.19,23.8,23682
2021-08-19,22.43,17.1,22.9,16.75,209317
2021-08-20,17.07,17.37,17.8899,15.0,166995
2021-08-23,17.58,15.0,17.6338,13.76,161895
2021-08-24,15.16,17.22,17.8604,14.94,165558
2021-08-25,17.56,18.75,19.73,17.56,68146
2021-08-26,18.81,18.92,19.27,18.5,30621
2021-08-27,19.13,19.14,19.1699,18.5811,36611
2021-08-30,19.0,19.19,19.6954,18.8101,30687
2021-08-31,19.67,18.97,19.67,18.5,24378
2021-09-01,19.07,18.5,19.191,18.41,17049
2021-09-02,18.41,18.3537,18.9,18.3366,16998
2021-09-03,18.35,18.5,18.9653,18.28,21423
2021-09-07,18.5,18.51,18.51,18.2813,17257
2021-09-08,18.4,17.68,18.5075,17.4471,21936
2021-09-09,17.8898,17.7,17.9,17.0,28296
2021-09-10,17.75,17.8,18.0499,17.49,6847
2021-09-13,17.3441,17.095,17.44,16.7801,20123
2021-09-14,17.1,16.36,17.35,16.3255,20833
2021-09-15,16.4,17.0,17.25,16.4,15587
2021-09-16,16.9829,17.09,17.34,16.8614,22017
2021-09-17,17.11,16.78,17.11,16.75,13713
2021-09-20,16.76,16.38,16.76,16.32,28349
2021-09-21,16.52,16.5,16.52,16.4069,18022
2021-09-22,16.52,16.4414,16.53,16.4,20815
2021-09-23,16.45,16.1975,16.5,16.15,28959
2021-09-24,16.36,16.19,16.36,16.05,22304
2021-09-27,16.23,16.9,16.98,16.1017,57501
2021-09-28,17.0,17.79,17.83,17.0,41535
2021-09-29,17.405,16.62,17.405,16.5082,24267
2021-09-30,16.69,16.45,16.76,16.45,10026
2021-10-01,16.4001,17.85,17.85,16.07,7270
2021-10-04,17.23,16.75,17.8,16.2101,13409
2021-10-05,16.75,16.95,17.1999,16.6808,6555
2021-10-06,16.5,16.73,16.73,16.2,8768
2021-10-07,16.73,16.25,16.74,16.1,27502
2021-10-08,16.25,15.65,16.25,15.25,40678
2021-10-11,15.69,15.3,15.69,15.182,13976
2021-10-12,15.42,14.225,15.55,14.09,49274
2021-10-13,14.02,14.7503,14.959,14.02,22194
2021-10-14,14.85,14.86,15.29,14.85,11766
2021-10-15,14.88,14.6,15.1,14.56,21542
2021-10-18,14.9,14.16,14.9,13.92,42496
2021-10-19,14.15,13.8301,14.18,13.74,37768
2021-10-20,13.84,13.5,14.02,13.34,31174
2021-10-21,13.3,12.9995,13.4744,12.18,67471
2021-10-22,13.0,12.1154,13.0,11.75,64110
2021-10-25,12.24,12.9429,13.6783,12.0,41701
2021-10-26,13.21,13.15,13.59,13.0425,23459
2021-10-27,13.48,11.85,13.48,11.76,76498
2021-10-28,12.19,11.75,12.2,11.1572,62199
2021-10-29,11.75,12.25,12.4975,11.71,44056
2021-11-01,12.52,12.78,12.99,12.25,28551
2021-11-02,12.78,12.5,12.95,12.25,48100
2021-11-03,12.41,12.62,12.9,12.4,41037
2021-11-04,13.9,14.48,14.8,13.32,74131
2021-11-05,16.0,16.3,16.8,15.79,95179
2021-11-08,16.4,15.95,16.5,15.25,51911
2021-11-09,15.77,15.6,16.3621,15.51,20674
2021-11-10,15.9,15.72,16.0406,15.35,25322
2021-11-11,15.6802,15.9,16.0,15.5,50451
2021-11-12,15.5,15.13,15.63,15.0,20690
2021-11-15,14.99,14.3,14.99,14.0001,19842
2021-11-16,14.23,14.27,14.6068,14.03,13450
2021-11-17,14.06,13.25,14.15,13.25,48303
2021-11-18,13.5,13.0946,13.6999,12.7501,25757
2021-11-19,12.81,12.82,13.215,12.75,22503
2021-11-22,13.54,12.56,13.54,12.5,34816
2021-11-23,12.79,12.05,12.79,12.02,18610
2021-11-24,12.1,12.56,12.67,12.0,16665
2021-11-26,12.56,12.4,12.7,12.35,6961
2021-11-29,12.58,12.82,12.93,12.5,31144
2021-11-30,13.21,13.27,13.5283,12.9298,32495
2021-12-01,13.3,13.67,14.9499,13.3,21222
2021-12-02,13.56,13.24,13.67,12.5,13786
2021-12-03,13.03,12.14,13.1085,12.0,28593
2021-12-06,12.37,12.17,12.4,12.0,18777
2021-12-07,12.5,12.72,13.6746,12.5,23903
2021-12-08,12.64,12.6181,12.7,12.48,14050
2021-12-09,12.55,12.3284,12.55,12.05,15024
2021-12-10,12.45,11.9624,12.6556,11.8319,19552
2021-12-13,11.9,11.65,12.25,11.53,26753
2021-12-14,11.5,11.1522,12.227,11.02,30092
2021-12-15,11.25,10.9762,11.5447,10.75,28132
2021-12-16,10.91,10.77,11.57,10.77,25150
2021-12-17,10.65,10.891,11.4028,10.4,30708
2021-12-20,10.89,10.8,10.99,10.5,36615
2021-12-21,10.77,10.82,11.08,10.75,26343
2021-12-22,10.92,10.75,10.92,10.53,44916
2021-12-23,10.65,11.55,11.9699,10.6,67837
2021-12-27,11.44,11.05,11.5,10.83,40152
2021-12-28,11.02,10.55,11.2399,10.4,63323
2021-12-29,10.6,10.2125,10.6,10.12,55263
2021-12-30,10.255,10.74,11.03,10.255,59890
2021-12-31,10.57,10.53,10.95,10.1955,55095
2022-01-03,10.76,11.4,11.4,10.65,31698
2022-01-04,11.39,11.17,11.39,10.8525,14092
2022-01-05,11.0,10.79,11.0,10.4215,20344
2022-01-06,10.64,10.64,11.0062,10.55,11012
2022-01-07,10.675,10.6572,10.7,10.45,11184
2022-01-10,10.61,10.81,10.85,10.46,17757
2022-01-11,10.5,11.19,11.25,10.455,30882
2022-01-12,11.1676,11.05,11.1676,10.8,26276
2022-01-13,10.9,10.74,11.04,10.53,30137
2022-01-14,10.71,10.73,10.79,10.48,17197
2022-01-18,10.98,10.9,11.05,10.7113,8082
2022-01-19,10.71,10.66,10.8003,10.5103,11827
2022-01-20,10.725,10.7,11.01,10.6998,24713
2022-01-21,10.7,10.5999,10.7,10.46,20186
2022-01-24,10.46,10.3,10.58,9.55,45154
2022-01-25,10.5,10.28,10.57,10.1,38386
2022-01-26,10.25,10.4,10.51,10.14,26657
2022-01-27,10.87,10.59,10.87,10.1201,12399
2022-01-28,10.75,10.4,10.75,10.25,11251
2022-01-31,10.5,10.6,10.886,10.4363,23598
2022-02-01,10.9,10.26,10.9,10.25,43707
2022-02-02,11.04,10.855,11.04,10.45,25960
2022-02-03,10.96,11.39,11.39,10.63,43397
2022-02-04,12.0,11.78,13.1,10.85,72749
2022-02-07,11.99,12.2,12.4633,11.92,40083
2022-02-08,12.29,12.4,12.7933,12.25,69245
2022-02-09,12.45,12.49,12.7,12.3,30412
2022-02-10,12.31,12.38,12.59,12.31,36856
2022-02-11,12.48,12.46,12.6677,12.35,45718
2022-02-14,12.23,10.95,12.23,10.77,44901
2022-02-15,10.98,10.9,11.3,10.5331,20185
2022-02-16,10.82,10.56,10.9499,10.3958,28587
2022-02-17,10.59,9.91,10.6,9.91,32250
2022-02-18,10.0,9.35,10.0,9.31,26281
2022-02-22,9.35,8.93,9.4,8.8,29518
2022-02-23,8.81,8.96,9.05,8.8,13904
2022-02-24,8.49,7.93,8.7,7.5,33791
2022-02-25,8.345,8.88,9.0,8.2102,25537
2022-02-28,9.72,9.64,10.88,9.46,32382
2022-03-01,9.65,9.84,10.35,9.65,16126
2022-03-02,9.89,10.0,10.2305,9.89,10511
2022-03-03,10.33,9.97,10.33,9.75,10608
2022-03-04,10.0,9.69,10.28,9.4871,8485
2022-03-07,9.54,8.91,9.9662,8.88,17159
2022-03-08,9.4744,8.92,9.4744,8.92,15261
2022-03-09,6.75,6.7468,7.38,6.1,121118
2022-03-10,6.5,6.41,6.97,6.315,31103
2022-03-11,6.11,5.3,6.41,4.98,79536
2022-03-14,5.01,4.26,5.01,4.05,105346
2022-03-15,4.15,4.5,4.63,4.15,20976
2022-03-16,4.6788,5.07,5.1595,4.61,43815
2022-03-17,5.19,5.4,5.5399,5.1,23404
2022-03-18,5.4,5.31,5.58,5.31,14216
2022-03-21,5.5357,6.2765,6.3547,5.5357,29362
2022-03-22,6.3,6.74,6.9499,6.3,21188
2022-03-23,6.99,7.07,7.93,6.5001,23099
2022-03-24,7.25,7.45,8.29,7.25,40879
2022-03-25,7.4,7.9,8.5,7.4,42558
2022-03-28,7.9,8.45,8.7498,7.8293,19661
2022-03-29,8.7499,10.3,10.65,8.7,35901
2022-03-30,10.69,10.25,10.8441,9.44,22035
2022-03-31,10.8,10.3647,10.8,10.02,28226
2022-04-01,10.37,9.91,10.72,9.9,14839
2022-04-04,10.24,9.97,10.24,9.7499,15338
2022-04-05,9.97,9.5,9.97,9.46,16580
2022-04-06,9.42,8.82,9.7245,8.75,27114
2022-04-07,8.95,8.91,9.0,8.7501,7957
2022-04-08,8.9888,8.52,8.9888,8.2905,21005
2022-04-11,8.6,8.356,8.8,8.3507,10284
2022-04-12,8.5,8.45,8.54,8.2404,8675
2022-04-13,8.9668,8.5937,8.9668,8.4601,2501
2022-04-14,8.6829,8.78,8.95,8.62,3655
2022-04-18,8.81,8.51,8.81,8.51,5485
2022-04-19,8.46,8.8,8.9294,8.45,12957
2022-04-20,8.84,7.93,8.8713,7.76,22009
2022-04-21,7.9999,6.74,8.0,6.665,30126
2022-04-22,6.91,6.85,6.9899,6.7004,16406
2022-04-25,6.9,6.5,6.9,6.2401,18415
2022-04-26,6.6547,6.445,6.68,6.32,6413
2022-04-27,6.4572,5.8,6.4699,5.53,18848
2022-04-28,5.64,5.57,5.85,5.5,25320
2022-04-29,5.49,5.53,6.04,5.49,22418
2022-05-02,5.57,5.99,6.19,5.57,25799
2022-05-03,6.135,5.87,6.24,5.71,41922
2022-05-04,6.0,5.9,6.2346,5.77,14905
2022-05-05,5.88,5.77,5.9519,5.77,19059
2022-05-06,6.4196,5.79,6.4196,5.78,17080
2022-05-09,5.7,5.525,6.25,5.3177,16506
2022-05-10,5.78,5.4068,5.8,5.4,10822
2022-05-11,5.7001,5.21,5.71,5.21,11021
2022-05-12,5.05,4.742,5.4565,4.6322,33885
2022-05-13,5.04,5.1278,5.46,5.04,8333
2022-05-16,5.67,5.585,5.67,5.1116,10581
2022-05-17,5.67,4.725,5.67,4.69,39195
2022-05-18,4.5794,4.46,4.8676,4.45,21786
2022-05-19,4.4509,4.7103,4.7427,4.3342,17059
2022-05-20,4.74,4.91,4.98,4.4,39924
2022-05-23,4.9,4.52,4.9,4.4995,29788
2022-05-24,4.52,4.38,4.68,4.3,16526
2022-05-25,4.4,4.44,4.7,4.39,16355
2022-05-26,4.62,4.3764,4.7688,4.3764,14519
2022-05-27,4.5,4.75,4.89,4.38,54917
2022-05-31,4.75,4.51,4.75,4.5,23159
2022-06-01,4.51,4.4,4.6,4.3203,12024
2022-06-02,4.5,4.54,4.58,4.4,14958
2022-06-03,4.5,4.35,4.5,4.35,8449
2022-06-06,4.35,4.11,4.43,4.0,22778
2022-06-07,4.18,4.09,4.19,4.01,7899
2022-06-08,3.69,3.24,3.99,3.0901,120690
2022-06-09,3.07,3.15,3.27,3.07,19309
2022-06-10,3.1,3.07,3.1,2.8695,29415
2022-06-13,2.89,2.8899,3.0,2.58,21387
2022-06-14,2.78,2.74,2.8899,2.6703,24796
2022-06-15,2.71,2.73,2.89,2.5659,22046
2022-06-16,2.76,2.3,2.76,2.07,24577
2022-06-17,2.6,2.5,2.67,2.355,10028
2022-06-21,2.62,2.61,2.79,2.5,14120
2022-06-22,2.61,2.82,2.94,2.61,11223
2022-06-23,2.8425,2.89,2.99,2.82,22784
2022-06-24,2.93,3.17,3.2,2.9128,9059
2022-06-27,3.17,3.19,3.26,2.95,23549
2022-06-28,3.35,3.18,3.6999,2.72,36615
2022-06-29,3.17,2.89,3.17,2.86,5464
2022-06-30,2.89,3.01,3.15,2.89,6377
2022-07-01,3.27,3.0,3.34,2.71,10102
2022-07-05,3.02,2.869,3.02,2.75,11075
2022-07-06,2.89,2.72,2.89,2.63,10894
2022-07-07,2.78,2.99,3.04,2.78,12086
2022-07-08,2.99,2.9,2.99,2.7336,6938
2022-07-11,2.75,2.79,2.8,2.72,2811
2022-07-12,2.68,2.78,2.79,2.66,8444
2022-07-13,2.77,2.76,2.79,2.6702,5703
2022-07-14,2.64,2.76,2.76,2.54,2157
2022-07-15,2.73,2.45,2.73,2.45,5576
2022-07-18,2.47,2.35,2.59,2.25,57154
2022-07-19,2.35,2.08,2.3501,2.0,43396
2022-07-20,2.02,1.99,2.189,1.92,36562
2022-07-21,1.93,2.05,2.08,1.9101,10272
2022-07-22,1.96,1.99,2.05,1.92,6563
2022-07-25,1.95,1.8374,1.98,1.65,20442
2022-07-26,1.83,1.72,1.8449,1.65,12844
2022-07-27,1.72,1.74,1.79,1.66,9798
2022-07-28,1.95,1.76,1.95,1.71,9306
2022-07-29,1.7,1.61,1.82,1.53,29642
2022-08-01,1.6,1.99,2.25,1.6,93071
2022-08-02,1.88,1.87,2.13,1.76,16860
2022-08-03,1.99,1.87,1.9988,1.82,10829
2022-08-04,1.96,1.82,1.96,1.72,7878
2022-08-05,1.84,1.76,1.97,1.6975,5829
2022-08-08,1.92,2.28,2.57,1.83,45997
2022-08-09,2.41,2.19,2.41,1.87,7140
2022-08-10,2.24,2.0,2.35,2.0,17505
2022-08-11,2.0,2.1,2.24,2.0,6138
2022-08-12,2.1,2.01,2.15,2.0,18831
2022-08-15,2.09,2.08,2.1,2.01,4824
2022-08-16,1.99,1.92,1.99,1.76,23686
2022-08-17,1.8963,2.1,2.1,1.8,17268
2022-08-18,2.11,2.22,2.36,1.81,31108
2022-08-19,2.22,2.215,2.35,1.9701,10873
2022-08-22,2.08,1.99,2.1566,1.8222,30785
2022-08-23,2.105,2.13,2.15,1.876,9869
2022-08-24,2.13,2.09,2.13,1.92,2317
2022-08-25,1.98,2.09,2.09,1.93,2150
2022-08-26,2.1,2.06,2.1,1.97,3051
2022-08-29,2.05,1.99,2.05,1.83,8146
2022-08-30,2.06,1.9,2.06,1.84,7073
2022-08-31,2.0,1.89,2.0,1.8,7838
2022-09-01,1.99,1.9,1.99,1.8,5040
2022-09-02,2.0,1.86,2.0,1.8,12985
2022-09-06,1.8,1.91,1.9699,1.8,1310
2022-09-07,1.75,1.91,1.92,1.75,8374
2022-09-08,1.91,1.93,1.99,1.8642,2033
2022-09-09,1.96,1.9,1.96,1.86,1958
2022-09-12,1.9,1.8829,1.9001,1.79,15507
2022-09-13,1.88,1.9,1.9,1.7165,6089
2022-09-14,1.94,1.91,1.94,1.8,2376
2022-09-15,1.82,1.895,1.92,1.82,1695
2022-09-16,1.72,1.88,1.9,1.72,5496
2022-09-19,1.8512,1.79,1.8512,1.6701,7077
2022-09-20,1.7,1.79,1.79,1.61,3874
2022-09-21,1.6,1.7,1.84,1.6,34982
2022-09-22,1.69,1.72,1.72,1.6,26090
2022-09-23,1.905,1.63,1.91,1.4,14149
2022-09-26,1.69,1.34,1.73,1.02,83257
2022-09-27,1.34,1.295,1.35,1.23,10771
2022-09-28,1.15,1.2099,1.3,1.15,22927
2022-09-29,1.2,1.1896,1.2,1.12,15925
2022-09-30,1.17,1.09,1.17,1.05,41738
2022-10-03,1.2,1.19,1.25,1.15,36883
2022-10-04,1.24,1.17,1.245,1.045,43088
2022-10-05,1.17,1.1,1.1701,1.06,3663
2022-10-06,1.12,1.08,1.1324,1.07,17467
2022-10-07,1.06,1.17,1.17,1.05,12143
2022-10-10,1.15,1.07,1.15,1.05,5611
2022-10-11,1.05,1.02,1.05,1.02,13662
2022-10-12,1.05,1.05,1.065,1.03,8360
2022-10-13,1.07,1.07,1.07,1.0201,4815
2022-10-14,1.19,1.0886,1.19,1.04,2730
2022-10-17,1.11,1.05,1.11,1.02,2129
2022-10-18,1.03,1.07,1.07,1.03,12577
2022-10-19,1.04,1.03,1.0509,1.0,9849
2022-10-20,1.05,1.0879,1.0879,1.01,15279
2022-10-21,1.0499,1.01,1.05,1.0,8185
2022-10-24,1.0195,0.99,1.024,0.98,9306
2022-10-25,1.0,0.971,1.03,0.971,26133
2022-10-26,1.0,0.92,1.0,0.85,55414
2022-10-27,0.92755,0.906,0.92795,0.906,15606
2022-10-28,0.905,0.8802,0.93,0.88,21626
2022-10-31,0.8508,0.88,0.9,0.85,18672
2022-11-01,0.8801,0.934799,0.9351,0.88,3578
2022-11-02,0.940101,0.91495,0.940101,0.88,24628
2022-11-03,0.88,0.88,0.894951,0.87,7351
2022-11-04,0.8797,0.86,0.8798,0.86,11961
2022-11-07,0.92,0.85,0.92,0.85,17864
2022-11-08,0.885001,0.8501,0.885001,0.85,3660
2022-11-09,0.85,0.875001,0.900101,0.85,7727
2022-11-10,0.904999,0.950301,0.989999,0.904999,15522
2022-11-11,0.93,0.952301,0.952301,0.9,3812
2022-11-14,0.98,0.9023,0.98,0.9,8084
2022-11-15,0.9,0.87,0.9201,0.87,10879
2022-11-16,0.9002,0.9002,0.9998,0.9001,2744
2022-11-17,0.91,0.905301,0.94,0.9,11572
2022-11-18,0.8695,0.9,0.9002,0.8695,2916
2022-11-21,0.852,0.852,0.9,0.852,7814
2022-11-22,0.87,0.85,0.87,0.8015,8230
2022-11-23,0.801,0.81048,0.81048,0.801,5688
2022-11-25,0.81,0.8299,0.8299,0.802,1023
2022-11-28,0.8292,0.81,0.8293,0.809583,3901
2022-11-29,0.802,0.755,0.828405,0.75,11628
2022-11-30,0.755001,0.779999,0.7899,0.755001,3860
2022-12-01,0.78,0.75,0.78,0.7202,6635
2022-12-02,0.7035,0.725,0.76,0.7035,7413
2022-12-05,0.6999,0.6901,0.71,0.69,12403
2022-12-06,0.68505,0.62,0.68505,0.62,34658
2022-12-07,0.6199,0.561,0.6199,0.561,9617
2022-12-08,0.561,0.561,0.5898,0.5,25444
2022-12-09,0.580001,0.511,0.580001,0.5002,6536
2022-12-12,0.5075,0.5,0.53,0.5,18480
2022-12-13,0.5,0.474951,0.5,0.45,54425
2022-12-14,0.4202,0.4162,0.4702,0.4002,39787
2022-12-15,0.4002,0.4081,0.429899,0.4,20919
2022-12-16,0.4,0.3901,0.411,0.39,18919
2022-12-19,0.39,0.3999,0.4099,0.39,9839
2022-12-20,0.4,0.36416,0.4,0.36,49376
2022-12-21,0.36,0.365001,0.3998,0.36,25843
2022-12-22,0.3601,0.36,0.3611,0.36,5272
2022-12-23,0.3702,0.42,0.4661,0.3702,29366
2022-12-27,0.41,0.391,0.423677,0.36,26769
2022-12-28,0.361,0.366,0.428428,0.36,19350
2022-12-29,0.3601,0.3602,0.407699,0.36,25359
2022-12-30,0.36,0.41,0.41,0.3551,30508
2023-01-03,0.43,0.461684,0.703403,0.4185,62692
2023-01-04,0.47,0.46,0.55,0.46,8745
2023-01-05,0.4601,0.55,0.5514,0.4601,6103
2023-01-06,0.533874,0.53997,0.6099,0.53,5197
2023-01-09,0.5699,0.5113,0.5699,0.431484,14631
2023-01-10,0.5313,0.64,0.66,0.5213,11190
2023-01-11,0.65,0.98,1.15,0.65,146101
2023-01-12,0.98,0.889,0.99,0.8301,15565
2023-01-13,0.8801,0.94,0.94,0.85,10309
2023-01-17,0.940101,0.8976,0.940251,0.8001,13381
2023-01-18,1.37,1.31,1.54,1.105,414965
2023-01-19,1.31,1.48,1.48,1.18,28295
2023-01-20,1.4914,1.6,1.69,1.385,20803
2023-01-23,1.65,1.66,1.74,1.398,62294
2023-01-24,1.67,2.06,2.06,1.56,52477
2023-01-25,2.12,1.98,2.12,1.9,49994
2023-01-26,2.11,2.15,2.213,2.0,37121
2023-01-27,2.15,2.18,2.22,2.06,18001
2023-01-30,2.08,2.16,2.2,2.0799,14247
2023-01-31,2.1499,2.04,2.15,2.01,8009
2023-02-01,1.975,1.8,1.975,1.47,29429
2023-02-02,1.69,1.9,1.961,1.5601,9383
2023-02-03,1.81,1.85,1.93,1.75,5634
2023-02-06,1.84,1.94,2.0,1.77,16660
2023-02-07,1.94,1.73,1.94,1.65,3689
2023-02-08,1.73,1.68,1.73,1.68,3650
2023-02-09,1.68,1.68,1.72,1.51,4550
2023-02-10,1.67,1.66,1.67,1.55,2840
2023-02-13,1.5,1.49,1.5168,1.26,6135
2023-02-14,1.43,1.47,1.4899,1.15,5759
2023-02-15,1.345,1.4002,1.4999,1.345,6929
2023-02-16,1.4456,1.2,1.49,1.2,3576
2023-02-17,1.2,1.43,1.43,1.03,5533
2023-02-21,1.43,1.23,1.43,1.05,9743
2023-02-22,1.19,1.2,1.2207,1.18,2145
2023-02-23,1.24,1.19,1.24,1.16,2381
2023-02-24,1.25,1.36,1.36,1.2,7642
2023-02-27,1.52,1.4,1.52,1.2756,7522
2023-02-28,1.4,1.33,1.4,1.2,5710
2023-03-01,1.1901,1.0,1.23,1.0,22499
2023-03-02,1.0018,0.69,1.0018,0.65,78239
2023-03-03,0.66,0.8,0.8293,0.66,18855
2023-03-06,0.75,0.92,0.92,0.75,42958
2023-03-07,0.8804,0.865,0.9,0.8021,4890
2023-03-08,0.79,0.87,0.87,0.723,7266
2023-03-09,0.774,0.88,0.88,0.77,3711
2023-03-10,0.88,0.764,0.88,0.74,2945
2023-03-13,0.764,0.778,0.778,0.679098,8857
2023-03-14,0.71,0.772,0.798311,0.71,1770
2023-03-15,0.7,0.72,0.72,0.632,10218
2023-03-16,0.664,0.792,0.792,0.5802,14386
2023-03-17,0.6499,0.778,0.778,0.6499,4676
2023-03-20,0.7,0.738,0.738,0.65,2192
2023-03-21,0.723999,0.65,0.74,0.5916,6899
2023-03-22,0.65,0.726,0.726,0.6,13989
2023-03-23,0.726,0.698,0.7261,0.6199,4474
2023-03-24,0.61,0.78,0.8,0.61,12347
2023-03-27,0.6608,0.6918,0.77,0.6608,3927
2023-03-28,0.61,0.69,0.7,0.61,4117
2023-03-29,0.651,0.77,0.77,0.635,1976
2023-03-30,0.77,0.76,0.77,0.715,1468
2023-03-31,0.789899,0.76,0.789899,0.76,835
2023-04-03,0.75,0.76,0.76,0.75,376
2023-04-04,0.6489,0.768,0.768,0.6489,1008
2023-04-05,0.748,0.748,0.748,0.748,105
2023-04-06,0.7801,0.5301,0.798,0.4775,55706
2023-04-10,0.58,0.528,0.58,0.45,51052
2023-04-11,0.5,0.618,0.630101,0.5,9239
2023-04-12,0.5101,0.57,0.57,0.5101,5592
2023-04-13,0.53,0.606,0.606,0.515,2664
2023-04-14,0.58,0.578,0.61,0.53,3662
2023-04-17,0.578,0.54,0.58,0.5255,3470
2023-04-18,0.5255,0.58,0.58,0.5255,1811
2023-04-19,0.5255,0.58,0.58,0.5255,9245
2023-04-20,0.5006,0.5798,0.5798,0.5005,1869
2023-04-21,0.5301,0.565,0.565,0.5001,3670
2023-04-24,0.534749,0.5,0.534751,0.46,13088
2023-04-25,0.45,0.5,0.505593,0.442,4270
2023-04-26,0.4995,0.4995,0.4995,0.4995,100
2023-04-27,0.44,0.49,0.49,0.44,4705
2023-04-28,0.49,0.5,0.5,0.48495,6255
2023-05-01,0.4995,0.5,0.5,0.4995,2155
2023-05-02,0.46425,0.4999,0.4999,0.4301,3214
2023-05-03,0.4401,0.48,0.499899,0.44,4450
2023-05-04,0.44,0.5,0.5,0.44,872
2023-05-05,0.43,0.5,0.5,0.43,674
2023-05-08,0.5,0.5,0.5,0.47168,2472
2023-05-09,0.5,0.47,0.5,0.47,3747
2023-05-10,0.47,0.56,0.59,0.46,7469
2023-05-11,0.45,0.536,0.5439,0.45,5099
2023-05-12,0.5,0.5,0.5,0.45,8106
2023-05-15,0.4996,0.5,0.5,0.46,1499
2023-05-16,0.5,0.568,0.568,0.49,2337
2023-05-17,0.61,0.73,0.73,0.4901,22703
2023-05-18,0.6475,0.8049,0.8051,0.6,28675
2023-05-19,0.7,0.7,0.7,0.65,6517
