2019-04-02,5.5,5.14,5.89,5.1,736307
2019-04-03,5.34,7.18,7.85,5.2001,1811589
2019-04-04,7.25,5.88,7.5,5.85,682860
2019-04-05,5.99,6.18,6.87,5.99,509012
2019-04-08,6.36,6.39,6.8,6.15,298141
2019-04-09,6.2,6.38,6.7499,6.2,144369
2019-04-10,6.4,5.71,6.4572,5.68,225893
2019-04-11,5.7,5.61,6.0,5.55,141153
2019-04-12,5.87,5.72,6.0,5.44,269959
2019-04-15,5.52,5.4,5.72,5.4,96608
2019-04-16,5.4,4.94,5.609,4.28,269616
2019-04-17,4.97,4.85,5.2,4.65,211925
2019-04-18,4.81,5.29,5.5,4.7431,246069
2019-04-22,5.07,5.17,5.5,5.07,95146
2019-04-23,5.18,5.19,5.47,5.11,175461
2019-04-24,5.17,5.13,5.3716,5.0,81331
2019-04-25,5.29,4.83,5.29,4.67,101732
2019-04-26,4.83,4.76,4.9,4.6,100439
2019-04-29,4.77,4.745,4.8,4.61,68063
2019-04-30,4.69,4.85,4.9,4.6,81025
2019-05-01,4.84,4.84,4.9989,4.65,32723
2019-05-02,4.89,5.07,5.1,4.7,30836
2019-05-03,4.8887,5.16,5.16,4.8501,28588
2019-05-06,4.93,5.03,5.14,4.76,40240
2019-05-07,4.99,5.38,5.58,4.99,130493
2019-05-08,5.38,5.28,5.445,5.1601,55195
2019-05-09,5.34,5.095,5.34,4.9,76099
2019-05-10,5.12,5.0,5.12,4.81,41928
2019-05-13,5.05,4.81,5.0936,4.7001,17280
2019-05-14,4.9,4.91,5.0,4.7,11020
2019-05-15,5.0,4.88,5.0,4.81,10153
2019-05-16,5.011,4.75,5.08,4.65,14378
2019-05-17,4.7,4.38,4.78,4.34,48837
2019-05-20,4.42,3.7799,4.42,3.07,186246
2019-05-21,3.72,3.8,3.93,3.5,42102
2019-05-22,3.79,4.32,4.33,3.71,42570
2019-05-23,4.17,3.9,4.26,3.9,10082
2019-05-24,4.0,3.871,4.12,3.871,7661
2019-05-28,3.9,3.73,4.11,3.72,19666
2019-05-29,3.93,4.11,4.17,3.73,40508
2019-05-30,4.07,4.0,4.19,3.9396,10870
2019-05-31,4.1,3.81,4.1,3.65,22492
2019-06-03,3.95,3.63,4.04,3.63,4874
2019-06-04,3.64,3.91,3.97,3.64,9253
2019-06-05,3.91,4.0,4.09,3.87,10962
2019-06-06,4.07,3.91,4.08,3.7,12262
2019-06-07,3.73,3.9,3.95,3.43,42699
2019-06-10,3.91,3.9,3.91,3.63,7453
2019-06-11,3.9,3.85,3.95,3.7,6100
2019-06-12,3.71,3.71,3.89,3.6,8600
2019-06-13,3.81,3.8,3.85,3.51,6018
2019-06-14,3.61,3.55,3.89,3.3964,5044
2019-06-17,3.63,3.63,3.7389,3.515,4860
2019-06-18,3.6289,3.53,3.6289,3.25,25352
2019-06-19,3.5265,3.61,3.69,3.45,4719
2019-06-20,3.5975,3.55,3.6,3.45,6414
2019-06-21,3.74,3.21,3.795,3.2,17048
2019-06-24,3.298,3.33,3.4865,3.15,24148
2019-06-25,3.52,3.49,3.64,3.35,10578
2019-06-26,3.5,3.84,4.4995,3.5,264983
2019-06-27,3.92,3.79,3.92,3.4,26158
2019-06-28,3.75,3.58,3.8689,3.4,26542
2019-07-01,3.66,3.7,3.7,3.4401,14543
2019-07-02,3.6696,3.74,3.7824,3.5649,6070
2019-07-03,3.69,3.51,3.8,3.51,5110
2019-07-05,3.54,3.64,3.66,3.52,23021
2019-07-08,3.72,3.71,3.75,3.5577,12087
2019-07-09,3.77,3.67,3.78,3.5301,13402
2019-07-10,3.75,3.7001,3.8989,3.6,9602
2019-07-11,3.86,3.7,4.15,3.69,21499
2019-07-12,3.69,3.85,3.9,3.69,14018
2019-07-15,3.86,3.55,3.8975,3.54,10307
2019-07-16,3.43,3.29,3.5478,3.2,45535
2019-07-17,3.44,3.23,3.479,3.21,22684
2019-07-18,3.4,3.2,3.4,3.2,12509
2019-07-19,3.3,3.62,3.65,3.3,47947
2019-07-22,3.52,3.69,3.8,3.52,12401
2019-07-23,3.53,3.54,3.7,3.52,24484
2019-07-24,3.69,3.6,3.7,3.5159,11660
2019-07-25,3.68,3.342,3.68,3.3,29658
2019-07-26,3.35,3.434,3.56,3.35,28445
2019-07-29,3.36,3.1,3.54,3.1,30484
2019-07-30,3.3,3.3475,3.36,3.2,14134
2019-07-31,3.3489,3.48,3.55,3.32,15655
2019-08-01,3.49,3.4,3.57,3.3,15007
2019-08-02,3.4,3.5,3.5,3.31,15505
2019-08-05,3.49,3.5,3.5,3.2,12585
2019-08-06,3.48,3.65,3.68,3.25,21966
2019-08-07,3.6,3.38,3.7,3.35,17546
2019-08-08,3.46,3.46,3.54,3.41,15025
2019-08-09,3.4873,3.39,3.4873,3.38,12870
2019-08-12,3.4,3.35,3.48,3.35,15824
2019-08-13,3.43,3.3,3.48,3.27,12511
2019-08-14,3.3,3.38,3.45,2.875,16822
2019-08-15,3.35,3.17,3.4,3.1356,9174
2019-08-16,3.28,3.32,3.34,3.19,11486
2019-08-19,3.32,3.3,3.32,3.25,8165
2019-08-20,3.3,3.33,3.33,3.14,16183
2019-08-21,3.3,3.3,3.33,3.1563,6963
2019-08-22,3.23,3.29,3.29,3.21,12229
2019-08-23,3.25,3.25,3.3,3.2,15282
2019-08-26,3.2499,2.9246,3.29,2.9246,15197
2019-08-27,3.21,3.26,3.3,3.2,22588
2019-08-28,3.18,3.28,3.3,3.18,27010
2019-08-29,3.28,3.38,3.57,3.27,36840
2019-08-30,3.31,3.38,3.41,3.31,14587
2019-09-03,3.4,3.7165,3.8037,3.36,35424
2019-09-04,3.64,4.2,4.25,3.6301,109915
2019-09-05,4.2,4.2,4.43,4.03,51835
2019-09-06,4.16,4.06,4.16,3.91,11760
2019-09-09,4.07,4.69,4.83,4.04,125284
2019-09-10,4.69,4.65,4.899,4.6,34668
2019-09-11,4.56,4.4448,4.56,4.2601,15271
2019-09-12,4.4616,4.426,4.4965,4.2813,11961
2019-09-13,4.43,4.5504,4.6,4.3,13153
2019-09-16,4.42,4.45,4.578,4.3,12345
2019-09-17,4.4465,3.66,4.4465,3.66,66393
2019-09-18,3.7,3.77,3.8888,3.6,16469
2019-09-19,3.74,3.71,3.89,3.25,41527
2019-09-20,3.57,3.73,3.77,3.52,6346
2019-09-23,3.5772,3.62,3.89,3.5772,29380
2019-09-24,3.81,3.62,3.8465,3.62,16592
2019-09-25,3.65,3.7,3.7789,3.53,7534
2019-09-26,3.73,3.41,3.97,3.4041,16137
2019-09-27,3.43,3.1327,3.54,3.0268,58755
2019-09-30,3.03,3.28,3.3365,3.03,5882
2019-10-01,3.3036,3.27,3.3465,3.09,2060
2019-10-02,3.45,3.48,3.49,3.3536,3208
2019-10-03,3.426,3.51,3.7,3.33,11655
2019-10-04,3.55,3.5748,3.6965,3.3401,13949
2019-10-07,3.61,3.45,3.67,3.42,5615
2019-10-08,3.4965,3.5,3.53,3.45,3480
2019-10-09,3.5,3.6273,3.63,3.5,1898
2019-10-10,3.57,3.25,3.64,3.24,8065
2019-10-11,3.33,3.55,3.55,3.32,7296
2019-10-14,3.55,3.6489,3.6489,3.54,1994
2019-10-15,3.63,3.41,3.65,3.3182,5996
2019-10-16,3.35,3.59,3.7,3.35,8268
2019-10-17,3.68,3.66,3.68,3.5911,3036
2019-10-18,3.68,3.775,3.8289,3.62,6929
2019-10-21,3.8,3.7756,3.8,3.7017,9163
2019-10-22,3.712,3.7,3.83,3.7,12244
2019-10-23,3.67,3.7,3.83,3.65,10630
2019-10-24,3.78,3.65,3.83,3.26,9094
2019-10-25,3.61,3.7838,4.15,3.5931,111364
2019-10-28,5.26,3.46,5.45,3.3,2250410
2019-10-29,3.38,3.35,3.49,3.25,92464
2019-10-30,3.35,3.46,3.47,3.27,32981
2019-10-31,3.49,3.55,3.6995,3.49,51579
2019-11-01,3.4,3.5822,3.64,3.361,24247
2019-11-04,3.62,3.43,3.63,3.4044,37994
2019-11-05,3.4095,3.4201,3.57,3.29,29400
2019-11-06,3.31,3.37,3.39,3.2745,8981
2019-11-07,3.3746,3.17,3.42,3.02,56638
2019-11-08,3.12,3.17,3.1999,3.1,23039
2019-11-11,3.09,3.1799,3.1899,3.0801,7966
2019-11-12,3.03,3.13,3.1744,3.03,26407
2019-11-13,3.15,3.17,3.17,3.08,5383
2019-11-14,3.08,3.0,3.1699,3.0,19542
2019-11-15,2.96,2.99,3.1,2.95,21050
2019-11-18,2.95,2.8,3.0,2.7905,16998
2019-11-19,2.8365,2.75,2.85,2.75,14803
2019-11-20,2.8,2.74,2.84,2.63,17467
2019-11-21,2.78,2.87,3.15,2.75,10029
2019-11-22,2.79,2.82,3.0789,2.79,42245
2019-11-25,3.0465,2.91,3.14,2.91,17453
2019-11-26,2.98,3.06,3.1198,2.95,10731
2019-11-27,3.1681,3.05,3.1696,3.0,10049
2019-11-29,3.05,2.9849,3.05,2.9849,1210
2019-12-02,3.13,3.02,3.1362,2.91,12298
2019-12-03,2.98,3.03,3.04,2.92,9375
2019-12-04,2.96,3.01,3.1781,2.93,7972
2019-12-05,3.0557,2.9618,3.09,2.88,6857
2019-12-06,2.8835,3.0,3.1397,2.88,9065
2019-12-09,2.91,2.93,3.11,2.86,6931
2019-12-10,3.1193,2.95,3.15,2.94,8807
2019-12-11,3.08,3.0,3.12,2.9098,14394
2019-12-12,2.99,3.03,3.1,2.96,11199
2019-12-13,3.0999,3.05,3.1198,2.96,10659
2019-12-16,3.1065,3.0898,3.12,2.9435,11950
2019-12-17,3.1,2.96,3.1473,2.95,17451
2019-12-18,2.9502,3.08,3.08,2.95,11560
2019-12-19,3.07,3.09,3.14,2.95,21066
2019-12-20,2.9635,2.95,3.1397,2.95,29540
2019-12-23,3.0146,2.86,3.025,2.85,7568
2019-12-24,2.86,2.9406,3.0,2.65,16894
2019-12-26,2.82,2.85,2.85,2.72,9645
2019-12-27,2.83,2.8,2.87,2.72,21445
2019-12-30,2.75,2.7323,2.8399,2.65,14195
2019-12-31,2.79,2.7,2.7998,2.62,12386
2020-01-02,2.66,2.71,2.7998,2.62,8227
2020-01-03,2.8,2.84,2.84,2.62,18201
2020-01-06,2.9865,3.0,3.12,2.95,38507
2020-01-07,2.95,3.42,3.42,2.92,25180
2020-01-08,3.3696,3.4,3.65,3.05,46385
2020-01-09,3.26,3.54,3.54,3.24,22253
2020-01-10,3.55,3.69,3.73,3.3184,21689
2020-01-13,3.88,3.7681,4.0,3.51,20156
2020-01-14,3.7965,3.7,3.7965,3.57,4131
2020-01-15,3.71,3.77,3.8,3.63,40701
2020-01-16,3.77,3.79,3.8,3.71,26011
2020-01-17,3.8473,3.7965,3.85,3.6438,13322
2020-01-21,3.7,3.8,3.96,3.7,14476
2020-01-22,3.8996,3.82,3.8996,3.5382,7929
2020-01-23,3.82,3.79,3.85,3.56,15806
2020-01-24,3.6332,3.74,3.91,3.6,15941
2020-01-27,3.58,3.7999,3.82,3.5,13154
2020-01-28,3.67,3.86,4.0,3.63,13435
2020-01-29,3.68,3.76,3.79,3.6,11303
2020-01-30,3.6038,3.61,3.82,3.6,4906
2020-01-31,3.61,3.35,3.74,3.35,16883
2020-02-03,3.33,3.28,3.52,3.25,17696
2020-02-04,3.22,3.2225,3.3467,3.1814,13393
2020-02-05,3.4204,3.33,3.525,3.07,25140
2020-02-06,3.16,3.11,3.38,3.11,19947
2020-02-07,3.3,3.32,3.44,3.17,6045
2020-02-10,3.4,2.91,3.4102,2.91,21059
2020-02-11,3.08,3.0,3.2,2.9501,14056
2020-02-12,2.96,2.93,3.1748,2.93,4796
2020-02-13,3.14,3.09,3.14,3.0273,9300
2020-02-14,3.1,3.15,3.15,3.01,10709
2020-02-18,3.12,3.11,3.2099,3.02,9152
2020-02-19,3.13,3.1081,3.21,2.93,24796
2020-02-20,3.13,3.15,3.21,3.05,16178
2020-02-21,3.13,3.13,3.15,2.96,17857
2020-02-24,3.1,3.0931,3.1049,2.91,7211
2020-02-25,3.0202,3.04,3.1281,2.91,7836
2020-02-26,2.96,3.0147,3.09,2.96,5072
2020-02-27,3.07,2.86,3.07,2.86,11263
2020-02-28,3.0087,2.78,3.0087,2.78,5535
2020-03-02,2.8211,2.6,2.8706,2.6,3614
2020-03-03,3.0,2.66,3.0,2.65,4525
2020-03-04,2.8914,2.88,2.8914,2.88,294
2020-03-05,2.88,2.69,2.88,2.67,3567
2020-03-06,2.71,2.7071,2.84,2.67,4970
2020-03-09,2.8878,2.6562,2.8916,2.6562,4868
2020-03-10,2.6527,2.6856,2.77,2.59,7993
2020-03-11,2.6216,2.721,2.76,2.57,4177
2020-03-12,2.62,2.3307,2.7,2.3,3937
2020-03-13,2.5912,2.389,2.7,2.3632,2045
2020-03-16,2.38,2.2143,2.38,1.83,4560
2020-03-17,2.0,2.205,2.28,1.8983,8286
2020-03-18,1.84,2.06,2.28,1.84,33629
2020-03-19,1.8458,2.11,2.21,1.8458,21012
2020-03-20,2.0,2.14,2.2,2.0,6396
2020-03-23,1.83,2.07,2.14,1.83,31668
2020-03-24,2.1204,2.27,2.435,2.1204,11568
2020-03-25,2.3356,2.35,2.6,2.29,20061
2020-03-26,2.4527,2.55,2.56,2.3,13402
2020-03-27,2.5599,2.405,2.5599,2.2,21039
2020-03-30,2.5,2.34,2.5,2.1965,35989
2020-03-31,2.48,2.48,2.5,2.13,44015
2020-04-01,2.2497,2.37,2.4,2.2193,26133
2020-04-02,2.35,2.35,2.53,2.28,24775
2020-04-03,2.3807,2.44,2.455,2.2216,33724
2020-04-06,2.5699,2.3127,2.59,2.3001,37069
2020-04-07,2.3231,2.388,2.505,2.245,27559
2020-04-08,2.3531,2.51,2.52,2.25,37052
2020-04-09,2.5081,2.445,2.6,2.3264,25465
2020-04-13,2.3678,2.7065,2.9,2.33,35336
2020-04-14,2.7811,2.67,2.9011,2.47,21222
2020-04-15,2.78,2.54,2.78,2.4783,24806
2020-04-16,2.69,2.88,3.115,2.476,42770
2020-04-17,2.932,2.75,2.9399,2.7,13179
2020-04-20,2.57,2.67,2.76,2.45,46065
2020-04-21,2.7303,2.72,2.7303,2.655,15385
2020-04-22,2.75,2.9,3.0,2.75,28432
2020-04-23,2.8134,2.81,2.8768,2.565,42884
2020-04-24,2.8689,2.72,2.9799,2.63,25057
2020-04-27,2.64,2.7,2.88,2.55,36980
2020-04-28,2.3848,2.89,2.94,2.3848,68755
2020-04-29,2.9114,2.65,2.9385,2.64,42334
2020-04-30,2.6328,2.6883,2.8451,2.54,38159
2020-05-01,2.6,2.7,2.85,2.56,51648
2020-05-04,2.6,2.59,2.6764,2.52,46308
2020-05-05,2.605,2.8,2.87,2.5273,47502
2020-05-06,2.8,2.8099,2.86,2.61,47308
2020-05-07,2.7503,2.72,2.868,2.61,65323
2020-05-08,2.65,2.749,2.86,2.65,39024
2020-05-11,2.66,2.67,2.85,2.66,47834
2020-05-12,2.7,2.58,2.88,2.54,54857
2020-05-13,2.57,2.6,2.65,2.5373,29058
2020-05-14,2.5225,2.8,2.83,2.5225,74201
2020-05-15,2.83,2.7,2.84,2.627,14922
2020-05-18,2.6899,2.69,2.73,2.54,55748
2020-05-19,2.71,2.87,2.9516,2.585,80703
2020-05-20,2.8,2.8412,2.91,2.69,71896
2020-05-21,2.79,2.675,2.85,2.6489,41975
2020-05-22,2.62,2.74,2.9,2.62,65463
2020-05-26,2.79,2.65,2.79,2.63,120841
2020-05-27,2.63,2.83,2.93,2.63,115754
2020-05-28,2.85,2.67,2.92,2.63,26961
2020-05-29,2.67,2.6,2.67,2.53,79757
2020-06-01,2.58,2.7,2.705,2.58,7575
2020-06-02,2.66,2.67,2.76,2.65,28402
2020-06-03,2.76,2.68,2.8,2.62,23831
2020-06-04,2.69,2.65,2.69,2.56,17045
2020-06-05,2.61,2.58,2.67,2.54,58620
2020-06-08,2.69,2.73,2.78,2.55,55034
2020-06-09,2.66,2.9,2.99,2.66,85248
2020-06-10,2.93,2.66,2.93,2.6006,66374
2020-06-11,2.74,2.64,2.7899,2.57,42977
2020-06-12,2.69,2.67,2.7881,2.67,51618
2020-06-15,2.6,2.6,2.65,2.57,20211
2020-06-16,2.66,2.53,2.78,2.47,100334
2020-06-17,2.63,2.14,2.63,1.98,117517
2020-06-18,2.1593,2.18,2.24,2.1166,27850
2020-06-19,2.2,2.27,2.45,2.18,120161
2020-06-22,2.29,2.25,2.3734,2.11,82992
2020-06-23,2.21,2.28,2.49,2.1488,93974
2020-06-24,2.22,2.2,2.25,2.14,64433
2020-06-25,2.2,2.31,2.47,2.2,87604
2020-06-26,2.28,2.23,2.4,2.2,58034
2020-06-29,2.15,2.26,2.46,2.15,80562
2020-06-30,2.2001,2.1435,2.39,2.14,40541
2020-07-01,2.12,2.14,2.3,2.12,19172
2020-07-02,2.14,2.36,2.48,2.07,168933
2020-07-06,2.37,2.32,2.39,2.22,44694
2020-07-07,2.34,2.26,2.37,2.17,145846
2020-07-08,2.26,2.85,2.98,2.26,601411
2020-07-09,2.66,2.51,2.75,2.44,176402
2020-07-10,2.49,2.58,2.84,2.4899,39608
2020-07-13,2.69,2.57,2.69,2.43,93080
2020-07-14,2.43,2.65,2.735,2.41,158613
2020-07-15,2.76,2.54,2.82,2.53,81748
2020-07-16,2.565,2.57,2.65,2.46,35511
2020-07-17,2.52,2.67,2.67,2.466,34755
2020-07-20,2.72,2.66,2.72,2.53,63507
2020-07-21,2.61,2.57,2.8,2.54,108828
2020-07-22,2.55,2.6,2.62,2.52,49759
2020-07-23,2.55,2.5601,2.59,2.51,45730
2020-07-24,2.675,2.46,2.7319,2.43,104630
2020-07-27,2.54,2.5,2.6,2.46,49788
2020-07-28,2.565,2.67,2.71,2.4773,81471
2020-07-29,2.67,2.62,2.7,2.561,43553
2020-07-30,2.58,2.676,2.6768,2.5602,15940
2020-07-31,2.71,2.68,2.75,2.6773,31667
2020-08-03,2.66,2.82,2.89,2.55,92792
2020-08-04,2.855,3.06,3.32,2.77,91181
2020-08-05,3.075,3.01,3.48,2.99,52757
2020-08-06,3.1202,2.89,3.22,2.81,83256
2020-08-07,3.045,3.17,3.2,2.91,55149
2020-08-10,3.14,3.17,3.4,2.92,102500
2020-08-11,3.02,2.94,3.15,2.94,80471
2020-08-12,2.97,2.9,3.08,2.9,69694
2020-08-13,2.9,2.68,2.95,2.5973,183258
2020-08-14,2.62,2.79,2.88,2.62,80839
2020-08-17,2.76,2.79,2.83,2.73,90986
2020-08-18,2.73,2.74,2.85,2.65,163812
2020-08-19,2.78,2.73,2.83,2.67,108792
2020-08-20,2.7,2.63,2.82,2.55,444318
2020-08-21,2.59,2.68,2.71,2.535,257486
2020-08-24,2.6,2.72,2.78,2.59,228859
2020-08-25,2.67,2.81,2.8127,2.6542,195003
2020-08-26,2.74,2.92,2.92,2.71,119165
2020-08-27,2.85,2.85,2.98,2.77,106194
2020-08-28,2.82,2.61,2.82,2.55,114458
2020-08-31,2.55,2.58,2.66,2.48,126705
2020-09-01,2.59,2.71,2.8,2.58,116852
2020-09-02,2.7,2.6,2.7,2.47,108981
2020-09-03,2.57,2.44,2.57,2.38,118704
2020-09-04,2.41,2.38,2.48,2.35,102018
2020-09-08,2.38,2.15,2.38,2.0,149592
2020-09-09,2.16,2.12,2.33,2.01,106593
2020-09-10,2.14,2.06,2.1407,2.06,13825
2020-09-11,2.05,1.94,2.1,1.75,86654
2020-09-14,2.0201,2.06,2.065,1.94,59875
2020-09-15,2.04,2.02,2.1,2.0,64223
2020-09-16,2.01,1.95,2.04,1.9296,38477
2020-09-17,1.95,1.99,2.09,1.95,18600
2020-09-18,1.97,1.94,1.997,1.94,30765
2020-09-21,1.94,1.82,1.95,1.81,29103
2020-09-22,1.9365,1.88,1.94,1.83,8441
2020-09-23,1.95,1.879,1.99,1.76,110281
2020-09-24,1.85,1.93,1.94,1.85,8963
2020-09-25,1.9558,2.09,2.28,1.9,85993
2020-09-28,2.12,2.165,2.2345,2.12,64780
2020-09-29,2.1527,2.24,2.3,2.1527,25273
2020-09-30,2.26,2.43,2.48,2.26,36374
2020-10-01,2.45,2.42,2.45,2.3301,17869
2020-10-02,2.35,2.44,2.45,2.35,11139
2020-10-05,2.37,2.41,2.41,2.35,14525
2020-10-06,2.395,2.35,2.41,2.19,58139
2020-10-07,2.36,2.43,2.43,2.36,14798
2020-10-08,2.23,2.38,2.4,2.23,11022
2020-10-09,2.33,2.41,2.41,2.33,845
2020-10-12,2.425,2.47,2.47,2.42,10257
2020-10-13,2.46,2.45,2.5161,2.43,38006
2020-10-14,2.49,2.52,2.53,2.49,34986
2020-10-15,2.44,2.44,2.53,2.4387,8494
2020-10-16,2.37,2.56,2.7165,2.37,50047
2020-10-19,2.5,2.51,2.6119,2.5,85614
2020-10-20,2.64,2.4,2.73,2.4,99529
2020-10-21,2.4,2.4455,2.7,2.3939,46062
2020-10-22,2.4827,2.44,2.6762,2.36,82306
2020-10-23,2.58,2.49,2.58,2.47,23979
2020-10-26,2.495,2.5,2.5302,2.41,52840
2020-10-27,2.5,2.43,2.52,2.34,46819
2020-10-28,2.49,2.41,2.633,2.33,30005
2020-10-29,2.36,2.52,2.6,2.36,56699
2020-10-30,2.5,2.4,2.5,2.35,87162
2020-11-02,2.45,2.38,2.48,2.33,37066
2020-11-03,2.371,2.36,2.371,2.26,26095
2020-11-04,2.31,2.26,2.37,2.1022,53371
2020-11-05,2.16,2.2,2.225,2.15,22231
2020-11-06,2.1858,2.14,2.2195,2.06,39941
2020-11-09,2.11,2.11,2.14,2.0473,41906
2020-11-10,2.09,2.29,2.3627,2.05,93514
2020-11-11,2.3,2.3493,2.38,2.26,41563
2020-11-12,2.3378,2.37,2.49,2.3378,34375
2020-11-13,2.35,2.35,2.35,2.31,4887
2020-11-16,2.33,2.2,2.3307,2.2,12391
2020-11-17,2.1957,2.44,2.5873,2.1957,140876
2020-11-18,2.51,2.42,2.51,2.41,8842
2020-11-19,2.4001,2.31,2.4001,2.15,73151
2020-11-20,2.2687,2.29,2.35,2.2687,9462
2020-11-23,2.28,2.48,2.53,2.276,36224
2020-11-24,2.5765,2.495,2.58,2.41,8814
2020-11-25,2.54,2.45,2.74,2.45,35985
2020-11-27,2.4824,2.51,2.6,2.42,28662
2020-11-30,2.48,2.66,2.78,2.48,49342
2020-12-01,2.65,3.12,3.12,2.6169,62192
2020-12-02,3.09,2.89,3.15,2.7446,47778
2020-12-03,3.15,3.0,3.19,3.0,39015
2020-12-04,2.8519,2.98,2.98,2.8101,4846
2020-12-07,3.02,2.89,3.07,2.88,13010
2020-12-08,2.85,2.7,2.87,2.59,113304
2020-12-09,2.5,2.35,2.6022,2.35,164121
2020-12-10,2.41,2.31,2.41,2.3,189569
2020-12-11,2.26,2.19,2.2911,2.08,143617
2020-12-14,2.09,2.18,2.18,2.09,54670
2020-12-15,2.07,2.1749,2.2478,2.07,42839
2020-12-16,2.13,2.18,2.49,2.1143,301693
2020-12-17,2.16,2.21,2.4,2.12,253646
2020-12-18,2.23,2.18,2.26,2.1705,46695
2020-12-21,2.1826,2.2,2.3,2.18,45093
2020-12-22,2.25,2.2,2.25,2.12,42187
2020-12-23,2.14,2.17,2.19,2.13,23074
2020-12-24,2.18,2.14,2.1998,2.121,11132
2020-12-28,2.17,2.28,2.33,2.16,170381
2020-12-29,2.29,2.2,2.29,2.15,53531
2020-12-30,2.1828,2.53,2.9693,2.1828,1126326
2020-12-31,2.39,2.35,2.48,2.26,123934
2021-01-04,2.41,2.33,2.4521,2.29,30124
2021-01-05,2.36,2.26,2.39,2.21,45724
2021-01-06,2.31,2.26,2.33,2.2027,43744
2021-01-07,2.28,2.47,2.6499,2.2753,237113
2021-01-08,2.7,2.95,3.12,2.6029,397587
2021-01-11,2.53,2.74,2.92,2.5,76279
2021-01-12,2.79,2.73,2.8799,2.66,58973
2021-01-13,2.8293,2.65,2.8293,2.6,37359
2021-01-14,2.74,2.83,2.87,2.56,161800
2021-01-15,2.79,2.82,2.95,2.61,70389
2021-01-19,2.78,2.78,2.8858,2.69,30111
2021-01-20,2.72,2.75,2.7719,2.71,7074
2021-01-21,2.75,2.8158,2.84,2.7,21675
2021-01-22,2.83,2.83,2.83,2.77,5335
2021-01-25,2.7713,2.84,2.95,2.75,30770
2021-01-26,2.84,2.78,2.9613,2.77,8835
2021-01-27,2.79,2.94,3.08,2.79,122810
2021-01-28,3.03,2.82,3.04,2.71,31460
2021-01-29,2.83,2.75,2.9599,2.71,60925
2021-02-01,2.83,2.73,2.83,2.6601,9360
2021-02-02,2.71,2.97,3.08,2.71,165109
2021-02-03,3.04,2.96,3.0629,2.94,148686
2021-02-04,3.14,3.06,3.15,2.999,105877
2021-02-05,3.12,3.34,3.45,3.07,357055
2021-02-08,3.47,3.5,4.2,3.21,632067
2021-02-09,3.53,3.49,3.75,3.35,253404
2021-02-10,3.45,3.37,3.64,3.165,222905
2021-02-11,3.4,3.55,3.69,3.4,112909
2021-02-12,3.57,3.95,3.95,3.57,276188
2021-02-16,4.06,3.93,4.3,3.8487,254222
2021-02-17,4.2,6.38,9.65,4.1,9989505
2021-02-18,5.1,5.05,5.57,4.6601,1223163
2021-02-19,4.93,5.67,6.2,4.9,1348056
2021-02-22,4.93,4.37,5.2799,4.37,655280
2021-02-23,4.18,3.84,4.19,3.65,189689
2021-02-24,3.84,4.11,4.39,3.84,265186
2021-02-25,3.83,3.63,4.1454,3.6,195294
2021-02-26,3.67,3.51,3.97,3.5,217160
2021-03-01,3.52,3.75,3.9,3.52,268715
2021-03-02,3.75,3.48,3.8,3.3601,338630
2021-03-03,3.6,3.4201,3.8064,3.4201,99665
2021-03-04,3.42,3.03,3.43,3.01,157703
2021-03-05,3.06,3.33,3.36,3.015,242305
2021-03-08,3.23,3.06,3.3,3.06,44665
2021-03-09,3.17,3.38,3.55,3.15,199869
2021-03-10,3.45,3.49,3.79,3.37,350523
2021-03-11,3.65,3.59,3.74,3.46,305666
2021-03-12,3.47,3.69,3.9798,3.26,396838
2021-03-15,3.64,3.85,4.1,3.5607,324202
2021-03-16,3.72,3.75,4.0997,3.66,723893
2021-03-17,3.46,3.81,4.0299,3.3925,585638
2021-03-18,3.85,3.77,4.0,3.7199,161466
2021-03-19,3.79,3.68,3.925,3.65,373374
2021-03-22,3.77,4.0,4.0,3.75,565945
2021-03-23,3.91,3.73,3.9699,3.7,118106
2021-03-24,3.74,3.14,3.85,3.11,314175
2021-03-25,3.0335,3.16,3.28,3.03,94910
2021-03-26,3.2,3.13,3.5,3.04,143912
2021-03-29,3.14,2.92,3.14,2.86,77016
2021-03-30,2.93,2.86,2.9315,2.775,70494
2021-03-31,2.93,3.02,3.0365,2.87,57180
2021-04-01,3.02,2.96,3.11,2.83,240850
2021-04-05,2.99,2.92,3.1,2.87,172805
2021-04-06,2.89,2.96,3.01,2.8347,58490
2021-04-07,2.92,2.88,2.97,2.87,22989
2021-04-08,2.9842,2.94,3.08,2.9277,43248
2021-04-09,2.9215,2.82,2.9799,2.82,44499
2021-04-12,3.66,2.41,3.76,2.3001,34381932
2021-04-13,2.2476,2.13,2.2954,2.02,2763306
2021-04-14,2.2,2.21,2.26,2.09,868310
2021-04-15,2.21,2.03,2.2166,2.0,509235
2021-04-16,1.95,1.91,2.0041,1.825,427466
2021-04-19,1.87,1.92,1.93,1.83,211314
2021-04-20,1.89,1.83,1.92,1.8,162908
2021-04-21,1.84,1.9,1.9,1.78,289575
2021-04-22,1.86,1.84,2.05,1.81,818982
2021-04-23,1.85,1.88,1.92,1.82,832490
2021-04-26,1.91,1.86,1.92,1.82,529385
2021-04-27,1.84,1.82,1.879,1.8,640273
2021-04-28,1.86,1.89,1.92,1.8,853213
2021-04-29,1.91,1.8,1.93,1.7813,518775
2021-04-30,1.81,1.72,1.81,1.7,1106535
2021-05-03,1.72,1.63,1.73,1.6,812026
2021-05-04,1.59,1.58,1.63,1.545,623658
2021-05-05,1.58,1.58,1.6,1.5314,293749
2021-05-06,1.55,1.4,1.5655,1.38,640545
2021-05-07,1.4,1.39,1.4699,1.39,452027
2021-05-10,1.42,1.28,1.45,1.22,842221
2021-05-11,1.15,1.17,1.24,1.12,990856
2021-05-12,1.18,1.12,1.2388,1.0973,416726
2021-05-13,1.15,1.08,1.19,1.07,442179
2021-05-14,1.12,1.12,1.1513,1.09,291913
2021-05-17,1.16,1.23,1.25,1.12,379959
2021-05-18,1.24,1.24,1.28,1.2,237696
2021-05-19,1.23,1.25,1.28,1.21,173004
2021-05-20,1.28,1.28,1.32,1.23,440397
2021-05-21,1.26,1.2,1.27,1.2,238093
2021-05-24,1.27,1.18,1.27,1.1362,274166
2021-05-25,1.205,1.17,1.219,1.15,165269
2021-05-26,1.18,1.24,1.3,1.17,387755
2021-05-27,1.26,1.3,1.33,1.2405,249364
2021-05-28,1.33,1.31,1.34,1.27,134381
2021-06-01,1.33,1.38,1.38,1.29,243923
2021-06-02,1.35,1.31,1.43,1.29,443824
2021-06-03,1.36,1.36,1.38,1.29,278839
2021-06-04,1.34,1.31,1.38,1.29,240524
2021-06-07,1.31,1.37,1.3747,1.3,236410
2021-06-08,1.38,1.5,1.5,1.37,926069
2021-06-09,1.43,1.4,1.49,1.36,621490
2021-06-10,1.41,1.52,1.55,1.39,1758764
2021-06-11,1.54,1.5,1.54,1.42,595156
2021-06-14,1.51,1.57,1.63,1.49,1076862
2021-06-15,1.59,1.52,1.6013,1.47,564914
2021-06-16,1.48,1.54,1.55,1.48,243899
2021-06-17,1.51,1.44,1.545,1.42,310212
2021-06-18,1.43,1.4,1.4682,1.36,308896
2021-06-21,1.35,1.38,1.3844,1.29,206787
2021-06-22,1.34,1.35,1.39,1.32,127448
2021-06-23,1.39,1.47,1.48,1.35,862152
2021-06-24,1.43,1.4,1.4377,1.33,553137
2021-06-25,1.38,1.41,1.43,1.36,166926
2021-06-28,1.39,1.43,1.4769,1.37,1183909
2021-06-29,1.54,2.86,2.86,1.5,40795934
2021-06-30,2.69,2.16,2.8,2.06,16561758
2021-07-01,2.103,2.23,2.32,1.83,6936929
2021-07-02,2.11,1.8,2.3,1.78,2592665
2021-07-06,1.84,3.05,3.64,1.83,41912544
2021-07-07,3.0,2.49,3.05,2.26,9285013
2021-07-08,2.2159,2.36,2.55,2.16,2781908
2021-07-09,2.37,2.21,2.41,2.2,1670430
2021-07-12,2.2,2.02,2.22,1.94,1493968
2021-07-13,2.12,2.17,2.75,2.07,7559326
2021-07-14,2.17,2.0,2.26,1.93,2170684
2021-07-15,2.05,1.86,2.06,1.84,1549976
2021-07-16,1.86,1.74,1.88,1.67,1508594
2021-07-19,1.6554,1.58,1.7,1.53,1351932
2021-07-20,1.56,1.44,1.64,1.43,1067085
2021-07-21,1.51,1.47,1.52,1.42,1355022
2021-07-22,1.46,1.47,1.61,1.4,1890957
2021-07-23,1.41,1.26,1.42,1.22,1610611
2021-07-26,1.27,1.36,1.67,1.27,3876976
2021-07-27,1.46,1.29,1.46,1.22,2977097
2021-07-28,1.28,1.32,1.34,1.26,693554
2021-07-29,1.34,1.26,1.34,1.25,557525
2021-07-30,1.25,1.3,1.32,1.25,594054
2021-08-02,1.32,1.35,1.36,1.26,632284
2021-08-03,1.34,1.32,1.44,1.27,1299357
2021-08-04,1.29,1.24,1.3492,1.23,661327
2021-08-05,1.29,1.33,1.39,1.25,1633121
2021-08-06,1.3,1.29,1.37,1.26,523865
2021-08-09,1.33,1.3,1.43,1.29,2152483
2021-08-10,1.32,1.28,1.3294,1.26,583918
2021-08-11,1.31,1.27,1.31,1.25,417530
2021-08-12,1.73,2.1,2.27,1.71,259764460
2021-08-13,1.95,1.58,1.98,1.52,29510112
2021-08-16,1.55,1.51,1.58,1.44,4043510
2021-08-17,1.75,1.53,1.89,1.42,44386313
2021-08-18,1.41,1.4,1.49,1.37,5720002
2021-08-19,1.3504,1.31,1.39,1.3,2437052
2021-08-20,1.27,1.31,1.3281,1.26,2317520
2021-08-23,1.34,1.39,1.39,1.25,3517978
2021-08-24,1.3577,1.39,1.4,1.31,3784906
2021-08-25,1.47,1.36,1.6399,1.32,16165505
2021-08-26,1.3408,1.31,1.35,1.28,2199296
2021-08-27,1.3,1.36,1.41,1.28,3059645
2021-08-30,1.38,1.34,1.38,1.31,1360482
2021-08-31,1.33,1.48,1.48,1.33,2479316
2021-09-01,1.55,1.47,1.59,1.39,14318281
2021-09-02,1.48,1.52,1.58,1.43,7328843
2021-09-03,1.51,1.49,1.55,1.39,6298109
2021-09-07,1.4626,1.38,1.49,1.36,4471384
2021-09-08,1.38,1.31,1.39,1.3,2717420
2021-09-09,1.32,1.37,1.38,1.32,2217395
2021-09-10,1.35,1.35,1.38,1.31,1703097
2021-09-13,1.35,1.33,1.3604,1.29,3769760
2021-09-14,1.32,1.22,1.3258,1.195,3096998
2021-09-15,1.22,1.25,1.27,1.17,2037197
2021-09-16,1.245,1.33,1.38,1.2,5604270
2021-09-17,1.31,1.34,1.35,1.28,1798504
2021-09-20,1.27,1.26,1.28,1.21,2250001
2021-09-21,1.25,1.25,1.29,1.22,969381
2021-09-22,1.26,1.29,1.31,1.25,1042963
2021-09-23,1.3,1.28,1.452,1.265,8808874
2021-09-24,1.27,1.29,1.38,1.25,7629228
2021-09-27,1.2813,1.33,1.34,1.27,5912272
2021-09-28,1.28,1.23,1.3087,1.22,3060399
2021-09-29,1.25,1.14,1.27,1.13,4215439
2021-09-30,1.15,1.12,1.21,1.03,4715912
2021-10-01,1.13,1.17,1.18,1.1,1787093
2021-10-04,1.15,1.15,1.16,1.09,1418217
2021-10-05,1.15,1.18,1.2,1.11,2249183
2021-10-06,1.18,1.21,1.25,1.15,2478213
2021-10-07,1.27,1.18,1.34,1.16,9754628
2021-10-08,1.22,1.18,1.34,1.11,16726920
2021-10-11,1.14,1.09,1.2,1.06,12630802
2021-10-12,1.09,1.06,1.11,1.05,4087737
2021-10-13,1.06,1.07,1.105,1.02,9750322
2021-10-14,1.08,1.03,1.13,0.9878,10496364
2021-10-15,1.02,0.986,1.04,0.9611,7757650
2021-10-18,1.0,0.9731,1.01,0.963,2202027
2021-10-19,0.974,1.01,1.01,0.9505,2867781
2021-10-20,0.9982,1.03,1.051,0.9703,15553321
2021-10-21,1.06,1.2,1.25,1.03,24875051
2021-10-22,1.3,1.32,1.93,1.23,135456540
2021-10-25,1.38,1.49,1.56,1.29,36898309
2021-10-26,1.53,1.36,1.6,1.26,22251672
2021-10-27,1.29,1.19,1.3,1.15,12753326
2021-10-28,1.22,1.25,1.28,1.16,6788007
2021-10-29,1.22,1.21,1.27,1.18,7104807
2021-11-01,1.21,1.28,1.28,1.1605,4736699
2021-11-02,1.28,1.33,1.41,1.22,16003997
2021-11-03,1.321,1.29,1.34,1.24,6701428
2021-11-04,1.3,1.25,1.315,1.25,5588020
2021-11-05,1.28,1.26,1.3,1.23,3840510
2021-11-08,1.28,1.29,1.34,1.26,8598101
2021-11-09,1.4,1.37,1.48,1.3,18622155
2021-11-10,1.3313,1.24,1.3599,1.23,8760117
2021-11-11,1.22,1.21,1.26,1.18,4495146
2021-11-12,1.19,1.2,1.22,1.16,3438191
2021-11-15,1.2,1.18,1.2199,1.16,2552332
2021-11-16,1.14,1.11,1.14,1.09,3682838
2021-11-17,1.11,1.11,1.165,1.09,2565510
2021-11-18,1.1,1.05,1.12,1.04,2726910
2021-11-19,1.03,1.08,1.1,1.03,1262025
2021-11-22,1.07,1.04,1.09,1.0101,3014601
2021-11-23,1.01,1.06,1.08,1.0,3358337
2021-11-24,1.02,1.05,1.05,1.01,2796823
2021-11-26,1.0,1.04,1.04,1.0,2611215
2021-11-29,1.06,0.982,1.07,0.9707,3406760
2021-11-30,0.9801,0.9505,0.995,0.911,2596877
2021-12-01,0.96,0.845,0.9802,0.83,3336389
2021-12-02,0.845,0.7993,0.872,0.77,2993244
2021-12-03,0.79,0.6541,0.799,0.635,5562656
2021-12-06,0.63,0.7155,0.75,0.5601,3974453
2021-12-07,0.7444,0.7792,0.81,0.735,1991428
2021-12-08,0.757,0.7708,0.8079,0.72,918977
2021-12-09,0.76,0.8079,0.87,0.72501,4131189
2021-12-10,0.84,0.7712,0.8599,0.770101,2631470
2021-12-13,0.7393,0.7503,0.8,0.6973,948947
2021-12-14,0.75,0.7466,0.7899,0.72,2795236
2021-12-15,0.7256,0.7658,0.77,0.7023,2605262
2021-12-16,1.0,0.71,1.08,0.7018,21560540
2021-12-17,0.8128,0.6572,0.84,0.64,11680013
2021-12-20,0.8003,0.62,0.8059,0.6021,8909099
2021-12-21,0.675,0.6037,0.695,0.5923,11685819
2021-12-22,0.5706,0.559,0.5918,0.5526,5383587
2021-12-23,0.5505,0.5726,0.5799,0.5212,4394448
2021-12-27,0.58,0.93,1.0,0.554653,16047819
2021-12-28,0.74,0.6933,0.8,0.6155,18557100
2021-12-29,0.59,0.5486,0.6,0.533,19753481
2021-12-30,0.5611,0.537,0.5611,0.5251,7843931
2021-12-31,0.535,0.5227,0.5529,0.5122,5807451
2022-01-03,0.53,0.549,0.5645,0.526136,4341226
2022-01-04,0.54,0.5283,0.555,0.5202,2773203
2022-01-05,0.5202,0.4843,0.53,0.4804,4062929
2022-01-06,0.481,0.4846,0.4931,0.4523,2783151
2022-01-07,0.4791,0.4639,0.4988,0.4614,2518531
2022-01-10,0.441,0.4346,0.449,0.42,2972025
2022-01-11,0.419,0.4407,0.4788,0.4165,3095059
2022-01-12,0.4755,0.4657,0.4755,0.4422,2467080
2022-01-13,0.47,0.446,0.49,0.44,2003410
2022-01-14,0.438,0.385,0.442699,0.3752,10222563
2022-01-18,0.38,0.3748,0.3885,0.365,1955585
2022-01-19,0.37,0.398,0.417029,0.368,2628452
2022-01-20,0.3949,0.398,0.43,0.391,2365257
2022-01-21,0.394,0.3854,0.3979,0.3731,1761351
2022-01-24,0.3661,0.363,0.3699,0.334,2655065
2022-01-25,0.3448,0.4026,0.42,0.3448,2241519
2022-01-26,0.4159,0.4022,0.4229,0.3909,2079981
2022-01-27,0.409,0.388,0.409,0.385,1180556
2022-01-28,0.39,0.4122,0.42,0.3801,1774896
2022-01-31,0.4121,0.4247,0.434999,0.41,1769540
2022-02-01,0.44,0.43,0.44,0.4151,1731203
2022-02-02,0.4312,0.4111,0.438,0.4051,850311
2022-02-03,0.4075,0.395,0.415,0.391,1255377
2022-02-04,0.417,0.4372,0.4375,0.402,1962586
2022-02-07,0.4457,0.4566,0.465,0.44,1659780
2022-02-08,0.45,0.46,0.46,0.4309,695776
2022-02-09,0.46,0.46,0.47,0.4489,963112
2022-02-10,0.455,0.425,0.46,0.424001,1629229
2022-02-11,0.425,0.401601,0.44,0.4,1095417
2022-02-14,0.4,0.3924,0.414,0.39,1337061
2022-02-15,0.4144,0.4071,0.4227,0.396,964016
2022-02-16,0.407,0.4417,0.4498,0.403,2742777
2022-02-17,0.43,0.394,0.4333,0.3914,2525397
2022-02-18,0.3927,0.3651,0.395,0.3636,2522404
2022-02-22,0.3695,0.3535,0.37,0.3525,888117
2022-02-23,0.37,0.3541,0.3769,0.352,910578
2022-02-24,0.33,0.354,0.3545,0.318,1717854
2022-02-25,0.37,0.365,0.37,0.3551,795173
2022-02-28,0.3546,0.3738,0.38,0.3546,2149445
2022-03-01,0.38,0.3674,0.4148,0.3604,5396256
2022-03-02,0.36,0.3683,0.3783,0.36,1337378
2022-03-03,0.365,0.339,0.3757,0.3322,2064304
2022-03-04,0.335,0.3256,0.3379,0.32,1293281
2022-03-07,0.33,0.3012,0.339,0.2955,1906031
2022-03-08,0.301,0.3,0.302622,0.2518,2736224
2022-03-09,0.33,0.338,0.3401,0.31,2633384
2022-03-10,0.33,0.3131,0.3347,0.3006,1086148
2022-03-11,0.3278,0.3032,0.3278,0.293,1142623
2022-03-14,0.2966,0.2836,0.2984,0.275,901376
2022-03-15,0.28,0.2965,0.2968,0.2762,1003923
2022-03-16,0.315,0.3296,0.3398,0.31,2384837
2022-03-17,0.39,0.3672,0.4098,0.3518,15097378
2022-03-18,0.36,0.41,0.41,0.35,5241480
2022-03-21,0.4015,0.4055,0.41,0.381,2997933
2022-03-22,0.4055,0.4,0.4285,0.3931,4373685
2022-03-23,0.3916,0.3868,0.4097,0.37,2798929
2022-03-24,0.3958,0.3891,0.4042,0.3613,3790162
2022-03-25,0.4,0.3836,0.4,0.3753,2097601
2022-03-28,0.389,0.42,0.426,0.389,5292049
2022-03-29,0.4077,0.3939,0.41,0.385,2181523
2022-03-30,0.394,0.3757,0.4045,0.37,2058789
2022-03-31,0.3884,0.3538,0.3885,0.33,1837415
2022-04-01,0.355,0.3502,0.365,0.35,1171380
2022-04-04,0.3615,0.3746,0.376,0.357,1085343
2022-04-05,0.3699,0.3604,0.3746,0.36,821674
2022-04-06,0.3589,0.3421,0.3589,0.34,702941
2022-04-07,0.3394,0.3174,0.34,0.3115,1661876
2022-04-08,0.313,0.318,0.3252,0.31,524061
2022-04-11,0.3164,0.3129,0.3164,0.3031,667962
2022-04-12,0.3205,0.311,0.3229,0.311,607854
2022-04-13,0.3189,0.3165,0.3299,0.31,421347
2022-04-14,0.4006,0.3413,0.4197,0.3413,37232083
2022-04-18,0.324,0.3183,0.35,0.3033,4617935
2022-04-19,0.3124,0.3265,0.3444,0.31,2857413
2022-04-20,0.32,0.3204,0.3291,0.3123,1246973
2022-04-21,0.3294,0.31914,0.329999,0.317,1082640
2022-04-22,0.32,0.3187,0.328,0.315,2544779
2022-04-25,0.3011,0.3141,0.32,0.3,1272478
2022-04-26,0.3132,0.303,0.318399,0.302,1201644
2022-04-27,0.308,0.3111,0.319,0.303,1028899
2022-04-28,0.315,0.3259,0.3369,0.311,2033997
2022-04-29,0.32,0.3333,0.335,0.31,935844
2022-05-02,0.329,0.34,0.34,0.318,1112754
2022-05-03,0.339,0.3311,0.345,0.3281,451655
2022-05-04,0.34,0.3314,0.34,0.3219,667974
2022-05-05,0.3257,0.3149,0.3318,0.307,867819
2022-05-06,0.31,0.3099,0.3109,0.3,949574
2022-05-09,0.304,0.2906,0.308,0.2709,1242522
2022-05-10,0.2944,0.29,0.3086,0.272,748208
2022-05-11,0.2802,0.261,0.32,0.26,3618684
2022-05-12,0.27,0.266,0.28,0.26,4616588
2022-05-13,0.27,0.2635,0.28,0.261,1298516
2022-05-16,0.2748,0.278,0.2877,0.2703,1239835
2022-05-17,0.295,0.3119,0.317,0.28,1229689
2022-05-18,0.3069,0.3104,0.32,0.3,1089982
2022-05-19,0.3011,0.3212,0.3234,0.3,709569
2022-05-20,0.3123,0.3199,0.3249,0.3023,914762
2022-05-23,0.3043,0.3185,0.3224,0.3,603744
2022-05-24,0.31,0.31,0.32,0.3,715803
2022-05-25,0.3,0.3249,0.34,0.3,1432202
2022-05-26,0.32,0.326,0.3333,0.312,1707537
2022-05-27,0.3213,0.3294,0.335,0.32,995567
2022-05-31,0.33,0.34,0.34,0.3256,281626
2022-06-01,0.33,0.3361,0.344,0.33,549961
2022-06-02,0.33,0.3347,0.349599,0.33,704265
2022-06-03,0.3455,0.368,0.374,0.34,1898926
2022-06-06,0.38,0.4029,0.41,0.38,2361762
2022-06-07,0.4,0.373,0.41,0.37,3213991
2022-06-08,0.385,0.3864,0.3962,0.38,1383632
2022-06-09,0.3864,1.12,1.48,0.3703,276836340
2022-06-10,1.05,1.3,1.63,0.8944,81767722
2022-06-13,1.35,1.39,1.47,1.2,24423637
2022-06-14,1.29,1.11,1.3387,1.03,8003594
2022-06-15,1.23,1.14,1.3,1.12,4686891
2022-06-16,1.17,1.12,1.45,1.1,19046523
2022-06-17,1.22,1.05,1.23,1.05,5329909
2022-06-21,1.11,1.13,1.2,1.1,2878894
2022-06-22,1.13,1.14,1.28,1.08,4788925
2022-06-23,1.11,1.23,1.3,1.1,2771678
2022-06-24,1.38,1.03,1.38,0.99,6596222
2022-06-27,1.27,0.67,1.28,0.652,16345219
2022-06-28,0.6701,0.63,0.679,0.5952,4440096
2022-06-29,0.6027,0.628,0.6499,0.6001,1910536
2022-06-30,0.5991,0.645,0.6661,0.5991,1248277
2022-07-01,0.62,0.6499,0.6675,0.62,557653
2022-07-05,0.63,0.6714,0.6899,0.63,1195209
2022-07-06,0.6644,0.5963,0.6985,0.5732,9313992
2022-07-07,0.6248,0.6833,0.7,0.6206,3391205
2022-07-08,0.6746,0.6881,0.73,0.6701,1572714
2022-07-11,0.6701,0.67,0.682499,0.650101,1198857
2022-07-12,0.655,0.6675,0.67,0.648,417596
2022-07-13,0.63,0.83,0.8896,0.63,9865881
2022-07-14,0.77,0.8496,0.85,0.7519,2697409
2022-07-15,0.8215,1.09,1.1295,0.8211,2990668
2022-07-18,1.09,1.14,1.15,1.02,2704238
2022-07-19,1.13,1.25,1.25,1.07,3101576
2022-07-20,1.24,1.31,1.32,1.23,2409654
2022-07-21,1.26,1.32,1.32,1.22,994893
2022-07-22,1.32,1.33,1.35,1.2805,961354
2022-07-25,1.29,1.28,1.3199,1.24,665866
2022-07-26,1.25,1.29,1.33,1.2139,734898
2022-07-27,1.28,1.43,1.44,1.28,2725578
2022-07-28,1.42,1.45,1.475,1.38,868667
2022-07-29,1.45,1.46,1.49,1.43,1063994
2022-08-01,1.4,1.17,1.41,1.075,1866009
2022-08-02,1.16,1.31,1.34,1.13,1086765
2022-08-03,1.27,1.4,1.4,1.25,999632
2022-08-04,1.38,1.39,1.42,1.34,693579
2022-08-05,1.39,1.43,1.45,1.36,1055820
2022-08-08,1.46,1.42,1.47,1.375,776156
2022-08-09,1.33,1.27,1.4,1.26,1119970
2022-08-10,1.31,1.38,1.38,1.27,783954
2022-08-11,1.34,1.4,1.43,1.34,793374
2022-08-12,1.41,1.44,1.48,1.39,1003873
2022-08-15,1.41,1.34,1.435,1.32,799211
2022-08-16,1.32,1.41,1.41,1.3,821640
2022-08-17,1.36,1.46,1.48,1.36,1047441
2022-08-18,1.46,1.37,1.46,1.34,814544
2022-08-19,1.37,1.34,1.41,1.28,686870
2022-08-22,1.29,1.38,1.38,1.24,786652
2022-08-23,1.33,1.34,1.34,1.28,653535
2022-08-24,1.33,1.38,1.38,1.3,739534
2022-08-25,1.38,1.45,1.46,1.355,771277
2022-08-26,1.41,1.37,1.5101,1.31,1194298
2022-08-29,1.31,1.44,1.45,1.302,763895
2022-08-30,1.4,1.43,1.48,1.39,670796
2022-08-31,1.46,1.39,1.46,1.35,646730
2022-09-01,1.35,1.37,1.41,1.3201,680816
2022-09-02,1.35,1.35,1.41,1.28,875693
2022-09-06,1.31,1.34,1.37,1.29,671533
2022-09-07,1.32,1.34,1.37,1.302,560677
2022-09-08,1.31,1.3,1.34,1.28,553836
2022-09-09,1.3,1.42,1.43,1.3,970454
2022-09-12,1.43,1.5,1.55,1.405,1374183
2022-09-13,1.47,1.58,1.65,1.41,1244608
2022-09-14,1.58,1.44,1.58,1.44,671720
2022-09-15,1.44,1.46,1.47,1.405,535868
2022-09-16,1.42,1.45,1.48,1.35,1001508
2022-09-19,1.38,1.37,1.4295,1.29,562112
2022-09-20,1.37,2.2005,2.21,1.31,2635931
2022-09-21,1.66,1.68,1.88,1.55,3179582
2022-09-22,1.67,1.75,1.815,1.63,2675831
2022-09-23,1.72,1.6,1.85,1.54,1668456
2022-09-26,1.59,0.5029,1.66,0.4601,26215775
2022-09-27,0.59,0.6,0.6405,0.49,14625405
2022-09-28,0.5498,0.6453,0.83,0.54,24416180
2022-09-29,0.5987,0.5956,0.7,0.54,13949639
2022-09-30,0.56,0.4799,0.56,0.47,8465350
2022-10-03,0.4619,0.3978,0.5,0.391,9360187
2022-10-04,0.3968,0.3303,0.3968,0.32,12256246
2022-10-05,0.32,0.272,0.3202,0.27,12201683
2022-10-06,0.28,0.274,0.2854,0.261,18615216
2022-10-07,0.27,0.26,0.2704,0.2533,4517854
2022-10-10,0.2645,0.2521,0.2689,0.2501,5027064
2022-10-11,0.25,0.2298,0.25,0.225,5758664
2022-10-12,0.2291,0.2038,0.2299,0.2,9594163
2022-10-13,0.1903,0.1913,0.207,0.1881,10818989
2022-10-14,0.192,0.1856,0.21,0.1801,18060519
2022-10-17,0.1855,0.1936,0.24,0.1818,35320271
2022-10-18,0.2077,0.1966,0.212,0.195,13207326
2022-10-19,0.1949,0.182849,0.1949,0.176,11155121
2022-10-20,0.1825,0.1764,0.184399,0.1711,4961314
2022-10-21,0.17,0.1677,0.1731,0.161,5084184
2022-10-24,0.1689,0.147,0.1689,0.135,10820838
2022-10-25,0.1465,0.1516,0.155,0.14,7818667
2022-10-26,0.154,0.144,0.154,0.141,7595923
2022-10-27,0.1479,0.1632,0.1684,0.145,6698835
2022-10-28,0.1644,0.175,0.1832,0.1616,8158676
2022-10-31,0.1847,0.1618,0.1847,0.16,6996935
2022-11-01,0.165,0.1556,0.1678,0.15,5692179
2022-11-02,0.1503,0.141,0.156,0.141,5954138
2022-11-03,0.1455,0.14,0.15,0.14,5956049
2022-11-04,0.1445,0.15,0.1549,0.1423,4530274
2022-11-07,0.1515,0.1476,0.152999,0.1442,3102003
2022-11-08,0.1473,0.1421,0.1529,0.141,4759808
2022-11-09,0.144,0.1251,0.144,0.121,5758345
2022-11-10,0.1257,0.135,0.135,0.1257,3269970
2022-11-11,0.1419,0.1498,0.1557,0.1352,5487549
2022-11-14,0.1525,0.153,0.168,0.1525,5189959
2022-11-15,0.158,0.1649,0.166,0.1535,3726841
2022-11-16,0.1658,0.15,0.1658,0.15,2850154
2022-11-17,0.149,0.149,0.1499,0.1407,2507435
2022-11-18,0.15,0.1423,0.15,0.14,2758766
2022-11-21,0.1423,0.1383,0.145,0.1324,2076036
2022-11-22,0.1379,0.1351,0.1409,0.132,1812708
2022-11-23,0.137,0.135,0.139,0.133,2054200
2022-11-25,0.138,0.14,0.1445,0.1341,1319312
2022-11-28,0.1489,0.1404,0.15,0.14,1779724
2022-11-29,0.1362,0.14,0.1474,0.1362,3317497
2022-11-30,0.14,0.136,0.158,0.136,8618899
2022-12-01,0.142,0.14,0.145,0.1365,2764906
2022-12-02,0.1387,0.14,0.142,0.1344,3585575
2022-12-05,0.1361,0.1361,0.1449,0.1361,2988105
2022-12-06,0.1395,0.124,0.1399,0.122,7056128
2022-12-07,0.1222,0.1091,0.1265,0.1032,7224543
2022-12-08,0.11,0.112,0.12,0.1063,21276179
2022-12-09,0.1418,0.106,0.142,0.105,55852949
2022-12-12,0.1,0.0917,0.1,0.09,18786733
2022-12-13,0.104,0.0953,0.105,0.0911,24426235
2022-12-14,0.0946,0.0948,0.0998,0.0901,8368893
2022-12-15,0.0959,0.0935,0.0959,0.0905,7543131
2022-12-16,0.0933,0.0804,0.0933,0.0804,8329564
2022-12-19,0.086,0.0881,0.0899,0.0825,7730325
2022-12-20,0.092,0.097,0.1088,0.088,16190955
2022-12-21,0.0975,0.1255,0.13,0.0903,13297475
2022-12-22,0.1124,0.1103,0.1165,0.1025,6405677
2022-12-23,0.1121,0.1078,0.1121,0.104,3122229
2022-12-27,0.1046,0.096,0.106,0.095,4340456
2022-12-28,0.098,0.0931,0.1009,0.0903,3504367
2022-12-29,0.0915,0.097,0.103,0.0915,4558411
2022-12-30,0.0997,0.1003,0.101,0.095,2462778
2023-01-03,0.1044,0.107,0.108,0.1001,2683486
2023-01-04,0.105,0.11,0.1173,0.104,4962338
2023-01-05,0.1226,0.11,0.1226,0.1055,8476126
2023-01-06,0.105,0.101,0.107,0.1004,5746288
2023-01-09,0.1035,0.1088,0.1149,0.1028,4746040
2023-01-10,0.1067,0.1097,0.115,0.106,5579836
2023-01-11,0.102,0.1111,0.1139,0.102,3588860
2023-01-12,0.114,0.13,0.135,0.1105,20711918
2023-01-13,0.133,0.137,0.145,0.1275,14093274
2023-01-17,0.1438,0.1266,0.145,0.12,10200255
2023-01-18,0.13,0.1258,0.1349,0.1202,5946531
2023-01-19,0.1229,0.121,0.123599,0.116,3050370
2023-01-20,0.1224,0.119,0.1267,0.1173,5060772
2023-01-23,0.12,0.1212,0.132,0.1081,17222401
2023-01-24,0.1233,0.1202,0.1272,0.118,5528506
2023-01-25,0.12,0.1199,0.12,0.111,5051221
2023-01-26,0.1213,0.1165,0.128,0.1148,8318306
2023-01-27,0.119,0.131,0.1348,0.1151,21346771
2023-01-30,0.17,0.138,0.172,0.1361,116413902
2023-01-31,0.137,0.118,0.1388,0.118,50630329
2023-02-01,0.1192,0.1091,0.12,0.1,43965953
2023-02-02,0.11,0.1125,0.116,0.1082,18188849
2023-02-03,0.116,0.118,0.12,0.1097,27572121
2023-02-06,0.1173,0.1096,0.1311,0.108,39970054
2023-02-07,0.111,0.11,0.111,0.103,17757462
2023-02-08,0.108,0.1105,0.1112,0.1,22695235
2023-02-09,0.1099,0.1016,0.11,0.1,14274406
2023-02-10,0.0969,0.0964,0.1,0.0922,12850327
2023-02-13,0.109,0.1009,0.115,0.0963,33392585
2023-02-14,0.1026,0.1058,0.1071,0.0999,10734624
2023-02-15,0.1005,0.102,0.104,0.0963,9197877
2023-02-16,0.098,0.1003,0.1038,0.0976,6789297
2023-02-17,0.1,0.0963,0.1019,0.094,7436925
2023-02-21,0.097,0.0926,0.098,0.0909,7650317
2023-02-22,0.0935,0.093,0.096,0.0916,7863357
2023-02-23,0.0965,0.091,0.0965,0.0901,8181898
2023-02-24,0.092,0.086,0.0926,0.083,8223089
2023-02-27,0.0899,0.087,0.0899,0.0855,5558466
2023-02-28,0.0862,0.0848,0.0869,0.083,6452489
2023-03-01,0.089,0.114,0.114,0.0855,37784433
2023-03-02,0.11,0.1021,0.11,0.1001,13785224
2023-03-03,0.1137,0.1136,0.1243,0.11,48369811
2023-03-06,0.1121,0.11,0.1161,0.103701,18622374
2023-03-07,0.1056,0.1042,0.109,0.1005,16509064
2023-03-08,0.1036,0.1028,0.1042,0.0955,12837054
2023-03-09,0.0995,0.1,0.105,0.0995,8890040
2023-03-10,0.0984,0.1,0.1035,0.095,9076944
2023-03-13,0.095,0.095,0.0988,0.091,6969856
2023-03-14,0.1,0.099,0.1037,0.093,9960016
2023-03-15,0.0969,0.092,0.0969,0.088,8870556
2023-03-16,0.0892,0.0891,0.09,0.0857,7102143
2023-03-17,0.0999,0.0949,0.0999,0.09,6422934
2023-03-20,0.0915,0.0896,0.0935,0.088,4933677
2023-03-21,0.092,0.1042,0.1068,0.0904,19678171
2023-03-22,0.106,0.095,0.1149,0.0911,15016560
2023-03-23,0.095,0.0922,0.097,0.0885,10458967
2023-03-24,0.09,0.0883,0.0922,0.0882,9092107
2023-03-27,0.09,0.088,0.0911,0.0857,7350728
2023-03-28,0.088,0.0871,0.09,0.087,5311942
2023-03-29,0.0885,0.103,0.11,0.087,51938979
2023-03-30,0.0964,0.0972,0.103,0.0918,26833561
2023-03-31,0.096,0.0935,0.101,0.0923,16507057
2023-04-03,0.092,0.0887,0.0923,0.0875,12161909
2023-04-04,0.0941,0.09,0.0955,0.0881,19120515
2023-04-05,0.0893,0.0888,0.0919,0.0874,10426681
2023-04-06,0.0871,0.0909,0.0938,0.0871,8454017
2023-04-10,0.09,0.092,0.0939,0.09,5064731
2023-04-11,0.094,0.1081,0.11,0.0905,19858026
2023-04-12,0.1,0.095,0.102,0.094817,9575174
2023-04-13,0.096,0.0941,0.097,0.0893,25480701
2023-04-14,0.1,0.0904,0.1075,0.0902,41030086
2023-04-17,0.0911,0.0905,0.0946,0.088,24161319
2023-04-18,0.09,0.0898,0.0959,0.082,18885203
2023-04-19,0.0898,0.091,0.0957,0.087,12458433
2023-04-20,0.0908,0.09,0.0911,0.089,6363907
2023-04-21,0.0885,0.0873,0.0917,0.0865,8171776
2023-04-24,0.0874,0.0675,0.089,0.0555,42292864
2023-04-25,0.0651,0.0849,0.085,0.0591,36451224
2023-04-26,0.0613,0.0552,0.0743,0.0511,51330030
2023-04-27,0.0526,0.054,0.0568,0.049,28796669
2023-04-28,0.0676,0.07,0.0788,0.0585,63856109
2023-05-01,0.067,0.0726,0.0749,0.063,20235046
2023-05-02,0.0786,0.0667,0.08,0.064,15086288
2023-05-03,0.0657,0.0646,0.0672,0.062,7620839
2023-05-04,0.0678,0.066,0.0679,0.062,7608915
