2021-04-06,9.9996,9.6807,9.9996,9.6391,2887
2021-04-07,9.9643,9.9643,9.9643,9.9643,532
2021-04-08,9.73,9.7,9.9,9.7,28217
2021-04-09,9.82,9.77,9.85,9.7,55873
2021-04-12,9.7,9.79,9.82,9.7,18296
2021-04-13,9.8,9.83,9.83,9.72,12333
2021-04-14,9.72,9.765,9.81,9.72,67061
2021-04-15,9.74,9.85,9.94,9.72,229678
2021-04-16,9.82,9.85,9.95,9.8,4496
2021-04-19,9.9,9.87,9.9,9.75,176296
2021-04-20,9.86,9.75,9.86,9.72,13023
2021-04-21,9.73,9.77,9.77,9.71,13243
2021-04-22,9.74,9.7,9.74,9.7,19891
2021-04-23,9.73,9.73,9.73,9.65,14408
2021-04-26,9.7711,9.78,9.78,9.75,1272
2021-04-27,9.8646,9.72,9.8646,9.69,17530
2021-04-28,9.73,9.75,9.77,9.72,2600
2021-04-29,9.7494,9.75,9.75,9.74,2569
2021-04-30,9.79,9.79,9.79,9.79,991
2021-05-03,9.75,9.76,9.76,9.75,2644
2021-05-04,9.73,9.72,9.73,9.72,1077
2021-05-05,9.73,9.73,9.73,9.73,3746
2021-05-06,9.7135,9.72,9.74,9.7135,4018
2021-05-07,9.725,9.72,9.725,9.71,1311
2021-05-10,9.73,9.73,9.73,9.73,3325
2021-05-11,9.74,9.75,9.75,9.73,5114
2021-05-12,9.725,9.74,9.74,9.725,757
2021-05-13,9.72,9.71,9.74,9.66,60964
2021-05-14,9.67,9.71,9.71,9.67,13575
2021-05-17,9.67,9.69,9.71,9.63,47348
2021-05-18,9.64,9.67,9.67,9.64,1188
2021-05-19,9.66,9.68,9.7,9.66,27615
2021-05-20,9.66,9.66,9.66,9.66,482
2021-05-21,9.64,9.69,9.7,9.63,38766
2021-05-24,9.68,9.67,9.68,9.63,4151
2021-05-25,9.69,9.68,9.69,9.67,105415
2021-05-26,9.94,9.89,9.94,9.85,5619741
2021-05-27,9.88,9.9,9.9,9.87,682593
2021-05-28,9.87,9.92,9.92,9.85,427149
2021-06-01,9.94,9.945,9.95,9.87,645663
2021-06-02,9.91,9.95,9.95,9.89,978801
2021-06-03,9.91,9.82,9.91,9.82,292385
2021-06-04,9.88,9.9,9.95,9.85,832390
2021-06-07,9.9,9.89,9.925,9.88,199306
2021-06-08,9.89,9.9,9.92,9.88,139835
2021-06-09,9.9,9.9,9.94,9.88,384344
2021-06-10,9.93,9.89,9.93,9.89,67031
2021-06-11,9.89,9.87,9.9,9.87,112095
2021-06-14,9.88,9.88,9.89,9.87,141589
2021-06-15,9.89,9.89,9.89,9.87,73439
2021-06-16,9.89,9.87,9.89,9.86,38058
2021-06-17,9.88,9.88,9.89,9.85,54655
2021-06-18,9.88,10.0,10.0,9.88,83890
2021-06-21,9.91,9.89,9.91,9.88,22664
2021-06-22,9.9,9.9,9.91,9.88,18580
2021-06-23,9.897,9.89,9.9,9.89,2280
2021-06-24,9.8926,9.89,9.9,9.89,61903
2021-06-25,9.9,9.9,9.92,9.89,338111
2021-06-28,9.89,9.89,9.9,9.89,19294
2021-06-29,9.89,9.88,9.9,9.88,45725
2021-06-30,9.9,9.89,9.9,9.88,2204
2021-07-01,9.9,9.9,9.9,9.88,33351
2021-07-02,9.9,9.9,9.91,9.89,40299
2021-07-06,9.9,9.9,9.9,9.88,2799
2021-07-07,9.8809,9.88,9.89,9.88,3048
2021-07-08,9.88,9.87,9.9,9.87,549964
2021-07-09,9.9,9.95,9.95,9.87,19977
2021-07-12,9.98,9.9,9.98,9.89,24367
2021-07-13,9.9,9.9,9.91,9.89,3133
2021-07-14,9.9,9.9,9.9,9.86,1272707
2021-07-15,9.895,9.9,9.9,9.87,897646
2021-07-16,9.8818,9.87,9.9,9.87,39470
2021-07-19,9.88,9.85,9.9,9.83,553987
2021-07-20,9.88,9.95,9.95,9.86,27044
2021-07-21,9.91,9.84,9.93,9.84,40756
2021-07-22,9.86,9.9,9.95,9.86,508976
2021-07-23,9.9,9.87,9.9,9.84,6766
2021-07-26,9.87,9.87,9.87,9.87,87457
2021-07-27,9.85,9.87,9.9,9.83,545231
2021-07-28,9.85,9.87,9.89,9.85,512612
2021-07-29,9.84,9.89,9.89,9.84,14317
2021-07-30,9.87,9.86,9.8784,9.86,5751
2021-08-02,9.89,9.86,9.89,9.86,3988
2021-08-03,9.87,9.87,9.88,9.87,3953
2021-08-04,9.86,9.82,9.88,9.82,10471
2021-08-06,9.84,9.86,9.86,9.84,18989
2021-08-09,9.85,9.85,9.85,9.85,6159
2021-08-10,9.85,9.85,9.87,9.81,14874
2021-08-11,9.85,9.85,9.88,9.83,24385
2021-08-12,9.84,9.84,9.8404,9.84,3671
2021-08-13,9.84,9.85,9.85,9.84,684
2021-08-16,9.85,9.85,9.85,9.82,44539
2021-08-17,9.83,9.81,9.83,9.81,6783
2021-08-18,9.835,9.82,9.835,9.81,36286
2021-08-19,9.84,9.82,9.84,9.82,317
2021-08-20,9.82,9.75,9.84,9.75,3114596
2021-08-23,9.79,9.79,9.8,9.78,121840
2021-08-24,9.8,9.8,9.8,9.7823,14222
2021-08-25,NaN,9.8,NaN,NaN,40
2021-08-26,9.82,9.8,9.82,9.79,56610
2021-08-27,9.82,9.8,9.82,9.78,33631
2021-08-30,9.82,9.81,9.82,9.75,14782
2021-08-31,9.78,9.83,9.83,9.78,28877
2021-09-01,9.82,9.79,9.82,9.79,24977
2021-09-02,9.8,9.8,9.81,9.8,274255
2021-09-03,9.8,9.83,9.84,9.8,17457
2021-09-07,9.83,9.84,9.84,9.83,8081
2021-09-08,9.836,9.83,9.85,9.83,20060
2021-09-09,9.85,9.845,9.85,9.83,10633
2021-09-10,9.85,9.85,9.86,9.85,76084
2021-09-13,9.8401,9.86,9.86,9.8401,32079
2021-09-14,9.845,9.845,9.845,9.845,339
2021-09-15,9.84,9.85,9.86,9.84,2079
2021-09-16,9.86,9.84,9.87,9.84,236329
2021-09-17,9.84,9.85,9.87,9.84,10091
2021-09-20,9.86,9.86,9.86,9.85,136956
2021-09-21,9.84,9.86,9.86,9.84,281050
2021-09-22,9.85,9.86,9.87,9.85,119766
2021-09-23,9.87,9.87,9.87,9.85,154475
2021-09-24,9.8667,9.87,9.87,9.8667,1607
2021-09-27,9.87,9.86,9.87,9.86,2899
2021-09-28,9.87,9.9,9.91,9.8487,126384
2021-09-29,9.87,9.91,9.91,9.85,476579
2021-09-30,9.86,9.86,9.89,9.86,97797
2021-10-01,9.89,9.88,9.89,9.86,55950
2021-10-04,9.9,9.91,9.91,9.86,389998
2021-10-05,9.909,9.91,9.91,9.88,351319
2021-10-06,9.91,9.88,9.91,9.88,85346
2021-10-07,9.895,9.89,9.91,9.89,87600
2021-10-08,9.91,9.9,9.91,9.88,55069
2021-10-11,9.89,9.89,9.91,9.89,6193
2021-10-12,9.9,9.89,9.9,9.89,27902
2021-10-13,9.91,9.89,9.91,9.89,11130
2021-10-14,9.91,9.92,9.92,9.9,132810
2021-10-15,9.92,9.93,9.93,9.91,538580
2021-10-18,9.91,9.89,9.91,9.89,634710
2021-10-19,9.9,9.89,9.9,9.88,623303
2021-10-20,9.91,9.9,9.93,9.89,113787
2021-10-21,9.89,9.9,9.9198,9.89,42594
2021-10-22,9.9217,9.9244,9.9244,9.9217,1205
2021-10-25,9.9496,9.95,9.96,9.93,43245
2021-10-26,9.945,9.925,9.945,9.92,32601
2021-10-27,9.92,9.93,9.9419,9.92,74573
2021-10-28,9.95,9.97,9.97,9.9498,1048876
2021-10-29,9.98,9.98,9.98,9.96,150707
2021-11-01,9.99,9.99,10.01,9.98,1056806
2021-11-02,9.99,9.98,9.99,9.98,441488
2021-11-03,9.98,9.98,9.99,9.97,605284
2021-11-04,9.98,9.97,9.9898,9.97,230205
2021-11-05,9.98,9.97,9.99,9.97,144679
2021-11-08,9.98,9.97,9.98,9.97,160607
2021-11-09,9.97,9.97,9.98,9.97,1488336
2021-11-10,9.98,9.97,9.99,9.96,3561236
2021-11-11,9.97,9.99,10.0,9.97,717788
2021-11-12,9.99,9.98,9.99,9.97,346200
2021-11-15,9.97,9.9563,9.97,9.93,19856
2021-11-16,9.98,9.95,9.98,9.9216,208176
2021-11-17,9.96,9.94,10.0,9.71,12467
2021-11-18,9.9,9.95,9.97,9.54,96661
2021-11-19,9.84,9.9143,9.9143,9.0,6354
2021-11-22,9.94,9.98,10.17,9.93,637381
2021-11-23,9.9701,9.97,9.98,9.96,89106
2021-11-24,9.98,9.96,9.98,9.91,517538
2021-11-26,9.52,9.97,9.97,9.52,682590
2021-11-29,9.97,9.97,9.985,9.927,400575
2021-11-30,9.97,9.84,9.97,9.74,47319
2021-12-01,9.8,8.85,9.85,8.85,26512
2021-12-02,8.95,9.025,9.67,8.94,4349
2021-12-03,9.5,9.48,9.72,9.1001,12796
2021-12-06,10.2196,10.76,16.73,10.0,339833
2021-12-07,10.1,9.4,10.25,9.1,373777
2021-12-08,9.5,9.54,9.98,9.4051,309258
2021-12-09,9.21,9.82,9.87,9.21,153791
2021-12-10,9.79,11.44,11.72,9.79,307297
2021-12-13,11.51,10.0,11.8,9.43,265575
2021-12-14,10.12,10.01,10.93,9.685,141448
2021-12-15,9.87,11.13,11.61,9.51,631723
2021-12-16,11.03,8.74,11.04,8.51,532351
2021-12-17,8.65,7.96,8.8011,7.63,622583
2021-12-20,7.73,8.03,8.205,7.7,435668
2021-12-21,8.0,7.63,8.0,7.33,749993
2021-12-22,7.51,7.51,7.78,6.96,151011
2021-12-23,7.56,7.26,8.0,7.1,90581
2021-12-27,7.22,7.59,7.62,7.11,57160
2021-12-28,7.52,7.2,7.52,7.2,81376
2021-12-29,7.61,7.32,7.61,6.64,88380
2021-12-30,7.35,7.67,7.82,7.01,387687
2021-12-31,7.54,7.04,8.12,7.03,224915
2022-01-03,7.09,6.49,7.09,6.31,228576
2022-01-04,6.6,6.25,7.4871,6.22,120337
2022-01-05,6.25,5.72,6.62,5.58,160227
2022-01-06,5.79,5.45,5.79,5.15,127242
2022-01-07,5.38,5.01,5.59,5.0,42272
2022-01-10,4.98,5.2,5.2,4.65,183675
2022-01-11,5.2,5.54,5.57,5.03,181221
2022-01-12,5.59,5.67,6.52,5.59,214556
2022-01-13,5.82,5.66,5.86,5.502,70675
2022-01-14,5.75,5.57,5.795,5.45,39521
2022-01-18,5.5,5.16,5.765,4.95,51983
2022-01-19,5.23,5.11,5.475,5.09,85275
2022-01-20,5.15,5.15,5.91,5.075,83970
2022-01-21,5.18,5.15,5.25,5.01,166154
2022-01-24,4.82,5.09,5.27,4.82,112997
2022-01-25,5.11,5.2,5.285,4.91,73103
2022-01-26,5.23,5.08,5.37,5.02,38398
2022-01-27,5.13,4.88,5.13,4.85,44511
2022-01-28,4.8,4.7,4.91,4.6227,55699
2022-01-31,4.73,5.33,5.76,4.73,240152
2022-02-01,5.37,5.14,5.48,5.05,64632
2022-02-02,5.17,5.02,5.69,4.84,84920
2022-02-03,4.96,4.85,5.12,4.67,16276
2022-02-04,4.85,4.94,5.27,4.58,48564
2022-02-07,4.99,5.12,5.585,4.645,57918
2022-02-08,5.04,5.17,5.4,5.02,37301
2022-02-09,5.18,5.17,5.58,5.0,44369
2022-02-10,5.15,5.23,5.59,5.14,37631
2022-02-11,5.24,5.32,5.71,5.24,76954
2022-02-14,5.3,5.25,5.6482,5.24,61059
2022-02-15,5.25,5.29,5.71,5.0,48656
2022-02-16,5.19,5.48,5.61,5.02,43640
2022-02-17,5.5,5.5,6.28,5.5,43418
2022-02-18,5.58,6.095,6.325,5.58,62082
2022-02-22,6.15,5.91,6.42,5.88,91849
2022-02-23,5.96,5.8,6.13,5.7701,47205
2022-02-24,5.8,5.73,6.05,5.7,49403
2022-02-25,5.83,5.71,6.27,5.3,87515
2022-02-28,5.68,5.6,6.05,5.5,107990
2022-03-01,5.57,5.94,5.97,5.57,113458
2022-03-02,5.86,6.15,6.35,5.86,52694
2022-03-03,6.12,6.27,6.73,5.9013,115015
2022-03-04,6.34,6.29,6.72,6.1,48220
2022-03-07,6.27,6.7,6.73,6.24,183288
2022-03-08,6.6,6.92,7.04,6.44,102233
2022-03-09,6.86,6.5,7.53,6.47,195361
2022-03-10,6.55,6.96,7.49,6.445,197414
2022-03-11,6.86,6.87,7.31,6.8,31947
2022-03-14,6.75,6.49,7.18,6.42,97699
2022-03-15,6.38,6.64,6.805,6.38,75039
2022-03-16,6.63,6.86,6.94,6.63,142175
2022-03-17,6.76,7.12,7.28,6.48,142749
2022-03-18,7.11,7.01,7.29,6.4,808223
2022-03-21,7.25,7.12,7.25,6.9512,135728
2022-03-22,7.02,8.03,8.4165,7.02,218895
2022-03-23,8.08,8.0,8.33,7.92,138775
2022-03-24,7.9,7.95,8.2825,7.9,135130
2022-03-25,8.09,7.62,8.23,7.375,119967
2022-03-28,7.55,7.62,7.88,7.46,114510
2022-03-29,7.915,7.7,8.295,7.67,122100
2022-03-30,7.62,7.7,8.0,7.06,148237
2022-03-31,7.63,7.82,8.2,7.17,101620
2022-04-01,7.79,8.19,8.49,7.755,123567
2022-04-04,8.44,7.9,8.44,7.77,137889
2022-04-05,7.98,7.5,7.98,7.49,128909
2022-04-06,7.51,7.8,7.91,7.43,66714
2022-04-07,7.755,8.05,8.1,7.635,97257
2022-04-08,8.05,7.53,8.1,7.24,160423
2022-04-11,7.79,7.66,7.79,7.39,83930
2022-04-12,7.69,7.72,7.99,7.67,120324
2022-04-13,7.71,7.66,7.91,7.0701,60014
2022-04-14,7.61,7.43,7.63,7.15,56002
2022-04-18,7.575,7.62,7.77,7.48,69942
2022-04-19,7.55,7.82,8.06,7.55,122945
2022-04-20,7.92,7.62,8.15,7.59,110224
2022-04-21,7.75,7.05,7.91,7.03,131947
2022-04-22,7.0,6.49,7.545,6.46,150670
2022-04-25,6.4,6.69,6.925,6.3,81895
2022-04-26,6.66,6.86,7.05,6.58,130157
2022-04-27,6.79,6.69,7.13,6.68,49395
2022-04-28,6.65,6.21,6.85,6.14,171511
2022-04-29,6.12,6.07,6.32,6.07,54687
2022-05-02,6.07,6.08,6.54,6.02,62718
2022-05-03,6.045,5.99,6.09,5.79,152355
2022-05-04,6.1,6.03,6.46,5.95,113852
2022-05-05,6.11,6.01,6.28,5.84,77251
2022-05-06,6.06,6.28,6.37,5.91,92634
2022-05-09,6.01,6.0,6.6,5.9,87037
2022-05-10,6.13,5.29,6.13,5.21,304904
2022-05-11,5.22,5.01,5.68,5.0,70434
2022-05-12,5.0,4.98,5.24,4.92,138190
2022-05-13,5.47,5.03,5.625,5.0,67199
2022-05-16,5.07,5.01,5.48,4.96,170459
2022-05-17,5.05,4.94,5.24,4.8,134195
2022-05-18,4.87,4.84,5.05,4.72,319175
2022-05-19,4.85,4.87,5.09,4.72,129872
2022-05-20,4.9,4.8,4.98,4.64,115893
2022-05-23,4.79,4.82,5.26,4.68,91581
2022-05-24,4.9,5.11,5.28,4.8,82811
2022-05-25,5.25,4.94,5.25,4.87,120966
2022-05-26,4.81,4.91,5.4,4.81,171179
2022-05-27,4.99,5.0,5.105,4.85,162304
2022-05-31,4.99,4.8,5.24,4.8,199845
2022-06-01,4.76,4.63,4.91,4.25,282951
2022-06-02,4.63,4.93,5.03,4.63,160159
2022-06-03,4.9,4.7,4.94,4.63,140407
2022-06-06,4.8,4.94,5.06,4.75,178057
2022-06-07,4.87,4.36,4.91,4.3,225174
2022-06-08,4.3,4.32,4.455,4.3,134010
2022-06-09,4.3,4.19,4.47,4.18,274696
2022-06-10,4.11,3.93,4.28,3.92,133134
2022-06-13,3.98,3.85,3.98,3.495,254332
2022-06-14,3.85,3.8,3.93,3.72,116541
2022-06-15,3.77,3.96,3.99,3.75,75863
2022-06-16,3.92,3.99,4.31,3.88,101923
2022-06-17,4.03,4.24,4.42,3.96,318436
2022-06-21,4.35,4.06,4.7,3.93,200368
2022-06-22,4.07,4.17,4.26,3.94,153528
2022-06-23,4.1,4.45,4.52,4.085,189762
2022-06-24,4.34,4.39,4.68,3.94,2317787
2022-06-27,4.44,4.07,4.6,4.05,173460
2022-06-28,4.01,3.85,4.34,3.79,84611
2022-06-29,3.81,3.62,3.81,3.405,119172
2022-06-30,3.67,3.72,3.72,3.56,57731
2022-07-01,3.72,3.78,3.81,3.61,35739
2022-07-05,3.82,4.02,4.02,3.58,63932
2022-07-06,4.02,3.82,4.13,3.8,54101
2022-07-07,3.82,3.78,3.8364,3.69,49516
2022-07-08,3.78,3.85,3.87,3.57,45857
2022-07-11,3.87,3.69,3.92,3.57,81173
2022-07-12,3.76,3.76,3.79,3.585,42543
2022-07-13,3.75,3.97,4.1,3.75,57597
2022-07-14,3.99,4.02,4.3059,3.99,52772
2022-07-15,4.16,4.3,4.5,4.1,53868
2022-07-18,4.3,4.21,4.52,4.21,24293
2022-07-19,4.27,4.38,4.665,4.2,44440
2022-07-20,4.37,4.58,4.759,4.37,53709
2022-07-21,4.55,4.78,4.81,4.53,37037
2022-07-22,4.79,4.63,4.92,4.59,22698
2022-07-25,4.63,4.8,4.9341,4.55,63912
2022-07-26,4.78,4.61,5.14,4.47,66823
2022-07-27,4.87,4.87,4.97,4.63,37733
2022-07-28,4.89,4.91,4.97,4.82,32330
2022-07-29,4.86,4.91,5.1,4.86,28911
2022-08-01,4.91,5.03,5.1,4.42,29231
2022-08-02,5.03,5.06,5.27,5.02,38720
2022-08-03,5.1,5.29,5.3,5.0,33348
2022-08-04,5.29,5.37,5.49,5.2,45341
2022-08-05,5.35,5.27,5.58,5.1,61876
2022-08-08,4.81,5.38,5.43,4.81,55505
2022-08-09,5.3,5.35,5.94,4.87,61484
2022-08-10,5.28,4.99,5.41,4.81,79261
2022-08-11,5.0,5.02,5.09,5.0,21058
2022-08-12,4.9038,5.34,5.35,4.9038,29821
2022-08-15,5.37,5.61,5.83,5.37,40492
2022-08-16,5.67,5.65,5.91,5.55,23743
2022-08-17,5.72,5.52,5.8854,5.36,28473
2022-08-18,5.59,5.53,5.87,5.32,19571
2022-08-19,5.48,5.45,5.517,5.33,25466
2022-08-22,5.4,5.28,5.5828,4.79,55267
2022-08-23,5.29,5.08,5.51,4.87,22969
2022-08-24,5.3,5.14,5.3,5.0,25731
2022-08-25,5.21,5.16,5.31,5.03,18015
2022-08-26,5.21,4.68,5.21,4.68,59131
2022-08-29,4.69,4.82,4.91,4.39,51218
2022-08-30,4.83,4.97,5.69,4.58,140681
2022-08-31,5.03,4.92,5.5,4.9,28724
2022-09-01,5.08,4.81,5.155,4.77,52944
2022-09-02,4.99,4.78,4.99,4.663,38561
2022-09-06,4.74,5.14,5.63,4.74,72667
2022-09-07,5.14,5.71,5.88,4.97,71986
2022-09-08,5.59,5.81,5.995,5.3396,97212
2022-09-09,5.77,5.99,6.23,5.77,189830
2022-09-12,5.485,6.28,6.53,5.32,69288
2022-09-13,6.4,6.3,7.05,6.13,93702
2022-09-14,6.14,6.15,6.53,5.71,157920
2022-09-15,6.19,5.9,6.3,5.57,143003
2022-09-16,5.9,5.67,5.99,5.32,552551
2022-09-19,5.62,5.75,6.12,5.11,169810
2022-09-20,5.72,6.05,6.26,5.45,122291
2022-09-21,6.05,5.64,6.54,5.44,135225
2022-09-22,5.6,5.01,5.6,4.98,92000
2022-09-23,5.03,5.21,5.41,4.98,43849
2022-09-26,5.19,4.94,5.68,4.94,46297
2022-09-27,4.98,4.94,5.28,4.6,63701
2022-09-28,4.97,5.0,5.66,4.64,86978
2022-09-29,4.93,4.74,5.07,4.56,109522
2022-09-30,4.73,4.62,5.38,4.405,140555
2022-10-03,4.5,4.92,5.16,4.29,71979
2022-10-04,4.99,4.7,5.25,4.59,108499
2022-10-05,4.56,4.96,4.96,4.56,18927
2022-10-06,4.96,5.07,5.2,4.82,16850
2022-10-07,5.08,4.83,5.2,4.7,31921
2022-10-10,4.9,4.59,4.91,4.5,26547
2022-10-11,4.48,4.62,4.9,4.465,26408
2022-10-12,4.72,4.54,5.11,4.38,68597
2022-10-13,4.3611,4.95,5.23,4.3611,45368
2022-10-14,4.87,4.72,5.21,4.66,42282
2022-10-17,4.9,5.12,5.37,4.635,33643
2022-10-18,5.25,4.79,5.57,4.67,31529
2022-10-19,4.92,5.07,5.15,4.75,69776
2022-10-20,5.17,5.24,5.289,4.99,17540
2022-10-21,5.51,4.86,6.0192,4.59,86628
2022-10-24,4.72,4.93,4.94,4.335,99901
2022-10-25,5.17,5.1,5.7,4.97,81062
2022-10-26,5.17,5.35,5.53,5.09,37027
2022-10-27,5.27,5.1,5.27,4.94,36070
2022-10-28,5.27,5.06,5.3,4.83,51596
2022-10-31,4.96,4.95,5.08,4.7,42097
2022-11-01,5.04,5.23,5.42,4.7,208284
2022-11-02,5.03,5.1,5.43,5.03,54143
2022-11-03,5.07,4.97,5.31,4.7525,71780
2022-11-04,5.03,4.96,5.09,4.86,20719
2022-11-07,5.04,4.78,5.32,4.74,16718
2022-11-08,4.82,4.79,4.92,4.71,20710
2022-11-09,4.72,4.38,4.76,4.27,58149
2022-11-10,4.61,5.12,5.19,4.51,102887
2022-11-11,5.12,5.43,5.46,4.91,29867
2022-11-14,5.42,4.93,5.42,4.62,76409
2022-11-15,4.99,4.79,5.0,4.61,28862
2022-11-16,4.62,4.67,4.94,4.42,54027
2022-11-17,4.63,4.54,4.9,4.37,101435
2022-11-18,4.76,4.36,4.76,4.19,53951
2022-11-21,4.39,5.11,5.22,4.36,184856
2022-11-22,5.2,5.09,5.27,4.9236,114046
2022-11-23,5.09,5.35,5.62,4.8231,232820
2022-11-25,5.41,5.4,5.76,5.27,28165
2022-11-28,5.42,4.62,5.8357,4.555,71492
2022-11-29,4.8,4.69,4.8,4.58,113484
2022-11-30,4.55,4.78,4.86,4.41,54999
2022-12-01,4.69,4.86,5.085,4.67,38049
2022-12-02,4.79,4.675,5.13,4.48,59269
2022-12-05,4.79,4.47,4.825,4.39,57496
2022-12-06,4.45,4.35,4.6,4.16,82794
2022-12-07,4.32,4.21,4.41,4.01,81999
2022-12-08,4.18,3.84,4.25,3.82,369249
2022-12-09,3.82,3.81,3.99,3.44,52660
2022-12-12,3.875,3.7,3.88,3.63,30959
2022-12-13,3.71,3.57,3.9,3.41,202611
2022-12-14,3.55,3.61,3.77,3.46,77056
2022-12-15,3.54,3.27,3.6,3.22,97164
2022-12-16,3.22,3.04,3.22,2.9,297730
2022-12-19,3.09,2.9,3.1399,2.9,78615
2022-12-20,2.89,2.55,2.89,2.44,366253
2022-12-21,2.52,2.28,2.5962,2.14,225455
2022-12-22,2.26,2.18,2.26,2.1,141825
2022-12-23,2.13,2.03,2.24,1.91,262380
2022-12-27,1.98,1.73,2.07,1.7,411661
2022-12-28,1.72,1.67,1.9,1.61,425949
2022-12-29,1.62,1.75,1.79,1.62,250797
2022-12-30,1.71,1.84,2.06,1.67,216733
2023-01-03,1.88,1.86,2.1299,1.77,134943
2023-01-04,1.84,1.83,1.9,1.7507,147338
2023-01-05,1.86,1.71,1.89,1.63,97657
2023-01-06,1.69,1.66,1.76,1.64,284909
2023-01-09,1.66,1.54,1.78,1.5,137235
2023-01-10,1.55,1.52,1.59,1.51,43242
2023-01-11,1.52,1.46,1.6799,1.43,66378
2023-01-12,1.5,1.73,1.76,1.5,364951
2023-01-13,1.75,1.7,1.8337,1.655,181238
2023-01-17,1.71,1.68,1.75,1.67,155880
2023-01-18,1.67,1.565,1.7999,1.5,429255
2023-01-19,1.54,1.56,1.605,1.54,211008
2023-01-20,1.6,1.43,1.6,1.38,493300
2023-01-23,1.54,1.43,1.55,1.4,171904
2023-01-24,1.42,1.35,1.47,1.33,221029
2023-01-25,1.31,1.33,1.34,1.2101,481819
2023-01-26,1.31,1.3,1.33,1.29,224437
2023-01-27,1.3,1.31,1.31,1.2672,114842
2023-01-30,1.28,1.27,1.3,1.27,71250
2023-01-31,1.27,1.29,1.32,1.27,575689
2023-02-01,1.3,1.3,1.3,1.24,247598
2023-02-02,1.3,1.32,1.335,1.25,417742
2023-02-03,1.31,1.28,1.32,1.28,309265
2023-02-06,1.28,1.23,1.28,1.22,415882
2023-02-07,1.27,1.25,1.27,1.2,638004
2023-02-08,1.26,1.24,1.27,1.24,91048
2023-02-09,1.25,1.125,1.25,1.1,648437
2023-02-10,1.09,1.08,1.11,1.05,442749
2023-02-13,1.09,1.06,1.0999,1.05,210455
2023-02-14,1.05,1.02,1.09,1.02,621041
2023-02-15,1.02,1.03,1.05,1.01,362988
2023-02-16,1.0373,1.02,1.06,1.01,305696
2023-02-17,1.05,1.04,1.05,1.01,113090
2023-02-21,1.04,1.04,1.06,0.9819,444743
2023-02-22,1.05,1.09,1.17,1.03,702801
2023-02-23,1.13,1.14,1.175,1.06,488302
2023-02-24,1.11,1.1,1.13,1.1,184983
2023-02-27,1.12,1.21,1.27,1.1014,924749
2023-02-28,1.25,1.2,1.2851,1.16,377880
2023-03-01,1.22,1.12,1.22,1.055,375839
2023-03-02,1.15,1.1,1.15,1.06,336235
2023-03-03,1.11,1.1,1.11,1.0401,275258
2023-03-06,1.12,1.09,1.12,1.09,164107
2023-03-07,1.07,1.12,1.13,1.06,211594
2023-03-08,1.12,1.07,1.12,1.06,197807
2023-03-09,1.075,1.04,1.12,1.04,501544
2023-03-10,1.06,0.9785,1.09,0.9484,433339
2023-03-13,0.9637,0.9408,0.999,0.91,169198
2023-03-14,0.9401,0.8847,0.9401,0.8804,323284
2023-03-15,0.9,0.8303,0.9736,0.8202,281220
2023-03-16,0.84,0.784,0.87,0.76,337888
2023-03-17,0.7935,0.7927,0.8095,0.7207,532034
2023-03-20,0.77,0.7108,0.8156,0.7003,243194
2023-03-21,0.7463,0.77,0.795,0.7463,163256
2023-03-22,0.7699,0.81,0.852,0.7013,225917
2023-03-23,0.8184,0.8463,0.8625,0.7901,278000
2023-03-24,0.8456,0.8609,0.889799,0.84,120537
2023-03-27,0.8806,1.06,1.09,0.8746,253740
2023-03-28,1.13,1.01,1.155,1.0,554048
2023-03-29,1.0,1.09,1.09,1.0,88658
2023-03-30,1.12,1.1,1.12,1.04,76634
2023-03-31,1.15,1.06,1.17,0.9011,395383
2023-04-03,1.14,1.035,1.14,1.025,71458
2023-04-04,1.1,0.9847,1.1,0.916,89790
2023-04-05,0.96,0.9603,0.9965,0.92,25028
2023-04-06,0.9518,1.0,1.03,0.92,111067
2023-04-10,0.9875,1.02,1.05,0.9688,55201
2023-04-11,1.05,1.11,1.14,1.04,143373
2023-04-12,1.13,1.14,1.15,1.11,136550
2023-04-13,1.14,1.2,1.21,1.12,136680
2023-04-14,1.18,1.23,1.24,1.1407,495205
2023-04-17,1.22,1.13,1.22,1.1,122286
2023-04-18,1.15,1.16,1.16,1.13,42369
2023-04-19,1.13,1.21,1.22,1.13,110043
2023-04-20,1.21,1.19,1.23,1.17,43254
2023-04-21,1.17,1.13,1.1799,1.11,81186
2023-04-24,1.16,1.1,1.23,1.1,154832
2023-04-25,1.16,1.19,1.22,1.14,112940
2023-04-26,1.21,1.15,1.21,1.11,121198
2023-04-27,1.17,1.23,1.23,1.17,156883
2023-04-28,1.22,1.27,1.27,1.22,169069
2023-05-01,1.34,1.39,1.42,1.33,278253
2023-05-02,1.49,1.66,1.6999,1.47,912139
2023-05-03,2.05,2.15,3.17,1.78,4821105
2023-05-04,2.05,1.69,2.1499,1.6016,782852
2023-05-05,1.87,1.82,1.92,1.73,219761
2023-05-08,1.89,1.93,2.04,1.8,295910
2023-05-09,1.96,2.04,2.32,1.92,429919
2023-05-10,2.07,2.22,2.34,2.07,319365
2023-05-11,2.15,2.31,2.32,1.92,417924
2023-05-12,2.32,2.63,2.82,2.3101,507581
2023-05-15,2.76,3.03,3.15,2.42,858501
2023-05-16,3.0,3.21,3.345,2.775,584440
2023-05-17,3.5,3.39,3.73,3.1001,1097819
2023-05-18,3.43,3.19,3.58,3.06,651566
2023-05-19,3.32,3.85,3.94,3.15,823834
