2019-09-20,142.8234,143.466,143.8788,142.8234,465
2019-09-23,146.22,142.56,146.22,142.44,1358
2019-09-24,142.8,136.2516,142.8,135.0066,844
2019-09-25,135.6,134.4,135.6,130.9536,665
2019-09-26,134.4,135.78,135.924,134.22,568
2019-09-27,135.42,131.8416,135.66,131.1,1021
2019-09-30,130.98,125.574,130.98,125.1,858
2019-10-01,124.74,120.0,124.74,119.76,1261
2019-10-02,120.96,120.8706,122.94,114.84,969
2019-10-03,120.42,125.4168,125.4168,120.42,65
2019-10-04,126.96,124.9422,129.3,124.9422,349
2019-10-07,125.04,121.56,125.04,121.56,1082
2019-10-08,121.5,120.0,121.5,118.5996,751
2019-10-09,120.3,118.32,120.3438,118.32,773
2019-10-10,116.46,108.0,116.46,108.0,5008
2019-10-11,108.9,107.0736,111.1206,107.0736,546
2019-10-14,106.2,106.62,106.7802,105.9,1421
2019-10-15,108.42,112.416,114.06,107.04,3588
2019-10-16,111.36,110.1,113.82,109.3734,1638
2019-10-17,116.34,114.825,116.34,111.9,1346
2019-10-18,117.72,111.72,117.72,111.0,1724
2019-10-21,112.02,112.74,112.86,108.5586,1478
2019-10-22,110.34,110.4,111.9306,110.34,965
2019-10-23,111.0,113.8212,114.06,110.1,2104
2019-10-24,116.82,115.26,116.82,113.4504,2023
2019-10-25,114.72,116.01,116.526,113.94,1415
2019-10-28,116.52,114.42,117.66,114.42,1363
2019-10-29,113.82,109.8,113.82,109.8,1625
2019-10-30,109.56,108.696,110.7,108.12,1415
2019-10-31,108.54,107.7,108.54,106.0134,2147
2019-11-01,107.7,108.84,109.08,107.7,955
2019-11-04,111.54,107.7,111.54,107.7,2820
2019-11-05,107.1,108.5214,109.812,107.1,1288
2019-11-06,108.0,106.92,108.0,106.56,2636
2019-11-07,108.06,104.88,108.06,104.5458,2057
2019-11-08,105.57,109.62,110.52,105.195,5900
2019-11-11,110.1,106.8,110.1,106.122,2097
2019-11-12,107.1,102.84,107.1,102.54,4779
2019-11-13,102.0,98.175,102.7476,97.869,4545
2019-11-14,98.28,93.657,98.28,90.939,9947
2019-11-15,91.56,89.721,91.92,88.98,2341
2019-11-18,90.6,84.03,90.6,84.03,6754
2019-11-19,84.0,88.0422,88.8,84.0,2823
2019-11-20,88.74,93.42,94.656,88.74,8210
2019-11-21,95.76,102.7494,106.68,95.76,8518
2019-11-22,102.6,96.006,104.94,95.4,6252
2019-11-25,96.0,93.0462,98.22,92.88,5024
2019-11-26,93.0,90.3,93.0,89.16,2101
2019-11-27,91.86,91.86,92.28,90.978,2147
2019-11-29,94.56,92.1606,94.56,91.671,982
2019-12-02,92.4,90.2412,92.4054,90.045,3692
2019-12-03,89.28,91.5,91.7376,88.9572,1565
2019-12-04,92.04,90.543,92.04,90.3,866
2019-12-05,90.7908,89.5038,90.7908,89.22,708
2019-12-06,89.4,88.98,89.4,88.8,812
2019-12-09,89.58,92.58,92.94,89.58,2566
2019-12-10,93.18,91.08,93.18,90.93,968
2019-12-11,91.2,90.06,91.5852,90.0006,667
2019-12-12,91.9602,93.1686,93.4734,90.2262,861
2019-12-13,92.58,93.93,96.06,92.58,1566
2019-12-16,94.5,93.7332,95.4894,93.5448,1528
2019-12-17,94.32,91.1586,94.32,90.7404,3450
2019-12-18,91.5,88.59,91.5,87.96,3115
2019-12-19,87.6,89.856,90.48,87.0576,3714
2019-12-20,90.12,89.82,90.18,88.8,2856
2019-12-23,89.28,88.2,89.28,87.714,3294
2019-12-24,88.38,89.2332,89.2332,87.6,1378
2019-12-26,90.9,87.51,90.9,87.12,6756
2019-12-27,87.48,86.88,88.3548,85.86,1544
2019-12-30,86.4,83.34,86.4,83.34,6279
2019-12-31,83.7,90.06,90.4656,83.7,4003
2020-01-02,92.94,89.5728,92.94,88.02,4460
2020-01-03,89.04,88.4304,89.2416,87.8142,2048
2020-01-06,89.4,86.427,89.4,85.68,1727
2020-01-07,86.04,84.12,86.04,83.7636,2143
2020-01-08,83.94,84.0756,85.02,81.54,3216
2020-01-09,83.88,86.3916,86.64,83.7846,723
2020-01-10,86.1,84.57,86.1,84.57,890
2020-01-13,84.9,90.0402,90.24,83.4,6209
2020-01-14,90.24,92.49,93.0,87.2448,5277
2020-01-15,93.6,101.4,101.4276,93.2382,9124
2020-01-16,102.24,100.845,104.871,100.2,9506
2020-01-17,102.0,101.34,102.7092,99.36,3338
2020-01-21,101.1,98.6562,103.38,97.98,8742
2020-01-22,99.36,99.21,100.38,97.2798,5328
2020-01-23,98.88,99.0,100.6344,97.7166,3077
2020-01-24,101.76,93.3708,101.76,92.34,9116
2020-01-27,92.94,89.28,92.94,89.1,3310
2020-01-28,89.94,92.28,92.28,89.94,1466
2020-01-29,92.88,91.0446,93.1182,90.975,1230
2020-01-30,89.64,88.86,90.7926,88.14,2398
2020-01-31,88.26,85.77,88.26,85.5,1832
2020-02-03,86.28,86.1636,86.8794,85.74,3839
2020-02-04,87.36,88.488,89.28,87.36,5308
2020-02-05,89.04,87.42,89.64,86.7,2484
2020-02-06,88.92,84.8298,88.92,84.8298,3920
2020-02-07,83.46,82.65,83.52,81.66,5279
2020-02-10,83.52,80.43,83.52,80.4,5173
2020-02-11,80.88,82.1388,83.16,80.1234,6208
2020-02-12,82.5,79.6914,82.56,79.38,3481
2020-02-13,78.84,79.32,80.4,78.78,1235
2020-02-14,84.0,83.5218,84.5736,81.8298,4319
2020-02-18,83.28,82.95,83.8374,82.1376,3528
2020-02-19,83.7,83.22,84.4098,82.662,1474
2020-02-20,83.4,84.36,86.5266,83.4,1962
2020-02-21,83.82,82.86,84.84,82.8,2524
2020-02-24,80.7,78.24,80.7,78.06,5797
2020-02-25,79.14,75.0978,79.3722,74.82,5829
2020-02-26,76.02,73.65,76.08,73.62,3284
2020-02-27,72.0,69.6,72.15,66.84,4627
2020-02-28,66.72,68.49,68.7,64.9044,5631
2020-03-02,69.9,69.0,69.9,67.44,1704
2020-03-03,68.52,66.8076,69.18,66.48,3802
2020-03-04,67.68,69.6,70.98,66.9,1483
2020-03-05,67.32,66.24,68.76,66.24,1776
2020-03-06,64.86,62.82,66.0,62.31,4056
2020-03-09,58.08,55.9494,60.9618,53.04,7648
2020-03-10,57.36,57.48,60.9,55.5,1601
2020-03-11,56.34,54.0126,57.09,53.4,1095
2020-03-12,49.2,46.0728,49.2,45.54,2628
2020-03-13,47.4,45.99,47.4,44.5188,2079
2020-03-16,44.04,42.18,45.6522,39.1458,3836
2020-03-17,43.38,43.7862,45.9,40.968,2871
2020-03-18,40.8,40.44,43.1112,39.3,2941
2020-03-19,40.62,43.6896,44.46,40.62,2734
2020-03-20,44.7,45.0,50.82,44.7,3233
2020-03-23,46.8,46.41,48.54,45.0,3081
2020-03-24,48.72,49.59,50.52,48.3696,2797
2020-03-25,49.92,52.5,54.12,49.416,4696
2020-03-26,53.52,58.7142,63.06,53.52,7765
2020-03-27,58.5,59.2716,63.84,58.26,19821
2020-03-30,61.86,55.35,61.86,54.66,2266
2020-03-31,54.78,54.7242,57.279,54.66,1580
2020-04-01,53.94,51.0,56.9886,51.0,4437
2020-04-02,51.0,51.48,53.4744,51.0,7060
2020-04-03,51.3,49.5582,51.3,49.2834,1565
2020-04-06,51.48,51.7842,53.22,51.06,1337
2020-04-07,53.7,52.2,56.1558,52.2,677
2020-04-08,52.38,52.92,53.814,51.4884,1792
2020-04-09,54.72,53.2806,56.55,52.92,8909
2020-04-13,54.66,53.7456,54.66,52.74,2617
2020-04-14,54.9,55.23,55.98,54.6102,2360
2020-04-15,54.6,54.3966,55.02,54.0168,691
2020-04-16,55.2,52.8096,55.2,52.5,1649
2020-04-17,54.42,54.48,55.5,53.43,16155
2020-04-20,53.46,54.63,56.5794,53.46,2196
2020-04-21,53.52,54.09,54.6,52.62,2309
2020-04-22,55.32,54.06,55.32,54.0,1918
2020-04-23,54.0,54.45,54.93,53.922,4737
2020-04-24,55.2,56.28,56.28,54.42,2329
2020-04-27,57.48,59.6196,60.48,57.48,3353
2020-04-28,61.5,58.38,61.5,58.23,2238
2020-04-29,60.24,59.2902,60.24,58.7514,1842
2020-04-30,58.86,57.42,59.1,57.0,1932
2020-05-01,56.7,54.9396,56.766,53.94,3779
2020-05-04,54.9,56.49,56.49,54.36,908
2020-05-05,57.48,56.46,57.63,56.46,1587
2020-05-06,57.06,56.73,57.48,56.43,1870
2020-05-07,58.14,57.09,58.14,56.49,666
2020-05-08,57.78,56.58,57.78,56.4504,501
2020-05-11,56.7,55.914,56.7,55.4496,1621
2020-05-12,55.92,54.63,56.01,54.63,2741
2020-05-13,54.9,51.15,54.9,50.4,1949
2020-05-14,50.58,51.6,51.63,49.14,1570
2020-05-15,53.52,58.4646,59.04,53.52,6017
2020-05-18,63.6,66.492,68.34,62.25,14609
2020-05-19,66.9,64.98,67.38,63.72,4817
2020-05-20,65.1,63.36,65.7522,63.15,2971
2020-05-21,65.52,69.33,69.54,64.2744,6616
2020-05-22,68.88,73.2,74.4,67.5,13330
2020-05-26,77.94,76.5,78.72,75.3,15757
2020-05-27,78.18,73.98,78.18,70.56,13381
2020-05-28,74.82,74.52,78.0,73.9692,9982
2020-05-29,71.88,69.93,72.0,69.003,5833
2020-06-01,72.12,71.28,72.12,69.6,3598
2020-06-02,72.54,71.04,72.54,70.71,1841
2020-06-03,71.82,72.21,72.6,71.49,2534
2020-06-04,71.64,72.24,72.78,71.2008,2506
2020-06-05,73.56,71.88,73.92,71.04,4155
2020-06-08,72.9,80.64,80.64,72.6,10846
2020-06-09,80.64,78.21,81.0,78.06,5859
2020-06-10,78.36,77.2404,79.62,76.62,5021
2020-06-11,75.66,68.76,75.66,68.76,8341
2020-06-12,71.16,70.3014,72.6,69.84,5328
2020-06-15,69.06,70.395,70.74,67.08,2230
2020-06-16,72.66,70.98,72.66,70.26,1620
2020-06-17,71.1,69.2712,71.1,68.8926,1994
2020-06-18,68.94,69.72,70.41,67.8006,1753
2020-06-19,69.66,69.0486,69.9,67.635,5943
2020-06-22,68.58,68.73,68.9928,67.8606,2172
2020-06-23,69.6,69.24,71.9946,68.82,3678
2020-06-24,69.72,67.3896,69.72,66.0,1553
2020-06-25,66.84,66.33,66.96,66.0,1569
2020-06-26,66.6,64.32,66.6,63.96,1931
2020-06-29,62.94,62.7564,63.42,60.6,3364
2020-06-30,61.92,61.17,62.034,60.8058,5925
2020-07-01,61.38,61.56,62.76,60.9,1403
2020-07-02,62.7,61.62,63.06,60.9,2118
2020-07-06,62.34,62.46,63.18,60.9,4061
2020-07-07,62.28,61.59,62.73,61.5,1683
2020-07-08,62.22,61.5354,62.4162,60.96,1626
2020-07-09,61.56,60.6,62.6994,59.94,3262
2020-07-10,61.08,62.4234,62.46,60.42,1774
2020-07-13,63.12,62.79,65.7,62.46,3352
2020-07-14,63.0,62.16,63.84,61.53,2076
2020-07-15,63.06,65.1,65.58,63.06,2647
2020-07-16,64.92,64.2,65.34,63.9,1243
2020-07-17,64.92,64.29,64.9206,64.02,1781
2020-07-20,64.32,63.42,64.32,63.06,1716
2020-07-21,63.72,63.48,64.26,63.06,3714
2020-07-22,63.54,62.58,63.6,62.2464,1507
2020-07-23,62.46,61.68,63.0,61.3224,3062
2020-07-24,61.26,61.44,61.44,60.42,3596
2020-07-27,61.62,62.52,63.3426,61.62,2656
2020-07-28,62.52,65.88,66.0,62.52,9796
2020-07-29,64.98,62.64,64.98,62.37,3453
2020-07-30,62.1,61.8342,62.64,61.44,8759
2020-07-31,61.32,60.9,62.2794,60.72,2088
2020-08-03,61.2,62.1,62.16,60.0,5505
2020-08-04,62.226,63.7884,64.44,61.62,3083
2020-08-05,64.74,63.39,64.74,63.12,1458
2020-08-06,63.0,60.66,63.0,60.6006,2669
2020-08-07,60.54,58.8744,60.6,58.5,4016
2020-08-10,60.0,60.9,60.9732,59.97,3145
2020-08-11,61.14,59.3088,61.14,59.3088,2373
2020-08-12,59.64,58.896,59.64,58.71,1827
2020-08-13,59.1,60.36,60.57,59.1,1525
2020-08-14,60.18,59.94,60.48,59.4,1914
2020-08-17,60.42,59.1,60.42,58.56,3824
2020-08-18,59.19,58.8,59.58,58.74,2542
2020-08-19,59.28,58.5,59.28,58.1418,1244
2020-08-20,57.96,57.45,57.96,57.3,1933
2020-08-21,57.48,56.46,57.48,56.34,2128
2020-08-24,56.76,55.926,56.76,55.08,2394
2020-08-25,56.22,56.28,56.4,55.5006,3462
2020-08-26,55.992,55.89,56.19,55.89,953
2020-08-27,55.98,55.5,56.37,55.5,1630
2020-08-28,56.31,56.88,57.435,56.31,873
2020-08-31,57.54,58.08,58.08,56.04,94619
2020-09-01,57.9,56.16,57.9,55.8,3452
2020-09-02,56.7,56.2806,56.8194,55.38,1651
2020-09-03,56.28,55.329,56.304,54.2724,1593
2020-09-04,55.38,54.5796,55.38,52.2606,3104
2020-09-08,51.9,49.86,52.44,49.32,6190
2020-09-09,50.16,50.43,50.778,49.8618,1797
2020-09-10,50.52,50.28,51.3,50.28,2514
2020-09-11,50.46,48.99,50.52,48.6,3161
2020-09-14,49.32,49.5,49.5888,48.78,2286
2020-09-15,50.34,49.44,50.34,49.44,992
2020-09-16,49.74,49.98,50.67,49.68,821
2020-09-17,49.5,49.11,49.56,48.78,1005
2020-09-18,49.26,48.6,49.26,48.4806,1649
2020-09-21,48.12,46.935,48.84,46.68,2928
2020-09-22,47.7,48.0,48.5394,46.86,1763
2020-09-23,47.82,44.55,47.82,44.28,4205
2020-09-24,44.04,43.47,44.394,43.02,3508
2020-09-25,43.5,43.8,44.1,43.2,3493
2020-09-28,44.88,43.68,44.88,43.2,2654
2020-09-29,43.62,44.13,44.5194,43.5,1038
2020-09-30,44.04,43.68,44.22,43.68,1359
2020-10-01,43.92,44.01,44.1,43.8,1779
2020-10-02,43.44,43.44,43.587,43.14,1396
2020-10-05,43.5,45.0606,45.45,43.5,2309
2020-10-06,45.3,44.22,45.3,44.22,2355
2020-10-07,44.7,45.93,46.26,44.7,1919
2020-10-08,45.96,50.01,50.22,45.96,5394
2020-10-09,52.44,50.8296,52.44,50.58,15038
2020-10-12,51.72,52.38,53.2086,51.0,9307
2020-10-13,51.9,51.3,52.14,51.0,5055
2020-10-14,51.36,49.98,51.36,49.98,4997
2020-10-15,49.2,48.6,49.26,48.0,8584
2020-10-16,48.96,48.57,49.1778,48.0,3296
2020-10-19,49.14,50.7042,51.3,48.96,3740
2020-10-20,51.12,50.64,51.12,49.8,3310
2020-10-21,50.34,49.38,50.94,49.32,3669
2020-10-22,49.92,49.68,50.28,49.26,2458
2020-10-23,50.46,49.44,50.46,49.26,5889
2020-10-26,49.14,47.4,49.47,46.98,5243
2020-10-27,47.46,47.52,48.0,47.3616,7968
2020-10-28,46.407,46.05,46.62,45.54,8680
2020-10-29,45.78,46.8,46.8,45.5178,1922
2020-10-30,47.88,46.2,47.88,44.5848,5712
2020-11-02,46.98,49.32,49.95,46.6998,16739
2020-11-03,50.7,50.4,50.9064,48.12,8869
2020-11-04,50.04,48.3,50.04,48.06,7625
2020-11-05,51.0,55.14,55.14,50.4,42691
2020-11-06,57.42,62.1,68.0994,57.24,133785
2020-11-09,74.34,63.0,76.5,62.4,66600
2020-11-10,60.12,58.74,60.69,56.946,27554
2020-11-11,59.76,58.3926,59.76,56.1,15562
2020-11-12,58.08,56.7114,58.836,56.4006,11528
2020-11-13,57.3,58.8,58.8,57.0606,12243
2020-11-16,59.58,57.42,59.58,56.4,15370
2020-11-17,58.14,58.68,58.92,57.6,16381
2020-11-18,59.94,57.96,59.94,57.24,12724
2020-11-19,57.6,57.36,58.29,57.06,7552
2020-11-20,57.54,57.75,58.56,57.168,8832
2020-11-23,58.14,57.7914,58.5,57.0,9945
2020-11-24,62.46,63.6,64.6104,61.68,44103
2020-11-25,63.48,63.1878,63.798,61.86,23604
2020-11-27,63.66,68.28,68.4,63.33,14774
2020-11-30,70.14,72.54,73.62,67.092,44015
2020-12-01,75.24,67.74,75.24,67.02,39096
2020-12-02,68.1,71.22,71.4,67.8,24839
2020-12-03,72.12,72.72,72.9,69.8682,33033
2020-12-04,73.8,72.96,74.55,71.7006,45267
2020-12-07,73.2,70.92,73.2,69.9,57678
2020-12-08,70.5,70.8,71.22,69.9,29129
2020-12-09,71.4,67.62,71.4,66.12,34136
2020-12-10,67.2,67.5,67.98,66.444,14491
2020-12-11,66.96,66.18,67.4814,65.7,20624
2020-12-14,67.56,65.1,67.98,64.74,23612
2020-12-15,65.04,66.96,66.96,63.36,23216
2020-12-16,72.3,67.92,72.3,66.9,35768
2020-12-17,67.62,65.7,67.62,65.4,25719
2020-12-18,65.58,65.07,66.0,64.86,20045
2020-12-21,64.5,63.54,64.86,63.0,17879
2020-12-22,63.6,63.36,64.14,62.64,12851
2020-12-23,63.42,65.34,65.9682,62.1,18117
2020-12-24,64.98,63.18,64.98,63.0006,7053
2020-12-28,63.42,61.98,64.44,61.98,23783
2020-12-29,63.06,60.66,63.06,59.7,22396
2020-12-30,60.0,61.08,61.5,59.7006,15624
2020-12-31,61.08,59.4,61.08,59.4,22074
2021-01-04,60.24,62.7,63.06,60.0642,21446
2021-01-05,63.18,65.52,65.574,62.82,16751
2021-01-06,71.76,70.86,74.34,70.71,112972
2021-01-07,74.7,73.5,76.44,72.72,104725
2021-01-08,74.22,72.96,74.34,70.8,56268
2021-01-11,72.3,76.5,77.34,71.4006,64090
2021-01-12,77.82,78.42,78.66,76.5,47590
2021-01-13,79.32,83.34,84.132,78.6,69055
2021-01-14,85.44,92.34,92.94,85.2,144951
2021-01-15,97.14,92.64,100.02,90.9,210260
2021-01-19,93.72,94.14,94.14,87.4248,126182
2021-01-20,94.14,92.46,94.86,90.78,69144
2021-01-21,91.92,90.78,92.1,88.32,82066
2021-01-22,88.5,88.8,90.0,87.06,42695
2021-01-25,88.38,84.42,89.4,82.8,67030
2021-01-26,85.5,89.1,89.94,85.5,52745
2021-01-27,87.0,88.62,91.98,85.0206,58979
2021-01-28,88.56,88.68,92.7,87.42,49218
2021-01-29,88.68,87.0,91.74,86.16,39342
2021-02-01,89.28,88.38,89.3712,85.38,44772
2021-02-02,90.0,99.54,99.84,89.4,111145
2021-02-03,108.9,109.5,113.58,105.2406,222845
2021-02-04,111.6,111.78,113.94,106.3548,136197
2021-02-05,113.1,110.1,113.1,108.18,112245
2021-02-08,113.1,122.22,122.22,111.6666,303608
2021-02-09,130.92,143.28,146.4,129.0,540567
2021-02-10,176.37,172.2,177.0,147.0,814271
2021-02-11,166.2,122.82,167.46,121.5636,1036576
2021-02-12,114.66,117.12,128.7006,111.0,377187
2021-02-16,121.95,126.6,127.38,120.12,241450
2021-02-17,121.5,118.44,122.82,115.8,155954
2021-02-18,118.92,110.82,120.8034,110.1,122293
2021-02-19,112.14,114.12,115.5,110.193,110569
2021-02-22,111.18,109.02,113.2992,108.6,111346
2021-02-23,101.5398,103.56,104.28,93.0,234999
2021-02-24,105.4308,108.96,109.3194,103.8,129379
2021-02-25,109.44,102.24,110.2776,100.5,95594
2021-02-26,102.0,99.18,105.0,98.28,374761
2021-03-01,103.26,103.92,105.3,102.3,93525
2021-03-02,105.66,104.28,111.0,102.9,99627
2021-03-03,105.36,100.68,106.9794,99.0606,72049
2021-03-04,97.92,92.88,100.56,90.0,160603
2021-03-05,93.3,91.38,94.8,83.46,138713
2021-03-08,91.38,92.28,95.514,90.0,73421
2021-03-09,96.0,99.18,99.96,94.68,77523
2021-03-10,103.74,97.02,103.74,94.8,98619
2021-03-11,101.04,104.58,104.76,98.7012,126002
2021-03-12,101.16,106.14,106.5,100.5,69545
2021-03-15,107.1,112.26,112.44,105.0156,117013
2021-03-16,113.7,106.26,113.82,103.98,132517
2021-03-17,103.32,107.22,108.0,102.0,48460
2021-03-18,108.3,103.74,109.7724,102.9006,64015
2021-03-19,103.8006,104.16,105.18,101.16,47353
2021-03-22,105.36,101.46,105.36,100.56,49131
2021-03-23,100.56,96.66,101.214,96.3,73911
2021-03-24,97.74,94.2,99.0,94.2,60787
2021-03-25,91.56,96.6,96.6,91.326,45534
2021-03-26,98.34,94.92,98.88,93.06,106942
2021-03-29,94.92,93.0,96.3,92.22,51678
2021-03-30,91.5,92.76,94.08,90.06,40967
2021-03-31,96.2292,96.3,97.4994,94.2174,47903
2021-04-01,98.67,96.3,98.67,95.5608,42972
2021-04-05,98.4,95.58,98.46,94.5,46341
2021-04-06,94.98,93.48,95.37,92.46,46573
2021-04-07,92.82,90.12,93.18,89.5806,42258
2021-04-08,90.84,91.08,92.2794,89.04,30914
2021-04-09,91.08,92.4,92.94,90.24,38015
2021-04-12,91.02,86.16,91.02,85.62,84136
2021-04-13,84.84,86.7,87.66,83.82,60211
2021-04-14,86.82,84.84,86.82,84.3,43310
2021-04-15,84.84,83.82,86.3994,83.0508,53033
2021-04-16,84.0,84.3,84.5994,81.57,52241
2021-04-19,84.3,85.26,87.06,82.8522,52364
2021-04-20,86.4,80.58,86.46,79.74,71173
2021-04-21,79.5,83.4,83.94,79.08,39219
2021-04-22,83.7,83.7,84.9,82.2,34746
2021-04-23,83.4,84.6,85.5,82.83,35431
2021-04-26,85.2,86.76,87.27,84.36,46146
2021-04-27,87.54,86.64,89.22,85.8006,30767
2021-04-28,87.48,89.64,90.294,85.2006,35959
2021-04-29,90.0,89.82,90.3,87.168,87730
2021-04-30,89.52,89.46,91.08,87.9,44922
2021-05-03,90.0,86.16,90.0,85.8006,34458
2021-05-04,85.2,84.6,85.68,82.506,42642
2021-05-05,85.68,86.64,86.64,84.06,22073
2021-05-06,85.5,81.96,85.74,81.24,31776
2021-05-07,82.5,86.64,88.1442,82.5,72986
2021-05-10,86.64,83.22,87.12,82.8,26498
2021-05-11,79.2,81.12,82.26,78.18,65419
2021-05-12,80.46,77.46,83.04,77.1,41324
2021-05-13,78.3,74.4,79.14,72.84,39135
2021-05-14,74.22,75.36,76.2,73.2,45760
2021-05-17,75.6,76.5,77.3394,74.7,16970
2021-05-18,77.1,79.8,79.8,76.9266,38252
2021-05-19,76.98,76.8,77.52,75.84,37137
2021-05-20,77.76,78.54,78.72,76.734,17203
2021-05-21,79.44,79.32,79.62,78.0354,25101
2021-05-24,79.08,78.84,80.2194,78.12,44539
2021-05-25,78.6,80.7,81.84,78.6,37732
2021-05-26,82.02,84.48,84.48,80.46,31100
2021-05-27,85.8,86.28,87.0,83.16,38165
2021-05-28,87.6,91.62,91.8,87.0,100487
2021-06-01,93.0,88.68,93.0,87.9,55767
2021-06-02,89.34,93.12,93.18,88.68,74857
2021-06-03,94.8,94.08,98.8194,92.7,94073
2021-06-04,94.5,89.6406,94.8006,89.52,54169
2021-06-07,90.06,93.18,93.9,88.92,43308
2021-06-08,95.16,93.96,95.4,91.62,38853
2021-06-09,94.74,94.26,97.1994,93.66,64349
2021-06-10,94.5,90.9,94.92,90.12,28548
2021-06-11,91.8,91.14,91.8,90.18,18956
2021-06-14,90.66,89.4,92.1,89.16,27518
2021-06-15,88.8,87.06,89.49,86.64,30491
2021-06-16,86.28,86.82,87.18,84.6,22296
2021-06-17,86.28,85.5,86.64,84.51,12595
2021-06-18,84.42,82.02,84.9,81.6,31375
2021-06-21,82.8,83.1,83.28,80.7,33198
2021-06-22,83.28,81.96,83.34,81.06,28210
2021-06-23,82.68,84.84,85.5,82.65,20254
2021-06-24,85.68,86.88,86.88,84.9,36049
2021-06-25,87.0,86.4,87.18,85.44,37887
2021-06-28,86.76,85.44,87.54,84.72,26089
2021-06-29,84.5988,82.8,85.62,82.2,25414
2021-06-30,83.1,82.68,83.28,81.06,17567
2021-07-01,82.44,82.2,83.34,81.12,39649
2021-07-02,82.2,81.42,82.2,80.43,17376
2021-07-06,80.7,78.48,81.42,78.3,28812
2021-07-07,78.6,77.58,78.954,75.2832,27704
2021-07-08,75.66,76.2,77.3394,75.06,20413
2021-07-09,76.8,77.1,77.16,76.0602,15224
2021-07-12,76.98,76.74,76.98,75.6,22203
2021-07-13,76.74,77.4,79.62,76.74,26536
2021-07-14,79.14,73.32,79.14,73.2,39880
2021-07-15,73.32,71.58,73.92,70.32,50913
2021-07-16,72.18,69.6,73.08,69.06,52896
2021-07-19,68.04,68.76,68.76,66.6636,49841
2021-07-20,68.22,69.9,69.9594,66.84,26518
2021-07-21,70.62,71.88,72.12,69.9,42774
2021-07-22,72.0,69.42,72.0,69.3,16465
2021-07-23,69.6,68.7,70.32,68.16,18735
2021-07-26,68.19,69.36,70.32,68.04,19937
2021-07-27,68.58,66.36,69.24,66.06,24246
2021-07-28,67.2,72.0,72.0,67.2,46124
2021-07-29,73.26,70.26,73.26,70.23,26933
2021-07-30,69.84,68.7,70.5,68.2974,34786
2021-08-02,69.66,69.12,70.4994,68.469,15633
2021-08-03,69.06,68.4,69.06,67.2,18105
2021-08-04,67.86,66.12,68.1,66.06,24645
2021-08-05,66.9,68.64,69.3,66.12,18029
2021-08-06,68.46,67.5,68.46,66.9,24480
2021-08-09,68.652,68.106,68.652,66.6114,17547
2021-08-10,68.52,69.36,70.0062,68.28,16214
2021-08-11,69.9,68.22,69.9,67.98,17013
2021-08-12,68.16,66.9,68.16,66.6,13931
2021-08-13,66.36,65.7,66.6,65.28,31601
2021-08-16,65.7,63.78,65.82,63.12,33813
2021-08-17,63.06,61.56,63.36,60.9,38517
2021-08-18,62.22,62.04,63.6,60.2574,29881
2021-08-19,61.08,58.8,61.26,58.2,39682
2021-08-20,57.96,59.1,59.7,57.9552,30164
2021-08-23,60.0,61.62,61.62,59.82,17427
2021-08-24,61.68,63.57,63.6,61.26,46825
2021-08-25,63.78,63.0,63.78,61.92,21838
2021-08-26,62.34,60.9,63.4734,60.66,15926
2021-08-27,60.72,61.44,62.3394,60.0,14854
2021-08-30,61.56,61.38,61.6128,60.3078,12228
2021-08-31,61.56,62.82,63.4686,61.02,31596
2021-09-01,62.58,61.5,63.7686,61.2006,11400
2021-09-02,61.92,63.0,63.48,61.83,11342
2021-09-03,62.76,62.4,63.24,61.56,11035
2021-09-07,62.04,61.56,62.9994,61.2,8846
2021-09-08,61.44,59.16,61.554,58.8,16815
2021-09-09,58.74,59.22,59.7564,58.68,13173
2021-09-10,59.34,57.96,59.4,57.66,20226
2021-09-13,58.2,56.4,58.2,56.34,34824
2021-09-14,57.0,55.74,57.12,54.96,18870
2021-09-15,55.2,55.44,55.8,54.72,30619
2021-09-16,55.8,56.16,56.64,55.4532,11501
2021-09-17,56.1,55.98,56.1,55.1406,10215
2021-09-20,54.3,52.98,54.7392,52.206,33345
2021-09-21,53.34,53.46,54.3,52.86,21132
2021-09-22,54.12,54.42,54.9,53.721,18910
2021-09-23,55.98,55.8,56.16,55.08,20213
2021-09-24,55.32,54.66,55.6194,54.192,20733
2021-09-27,55.14,56.7,56.7,54.66,15178
2021-09-28,56.28,54.78,56.4,54.78,18262
2021-09-29,55.2,53.64,55.2,53.4,19200
2021-09-30,53.52,53.64,54.3,52.8,9981
2021-10-01,53.94,52.92,53.94,52.5,18942
2021-10-04,53.16,51.42,53.16,51.3384,19576
2021-10-05,51.48,52.8,53.28,51.2406,18571
2021-10-06,52.08,51.78,52.4346,51.219,22147
2021-10-07,52.08,53.34,53.9052,51.66,12561
2021-10-08,53.7,53.04,53.9772,52.2,11835
2021-10-11,52.74,51.72,52.89,51.72,13021
2021-10-12,52.08,51.96,52.77,51.84,10128
2021-10-13,52.5,52.62,53.0994,51.84,9815
2021-10-14,53.4,53.4,54.0,52.5,14814
2021-10-15,53.58,51.96,53.58,51.78,21478
2021-10-18,51.6,51.54,52.44,51.42,13789
2021-10-19,52.5,55.2,55.2,51.57,23595
2021-10-20,55.44,54.9,55.56,53.64,34230
2021-10-21,54.36,55.2,56.7,54.24,25830
2021-10-22,55.26,53.1492,55.26,52.86,18108
2021-10-25,52.98,53.1,53.8794,52.5,20780
2021-10-26,53.1,52.14,53.4,52.02,16359
2021-10-27,52.44,51.54,52.6674,51.12,19681
2021-10-28,51.06,51.84,51.84,51.0,12561
2021-10-29,51.48,50.4,52.3788,50.4,66204
2021-11-01,50.88,52.44,52.7994,50.52,40136
2021-11-02,52.5,51.42,52.5,50.766,16902
2021-11-03,51.0,52.08,52.5492,51.0,23234
2021-11-04,52.44,51.36,52.98,51.3,28672
2021-11-05,51.48,50.04,51.7194,49.2,74019
2021-11-08,51.24,55.8,55.8,50.916,72407
2021-11-09,55.56,54.96,55.56,52.5,47862
2021-11-10,54.3,52.5,54.954,52.2,29528
2021-11-11,52.92,53.94,54.1932,52.5,20934
2021-11-12,56.16,58.74,58.74,54.6078,76571
2021-11-15,59.22,56.88,61.08,56.4,125021
2021-11-16,56.7,55.38,56.7,54.009,39772
2021-11-17,54.6,52.2,54.78,52.2,74619
2021-11-18,52.44,48.0,52.44,47.67,84432
2021-11-19,48.0,47.4,48.795,46.9674,49650
2021-11-22,48.18,45.54,48.18,44.46,86891
2021-11-23,45.72,45.48,46.4394,44.46,42936
2021-11-24,45.6,46.44,46.5,44.3904,31441
2021-11-26,45.12,45.36,45.42,44.16,25429
2021-11-29,46.2,43.98,46.2,43.62,49377
2021-11-30,43.8,43.62,44.4,41.82,48657
2021-12-01,44.22,41.04,44.4,40.5,42924
2021-12-02,41.4,41.88,42.0,40.392,76430
2021-12-03,42.06,39.42,42.06,39.0,50571
2021-12-06,39.9,40.44,41.1,37.92,69134
2021-12-07,41.88,42.6,43.02,40.9806,27738
2021-12-08,42.48,43.74,44.04,41.88,26068
2021-12-09,42.84,42.12,43.74,41.5914,21109
2021-12-10,41.7,40.62,42.54,40.26,38999
2021-12-13,40.56,39.66,40.92,38.6508,59428
2021-12-14,38.7,38.28,39.6,38.1,59993
2021-12-15,38.28,38.22,39.0,36.3,63077
2021-12-16,38.34,37.56,39.0684,37.32,37166
2021-12-17,37.74,38.76,39.2538,36.7314,32015
2021-12-20,37.86,37.32,38.1,36.6,31498
2021-12-21,37.5,38.34,38.94,37.4106,31480
2021-12-22,38.58,38.82,38.88,37.86,22267
2021-12-23,38.82,39.36,40.14,38.0412,34431
2021-12-27,39.18,38.1,39.36,37.86,61820
2021-12-28,38.1,37.14,38.3994,36.9,38700
2021-12-29,36.84,35.94,37.2,35.7,164419
2021-12-30,35.4612,35.16,36.36,34.98,72038
2021-12-31,34.98,34.9152,35.808,34.8,46823
2022-01-03,35.22,36.48,36.99,34.86,32941
2022-01-04,36.9,36.06,36.96,35.1882,24484
2022-01-05,36.06,34.38,36.48,34.2,29018
2022-01-06,34.5,33.6,34.74,32.94,26915
2022-01-07,33.9,34.14,34.9794,33.66,31083
2022-01-10,35.16,34.8,35.2776,33.7266,38556
2022-01-11,34.8,35.04,35.6298,34.02,29031
2022-01-12,35.82,35.1,36.1152,34.5,21442
2022-01-13,35.04,33.72,35.3634,33.72,19448
2022-01-14,33.6,34.2,34.2,32.88,20881
2022-01-18,34.32,32.64,34.32,32.4,34215
2022-01-19,32.82,31.56,32.94,31.26,33498
2022-01-20,31.74,30.9,32.82,30.9,20603
2022-01-21,30.66,29.4,31.08,29.34,66311
2022-01-24,28.5,28.98,29.1366,26.76,84006
2022-01-25,28.68,29.28,29.76,28.2,28024
2022-01-26,30.3,28.56,30.3,28.2006,28110
2022-01-27,28.8,27.6,29.04,27.4842,21587
2022-01-28,27.6,28.08,28.56,27.1206,45345
2022-01-31,28.62,30.54,30.6,28.62,31092
2022-02-01,31.02,32.04,32.16,30.3522,47518
2022-02-02,32.34,30.78,32.34,30.72,26812
2022-02-03,30.24,29.88,30.72,29.7606,16145
2022-02-04,29.94,30.96,31.08,29.76,20794
2022-02-07,30.84,30.7824,31.9194,30.6,8385
2022-02-08,31.32,31.08,31.434,30.48,10894
2022-02-09,32.28,34.02,34.0794,32.106,48342
2022-02-10,33.48,34.44,35.478,33.0606,98682
2022-02-11,34.44,34.86,35.2794,33.2394,46187
2022-02-14,34.68,33.15,35.16,32.88,31206
2022-02-15,34.2,34.62,34.62,33.57,33176
2022-02-16,34.74,34.44,35.4,33.6006,15770
2022-02-17,34.14,32.76,34.14,32.4,23875
2022-02-18,32.76,31.5,32.76,31.2,17768
2022-02-22,30.72,29.82,31.0968,29.64,34209
2022-02-23,30.06,28.98,30.54,28.68,14574
2022-02-24,27.36,29.34,29.82,26.88,57689
2022-02-25,30.06,29.82,30.3,28.9524,34917
2022-02-28,29.58,30.54,30.54,29.1,87973
2022-03-01,29.88,29.28,30.384,28.98,28900
2022-03-02,29.64,29.64,29.7,28.9164,31155
2022-03-03,30.0,28.92,30.0,28.4946,22703
2022-03-04,28.38,27.9,28.98,27.4986,17216
2022-03-07,27.78,27.0,28.08,26.706,21350
2022-03-08,27.0,27.72,28.08,26.2506,15638
2022-03-09,28.59,28.14,28.68,27.9,18906
2022-03-10,28.5,28.44,28.5,27.12,13216
2022-03-11,28.56,27.18,28.56,26.88,15856
2022-03-14,27.24,26.34,27.24,25.8,19699
2022-03-15,26.1,26.7,26.7,25.68,25905
2022-03-16,27.18,27.72,27.72,26.82,22009
2022-03-17,27.36,28.8,28.98,27.36,17756
2022-03-18,28.98,29.82,30.0,28.8,18038
2022-03-21,29.88,29.46,30.12,28.8,11964
2022-03-22,29.82,30.72,30.72,29.4,14764
2022-03-23,31.08,30.3,32.04,30.18,30983
2022-03-24,30.36,33.24,33.4794,29.7,37840
2022-03-25,37.02,35.7,37.3194,33.1206,198120
2022-03-28,35.1,33.54,35.22,32.82,106750
2022-03-29,33.6,34.62,35.04,32.8806,77466
2022-03-30,34.8,33.78,35.7,33.24,60864
2022-03-31,34.02,32.76,34.08,32.52,30906
2022-04-01,33.24,32.52,33.8934,32.4,63137
2022-04-04,32.82,32.88,32.9994,31.98,42971
2022-04-05,33.0,31.5,33.06,31.2006,34931
2022-04-06,31.74,30.84,32.1,30.48,37702
2022-04-07,31.02,29.58,31.02,28.92,38734
2022-04-08,28.98,28.92,29.52,28.5624,15930
2022-04-11,28.98,28.68,29.04,27.78,23990
2022-04-12,28.86,28.8,30.3,28.26,21167
2022-04-13,28.98,29.52,29.52,28.5,11324
2022-04-14,29.52,28.68,29.52,28.38,11309
2022-04-18,28.8,27.48,28.86,27.12,32466
2022-04-19,27.6,27.72,28.0194,27.0,15867
2022-04-20,27.96,27.06,27.96,26.76,29234
2022-04-21,27.24,26.1,27.528,25.92,30800
2022-04-22,26.28,25.56,26.58,25.26,28090
2022-04-25,25.5,25.5,25.5,24.78,42664
2022-04-26,25.5,24.24,25.5,24.06,39915
2022-04-27,24.06,24.12,24.9504,23.7,25590
2022-04-28,24.24,24.42,24.6,23.4,24830
2022-04-29,24.54,24.24,25.428,24.0,19488
2022-05-02,24.06,24.42,24.6,23.64,23077
2022-05-03,24.36,24.42,24.9,24.0,13888
2022-05-04,24.06,25.08,25.08,23.52,25231
2022-05-05,24.54,23.7,24.57,23.4,23874
2022-05-06,23.46,23.16,23.595,22.5,20732
2022-05-09,22.74,21.6,22.74,21.24,44195
2022-05-10,21.66,21.36,22.3314,20.76,25163
2022-05-11,21.12,19.98,21.7956,19.92,38826
2022-05-12,19.68,20.28,20.94,19.2,41013
2022-05-13,20.7,21.84,22.3194,20.7,25164
2022-05-16,22.2,22.74,23.04,21.6,19059
2022-05-17,23.28,23.4,23.58,22.62,13788
2022-05-18,23.28,22.2264,23.28,21.9,11700
2022-05-19,21.78,22.5,22.92,21.78,15116
2022-05-20,22.98,22.02,23.1,21.42,29589
2022-05-23,22.02,21.72,22.02,21.3,16923
2022-05-24,21.3,20.7,21.3,20.4144,22916
2022-05-25,20.46,20.7,21.12,20.4,41423
2022-05-26,20.94,21.36,21.6,20.7,35912
2022-05-27,21.18,20.64,21.18,20.16,29913
2022-05-31,20.82,20.4,20.976,20.16,23332
2022-06-01,20.52,19.8,20.64,19.62,31982
2022-06-02,19.86,20.19,20.64,19.56,15065
2022-06-03,20.16,19.68,20.28,19.5,21020
2022-06-06,20.22,19.32,20.34,19.32,14468
2022-06-07,19.5,19.86,20.04,19.2342,16706
2022-06-08,19.98,19.56,20.3442,19.5,10702
2022-06-09,19.62,18.84,19.62,18.66,20727
2022-06-10,18.6,18.18,18.6,17.82,20660
2022-06-13,17.55,16.58,17.55,15.9229,57098
2022-06-14,16.56,16.62,16.8407,16.1901,46119
2022-06-15,17.51,17.16,17.51,16.4109,27994
2022-06-16,16.61,16.4,16.89,16.28,14975
2022-06-17,16.35,16.7,16.93,16.35,33277
2022-06-21,17.09,17.44,17.66,17.09,38508
2022-06-22,17.0,17.25,17.486,17.0,8841
2022-06-23,17.21,17.67,17.67,16.716,10357
2022-06-24,18.1676,18.24,18.305,17.9091,44617
2022-06-27,18.2,18.01,18.23,17.7,11971
2022-06-28,18.16,17.33,18.44,17.33,22527
2022-06-29,17.1,16.91,17.1,16.205,18784
2022-06-30,16.02,16.0,16.48,15.43,52562
2022-07-01,15.65,15.96,16.07,15.65,14887
2022-07-05,15.66,16.27,16.27,15.5,9074
2022-07-06,16.38,16.6,16.7999,16.29,24152
2022-07-07,16.74,17.06,17.06,16.59,11724
2022-07-08,17.01,16.98,17.5,16.85,25862
2022-07-11,16.97,16.6,16.97,16.5,9999
2022-07-12,16.38,16.89,16.89,16.38,13219
2022-07-13,16.48,16.53,16.7,16.4101,4904
2022-07-14,16.4,17.0,17.0,15.71,14201
2022-07-15,17.22,16.68,17.22,16.441,9231
2022-07-18,16.71,17.0,17.58,16.645,17494
2022-07-19,17.26,17.1312,17.35,16.94,5965
2022-07-20,17.5,18.56,18.79,17.5,51998
2022-07-21,18.72,18.395,18.8,18.2,58018
2022-07-22,18.51,17.28,18.51,17.16,47280
2022-07-25,17.46,17.05,17.46,16.8888,5264
2022-07-26,17.01,16.34,17.01,16.11,30501
2022-07-27,16.35,16.4511,16.61,16.14,15446
2022-07-28,16.35,17.25,17.25,16.19,41784
2022-07-29,16.91,17.0927,17.24,16.8236,17305
2022-08-01,17.24,17.05,17.24,16.95,15637
2022-08-02,17.0,17.91,18.0,17.0,63137
2022-08-03,18.14,18.15,18.3219,17.7587,51759
2022-08-04,18.15,18.1014,18.36,17.83,13249
2022-08-05,17.88,18.2837,18.39,17.88,19160
2022-08-08,18.4,19.72,19.72,18.364,90824
2022-08-09,19.72,18.49,19.72,18.35,39945
2022-08-10,19.0,18.82,19.0,18.2833,19236
2022-08-11,18.97,18.59,19.516,18.494,12293
2022-08-12,18.89,19.28,19.44,18.4745,15475
2022-08-15,19.27,19.95,20.0,19.27,34515
2022-08-16,20.06,19.49,20.16,19.2254,30724
2022-08-17,19.2,19.13,19.77,18.9001,26405
2022-08-18,18.9,18.49,19.045,18.076,35957
2022-08-19,17.98,17.46,18.08,17.41,40259
2022-08-22,17.43,16.7,17.5,16.65,53689
2022-08-23,16.65,16.79,17.0599,16.51,20362
2022-08-24,16.72,17.2694,17.4999,16.72,8055
2022-08-25,17.4,17.9924,18.144,17.08,18548
2022-08-26,18.11,17.31,18.126,17.154,8975
2022-08-29,16.97,17.5,17.5599,16.97,25855
2022-08-30,17.47,16.54,17.47,16.42,22511
2022-08-31,16.74,16.91,17.12,16.4101,422418
2022-09-01,16.84,16.21,16.84,15.96,23818
2022-09-02,16.5,16.1235,16.5,16.1,7347
2022-09-06,16.03,15.59,16.03,15.57,16310
2022-09-07,15.82,15.87,15.9199,15.51,39433
2022-09-08,15.81,16.28,16.29,15.54,71323
2022-09-09,16.52,17.18,17.18,16.5012,36104
2022-09-12,17.25,17.45,17.51,16.9385,14603
2022-09-13,16.57,16.37,16.88,16.07,31311
2022-09-14,16.5,16.27,16.506,16.0101,16676
2022-09-15,16.285,16.269,16.79,16.1101,12736
2022-09-16,16.1,15.69,16.1,15.5,37582
2022-09-19,15.5,15.78,15.94,15.5,14388
2022-09-20,15.53,15.37,15.78,15.2501,11861
2022-09-21,15.24,14.78,15.4323,14.75,40051
2022-09-22,14.72,14.31,14.85,14.11,39286
2022-09-23,14.0,13.79,14.0,13.47,47209
2022-09-26,13.68,13.58,14.29,13.51,16553
2022-09-27,13.92,13.77,14.106,13.5338,17515
2022-09-28,13.77,14.2895,14.3599,13.77,13904
2022-09-29,14.08,13.85,14.37,13.76,72228
2022-09-30,13.84,13.7,14.11,13.65,81071
2022-10-03,13.82,14.0975,14.2,13.7991,34974
2022-10-04,14.27,14.6,14.89,14.27,74793
2022-10-05,14.56,14.81,14.81,14.1041,22457
2022-10-06,14.62,16.35,16.59,14.1641,84434
2022-10-07,17.02,14.38,17.32,14.29,298848
2022-10-10,14.61,13.51,14.61,13.49,82564
2022-10-11,13.67,13.35,13.7,13.0,34562
2022-10-12,13.33,13.67,13.83,13.1894,33818
2022-10-13,13.22,14.02,14.2,13.06,32902
2022-10-14,14.03,13.54,14.19,13.54,18010
2022-10-17,13.95,14.32,14.6099,13.88,43519
2022-10-18,14.74,14.2711,14.85,14.15,26677
2022-10-19,14.07,13.78,14.37,13.62,38478
2022-10-20,13.64,13.75,14.09,13.64,19201
2022-10-21,13.67,14.0323,14.056,13.64,14715
2022-10-24,14.14,13.65,14.14,13.59,10784
2022-10-25,13.75,14.91,15.23,13.75,60621
2022-10-26,15.05,15.25,15.75,15.0,30641
2022-10-27,15.38,14.94,15.5402,14.8,16387
2022-10-28,15.18,15.1605,15.2284,14.71,20436
2022-10-31,15.16,16.28,16.65,15.0647,64307
2022-11-01,16.32,15.8,16.4,15.73,58606
2022-11-02,15.87,15.0,15.87,14.92,27249
2022-11-03,14.81,15.54,15.6474,14.7501,28900
2022-11-04,15.96,15.3462,15.9677,15.1674,19892
2022-11-07,15.43,15.0584,15.43,14.87,25132
2022-11-08,15.08,14.98,15.45,14.9,24999
2022-11-09,14.75,14.14,15.195,14.09,43759
2022-11-10,14.84,15.255,15.42,14.84,40263
2022-11-11,15.49,16.0859,16.372,15.26,43653
2022-11-14,16.27,15.95,16.4,15.83,16705
2022-11-15,16.5,16.0,16.76,16.0,34306
2022-11-16,16.05,15.49,16.05,15.36,34429
2022-11-17,15.0,15.25,15.5399,14.98,6991
2022-11-18,15.45,14.97,15.45,14.955,10145
2022-11-21,14.85,14.62,14.87,14.46,25145
2022-11-22,14.7,14.59,14.73,14.5,7905
2022-11-23,14.53,14.5,14.78,14.5,14360
2022-11-25,14.75,15.13,15.185,14.708,22375
2022-11-28,14.97,14.53,15.14,14.31,37391
2022-11-29,14.42,14.51,14.73,14.42,13898
2022-11-30,14.47,15.04,15.04,14.46,29427
2022-12-01,15.14,15.68,15.73,15.0535,45516
2022-12-02,15.49,16.56,16.7,15.2401,35958
2022-12-05,16.59,16.64,17.316,16.46,72625
2022-12-06,16.32,15.26,16.32,14.55,109895
2022-12-07,14.86,13.9,14.86,13.88,74066
2022-12-08,14.24,14.04,14.58,13.64,64093
2022-12-09,13.69,13.59,13.98,13.45,15160
2022-12-12,13.52,13.81,14.06,13.52,86076
2022-12-13,14.31,13.6,14.31,13.4,31344
2022-12-14,13.42,13.3,13.5399,13.17,40987
2022-12-15,13.3,12.77,13.3,12.52,74104
2022-12-16,12.56,12.78,12.78,12.4,26802
2022-12-19,12.78,11.97,12.78,11.66,56632
2022-12-20,11.85,11.45,11.85,11.4,22470
2022-12-21,11.42,11.58,11.73,11.42,21722
2022-12-22,11.59,11.27,11.59,10.91,46704
2022-12-23,11.33,11.29,11.33,11.065,41657
2022-12-27,11.14,10.68,11.21,10.6,84025
2022-12-28,10.91,10.69,10.94,10.5,40427
2022-12-29,10.56,10.95,11.23,10.56,190629
2022-12-30,10.91,11.13,11.19,10.867,64086
2023-01-03,11.27,11.09,11.6899,11.03,34253
2023-01-04,11.36,11.5926,11.7,11.23,22423
2023-01-05,11.77,11.53,11.77,11.25,11916
2023-01-06,11.63,11.6,11.63,11.301,13934
2023-01-09,11.73,11.38,11.74,11.261,28062
2023-01-10,11.37,11.56,11.62,11.35,15976
2023-01-11,11.67,12.0,12.105,11.51,46739
2023-01-12,12.0,12.65,12.65,11.875,50056
2023-01-13,12.58,12.6457,12.73,12.46,14993
2023-01-17,12.65,12.7943,12.86,12.39,71899
2023-01-18,12.88,12.46,13.15,12.39,38780
2023-01-19,12.28,11.85,12.28,11.6501,37709
2023-01-20,11.781,11.93,12.152,11.75,95942
2023-01-23,12.07,12.33,12.375,12.055,42140
2023-01-24,12.43,12.2,12.43,12.06,44550
2023-01-25,12.01,12.08,12.1096,11.75,13411
2023-01-26,12.33,12.03,12.33,11.91,6184
2023-01-27,11.94,12.35,12.5,11.94,72029
2023-01-30,12.36,12.16,12.36,12.12,22631
2023-01-31,12.28,12.67,12.7023,12.2,50328
2023-02-01,12.71,12.99,13.08,12.4601,23459
2023-02-02,13.2,13.26,13.45,13.06,43672
2023-02-03,13.06,12.71,13.2499,12.6401,17069
2023-02-06,12.55,12.57,12.7501,12.55,9754
2023-02-07,12.65,12.3443,12.65,12.07,13313
2023-02-08,12.41,12.1113,12.47,12.1113,12893
2023-02-09,12.21,11.36,12.21,11.11,74893
2023-02-10,11.4,11.25,11.4,11.1135,32813
2023-02-13,11.14,11.22,11.29,11.07,26802
2023-02-14,11.3,11.36,11.36,11.03,19415
2023-02-15,11.35,11.73,11.85,11.26,53433
2023-02-16,11.66,11.61,11.78,11.55,11411
2023-02-17,11.5,11.36,11.5,11.27,13028
2023-02-21,11.27,10.82,11.27,10.8,23200
2023-02-22,10.8,10.82,11.07,10.65,77791
2023-02-23,10.92,10.87,10.965,10.72,16830
2023-02-24,10.79,10.64,10.79,10.56,16443
2023-02-27,10.71,10.5977,10.8,10.561,24014
2023-02-28,10.72,10.76,10.7804,10.6,25967
2023-03-01,10.67,10.4,10.68,10.4,22886
2023-03-02,10.4,10.32,10.45,10.27,17014
2023-03-03,10.34,10.65,10.68,10.34,30824
2023-03-06,10.74,10.4,10.74,10.4,23512
2023-03-07,10.41,10.39,10.59,10.35,15559
2023-03-08,10.4,10.24,10.4,10.2,16030
2023-03-09,10.44,9.94,10.44,9.93,29427
2023-03-10,9.92,9.45,9.92,9.315,55618
2023-03-13,9.48,9.47,9.74,9.29,29114
2023-03-14,9.6051,9.55,9.78,9.3001,8152
2023-03-15,9.39,9.13,9.39,9.0,28496
2023-03-16,9.06,9.36,9.46,9.0,15749
2023-03-17,9.3,9.246,9.33,9.19,17071
2023-03-20,9.21,8.9027,9.24,8.9027,15221
2023-03-21,9.04,9.2998,9.39,9.002,16649
2023-03-22,9.24,8.9,9.3199,8.9,9430
2023-03-23,9.24,9.0089,9.24,8.9358,25944
2023-03-24,9.0,8.95,9.04,8.8,9825
2023-03-27,8.94,9.08,9.1,8.9,8345
2023-03-28,9.1,8.88,9.1,8.8,26552
2023-03-29,9.06,9.04,9.07,8.88,17124
2023-03-30,9.01,8.99,9.11,8.91,20784
2023-03-31,8.93,9.09,9.09,8.91,7371
2023-04-03,9.06,9.07,9.2279,8.91,34213
2023-04-04,9.1,8.82,9.1,8.75,25081
2023-04-05,8.76,8.63,8.76,8.47,38110
2023-04-06,8.4966,8.71,8.79,8.4966,61266
2023-04-10,8.7,9.1,9.12,8.58,44232
2023-04-11,8.97,8.67,8.97,8.5487,23709
2023-04-12,8.63,8.44,8.635,8.3,52736
2023-04-13,8.52,8.51,8.614,8.4,13279
2023-04-14,8.34,8.29,8.6,8.195,12322
2023-04-17,8.26,8.56,8.56,8.26,25989
2023-04-18,8.69,8.44,8.69,8.332,9330
2023-04-19,8.32,8.35,8.35,8.27,7107
2023-04-20,8.23,8.19,8.3948,8.11,12238
2023-04-21,8.09,8.15,8.1599,8.08,13219
2023-04-24,8.11,8.18,8.21,8.0,25105
2023-04-25,8.02,8.04,8.19,7.96,64126
2023-04-26,8.01,7.88,8.03,7.82,34988
2023-04-27,7.87,8.31,8.32,7.87,36829
2023-04-28,8.2,8.2,8.334,8.1424,7515
2023-05-01,8.25,8.23,8.3,8.1,28563
2023-05-02,8.13,8.02,8.13,7.8688,12543
2023-05-03,8.1,8.15,8.23,7.92,7751
2023-05-04,7.89,8.28,8.39,7.89,25573
