2011-05-23,4.72,4.6,4.7499,4.6,28628
2011-05-24,4.6,4.64,4.7099,4.6,22019
2011-05-25,4.61,4.79,4.8,4.61,11902
2011-05-26,4.75,4.83,4.84,4.75,11731
2011-05-27,4.84,4.9,4.92,4.8,21475
2011-05-31,4.99,4.95,4.99,4.93,30736
2011-06-01,4.96,4.77,4.96,4.73,40998
2011-06-02,4.77,4.74,4.78,4.74,7665
2011-06-03,4.65,4.7,4.75,4.62,28652
2011-06-06,4.7,4.73,4.81,4.7,25654
2011-06-07,4.79,4.89,4.97,4.71,18527
2011-06-08,4.85,4.89,4.942,4.85,20558
2011-06-09,4.89,4.88,4.9,4.84,19875
2011-06-10,4.82,4.74,4.87,4.72,17334
2011-06-13,4.78,4.93,4.97,4.75,40581
2011-06-14,4.95,4.96,4.97,4.88,44515
2011-06-15,4.92,4.86,4.94,4.83,24984
2011-06-16,4.86,4.85,4.94,4.85,52681
2011-06-17,4.87,4.84,4.87,4.8,93913
2011-06-20,4.84,4.86,4.91,4.84,36205
2011-06-21,4.92,4.98,5.0,4.92,90202
2011-06-22,4.97,4.96,5.0,4.96,62265
2011-06-23,4.91,4.98,5.0,4.91,56289
2011-06-24,5.02,5.0,5.02,4.85,771767
2011-06-27,4.98,5.16,5.27,4.96,129963
2011-06-28,5.16,5.23,5.34,5.15,67233
2011-06-29,5.25,5.19,5.25,5.13,50925
2011-06-30,5.22,5.25,5.28,5.17,41435
2011-07-01,5.27,5.28,5.32,5.25,42247
2011-07-05,5.28,5.29,5.3,5.25,31246
2011-07-06,5.28,5.54,5.56,5.28,40625
2011-07-07,5.58,5.79,5.88,5.58,73448
2011-07-08,5.79,5.84,5.87,5.71,43196
2011-07-11,5.79,5.88,6.0,5.76,56742
2011-07-12,5.88,5.93,5.98,5.85,54117
2011-07-13,5.95,6.02,6.04,5.95,42048
2011-07-14,6.02,5.95,6.02,5.94,27695
2011-07-15,5.96,6.0,6.01,5.96,48545
2011-07-18,5.99,5.96,6.04,5.94,27773
2011-07-19,6.0,6.05,6.05,5.94,39542
2011-07-20,6.04,6.0,6.05,5.97,16141
2011-07-21,6.03,6.06,6.06,5.96,32662
2011-07-22,6.07,6.01,6.07,5.99,17772
2011-07-25,5.95,5.92,6.01,5.9,27924
2011-07-26,5.92,5.91,6.01,5.9,27138
2011-07-27,5.91,5.79,5.92,5.61,73664
2011-07-28,5.81,6.1,6.2,5.81,28235
2011-07-29,6.01,6.31,6.31,6.01,87385
2011-08-01,6.31,6.33,6.35,6.19,35574
2011-08-02,6.26,6.13,6.35,6.13,48844
2011-08-03,6.12,6.22,6.34,6.11,43039
2011-08-04,6.14,5.82,6.17,5.78,73154
2011-08-05,5.9,5.91,6.05,5.8004,45944
2011-08-08,5.73,4.78,6.05,4.15,104669
2011-08-09,5.05,5.75,5.75,4.78,132201
2011-08-10,5.51,4.98,5.63,4.97,99757
2011-08-11,5.02,5.36,5.4,5.0,122235
2011-08-12,5.38,5.13,5.47,5.11,25362
2011-08-15,5.21,5.12,5.25,4.98,33653
2011-08-16,5.03,4.91,5.03,4.84,76371
2011-08-17,4.93,5.31,5.33,4.93,70488
2011-08-18,5.2,5.06,5.21,4.99,115495
2011-08-19,4.96,5.28,5.35,4.96,81835
2011-08-22,5.48,5.3,5.48,5.16,77931
2011-08-23,5.32,5.56,5.56,5.22,86099
2011-08-24,5.54,5.71,5.72,5.46,52134
2011-08-25,5.75,5.38,5.76,5.37,35294
2011-08-26,5.35,5.45,5.58,5.35,37515
2011-08-29,5.51,5.56,5.6,5.48,52714
2011-08-30,5.54,5.54,5.59,5.46,26778
2011-08-31,5.58,5.59,5.6,5.4,72368
2011-09-01,5.59,5.4,5.65,5.39,79826
2011-09-02,5.24,5.36,5.5,5.23,93381
2011-09-06,5.2,5.42,5.55,5.2,87796
2011-09-07,5.55,5.78,5.78,5.5,71847
2011-09-08,5.72,5.67,5.8,5.63,68506
2011-09-09,5.64,5.43,5.7,5.221,128639
2011-09-12,5.31,5.49,5.57,5.31,60550
2011-09-13,5.55,5.51,5.56,5.45,53959
2011-09-14,5.58,5.66,5.7,5.38,73054
2011-09-15,5.7,5.6,5.7,5.41,39217
2011-09-16,5.64,5.55,5.64,5.45,198542
2011-09-19,5.41,5.46,5.56,5.36,72617
2011-09-20,5.48,5.28,5.55,5.25,61559
2011-09-21,5.29,5.01,5.34,5.01,44804
2011-09-22,4.89,4.83,5.14,4.76,100504
2011-09-23,4.87,4.98,5.08,4.87,48277
2011-09-26,5.03,5.11,5.16,4.98,42866
2011-09-27,5.22,5.32,5.45,5.16,72053
2011-09-28,5.27,5.04,5.37,5.04,67060
2011-09-29,5.22,5.37,5.38,5.15,53880
2011-09-30,5.25,5.27,5.43,5.24,97698
2011-10-03,5.21,4.87,5.4,4.85,89406
2011-10-04,4.88,5.65,5.81,4.88,116883
2011-10-05,5.6,5.5,5.6,5.35,85355
2011-10-06,5.45,5.52,5.59,5.36,64161
2011-10-07,5.51,5.2,5.56,5.14,52808
2011-10-10,5.34,5.44,5.45,5.19,86123
2011-10-11,5.35,5.57,5.62,5.34,58524
2011-10-12,5.6,5.75,5.78,5.54,87010
2011-10-13,5.67,5.53,5.68,5.44,34343
2011-10-14,5.6,5.68,5.75,5.44,42530
2011-10-17,5.6,5.27,5.6,5.23,70718
2011-10-18,5.33,5.62,5.71,5.27,89396
2011-10-19,5.62,5.38,5.78,5.36,42388
2011-10-20,5.41,5.42,5.52,5.31,23654
2011-10-21,5.56,5.6,5.6,5.45,57363
2011-10-24,5.59,5.8,5.8,5.59,42641
2011-10-25,5.69,5.48,5.74,5.42,38461
2011-10-26,5.63,5.76,5.76,5.58,45219
2011-10-27,5.93,6.1,6.16,5.77,149855
2011-10-28,6.12,6.0,6.12,5.85,59110
2011-10-31,5.86,5.84,6.0,5.83,48565
2011-11-01,5.57,5.35,5.72,5.31,66967
2011-11-02,5.48,5.58,5.62,5.48,42078
2011-11-03,5.66,6.07,6.13,5.52,46229
2011-11-04,5.99,5.88,5.99,5.68,27503
2011-11-07,5.84,5.91,6.16,5.48,31727
2011-11-08,6.05,6.32,6.4,5.94,58488
2011-11-09,6.08,5.43,6.09,5.37,75110
2011-11-10,5.54,5.45,5.6,5.43,72794
2011-11-11,5.52,5.55,5.59,5.5,42224
2011-11-14,5.5,5.43,5.54,5.41,42867
2011-11-15,5.39,5.63,5.64,5.39,43067
2011-11-16,5.53,5.52,5.7,5.46,38062
2011-11-17,5.49,5.53,5.61,5.48,79616
2011-11-18,5.51,5.61,5.76,5.51,31440
2011-11-21,5.48,5.76,5.85,5.48,49748
2011-11-22,5.72,5.92,5.93,5.62,32387
2011-11-23,5.81,5.67,5.86,5.59,57336
2011-11-25,5.62,5.58,5.82,5.58,22665
2011-11-28,5.83,5.82,5.95,5.69,49222
2011-11-29,5.8,5.71,5.9224,5.65,28192
2011-11-30,5.44,5.84,5.99,5.4,149154
2011-12-01,5.8,5.63,5.8,5.55,38864
2011-12-02,5.73,5.71,5.73,5.5,103690
2011-12-05,5.78,5.69,5.78,5.62,84181
2011-12-06,5.72,5.86,6.03,5.6,79034
2011-12-07,5.85,5.76,5.85,5.67,30010
2011-12-08,5.67,5.45,5.675,5.45,69039
2011-12-09,5.49,5.78,5.83,5.49,47400
2011-12-12,5.66,5.4,5.69,5.4,134335
2011-12-13,5.51,5.35,5.52,5.35,92936
2011-12-14,5.32,5.48,5.54,5.32,85299
2011-12-15,5.57,5.44,5.57,5.38,95504
2011-12-16,5.42,5.56,5.61,5.41,236179
2011-12-19,5.59,4.48,5.67,4.17,2996006
2018-08-22,24.93,24.98,25.0,24.88,611551
2018-08-23,24.98,24.94,25.03,24.923,504340
2018-08-24,24.97,24.97,24.97,24.93,399908
2018-08-27,25.0,24.98,25.0,24.96,432343
2018-08-28,24.99,24.99,25.01,24.95,426597
2018-08-29,25.01,25.03,25.07,25.0,401856
2018-08-30,25.06,25.03,25.06,25.03,309368
2018-08-31,25.06,25.1,25.2,25.05,590391
2018-09-04,25.1,25.01,25.11,25.01,199440
2018-09-05,25.04,24.98,25.04,24.91,259934
2018-09-06,25.01,24.97,25.01,24.95,168032
2018-09-07,24.95,24.89,24.95,24.85,193175
2018-09-10,24.9,24.97,24.99,24.88,124320
2018-09-11,24.97,24.94,24.98,24.88,201708
2018-09-12,24.95,24.87,24.95,24.87,193412
2018-09-13,24.81,24.89,24.9,24.81,188528
2018-09-14,24.9,24.83,24.9,24.82,211954
2018-09-17,24.87,24.77,24.87,24.73,157969
2018-09-18,24.8,24.72,24.8,24.72,366050
2018-09-19,24.77,24.69,24.78,24.66,167320
2018-09-20,24.7,24.67,24.79,24.67,271745
2018-09-21,24.78,24.71,24.79,24.68,239264
2018-09-24,24.75,24.72,24.78,24.71,63800
2018-09-25,24.74,24.65,24.74,24.65,80939
2018-09-26,24.73,24.74,24.76,24.7,141136
2018-09-27,24.75,24.73,24.78,24.73,139158
2018-09-28,24.75,24.77,24.84,24.74,63416
2018-10-01,24.79,24.68,24.83,24.68,140268
2018-10-02,24.77,24.66,24.79,24.66,158647
2018-10-03,24.66,24.51,24.69,24.36,174815
2018-10-04,24.51,24.3,24.51,24.02,183129
2018-10-05,24.24,24.1,24.24,24.1,132464
2018-10-08,24.19,24.07,24.2099,24.07,85343
2018-10-09,24.21,24.17,24.23,24.13,81270
2018-10-10,24.21,24.09,24.23,24.05,120868
2018-10-11,24.14,24.07,24.18,24.07,96439
2018-10-12,24.25,24.23,24.3399,24.18,81635
2018-10-15,24.28,24.2099,24.28,24.1497,260964
2018-10-16,24.28,24.35,24.39,24.22,77556
2018-10-17,24.4,24.35,24.4699,24.35,94983
2018-10-18,24.42,24.32,24.45,24.32,68449
2018-10-19,24.39,24.35,24.46,24.35,54014
2018-10-22,24.47,24.4628,24.4865,24.42,85646
2018-10-23,24.45,24.36,24.5,24.35,114165
2018-10-24,24.45,24.37,24.48,24.37,67935
2018-10-25,24.4,24.47,24.4789,24.4,87748
2018-10-26,24.52,24.47,24.52,24.4,51853
2018-10-29,24.55,24.54,24.63,24.5,84306
2018-10-30,24.55,24.160625,24.6,24.48,55190
2018-10-31,24.27,24.11,24.27,24.11,90729
2018-11-01,24.2,24.13,24.2015,24.01,198541
2018-11-02,24.21,24.12,24.21,24.11,80699
2018-11-05,24.12,24.14,24.1899,24.07,46791
2018-11-06,24.23,24.19,24.28,24.15,107558
2018-11-07,24.28,24.28,24.35,24.2501,100462
2018-11-08,24.39,24.42,24.45,24.3403,157800
2018-11-09,24.42,24.38,24.42,24.31,53766
2018-11-12,24.38,24.49,24.62,24.38,70391
2018-11-13,24.5,24.52,24.6,24.5,45209
2018-11-14,24.53,24.445,24.58,24.44,59291
2018-11-15,24.49,24.36,24.55,24.25,167363
2018-11-16,24.43,24.39,24.44,24.36,66360
2018-11-19,24.39,24.21,24.39,24.21,61054
2018-11-20,24.21,24.01,24.2286,24.0,82524
2018-11-21,24.09,24.11,24.1526,24.03,49399
2018-11-23,24.11,24.0784,24.18,24.05,25623
2018-11-26,24.22,24.1,24.23,24.01,61470
2018-11-27,24.11,24.1,24.11,23.94,66064
2018-11-28,24.14,24.04,24.15,24.0,95681
2018-11-29,24.04,23.81,24.1199,23.81,52427
2018-11-30,23.88,23.68,23.9399,23.6,59569
2018-12-03,23.8,23.73,23.9699,23.7,107651
2018-12-04,23.77,23.6,23.79,23.44,49887
2018-12-06,23.58,23.5,23.58,23.41,97555
2018-12-07,23.56,23.74,23.88,23.5201,113769
2018-12-10,23.84,23.52,23.84,23.35,103740
2018-12-11,23.64,23.65,23.79,23.54,158521
2018-12-12,23.76,23.79,23.8896,23.67,75963
2018-12-13,23.87,23.86,23.89,23.75,89429
2018-12-14,23.83,23.85,23.8799,23.8,53532
2018-12-17,23.87,23.76,23.87,23.58,100156
2018-12-18,23.76,23.83,23.8699,23.7001,82302
2018-12-19,23.83,23.71,23.8496,23.68,106199
2018-12-20,23.77,23.3901,23.77,23.15,135483
2018-12-21,23.47,23.43,23.7,23.4,82651
2018-12-24,23.55,23.3248,23.55,23.26,29340
2018-12-26,23.47,23.2973,23.5199,23.25,67193
2018-12-27,23.29,22.9297,23.29,22.9,84437
2018-12-28,22.95,23.02,23.18,22.94,202904
2018-12-31,23.22,23.64,23.68,23.16,180094
2019-01-02,23.55,24.15,24.49,23.43,117640
2019-01-03,24.28,24.35,24.37,24.04,168809
2019-01-04,24.38,24.46,24.55,24.38,73997
2019-01-07,24.59,24.62,24.62,24.45,102193
2019-01-08,24.6,24.65,24.65,24.45,78742
2019-01-09,24.6,24.72,24.75,24.45,67935
2019-01-10,24.72,24.71,24.8,24.51,95042
2019-01-11,24.76,24.57,24.8,24.49,79774
2019-01-14,24.69,24.6,24.7597,24.58,62042
2019-01-15,24.71,24.53,24.7299,24.42,92715
2019-01-16,24.58,24.36,24.63,24.32,128626
2019-01-17,24.39,24.78,24.78,24.38,140512
2019-01-18,24.8,24.84,24.93,24.78,93871
2019-01-22,24.84,24.67,24.92,24.52,145361
2019-01-23,24.77,24.72,24.77,24.603,62127
2019-01-24,24.72,24.51,24.72,24.51,194724
2019-01-25,24.55,24.63,24.68,24.54,79196
2019-01-28,24.64,24.8,24.82,24.63,86807
2019-01-29,24.81,24.87,24.95,24.79,90644
2019-01-30,24.92,24.638437,24.99,24.87,106006
2019-01-31,24.75,25.1,25.1,24.7,321806
2019-02-01,25.1,24.85,25.1,24.76,65566
2019-02-04,24.97,24.98,24.98,24.8317,69272
2019-02-05,24.9,24.99,25.03,24.88,100108
2019-02-06,25.01,24.86,25.01,24.65,85908
2019-02-07,24.75,24.65,24.84,24.56,82441
2019-02-08,24.72,24.8,24.83,24.54,98457
2019-02-11,24.8,24.92,24.92,24.69,85029
2019-02-12,24.92,24.99,25.02,24.8362,102061
2019-02-13,24.99,24.9,25.0335,24.89,163701
2019-02-14,24.99,24.98,24.99,24.9,122558
2019-02-15,24.98,24.9473,24.98,24.85,109884
2019-02-19,24.95,25.07,25.08,24.88,118344
2019-02-20,25.06,25.05,25.08,25.0,76187
2019-02-21,25.06,24.98,25.06,24.97,81028
2019-02-22,25.02,25.0,25.07,25.0,104668
2019-02-25,25.03,24.94,25.0508,24.8556,145406
2019-02-26,24.96,24.95,25.005,24.91,132290
2019-02-27,24.97,25.04,25.04,24.95,82466
2019-02-28,25.05,25.22,25.24,25.05,379192
2019-03-01,25.22,25.2,25.24,25.1191,90297
2019-03-04,25.2,25.24,25.24,25.13,64811
2019-03-05,25.12,25.18,25.185,25.06,126930
2019-03-06,25.15,25.26,25.28,25.11,130628
2019-03-07,25.19,25.18,25.23,25.15,80931
2019-03-08,25.18,25.14,25.2406,25.0996,140860
2019-03-11,25.2,25.15,25.22,25.11,80095
2019-03-12,25.18,25.22,25.22,25.152,109967
2019-03-13,25.22,25.2,25.22,25.13,110913
2019-03-14,25.22,25.25,25.26,25.19,95214
2019-03-15,25.25,25.39,25.42,25.25,69579
2019-03-18,25.44,25.31,25.44,25.245,87888
2019-03-19,25.31,25.26,25.37,25.22,81725
2019-03-20,25.26,25.25,25.34,25.2,93394
2019-03-21,25.25,25.31,25.33,25.19,67726
2019-03-22,25.39,25.38,25.39,25.29,87579
2019-03-25,25.38,25.38,25.44,25.3301,60864
2019-03-26,25.4,25.42,25.45,25.3748,59766
2019-03-27,25.45,25.64,25.64,25.41,105121
2019-03-28,25.57,25.67,25.75,25.561,98655
2019-03-29,25.6,25.7,25.78,25.6,271011
2019-04-01,25.69,25.7,25.7596,25.48,91570
2019-04-02,25.7,25.74,25.75,25.66,48973
2019-04-03,25.68,25.74,25.784,25.6786,83403
2019-04-04,25.78,25.78,25.81,25.6958,44377
2019-04-05,25.78,25.825,25.83,25.7,39152
2019-04-08,25.82,25.8251,25.869,25.79,52346
2019-04-09,25.83,25.76,25.83,25.73,49861
2019-04-10,25.77,25.75,25.84,25.75,63791
2019-04-11,25.78,25.82,25.85,25.7621,58177
2019-04-12,25.82,25.79,25.88,25.79,62705
2019-04-15,25.76,25.89,25.89,25.76,52792
2019-04-16,25.89,25.861,25.95,25.86,50743
2019-04-17,25.93,25.92,25.93,25.84,44125
2019-04-18,25.98,25.99,25.99,25.9,58515
2019-04-22,25.92,26.0,26.05,25.92,79159
2019-04-23,26.0,26.09,26.15,25.9659,107135
2019-04-24,26.1,26.11,26.13,26.02,64686
2019-04-25,26.11,26.15,26.21,26.1,49257
2019-04-26,26.15,26.084,26.15,26.05,50240
2019-04-29,26.05,25.698437,26.13,25.99,37561
2019-04-30,25.78,26.02,26.02,25.7501,253842
2019-05-01,26.02,25.98,26.02,25.87,34590
2019-05-02,25.98,25.93,25.99,25.9004,44694
2019-05-03,25.98,25.967,25.99,25.9484,28497
2019-05-06,25.95,25.9677,25.99,25.95,21636
2019-05-07,25.96,25.95,25.97,25.9,45350
2019-05-08,25.95,25.95,25.96,25.9,42932
2019-05-09,25.95,25.94,25.99,25.91,32049
2019-05-10,25.99,26.075,26.09,25.9471,42818
2019-05-13,26.0,26.07,26.08,25.96,29422
2019-05-14,26.07,26.08,26.125,26.049,34992
2019-05-15,26.08,26.27,26.27,26.08,61019
2019-05-16,26.27,26.27,26.35,26.25,39913
2019-05-17,26.2,26.14,26.2,26.04,58431
2019-05-20,26.12,26.04,26.13,26.01,86931
2019-05-21,26.13,26.11,26.15,26.052,31586
2019-05-22,26.15,26.15,26.15,26.06,30977
2019-05-23,26.15,26.17,26.17,26.12,26822
2019-05-24,26.11,26.23,26.23,26.1,44313
2019-05-28,26.24,26.3,26.3,26.1002,65745
2019-05-29,26.3,26.3847,26.4,26.29,58966
2019-05-30,26.32,26.3493,26.38,26.31,28148
2019-05-31,26.34,26.48,26.49,26.25,333361
2019-06-03,26.44,26.45,26.45,26.3739,54217
2019-06-04,26.42,26.45,26.4899,26.4,93970
2019-06-05,26.44,26.43,26.45,26.39,57102
2019-06-06,26.47,26.38,26.47,26.33,138230
2019-06-07,26.38,26.44,26.53,26.38,44936
2019-06-10,26.52,26.51,26.55,26.44,32393
2019-06-11,26.51,26.42,26.64,26.4085,75165
2019-06-12,26.41,26.46,26.53,26.41,33128
2019-06-13,26.46,26.3,26.5999,26.2996,100901
2019-06-14,26.38,26.37,26.4,26.2,67280
2019-06-17,26.4,26.4128,26.4539,26.2401,31855
2019-06-18,26.58,26.54,26.58,26.44,46606
2019-06-19,26.54,26.52,26.54,26.47,42091
2019-06-20,26.52,26.52,26.55,26.49,80579
2019-06-21,26.6,26.61,26.67,26.51,49637
2019-06-24,26.6,26.56,26.68,26.52,57666
2019-06-25,26.66,26.57,26.7,26.51,36913
2019-06-26,26.6,26.58,26.64,26.55,49819
2019-06-27,26.6,26.5,26.6792,26.48,74796
2019-06-28,26.58,26.5,26.5921,26.42,293556
2019-07-01,26.45,26.4768,26.54,26.38,36336
2019-07-02,26.39,26.59,26.59,26.39,27757
2019-07-03,26.59,26.59,26.59,26.5415,35098
2019-07-05,26.59,26.56,26.6,26.5,19646
2019-07-08,26.58,26.58,26.6,26.501,26483
2019-07-09,26.6,26.68,26.71,26.57,20953
2019-07-10,26.75,26.72,26.75,26.62,35141
2019-07-11,26.72,26.71,26.75,26.63,23243
2019-07-12,26.74,26.72,26.74,26.68,20111
2019-07-15,26.7,26.84,26.84,26.7,27354
2019-07-16,26.84,26.83,26.92,26.73,73921
2019-07-17,26.97,27.06,27.09,26.86,41648
2019-07-18,27.09,27.15,27.18,27.0401,49534
2019-07-19,27.15,27.16,27.16,27.01,49305
2019-07-22,27.15,27.2,27.29,27.106,37656
2019-07-23,27.17,27.2,27.25,27.1,59082
2019-07-24,27.25,27.23,27.39,27.15,128682
2019-07-25,27.2,27.01,27.215,27.01,61319
2019-07-26,27.1,27.03,27.15,27.0,74762
2019-07-29,27.03,27.22,27.24,27.03,50401
2019-07-30,27.14,26.968437,27.37,27.14,54934
2019-07-31,27.04,27.16,27.31,26.85,216409
2019-08-01,27.26,27.05,27.31,27.0,92363
2019-08-02,27.0,26.95,27.01,26.73,52902
2019-08-05,26.93,26.8619,26.95,26.61,45016
2019-08-06,26.72,26.72,26.79,26.57,87350
2019-08-07,26.56,26.47,26.59,26.4,78230
2019-08-08,26.47,26.39,26.48,26.31,67337
2019-08-09,26.27,26.45,26.4725,26.27,54108
2019-08-12,26.45,26.53,26.53,26.41,31089
2019-08-13,26.54,26.66,26.67,26.54,74093
2019-08-14,26.6,26.67,26.7049,26.56,65466
2019-08-15,26.77,26.85,26.9,26.7,59413
2019-08-16,26.9,26.9,27.0,26.85,74147
2019-08-19,26.98,26.9,27.05,26.9,54345
2019-08-20,26.9,26.96,27.0,26.85,58257
2019-08-21,26.98,27.03,27.13,26.95,45187
2019-08-22,27.09,27.09,27.2,26.9601,63038
2019-08-23,26.97,27.02,27.14,26.935,78295
2019-08-26,27.06,26.97,27.12,26.8785,46521
2019-08-27,26.97,27.08,27.08,26.9,51301
2019-08-28,27.08,27.13,27.13,27.01,46161
2019-08-29,27.16,27.08,27.16,27.0,74656
2019-08-30,27.08,27.14,27.14,27.0,213158
2019-09-03,27.1,27.05,27.11,27.0289,40149
2019-09-04,26.93,26.97,27.07,26.93,137712
2019-09-05,27.04,26.9,27.04,26.8,77990
2019-09-06,26.95,26.99,26.99,26.9,51418
2019-09-09,27.02,26.98,27.05,26.95,37798
2019-09-10,27.02,26.94,27.02,26.91,85122
2019-09-11,26.91,26.92,26.93,26.77,52411
2019-09-12,26.92,26.94,26.98,26.9,41969
2019-09-13,26.92,26.66,26.92,26.52,85548
2019-09-16,26.61,26.52,26.7578,26.45,74600
2019-09-17,26.6,26.64,26.65,26.58,29946
2019-09-18,26.64,26.9,26.9055,26.59,54240
2019-09-19,26.92,26.89,26.92,26.73,47331
2019-09-20,26.89,27.07,27.07,26.8133,48897
2019-09-23,27.07,27.34,27.34,27.0442,64151
2019-09-24,27.23,27.38,27.47,27.23,47378
2019-09-25,27.38,27.53,27.55,27.38,53978
2019-09-26,27.58,27.65,27.68,27.46,57083
2019-09-27,27.68,27.85,28.02,27.67,117298
2019-09-30,27.94,27.8,27.94,27.68,262196
2019-10-01,27.74,27.74,27.7961,27.66,35244
2019-10-02,27.73,27.69,27.74,27.51,53504
2019-10-03,27.65,27.72,27.82,27.56,49920
2019-10-04,27.63,27.87,27.87,27.63,56060
2019-10-07,27.85,27.8,27.91,27.72,144148
2019-10-08,27.79,27.74,27.8,27.74,41434
2019-10-09,27.74,27.7926,27.8,27.7306,36588
2019-10-10,27.85,27.7676,27.85,27.66,192999
2019-10-11,27.7,27.83,27.84,27.7,36599
2019-10-14,27.92,27.98,27.98,27.82,28145
2019-10-15,28.01,27.95,28.01,27.79,73346
2019-10-16,27.89,27.71,27.89,27.67,77465
2019-10-17,27.8,27.65,27.826,27.63,53721
2019-10-18,27.62,27.46,27.71,27.41,51619
2019-10-21,27.45,27.44,27.6,27.3908,13127
2019-10-22,27.47,27.53,27.57,27.47,34551
2019-10-23,27.56,27.68,27.68,27.5366,62484
2019-10-24,27.7,27.63,27.72,27.6041,32311
2019-10-25,27.6,27.7,27.7,27.6,47223
2019-10-28,27.75,27.65,27.75,27.6,34498
2019-10-29,27.69,27.6,27.7,27.45,28727
2019-10-30,27.58,27.078437,27.58,27.29,57008
2019-10-31,27.23,27.14,27.23,27.09,214665
2019-11-01,27.18,27.04,27.18,26.96,56346
2019-11-04,27.05,27.01,27.1137,26.96,51090
2019-11-05,26.95,26.84,27.03,26.72,60785
2019-11-06,26.92,26.61,26.92,26.61,72945
2019-11-07,26.55,26.35,26.6093,26.32,86193
2019-11-08,26.43,26.39,26.513,26.36,123143
2019-11-11,26.43,26.35,26.46,26.29,41240
2019-11-12,26.43,26.35,26.43,26.19,134439
2019-11-13,26.37,26.55,26.57,26.37,65308
2019-11-14,26.63,26.56,26.69,26.56,59736
2019-11-15,26.62,26.63,26.719,26.56,46989
2019-11-18,26.63,26.68,26.71,26.49,68839
2019-11-19,26.68,26.77,26.8601,26.68,29972
2019-11-20,26.77,26.76,26.79,26.65,55067
2019-11-21,26.76,26.64,26.76,26.62,21617
2019-11-22,26.72,26.6399,26.72,26.63,34821
2019-11-25,26.7,26.51,26.7,26.45,44440
2019-11-26,26.55,26.53,26.63,26.46,52496
2019-11-27,26.56,26.43,26.62,26.41,56360
2019-11-29,26.43,26.39,26.49,26.31,85224
2019-12-02,26.5,26.35,26.5,26.3,48949
2019-12-03,26.31,26.35,26.45,26.27,41628
2019-12-04,26.41,26.48,26.63,26.34,93223
2019-12-05,26.53,26.42,26.5422,26.355,55072
2019-12-06,26.45,26.47,26.5,26.4,52489
2019-12-09,26.47,26.39,26.577,26.38,49673
2019-12-10,26.45,26.49,26.49,26.4,48904
2019-12-11,26.53,26.65,26.65,26.44,73935
2019-12-12,26.65,26.72,26.72,26.51,72559
2019-12-13,26.7,26.99,26.99,26.6579,62778
2019-12-16,27.07,27.045,27.07,26.84,64283
2019-12-17,27.08,27.2,27.3,27.04,48476
2019-12-18,27.24,27.23,27.33,27.05,22867
2019-12-19,27.13,27.33,27.38,27.13,32571
2019-12-20,27.33,27.17,27.41,27.1,43150
2019-12-23,27.3,27.34,27.39,27.29,26423
2019-12-24,27.34,27.34,27.34,27.29,21324
2019-12-26,27.34,27.43,27.43,27.32,19448
2019-12-27,27.4,27.31,27.4,27.29,19837
2019-12-30,27.31,27.3,27.35,27.19,30420
2019-12-31,27.33,27.27,27.3389,27.1931,34754
2020-01-02,27.4,27.58,27.67,27.3455,51009
2020-01-03,27.58,27.62,27.62,27.53,28677
2020-01-06,27.5,27.54,27.6,27.48,31856
2020-01-07,27.54,27.53,27.56,27.42,48091
2020-01-08,27.52,27.58,27.58,27.506,53198
2020-01-09,27.53,27.699,27.7,27.53,29848
2020-01-10,27.66,27.7997,27.8367,27.66,39725
2020-01-13,27.83,27.88,27.9098,27.72,24200
2020-01-14,27.88,27.86,27.88,27.785,19684
2020-01-15,27.77,27.84,27.89,27.77,30386
2020-01-16,27.84,27.77,27.84,27.67,38294
2020-01-17,27.77,27.73,27.77,27.65,23223
2020-01-21,27.7,27.72,27.795,27.66,37962
2020-01-22,27.72,27.77,27.78,27.6629,17862
2020-01-23,27.73,27.77,27.77,27.63,28809
2020-01-24,27.77,27.85,27.87,27.7,47822
2020-01-27,27.76,27.81,27.84,27.76,27854
2020-01-28,27.84,27.872,27.92,27.78,39751
2020-01-29,27.89,27.488437,27.9095,27.8,22065
2020-01-30,27.56,27.5177,27.57,27.45,37429
2020-01-31,27.5,27.51,27.58,27.48,63743
2020-02-03,27.5,27.63,27.63,27.5,22908
2020-02-04,27.6,27.76,27.8,27.5967,35768
2020-02-05,27.77,27.7,27.78,27.6,43456
2020-02-06,27.7,27.68,27.7,27.5711,29649
2020-02-07,27.69,27.82,27.84,27.67,22968
2020-02-10,27.67,27.78,27.805,27.67,87033
2020-02-11,27.82,27.7948,27.82,27.77,19587
2020-02-12,27.81,27.65,27.81,27.65,29216
2020-02-13,27.7,27.58,27.77,27.52,79188
2020-02-14,27.64,27.61,27.69,27.4951,52833
2020-02-18,27.61,27.55,27.61,27.5,64791
2020-02-19,27.61,27.47,27.61,27.47,28548
2020-02-20,27.54,27.55,27.58,27.43,41179
2020-02-21,27.55,27.4965,27.59,27.44,34152
2020-02-24,27.39,27.24,27.58,27.24,28771
2020-02-25,27.24,26.69,27.25,26.69,85295
2020-02-26,27.04,26.76,27.04,26.5,71361
2020-02-27,26.7,26.525,26.85,26.51,90584
2020-02-28,26.5,26.02,26.5,26.02,138206
2020-03-02,26.3,26.37,26.52,26.1395,74131
2020-03-03,26.53,26.69,26.99,26.53,63869
2020-03-04,26.9,27.16,27.16,26.82,58788
2020-03-05,26.93,27.0379,27.1219,26.93,29062
2020-03-06,26.82,26.62,26.88,26.5,44716
2020-03-09,26.3,25.85,26.3,25.76,112948
2020-03-10,26.2,26.12,26.29,25.94,50767
2020-03-11,25.94,25.93,26.038,25.8,60562
2020-03-12,25.5,25.19,25.6,24.01,213699
2020-03-13,25.25,25.65,25.77,24.69,124219
2020-03-16,24.55,24.01,25.2335,24.01,94531
2020-03-17,24.06,23.72,24.44,23.71,159423
2020-03-18,23.29,19.35,23.29,19.1,215993
2020-03-19,19.57,20.71,21.22,19.05,240553
2020-03-20,21.3,22.2906,23.8198,21.3,111054
2020-03-23,22.07,20.31,22.095,20.05,129499
2020-03-24,21.06,23.17,23.69,21.06,95990
2020-03-25,23.25,24.57,25.1978,23.2,162773
2020-03-26,24.19,25.4,25.43,24.19,101321
2020-03-27,24.94,24.92,25.14,24.79,89021
2020-03-30,25.06,25.12,25.17,24.65,80866
2020-03-31,25.13,25.13,25.33,25.12,63975
2020-04-01,24.7,24.33,24.756,24.05,91572
2020-04-02,24.19,24.42,24.42,24.0278,71405
2020-04-03,24.42,24.27,24.42,24.01,73044
2020-04-06,24.63,25.13,25.27,24.535,61349
2020-04-07,25.36,25.57,25.57,25.14,54266
2020-04-08,25.5,25.74,26.0,25.355,46024
2020-04-09,25.7,26.12,26.24,25.7,56953
2020-04-13,26.02,25.61,26.02,25.49,58013
2020-04-14,26.04,25.89,26.04,25.51,29797
2020-04-15,25.77,25.86,25.92,25.54,33529
2020-04-16,25.98,26.01,26.06,25.75,66134
2020-04-17,26.1,26.35,26.47,26.09,85767
2020-04-20,25.93,26.3,26.39,25.93,38455
2020-04-21,26.17,26.08,26.24,25.95,38427
2020-04-22,26.32,26.22,26.355,26.2001,61931
2020-04-23,26.24,26.33,26.47,26.22,37170
2020-04-24,26.33,26.39,26.45,26.19,24747
2020-04-27,26.39,26.54,26.55,26.36,18773
2020-04-28,26.6,26.53,26.7089,26.53,37132
2020-04-29,26.55,26.348437,26.73,26.54,21348
2020-04-30,26.38,26.22,26.405,26.2,79465
2020-05-01,26.23,26.27,26.28,26.02,45468
2020-05-04,26.27,26.37,26.37,26.18,37655
2020-05-05,26.31,26.17,26.43,26.16,26328
2020-05-06,26.29,26.15,26.29,26.1,15143
2020-05-07,26.17,26.24,26.29,26.17,9057
2020-05-08,26.24,26.4,26.4,26.24,19633
2020-05-11,26.35,26.41,26.44,26.25,22789
2020-05-12,26.41,26.39,26.52,26.355,22590
2020-05-13,26.42,26.31,26.42,26.26,34505
2020-05-14,26.21,26.3,26.3199,26.04,37247
2020-05-15,26.3,26.27,26.3206,26.22,15368
2020-05-18,26.48,26.31,26.48,26.25,27656
2020-05-19,26.38,26.42,26.42,26.31,18434
2020-05-20,26.4,26.37,26.4,26.27,22686
2020-05-21,26.37,26.47,26.47,26.36,35268
2020-05-22,26.47,26.53,26.54,26.45,12745
2020-05-26,26.56,26.75,26.79,26.56,22050
2020-05-27,26.88,26.83,26.88,26.7,33783
2020-05-28,26.9,26.76,26.9,26.76,28391
2020-05-29,26.76,26.79,26.99,26.76,45020
2020-06-01,26.77,26.97,26.97,26.77,23695
2020-06-02,26.87,27.04,27.04,26.85,26044
2020-06-03,27.1,27.22,27.23,27.1,23766
2020-06-04,27.17,27.21,27.23,27.17,36021
2020-06-05,27.45,27.2,27.45,27.08,43928
2020-06-08,27.37,27.3,27.37,27.266,36298
2020-06-09,27.27,27.25,27.35,27.21,32279
2020-06-10,27.3,27.35,27.35,27.2,46682
2020-06-11,27.15,26.81,27.24,26.74,58433
2020-06-12,26.86,26.7,27.1362,26.7,31398
2020-06-15,26.7,26.84,26.8746,26.62,35723
2020-06-16,26.9,27.0,27.08,26.7869,22665
2020-06-17,27.0,27.0,27.01,26.86,21094
2020-06-18,26.99,27.01,27.01,26.91,13566
2020-06-19,27.0,26.99,27.06,26.9421,34605
2020-06-22,27.05,26.83,27.07,26.75,51551
2020-06-23,27.02,26.95,27.02,26.865,20838
2020-06-24,26.96,26.85,26.99,26.78,36358
2020-06-25,26.85,26.87,26.94,26.83,19666
2020-06-26,26.91,26.63,26.91,26.62,30708
2020-06-29,26.76,26.75,26.76,26.63,35089
2020-06-30,26.72,26.4,26.72,26.4,135788
2020-07-01,26.55,26.56,26.63,26.4639,29471
2020-07-02,26.58,26.61,26.67,26.58,46758
2020-07-06,26.8,26.86,26.86,26.67,45493
2020-07-07,26.86,26.932,26.97,26.8,38173
2020-07-08,26.91,27.13,27.14,26.89,25738
2020-07-09,27.15,27.1,27.15,26.97,17453
2020-07-10,27.1,27.15,27.21,27.07,18634
2020-07-13,27.11,27.06,27.22,27.06,23211
2020-07-14,27.06,27.0692,27.11,27.04,21592
2020-07-15,27.12,27.13,27.13,27.04,18570
2020-07-16,27.19,27.39,27.43,27.1674,16625
2020-07-17,27.36,27.52,27.55,27.3,37604
2020-07-20,27.5,27.55,27.55,27.42,16705
2020-07-21,27.53,27.59,27.63,27.53,28843
2020-07-22,27.59,27.6421,27.67,27.53,32276
2020-07-23,27.63,27.64,27.64,27.58,27118
2020-07-24,27.64,27.73,27.745,27.64,15334
2020-07-27,27.79,27.65,27.79,27.57,33352
2020-07-28,27.64,27.7,27.73,27.58,24358
2020-07-29,27.64,27.408437,27.795,27.6393,41800
2020-07-30,27.45,27.39,27.5,27.39,19455
2020-07-31,27.45,27.51,27.51,27.4,62858
2020-08-03,27.51,27.53,27.6,27.495,40295
2020-08-04,27.53,27.52,27.53,27.44,13099
2020-08-05,27.52,27.5355,27.59,27.4747,37771
2020-08-06,27.59,27.52,27.6232,27.52,24452
2020-08-07,27.55,27.52,27.58,27.42,31306
2020-08-10,27.55,27.56,27.67,27.55,30926
2020-08-11,27.44,27.41,27.58,27.34,73903
2020-08-12,27.4,27.72,27.72,27.37,54892
2020-08-13,27.72,27.695,27.72,27.6417,35577
2020-08-14,27.69,27.71,27.72,27.69,14851
2020-08-17,27.73,27.74,27.75,27.65,22412
2020-08-18,27.64,27.73,27.86,27.63,78513
2020-08-19,27.79,27.6,27.79,27.6,103992
2020-08-20,27.68,27.49,27.71,27.4,63694
2020-08-21,27.5,27.37,27.59,27.37,45545
2020-08-24,27.52,27.45,27.55,27.37,18004
2020-08-25,27.54,27.43,27.54,27.4,41167
2020-08-26,27.49,27.56,27.61,27.41,45209
2020-08-27,27.56,27.64,27.7,27.505,30009
2020-08-28,27.69,27.64,27.7599,27.64,19963
2020-08-31,27.76,27.86,27.86,27.6649,45113
2020-09-01,27.9,27.7,28.0,27.67,38141
2020-09-02,27.69,27.64,27.8112,27.64,21992
2020-09-03,27.64,27.52,27.89,27.51,21362
2020-09-04,27.43,27.44,27.59,27.2,31937
2020-09-08,27.43,27.3109,27.43,27.22,35436
2020-09-09,27.4,27.37,27.46,27.3,32837
2020-09-10,27.37,27.48,27.51,27.37,20464
2020-09-11,27.39,27.3977,27.46,27.35,26984
2020-09-14,27.41,27.5,27.6,27.4001,19814
2020-09-15,27.63,27.53,27.71,27.52,42762
2020-09-16,27.63,27.71,27.79,27.5736,26268
2020-09-17,27.6,27.45,27.78,27.45,37613
2020-09-18,27.6,27.4,27.6037,27.26,24057
2020-09-21,27.34,27.47,27.49,27.18,32256
2020-09-22,27.4,27.62,27.65,27.37,42856
2020-09-23,27.68,27.39,27.68,27.2,40223
2020-09-24,27.35,27.42,27.57,27.16,29543
2020-09-25,27.41,27.6,27.83,27.41,43305
2020-09-28,27.57,27.67,27.86,27.57,49616
2020-09-29,27.7,27.6,27.7,27.51,43903
2020-09-30,27.59,27.39,27.68,27.39,123099
2020-10-01,27.45,27.84,27.87,27.45,34036
2020-10-02,27.7,27.92,27.94,27.6768,32013
2020-10-05,27.86,27.84,28.0,27.79,26736
2020-10-06,27.9,28.12,28.15,27.84,40275
2020-10-07,28.09,28.02,28.13,27.91,42948
2020-10-08,28.02,27.93,28.09,27.85,49198
2020-10-09,27.91,27.92,27.955,27.79,22409
2020-10-12,27.99,28.03,28.09,27.87,53936
2020-10-13,28.03,28.13,28.13,27.95,46490
2020-10-14,28.1,28.08,28.1299,28.0,24824
2020-10-15,27.96,27.99,28.0,27.9345,64414
2020-10-16,27.99,27.83,27.99,27.8,24545
2020-10-19,27.93,27.91,27.93,27.73,38499
2020-10-20,27.91,27.61,27.91,27.61,94046
2020-10-21,27.67,27.51,27.73,27.51,60704
2020-10-22,27.64,27.54,27.65,27.44,42818
2020-10-23,27.61,27.82,27.84,27.61,30919
2020-10-26,27.78,27.65,27.8268,27.59,14519
2020-10-27,27.7,27.71,27.792,27.651,21954
2020-10-28,27.63,27.158437,27.63,27.42,54181
2020-10-29,27.24,27.05,27.27,27.03,35852
2020-10-30,27.15,27.29,27.29,27.11,66378
2020-11-02,27.15,27.21,27.29,27.15,30393
2020-11-03,27.21,27.06,27.3,27.06,39733
2020-11-04,27.12,27.38,27.46,27.12,27628
2020-11-05,27.39,27.36,27.5,27.2901,18958
2020-11-06,27.3,27.32,27.47,27.3,21443
2020-11-09,27.48,27.45,27.68,27.4088,40881
2020-11-10,27.41,27.5079,27.55,27.33,22761
2020-11-11,27.45,27.55,27.64,27.45,15661
2020-11-12,27.55,27.51,27.66,27.44,27581
2020-11-13,27.47,27.62,27.68,27.47,23214
2020-11-16,27.62,27.82,27.87,27.5461,42539
2020-11-17,27.66,27.75,27.8099,27.61,45135
2020-11-18,27.63,27.74,27.761,27.63,25572
2020-11-19,27.76,27.74,27.81,27.74,28619
2020-11-20,27.79,27.65,27.8,27.64,17477
2020-11-23,27.72,27.76,27.87,27.72,22864
2020-11-24,27.87,27.81,27.89,27.8,22739
2020-11-25,27.85,27.8623,27.87,27.73,30117
2020-11-27,27.87,27.65,27.87,27.63,29445
2020-11-30,27.66,27.52,27.76,27.52,52407
2020-12-01,27.55,27.61,27.671,27.52,23413
2020-12-02,27.57,27.75,27.76,27.52,26417
2020-12-03,27.75,27.85,27.85,27.66,24092
2020-12-04,27.85,27.84,27.87,27.75,28721
2020-12-07,27.83,27.8,27.89,27.76,40561
2020-12-08,27.75,27.88,27.89,27.75,24768
2020-12-09,27.88,27.88,27.91,27.81,51970
2020-12-10,27.81,27.82,27.98,27.66,37444
2020-12-11,27.85,27.89,27.91,27.72,24691
2020-12-14,27.95,28.06,28.07,27.92,39319
2020-12-15,28.08,28.25,28.275,28.02,29559
2020-12-16,28.25,28.3,28.3,28.126,20997
2020-12-17,28.3,28.4,28.41,28.26,28839
2020-12-18,28.33,28.39,28.39,28.22,15762
2020-12-21,28.2,28.41,28.455,28.2,40075
2020-12-22,28.42,28.39,28.5,28.25,39193
2020-12-23,28.39,28.39,28.54,28.34,35774
2020-12-24,28.36,28.52,28.57,28.36,12862
2020-12-28,28.52,28.5,28.53,28.425,33150
2020-12-29,28.59,28.55,28.595,28.4612,22713
2020-12-30,28.54,28.5,28.56,28.43,41024
2020-12-31,28.5,28.52,28.57,28.42,128976
2021-01-04,28.48,28.19,28.48,28.13,41101
2021-01-05,28.19,28.13,28.26,28.11,46817
2021-01-06,28.17,27.79,28.17,27.64,37478
2021-01-07,27.82,27.51,27.82,27.43,61833
2021-01-08,27.5,27.65,27.65,27.4,34275
2021-01-11,27.45,27.24,27.57,27.24,30353
2021-01-12,27.15,27.12,27.23,26.85,49249
2021-01-13,27.16,27.42,27.5,27.04,52826
2021-01-14,27.49,27.51,27.54,27.34,25250
2021-01-15,27.52,27.56,27.73,27.3801,15089
2021-01-19,27.6,27.65,27.73,27.6,16926
2021-01-20,27.77,27.91,27.94,27.735,23807
2021-01-21,27.97,27.86,27.98,27.77,20732
2021-01-22,27.86,27.97,28.03,27.7753,13581
2021-01-25,28.05,27.89,28.05,27.87,19384
2021-01-26,27.96,27.9,27.99,27.77,16207
2021-01-27,27.76,27.55,27.925,27.52,23403
2021-01-28,27.7,27.408437,27.79,27.5919,33943
2021-01-29,27.41,27.42,27.45,27.24,82670
2021-02-01,27.35,27.4,27.58,27.33,28969
2021-02-02,27.45,27.32,27.49,27.3,64846
2021-02-03,27.32,27.3056,27.44,27.25,21901
2021-02-04,27.22,27.21,27.2958,27.12,34172
2021-02-05,27.2,27.15,27.27,27.15,18800
2021-02-08,27.22,27.2,27.36,27.14,30748
2021-02-09,27.28,27.23,27.3353,27.14,14518
2021-02-10,27.23,27.12,27.303,27.08,21616
2021-02-11,27.25,27.07,27.25,27.0,24524
2021-02-12,26.94,26.86,27.0094,26.8,36567
2021-02-16,26.95,26.68,26.95,26.68,55874
2021-02-17,26.78,26.65,26.79,26.55,20222
2021-02-18,26.64,26.56,26.64,26.45,30993
2021-02-19,26.56,26.6,26.6,26.5,42691
2021-02-22,26.6,26.45,26.65,26.38,40320
2021-02-23,26.53,26.65,26.67,26.43,52195
2021-02-24,26.65,26.38,26.65,26.26,112726
2021-02-25,26.38,26.13,26.3965,26.1,54830
2021-02-26,26.28,26.45,26.45,26.08,59296
2021-03-01,26.52,26.54,26.64,26.5,27013
2021-03-02,26.61,26.66,26.8,26.54,58561
2021-03-03,26.76,26.74,26.8,26.52,61710
2021-03-04,26.68,26.72,26.92,26.68,46476
2021-03-05,26.72,26.84,26.85,26.66,62650
2021-03-08,26.85,26.86,26.86,26.7231,22661
2021-03-09,26.96,26.86,26.976,26.76,30484
2021-03-10,26.93,26.9,26.98,26.77,69181
2021-03-11,26.99,27.09,27.1588,26.965,39521
2021-03-12,26.98,27.02,27.04,26.81,40183
2021-03-15,27.0,27.25,27.2895,26.88,46215
2021-03-16,27.3,27.39,27.46,27.2665,41764
2021-03-17,27.35,27.3,27.39,27.25,35202
2021-03-18,27.2,27.02,27.2,27.02,28003
2021-03-19,27.12,27.18,27.22,26.96,17342
2021-03-22,27.2,27.23,27.31,27.2,13401
2021-03-23,27.33,27.28,27.36,27.24,12463
2021-03-24,27.36,27.33,27.49,27.25,30431
2021-03-25,27.31,27.3,27.34,27.28,10228
2021-03-26,27.32,27.414,27.47,27.31,38982
2021-03-29,27.47,27.5,27.53,27.32,55345
2021-03-30,27.41,27.58,27.58,27.41,21843
2021-03-31,27.6,27.5,27.7,27.495,73642
2021-04-01,27.53,27.72,27.72,27.53,35858
2021-04-05,27.73,27.82,27.82,27.63,49477
2021-04-06,27.82,27.77,27.948,27.74,50548
2021-04-07,27.81,27.86,27.86,27.74,35912
2021-04-08,27.86,27.83,27.86,27.74,14529
2021-04-09,27.74,27.775,27.8289,27.72,17194
2021-04-12,27.72,27.75,27.8192,27.72,13307
2021-04-13,27.8,27.81,27.87,27.7308,63464
2021-04-14,27.83,27.84,27.8793,27.8,24149
2021-04-15,27.8,27.95,27.95,27.8,22015
2021-04-16,27.95,27.98,28.005,27.93,50022
2021-04-19,27.98,27.87,27.98,27.8562,10616
2021-04-20,27.89,27.92,27.96,27.84,19833
2021-04-21,27.92,28.02,28.05,27.92,19907
2021-04-22,28.02,28.0581,28.06,27.95,14685
2021-04-23,28.01,28.14,28.22,28.01,34094
2021-04-26,28.2,28.19,28.24,28.07,22625
2021-04-27,28.23,28.13,28.23,28.1,15584
2021-04-28,28.2,27.688537,28.2,28.02,18954
2021-04-29,27.77,27.6,27.77,27.59,26377
2021-04-30,27.52,27.53,27.75,27.49,105500
2021-05-03,27.56,27.61,27.81,27.56,43072
2021-05-04,27.62,27.7,27.79,27.62,24942
2021-05-05,27.67,27.61,27.795,27.56,15618
2021-05-06,27.6,27.62,27.79,27.43,120576
2021-05-07,27.61,27.672,27.73,27.6,57747
2021-05-10,27.64,27.65,27.73,27.58,31704
2021-05-11,27.5,27.46,27.6,27.31,42890
2021-05-12,27.4,27.18,27.451,27.1618,26559
2021-05-13,27.28,27.3,27.35,27.2224,26190
2021-05-14,27.33,27.35,27.41,27.26,13090
2021-05-17,27.45,27.26,27.45,27.22,22664
2021-05-18,27.23,27.36,27.4179,27.21,14680
2021-05-19,27.24,27.35,27.42,27.16,9528
2021-05-20,27.35,27.57,27.57,27.27,34165
2021-05-21,27.45,27.57,27.61,27.35,26187
2021-05-24,27.6,27.67,27.72,27.5669,19327
2021-05-25,27.7,27.72,27.72,27.65,11629
2021-05-26,27.63,27.57,27.68,27.52,26960
2021-05-27,27.61,27.6,27.61,27.58,16464
2021-05-28,27.64,27.77,27.77,27.6065,45849
2021-06-01,27.75,27.8,27.81,27.6937,21254
2021-06-02,27.8,27.9,27.9,27.76,37523
2021-06-03,27.77,27.7,27.81,27.7,64443
2021-06-04,27.75,27.7558,27.79,27.6801,14913
2021-06-07,27.76,27.71,27.81,27.69,14434
2021-06-08,27.78,27.71,27.78,27.66,10842
2021-06-09,27.71,27.83,27.88,27.71,13346
2021-06-10,27.77,27.85,27.9,27.77,17413
2021-06-11,27.8,27.86,27.86,27.71,24801
2021-06-14,27.86,27.86,27.8794,27.75,24752
2021-06-15,27.82,27.8728,27.8767,27.78,19011
2021-06-16,27.88,27.89,27.92,27.84,15320
2021-06-17,27.9,27.95,27.98,27.86,12131
2021-06-18,27.86,27.92,27.95,27.86,18191
2021-06-21,27.89,27.87,27.9,27.86,19785
2021-06-22,27.82,27.96,27.96,27.82,19722
2021-06-23,27.96,28.0,28.0,27.96,13062
2021-06-24,28.0,27.99,28.0,27.95,14012
2021-06-25,27.99,27.97,28.0,27.86,11743
2021-06-28,27.96,27.87,27.96,27.77,74219
2021-06-29,27.75,27.81,27.8644,27.75,24741
2021-06-30,27.81,27.95,28.03,27.81,68782
2021-07-01,27.85,27.95,27.96,27.85,21093
2021-07-02,27.87,27.94,28.02,27.87,64992
2021-07-06,27.95,28.04,28.04,27.9417,19881
2021-07-07,28.04,28.13,28.14,27.9951,19817
2021-07-08,27.97,28.1,28.13,27.97,35893
2021-07-09,28.01,28.04,28.15,28.0,9834
2021-07-12,28.05,28.1,28.11,28.02,13307
2021-07-13,28.05,27.96,28.0768,27.95,31993
2021-07-14,27.99,28.08,28.13,27.9801,38749
2021-07-15,28.1,28.085,28.15,28.04,39937
2021-07-16,28.1,28.02,28.1,28.0,12938
2021-07-19,27.95,27.85,28.07,27.7805,27411
2021-07-20,27.83,27.94,27.99,27.83,13883
2021-07-21,27.94,27.98,28.0,27.9371,16557
2021-07-22,27.97,27.89,27.97,27.82,19144
2021-07-23,27.9,27.98,28.0,27.89,21792
2021-07-26,27.99,27.88,27.99,27.82,18790
2021-07-27,27.83,27.83,27.85,27.731,40491
2021-07-28,27.86,27.498437,27.86,27.74,13271
2021-07-29,27.52,27.58,27.5997,27.48,22501
2021-07-30,27.58,27.72,27.76,27.57,30271
2021-08-02,27.8,27.72,27.82,27.58,23068
2021-08-03,27.75,27.61,27.75,27.59,40008
2021-08-04,27.63,27.66,27.67,27.6,8436
2021-08-05,27.63,27.6809,27.8388,27.63,22694
2021-08-06,27.66,27.74,27.75,27.6304,23152
2021-08-09,27.68,27.59,27.7118,27.5,23566
2021-08-10,27.53,27.31,27.53,27.2656,21727
2021-08-11,27.39,27.46,27.62,27.3743,17300
2021-08-12,27.46,27.53,27.5816,27.46,20937
2021-08-13,27.53,27.63,27.6814,27.53,25744
2021-08-16,27.65,27.54,27.6501,27.54,20801
2021-08-17,27.54,27.52,27.59,27.46,19455
2021-08-18,27.46,27.37,27.4631,27.33,28112
2021-08-19,27.19,27.27,27.2958,27.19,47248
2021-08-20,27.23,27.37,27.39,27.19,38617
2021-08-23,27.37,27.35,27.4,27.32,22162
2021-08-24,27.4,27.42,27.44,27.39,12829
2021-08-25,27.36,27.38,27.45,27.34,20492
2021-08-26,27.34,27.3294,27.3795,27.3,26341
2021-08-27,27.32,27.52,27.52,27.31,23326
2021-08-30,27.52,27.4,27.59,27.4,19358
2021-08-31,27.47,27.37,27.5297,27.33,67595
2021-09-01,27.38,27.48,27.58,27.38,16645
2021-09-02,27.53,27.62,27.62,27.49,18958
2021-09-03,27.62,27.56,27.62,27.46,16350
2021-09-07,27.49,27.44,27.49,27.35,11432
2021-09-08,27.42,27.45,27.49,27.37,16722
2021-09-09,27.41,27.5424,27.5424,27.4,20387
2021-09-10,27.49,27.46,27.57,27.46,14452
2021-09-13,27.5,27.532,27.5899,27.47,16255
2021-09-14,27.54,27.47,27.57,27.42,14154
2021-09-15,27.47,27.53,27.5527,27.43,16707
2021-09-16,27.5,27.64,27.6475,27.4403,15569
2021-09-17,27.64,27.61,27.65,27.5565,18928
2021-09-20,27.45,27.38,27.5739,27.33,29492
2021-09-21,27.52,27.35,27.52,27.3,39538
2021-09-22,27.35,27.37,27.49,27.35,51783
2021-09-23,27.37,27.19,27.49,27.17,44653
2021-09-24,27.2,27.12,27.25,27.1,14102
2021-09-27,27.1,27.04,27.125,27.01,13409
2021-09-28,26.86,26.78,26.9991,26.67,67060
2021-09-29,26.84,27.02,27.03,26.83,17441
2021-09-30,26.96,26.95,27.149,26.95,88709
2021-10-01,27.05,26.97,27.06,26.95,14521
2021-10-04,26.88,26.74,26.96,26.74,29131
2021-10-05,26.87,26.76,26.87,26.71,18046
2021-10-06,26.71,26.85,26.89,26.71,52688
2021-10-07,26.82,26.88,26.9,26.79,16404
2021-10-08,26.88,26.89,26.89,26.75,12537
2021-10-11,26.88,26.84,26.93,26.8,20125
2021-10-12,26.84,26.96,27.0,26.84,15376
2021-10-13,26.96,27.18,27.25,26.96,24068
2021-10-14,27.15,27.38,27.405,27.15,25473
2021-10-15,27.44,27.36,27.44,27.227,17338
2021-10-18,27.2,27.3,27.38,27.2,15952
2021-10-19,27.31,27.28,27.365,27.2,16626
2021-10-20,27.33,27.47,27.49,27.325,24681
2021-10-21,27.46,27.35,27.47,27.31,21938
2021-10-22,27.43,27.4,27.49,27.35,14461
2021-10-25,27.43,27.43,27.43,27.36,13073
2021-10-26,27.43,27.43,27.52,27.39,15921
2021-10-27,27.49,27.63,27.65,27.46,20603
2021-10-28,27.53,27.258437,27.69,27.52,15563
2021-10-29,27.35,27.28,27.45,27.25,59966
2021-11-01,27.27,27.45,27.45,27.27,17927
2021-11-02,27.38,27.42,27.44,27.32,18444
2021-11-03,27.34,27.43,27.46,27.34,16658
2021-11-04,27.38,27.48,27.58,27.35,19876
2021-11-05,27.43,27.5,27.55,27.4,25897
2021-11-08,27.55,27.51,27.55,27.4467,7869
2021-11-09,27.44,27.44,27.4591,27.41,9954
2021-11-10,27.43,27.11,27.43,27.09,32586
2021-11-11,27.22,27.0,27.22,27.0,16319
2021-11-12,27.0,26.93,27.1599,26.93,12299
2021-11-15,27.07,26.8,27.07,26.76,18619
2021-11-16,26.8,26.66,26.91,26.6101,27797
2021-11-17,26.65,26.6,26.6805,26.53,27586
2021-11-18,26.61,26.63,26.7,26.53,43558
2021-11-19,26.63,26.7,26.72,26.6148,22472
2021-11-22,26.66,26.64,26.82,26.61,47885
2021-11-23,26.6,26.51,26.6,26.42,12819
2021-11-24,26.56,26.54,26.63,26.5,23320
2021-11-26,26.4,26.4,26.5,26.25,66556
2021-11-29,26.64,26.46,26.6699,26.3906,38170
2021-11-30,26.51,26.48,26.53,26.35,62114
2021-12-01,26.52,26.67,26.86,26.52,22872
2021-12-02,26.6,26.76,26.83,26.59,26727
2021-12-03,26.78,26.62,26.78,26.61,22199
2021-12-06,26.62,26.7179,26.74,26.62,14768
2021-12-07,26.69,26.69,26.91,26.67,21579
2021-12-08,26.69,26.5925,26.69,26.5,25842
2021-12-09,26.66,26.55,26.7175,26.53,14715
2021-12-10,26.57,26.5,26.57,26.44,22295
2021-12-13,26.51,26.54,26.5994,26.45,20569
2021-12-14,26.44,26.48,26.49,26.41,32848
2021-12-15,26.43,26.54,26.59,26.43,24264
2021-12-16,26.55,26.76,26.79,26.5344,35852
2021-12-17,26.66,26.65,26.8124,26.55,37573
2021-12-20,26.59,26.55,26.6496,26.45,41262
2021-12-21,26.56,26.64,26.7746,26.56,37100
2021-12-22,26.66,26.76,26.7895,26.66,12953
2021-12-23,26.82,26.72,26.835,26.67,14117
2021-12-27,26.75,26.69,26.75,26.62,24779
2021-12-28,26.72,26.79,26.81,26.72,21921
2021-12-29,26.81,26.89,26.9,26.6376,16005
2021-12-30,26.94,27.05,27.07,26.9,22010
2021-12-31,27.08,27.16,27.22,26.8601,44117
2022-01-03,27.05,27.05,27.15,26.94,32689
2022-01-04,27.04,26.77,27.04,26.61,35054
2022-01-05,26.68,26.41,26.8694,26.41,44675
2022-01-06,26.42,26.5844,26.7,26.3072,24960
2022-01-07,26.47,26.64,26.7,26.45,14328
2022-01-10,26.56,26.5,26.58,26.43,28314
2022-01-11,26.5,26.65,26.7485,26.49,39664
2022-01-12,26.64,26.46,26.705,26.44,82132
2022-01-13,26.5,26.5,26.58,26.46,43757
2022-01-14,26.47,26.51,26.54,26.45,33026
2022-01-18,26.45,26.44,26.5389,26.38,52731
2022-01-19,26.51,26.45,26.5199,26.4,33403
2022-01-20,26.47,26.5,26.63,26.47,35377
2022-01-21,26.5,26.58,26.64,26.47,25298
2022-01-24,26.47,26.52,26.55,26.37,29467
2022-01-25,26.57,26.58,26.62,26.27,13714
2022-01-26,26.48,26.17,26.63,26.14,34660
2022-01-27,26.25,25.95,26.36,25.84,68204
2022-01-28,25.89,25.698437,26.13,25.86,35861
2022-01-31,25.88,26.29,26.4,25.789,118233
2022-02-01,26.27,26.28,26.3689,26.19,29827
2022-02-02,26.23,26.1347,26.3,26.12,40572
2022-02-03,26.03,26.105,26.17,25.91,47307
2022-02-04,26.05,25.91,26.05,25.8713,22420
2022-02-07,25.94,26.14,26.14,25.83,28189
2022-02-08,26.02,25.82,26.02,25.75,40989
2022-02-09,25.86,25.81,26.0,25.73,32706
2022-02-10,25.76,26.01,26.13,25.66,101524
2022-02-11,26.03,25.83,26.09,25.8001,49130
2022-02-14,25.83,25.79,25.87,25.66,53049
2022-02-15,25.95,25.87,25.99,25.83,185878
2022-02-16,25.83,25.93,25.9475,25.8,35238
2022-02-17,25.86,25.81,25.98,25.81,35015
2022-02-18,25.81,25.88,25.9509,25.81,42016
2022-02-22,25.81,25.785,25.88,25.75,33824
2022-02-23,25.81,25.6,25.91,25.59,110775
2022-02-24,25.48,25.63,25.67,25.3,60336
2022-02-25,25.65,25.73,25.81,25.65,35461
2022-02-28,25.65,25.67,25.9999,25.65,39076
2022-03-01,25.74,25.79,25.91,25.74,36171
2022-03-02,25.81,25.8,25.8599,25.78,35109
2022-03-03,25.78,25.6,25.855,25.6,36775
2022-03-04,25.63,25.55,25.7076,25.35,83095
2022-03-07,25.45,25.395,25.45,25.35,28856
2022-03-08,25.53,25.54,25.55,25.4,33232
2022-03-09,25.59,25.55,25.6017,25.51,42810
2022-03-10,25.33,25.54,25.63,25.33,28279
2022-03-11,25.47,25.43,25.6,25.4,46177
2022-03-14,25.34,25.14,25.4711,25.07,48729
2022-03-15,25.22,25.35,25.37,25.168,30370
2022-03-16,25.3,25.47,25.509,25.2475,31799
2022-03-17,25.42,25.88,25.96,25.42,41294
2022-03-18,25.81,25.8172,25.89,25.72,24171
2022-03-21,25.75,25.72,25.89,25.7,31408
2022-03-22,25.65,25.69,25.81,25.56,29746
2022-03-23,25.73,25.72,25.86,25.65,27233
2022-03-24,25.65,25.82,25.95,25.62,44756
2022-03-25,25.84,25.47,25.84,25.46,21284
2022-03-28,25.45,25.6,25.65,25.45,25177
2022-03-29,25.63,25.96,25.96,25.5779,30704
2022-03-30,25.94,26.005,26.09,25.93,72448
2022-03-31,26.0,26.17,26.17,26.0,42631
2022-04-01,26.01,25.95,26.12,25.95,23906
2022-04-04,25.99,25.97,26.07,25.91,21108
2022-04-05,25.86,25.7,26.04,25.66,50270
2022-04-06,25.6,25.62,25.74,25.47,43173
2022-04-07,25.54,25.72,25.901,25.54,16270
2022-04-08,25.62,25.51,25.7,25.5,19393
2022-04-11,25.51,25.42,25.51,25.4008,33530
2022-04-12,25.5,25.43,25.599,25.42,20963
2022-04-13,25.43,25.5,25.62,25.43,16269
2022-04-14,25.46,25.3654,25.5,25.35,17878
2022-04-18,25.33,25.37,25.427,25.25,37777
2022-04-19,25.35,25.22,25.44,25.1305,82166
2022-04-20,25.25,25.3658,25.3997,25.25,14566
2022-04-21,25.35,25.2,25.368,25.18,41720
2022-04-22,25.3,25.3125,25.3125,25.18,58059
2022-04-25,25.3,25.33,25.35,25.18,44880
2022-04-26,25.33,25.3,25.44,25.26,18741
2022-04-27,25.38,24.748437,25.47,25.07,49585
2022-04-28,25.0,24.98,25.06,24.845,67354
2022-04-29,24.93,24.75,25.0882,24.75,104847
2022-05-02,24.8,24.1569,24.8,24.1,75700
2022-05-03,24.16,24.02,24.33,23.96,58678
2022-05-04,24.12,24.55,24.69,24.07,78909
2022-05-05,24.4,24.87,24.92,24.39,167027
2022-05-06,24.83,24.49,24.83,24.32,100592
2022-05-09,24.33,24.07,24.7,24.01,40076
2022-05-10,24.13,24.3599,24.4899,24.13,41935
2022-05-11,24.15,24.4,24.67,24.15,33725
2022-05-12,24.43,24.54,24.73,24.3477,32223
2022-05-13,24.59,24.89,25.08,24.59,103268
2022-05-16,24.96,25.08,25.15,24.74,43538
2022-05-17,25.13,24.84,25.2399,24.84,65490
2022-05-18,24.83,24.88,24.9,24.6,43771
2022-05-19,24.8,24.94,24.94,24.61,36676
2022-05-20,24.99,25.07,25.09,24.74,52839
2022-05-23,25.06,24.63,25.06,24.63,72534
2022-05-24,24.73,25.05,25.0792,24.6669,33919
2022-05-25,25.05,25.48,25.48,25.05,35104
2022-05-26,25.39,25.73,25.8,25.39,53428
2022-05-27,25.73,26.04,26.32,25.72,59538
2022-05-31,25.99,25.8,26.0,25.5,87366
2022-06-01,25.86,25.69,25.9105,25.64,16513
2022-06-02,25.63,25.72,25.77,25.45,30076
2022-06-03,25.5,25.5,25.6117,25.3412,22129
2022-06-06,25.6,25.39,25.6,25.35,21954
2022-06-07,25.34,25.51,25.54,25.32,15534
2022-06-08,25.47,25.37,25.5,25.37,10700
2022-06-09,25.27,25.15,25.522,25.13,27300
2022-06-10,25.13,24.94,25.13,24.8,60053
2022-06-13,24.59,24.35,24.6999,24.25,43762
2022-06-14,24.38,24.22,24.3919,24.12,31932
2022-06-15,24.3,24.52,24.78,24.23,42273
2022-06-16,24.4,24.28,24.55,24.23,36673
2022-06-17,24.42,24.61,24.67,24.29,13176
2022-06-21,24.61,24.95,25.0,24.61,32963
2022-06-22,24.86,25.08,25.1,24.86,16737
2022-06-23,25.18,25.229,25.229,25.0315,38636
2022-06-24,25.28,25.24,25.32,25.1302,22243
2022-06-27,25.31,25.2,25.3151,25.07,18727
2022-06-28,25.12,25.19,25.26,25.0723,6148
2022-06-29,25.25,25.28,25.28,25.14,16184
2022-06-30,25.1,25.07,25.2299,25.07,18654
2022-07-01,25.07,25.25,25.25,25.07,12429
2022-07-05,25.2,25.1208,25.2,25.09,41868
2022-07-06,25.09,25.15,25.2,25.09,28522
2022-07-07,25.18,25.2,25.25,25.0914,18517
2022-07-08,25.14,25.29,25.29,25.09,14106
2022-07-11,25.29,25.38,25.39,25.12,11195
2022-07-12,25.28,25.43,25.6,25.28,12381
2022-07-13,25.3,25.27,25.41,25.21,31294
2022-07-14,25.27,25.33,25.39,25.2631,14845
2022-07-15,25.36,25.54,25.55,25.36,9927
2022-07-18,25.65,25.47,25.68,25.41,7303
2022-07-19,25.41,25.58,25.6777,25.4,21438
2022-07-20,25.51,25.4,25.59,25.32,61197
2022-07-21,25.4,25.45,25.5,25.4,13335
2022-07-22,25.45,25.59,25.59,25.4325,22042
2022-07-25,25.5,25.55,25.63,25.45,18296
2022-07-26,25.47,25.43,25.5447,25.43,13736
2022-07-27,25.44,25.48,25.605,25.35,32727
2022-07-28,25.47,25.348437,25.7,25.44,21305
2022-07-29,25.48,25.79,25.79,25.46,57180
2022-08-01,25.69,25.7,25.86,25.68,13746
2022-08-02,25.67,26.07,26.25,25.66,61816
2022-08-03,26.19,26.27,26.27,26.01,27397
2022-08-04,26.0741,26.16,26.16,25.93,44523
2022-08-05,26.05,25.89,26.05,25.65,27539
2022-08-08,25.82,25.8,25.93,25.745,9196
2022-08-09,25.41,25.37,25.4509,25.24,66363
2022-08-10,25.71,25.4,25.742,25.34,58831
2022-08-11,25.54,25.39,25.57,25.28,17294
2022-08-12,25.42,25.34,25.42,25.25,26517
2022-08-15,25.45,25.22,25.45,25.22,38741
2022-08-16,25.3,25.25,25.3784,25.2,13879
2022-08-17,25.17,25.04,25.19,25.04,31138
2022-08-18,25.04,24.99,25.04,24.95,55692
2022-08-19,24.81,24.88,24.9794,24.73,50994
2022-08-22,24.88,24.73,24.88,24.71,42488
2022-08-23,24.72,24.52,24.8299,24.12,101583
2022-08-24,24.52,24.69,24.76,24.3898,36178
2022-08-25,24.67,24.72,24.9,24.67,77146
2022-08-26,24.82,24.6,24.9017,24.59,24636
2022-08-29,24.52,24.55,24.6659,24.49,20043
2022-08-30,24.55,24.53,24.6,24.45,31343
2022-08-31,24.52,24.27,24.52,24.27,60675
2022-09-01,24.2,24.2,24.3299,24.1,35264
2022-09-02,24.29,24.18,24.3683,24.12,62799
2022-09-06,24.2,24.05,24.2,24.05,31400
2022-09-07,24.1,24.25,24.33,24.055,28753
2022-09-08,24.18,24.18,24.41,24.08,52385
2022-09-09,24.21,24.49,24.59,24.21,29030
2022-09-12,24.45,24.56,24.67,24.45,35404
2022-09-13,24.4,24.48,24.48,24.3001,31215
2022-09-14,24.51,24.49,24.57,24.3832,19642
2022-09-15,24.49,24.4638,24.57,24.3615,20467
2022-09-16,24.3,24.39,24.48,24.14,15134
2022-09-19,24.24,24.25,24.3499,24.0889,20803
2022-09-20,24.25,24.12,24.3199,24.06,21735
2022-09-21,24.19,24.34,24.35,24.15,25135
2022-09-22,24.15,24.13,24.19,24.06,38631
2022-09-23,24.13,23.965,24.13,23.92,28948
2022-09-26,24.01,23.85,24.06,23.832,15291
2022-09-27,23.89,24.01,24.02,23.85,38995
2022-09-28,24.01,24.34,24.34,23.86,51853
2022-09-29,24.18,24.34,24.41,23.83,66010
2022-09-30,24.34,24.49,24.54,24.2,144918
2022-10-03,24.58,24.49,24.775,24.43,37980
2022-10-04,24.51,24.62,24.705,24.38,22102
2022-10-05,24.45,24.41,24.536,24.3,23180
2022-10-06,24.37,24.34,24.4799,24.3199,27964
2022-10-07,24.25,24.17,24.33,24.13,22463
2022-10-10,24.15,23.95,24.15,23.92,45565
2022-10-11,23.97,23.8,23.9848,23.74,38011
2022-10-12,23.8,23.61,23.8,23.57,19685
2022-10-13,23.5,23.66,23.7588,23.45,33355
2022-10-14,23.8,23.58,23.82,23.4848,11483
2022-10-17,23.67,23.65,23.86,23.6005,22992
2022-10-18,23.71,23.68,23.86,23.65,24190
2022-10-19,23.64,23.53,23.65,23.3592,24591
2022-10-20,23.41,23.1,23.579,23.09,24180
2022-10-21,23.0,23.06,23.18,22.85,16579
2022-10-24,22.97,23.12,23.17,22.9383,21283
2022-10-25,23.16,23.58,23.58,23.16,22207
2022-10-26,23.6,23.67,23.94,23.51,31473
2022-10-27,23.7,23.81,23.9,23.6915,21231
2022-10-28,23.8,23.528437,23.94,23.75,20242
2022-10-31,23.59,22.96,23.6,22.94,143136
2022-11-01,23.14,22.85,23.2999,22.84,45251
2022-11-02,22.79,22.61,23.07,22.45,49099
2022-11-03,22.38,22.38,22.49,22.31,33062
2022-11-04,22.44,22.4,22.53,22.21,41734
2022-11-07,22.37,22.48,22.56,22.291,31997
2022-11-08,22.46,22.83,22.85,22.46,29948
2022-11-09,22.79,22.7,22.995,22.42,52556
2022-11-10,23.03,23.64,23.66,23.03,39395
2022-11-11,23.74,23.84,23.9,23.71,12280
2022-11-14,23.82,23.12,23.8871,23.1,57751
2022-11-15,23.53,23.36,23.5783,23.1712,21573
2022-11-16,23.44,23.52,23.69,23.44,21090
2022-11-17,23.46,23.6,23.6,23.29,25094
2022-11-18,23.63,23.46,23.66,23.29,27511
2022-11-21,23.56,23.59,23.64,23.45,34656
2022-11-22,23.64,23.5591,23.85,23.4567,29501
2022-11-23,23.67,23.77,23.89,23.6471,14765
2022-11-25,23.7,23.7786,23.7823,23.6433,3693
2022-11-28,23.77,23.75,23.8852,23.66,18026
2022-11-29,23.74,23.28,23.7971,23.21,22207
2022-11-30,23.21,23.64,23.65,23.21,40190
2022-12-01,23.72,24.05,24.19,23.66,48882
2022-12-02,23.95,24.33,24.33,23.8569,30540
2022-12-05,24.3,24.01,24.31,23.95,23039
2022-12-06,24.07,23.92,24.09,23.8,21924
2022-12-07,23.98,24.03,24.1,23.96,21415
2022-12-08,24.03,24.23,24.96,24.03,74543
2022-12-09,24.23,23.99,24.25,23.99,15502
2022-12-12,23.98,23.91,23.99,23.76,47028
2022-12-13,24.19,24.24,24.33,24.02,24755
2022-12-14,24.19,24.31,24.45,24.19,30193
2022-12-15,24.25,24.31,24.4,24.17,50882
2022-12-16,24.25,24.4,24.56,24.22,54057
2022-12-19,24.36,24.45,24.49,24.2701,29574
2022-12-20,24.4,24.39,24.51,24.3,28711
2022-12-21,24.36,24.41,24.49,24.3401,31784
2022-12-22,24.41,24.4,24.42,24.1,72641
2022-12-23,24.37,24.26,24.39,24.2,21060
2022-12-27,24.21,24.25,24.36,24.1194,122129
2022-12-28,24.19,24.08,24.24,24.0101,115986
2022-12-29,24.01,24.3,24.3,23.96,64975
2022-12-30,24.2,24.48,24.59,23.83,184977
2023-01-03,24.47,24.3,24.52,24.1616,35238
2023-01-04,24.31,24.47,24.6,24.31,43018
2023-01-05,24.42,24.48,24.595,24.34,32073
2023-01-06,24.52,24.71,24.81,24.52,30518
2023-01-09,24.7,24.6,24.94,24.545,34425
2023-01-10,24.56,24.71,24.8099,24.4916,13661
2023-01-11,24.69,24.88,24.9,24.69,12663
2023-01-12,24.87,24.93,25.03,24.7503,45484
2023-01-13,24.85,24.95,25.0919,24.85,22449
2023-01-17,24.97,25.0,25.1299,24.9101,26530
2023-01-18,25.1,25.1,25.28,25.1,34433
2023-01-19,25.04,25.18,25.25,25.01,16333
2023-01-20,25.15,25.15,25.2688,25.1,28230
2023-01-23,25.16,25.3,25.35,25.15,31315
2023-01-24,25.3,25.31,25.397,25.28,42207
2023-01-25,25.22,25.34,25.35,25.2,32448
2023-01-26,25.41,25.41,25.41,25.25,19097
2023-01-27,25.35,25.26,25.4358,25.26,13496
2023-01-30,25.29,24.928437,25.37,25.2172,27736
2023-01-31,24.96,25.04,25.1633,24.93,44730
2023-02-01,25.0,25.0,25.13,24.9514,35722
2023-02-02,25.07,25.08,25.2076,25.0108,20991
2023-02-03,25.0,24.93,25.021,24.81,34344
2023-02-06,24.82,24.8,24.85,24.6501,33365
2023-02-07,24.81,24.86,24.884,24.7,43424
2023-02-08,24.7,24.9,24.9,24.7,19913
2023-02-09,24.96,24.845,25.02,24.75,15469
2023-02-10,24.779,24.79,24.8335,24.73,15938
2023-02-13,24.84,24.89,24.89,24.78,20638
2023-02-14,24.87,24.8,24.95,24.71,43595
2023-02-15,24.88,24.84,24.88,24.72,29648
2023-02-16,24.77,24.72,24.82,24.69,20507
2023-02-17,24.65,24.7,24.7007,24.47,39428
2023-02-21,24.57,24.4,24.57,24.31,61970
2023-02-22,24.36,24.6,24.69,24.35,21298
2023-02-23,24.57,24.79,24.89,24.55,22814
2023-02-24,24.61,24.66,24.73,24.56,22161
2023-02-27,24.765,24.87,24.89,24.76,19245
2023-02-28,24.87,24.95,25.0,24.7401,39570
2023-03-01,24.91,24.78,24.91,24.7501,17635
2023-03-02,24.69,24.67,24.75,24.55,23677
2023-03-03,24.67,24.79,24.89,24.6401,17705
2023-03-06,24.82,24.79,24.86,24.74,17249
2023-03-07,24.71,24.73,24.85,24.675,16002
2023-03-08,24.77,24.665,24.7899,24.63,18698
2023-03-09,24.71,24.42,24.78,24.41,33497
2023-03-10,24.34,24.15,24.5519,24.02,29590
2023-03-13,24.1,23.75,24.1,23.5301,43365
2023-03-14,24.0,24.18,24.625,24.0,29922
2023-03-15,23.98,23.86,24.2,23.65,36642
2023-03-16,23.85,24.65,24.82,23.77,45451
2023-03-17,24.56,24.1,24.6,23.96,46843
2023-03-20,24.04,23.73,24.325,23.63,48793
2023-03-21,23.77,23.9299,24.35,23.7401,39095
2023-03-22,23.83,23.96,24.11,23.83,50781
2023-03-23,23.96,23.95,24.28,23.9,16892
2023-03-24,23.95,24.16,24.295,23.7964,28794
2023-03-27,24.16,24.24,24.48,24.16,16072
2023-03-28,24.16,24.35,24.5,24.16,21472
2023-03-29,24.36,24.6,24.82,24.36,33142
2023-03-30,24.65,24.69,24.75,24.58,13112
2023-03-31,24.78,25.0,25.0,24.5801,76827
2023-04-03,24.91,24.97,25.0,24.76,19944
2023-04-04,24.88,24.97,24.99,24.85,18918
2023-04-05,24.92,24.93,24.95,24.8,33236
2023-04-06,24.85,24.94,24.9894,24.85,13742
2023-04-10,24.94,24.97,24.98,24.7869,23819
2023-04-11,24.92,25.04,25.15,24.9,37369
2023-04-12,25.15,25.035,25.19,25.02,34129
2023-04-13,25.07,25.16,25.21,25.04,23931
2023-04-14,25.18,25.21,25.21,25.0701,23287
2023-04-17,25.17,25.17,25.1999,25.09,20324
2023-04-18,25.2,25.1821,25.21,25.12,14261
2023-04-19,25.16,25.22,25.25,25.15,11381
2023-04-20,25.2,25.16,25.2396,25.12,11673
2023-04-21,25.15,25.25,25.25,25.12,19936
2023-04-24,25.19,25.1999,25.25,25.17,25318
2023-04-25,25.15,25.12,25.25,25.12,8727
2023-04-26,25.12,25.07,25.225,25.07,20545
2023-04-27,25.07,24.698337,25.1853,24.94,59036
2023-04-28,24.69,24.74,24.8705,24.6616,80737
2023-05-01,24.74,24.71,25.05,24.61,36464
2023-05-02,24.6,24.69,24.7584,24.45,17475
2023-05-03,24.7,24.22,24.81,24.22,15890
2023-05-04,24.395,24.05,24.47,23.91,48004
