2011-06-01,2.89,2.89,2.89,2.89,133
2011-06-02,2.89,2.75,2.89,2.75,1000
2011-06-10,3.0,2.8,3.0,2.8,1015
2011-06-13,3.75,3.75,3.75,3.75,1000
2011-06-15,3.75,3.75,3.75,3.75,1000
2011-06-16,3.75,3.75,3.75,3.75,1000
2011-06-24,3.3,3.0,3.3,3.0,7999
2011-06-27,3.0,3.0,3.0,3.0,500
2011-06-28,3.0,2.79,3.0,2.79,2969
2011-07-13,2.9,2.9,2.9,2.9,321
2011-07-15,3.01,3.01,3.01,3.01,1680
2011-07-18,3.0,3.0,3.0,3.0,1766
2011-07-19,3.0,2.9,3.0,2.9,4274
2011-07-29,2.9,2.9,2.9,2.9,2005
2011-08-04,2.9,2.9,2.9,2.9,234
2011-08-08,2.9,2.9,2.9,2.9,1200
2011-08-22,2.9,2.9,2.9,2.9,4032
2011-08-23,2.9,2.9,2.9,2.9,1400
2011-08-29,2.85,2.85,2.85,2.85,500
2011-09-06,2.85,2.8,2.85,2.8,1676
2011-09-08,2.8,2.8,2.8,2.8,500
2011-09-12,2.75,2.8,2.8,2.75,1000
2011-09-13,2.62,2.62,2.62,2.62,495
2011-09-14,2.62,2.6,2.62,2.6,1505
2011-09-15,2.55,2.55,2.55,2.55,500
2011-09-16,2.51,2.5,2.51,2.5,1988
2011-09-20,2.5,2.5,2.5,2.5,772
2011-09-22,2.6,2.56,2.6,2.56,200
2011-09-23,2.6,2.45,2.6,2.45,2720
2011-09-26,2.75,2.75,2.75,2.75,560
2011-09-28,2.6,2.6,2.6,2.6,380
2011-09-30,2.8,2.8,2.8,2.8,300
2011-10-03,3.0,3.0,3.0,3.0,500
2011-10-05,3.15,3.15,3.15,3.15,395
2011-10-07,3.3,3.3,3.3,3.3,1000
2011-10-11,3.0,2.85,3.0,2.85,924
2011-10-17,2.82,2.82,2.82,2.82,1437
2011-10-18,2.8,3.2,3.3,2.8,2700
2011-10-26,2.75,2.55,2.75,2.55,1969
2011-11-03,2.65,2.36,2.65,2.36,788
2011-11-04,2.36,2.36,2.36,2.36,275
2011-11-09,2.36,2.36,2.36,2.35,2676
2011-11-10,2.3,2.0,2.3,1.75,5302
2011-11-11,2.0,2.0,2.0,2.0,500
2011-11-14,1.9,2.0,2.0,1.8,4816
2011-11-15,2.15,2.15,2.15,2.15,1000
2011-11-17,1.8,1.75,1.85,1.75,12305
2011-11-28,1.8,1.8,1.8,1.8,3200
2011-11-29,1.8,1.8,1.8,1.8,1324
2011-11-30,1.85,1.9,1.9,1.85,1800
2011-12-01,1.8,1.8,1.8,1.8,6000
2011-12-06,1.8,1.75,1.8,1.75,713
2011-12-12,1.75,1.75,1.75,1.75,995
2011-12-14,1.8,1.75,1.8,1.75,775
2011-12-21,2.0,2.0,2.0,2.0,737
2011-12-23,1.75,1.75,1.75,1.75,2128
2011-12-27,1.75,1.75,1.75,1.75,501
2011-12-29,2.0,2.0,2.0,1.8,2590
2011-12-30,2.0,1.8,2.0,1.8,347
2012-01-03,1.8,1.85,1.85,1.75,4148
2012-01-05,1.75,1.75,1.75,1.75,372
2012-01-06,1.75,1.75,1.75,1.75,1130
2012-01-09,1.9,1.9,1.9,1.9,500
2012-01-10,1.75,1.75,2.35,1.75,1238
2012-01-12,2.0,2.0,2.0,2.0,518
2012-01-13,1.8,1.8,1.8,1.8,825
2012-01-17,1.75,1.75,1.75,1.75,494
2012-02-01,1.75,1.75,1.75,1.75,1500
2012-02-02,1.8,1.8,1.8,1.8,500
2012-02-21,1.8,2.0,2.0,1.8,1488
2012-02-22,1.8,1.8,1.8,1.8,925
2012-02-23,1.8,1.8,1.8,1.8,2988
2012-02-24,2.0,2.0,2.0,2.0,1000
2012-02-27,2.4,2.4,2.4,2.4,200
2012-02-28,1.8,1.8,1.8,1.8,1494
2012-03-02,2.25,2.25,2.25,2.25,1000
2012-03-08,2.4,2.0,2.4,2.0,3067
2012-03-16,2.45,2.45,2.45,2.45,100
2012-03-19,2.45,2.45,2.45,2.45,1250
2012-03-20,2.4,2.4,2.4,2.4,144
2012-04-10,2.16,2.16,2.16,2.16,518
2012-04-13,2.16,2.16,2.16,2.16,3456
2012-04-19,2.45,2.45,2.45,2.45,100
2012-04-20,3.25,3.25,3.34,3.25,1500
2012-04-27,2.5,2.17,2.5,2.17,2146
2012-05-01,2.75,2.17,2.75,2.17,7598
2012-05-04,2.25,2.25,2.25,2.25,500
2012-05-08,2.43,2.43,2.43,2.43,700
2012-05-09,2.4,2.19,2.4,2.19,6000
2012-05-16,2.3,2.4,2.4,2.3,1490
2012-05-23,2.5,2.5,2.5,2.5,500
2012-05-25,2.51,2.3,2.51,2.3,2600
2012-05-30,2.2,2.2,2.2,2.2,400
2012-06-01,2.25,2.25,2.25,2.25,500
2012-06-04,2.25,2.25,2.25,2.25,200
2012-06-07,2.3,2.3,2.3,2.3,1747
2012-06-11,1.85,1.85,1.85,1.85,372
2012-06-19,1.95,1.95,1.95,1.95,500
2012-06-20,2.0,2.0,2.0,2.0,200
2012-06-21,2.0,2.0,2.0,2.0,475
2012-06-22,2.0,1.95,2.0,1.95,547
2012-07-02,1.9,1.9,1.9,1.9,753
2012-07-06,1.9,1.9,1.9,1.9,900
2012-07-11,1.95,1.8,1.95,1.8,2373
2012-07-13,1.85,1.85,1.85,1.85,500
2012-07-18,1.8,1.85,1.85,1.8,8088
2012-07-31,1.8,1.8,1.8,1.8,1000
2012-08-09,1.95,2.25,2.25,1.95,4454
2012-08-14,2.25,2.25,2.25,2.25,2700
2012-08-16,2.0,2.25,2.25,2.0,1000
2012-08-20,1.76,1.76,1.76,1.76,1297
2012-08-21,1.78,1.8,1.8,1.78,8998
2012-08-22,2.15,2.15,2.15,2.15,500
2012-08-23,1.98,1.98,1.98,1.98,500
2012-08-28,1.81,1.81,1.81,1.81,1931
2012-08-29,1.81,1.81,1.81,1.81,720
2012-09-04,1.81,1.81,1.81,1.81,3798
2012-09-05,1.9,1.9,1.9,1.9,7000
2012-09-06,2.1,2.1,2.1,2.1,6300
2012-09-10,1.82,1.81,1.82,1.8,3456
2012-09-14,2.1,2.1,2.1,2.1,700
2012-09-19,2.1,2.1,2.1,2.1,2006
2012-09-25,2.1,2.1,2.1,2.1,500
2012-10-02,2.1,2.1,2.1,2.1,2504
2012-10-09,2.1,1.95,2.1,1.9,6976
2012-10-10,2.0,2.0,2.0,2.0,1848
2012-10-12,2.05,1.9,2.05,1.9,15326
2012-10-15,2.0,2.0,2.0,2.0,1489
2012-10-16,2.1,2.1,2.1,2.1,900
2012-10-17,2.1,2.1,2.1,2.1,1800
2012-10-22,2.0,2.0,2.0,2.0,1000
2012-10-25,2.0,2.0,2.0,2.0,450
2012-10-26,2.0,2.0,2.0,2.0,489
2012-10-31,2.0,2.0,2.0,2.0,250
2012-11-01,1.9,1.81,1.9,1.81,1927
2012-11-05,1.9,1.9,1.99,1.9,1603
2012-11-12,2.0,2.0,2.0,2.0,900
2012-11-15,1.94,1.94,1.94,1.94,100
2012-11-21,1.94,2.1,2.1,1.94,1979
2012-11-26,2.1,1.91,2.1,1.91,2900
2012-11-27,2.0,2.0,2.0,2.0,822
2012-11-28,2.1,2.25,2.25,2.1,250
2012-12-03,2.3,2.05,2.35,2.05,8500
2012-12-05,2.35,2.35,2.35,2.35,1000
2012-12-10,2.1,2.25,2.25,2.1,20206
2012-12-11,2.1,2.2,2.2,2.1,2468
2012-12-12,2.1,2.2,2.2,2.1,4554
2012-12-18,2.25,2.0,2.25,2.0,43567
2012-12-19,1.95,1.95,1.95,1.95,392
2012-12-21,2.0,2.0,2.0,2.0,59543
2012-12-24,2.2,2.2,2.2,2.2,25000
2012-12-26,2.0,1.99,2.2,1.86,43533
2012-12-31,1.99,2.0,2.0,1.99,3412
2013-01-02,2.15,2.3,2.3,2.15,6600
2013-01-14,2.31,2.31,2.31,2.31,10000
2013-01-22,2.35,2.35,2.35,2.35,1000
2013-01-29,2.45,2.45,2.45,2.45,300
2013-02-11,2.6,3.0,3.0,2.6,2912
2013-02-13,3.0,3.0,3.0,3.0,753
2013-02-15,2.7,2.7,2.7,2.7,172
2013-02-26,2.75,2.75,2.75,2.75,500
2013-02-27,2.5,2.5,2.5,2.5,200
2013-02-28,2.6,2.65,2.65,2.6,5000
2013-03-04,2.56,2.56,2.56,2.56,540
2013-03-08,2.75,2.8,2.84,2.75,3489
2013-03-11,2.8,2.8,2.8,2.8,3570
2013-03-12,2.63,2.63,2.63,2.63,451
2013-03-15,2.8,2.8,2.8,2.8,5100
2013-03-25,2.86,2.86,2.86,2.86,500
2013-03-26,2.86,2.86,2.86,2.86,100
2013-04-02,2.86,2.62,2.86,2.62,1030
2013-04-09,2.8,2.85,2.85,2.8,10700
2013-04-10,2.85,2.85,2.85,2.85,1000
2013-04-11,2.85,2.85,2.85,2.85,5871
2013-04-12,2.8,2.62,2.8,2.62,574
2013-04-15,2.92,2.92,2.92,2.92,400
2013-04-16,2.9,2.9,2.9,2.9,100
2013-04-22,2.64,2.55,2.64,2.4,1934
2013-04-24,2.75,2.8,2.8,2.75,300
2013-04-29,2.8,2.8,2.8,2.8,783
2013-05-03,2.95,2.95,2.95,2.95,677
2013-05-07,2.95,2.95,2.95,2.95,1323
2013-05-08,2.95,3.0,3.0,2.95,200
2013-05-10,3.02,3.02,3.02,3.02,2239
2013-05-13,3.02,3.0,3.02,3.0,2700
2013-05-17,3.1,3.1,3.1,3.1,120
2013-05-28,3.25,3.25,3.25,3.25,964
2013-05-31,3.1,3.05,3.1,3.0,2000
2013-06-25,3.1,3.1,3.1,3.1,100
2013-06-27,3.45,3.8,3.81,3.45,3542
2013-07-01,3.28,3.28,3.28,3.28,154
2013-07-09,3.35,3.35,3.35,3.35,2887
2013-07-12,3.5,3.36,3.87,3.35,2723
2013-07-25,3.7,3.7,3.7,3.7,100
2013-07-26,3.53,3.53,3.7,3.53,4771
2013-08-01,3.7,3.8,3.8,3.7,500
2013-08-02,3.8,3.8,3.8,3.8,200
2013-08-05,4.0,4.0,4.0,3.9,2110
2013-08-09,4.0,4.0,4.0,4.0,586
2013-08-13,3.81,3.81,3.81,3.81,1000
2013-08-15,4.55,4.49,4.55,4.1,5446
2013-08-20,4.3,4.3,4.3,4.3,200
2013-08-21,4.39,4.4,4.4,4.39,5692
2013-08-29,4.25,4.5,4.5,4.25,9635
2013-08-30,4.6,5.45,5.5,4.6,6227
2013-09-03,5.45,5.45,5.45,5.45,5200
2013-09-04,5.4,5.4,5.4,5.4,100
2013-09-05,5.25,4.6,5.25,4.6,303
2013-09-17,5.2,4.6,5.2,4.6,400
2013-09-18,4.6,4.6,4.6,4.6,500
2013-09-19,4.6,4.6,4.6,4.6,750
2013-09-20,4.5,4.5,4.6,4.5,1450
2013-09-23,4.5,4.5,4.5,4.5,100
2013-09-24,4.23,4.23,4.23,4.23,300
2013-09-27,4.1,4.1,4.1,4.1,1000
2013-10-03,4.25,4.25,4.25,4.25,282
2013-10-14,4.4,4.4,4.4,4.4,100
2013-10-24,4.49,4.49,4.49,4.49,418
2013-10-29,4.5,4.5,4.5,4.5,300
2013-11-05,4.3,4.4,4.4,4.3,200
2013-11-13,4.4,4.4,4.4,4.4,200
2013-11-15,4.4,4.3,4.9,4.29,8750
2013-11-20,4.1,4.3,4.3,4.1,7820
2013-11-21,4.3,4.3,4.3,4.3,920
2013-11-27,4.3,4.3,4.3,4.3,400
2013-12-04,4.3,4.3,4.3,4.3,500
2013-12-05,4.3,4.3,4.3,4.3,466
2013-12-06,4.3,4.3,4.3,4.3,616
2013-12-09,4.2,4.3,4.3,4.2,532
2013-12-10,4.2,4.2,4.2,4.2,500
2013-12-12,4.2,4.2,4.2,4.2,200
2013-12-13,4.12,4.3,4.3,4.12,3700
2013-12-16,4.12,4.12,4.12,4.12,5400
2013-12-18,4.19,4.19,4.19,4.19,268
2013-12-19,4.01,4.0,4.01,4.0,964
2013-12-20,4.0,4.0,4.0,4.0,400
2013-12-23,4.0,4.0,4.0,4.0,100
2013-12-31,4.0,4.0,4.0,4.0,100
2014-01-07,4.0,4.19,4.19,4.0,300
2014-01-08,4.19,4.05,4.19,4.05,2225
2014-01-09,4.1,4.1,4.1,4.1,400
2014-01-10,4.0,4.0,4.0,4.0,414
2014-01-21,3.91,3.91,3.91,3.91,1100
2014-01-22,3.91,3.9,3.91,3.9,8685
2014-01-27,3.86,3.86,3.86,3.86,2792
2014-01-28,3.86,3.86,3.86,3.86,845
2014-01-29,4.0,3.71,4.15,3.71,3636
2014-01-30,3.99,3.95,3.99,3.95,1700
2014-01-31,3.99,3.99,3.99,3.99,100
2014-02-03,4.15,4.25,4.25,4.15,2600
2014-02-04,4.28,4.3,4.3,4.28,634
2014-02-05,4.3,4.4,4.4,4.3,3500
2014-02-06,4.3,4.4,4.4,4.3,1205
2014-02-07,4.3,4.44,4.44,4.3,1300
2014-02-10,4.2,4.2,4.2,4.2,3069
2014-02-11,4.2,4.2,4.2,4.2,1877
2014-02-13,4.2,4.2,4.2,4.2,356
2014-02-14,4.2,4.01,4.2,4.01,1000
2014-02-18,4.12,4.35,4.35,4.12,2475
2014-02-24,4.4,4.49,4.49,4.4,2460
2014-02-25,4.49,4.49,4.49,4.49,900
2014-02-27,4.49,4.49,4.49,4.49,300
2014-02-28,4.49,4.49,4.49,4.49,250
2014-03-14,4.49,4.49,4.49,4.49,2000
2014-03-18,4.49,4.49,4.49,4.49,100
2014-03-27,4.1,4.1,4.49,4.1,3383
2014-04-01,4.0,4.0,4.0,4.0,100
2014-04-02,3.85,3.68,3.85,3.66,9367
2014-04-03,3.99,3.99,3.99,3.99,100
2014-04-07,3.81,3.81,3.81,3.81,3650
2014-04-08,3.81,3.7,3.81,3.66,6334
2014-04-09,3.8,3.8,3.8,3.8,1500
2014-04-10,3.72,3.72,3.72,3.72,259
2014-04-14,3.87,3.87,3.87,3.87,156
2014-04-28,3.76,4.0,4.0,3.76,1895
2014-04-30,3.76,3.76,3.76,3.76,1444
2014-05-02,3.72,3.72,3.72,3.72,781
2014-05-05,4.24,4.0,4.24,4.0,600
2014-05-06,3.85,3.85,3.85,3.85,200
2014-05-09,3.9,3.9,3.9,3.9,270
2014-05-14,3.9,3.99,3.99,3.9,3365
2014-05-15,4.0,4.0,4.0,4.0,1600
2014-05-16,4.0,4.0,4.0,4.0,300
2014-05-27,3.9,3.9,3.9,3.9,452
2014-05-28,3.85,3.85,3.85,3.85,634
2014-05-30,3.85,3.85,3.85,3.72,2176
2014-06-03,3.9,4.0,4.0,3.9,6718
2014-06-04,3.9,3.9,3.9,3.9,1500
2014-06-05,3.88,3.88,3.88,3.88,760
2014-06-09,3.91,3.91,3.91,3.91,0
2014-06-10,3.95,3.95,3.95,3.95,0
2014-06-11,3.91,3.91,3.91,3.91,2402
2014-06-13,4.09,3.97,4.09,3.97,4300
2014-06-18,3.95,4.0,4.0,3.95,1440
2014-06-19,4.05,4.0,4.05,4.0,2300
2014-06-20,4.06,4.2,4.2,3.97,2700
2014-06-23,4.04,4.04,4.04,4.04,2417
2014-06-27,3.98,4.1,4.1,3.98,6475
2014-07-07,4.15,4.2,4.2,4.1,1200
2014-07-08,4.12,4.12,4.12,4.12,1202
2014-07-09,4.14,4.14,4.14,4.14,465
2014-07-10,4.11,4.15,4.15,4.11,2154
2014-07-14,4.16,4.16,4.16,4.16,2082
2014-07-15,4.2,4.2,4.2,4.12,7042
2014-07-16,4.19,4.21,4.21,4.1,8351
2014-07-22,4.25,4.25,4.25,4.25,792
2014-07-25,4.48,4.48,4.48,4.48,215
2014-07-28,4.49,4.5,4.5,4.49,2150
2014-07-29,4.5,4.5,4.5,4.5,3685
2014-07-31,4.5,4.55,4.55,4.5,3331
2014-08-05,4.56,4.65,4.65,4.56,1539
2014-08-06,4.65,5.0,5.0,4.65,500
2014-08-07,5.0,5.25,5.25,5.0,301
2014-08-08,5.2,5.2,5.2,5.2,101
2014-08-11,4.81,5.2,5.2,4.8,1624
2014-08-15,5.2,5.2,5.2,5.2,1374
2014-08-18,5.2,5.2,5.2,5.2,526
2014-08-19,5.2,5.2,5.2,5.2,2000
2014-08-21,5.2,5.2,5.2,5.2,874
2014-08-27,5.2,5.2,5.2,5.2,807
2014-08-28,4.94,5.05,5.2,4.94,43752
2014-08-29,5.2,5.15,5.2,5.15,2972
2014-09-02,5.15,5.6,5.74,5.15,5956
2014-09-03,5.6,5.16,5.6,5.16,1100
2014-09-04,5.16,5.16,5.29,5.16,14652
2014-09-05,5.2,5.2,5.2,5.19,2000
2014-09-08,4.96,5.1,5.1,4.93,1618
2014-09-09,5.1,5.1,5.1,5.1,363
2014-09-15,5.53,5.53,5.53,5.53,100
2014-09-16,5.53,5.53,5.53,5.5,2000
2014-09-17,5.54,5.54,5.54,5.54,200
2014-09-19,5.4,5.1,5.4,4.93,14581
2014-09-22,5.15,5.0,5.15,5.0,2500
2014-09-23,5.0,5.0,5.0,5.0,1069
2014-09-25,4.8,4.99,4.99,4.79,300
2014-09-26,4.75,4.6,4.9,4.43,20096
2014-09-29,4.6,4.55,4.6,4.55,1384
2014-10-01,4.43,4.75,4.75,4.43,308
2014-10-03,4.35,4.05,4.35,3.67,36883
2014-10-06,4.04,4.04,4.04,4.04,300
2014-10-07,4.05,4.05,4.75,4.05,7600
2014-10-08,4.75,4.75,4.9,4.75,2237
2014-10-09,4.5,4.2,4.6,4.2,1578
2014-10-10,4.45,4.45,4.45,4.45,200
2014-10-15,4.06,4.06,4.45,4.06,1700
2014-10-16,4.05,3.96,4.05,3.81,11927
2014-10-23,4.1,4.5,4.5,4.1,1683
2014-10-24,4.11,4.45,4.45,4.11,742
2014-10-27,4.25,4.25,4.25,4.25,461
2014-10-29,4.0,4.0,4.0,4.0,2412
2014-10-30,4.0,4.2,4.2,3.9,14105
2014-10-31,4.0,4.25,4.25,4.0,1237
2014-11-03,3.91,4.25,4.25,3.91,446
2014-11-04,3.9,4.0,4.0,3.9,2518
2014-11-05,4.25,4.25,4.25,4.25,100
2014-11-06,4.25,4.25,4.25,4.25,325
2014-11-07,4.25,4.25,4.25,4.25,2192
2014-11-10,4.25,4.25,4.25,4.25,7808
2014-11-13,4.45,4.45,4.45,4.45,100
2014-11-18,4.15,4.24,4.24,4.15,200
2014-12-03,4.15,4.15,4.15,4.15,259
2014-12-08,4.23,4.0,5.01,4.0,41778
2014-12-10,4.25,4.25,4.25,4.25,500
2014-12-12,4.1,4.1,4.1,4.1,750
2014-12-15,4.01,4.1,4.1,4.01,1100
2014-12-16,4.02,4.02,4.02,4.02,1520
2014-12-17,4.2,4.05,4.2,4.02,4179
2014-12-18,4.1,4.05,4.1,4.05,7600
2014-12-19,4.1,4.1,4.1,4.1,630
2014-12-22,4.03,3.92,4.03,3.92,1346
2014-12-24,3.92,3.99,3.99,3.92,2126
2014-12-26,3.93,3.93,3.93,3.93,10
2014-12-29,3.94,3.99,3.99,3.94,5354
2014-12-31,3.98,4.0,4.0,3.98,4085
2015-01-05,3.98,3.93,3.98,3.93,4304
2015-01-06,3.93,3.95,3.95,3.93,1365
2015-01-07,4.25,4.25,4.25,4.25,100
2015-01-14,4.25,4.25,4.25,4.25,1000
2015-01-15,3.95,3.95,3.95,3.95,222
2015-01-16,4.2,3.9,4.2,3.9,2420
2015-01-21,3.96,3.96,3.96,3.96,2800
2015-01-26,3.93,3.93,3.93,3.93,960
2015-01-27,3.95,3.95,3.95,3.95,840
2015-01-28,3.97,4.0,4.0,3.97,6356
2015-02-04,4.0,4.0,4.0,4.0,4000
2015-02-06,4.0,4.0,4.0,4.0,24752
2015-02-11,4.0,4.0,4.0,4.0,414
2015-02-12,4.0,3.92,4.0,3.92,22498
2015-02-17,4.0,4.0,4.0,4.0,18600
2015-02-19,3.99,4.0,4.0,3.99,10222
2015-02-20,4.1,4.1,4.1,4.1,100
2015-02-23,4.06,4.06,4.06,4.06,500
2015-02-27,3.98,3.98,3.98,3.98,3213
2015-03-02,4.0,4.0,4.0,4.0,3200
2015-03-09,3.98,3.98,3.98,3.98,675
2015-03-10,NaN,3.98,NaN,NaN,0
2015-03-12,4.0,4.06,4.06,4.0,300
2015-03-13,NaN,4.06,NaN,NaN,0
2015-03-17,4.09,4.1,4.1,4.06,2300
2015-03-18,4.22,4.24,4.24,4.22,3008
2015-04-02,4.11,4.01,4.11,4.01,926
2015-04-08,4.1,4.1,4.1,4.1,509
2015-04-10,4.05,4.05,4.05,4.05,3552
2015-04-14,4.11,4.11,4.11,4.11,2212
2015-04-15,4.11,4.11,4.11,4.11,500
2015-04-17,4.2,4.25,4.25,4.2,600
2015-04-22,4.13,4.13,4.13,4.13,400
2015-04-23,4.13,4.14,4.14,4.13,4267
2015-04-29,4.218,4.22,4.22,4.218,1068
2015-04-30,4.25,4.25,4.25,4.25,600
2015-05-01,4.25,4.35,4.35,4.25,900
2015-05-05,4.45,4.5,4.5,4.45,1700
2015-05-06,4.45,4.5,4.5,4.45,1262
2015-05-07,4.55,4.55,4.55,4.55,100
2015-05-11,4.41,4.4,4.41,4.4,1000
2015-05-18,4.4,4.4,4.4,4.4,100
2015-05-19,4.4,4.3,4.4,4.3,500
2015-05-20,4.45,4.45,4.45,4.45,1000
2015-05-22,4.3,4.3,4.3,4.3,1275
2015-05-28,4.25,4.35,4.35,4.25,1200
2015-05-29,4.25,4.25,4.25,4.25,12571
2015-06-01,4.25,4.25,4.25,4.23,10237
2015-06-02,4.25,4.25,4.25,4.25,4465
2015-06-03,4.26,4.25,4.26,4.25,4571
2015-06-04,4.23,4.22,4.25,4.22,14563
2015-06-05,4.23,4.15,4.23,4.15,5147
2015-06-08,4.23,4.23,4.23,4.23,1500
2015-06-11,4.25,4.25,4.25,4.25,2500
2015-06-12,4.26,4.26,4.26,4.26,1500
2015-06-15,4.3,4.35,4.35,4.3,2200
2015-06-18,4.35,4.35,4.35,4.35,8152
2015-06-22,4.35,4.4,4.4,4.35,2142
2015-06-23,4.4,4.4,4.4,4.4,4600
2015-06-24,4.45,4.5,4.5,4.45,6000
2015-06-29,4.45,4.45,4.45,4.45,684
2015-06-30,4.45,4.45,4.45,4.45,2658
2015-07-01,4.45,4.4,4.45,4.4,6138
2015-07-07,4.41,4.41,4.41,4.41,1191
2015-07-08,4.5,4.5,4.5,4.5,10820
2015-07-09,4.6,4.6,4.6,4.6,100
2015-07-13,4.5,4.5,4.5,4.5,100
2015-07-14,4.45,4.45,4.45,4.45,480
2015-07-16,4.5,4.5,4.5,4.5,5000
2015-07-21,4.5,4.5,4.5,4.5,1989
2015-07-23,4.5,4.5,4.5,4.5,5428
2015-07-27,4.55,4.55,4.55,4.55,1000
2015-07-30,4.5,4.5,4.5,4.5,660
2015-07-31,4.51,4.6,4.6,4.51,12260
2015-08-03,4.56,4.65,4.65,4.56,3800
2015-08-05,4.65,4.7,5.0,4.65,879
2015-08-06,4.7,4.7,4.7,4.7,215
2015-08-07,4.7,4.7,4.7,4.7,685
2015-08-12,4.7,4.7,4.7,4.7,200
2015-08-14,4.7,4.7,4.7,4.7,11768
2015-08-24,4.7,4.62,4.7,4.57,3411
2015-08-25,4.63,4.63,4.63,4.63,280
2015-08-27,4.7,4.75,4.75,4.7,1696
2015-08-28,4.81,4.81,4.83,4.77,9849
2015-09-01,4.81,4.75,4.81,4.75,35248
2015-09-09,4.75,5.0,5.0,4.75,4000
2015-09-11,4.85,4.82,4.85,4.7,20000
2015-09-14,4.82,4.82,4.82,4.82,1000
2015-09-15,4.82,4.82,4.82,4.82,5959
2015-09-18,4.82,4.82,4.82,4.82,385
2015-09-21,4.82,4.82,4.82,4.82,976
2015-10-01,4.95,5.17,5.17,4.95,1000
2015-10-02,4.85,4.85,4.85,4.85,3808
2015-10-07,4.89,4.85,4.89,4.85,2000
2015-10-08,5.0,5.0,5.0,5.0,100
2015-10-13,4.92,4.92,4.92,4.92,300
2015-10-20,5.0,5.0,5.0,5.0,100
2015-10-21,5.0,5.0,5.0,5.0,19900
2015-10-30,5.0,5.0,5.0,5.0,250
2015-11-02,5.06,5.17,5.17,5.06,900
2015-11-04,5.17,5.17,5.17,5.17,343
2015-11-05,5.17,5.17,5.17,5.17,2000
2015-11-06,5.3,5.4,5.4,5.3,442
2015-11-09,5.75,5.5,5.75,5.5,1200
2015-11-11,5.5,5.5,5.5,5.5,4600
2015-11-13,5.4,5.5,5.5,5.4,600
2015-11-17,5.5,5.5,5.5,5.5,994
2015-11-18,5.5,5.3,5.5,5.25,3349
2015-11-19,5.35,5.31,5.35,5.31,5318
2015-11-20,5.35,5.35,5.35,5.35,200
2015-11-23,5.31,5.31,5.31,5.31,200
2015-11-24,5.26,5.35,5.39,5.22,9300
2015-11-25,5.4,5.4,5.4,5.4,300
2015-11-30,5.4,5.4,5.4,5.4,1000
2015-12-01,5.45,5.4,5.45,5.4,841
2015-12-02,5.4,5.42,5.45,5.4,1490
2015-12-03,5.5,5.4,5.5,5.4,1100
2015-12-08,5.4,5.32,5.4,5.32,569
2015-12-15,5.35,5.35,5.44,5.35,9938
2015-12-16,5.42,5.42,5.42,5.42,1200
2015-12-17,5.42,5.42,5.42,5.42,1100
2015-12-18,5.42,5.42,5.42,5.42,818
2015-12-21,5.42,5.45,5.45,5.42,3071
2015-12-22,5.45,5.45,5.45,5.42,32158
2015-12-23,5.45,5.45,5.45,5.45,2830
2015-12-24,5.5,5.5,5.5,5.5,100
2015-12-28,5.5,5.5,5.5,5.5,1932
2015-12-29,5.6,5.6,5.6,5.6,625
2015-12-30,5.6,5.61,5.61,5.6,2745
2015-12-31,5.61,5.61,5.61,5.61,600
2016-01-06,5.61,5.61,5.61,5.61,2316
2016-01-07,5.61,5.61,5.61,5.61,7940
2016-01-15,5.67,5.67,5.67,5.67,150
2016-01-20,5.67,5.67,5.67,5.67,100
2016-01-22,5.65,5.5,5.65,5.2,900
2016-01-27,5.65,5.65,5.65,5.65,3936
2016-02-02,5.65,5.65,5.65,5.65,100
2016-02-03,5.65,5.65,5.65,5.65,1728
2016-02-04,5.75,5.75,5.75,5.75,100
2016-02-09,5.75,5.75,5.75,5.75,796
2016-02-10,5.9425,5.9425,5.9425,5.9425,200
2016-02-11,6.0,5.8,6.0,5.8,2469
2016-02-18,5.8,5.8,5.8,5.6,28768
2016-02-19,5.8,5.8,5.8,5.8,928
2016-02-22,5.8,5.9155,5.9155,5.8,480
2016-02-23,5.8,5.8,5.8,5.5,21015
2016-02-26,5.8,6.0,6.0,5.5,3460
2016-03-03,5.95,5.95,5.95,5.95,165
2016-03-04,5.98,5.98,5.98,5.98,269
2016-03-07,5.95,5.95,5.95,5.95,3800
2016-03-10,5.99,6.0,6.0,5.99,4400
2016-03-18,6.0,6.0,6.0,6.0,4339
2016-03-21,6.0,6.3,6.3,6.0,5510
2016-03-28,6.3,6.3,6.3,6.3,120
2016-03-30,NaN,6.3,NaN,NaN,0
2016-03-31,6.3,6.3,6.3,6.3,145
2016-04-01,6.02,6.2,6.2,6.0,8378
2016-04-04,NaN,6.2,NaN,NaN,0
2016-04-06,NaN,6.2,NaN,NaN,0
2016-04-07,6.4,6.4,6.4,6.4,139
2016-04-08,NaN,6.4,NaN,NaN,0
2016-04-11,6.75,6.75,6.75,6.75,100
2016-04-12,7.0,7.0,7.0,7.0,339
2016-04-14,6.5,6.5,6.5,6.5,400
2016-04-19,7.0,7.0,7.0,7.0,239
2016-04-20,7.0,7.0,7.0,7.0,0
2016-04-21,7.0,7.0,7.0,7.0,0
2016-04-22,7.0,7.0,7.0,7.0,0
2016-04-25,6.99,6.99,6.99,6.99,100
2016-04-26,6.99,6.99,6.99,6.99,0
2016-04-27,6.99,6.99,6.99,6.99,0
2016-04-28,6.99,6.99,6.99,6.99,100
2016-04-29,6.99,6.99,6.99,6.99,0
2016-05-02,7.25,7.15,7.75,7.15,2250
2016-05-03,7.25,7.25,7.25,7.25,200
2016-05-04,7.25,7.25,7.25,7.25,0
2016-05-05,7.5,7.5,7.5,7.5,600
2016-05-06,7.5,7.79,7.79,7.5,589
2016-05-09,7.79,7.79,7.79,7.79,100
2016-05-10,7.79,7.79,7.79,7.79,4929
2016-05-11,7.79,7.79,7.79,7.79,0
2016-05-12,7.79,7.79,7.79,7.79,3500
2016-05-13,7.79,7.79,7.79,7.79,200
2016-05-16,7.4,7.79,7.79,7.4,1146
2016-05-17,7.79,7.79,7.79,7.79,888
2016-05-18,7.79,7.79,7.79,7.79,0
2016-05-19,7.79,7.79,7.79,7.79,0
2016-05-20,7.79,7.79,7.79,7.79,0
2016-05-23,7.25,7.0,7.25,6.75,6550
2016-05-24,7.0,7.0,7.0,7.0,0
2016-05-25,7.0,7.0,7.0,7.0,0
2016-05-26,6.75,6.75,6.75,6.75,100
2016-05-27,6.75,6.75,6.75,6.75,0
2016-05-31,6.7,6.66,6.7,6.66,626
2016-06-01,6.66,6.66,6.66,6.66,0
2016-06-02,6.66,6.66,6.66,6.66,0
2016-06-03,6.66,6.66,6.66,6.66,0
2016-06-06,6.66,6.66,6.66,6.66,100
2016-06-08,6.6,6.6,6.6,6.6,400
2016-06-09,6.6,6.6,6.6,6.6,0
2016-06-10,6.6,6.6,6.6,6.6,0
2016-06-15,6.51,6.5,6.51,6.5,300
2016-06-16,6.5,6.5,6.5,6.5,0
2016-06-21,6.3,6.16,6.3,6.05,600
2016-06-22,6.16,6.16,6.16,6.16,0
2016-06-23,6.3,6.3,6.3,6.3,2000
2016-06-24,6.3,6.3,6.3,6.3,0
2016-06-27,6.15,6.15,6.15,6.15,200
2016-06-28,6.2,6.25,6.25,6.05,1400
2016-06-29,6.45,6.45,6.45,6.45,112
2016-06-30,6.05,6.25,6.25,6.05,4629
2016-07-01,6.25,6.25,6.25,6.25,1000
2016-07-05,6.25,6.25,6.25,6.25,0
2016-07-06,6.25,6.25,6.25,6.25,0
2016-07-07,6.25,6.25,6.25,6.25,0
2016-07-08,6.45,6.45,6.45,6.45,100
2016-07-11,6.15,6.15,6.15,6.15,399
2016-07-12,6.15,6.15,6.15,6.15,0
2016-07-13,6.15,6.15,6.15,6.15,0
2016-07-14,6.44,6.44,6.44,6.44,3000
2016-07-15,6.15,6.07,6.15,5.91,3377
2016-07-18,6.07,6.07,6.07,6.07,0
2016-07-19,6.07,6.07,6.07,6.07,0
2016-07-20,6.15,6.15,6.15,6.15,224
2016-07-21,6.15,6.15,6.15,6.15,0
2016-07-22,6.15,6.15,6.15,6.15,0
2016-07-25,6.15,6.15,6.15,6.15,0
2016-07-26,6.14,5.97,6.15,5.71,8428
2016-07-27,5.97,5.97,5.97,5.97,0
2016-07-28,6.05,6.05,6.05,6.05,100
2016-07-29,6.12,6.12,6.12,6.12,300
2016-08-01,6.0,6.0,6.0,6.0,100
2016-08-02,6.0,6.0,6.0,6.0,0
2016-08-03,6.0,6.0,6.0,6.0,0
2016-08-04,6.0,5.75,6.0,5.75,411
2016-08-05,6.0,6.0,6.0,6.0,6300
2016-08-22,6.0,6.0,6.0,6.0,288
2016-08-23,6.0,6.0,6.0,6.0,626
2016-08-25,6.0,5.75,6.0,5.75,4392
2016-08-26,5.71,6.1,6.1,5.71,3000
2016-08-29,6.0,6.0,6.0,6.0,789
2016-08-30,6.0,5.9,6.0,5.9,2011
2016-09-01,6.19,6.2,6.2,6.19,300
2016-09-12,5.8,5.76,5.95,5.76,8764
2016-09-13,5.8,5.8,5.8,5.8,2298
2016-09-16,5.77,5.85,5.85,5.77,1503
2016-09-23,5.77,5.64,5.77,5.64,2369
2016-09-26,5.75,5.75,5.75,5.75,5000
2016-09-28,6.0,6.0,6.0,6.0,131
2016-09-30,5.8,5.8,5.8,5.8,6400
2016-10-03,5.6,5.75,5.75,5.35,1809
2016-10-04,5.75,5.75,5.75,5.75,200
2016-10-06,5.75,5.55,5.75,5.5,6002
2016-10-07,5.75,5.8,5.8,5.75,500
2016-10-10,5.8,5.8,5.8,5.8,419
2016-10-12,5.8,5.9,6.0,5.8,19835
2016-10-13,5.85,5.9,5.9,5.85,4000
2016-10-14,5.85,5.81,5.85,5.81,1600
2016-10-17,5.81,5.81,5.95,5.6,8800
2016-10-18,5.81,5.86,5.86,5.81,1350
2016-10-24,5.86,5.67,5.86,5.67,1350
2016-10-25,5.7,5.75,5.75,5.64,4000
2016-10-28,5.65,5.6,5.65,5.5,11682
2016-10-31,5.75,5.75,5.75,5.75,1200
2016-11-07,5.6,5.5,5.6,5.4,3400
2016-11-09,5.65,5.75,5.75,5.65,4453
2016-11-16,5.86,5.86,5.86,5.86,1100
2016-11-17,5.85,5.85,5.85,5.85,100
2016-11-23,5.6,5.708,5.708,5.25,1100
2016-11-25,5.6,5.8,5.8,5.6,1775
2016-11-29,5.9463,5.9463,5.9463,5.9463,110
2016-11-30,5.8,5.4,5.8,5.4,1000
2016-12-01,5.75,5.5,5.75,5.5,2000
2016-12-05,5.5,5.41,5.5,5.41,1068
2016-12-06,5.5,5.5,5.5,5.5,100
2016-12-07,5.55,5.41,5.55,5.41,2648
2016-12-08,5.75,5.75,5.75,5.7499,1100
2016-12-09,5.9,5.9,5.9,5.9,300
2016-12-12,6.0,5.55,6.0,5.42,9830
2016-12-13,5.9,5.9,5.9,5.9,2531
2016-12-15,5.9,5.9,5.9,5.9,400
2016-12-19,5.89,5.89,5.89,5.89,100
2016-12-20,5.89,5.89,5.89,5.89,500
2016-12-21,5.68,5.68,5.68,5.68,172
2016-12-23,6.0,6.0,6.0,6.0,150
2016-12-28,6.0,5.75,6.0,5.75,920
2016-12-29,6.0,5.75,6.0,5.71,2080
2017-01-03,5.99,5.99,5.99,5.99,328
2017-01-04,5.8052,5.75,5.8052,5.75,1046
2017-01-05,5.8,5.7,5.8,5.6,11100
2017-01-06,5.63,5.7,5.7,5.52,9888
2017-01-11,5.75,5.6,5.75,5.6,1101
2017-01-13,5.8,5.8,5.8,5.8,3300
2017-01-17,5.8,5.8,5.8,5.8,6887
2017-01-18,5.85,6.0,6.0,5.85,6100
2017-01-19,6.0,5.85,6.0,5.85,801
2017-01-23,5.86,6.0,6.0,5.86,1100
2017-01-25,6.0,5.86,6.0,5.86,3600
2017-01-26,5.9,6.0,6.0,5.9,6560
2017-01-30,6.0,5.88,6.0,5.88,2529
2017-01-31,6.0,6.0,6.0,6.0,270
2017-02-01,6.0,6.0,6.0,6.0,250
2017-02-02,6.0,6.0,6.0,6.0,834
2017-02-03,6.09,6.09,6.09,6.09,800
2017-02-06,6.09,6.09,6.09,6.09,400
2017-02-07,6.09,6.22,6.22,6.09,1700
2017-02-09,6.22,6.0,6.22,6.0,1005
2017-02-14,6.25,6.25,6.25,6.25,200
2017-02-17,6.1,6.25,6.25,6.1,2000
2017-02-21,6.15,6.05,6.15,6.05,300
2017-02-22,6.24,6.05,6.24,6.05,1500
2017-02-23,6.05,6.15,6.15,6.04,5400
2017-02-24,6.15,6.15,6.15,6.15,890
2017-02-27,6.15,6.02,6.2,6.0,24138
2017-03-01,6.03,6.03,6.03,6.03,163
2017-03-02,6.03,6.1,6.1,6.03,602
2017-03-07,6.05,6.05,6.05,6.0,27476
2017-03-10,6.0,6.02,6.02,6.0,14093
2017-03-14,6.0,6.0,6.0,6.0,1612
2017-03-15,6.1,6.1,6.1,6.1,382
2017-03-16,6.0,6.0,6.0,6.0,318
2017-03-17,6.05,6.05,6.05,6.05,303
2017-03-20,6.1,6.1,6.1,6.1,324
2017-03-21,6.05,6.05,6.05,6.05,502
2017-03-22,6.05,5.98,6.05,5.98,2400
2017-03-23,6.0,5.95,6.0,5.95,1211
2017-03-28,5.95,5.95,5.95,5.95,3012
2017-03-29,6.1,5.95,6.1,5.95,294
2017-03-30,5.9845,5.95,5.9845,5.95,1739
2017-04-03,6.0,6.0,6.0,6.0,506
2017-04-04,6.0,5.92,6.0,5.92,1653
2017-04-12,5.95,5.95,5.95,5.95,502
2017-04-18,6.0,6.0,6.0,6.0,544
2017-04-19,6.05,6.1,6.1,6.05,10947
2017-04-20,6.1,6.1,6.1,6.1,960
2017-04-21,6.05,6.05,6.05,6.05,400
2017-04-24,6.05,6.05,6.05,6.05,2445
2017-04-25,6.02,6.15,6.15,6.02,1000
2017-04-27,6.1,6.05,6.05,6.05,721
2017-04-28,6.02,6.03,6.05,6.02,3975
2017-05-02,6.05,6.18,6.18,6.05,4839
2017-05-03,6.1,6.1,6.1,6.1,6000
2017-05-04,6.17,6.5,6.5,6.1539,21000
2017-05-05,6.5,6.4425,6.5,6.25,1656
2017-05-08,6.5,6.5,6.5,6.5,100
2017-05-09,6.35,6.35,6.35,6.35,1000
2017-05-10,6.35,6.35,6.35,6.35,2000
2017-05-16,6.4,6.4,6.4,6.4,750
2017-05-18,6.3,6.3,6.3,6.3,1042
2017-05-19,6.35,6.4,6.4,6.35,4075
2017-05-22,6.46,6.4,6.46,6.4,1000
2017-05-23,6.62,6.42,6.45,6.4,18657
2017-05-24,6.4808,6.4808,6.4808,6.4808,100
2017-05-30,6.5,6.5,6.75,6.5,10948
2017-06-07,6.65,6.65,6.65,6.65,710
2017-06-08,6.55,6.7,6.7,6.55,244
2017-06-12,6.8,6.8,6.8,6.8,300
2017-06-13,6.7,6.7,6.7,6.7,300
2017-06-14,6.6,6.5,6.6,6.5,500
2017-06-16,6.6,6.7,6.7,6.6,302
2017-06-19,6.7,6.7,6.7,6.7,600
2017-06-20,6.66,6.66,6.66,6.66,155
2017-06-22,6.7,6.5,6.7,6.5,5000
2017-06-23,6.63,6.63,6.63,6.63,3604
2017-06-27,6.63,6.71,6.75,6.63,41603
2017-06-28,6.75,7.0,7.0,6.75,2980
2017-06-29,6.89,6.9,6.9,6.9,3080
2017-06-30,7.0,7.1,7.1,7.0,15700
2017-07-03,6.87,7.1,7.1,7.1,2005
2017-07-05,7.0,7.0,7.0,7.0,400
2017-07-06,6.86,7.0,7.0,6.86,3000
2017-07-07,7.0,7.0,7.0,7.0,200
2017-07-10,7.01,7.01,7.01,7.01,4000
2017-07-11,6.99,7.1,7.1,6.99,3100
2017-07-13,6.91,6.91,6.91,6.91,350
2017-07-14,6.91,6.91,6.91,6.91,2000
2017-07-17,7.05,7.05,7.05,7.05,450
2017-07-18,7.0,7.0,7.0,7.0,100
2017-07-21,7.34,7.34,7.34,7.33,787
2017-07-24,7.73,7.75,7.8,7.73,3952
2017-07-25,7.85,7.75,7.75,7.75,118
2017-07-26,7.76,7.9,8.0,7.76,1754
2017-07-27,7.76,7.05,7.76,7.05,66213
2017-07-28,7.02,7.25,7.25,7.02,3117
2017-08-02,7.25,7.2,7.25,7.2,5200
2017-08-03,7.15,7.25,7.25,7.0,42070
2017-08-09,7.1,7.1,7.1,7.1,500
2017-08-11,7.1,7.1,7.1,7.1,6792
2017-08-14,7.15,7.15,7.15,7.15,2807
2017-08-15,7.1,7.11,7.11,7.1,2300
2017-08-16,7.4,7.4,7.4,7.4,2200
2017-08-18,7.2,7.2,7.2,7.2,1387
2017-08-30,7.202,7.202,7.202,7.202,1000
2017-08-31,7.2,7.2,7.2,7.2,261
2017-09-05,7.15,7.15,7.15,7.15,740
2017-09-06,7.15,7.15,7.15,7.15,367
2017-09-08,7.15,7.15,7.15,7.14,1268
2017-09-11,7.2,7.15,7.2,7.15,919
2017-09-12,7.12,7.1269,7.1269,7.12,9553
2017-09-13,7.13,7.13,7.13,7.13,7000
2017-09-14,7.15,7.15,7.15,7.15,125
2017-09-19,7.14,7.15,7.19,7.14,1289
2017-09-20,7.15,7.19,7.19,7.15,3500
2017-09-22,7.2,7.2,7.2,7.2,100
2017-09-26,7.24,7.25,7.25,7.24,5500
2017-09-27,7.13,7.13,7.13,7.13,1000
2017-09-28,7.29,7.2,7.29,7.2,704
2017-10-03,7.2,7.2,7.2,7.15,3141
2017-10-05,7.2,7.2,7.2,7.2,2000
2017-10-06,7.25,7.3,7.3,7.25,1310
2017-10-10,7.21,7.29,7.3,7.21,2654
2017-10-11,7.25,7.225,7.25,7.225,42600
2017-10-13,7.2,7.2,7.202,7.2,6724
2017-10-16,7.2,7.21,7.21,7.2,3200
2017-10-17,7.21,7.17,7.21,7.15,12520
2017-10-18,7.152,7.15,7.17,7.15,12939
2017-10-19,7.13,7.12,7.13,7.12,4796
2017-10-20,7.11,7.11,7.11,7.11,100
2017-10-23,7.15,7.15,7.15,7.15,1500
2017-10-24,7.12,7.14,7.14,7.12,6158
2017-10-25,7.132,7.132,7.132,7.132,200
2017-10-26,7.13,7.13,7.13,7.13,100
2017-10-27,7.12,7.112,7.12,7.112,7000
2017-10-30,7.112,7.07,7.112,7.07,4094
2017-10-31,7.07,7.07,7.07,7.07,1160
2017-11-01,7.14,7.14,7.14,7.14,600
2017-11-03,7.072,7.072,7.072,7.072,495
2017-11-06,7.14,7.15,7.15,7.14,5000
2017-11-07,7.15,7.15,7.15,7.15,5000
2017-11-14,7.122,7.14,7.15,7.122,25252
2017-11-20,7.14,7.14,7.14,7.14,794
2017-11-28,7.11,7.2,7.2,7.11,14055
2017-11-30,7.24,7.24,7.24,7.24,300
2017-12-01,7.15,7.14,7.15,7.14,1400
2017-12-04,7.12,7.15,7.24,7.12,22483
2017-12-05,7.198,7.15,7.198,7.15,1500
2017-12-06,7.2,7.238,7.24,7.2,1250
2017-12-07,7.16,7.15,7.16,7.15,400
2017-12-12,7.15,7.195,7.195,7.15,31500
2017-12-18,7.25,7.25,7.25,7.16,4206
2017-12-21,7.17,7.17,7.17,7.17,3000
2017-12-26,7.2038,7.2038,7.2038,7.2038,250
2018-01-03,7.2,7.16,7.2,7.16,17145
2018-01-04,7.1922,7.1922,7.1922,7.1922,250
2018-01-09,7.2,7.2,7.2,7.2,120
2018-01-10,7.2,7.16,7.2,7.16,7486
2018-01-11,7.25,7.25,7.25,7.25,669
2018-01-12,7.2,7.25,7.25,7.2,650
2018-01-17,7.2385,7.25,7.25,7.2385,1000
2018-01-18,7.2,7.25,7.25,7.2,44088
2018-01-23,7.21,7.2,7.21,7.2,6000
2018-01-24,7.16,7.15,7.16,7.15,10715
2018-01-25,7.17,7.15,7.2,7.15,3000
2018-01-26,7.18,7.2,7.2,7.18,7000
2018-01-29,7.2,7.25,7.25,7.18,3054
2018-02-01,7.15,7.15,7.15,7.15,100
2018-02-02,7.15,7.15,7.15,7.15,1500
2018-02-05,7.15,7.15,7.15,7.15,713
2018-02-07,7.15,7.15,7.15,7.15,900
2018-02-09,7.15,7.12,7.15,7.12,21900
2018-02-12,7.12,7.12,7.12,7.12,250
2018-02-13,7.2,7.25,7.25,7.13,14517
2018-02-14,7.25,7.25,7.25,7.25,900
2018-02-16,7.25,7.25,7.2845,7.25,1840
2018-02-20,7.25,7.102,7.25,7.102,3000
2018-02-27,7.25,7.1,7.3,7.1,3064
2018-02-28,7.3,7.3,7.3,7.3,100
2018-03-02,7.1,7.1,7.2,7.1,4119
2018-03-05,7.08,7.29,7.29,7.08,4489
2018-03-07,7.08,7.25,7.25,7.08,1577
2018-03-09,7.2,7.2,7.2,7.2,200
2018-03-12,7.15,7.15,7.15,7.1,6729
2018-03-15,7.15,7.15,7.15,7.15,200
2018-03-19,7.1,7.1,7.1,7.1,5470
2018-03-20,7.13,7.1,7.19,7.1,10411
2018-03-21,7.15,7.15,7.15,7.15,500
2018-03-23,7.09,7.19,7.19,7.09,4289
2018-03-26,7.2,7.225,7.25,7.2,14403
2018-03-29,7.25,7.25,7.25,7.25,7500
2018-04-02,7.18,7.15,7.18,7.15,1833
2018-04-03,7.17,7.17,7.17,7.17,1500
2018-04-04,7.18,7.18,7.18,7.18,2500
2018-04-06,7.1,7.1,7.1,7.1,5900
2018-04-17,7.102,7.15,7.165,7.102,51722
2018-04-19,7.15,7.15,7.15,7.15,565
2018-04-20,7.2,7.2,7.2,7.2,100
2018-04-23,7.21,7.25,7.25,7.21,1100
2018-04-25,7.27,7.27,7.27,7.27,500
2018-04-30,7.254,7.254,7.254,7.254,150
2018-05-07,7.25,7.25,7.25,7.25,550
2018-05-11,7.25,7.25,7.25,7.25,9500
2018-05-14,7.25,7.25,7.25,7.25,1343
2018-05-15,7.22,7.28,7.29,7.22,7000
2018-05-17,7.28,7.28,7.28,7.28,1000
2018-05-22,7.22,7.22,7.22,7.22,2904
2018-05-23,7.25,7.22,7.25,7.22,3197
2018-05-24,7.22,7.25,7.25,7.22,5078
2018-05-25,7.22,7.25,7.25,7.22,9681
2018-05-29,7.27,7.27,7.27,7.27,100
2018-05-30,7.25,7.25,7.25,7.25,800
2018-06-01,7.24,7.27,7.27,7.22,2000
2018-06-04,7.22,7.27,7.27,7.22,7971
2018-06-05,7.232,7.25,7.25,7.23,1666
2018-06-06,7.25,7.25,7.25,7.25,300
2018-06-07,7.27,7.29,7.29,7.27,1147
2018-06-08,7.27,7.3,7.3,7.27,5994
2018-06-11,7.32,7.3,7.35,7.28,16250
2018-06-12,7.3,7.33,7.33,7.3,2600
2018-06-13,7.38,7.42,7.42,7.38,545
2018-06-14,7.42,7.5,7.5,7.42,2400
2018-06-15,7.5,7.55,7.55,7.5,1945
2018-06-18,7.482,7.66,7.66,7.482,597
2018-06-20,7.598,7.6,7.6,7.598,803
2018-06-28,7.6,7.6,7.6,7.6,111
2018-07-05,7.48,7.46,7.48,7.46,2611
2018-07-10,7.48,7.45,7.48,7.45,6198
2018-07-11,7.5,7.45,7.5,7.45,730
2018-07-12,7.45,7.45,7.45,7.45,550
2018-07-13,7.45,7.45,7.45,7.45,250
2018-07-16,7.45,7.45,7.45,7.45,250
2018-07-17,7.5,7.5,7.5,7.5,209
2018-07-18,7.5,7.5,7.5,7.5,5030
2018-07-19,7.5,7.5,7.5,7.5,182
2018-07-20,7.47,7.48,7.5,7.47,3937
2018-07-23,7.48,7.66,7.66,7.48,1558
2018-07-24,7.46,7.46,7.46,7.46,1600
2018-07-26,7.66,7.66,7.66,7.66,113
2018-07-30,7.55,7.55,7.55,7.55,4158
2018-08-03,7.55,7.55,7.55,7.55,1000
2018-08-06,7.55,7.55,7.55,7.55,1100
2018-08-08,7.53,7.53,7.53,7.53,601
2018-08-09,7.53,7.53,7.53,7.53,2501
2018-08-13,7.53,7.53,7.53,7.53,700
2018-08-14,7.53,7.55,7.55,7.53,400
2018-08-20,7.55,7.55,7.55,7.53,1961
2018-08-22,7.55,7.55,7.55,7.55,200
2018-08-23,7.55,7.55,7.55,7.55,1200
2018-08-24,7.55,7.55,7.55,7.55,5600
2018-08-27,7.55,7.55,7.55,7.55,300
2018-08-28,7.55,7.57,7.57,7.55,1597
2018-08-29,7.55,7.56,7.6,7.55,10950
2018-08-30,7.56,7.56,7.56,7.56,200
2018-08-31,7.7,7.6,7.7,7.6,5100
2018-09-04,7.61,7.61,7.61,7.61,200
2018-09-05,7.85,7.85,8.0,7.7,3450
2018-09-06,7.85,7.85,7.85,7.85,104
2018-09-07,7.85,7.85,7.85,7.85,2100
2018-09-10,7.85,7.85,7.85,7.85,451
2018-09-11,7.8,7.8,7.8,7.8,3100
2018-09-12,7.9,7.95,7.95,7.875,8992
2018-09-13,7.82,7.8,7.82,7.8,8442
2018-09-14,7.95,7.95,7.95,7.95,2000
2018-09-17,7.85,7.85,7.85,7.81,1000
2018-09-19,7.9,8.0,8.0,7.9,1208
2018-09-20,8.15,8.15,8.15,8.15,1500
2018-09-26,8.15,7.85,8.15,7.85,19078
2018-09-27,8.22,8.21,8.22,8.21,266
2018-10-02,8.14,8.14,8.14,8.14,1141
2018-10-03,8.14,8.12,8.14,8.12,737
2018-10-04,8.0,8.0,8.0,8.0,150
2018-10-05,8.0,7.99,8.0,7.99,4445
2018-10-10,8.02,8.02,8.02,8.02,226
2018-10-11,7.99,7.9,8.02,7.9,1455
2018-10-15,7.9,7.9,7.9,7.9,400
2018-10-17,7.8,7.85,7.85,7.8,1585
2018-10-18,8.05,8.05,8.05,8.05,100
2018-10-19,7.9,7.9,7.9,7.9,100
2018-10-23,7.9,7.9,7.9,7.9,5500
2018-10-24,7.88,7.88,7.9,7.88,9410
2018-10-25,7.75,7.75,7.75,7.75,100
2018-10-29,7.62,7.62,7.62,7.62,5380
2018-10-30,7.61,7.54,7.61,7.54,8056
2018-11-01,7.68,7.7,7.7,7.61,12182
2018-11-05,7.9,7.9,7.9,7.9,127
2018-11-06,7.825,7.94,7.94,7.75,3316
2018-11-07,7.87,7.85,7.87,7.85,1369
2018-11-13,7.87,7.87,7.87,7.87,1262
2018-11-14,7.9,7.9,7.9,7.9,3838
2018-11-15,7.9,7.9,7.9,7.9,6200
2018-11-28,7.9,7.86,7.9,7.86,3430
2018-11-29,7.82,7.82,7.82,7.82,206
2018-11-30,7.82,7.9,7.9,7.8,12655
2018-12-04,7.93,7.92,7.93,7.92,200
2018-12-06,7.92,7.8,7.92,7.8,24772
2018-12-07,7.8,7.8,7.8,7.8,566
2018-12-10,7.8,7.8,7.8,7.8,1000
2018-12-13,7.8,7.8,7.8,7.8,205
2018-12-14,7.91,7.8,7.91,7.8,21258
2018-12-17,7.85,7.85,7.9,7.85,10445
2018-12-19,7.75,7.75,7.75,7.75,125
2018-12-20,7.73,7.54,7.73,7.54,3068
2018-12-21,7.53,7.45,7.53,7.45,4450
2018-12-24,7.33,7.2,7.33,7.2,700
2018-12-26,7.2,7.2,7.2,7.0,1100
2018-12-27,7.01,7.2,7.2,7.01,495
2018-12-31,6.95,6.95,6.95,6.95,250
2019-01-08,7.05,7.05,7.05,7.05,300
2019-01-11,7.25,7.25,7.25,7.25,4558
2019-01-22,7.2,7.15,7.2,7.15,6633
2019-01-23,7.15,7.15,7.15,7.15,552
2019-01-24,7.14,7.14,7.14,7.14,1100
2019-01-25,7.14,7.15,7.15,7.14,2900
2019-01-28,7.2,7.23,7.23,7.2,1000
2019-01-29,7.23,7.15,7.23,7.15,1493
2019-01-31,7.2,7.12,7.2,7.12,4600
2019-02-04,7.2,7.2,7.2,7.15,14820
2019-02-08,7.16,7.16,7.16,7.15,430
2019-02-11,7.15,7.15,7.15,7.15,865
2019-02-12,7.2,7.15,7.2,7.15,4735
2019-02-13,7.12,7.1,7.12,7.1,52270
2019-02-14,7.1,7.1,7.1,7.1,1200
2019-02-15,7.2,7.25,7.25,7.2,3500
2019-02-19,7.25,7.25,7.25,7.25,4624
2019-02-21,7.23,7.2475,7.25,7.23,6000
2019-02-22,7.25,7.25,7.3,7.25,10367
2019-02-25,7.2,7.2,7.2,7.2,1100
2019-02-26,7.15,7.2,7.2,7.15,2210
2019-02-27,7.2,7.25,7.25,7.2,1559
2019-03-04,7.16,7.16,7.16,7.16,1483
2019-03-06,7.15,7.15,7.15,7.15,1583
2019-03-07,7.15,7.15,7.15,7.15,401
2019-03-08,7.15,7.15,7.15,7.15,2343
2019-03-11,7.25,7.0,7.25,7.0,15859
2019-03-12,7.24,7.18,7.25,7.18,15741
2019-03-15,7.39,7.4,7.4,7.39,3100
2019-03-18,7.25,7.25,7.25,7.25,1000
2019-03-19,7.15,7.2,7.2,7.15,1100
2019-03-20,7.2,7.4,7.4,7.2,1432
2019-03-21,7.4,7.2,7.4,7.2,351
2019-03-22,7.2,7.08,7.2,7.08,600
2019-03-25,7.16,7.1,7.165,7.1,4382
2019-03-26,7.1,7.1,7.1,7.1,500
2019-03-27,7.1,7.1,7.1,7.1,3637
2019-04-01,7.12,7.11,7.12,7.11,2541
2019-04-02,7.19,7.19,7.19,7.19,166
2019-04-03,7.19,7.12,7.2,7.12,400
2019-04-04,7.16,7.16,7.16,7.16,172
2019-04-05,7.13,7.12,7.13,7.12,6517
2019-04-08,7.13,7.13,7.13,7.13,2196
2019-04-11,7.15,7.15,7.15,7.15,300
2019-04-12,7.15,7.15,7.15,7.15,532
2019-04-15,7.15,7.15,7.15,7.15,400
2019-04-16,7.15,7.16,7.16,7.15,1847
2019-04-17,7.19,7.2,7.2,7.19,843
2019-04-22,7.29,7.21,7.29,7.21,2800
2019-04-23,7.2,7.45,7.45,7.2,415
2019-04-25,7.4,7.4,7.4,7.4,200
2019-04-29,7.4,7.4,7.4,7.4,130
2019-05-02,7.27,7.27,7.27,7.27,3300
2019-05-03,7.4,7.4,7.45,7.4,13580
2019-05-07,7.31,7.31,7.31,7.31,2621
2019-05-08,7.35,7.35,7.35,7.35,260
2019-05-09,7.31,7.31,7.31,7.31,865
2019-05-10,7.31,7.31,7.31,7.31,700
2019-05-13,7.5,7.5,7.5,7.5,185
2019-05-15,7.5,7.5,7.5,7.5,150
2019-05-17,7.36,7.36,7.36,7.36,1500
2019-05-21,7.5,7.36,7.5,7.36,663
2019-05-23,7.37,7.36,7.37,7.36,1912
2019-05-28,7.36,7.36,7.36,7.26,3879
2019-05-30,7.35,7.35,7.35,7.35,300
2019-06-03,NaN,7.35,NaN,NaN,25
2019-06-04,7.35,7.35,7.35,7.35,1000
2019-06-06,7.55,7.35,7.55,7.35,860
2019-06-07,7.65,7.65,7.65,7.65,700
2019-06-10,7.5,7.7,7.7,7.34,20120
2019-06-12,7.75,7.75,7.75,7.75,150
2019-06-13,7.41,7.41,7.41,7.41,1000
2019-06-14,7.7,7.7,7.7,7.7,200
2019-06-17,7.45,7.45,7.45,7.45,601
2019-06-18,7.6,7.42,7.6,7.42,13890
2019-06-20,7.42,7.5,7.5,7.35,8168
2019-06-24,NaN,7.5,NaN,NaN,35
2019-06-25,7.48,7.48,7.48,7.48,1686
2019-06-27,7.49,7.6,7.6,7.49,2236
2019-07-01,7.6,7.6,7.6,7.6,1100
2019-07-02,7.6,7.51,7.6,7.51,1894
2019-07-03,7.6,7.6,7.6,7.6,153
2019-07-08,7.52,7.52,7.52,7.52,9633
2019-07-09,7.55,7.55,7.55,7.55,500
2019-07-10,NaN,7.55,NaN,NaN,2
2019-07-11,7.53,7.5,7.53,7.5,1110
2019-07-12,7.55,7.55,7.55,7.55,500
2019-07-15,7.55,7.53,7.55,7.53,5682
2019-07-16,7.55,7.55,7.55,7.55,8000
2019-07-17,7.53,7.53,7.53,7.53,1000
2019-07-18,7.53,7.53,7.53,7.53,2537
2019-07-19,7.53,7.55,7.55,7.53,3973
2019-07-22,NaN,7.55,NaN,NaN,56
2019-07-23,7.55,7.53,7.55,7.53,511
2019-07-24,7.53,7.53,7.53,7.53,1600
2019-07-26,7.56,7.54,7.6,7.54,8000
2019-07-29,7.54,7.54,7.54,7.54,3887
2019-07-30,7.54,7.54,7.54,7.54,2600
2019-08-02,7.55,7.55,7.55,7.55,2000
2019-08-05,7.55,7.55,7.55,7.55,1392
2019-08-06,7.55,7.55,7.55,7.55,283
2019-08-07,7.53,7.53,7.53,7.53,1283
2019-08-12,7.53,7.52,7.53,7.52,1388
2019-08-13,7.5201,7.5201,7.5201,7.5201,240
2019-08-15,7.52,7.51,7.52,7.51,600
2019-08-16,7.51,7.5,7.51,7.5,500
2019-08-20,7.48,7.48,7.48,7.48,2400
2019-08-21,7.48,7.48,7.48,7.48,1000
2019-08-26,7.47,7.47,7.47,7.47,1000
2019-08-27,7.46,7.45,7.46,7.45,1198
2019-09-03,7.45,7.42,7.45,7.42,2300
2019-09-04,7.29,7.26,7.29,7.24,3737
2019-09-05,7.25,7.2,7.26,7.2,9275
2019-09-06,7.25,7.21,7.25,7.2,5071
2019-09-09,7.2,7.2,7.2,7.2,100
2019-09-10,7.2,7.2,7.2,7.2,2000
2019-09-11,7.17,7.18,7.18,7.16,2200
2019-09-12,7.18,7.17,7.18,7.17,2000
2019-09-13,7.17,7.17,7.17,7.17,2000
2019-09-16,7.17,7.17,7.17,7.17,4488
2019-09-17,7.17,7.17,7.17,7.17,2000
2019-09-18,7.17,7.14,7.17,7.14,3000
2019-09-19,7.15,7.15,7.16,7.15,6200
2019-09-20,7.16,7.3,7.3,7.16,700
2019-09-23,7.3,7.3,7.3,7.3,100
2019-09-25,7.292,7.3,7.3,7.292,2250
2019-09-30,NaN,7.3,NaN,NaN,89
2019-10-04,7.35,7.32,7.35,7.32,2367
2019-10-07,7.31,7.31,7.31,7.31,829
2019-10-08,NaN,7.31,NaN,NaN,2
2019-10-10,7.32,7.32,7.32,7.32,196
2019-10-14,NaN,7.32,NaN,NaN,55
2019-10-15,7.32,7.32,7.32,7.32,275
2019-10-16,7.35,7.35,7.35,7.35,750
2019-10-17,7.35,7.35,7.35,7.34,5255
2019-10-22,7.31,7.34,7.34,7.31,2894
2019-10-25,7.31,7.31,7.31,7.31,1194
2019-10-29,NaN,7.31,NaN,NaN,5
2019-10-30,7.35,7.35,7.35,7.35,200
2019-10-31,7.35,7.36,7.36,7.35,1740
2019-11-01,7.32,7.35,7.35,7.32,1231
2019-11-04,7.33,7.35,7.35,7.33,2185
2019-11-05,7.35,7.32,7.35,7.32,4683
2019-11-06,7.39,7.41,7.41,7.39,13300
2019-11-11,7.45,7.45,7.45,7.45,1000
2019-11-12,7.45,7.45,7.45,7.45,794
2019-11-13,7.45,7.45,7.45,7.45,1000
2019-11-15,7.45,7.45,7.45,7.45,2500
2019-11-18,7.5,7.59,7.59,7.5,3026
2019-11-19,7.59,7.5,7.59,7.5,2481
2019-11-20,7.55,7.51,7.55,7.5,34132
2019-11-21,7.51,7.55,7.55,7.51,1200
2019-11-22,7.65,7.65,7.65,7.65,578
2019-11-25,7.65,7.75,7.75,7.65,17449
2019-11-26,7.85,7.9,7.9,7.85,8477
2019-11-29,7.8,7.95,7.95,7.78,40410
2019-12-02,7.9,8.25,8.25,7.89,8849
2019-12-03,NaN,8.25,NaN,NaN,21
2019-12-04,8.2,8.0192,8.2,8.01,1128
2019-12-05,NaN,8.0192,NaN,NaN,10
2019-12-06,8.24,8.25,8.25,8.24,500
2019-12-09,7.75,8.1,8.1,7.75,14589
2019-12-10,8.03,8.03,8.03,8.03,665
2019-12-11,8.04,8.04,8.04,8.04,185
2019-12-12,8.0,8.0,8.15,8.0,9994
2019-12-13,8.14,8.0,8.14,8.0,1141
2019-12-16,8.05,8.15,8.15,8.05,18500
2019-12-17,8.01,8.01,8.01,8.01,1240
2019-12-18,8.15,8.15,8.15,8.15,8050
2019-12-19,8.15,8.1,8.15,8.0,11000
2019-12-20,8.0,8.05,8.075,8.0,10535
2019-12-23,8.01,8.01,8.01,8.01,101
2019-12-24,8.01,8.01,8.01,8.01,200
2019-12-26,8.1,8.01,8.1,8.01,603
2019-12-30,8.1,8.02,8.1,8.02,4878
2019-12-31,8.1,8.1,8.1,8.0874,9328
2020-01-03,8.05,8.05,8.05,8.05,907
2020-01-07,8.02,8.1,8.1,8.02,10871
2020-01-08,NaN,8.1,NaN,NaN,81
2020-01-10,NaN,8.1,NaN,NaN,1
2020-01-13,7.95,7.95,7.95,7.95,4089
2020-01-14,8.02,7.95,8.02,7.95,6183
2020-01-15,7.95,7.95,7.95,7.95,5019
2020-01-16,8.1,8.11,8.12,8.1,1750
2020-01-17,8.1,8.1,8.1,8.1,600
2020-01-21,8.1,8.1,8.1,8.1,100
2020-01-22,8.1,8.1,8.1,8.1,3000
2020-01-23,8.1,8.0,8.1,8.0,4741
2020-01-24,8.01,8.01,8.01,8.01,515
2020-01-27,8.0,7.9,8.0,7.9,7744
2020-01-28,8.0,7.95,8.0,7.95,4400
2020-01-29,7.95,7.95,7.95,7.95,100
2020-01-31,7.95,8.02,8.02,7.95,8294
2020-02-03,7.85,8.0,8.0,7.82,2583
2020-02-04,8.05,8.05,8.05,8.0,685
2020-02-05,8.05,8.1,8.1,8.05,2193
2020-02-06,8.11,8.11,8.12,8.09,24633
2020-02-07,8.11,8.1,8.11,8.0,12663
2020-02-10,8.1,8.1,8.1,8.1,1288
2020-02-11,8.15,8.15,8.15,8.15,125
2020-02-12,8.1,8.1,8.1,8.1,2621
2020-02-13,8.15,8.15,8.15,8.15,100
2020-02-14,8.17,8.09,8.17,8.01,5100
2020-02-18,8.09,8.1,8.1,8.09,1000
2020-02-19,8.1,8.1,8.1,8.1,4085
2020-02-20,8.0,8.0,8.0,8.0,20000
2020-02-21,8.1,8.1,8.1,8.1,544
2020-02-24,8.05,8.05,8.05,8.05,100
2020-02-27,7.97,8.0,8.0,7.82,1600
2020-02-28,7.82,7.85,7.95,7.5,15814
2020-03-02,7.85,7.85,7.85,7.85,3000
2020-03-03,7.76,7.85,7.85,7.76,2100
2020-03-04,7.62,7.74,7.74,7.62,45442
2020-03-06,7.7,7.7,7.7,7.7,10000
2020-03-09,7.5,7.25,7.5,7.0,7400
2020-03-10,7.0,7.2,7.4,7.0,81457
2020-03-11,7.15,7.07,7.15,7.07,4821
2020-03-12,6.95,6.95,6.95,6.95,171
2020-03-13,7.0,7.0,7.0,7.0,1400
2020-03-16,6.95,6.9,6.95,6.9,200
2020-03-17,6.4,6.9,6.9,6.0,3950
2020-03-18,6.25,6.0,6.25,5.0,3001
2020-03-19,5.0,5.82,5.82,5.0,6452
2020-03-20,5.5,5.5,5.5,5.5,2290
2020-03-23,5.45,5.45,5.535,5.26,1225
2020-03-24,5.45,5.7,5.7,5.45,1950
2020-03-25,5.6,5.56,5.6,5.56,1429
2020-03-26,5.7,5.8,5.81,5.7,7170
2020-03-30,5.8,5.8,5.8,5.8,3000
2020-03-31,5.79,5.79,5.79,5.4,3800
2020-04-01,5.55,5.55,5.55,5.55,610
2020-04-02,5.5,5.5,5.5,5.5,2490
2020-04-03,5.5,5.5,5.5,5.5,200
2020-04-06,5.45,5.5,5.5,5.41,960
2020-04-07,5.59,5.6,5.6,5.59,221
2020-04-08,5.69,5.5,5.69,5.5,2871
2020-04-09,5.67,5.67,5.67,5.67,100
2020-04-13,NaN,5.67,NaN,NaN,0
2020-04-14,5.685,5.72,5.75,5.685,500
2020-04-15,NaN,5.72,NaN,NaN,0
2020-04-16,5.62,5.69,5.69,5.2,15090
2020-04-17,5.5,5.65,5.65,5.5,9325
2020-04-20,5.84,5.5,5.84,5.5,1124
2020-04-21,5.5,5.5,5.5,5.5,715
2020-04-23,5.59,5.59,5.75,5.59,1847
2020-04-27,5.59,5.59,5.59,5.59,200
2020-04-29,5.75,5.84,5.84,5.75,30819
2020-04-30,5.55,5.55,5.55,5.55,12263
2020-05-01,5.75,5.75,5.75,5.75,1000
2020-05-05,5.745,6.34,6.34,5.745,283132
2020-05-06,6.4,6.55,6.85,6.4,73726
2020-05-07,6.675,6.55,6.85,6.52,18944
2020-05-08,6.7,6.77,6.83,6.68,4536
2020-05-11,6.85,6.8,7.05,6.56,104998
2020-05-12,6.83,6.74,6.83,6.6,6246
2020-05-13,6.81,6.6,6.81,6.48,33883
2020-05-14,6.6,6.56,6.6,6.455,30007
2020-05-15,6.59,6.42,6.59,6.41,16177
2020-05-18,6.55,6.52,6.6,6.4201,29658
2020-05-19,6.55,6.6,6.6,6.5,41056
2020-05-20,6.6,6.89,7.0,6.52,18966
2020-05-21,6.9,6.9,6.9,6.89,1805
2020-05-22,6.9,6.97,7.0,6.55,40168
2020-05-26,7.0,6.95,7.09,6.594,30337
2020-05-27,7.0,6.95,7.0225,6.8,12735
2020-05-28,6.94,6.93,6.95,6.93,2334
2020-05-29,6.925,7.0,7.0,6.66,43265
2020-06-01,6.9,7.0,7.1,6.9,18302
2020-06-02,7.015,7.2,7.2,7.015,31388
2020-06-03,7.25,7.25,7.25,6.89,16431
2020-06-04,7.18,7.2,7.25,7.17,28150
2020-06-05,7.08,7.2,7.2,7.02,33230
2020-06-08,7.2,7.23,7.49,7.145,71552
2020-06-09,7.48,7.46,7.5,7.18,21204
2020-06-10,7.5,7.39,7.5,7.35,40577
2020-06-11,7.3,6.96,7.3,6.96,17780
2020-06-12,7.18,7.23,7.3,7.105,58372
2020-06-15,7.13,7.23,7.48,7.06,118736
2020-06-16,7.39,7.38,7.39,7.0501,67043
2020-06-17,7.25,7.4,7.4,7.195,151052
2020-06-18,7.4,7.48,7.49,7.305,138336
2020-06-19,7.44,7.02,7.6,7.005,226928
2020-06-22,7.12,7.24,7.47,7.01,82673
2020-06-23,7.15,7.42,7.6,7.15,196326
2020-06-24,7.48,7.29,7.48,7.17,33432
2020-06-25,7.33,7.14,7.33,6.99,57165
2020-06-26,7.11,6.48,7.23,6.24,939061
2020-06-29,6.43,6.47,6.6,6.26,33995
2020-06-30,6.47,6.57,6.57,6.17,25986
2020-07-01,6.54,6.52,6.79,6.36,28353
2020-07-02,6.52,6.6,6.6,6.31,17562
2020-07-06,6.61,6.44,6.62,6.31,13881
2020-07-07,6.39,6.31,6.61,6.31,9092
2020-07-08,6.26,6.51,6.51,6.21,10224
2020-07-09,6.35,5.89,6.35,5.5,110320
2020-07-10,6.1,6.04,6.1,5.95,9911
2020-07-13,6.03,5.96,6.23,5.89,4518
2020-07-14,6.19,6.18,6.19,5.99,3249
2020-07-15,6.23,6.19,6.83,5.86,22708
2020-07-16,6.24,6.29,6.49,6.1,5465
2020-07-17,6.18,6.33,6.34,6.18,3954
2020-07-20,6.34,6.27,6.39,6.17,7158
2020-07-21,6.16,6.14,6.29,5.81,35585
2020-07-22,6.17,6.1,6.28,5.95,12167
2020-07-23,6.17,6.12,6.25,5.81,17246
2020-07-24,6.18,5.91,6.185,5.84,12535
2020-07-27,5.81,6.19,6.19,5.81,2027
2020-07-28,6.08,6.0,6.11,5.81,7516
2020-07-29,5.91,6.04,6.19,5.91,5906
2020-07-30,6.19,5.99,6.19,5.93,4772
2020-07-31,6.05,5.82,6.09,5.81,7300
2020-08-03,5.83,6.06,6.06,5.83,5225
2020-08-04,5.5935,6.07,6.08,5.5925,7584
2020-08-05,5.62,6.04,6.04,5.6,18199
2020-08-06,5.98,6.05,6.05,5.98,2077
2020-08-07,6.21,6.18,6.24,6.17,3746
2020-08-10,6.25,6.15,6.2799,6.06,4046
2020-08-11,6.165,6.27,6.28,6.15,9651
2020-08-12,6.31,6.04,6.31,5.78,12172
2020-08-13,6.29,6.14,6.29,5.84,6895
2020-08-14,6.22,6.66,6.85,6.22,10563
2020-08-17,6.42,6.42,6.42,6.42,1696
2020-08-18,6.64,6.39,6.64,6.03,1697
2020-08-19,6.64,6.64,6.64,6.55,6202
2020-08-20,6.39,6.29,6.39,6.11,4024
2020-08-21,6.1,6.5,6.95,6.1,34935
2020-08-24,6.4,6.1,6.4,6.1,3425
2020-08-25,6.23,6.0,6.23,6.0,8671
2020-08-26,5.96,6.09,6.09,5.95,8523
2020-08-27,6.0,5.65,6.0,5.65,8529
2020-08-28,5.67,5.75,5.88,5.66,5834
2020-08-31,5.56,5.48,5.7,5.48,14533
2020-09-01,5.56,5.75,5.75,5.56,6041
2020-09-02,5.69,5.7,5.7499,5.69,4259
2020-09-03,5.75,5.66,5.75,5.6,14507
2020-09-04,5.74,5.96,5.96,5.55,6920
2020-09-08,5.76,5.75,5.95,5.75,4635
2020-09-09,5.77,5.75,5.79,5.75,9970
2020-09-10,5.75,5.75,5.75,5.75,2563
2020-09-11,5.75,5.75,5.75,5.75,3518
2020-09-14,5.75,5.65,5.8,5.5,15855
2020-09-15,5.87,5.87,5.87,5.87,1320
2020-09-16,5.6,5.76,5.97,5.6,5741
2020-09-17,5.95,5.92,5.95,5.92,2044
2020-09-18,6.0,6.0,6.0,5.75,54864
2020-09-21,6.09,5.76,6.09,5.5601,10793
2020-09-22,5.68,5.99,5.99,5.565,6336
2020-09-23,5.79,5.79,5.79,5.505,10430
2020-09-24,5.62,5.53,5.89,5.53,3134
2020-09-25,5.48,5.25,5.73,5.25,15298
2020-09-28,5.48,5.77,5.9,5.25,6116
2020-09-29,5.54,5.6,5.6,5.51,2277
2020-09-30,5.5,5.63,5.63,5.5,5904
2020-10-01,5.7,5.28,5.7,5.1,31808
2020-10-02,5.7,5.3,5.7,5.28,9635
2020-10-05,5.37,5.06,5.84,5.05,18501
2020-10-06,5.33,5.11,5.5999,5.1,7814
2020-10-07,5.28,5.23,5.6,5.08,26500
2020-10-08,5.36,5.1,5.54,5.1,29075
2020-10-09,5.25,5.25,5.25,5.175,20312
2020-10-12,5.54,5.55,5.55,5.42,6510
2020-10-13,5.2482,5.41,5.41,5.2482,8396
2020-10-14,5.56,5.14,5.56,5.06,16180
2020-10-15,5.28,5.47,5.55,5.28,7589
2020-10-16,5.24,5.3,5.55,5.24,6550
2020-10-19,5.28,5.1,5.5,4.97,13110
2020-10-20,5.1335,5.25,5.25,5.01,12976
2020-10-21,5.39,5.4,5.4,5.39,3075
2020-10-22,5.49,5.41,5.49,5.41,6510
2020-10-23,5.11,5.3,5.49,5.11,5088
2020-10-26,5.255,5.35,5.46,5.13,3366
2020-10-27,5.35,5.13,5.35,5.13,2731
2020-10-28,5.345,5.18,5.345,5.11,6622
2020-10-29,5.25,5.12,5.25,5.12,5825
2020-10-30,5.15,5.02,5.29,5.01,7188
2020-11-02,5.04,5.14,5.34,5.04,12288
2020-11-03,5.31,5.11,5.35,5.11,15956
2020-11-04,5.02,5.3,5.345,5.02,3054
2020-11-05,5.1701,5.11,5.29,5.02,18585
2020-11-06,5.02,5.02,5.02,5.02,3661
2020-11-09,5.2,5.11,5.35,5.1,24802
2020-11-10,5.29,5.33,5.5,5.29,49779
2020-11-11,5.28,5.4,5.45,5.28,8471
2020-11-12,5.35,5.4,5.49,5.35,12949
2020-11-13,5.37,5.4,5.41,5.35,21985
2020-11-16,5.49,5.59,5.62,5.49,23297
2020-11-17,5.42,5.6,5.825,5.42,39215
2020-11-18,5.75,5.55,5.79,5.5,14983
2020-11-19,5.625,5.83,5.83,5.55,20900
2020-11-20,5.81,5.93,5.98,5.79,21473
2020-11-23,5.96,6.06,6.06,5.93,16003
2020-11-24,6.01,6.5,6.5,6.01,25340
2020-11-25,6.32,6.34,6.4,6.32,3536
2020-11-27,6.35,6.5,6.5,6.32,6115
2020-11-30,6.51,6.55,6.57,6.4,18351
2020-12-01,6.46,6.62,6.75,6.34,15230
2020-12-02,6.53,6.62,6.69,6.44,7348
2020-12-03,6.5099,6.16,6.65,6.15,25067
2020-12-04,6.25,6.43,6.45,6.1,28080
2020-12-07,6.36,6.5,6.65,6.29,26066
2020-12-08,6.525,6.5,6.525,6.35,17737
2020-12-09,6.55,6.5,6.58,6.405,31587
2020-12-10,6.57,6.58,6.58,6.49,14656
2020-12-11,6.5875,6.63,6.64,6.5875,4910
2020-12-14,6.6531,6.51,6.6531,6.51,19000
2020-12-15,6.55,6.5,6.73,6.46,22857
2020-12-16,6.6,6.61,6.69,6.55,15462
2020-12-17,6.51,6.68,6.68,6.5,13135
2020-12-18,6.68,6.91,7.24,6.53,116784
2020-12-21,6.9,6.8,6.9,6.65,9855
2020-12-22,6.8,6.79,6.8,6.65,6129
2020-12-23,6.61,6.6,6.79,6.52,18386
2020-12-24,6.5,6.55,6.59,6.5,2677
2020-12-28,6.55,6.5,6.6,6.46,10661
2020-12-29,6.63,6.52,6.63,6.33,21272
2020-12-30,6.44,6.5,6.51,6.41,10900
2020-12-31,6.49,6.5,6.54,6.47,17009
2021-01-04,6.45,6.48,6.53,6.43,13204
2021-01-05,6.5,6.56,6.58,6.46,10312
2021-01-06,6.55,6.57,7.1,6.46,74717
2021-01-07,6.6,6.47,6.68,6.47,11446
2021-01-08,6.48,6.52,6.54,6.46,33483
2021-01-11,6.62,6.45,6.62,6.42,13046
2021-01-12,6.43,6.52,6.58,6.43,5896
2021-01-13,6.56,6.52,6.59,6.44,17554
2021-01-14,6.49,6.45,6.49,6.43,9341
2021-01-15,6.43,6.45,6.5,6.43,8239
2021-01-19,6.44,6.5,6.53,6.44,23439
2021-01-20,6.43,6.51,6.56,6.43,22663
2021-01-21,6.5,6.5,6.55,6.5,17267
2021-01-22,6.53,6.55,6.55,6.51,14625
2021-01-25,6.51,6.44,6.55,6.4,16920
2021-01-26,6.53,6.45,6.53,6.35,38499
2021-01-27,6.41,6.34,6.53,6.28,33775
2021-01-28,6.44,6.36,6.44,6.25,33433
2021-01-29,6.33,6.76,6.83,6.32,47719
2021-02-01,6.7,6.5,6.7,6.5,9766
2021-02-02,6.5,6.65,6.73,6.5,41895
2021-02-03,6.59,6.6,6.68,6.55,57415
2021-02-04,6.6,6.67,6.67,6.58,4395
2021-02-05,6.7,6.85,6.85,6.7,39474
2021-02-08,6.6213,6.73,6.73,6.6213,7050
2021-02-09,6.645,6.7,6.7,6.59,14587
2021-02-10,6.6,6.74,6.75,6.6,10888
2021-02-11,6.79,6.94,7.15,6.77,115141
2021-02-12,6.75,6.84,6.84,6.75,8913
2021-02-16,6.84,6.9,6.99,6.84,19646
2021-02-17,6.88,7.0,7.0599,6.85,52739
2021-02-18,7.08,6.92,7.08,6.9,78957
2021-02-19,6.99,7.0,7.08,6.93,43335
2021-02-22,6.9626,7.02,7.03,6.9626,5464
2021-02-23,7.03,7.05,7.15,6.97,80503
2021-02-24,7.09,7.17,7.205,7.09,37503
2021-02-25,7.15,7.15,7.17,7.15,16206
2021-02-26,7.15,7.11,7.19,7.06,26819
2021-03-01,7.06,7.12,7.12,7.02,8610
2021-03-02,7.17,7.14,7.18,7.03,16142
2021-03-03,7.15,7.19,7.23,7.13,15727
2021-03-04,7.25,7.25,7.25,7.02,18493
2021-03-05,7.35,7.54,7.75,7.21,31951
2021-03-08,7.53,7.43,7.53,7.27,8449
2021-03-09,7.395,7.43,7.43,7.395,9096
2021-03-10,7.43,7.74,7.74,7.3,110391
2021-03-11,7.75,7.61,7.78,7.51,74306
2021-03-12,7.66,7.56,7.69,7.28,22701
2021-03-15,7.56,7.45,7.56,7.34,22596
2021-03-16,7.41,7.26,7.41,7.2,12436
2021-03-17,7.3785,7.27,7.3785,7.24,12099
2021-03-18,7.275,7.32,7.35,7.23,36102
2021-03-19,7.27,7.43,7.43,7.27,71927
2021-03-22,7.38,7.3,7.415,7.3,12662
2021-03-23,7.3,7.35,7.41,7.3,26071
2021-03-24,7.45,7.4,7.73,7.38,44493
2021-03-25,7.33,7.5,7.53,7.3201,7785
2021-03-26,7.47,7.52,7.53,7.3601,10034
2021-03-29,7.46,7.38,7.48,7.36,10196
2021-03-30,7.45,7.4,7.4869,7.38,10081
2021-03-31,7.44,7.31,7.44,7.31,19504
2021-04-01,7.4,7.59,7.62,7.4,16415
2021-04-05,7.52,7.52,7.6,7.45,63268
2021-04-06,7.56,7.58,7.59,7.5,8235
2021-04-07,7.85,7.53,7.8878,7.5,18947
2021-04-08,7.58,7.56,7.58,7.4946,34711
2021-04-09,7.6,7.52,7.64,7.52,27721
2021-04-12,7.62,7.53,7.62,7.51,26382
2021-04-13,7.51,7.56,7.56,7.51,2121
2021-04-14,7.585,7.61,7.64,7.585,32305
2021-04-15,7.64,7.64,7.8,7.59,119527
2021-04-16,7.69,7.75,7.85,7.62,54127
2021-04-19,7.71,7.65,7.71,7.63,21522
2021-04-20,7.65,7.64,7.67,7.62,30591
2021-04-21,7.64,7.65,7.6599,7.6,19634
2021-04-22,7.65,7.68,7.7,7.62,21126
2021-04-23,7.6999,7.66,7.74,7.66,19445
2021-04-26,7.73,7.64,7.73,7.6,23925
2021-04-27,7.67,7.68,7.74,7.62,13501
2021-04-28,7.64,7.65,7.67,7.64,18212
2021-04-29,7.81,7.62,7.9,7.6,16532
2021-04-30,7.63,7.6,7.7231,7.59,61500
2021-05-03,7.56,7.62,7.9,7.56,29664
2021-05-04,7.62,7.6,7.77,7.56,123606
2021-05-05,7.7633,7.59,7.7633,7.58,54326
2021-05-06,7.6,7.62,7.87,7.5801,12625
2021-05-07,7.6,7.6,7.87,7.59,34286
2021-05-10,7.7856,7.6,7.8,7.6,41122
2021-05-11,7.6,8.2,8.23,7.6,88461
2021-05-12,8.2,8.1,8.2456,8.0,20413
2021-05-13,8.0453,8.11,8.15,8.0,39883
2021-05-14,8.13,8.2,8.38,8.13,24825
2021-05-17,8.19,7.97,8.19,7.9,64537
2021-05-18,7.97,7.8,7.97,7.8,21395
2021-05-19,7.9399,7.85,7.94,7.81,16906
2021-05-20,7.81,7.74,7.912,7.64,28316
2021-05-21,7.82,7.68,7.82,7.62,10523
2021-05-24,7.65,7.65,7.81,7.6,28988
2021-05-25,7.61,7.62,7.74,7.61,18456
2021-05-26,7.6213,7.73,7.74,7.6,10377
2021-05-27,7.675,7.87,7.985,7.64,18736
2021-05-28,7.83,7.85,8.0,7.7,14900
2021-06-01,8.0,8.12,8.35,7.91,23739
2021-06-02,8.15,8.15,8.15,7.94,4878
2021-06-03,7.93,8.28,8.28,7.91,12621
2021-06-04,8.097,8.01,8.29,8.0,9933
2021-06-07,8.18,8.05,8.18,8.02,45932
2021-06-08,8.01,8.05,8.1,8.01,16015
2021-06-09,8.0201,8.07,8.13,8.01,35235
2021-06-10,8.155,7.95,8.27,7.73,26296
2021-06-11,8.0,8.02,8.09,7.76,14468
2021-06-14,8.075,7.85,8.075,7.82,24841
2021-06-15,7.8056,7.85,7.91,7.8056,28599
2021-06-16,7.84,7.91,7.97,7.81,39871
2021-06-17,8.175,7.67,8.175,7.63,35142
2021-06-18,7.6,7.77,7.86,7.6,54829
2021-06-21,7.92,7.63,7.95,7.6,52651
2021-06-22,7.6,7.68,7.7,7.6,49405
2021-06-23,7.72,7.88,7.93,7.69,50983
2021-06-24,7.82,8.24,8.25,7.75,71548
2021-06-25,8.15,8.05,8.33,7.8,1154887
2021-06-28,8.11,8.13,8.29,7.82,12199
2021-06-29,8.17,8.19,8.19,8.01,13784
2021-06-30,8.25,8.04,8.35,8.03,23666
2021-07-01,8.26,8.08,8.26,8.03,14088
2021-07-02,8.1598,8.25,8.35,8.1598,8374
2021-07-06,8.52,8.23,8.52,8.12,31807
2021-07-07,8.21,8.16,8.24,8.16,11314
2021-07-08,8.127,8.17,8.19,8.119,23030
2021-07-09,8.16,8.5,8.5262,8.1,64962
2021-07-12,8.5,8.49,8.651,8.4,19018
2021-07-13,8.51,8.44,8.51,8.44,13250
2021-07-14,8.53,8.44,8.68,8.4,20348
2021-07-15,8.42,8.43,8.54,8.4,5810
2021-07-16,8.4395,8.44,8.46,8.43,5769
2021-07-19,8.44,8.44,8.51,8.43,10299
2021-07-20,8.47,8.44,8.5,8.4,27863
2021-07-21,8.4372,8.43,8.4781,8.43,7446
2021-07-22,8.44,8.48,8.49,8.44,1570
2021-07-23,8.445,8.56,8.565,8.42,17909
2021-07-26,8.58,8.65,8.75,8.57,6230
2021-07-27,8.72,9.0,9.56,8.72,11842
2021-07-28,9.0,9.0,9.0,8.91,7409
2021-07-29,8.92,8.85,8.95,8.85,6472
2021-07-30,8.969,8.85,8.99,8.85,4560
2021-08-02,8.8001,8.83,8.85,8.62,14455
2021-08-03,8.8,8.8,8.8,8.772,4210
2021-08-04,8.8,8.69,8.8,8.56,1388
2021-08-05,8.6,8.73,8.73,8.56,18998
2021-08-06,8.6115,8.57,8.8,8.57,3301
2021-08-09,8.5872,8.6,8.7691,8.5722,1993
2021-08-10,8.7784,8.75,8.7784,8.55,2340
2021-08-11,9.0,8.95,9.0,8.8,11600
2021-08-12,8.63,8.73,8.73,8.63,1597
2021-08-13,8.7425,8.82,8.946,8.72,2239
2021-08-16,8.89,8.87,8.89,8.74,622
2021-08-17,8.76,8.76,8.8,8.7282,5137
2021-08-18,8.98,8.85,8.98,8.85,1265
2021-08-19,8.7525,8.9,8.91,8.7525,1359
2021-08-20,8.9,8.8338,8.9,8.7501,3154
2021-08-23,8.78,8.77,8.98,8.74,5408
2021-08-24,8.75,8.72,8.88,8.72,20738
2021-08-25,8.74,8.64,9.0,8.6201,2694
2021-08-26,8.8296,8.84,9.0,8.82,1759
2021-08-27,9.0,8.8,9.0,8.8,2442
2021-08-30,8.9,8.8,8.95,8.705,1435
2021-08-31,8.99,8.71,8.99,8.71,5879
2021-09-01,9.0,8.925,9.0,8.925,2833
2021-09-02,8.9999,9.0,9.0,8.82,3884
2021-09-03,8.95,8.67,8.9633,8.65,7106
2021-09-07,8.76,8.42,9.0,8.42,29347
2021-09-08,8.6,8.43,8.6,8.3,10488
2021-09-09,8.44,8.37,8.58,8.37,5021
2021-09-10,8.51,8.37,8.6,8.37,2118
2021-09-13,8.37,8.41,8.5899,8.37,3857
2021-09-14,8.53,8.4,8.57,8.4,3401
2021-09-15,8.52,8.41,8.55,8.4078,6068
2021-09-16,8.41,8.26,8.4651,8.26,10009
2021-09-17,8.25,8.41,8.44,8.03,47207
2021-09-20,8.2,8.38,8.4899,8.05,3957
2021-09-21,8.2999,8.12,8.31,8.0992,23124
2021-09-22,8.3,8.11,8.3,8.11,10673
2021-09-23,8.12,8.32,8.32,8.12,24664
2021-09-24,8.2832,8.14,8.3,8.14,1721
2021-09-27,8.3,8.16,8.3,8.16,9335
2021-09-28,8.3,8.26,8.3,8.201,1859
2021-09-29,8.29,8.26,8.3,8.26,5206
2021-09-30,8.28,8.27,8.31,8.25,20214
2021-10-01,8.3,8.25,8.31,8.25,83025
2021-10-04,8.3,8.29,8.35,8.14,120350
2021-10-05,8.33,8.3,8.33,8.28,20441
2021-10-06,8.25,8.49,8.49,8.25,9033
2021-10-07,8.5,8.77,8.8,8.5,2720
2021-10-08,8.77,8.8923,8.9,8.6101,11393
2021-10-11,8.96,8.97,9.0,8.7232,2700
2021-10-12,8.97,8.99,9.0,8.97,1120
2021-10-13,8.98,8.88,8.98,8.75,3033
2021-10-14,8.88,8.8,8.88,8.73,10841
2021-10-15,8.9,8.83,8.9,8.83,1998
2021-10-18,8.944,8.77,8.944,8.75,8058
2021-10-19,8.76,8.89,9.0,8.71,5423
2021-10-20,8.99,8.998,9.0,8.955,5765
2021-10-21,NaN,8.998,NaN,NaN,284
2021-10-22,NaN,8.998,NaN,NaN,442
2021-10-25,8.9,8.94,8.961,8.9,2549
2021-10-26,8.9884,8.98,8.9884,8.75,10558
2021-10-27,8.71,8.72,8.72,8.71,1153
2021-10-28,8.69,8.71,8.8158,8.69,3872
2021-10-29,8.717,8.64,9.1,8.64,15328
2021-11-01,8.81,8.83,8.93,8.7,6896
2021-11-02,8.6,8.74,8.75,8.6,2137
2021-11-03,8.7564,8.64,8.7564,8.6,5021
2021-11-04,9.49,9.72,9.76,9.49,852469
2021-11-05,9.73,9.83,9.88,9.73,417462
2021-11-08,9.85,9.82,9.88,9.8,54221
2021-11-09,9.79,9.81,9.84,9.73,44444
2021-11-10,9.81,9.81,9.85,9.79,60967
2021-11-11,9.83,9.86,9.95,9.83,92169
2021-11-12,9.85,9.79,9.88,9.79,26864
2021-11-15,9.82,9.8,9.83,9.79,23606
2021-11-16,9.76,9.85,9.86,9.7102,24109
2021-11-17,9.84,9.92,9.92,9.83,12434
2021-11-18,9.91,9.9,9.91,9.84,3019
2021-11-19,9.86,9.81,9.87,9.81,919
2021-11-22,9.74,9.78,9.913,9.74,6918
2021-11-23,9.8,9.78,9.83,9.78,12717
2021-11-24,9.79,9.8,9.81,9.79,22001
2021-11-26,9.65,9.685,9.685,9.54,6799
2021-11-29,9.55,9.62,9.69,9.55,4389
2021-11-30,9.6127,9.58,9.6127,9.54,6213
2021-12-01,9.62,9.53,9.75,9.53,9834
2021-12-02,9.68,9.72,9.75,9.68,5328
2021-12-03,9.73,9.68,9.75,9.44,6450
2021-12-06,9.625,9.71,9.77,9.625,6147
2021-12-07,9.6,9.57,9.65,9.57,6874
2021-12-08,9.55,9.55,9.55,9.55,589
2021-12-09,9.5,9.52,9.58,9.5,9455
2021-12-10,9.45,9.52,9.55,9.45,38560
2021-12-13,9.51,9.4,9.57,9.4,31669
2021-12-14,9.54,9.54,9.55,9.48,16950
2021-12-15,9.5,9.53,9.64,9.4992,32024
2021-12-16,9.59,9.59,9.7,9.57,31418
2021-12-17,9.46,9.7,9.7,9.45,56556
2021-12-20,9.75,9.58,9.75,9.5,7819
2021-12-21,9.58,9.73,9.73,9.58,4146
2021-12-22,9.67,9.68,9.75,9.65,18915
2021-12-23,9.72,9.74,9.78,9.72,59186
2021-12-27,9.74,9.76,9.81,9.74,10504
2021-12-28,9.84,9.79,9.85,9.77,8834
2021-12-29,9.85,9.8,9.87,9.7902,4832
2021-12-30,9.84,9.78,9.85,9.76,10363
2021-12-31,9.79,9.8,9.9,9.74,7594
2022-01-03,9.81,9.9,9.92,9.81,10000
2022-01-04,9.96,10.24,10.25,9.96,18759
2022-01-05,10.23,10.19,10.3281,10.1604,39285
2022-01-06,10.25,10.31,10.35,10.21,15096
2022-01-07,10.1942,10.38,10.41,10.1808,12860
2022-01-10,10.225,10.44,10.4978,10.225,4913
2022-01-11,10.45,10.32,10.46,10.15,9015
2022-01-12,10.415,10.38,10.45,10.37,3225
2022-01-13,10.49,10.44,10.51,10.4,36075
2022-01-14,10.479,10.53,10.58,10.4701,3428
2022-01-18,10.6,10.38,10.62,10.18,8956
2022-01-19,10.27,10.31,10.31,10.22,12102
2022-01-20,10.36,10.12,10.36,10.12,9128
2022-01-21,10.05,10.06,10.11,10.05,5048
2022-01-24,10.03,10.16,10.17,10.03,3909
2022-01-25,10.1283,10.31,10.31,10.07,6345
2022-01-26,10.22,10.24,10.24,10.06,117507
2022-01-27,10.1501,10.03,10.2,10.01,7830
2022-01-28,9.32,10.04,10.14,9.32,11652
2022-01-31,10.03,10.07,10.07,10.03,571
2022-02-01,10.09,10.12,10.13,10.08,13638
2022-02-02,10.01,10.09,10.09,10.0,5265
2022-02-03,10.09,10.05,10.09,10.02,10162
2022-02-04,10.06,10.045,10.07,9.97,67925
2022-02-07,10.0,10.01,10.05,9.97,9193
2022-02-08,9.96,10.06,10.1,9.96,67516
2022-02-09,10.05,10.01,10.107,9.98,25718
2022-02-10,10.03,9.96,10.03,9.92,7896
2022-02-11,10.06,10.02,10.09,9.97,3640
2022-02-14,9.99,10.0,10.0,9.9727,5227
2022-02-15,10.05,10.05,10.1,10.05,12548
2022-02-16,10.09,10.09,10.1273,10.0416,17358
2022-02-17,10.07,10.05,10.07,10.04,13165
2022-02-18,10.1,10.05,10.1,10.04,58668
2022-02-22,10.02,10.02,10.1,10.02,4385
2022-02-23,10.01,10.01,10.04,10.01,3145
2022-02-24,9.94,9.88,9.96,9.79,34729
2022-02-25,9.94,9.99,10.0,9.94,1436
2022-02-28,9.99,9.99,9.99,9.99,2129
2022-03-01,9.92,9.85,9.97,9.83,18960
2022-03-02,9.96,10.01,10.1,9.96,29867
2022-03-03,9.93,10.05,10.08,9.93,8209
2022-03-04,9.99,9.91,9.99,9.9,3353
2022-03-07,9.8,9.82,9.89,9.8,2686
2022-03-08,9.79,9.6985,9.87,9.58,25135
2022-03-09,9.76,9.61,9.76,9.61,23256
2022-03-10,9.52,9.61,9.63,9.52,9022
2022-03-11,9.61,9.7,9.7,9.61,12582
2022-03-14,9.8,9.74,9.83,9.74,4228
2022-03-15,9.74,9.69,9.76,9.69,19321
2022-03-16,9.74,9.74,9.82,9.69,8687
2022-03-17,9.7204,9.81,9.8351,9.7204,1394
2022-03-18,9.7,9.65,9.7,9.61,9144
2022-03-21,9.73,9.58,9.73,9.56,9544
2022-03-22,9.6591,9.63,9.6591,9.57,11164
2022-03-23,9.57,9.46,9.579,9.4,15917
2022-03-24,9.42,9.48,9.5,9.42,7955
2022-03-25,9.49,9.5,9.5,9.49,13666
2022-03-28,9.39,9.4,9.49,9.37,27049
2022-03-29,9.47,9.4,9.47,9.34,53538
2022-03-30,9.34,9.24,9.34,9.24,3896
2022-03-31,9.27,9.21,9.2881,9.21,2247
2022-04-01,9.26,9.14,9.325,9.14,3826
2022-04-04,9.11,9.07,9.197,9.0602,3272
2022-04-05,9.1777,9.09,9.1777,9.01,5484
2022-04-06,9.18,8.98,9.18,8.98,27443
2022-04-07,8.9445,8.9,8.9838,8.9,1607
2022-04-08,8.9,8.9,9.03,8.9,1755
2022-04-11,8.91,9.02,9.02,8.91,740
2022-04-12,9.0,8.985,9.0,8.985,1462
2022-04-13,8.9,9.05,9.05,8.9,7425
2022-04-14,9.0,8.89,9.0,8.89,9154
2022-04-18,8.95,8.9,8.95,8.9,1314
2022-04-19,9.01,9.05,9.09,9.0,9853
2022-04-20,9.06,9.2,9.22,9.06,15007
2022-04-21,9.37,9.15,9.37,9.15,2402
2022-04-22,9.39,8.95,9.39,8.95,6479
2022-04-25,8.85,9.0085,9.0085,8.84,5307
2022-04-26,9.0,8.89,9.03,8.88,13152
2022-04-27,8.88,8.88,8.88,8.87,1498
2022-04-28,8.88,8.89,8.89,8.865,1144
2022-04-29,8.89,8.94,9.0,8.89,5186
2022-05-02,9.02,9.05,9.08,9.02,491
2022-05-03,8.92,8.97,9.01,8.92,1403
2022-05-04,9.01,9.08,9.12,8.99,3181
2022-05-05,9.05,8.93,9.05,8.88,1494
2022-05-06,8.93,9.025,9.025,8.93,947
2022-05-09,8.93,9.02,9.05,8.93,6771
2022-05-10,8.92,9.0,9.0,8.89,681
2022-05-11,8.975,8.9,8.98,8.87,7505
2022-05-12,9.01,8.9,9.01,8.77,6681
2022-05-13,8.93,8.94,8.94,8.91,5428
2022-05-16,8.94,8.89,8.94,8.89,2033
2022-05-17,9.1437,9.06,9.1437,9.03,1863
2022-05-18,9.0,9.02,9.02,9.0,1228
2022-05-19,9.0,8.92,9.0,8.92,2232
2022-05-20,8.92,8.92,8.92,8.87,5528
2022-05-23,8.92,9.04,9.05,8.91,5814
2022-05-24,9.085,9.085,9.085,9.085,1105
2022-05-25,9.27,9.06,9.27,9.06,2122
2022-05-26,9.14,9.15,9.36,9.14,1209
2022-05-27,9.18,9.18,9.18,9.18,2234
2022-05-31,9.19,9.3,9.3,9.19,2149
2022-06-01,9.2001,9.28,9.28,9.19,2236
2022-06-02,9.27,9.28,9.28,9.27,2776
2022-06-03,9.27,9.25,9.53,9.2401,3457
2022-06-06,9.259,9.26,9.315,9.23,3077
2022-06-07,9.2501,9.25,9.3,9.25,2778
2022-06-08,9.22,9.26,9.26,9.19,3952
2022-06-09,9.2,9.17,9.2,9.17,3663
2022-06-10,9.0,9.0,9.03,8.99,3644
2022-06-13,8.97,8.91,8.97,8.91,2832
2022-06-14,8.93,8.9,9.025,8.88,2708
2022-06-15,8.96,8.88,9.01,8.88,3062
2022-06-16,8.87,8.96,8.98,8.87,4810
2022-06-17,8.99,8.78,8.99,8.78,9971
2022-06-21,8.94,9.07,9.07,8.89,8886
2022-06-22,9.007,9.07,9.07,8.98,1851
2022-06-23,8.89,8.89,8.9302,8.87,2435
2022-06-24,8.96,8.9,9.0,8.9,7100
2022-06-27,8.99,8.97,9.0,8.9,11749
2022-06-28,9.0,9.01,9.07,8.94,15478
2022-06-29,9.0,8.99,9.04,8.95,5366
2022-06-30,9.0,9.035,9.035,9.0,2412
2022-07-01,9.01,9.12,9.12,9.01,2033
2022-07-05,9.01,9.03,9.04,8.95,1984
2022-07-06,9.0,9.03,9.12,9.0,10824
2022-07-07,9.0,9.15,9.15,9.0,1844
2022-07-11,9.07,9.07,9.07,9.07,238
2022-07-15,9.03,9.03,9.03,9.03,3052
2022-07-18,8.46,9.03,9.06,8.46,12719
2022-07-19,9.06,9.06,9.24,9.05,19148
2022-07-20,9.12,9.17,9.2985,9.05,158016
2022-07-21,9.28,9.21,9.3,9.12,117052
2022-07-22,9.11,9.17,9.24,9.11,19479
2022-07-25,9.19,9.3,9.44,9.19,206423
2022-07-26,9.3,9.36,9.41,9.28,100479
2022-07-27,9.43,9.42,9.49,9.32,35645
2022-07-28,9.45,9.45,9.5,9.44,3346
2022-07-29,9.5,9.49,9.55,9.43,24033
2022-08-01,9.39,9.55,9.55,9.38,31906
2022-08-02,9.5,9.37,9.5,9.37,25827
2022-08-03,9.43,9.47,9.48,9.43,1714
2022-08-04,9.43,9.5,9.5,9.42,1746
2022-08-05,9.52,9.52,9.52,9.52,494
2022-08-08,9.59,9.54,9.59,9.49,86977
2022-08-09,9.49,9.44,9.49,9.42,7849
2022-08-10,9.57,9.49,9.59,9.49,8661
2022-08-11,9.42,9.56,9.6,9.42,5617
2022-08-12,9.62,9.69,9.69,9.56,15988
2022-08-15,9.63,9.69,9.69,9.6032,25141
2022-08-16,9.67,9.67,9.75,9.67,7312
2022-08-17,9.83,9.71,9.83,9.5901,17847
2022-08-18,9.68,9.68,9.7,9.68,2348
2022-08-19,9.78,9.58,9.78,9.55,11434
2022-08-22,9.48,9.48,9.5196,9.48,5006
2022-08-23,9.48,9.4,9.4888,9.4,1517
2022-08-24,9.36,9.3,9.36,9.3,2045
2022-08-25,9.3,9.33,9.38,9.29,4088
2022-08-26,9.25,9.28,9.28,9.25,560
2022-08-29,8.78,9.165,9.2111,8.78,25267
2022-08-30,9.15,9.14,9.15,9.13,3147
2022-08-31,9.18,9.06,9.18,9.06,6344
2022-09-01,9.09,9.06,9.09,9.03,1183
2022-09-02,9.11,9.04,9.12,9.02,2251
2022-09-06,9.02,9.09,9.09,8.91,18577
2022-09-07,9.0,9.05,9.05,9.0,5036
2022-09-08,8.98,9.14,9.16,8.98,7672
2022-09-09,9.16,9.18,9.22,9.16,2068
2022-09-12,9.26,9.27,9.27,9.18,22089
2022-09-13,9.26,9.1,9.26,9.1,6457
2022-09-14,9.14,9.15,9.21,9.14,8151
2022-09-15,9.25,9.35,9.48,9.24,17821
2022-09-16,9.25,9.46,9.56,9.225,70735
2022-09-19,9.46,9.49,9.49,9.21,15441
2022-09-20,9.46,9.38,9.46,9.35,4577
2022-09-21,9.36,9.345,9.43,9.33,9023
2022-09-22,9.24,9.22,9.26,9.21,1841
2022-09-23,9.15,9.18,9.18,9.13,792
2022-09-26,9.13,9.15,9.18,9.13,908
2022-09-27,9.09,9.01,9.1,9.01,7600
2022-09-28,9.2,9.03,9.2,9.03,1267
2022-09-29,9.0,8.94,9.0,8.94,6562
2022-09-30,8.89,8.89,9.01,8.89,8560
2022-10-03,8.93,8.97,9.0279,8.93,1898
2022-10-04,9.185,9.14,9.185,9.12,2526
2022-10-05,9.08,9.11,9.175,9.08,21121
2022-10-06,9.105,9.14,9.15,9.07,3562
2022-10-07,9.11,9.02,9.12,9.02,12829
2022-10-10,9.06,9.03,9.07,8.985,5870
2022-10-11,9.01,9.05,9.09,9.01,5029
2022-10-12,9.03,9.1,9.13,9.03,4267
2022-10-13,9.0758,9.32,9.33,9.07,18488
2022-10-14,9.41,9.31,9.41,9.31,925
2022-10-17,9.46,9.38,9.46,9.32,9479
2022-10-18,9.46,9.48,9.48,9.4,12715
2022-10-19,9.45,9.51,9.52,9.45,3242
2022-10-20,9.31,9.4,9.6,9.31,14565
2022-10-21,9.55,9.55,9.55,9.53,3560
2022-10-24,9.55,9.54,9.65,9.53,95452
2022-10-25,9.46,9.31,9.65,9.26,254306
2022-10-26,9.27,9.06,9.39,9.04,243609
2022-10-27,9.1,9.06,9.13,9.02,75137
2022-10-28,9.25,9.3,9.35,9.13,10871
2022-10-31,9.29,9.32,9.52,9.29,21014
2022-11-01,9.43,9.37,9.43,8.6121,6680
2022-11-02,9.37,9.34,9.45,9.34,96996
2022-11-03,9.26,9.4,9.4,9.21,6927
2022-11-04,9.23,9.1075,9.3,8.91,200982
2022-11-07,9.37,9.31,9.37,9.24,10098
2022-11-08,9.25,9.29,9.29,9.25,1578
2022-11-09,8.02,8.15,8.2181,8.0,606060
2022-11-10,8.43,8.34,8.43,8.23,70427
2022-11-11,8.41,8.36,8.43,8.28,60177
2022-11-14,8.32,8.18,8.33,8.12,47189
2022-11-15,8.23,8.3,8.31,8.22,32760
2022-11-16,8.3,8.23,8.3,8.16,29787
2022-11-17,8.16,8.2,8.3,8.12,17342
2022-11-18,8.37,8.32,8.37,8.23,39883
2022-11-21,8.42,8.31,8.44,8.29,17020
2022-11-22,8.34,8.37,8.47,8.29,36400
2022-11-23,8.425,8.36,8.46,8.32,23011
2022-11-25,8.33,8.34,8.4,8.31,14147
2022-11-28,8.48,8.44,8.54,8.285,34914
2022-11-29,8.4,8.4,8.4,8.4,218
2022-11-30,8.435,8.59,8.59,8.435,1563
2022-12-01,8.53,8.59,8.59,8.52,1951
2022-12-02,8.55,9.0,9.145,8.55,28733
2022-12-05,8.99,9.06,9.19,8.88,47944
2022-12-06,9.06,8.8396,9.1,8.83,2369
2022-12-07,8.78,8.7,8.78,8.66,9704
2022-12-08,8.66,8.75,8.85,8.66,3882
2022-12-09,8.77,8.94,8.94,8.75,4301
2022-12-12,8.95,8.81,8.95,8.7701,1321
2022-12-13,8.77,8.77,8.84,8.77,14612
2022-12-14,8.9173,8.79,8.92,8.78,2224
2022-12-15,8.77,8.75,8.81,8.42,11890
2022-12-16,8.6347,8.61,8.73,8.61,12178
2022-12-19,8.61,8.515,8.71,8.515,6891
2022-12-20,8.95,8.52,8.95,8.52,1991
2022-12-21,8.81,8.55,8.81,8.55,1684
2022-12-22,8.57,8.57,8.64,8.56,7416
2022-12-23,8.635,8.775,8.87,8.58,734
2022-12-27,8.705,8.72,8.73,8.7,1722
2022-12-28,8.72,8.79,8.93,8.72,4442
2022-12-29,8.96,8.8,8.98,8.77,2995
2022-12-30,9.02,8.86,9.03,8.86,1648
2023-01-03,9.19,8.86,9.19,8.86,2865
2023-01-04,8.8701,8.91,8.99,8.87,6732
2023-01-05,8.91,8.9,8.9101,8.9,8410
2023-01-06,8.81,8.81,8.81,8.81,1000
2023-01-09,8.83,8.895,8.95,8.83,701
2023-01-10,8.85,8.85,8.91,8.85,1052
2023-01-11,8.86,8.86,8.86,8.712,3257
2023-01-13,8.83,8.82,8.99,8.81,2540
2023-01-17,8.6315,9.0,9.0,8.6315,1787
2023-01-18,8.93,8.93,8.93,8.93,418
2023-01-19,8.8671,8.92,8.93,8.8671,2064
2023-01-20,9.0,9.0,9.0,9.0,362
2023-01-23,8.95,9.0,9.0,8.95,8919
2023-01-24,9.0,9.05,9.085,8.95,8693
2023-01-25,8.97,9.07,9.07,8.97,1054
2023-01-26,8.97,9.0,9.0,8.97,838
2023-01-27,9.03,9.0,9.03,9.0,1852
2023-01-30,9.01,8.82,9.04,8.81,13477
2023-01-31,8.92,9.03,9.03,8.92,5614
2023-02-01,9.05,9.01,9.11,9.01,7049
2023-02-02,9.05,9.15,9.15,9.01,1481
2023-02-03,9.06,9.02,9.06,9.01,12048
2023-02-06,9.21,9.18,9.21,9.18,1055
2023-02-07,9.07,9.0,9.085,9.0,15064
2023-02-08,9.01,9.0,9.01,8.95,10677
2023-02-10,9.0,8.96,9.01,8.96,15311
2023-02-13,8.98,8.95,8.98,8.95,1548
2023-02-14,8.9501,9.02,9.02,8.95,19094
2023-02-15,9.09,9.02,9.1,9.02,1321
2023-02-16,9.02,9.1,9.1,9.02,1100
2023-02-17,9.06,9.11,9.11,9.06,6160
2023-02-21,9.07,9.0,9.1,8.96,18904
2023-02-22,8.96,9.06,9.06,8.96,1510
2023-02-23,9.09,9.08,9.09,8.625,378790
2023-02-24,8.95,9.05,9.12,8.95,30035
2023-02-27,9.05,9.12,9.15,9.0,24785
2023-02-28,9.01,9.09,9.12,9.01,24375
2023-03-01,9.05,9.1,9.1,9.02,19016
2023-03-02,9.07,9.15,9.15,9.07,3786
2023-03-03,9.07,9.1,9.1846,8.92,22699
2023-03-06,9.1,9.08,9.15,9.0,6653
2023-03-07,9.0902,9.06,9.0915,8.97,15205
2023-03-08,9.07,9.0,9.08,8.98,16810
2023-03-09,8.99,8.94,9.01,8.9304,20043
2023-03-10,8.88,8.56,8.88,8.56,12635
2023-03-13,8.46,7.92,8.46,7.92,12397
2023-03-14,8.24,8.06,8.4,8.05,11230
2023-03-15,8.0728,7.6,8.0728,7.6,19416
2023-03-16,7.53,7.88,7.88,7.53,7932
2023-03-17,7.9,8.23,8.23,7.7,81487
2023-03-20,8.3,7.73,8.3,7.69,15645
2023-03-21,7.9,8.01,8.13,7.82,4981
2023-03-22,7.96,7.52,7.98,7.52,3811
2023-03-23,7.63,7.36,7.63,7.3201,5231
2023-03-24,7.61,7.61,7.61,7.61,850
2023-03-27,7.5501,7.51,7.63,7.51,4457
2023-03-28,7.57,7.5,7.67,7.42,3921
2023-03-29,7.47,7.47,7.47,7.47,1097
2023-03-30,7.4001,7.63,7.63,7.4001,1435
2023-03-31,7.71,7.83,7.92,7.65,7338
2023-04-03,7.64,7.7,7.7,7.6,2019
2023-04-04,7.73,7.76,8.25,7.52,14224
2023-04-05,7.76,8.0,8.21,7.6,22266
2023-04-06,7.86,8.06,8.06,7.86,656
2023-04-10,8.11,7.6,8.14,7.6,22064
2023-04-11,7.75,7.53,7.75,7.53,1363
2023-04-12,7.6956,7.87,7.87,7.6956,4795
2023-04-13,7.81,7.72,7.81,7.6551,1984
2023-04-14,7.69,7.5,7.69,7.5,1642
2023-04-17,7.457,7.43,7.52,7.43,5927
2023-04-18,7.59,7.49,7.6,7.45,2160
2023-04-19,7.43,7.52,7.52,7.43,598
2023-04-20,7.71,7.9,7.9,7.71,1900
2023-04-21,7.42,7.83,7.83,7.42,818
2023-04-25,7.69,7.53,7.69,7.45,1087
2023-04-26,7.68,7.36,7.68,7.36,6065
2023-04-27,7.41,7.33,7.41,7.33,3925
2023-04-28,7.51,7.4,7.51,7.4,1304
2023-05-01,7.66,7.66,7.66,7.66,829
2023-05-02,7.67,6.42,7.67,6.1101,3622
2023-05-03,6.5,6.33,6.76,6.05,31213
2023-05-04,6.1521,5.94,6.25,5.85,25738
2023-05-05,6.0,6.12,6.28,5.97,4270
2023-05-08,6.08,6.26,6.41,6.05,9180
2023-05-09,6.23,5.97,6.23,5.83,13803
2023-05-10,5.9475,5.93,5.95,5.91,3461
2023-05-11,6.025,5.8501,6.025,5.8501,744
2023-05-12,5.94,5.91,5.94,5.91,474
2023-05-15,5.92,5.8,6.07,5.8,5784
2023-05-16,5.87,5.85,5.88,5.81,16210
2023-05-17,5.985,5.71,5.985,5.68,5965
2023-05-18,5.73,5.67,5.88,5.67,4223
