2020-02-13,28.21,28.9,32.49,28.0,7317175
2020-02-14,29.35,28.31,29.65,27.5,1234248
2020-02-18,28.01,29.05,29.69,27.15,764900
2020-02-19,29.12,30.38,31.4037,29.1,917543
2020-02-20,30.34,31.0,33.3,29.0,1595805
2020-02-21,30.81,30.42,31.3206,29.82,302105
2020-02-24,28.63,30.7,30.95,28.05,548416
2020-02-25,30.44,32.07,32.49,29.91,676675
2020-02-26,32.16,33.17,33.98,30.75,525623
2020-02-27,32.9,32.16,33.76,31.1,341762
2020-02-28,31.64,31.27,32.5099,30.4569,399349
2020-03-02,31.39,32.84,32.91,31.05,490496
2020-03-03,32.78,33.13,33.4,32.3,315835
2020-03-04,33.46,34.08,37.08,33.1029,361518
2020-03-05,33.21,32.98,35.4,32.32,270947
2020-03-06,32.45,31.96,33.01,30.14,229330
2020-03-09,30.32,31.83,36.0,30.0,423919
2020-03-10,32.31,29.01,33.475,28.32,398303
2020-03-11,28.6,29.67,30.57,28.29,521135
2020-03-12,28.32,24.54,28.53,24.53,716034
2020-03-13,24.93,24.78,25.71,20.01,362227
2020-03-16,21.83,20.0,21.83,19.26,260932
2020-03-17,19.97,20.34,24.49,17.345,489384
2020-03-18,19.81,20.16,21.65,17.62,153093
2020-03-19,20.23,22.63,23.0,19.8363,119234
2020-03-20,23.48,23.24,26.29,22.29,2146107
2020-03-23,23.44,22.68,23.56,19.0,302444
2020-03-24,22.88,24.35,24.74,22.2,302641
2020-03-25,24.24,25.96,26.31,22.01,295060
2020-03-26,26.13,25.22,28.4798,22.5,458519
2020-03-27,24.0,22.48,25.29,22.4506,194918
2020-03-30,22.7,22.33,24.22,20.995,169779
2020-03-31,22.11,21.91,24.32,20.3,362028
2020-04-01,21.33,19.65,22.1098,18.22,335218
2020-04-02,19.68,22.22,22.31,19.0,341335
2020-04-03,22.3,23.43,24.22,22.3,372470
2020-04-06,24.06,23.69,26.47,21.55,170184
2020-04-07,23.94,23.75,24.73,22.4,236484
2020-04-08,23.93,23.36,24.33,22.74,262388
2020-04-09,23.36,23.65,24.25,23.13,138373
2020-04-13,23.47,23.73,24.0,23.32,212710
2020-04-14,23.95,23.74,24.8,22.9,212967
2020-04-15,23.07,20.85,23.55,20.53,202982
2020-04-16,21.0,22.23,23.18,20.77,172271
2020-04-17,22.93,23.0,23.4251,21.84,111305
2020-04-20,22.49,25.21,25.31,22.38,130221
2020-04-21,24.81,25.69,26.15,24.08,79597
2020-04-22,26.13,26.34,27.62,24.865,72327
2020-04-23,26.41,27.8,29.5,25.7511,129260
2020-04-24,27.87,26.71,28.4727,26.203,148712
2020-04-27,27.09,29.44,30.23,27.09,139575
2020-04-28,30.01,30.95,31.25,28.35,73928
2020-04-29,31.92,33.63,34.33,31.01,131672
2020-04-30,32.92,31.27,33.06,31.0,329294
2020-05-01,30.16,29.49,30.79,29.04,184281
2020-05-04,29.27,29.3,29.76,27.2,326778
2020-05-05,30.11,34.14,34.805,30.05,167876
2020-05-06,34.69,36.29,37.28,34.28,119789
2020-05-07,36.39,37.95,47.14,35.88,317287
2020-05-08,39.0,37.24,41.26,35.64,130139
2020-05-11,36.8,37.9,38.78,35.9631,79096
2020-05-12,38.39,36.13,39.9894,36.13,52308
2020-05-13,35.9,34.39,37.71,33.1,111235
2020-05-14,33.3,35.94,37.05,32.06,84782
2020-05-15,35.54,33.94,36.645,33.62,60566
2020-05-18,37.96,37.11,39.88,36.51,191459
2020-05-19,37.17,34.67,40.0,34.42,115159
2020-05-20,35.14,35.93,36.89,34.26,79550
2020-05-21,37.18,35.86,37.24,35.42,80736
2020-05-22,35.85,33.27,36.34,32.6,123631
2020-05-26,34.69,33.63,35.971,33.3,143728
2020-05-27,34.43,31.43,35.69,30.11,134278
2020-05-28,31.43,30.24,32.405,30.1,83331
2020-05-29,30.26,30.72,31.76,29.6251,237374
2020-06-01,31.1,33.58,34.84,30.95,125324
2020-06-02,33.8,33.77,34.39,32.075,76929
2020-06-03,34.22,33.6,35.49,33.6,418476
2020-06-04,33.01,33.03,33.81,32.33,81293
2020-06-05,33.79,32.85,34.835,31.855,181109
2020-06-08,33.71,35.5,35.8298,33.01,111344
2020-06-09,35.5,35.08,36.975,34.88,82688
2020-06-10,35.0,33.85,35.75,33.18,97076
2020-06-11,33.1,32.79,33.53,32.53,137775
2020-06-12,33.86,36.08,36.56,33.29,117254
2020-06-15,35.71,38.86,40.12,34.48,234751
2020-06-16,39.19,38.03,40.0,36.3701,139794
2020-06-17,38.07,36.57,39.175,36.21,92272
2020-06-18,36.32,38.0,38.42,36.23,125213
2020-06-19,38.4,37.65,40.0,37.51,951138
2020-06-22,37.45,39.34,39.36,36.69,159818
2020-06-23,37.89,35.04,39.57,34.78,192395
2020-06-24,35.06,33.56,35.67,32.83,134738
2020-06-25,33.71,34.09,34.63,32.0,214363
2020-06-26,33.74,31.44,33.74,30.11,543699
2020-06-29,31.85,30.55,32.25,29.5,88482
2020-06-30,30.99,31.57,31.97,30.0,78477
2020-07-01,32.01,32.55,33.785,31.58,72381
2020-07-02,33.03,31.01,33.03,30.82,59909
2020-07-06,31.65,29.46,31.65,28.765,133328
2020-07-07,27.54,26.08,28.99,25.51,358290
2020-07-08,26.3,27.0,28.19,25.51,398320
2020-07-09,27.02,27.66,30.41,25.1105,3655098
2020-07-10,27.77,30.49,31.07,27.0576,771919
2020-07-13,30.77,28.0,31.82,27.89,451801
2020-07-14,27.57,25.4,27.7,25.0,307338
2020-07-15,25.6,26.01,26.41,25.52,464778
2020-07-16,25.9,25.37,25.9,24.73,142850
2020-07-17,25.17,25.41,26.17,24.8843,179257
2020-07-20,25.65,24.6,25.7,24.15,94265
2020-07-21,24.92,24.41,24.92,24.15,320898
2020-07-22,24.7,25.21,26.81,24.505,219973
2020-07-23,25.31,26.0,26.2694,25.07,195707
2020-07-24,25.66,24.65,25.66,24.12,180178
2020-07-27,24.51,25.61,25.96,24.1,88158
2020-07-28,25.32,25.0,26.35,24.542,125517
2020-07-29,25.01,23.45,25.26,23.21,166409
2020-07-30,23.26,22.61,23.735,21.95,339591
2020-07-31,22.62,24.12,28.16,21.17,1632788
2020-08-03,25.03,24.29,25.59,22.65,530320
2020-08-04,24.81,23.52,24.8376,23.4,158618
2020-08-05,23.92,24.56,24.87,23.7,156786
2020-08-06,24.75,25.64,25.89,23.75,194544
2020-08-07,25.62,26.22,27.46,25.24,183812
2020-08-10,26.55,28.5,30.3,26.55,356068
2020-08-11,27.92,28.03,29.39,27.55,354930
2020-08-12,28.0,26.11,28.0,25.24,271119
2020-08-13,26.19,27.24,28.9,26.19,285032
2020-08-14,27.01,25.23,27.44,25.12,215519
2020-08-17,25.5,25.79,26.845,25.42,156282
2020-08-18,25.94,25.87,26.1982,24.95,138822
2020-08-19,25.75,26.28,26.72,25.5201,172957
2020-08-20,26.06,25.65,26.38,24.46,252175
2020-08-21,25.65,26.22,26.585,25.02,153508
2020-08-24,26.35,26.94,27.54,26.23,424606
2020-08-25,26.98,28.2,28.76,26.74,248403
2020-08-26,28.21,28.22,28.98,27.7,234093
2020-08-27,28.17,28.42,29.14,27.57,216354
2020-08-28,28.48,28.69,29.04,28.07,203503
2020-08-31,28.7,28.34,28.8,27.88,193138
2020-09-01,28.02,28.25,28.91,25.91,295216
2020-09-02,28.4,28.66,29.17,27.56,262617
2020-09-03,28.6,28.08,29.23,26.51,230225
2020-09-04,28.39,26.88,28.43,25.715,381317
2020-09-08,26.5,26.87,29.22,26.37,519271
2020-09-09,26.99,28.4,29.09,26.99,338798
2020-09-10,27.59,27.93,29.73,27.4,462494
2020-09-11,28.32,27.85,28.35,27.45,290000
2020-09-14,28.36,28.1,28.91,27.78,516655
2020-09-15,28.14,27.71,28.51,27.3,294360
2020-09-16,28.21,28.8,29.265,27.54,999569
2020-09-17,28.44,30.96,31.2,28.2815,877645
2020-09-18,31.05,30.94,32.63,30.09,4861348
2020-09-21,30.14,33.07,33.13,29.8112,898232
2020-09-22,32.5,33.23,33.47,31.3,776742
2020-09-23,33.22,31.99,34.09,30.17,666747
2020-09-24,31.95,31.41,32.62,30.87,262332
2020-09-25,31.27,32.87,33.25,30.95,409357
2020-09-28,34.2,33.87,34.4,33.32,352609
2020-09-29,33.98,33.97,34.66,33.3,388447
2020-09-30,33.91,34.8,34.815,33.6901,284041
2020-10-01,35.0,35.05,35.41,34.11,439245
2020-10-02,34.83,35.55,36.2999,34.5231,233858
2020-10-05,36.0,38.97,38.98,35.51,466819
2020-10-06,38.99,39.88,40.02,37.7,524459
2020-10-07,40.1,39.65,40.34,37.93,311245
2020-10-08,40.24,40.19,41.26,39.67,320397
2020-10-09,40.35,39.86,40.638,39.1,315969
2020-10-12,40.21,41.57,41.91,39.23,329402
2020-10-13,41.6,44.54,45.0,41.6,456003
2020-10-14,44.39,43.66,44.79,43.29,320162
2020-10-15,43.23,44.7,45.11,42.5,326405
2020-10-16,43.69,45.49,45.92,43.484,260904
2020-10-19,45.83,44.7,45.93,44.595,228068
2020-10-20,44.78,42.7,44.78,42.08,223311
2020-10-21,42.67,38.55,43.126,36.87,489466
2020-10-22,38.12,39.45,40.54,36.5101,381625
2020-10-23,39.72,40.37,40.61,37.91,275624
2020-10-26,34.5206,33.67,35.555,31.06,1514416
2020-10-27,33.8,32.92,34.35,30.89,591613
2020-10-28,32.61,31.68,32.835,31.29,228419
2020-10-29,31.58,31.53,32.505,30.37,332131
2020-10-30,31.29,30.19,32.11,29.65,208934
2020-11-02,30.39,30.78,30.86,29.1,349503
2020-11-03,31.15,31.2,31.73,30.03,238640
2020-11-04,31.39,31.93,33.43,31.315,536389
2020-11-05,32.23,33.59,33.97,31.1,575443
2020-11-06,33.69,33.51,33.94,32.24,228777
2020-11-09,33.78,34.48,35.13,32.86,374628
2020-11-10,34.57,35.04,35.4,33.51,306906
2020-11-11,35.36,35.76,36.84,34.61,263898
2020-11-12,34.87,38.04,39.57,34.485,413409
2020-11-13,38.62,39.94,40.99,38.11,347423
2020-11-16,40.51,40.0,42.225,39.45,437537
2020-11-17,39.23,39.59,39.89,36.3,630458
2020-11-18,39.5,37.87,40.075,37.49,259842
2020-11-19,37.57,38.49,39.99,37.12,437677
2020-11-20,37.86,39.56,39.7,37.5001,440299
2020-11-23,39.8,40.75,41.48,39.8,231687
2020-11-24,41.2,41.69,41.82,39.95,328329
2020-11-25,41.47,41.82,43.39,40.51,274688
2020-11-27,42.16,43.97,44.9994,42.0,191127
2020-11-30,44.0,43.63,44.094,40.7701,434726
2020-12-01,44.0,43.43,44.25,42.095,220198
2020-12-02,42.97,41.78,43.255,41.19,339106
2020-12-03,40.71,38.49,40.915,37.815,433087
2020-12-04,38.85,40.52,40.88,37.87,326448
2020-12-07,40.68,41.38,42.58,40.39,327806
2020-12-08,41.3,43.42,44.09,41.085,629391
2020-12-09,43.85,41.71,44.3841,41.52,558040
2020-12-10,41.58,42.17,43.1,41.035,297513
2020-12-11,41.97,41.98,42.84,41.41,732275
2020-12-14,42.67,43.35,44.67,41.9,462933
2020-12-15,43.98,45.44,46.98,41.3794,530875
2020-12-16,45.9,43.15,47.83,42.78,576690
2020-12-17,42.97,42.94,45.5001,41.89,526637
2020-12-18,43.21,40.68,45.38,39.76,2542132
2020-12-21,40.92,41.85,41.96,39.4,440920
2020-12-22,41.92,43.18,44.17,41.39,406753
2020-12-23,43.18,43.95,44.185,41.74,389948
2020-12-24,44.35,42.61,44.85,41.805,111800
2020-12-28,42.86,41.04,43.0211,40.75,209469
2020-12-29,41.17,40.4,41.88,39.7,225535
2020-12-30,40.74,40.91,41.55,40.16,343369
2020-12-31,40.87,39.59,40.87,37.66,550564
2021-01-04,40.43,37.93,40.43,37.06,360600
2021-01-05,37.57,38.63,39.2358,36.89,534957
2021-01-06,39.23,39.73,40.275,38.4,304939
2021-01-07,40.5,41.42,41.85,39.515,383833
2021-01-08,41.53,40.32,42.56,39.56,747942
2021-01-11,40.54,38.57,41.205,38.0,366879
2021-01-12,38.58,37.21,39.32,36.03,406890
2021-01-13,36.87,38.27,40.12,36.87,334890
2021-01-14,38.64,40.02,41.46,37.11,620378
2021-01-15,39.58,40.77,41.47,39.005,825228
2021-01-19,41.13,42.97,43.42,40.65,548622
2021-01-20,43.01,43.77,44.75,42.5,986128
2021-01-21,44.05,43.25,44.05,41.29,510279
2021-01-22,42.72,43.17,43.75,41.38,626374
2021-01-25,42.89,43.1,43.76,41.76,423936
2021-01-26,43.48,39.1,43.48,38.57,549393
2021-01-27,38.8,38.73,42.35,37.47,676016
2021-01-28,38.37,40.8,41.33,38.16,277564
2021-01-29,40.79,42.14,42.5947,39.535,353282
2021-02-01,42.14,44.8,44.91,40.87,433206
2021-02-02,43.65,46.13,47.18,42.5,572527
2021-02-03,46.42,46.71,48.2,45.24,329048
2021-02-04,48.88,49.23,52.4,48.27,4017863
2021-02-05,49.97,53.23,56.18,49.25,2615943
2021-02-08,53.58,54.43,56.01,51.69,564813
2021-02-09,54.9,54.29,55.68,52.66,361753
2021-02-10,54.39,52.58,54.96,51.01,457912
2021-02-11,52.58,50.21,52.59,48.82,417266
2021-02-12,50.97,49.78,50.97,48.94,341864
2021-02-16,50.35,47.79,50.35,47.02,373163
2021-02-17,47.34,46.91,48.46,45.65,459207
2021-02-18,46.5,44.54,47.145,44.32,364935
2021-02-19,44.78,44.74,45.84,44.5,476322
2021-02-22,44.32,44.4,45.07,43.4,571416
2021-02-23,43.52,44.2,44.96,41.46,521297
2021-02-24,44.16,47.38,47.55,43.56,626421
2021-02-25,46.01,45.17,47.17,42.77,591132
2021-02-26,45.69,45.68,46.78,43.7643,427010
2021-03-01,46.4,45.99,47.02,45.13,240776
2021-03-02,45.72,44.46,46.27,44.31,332582
2021-03-03,44.08,41.74,44.89,40.8,541893
2021-03-04,41.43,42.45,44.47,40.77,1122874
2021-03-05,43.49,45.5,45.58,40.29,606070
2021-03-08,45.81,43.56,46.76,43.335,652658
2021-03-09,44.58,46.14,47.35,44.58,589188
2021-03-10,46.25,46.95,47.65,44.76,474424
2021-03-11,47.38,47.19,47.65,46.53,514992
2021-03-12,46.82,47.57,48.24,45.51,698882
2021-03-15,47.68,47.64,48.245,45.87,260442
2021-03-16,47.94,47.3,48.97,46.09,333274
2021-03-17,47.14,49.54,49.65,46.23,331104
2021-03-18,48.7,46.47,49.17,46.27,360626
2021-03-19,46.43,48.38,49.22,46.43,1298379
2021-03-22,48.62,49.46,50.88,48.34,280215
2021-03-23,48.97,48.82,49.96,48.07,420580
2021-03-24,49.4,44.59,49.4,44.36,403683
2021-03-25,42.81,45.47,46.13,42.015,682581
2021-03-26,45.88,43.03,45.9,41.22,313293
2021-03-29,42.65,41.28,42.69,41.0,205750
2021-03-30,41.83,43.93,44.17,41.02,537698
2021-03-31,44.29,45.88,46.34,44.0369,417442
2021-04-01,46.23,46.84,47.415,45.26,340893
2021-04-05,47.81,47.02,47.81,45.75,235910
2021-04-06,47.21,47.44,48.81,46.26,420832
2021-04-07,47.11,45.29,47.11,45.01,330327
2021-04-08,45.63,45.02,45.63,44.14,465263
2021-04-09,45.26,42.67,45.635,42.52,645521
2021-04-12,42.31,39.25,42.88,38.72,969975
2021-04-13,39.27,37.59,39.96,35.825,787164
2021-04-14,37.52,39.79,40.22,37.41,656338
2021-04-15,39.94,39.09,40.635,38.52,319783
2021-04-16,40.0,40.32,40.855,39.27,317242
2021-04-19,39.93,39.35,40.71,38.2336,369432
2021-04-20,39.36,38.32,40.88,37.03,548742
2021-04-21,38.0,40.48,40.89,37.32,574879
2021-04-22,40.5,40.43,41.7337,38.91,411385
2021-04-23,40.68,41.2,41.29,39.47,351435
2021-04-26,41.93,42.89,43.03,40.81,340428
2021-04-27,43.45,42.69,43.49,41.89,272939
2021-04-28,42.5,33.8,42.53,33.7,4404241
2021-04-29,34.2,34.95,36.05,33.51,1424028
2021-04-30,34.49,33.19,34.57,32.32,1526954
2021-05-03,33.84,33.15,33.94,32.94,277814
2021-05-04,32.62,31.49,32.71,30.54,543662
2021-05-05,31.83,30.2,31.83,29.97,763709
2021-05-06,30.34,29.0,30.34,28.23,885970
2021-05-07,29.48,29.56,30.27,28.96,397878
2021-05-10,29.42,29.8,30.02,28.53,661560
2021-05-11,28.9,31.65,32.09,28.5,569833
2021-05-12,31.01,31.65,32.775,30.96,332578
2021-05-13,31.73,30.74,32.64,30.01,448341
2021-05-14,31.2,31.99,32.34,30.79,362228
2021-05-17,31.74,31.48,32.215,29.37,726575
2021-05-18,32.17,33.01,34.0,31.64,447290
2021-05-19,32.27,31.84,33.36,31.57,648171
2021-05-20,32.08,31.6,33.15,31.5,636922
2021-05-21,32.1,31.39,32.335,31.15,402460
2021-05-24,31.52,30.82,32.0,30.55,493504
2021-05-25,31.13,30.48,31.87,30.41,862102
2021-05-26,30.77,30.97,31.51,30.32,2310326
2021-05-27,31.4,30.17,31.45,29.69,959284
2021-05-28,29.87,29.91,31.1575,29.82,591923
2021-06-01,30.08,30.22,31.205,29.65,331452
2021-06-02,30.49,30.64,30.8,29.94,484150
2021-06-03,30.55,30.16,30.65,29.79,972548
2021-06-04,30.4,30.49,31.41,29.91,920567
2021-06-07,30.57,31.92,32.3078,30.57,859778
2021-06-08,31.89,32.29,33.0,31.3501,614238
2021-06-09,32.84,32.73,33.37,32.48,435899
2021-06-10,33.0,33.62,33.96,32.47,428143
2021-06-11,33.27,34.27,34.35,32.92,358402
2021-06-14,34.47,34.57,34.8,33.84,372151
2021-06-15,34.63,34.01,34.75,33.06,436969
2021-06-16,33.63,34.75,35.07,33.5,672703
2021-06-17,34.13,34.04,34.64,33.3,347614
2021-06-18,33.58,33.96,34.18,32.64,1438139
2021-06-21,33.9,34.58,34.85,33.05,598089
2021-06-22,34.58,32.93,34.66,32.37,758870
2021-06-23,32.83,32.85,33.5,32.21,962196
2021-06-24,33.04,32.7,33.785,32.46,727777
2021-06-25,33.0,33.34,33.94,32.28,4290393
2021-06-28,33.71,32.6,33.76,31.925,463252
2021-06-29,32.75,31.94,32.93,31.73,397052
2021-06-30,31.8,31.74,32.72,31.03,1151897
2021-07-01,32.495,33.41,33.68,31.65,469115
2021-07-02,33.28,32.73,33.28,32.01,330854
2021-07-06,32.59,31.44,32.72,31.37,304218
2021-07-07,31.46,31.0,31.99,30.25,385030
2021-07-08,30.5,31.74,31.91,30.3,253524
2021-07-09,31.79,32.77,32.81,31.06,175309
2021-07-12,32.88,32.38,33.2,32.0356,288637
2021-07-13,32.11,31.71,32.15,31.08,250971
2021-07-14,31.85,29.94,32.91,29.78,251372
2021-07-15,29.97,29.29,30.33,28.67,467623
2021-07-16,29.69,29.81,30.7,29.0,519846
2021-07-19,29.25,29.34,30.05,28.7,496599
2021-07-20,29.51,30.26,30.92,29.25,453287
2021-07-21,30.26,30.23,31.21,29.68,382738
2021-07-22,30.3,28.67,30.79,28.55,692218
2021-07-23,29.07,28.94,29.1591,27.51,532356
2021-07-26,28.97,27.98,29.29,27.84,259229
2021-07-27,27.82,28.02,28.32,27.085,821503
2021-07-28,28.16,29.6,29.83,27.71,489564
2021-07-29,30.3,29.1,30.77,28.89,377552
2021-07-30,28.82,28.64,29.105,28.01,365536
2021-08-02,28.99,29.34,30.15,28.67,323556
2021-08-03,29.35,29.51,29.71,28.47,350589
2021-08-04,29.26,27.57,30.01,26.815,916512
2021-08-05,27.51,28.24,28.42,26.565,980381
2021-08-06,28.4,27.98,28.79,27.14,458552
2021-08-09,27.85,27.31,28.93,27.14,347075
2021-08-10,27.39,27.12,27.77,26.58,369429
2021-08-11,27.32,26.9,27.5562,26.59,466554
2021-08-12,23.75,23.95,24.82,21.7765,3325706
2021-08-13,23.8,25.56,25.64,23.47,833286
2021-08-16,25.59,25.61,26.66,24.595,607908
2021-08-17,25.02,26.48,26.62,24.7,596816
2021-08-18,26.55,26.61,27.37,26.3,460190
2021-08-19,26.53,24.59,26.9,24.42,428108
2021-08-20,24.42,25.44,25.64,24.3778,493101
2021-08-23,25.76,25.99,26.2,25.265,499459
2021-08-24,26.27,25.94,26.3,25.39,401343
2021-08-25,25.98,26.86,27.05,25.69,389858
2021-08-26,27.02,27.42,28.12,27.02,469244
2021-08-27,27.25,28.51,28.51,27.12,370047
2021-08-30,28.44,28.35,28.89,27.72,410790
2021-08-31,28.5,29.09,29.24,27.62,730738
2021-09-01,29.0,29.48,29.61,27.75,378484
2021-09-02,29.68,29.82,30.0,29.01,175887
2021-09-03,29.65,29.1,29.84,28.93,286855
2021-09-07,28.86,30.78,30.87,28.85,523733
2021-09-08,30.91,30.28,31.33,29.69,321612
2021-09-09,30.04,30.55,31.11,30.04,261063
2021-09-10,30.81,29.75,30.855,29.69,270150
2021-09-13,30.14,29.58,30.795,29.04,570421
2021-09-14,29.46,29.55,30.82,29.295,357204
2021-09-15,29.45,30.62,30.79,29.21,473200
2021-09-16,30.53,29.95,30.74,29.0,586468
2021-09-17,30.02,31.23,31.48,29.39,1524311
2021-09-20,30.65,30.62,31.12,29.44,772557
2021-09-21,30.6,32.05,32.78,30.0301,634337
2021-09-22,31.98,31.78,32.095,30.945,454646
2021-09-23,31.67,31.92,32.0,30.54,507091
2021-09-24,31.76,30.71,31.9,30.625,251026
2021-09-27,31.01,29.78,31.01,29.55,617944
2021-09-28,29.73,28.66,29.96,28.31,337871
2021-09-29,28.7,27.68,28.79,27.35,418547
2021-09-30,27.86,27.51,30.2454,27.33,243019
2021-10-01,27.5,29.12,29.44,26.61,593275
2021-10-04,28.87,28.6,29.49,28.27,876126
2021-10-05,28.78,28.03,29.12,27.47,409267
2021-10-06,27.7,27.67,28.21,27.205,316416
2021-10-07,27.93,27.85,28.8,27.69,215375
2021-10-08,27.85,27.78,27.935,27.18,175890
2021-10-11,27.93,27.74,28.45,27.49,253304
2021-10-12,27.76,27.47,28.45,27.375,257288
2021-10-13,27.53,27.82,27.97,27.27,226319
2021-10-14,28.25,28.78,29.05,27.3645,293818
2021-10-15,29.26,26.95,29.625,26.79,383447
2021-10-18,26.88,28.0,28.19,26.17,674176
2021-10-19,27.99,27.48,28.23,26.87,610232
2021-10-20,27.54,26.93,27.945,26.77,261331
2021-10-21,26.99,27.33,27.46,26.82,296637
2021-10-22,27.39,27.3,27.39,26.39,453315
2021-10-25,27.25,26.75,27.32,26.69,394236
2021-10-26,26.94,27.13,27.9,26.45,936491
2021-10-27,27.05,27.59,28.43,27.0,516350
2021-10-28,28.0,29.75,30.33,27.53,1184078
2021-10-29,29.69,29.43,29.96,28.61,322295
2021-11-01,29.095,31.12,31.25,29.095,411192
2021-11-02,30.71,31.83,31.88,30.57,394237
2021-11-03,30.895,33.08,33.5,30.895,828803
2021-11-04,33.15,33.46,33.58,32.55,229144
2021-11-05,33.42,33.7,34.16,32.67,410651
2021-11-08,33.76,32.73,34.1,32.5,290638
2021-11-09,32.9,32.6,33.8,32.5,370018
2021-11-10,32.27,31.7,33.43,31.45,384832
2021-11-11,31.92,32.04,33.37,31.68,536994
2021-11-12,32.47,32.83,33.18,32.05,334454
2021-11-15,32.79,31.78,33.235,31.52,280226
2021-11-16,32.1,31.76,32.5,30.26,419247
2021-11-17,31.7,30.99,31.77,30.27,656750
2021-11-18,31.32,30.1,31.67,29.98,360786
2021-11-19,29.96,29.75,30.5,28.96,332495
2021-11-22,29.7,28.45,30.04,28.22,421767
2021-11-23,28.29,28.7,28.79,27.19,460561
2021-11-24,28.55,28.87,29.29,27.78,368217
2021-11-26,28.11,27.02,28.32,25.83,386649
2021-11-29,27.55,26.7,28.01,26.5,441676
2021-11-30,26.43,27.66,27.88,25.97,835043
2021-12-01,28.11,26.7,28.16,26.69,490920
2021-12-02,26.96,27.65,27.79,26.01,501744
2021-12-03,27.79,26.1,27.79,25.6,726727
2021-12-06,26.2,25.7,26.38,25.0,363332
2021-12-07,26.02,27.35,27.89,26.02,433695
2021-12-08,27.4,26.84,27.53,26.28,408409
2021-12-09,26.56,25.53,27.02,25.45,426453
2021-12-10,25.82,24.63,26.425,24.43,289663
2021-12-13,24.46,25.08,25.815,24.44,301440
2021-12-14,24.82,24.35,25.1,24.04,330277
2021-12-15,24.35,25.73,25.86,23.29,562645
2021-12-16,25.9,24.53,25.9,24.32,445792
2021-12-17,24.55,25.87,26.49,24.16,2073398
2021-12-20,25.56,25.84,26.29,24.86,543408
2021-12-21,26.0,25.88,26.13,25.48,368323
2021-12-22,25.49,26.94,27.14,25.11,326175
2021-12-23,26.66,27.55,28.115,26.31,311711
2021-12-27,27.5,26.63,27.5,26.48,194297
2021-12-28,26.78,25.99,27.4,25.9,185185
2021-12-29,25.85,25.72,25.99,25.255,161545
2021-12-30,25.89,25.59,26.56,25.41,218155
2021-12-31,25.85,25.17,26.83,25.01,202747
2022-01-03,25.19,26.16,26.17,24.22,301044
2022-01-04,25.9,24.88,26.11,24.39,286775
2022-01-05,24.8,24.0,25.49,23.95,473413
2022-01-06,23.93,23.84,24.15,22.81,343767
2022-01-07,24.02,22.94,24.42,22.86,313249
2022-01-10,23.13,23.21,23.41,21.67,1042104
2022-01-11,23.25,24.57,24.77,22.98,508030
2022-01-12,24.69,24.88,25.235,24.25,477007
2022-01-13,25.16,25.1,25.79,24.995,570481
2022-01-14,24.51,26.21,26.28,24.15,693403
2022-01-18,25.47,23.17,25.88,22.94,751635
2022-01-19,23.57,23.9,24.96,22.55,875049
2022-01-20,24.4,23.26,24.815,23.1,737412
2022-01-21,22.9,22.71,23.63,22.345,585672
2022-01-24,22.13,22.31,22.83,20.68,754599
2022-01-25,21.93,22.25,22.79,21.05,516759
2022-01-26,22.79,21.66,23.64,21.39,463300
2022-01-27,22.25,19.98,22.25,19.815,472623
2022-01-28,20.03,19.87,20.73,18.75,812737
2022-01-31,19.95,21.52,21.56,19.91,604273
2022-02-01,21.63,22.35,22.47,20.68,562570
2022-02-02,22.36,21.77,22.36,21.3,502207
2022-02-03,21.23,21.08,21.75,20.92,340999
2022-02-04,21.06,21.33,21.56,20.52,346521
2022-02-07,21.28,22.57,22.65,21.05,384783
2022-02-08,22.56,21.38,22.56,20.64,633988
2022-02-09,21.68,22.55,22.75,21.39,456018
2022-02-10,21.88,21.14,23.01,20.78,520132
2022-02-11,21.38,21.47,22.57,21.14,390051
2022-02-14,21.41,21.1,21.69,20.9,237209
2022-02-15,21.51,22.17,22.27,21.49,277435
2022-02-16,22.1,20.88,22.42,20.73,318703
2022-02-17,20.9,20.02,20.97,19.87,503812
2022-02-18,19.98,19.88,20.44,19.475,442284
2022-02-22,19.65,19.8,20.54,19.645,315842
2022-02-23,20.07,18.73,20.07,18.69,427650
2022-02-24,18.24,19.76,19.9,18.065,861228
2022-02-25,19.87,19.82,20.32,19.53,712364
2022-02-28,19.7,18.92,19.74,18.83,480062
2022-03-01,21.76,18.56,21.99,18.21,581219
2022-03-02,18.795,18.86,19.28,18.25,516930
2022-03-03,18.91,18.18,19.665,18.03,519216
2022-03-04,17.9,17.31,18.36,17.18,500288
2022-03-07,18.28,18.35,19.05,17.78,948709
2022-03-08,18.24,19.27,20.13,17.7,1025392
2022-03-09,19.73,20.47,20.8,19.61,641931
2022-03-10,20.76,20.6,21.39,20.12,724588
2022-03-11,20.74,20.16,21.11,20.12,443974
2022-03-14,20.19,18.31,20.335,18.0,687730
2022-03-15,18.48,18.3,18.665,17.4,393699
2022-03-16,18.52,18.92,18.98,17.6,767568
2022-03-17,18.62,19.17,19.2,18.14,540579
2022-03-18,18.8,20.48,20.79,18.65,1320690
2022-03-21,20.26,20.76,21.23,20.1,670527
2022-03-22,21.92,23.42,23.9,21.45,985913
2022-03-23,23.07,24.0,24.2,22.51,708895
2022-03-24,24.03,24.69,24.92,23.83,534416
2022-03-25,25.4,24.33,25.96,23.87,939353
2022-03-28,24.14,24.67,24.91,24.14,428123
2022-03-29,24.89,26.4,26.5,24.66,891195
2022-03-30,26.59,25.59,27.2075,25.5,807885
2022-03-31,25.52,25.51,25.84,25.03,1648538
2022-04-01,25.7,25.65,26.34,25.19,980678
2022-04-04,25.73,27.17,27.39,25.1275,1828704
2022-04-05,27.01,26.33,27.4899,26.26,1079418
2022-04-06,25.97,26.0,26.51,25.56,806064
2022-04-07,26.03,25.56,26.42,25.14,432932
2022-04-08,25.33,24.48,25.5017,24.36,293388
2022-04-11,23.98,23.55,24.33,23.155,431668
2022-04-12,23.98,23.5,24.65,23.22,388308
2022-04-13,23.63,24.63,24.78,23.63,427808
2022-04-14,24.2,24.09,25.0,23.491,350781
2022-04-18,24.27,23.75,24.74,23.54,747274
2022-04-19,23.52,23.93,24.21,23.52,470330
2022-04-20,23.9,23.6,24.12,23.0,437071
2022-04-21,23.89,21.78,24.33,21.34,617763
2022-04-22,21.71,21.39,22.36,21.045,452374
2022-04-25,21.3,22.26,22.39,21.3,287837
2022-04-26,22.0,20.86,22.56,20.77,438741
2022-04-27,20.93,20.55,21.2,19.94,520298
2022-04-28,20.87,21.29,21.4,19.5,616192
2022-04-29,21.16,19.97,21.855,19.76,438069
2022-05-02,19.92,21.14,21.21,19.75,501539
2022-05-03,21.07,21.92,21.94,20.85,899101
2022-05-04,21.89,22.05,22.09,20.5,622841
2022-05-05,22.28,20.3,22.28,19.46,716794
2022-05-06,20.34,17.0,20.34,16.9,1147876
2022-05-09,16.67,14.99,16.99,14.46,1311033
2022-05-10,16.42,15.92,16.8,15.34,1155784
2022-05-11,15.75,14.7,17.29,14.54,901825
2022-05-12,14.42,14.54,15.48,14.08,556237
2022-05-13,14.84,15.67,16.33,14.8,544087
2022-05-16,15.53,15.55,15.99,15.21,443666
2022-05-17,15.97,16.53,16.76,15.74,394504
2022-05-18,15.98,15.47,16.5,15.3,482564
2022-05-19,15.64,15.16,15.755,14.665,1087004
2022-05-20,15.24,15.73,15.77,14.7,690983
2022-05-23,15.68,16.63,16.79,15.32,427392
2022-05-24,16.42,15.65,16.54,15.43,447462
2022-05-25,15.61,15.6,16.01,15.27,728782
2022-05-26,15.7,15.89,16.11,15.34,386266
2022-05-27,15.88,16.9,16.915,15.27,588820
2022-05-31,16.59,16.98,17.28,16.32,667381
2022-06-01,17.21,16.52,17.5,15.93,450051
2022-06-02,16.45,17.3,17.58,16.0761,490625
2022-06-03,17.1,19.13,19.15,17.1,720932
2022-06-06,19.41,19.02,19.75,18.43,1189074
2022-06-07,18.82,19.72,19.85,18.39,1301400
2022-06-08,19.61,19.62,21.07,19.285,1289902
2022-06-09,19.43,18.92,19.74,18.83,387587
2022-06-10,18.34,17.91,19.14,17.53,722505
2022-06-13,16.99,16.4,17.49,15.635,500987
2022-06-14,16.56,16.81,16.86,15.73,637603
2022-06-15,17.08,17.12,17.47,16.4,2094858
2022-06-16,16.58,16.8,16.97,16.19,1654330
2022-06-17,17.02,18.01,18.38,16.79,1269529
2022-06-21,18.57,18.19,19.3,18.18,908036
2022-06-22,17.58,18.15,18.875,17.58,1493162
2022-06-23,18.27,19.17,19.17,17.98,1689226
2022-06-24,19.15,18.87,19.43,18.155,1407939
2022-06-27,18.89,18.5,18.93,18.39,445487
2022-06-28,18.5,17.5,18.67,17.39,532523
2022-06-29,17.47,19.08,19.1,17.005,1307233
2022-06-30,18.55,19.49,20.06,18.55,740348
2022-07-01,19.64,20.89,20.98,19.45,591209
2022-07-05,20.58,23.23,23.25,20.21,718131
2022-07-06,23.19,23.33,24.41,23.19,606217
2022-07-07,23.22,23.21,24.07,22.4601,867891
2022-07-08,22.95,23.41,23.67,22.68,438917
2022-07-11,23.09,21.96,23.51,21.84,502855
2022-07-12,22.15,22.48,22.55,20.7,583959
2022-07-13,21.85,23.14,23.47,21.85,491605
2022-07-14,23.13,23.36,23.98,22.615,428448
2022-07-15,23.89,23.3,23.89,22.475,534648
2022-07-18,23.52,22.82,24.25,22.58,400967
2022-07-19,23.09,24.58,24.69,22.56,463135
2022-07-20,21.07,23.5,23.52,20.85,7586309
2022-07-21,23.45,23.6,24.055,22.95,1603709
2022-07-22,23.78,22.35,24.35,22.07,978743
2022-07-25,22.31,22.52,22.77,21.92,418464
2022-07-26,23.21,24.31,24.74,23.21,1114407
2022-07-27,24.79,24.2,24.855,23.93,844362
2022-07-28,24.3,23.26,24.38,23.11,756304
2022-07-29,22.97,22.59,23.075,22.24,883761
2022-08-01,22.03,19.82,22.74,19.57,1470575
2022-08-02,19.5,20.37,20.55,19.09,1018184
2022-08-03,20.53,20.6,21.175,20.3,905708
2022-08-04,20.57,21.8,21.82,20.57,739847
2022-08-05,21.45,24.98,25.25,21.2,1241019
2022-08-08,25.02,24.4,25.57,23.79,1270017
2022-08-09,24.31,23.76,24.74,23.235,744552
2022-08-10,24.76,24.51,25.48,24.24,901838
2022-08-11,24.13,23.5,25.22,23.0,792196
2022-08-12,23.47,25.43,25.72,23.47,855658
2022-08-15,25.12,25.84,25.945,24.931,795594
2022-08-16,25.82,26.0,26.31,25.29,1051903
2022-08-17,25.65,24.2,26.1,23.87,629647
2022-08-18,23.57,23.05,23.87,22.04,1334284
2022-08-19,22.39,22.58,23.14,22.16,572117
2022-08-22,22.41,22.38,23.27,22.03,663006
2022-08-23,22.49,23.0,23.31,22.02,649014
2022-08-24,22.93,23.24,23.46,22.71,518516
2022-08-25,23.37,22.8,23.4,22.245,667949
2022-08-26,22.8,21.26,22.88,21.18,830702
2022-08-29,20.81,20.91,21.425,20.71,629730
2022-08-30,21.11,19.99,21.23,19.53,672487
2022-08-31,20.26,20.83,20.96,19.93,614660
2022-09-01,20.85,21.61,21.63,20.13,542276
2022-09-02,22.75,21.34,22.75,21.11,713747
2022-09-06,21.11,20.01,21.625,19.95,543984
2022-09-07,19.97,21.03,21.19,19.97,486647
2022-09-08,20.78,21.69,21.91,20.41,483007
2022-09-09,21.81,21.62,22.02,21.33,424868
2022-09-12,21.21,21.94,21.99,21.21,652814
2022-09-13,21.57,19.94,21.57,19.86,819406
2022-09-14,20.0,19.84,20.6,19.56,1040419
2022-09-15,19.64,20.68,21.0,19.15,1021041
2022-09-16,20.45,20.22,20.53,19.445,3926133
2022-09-19,19.9,19.23,19.9,18.52,1092347
2022-09-20,18.95,19.52,19.7,18.95,664943
2022-09-21,19.63,17.46,19.63,17.38,806244
2022-09-22,17.09,18.41,18.6,17.03,1518967
2022-09-23,18.2,18.43,18.5,17.39,1030532
2022-09-26,18.52,18.35,19.3,18.31,676817
2022-09-27,18.8,18.86,19.68,18.5,824198
2022-09-28,19.31,19.8,20.075,19.17,877275
2022-09-29,19.54,19.55,19.73,18.81,817426
2022-09-30,19.54,19.72,20.48,19.54,600028
2022-10-03,20.19,19.53,20.45,19.35,506501
2022-10-04,19.98,20.0,20.49,19.49,761200
2022-10-05,19.59,19.47,20.02,18.88,403797
2022-10-06,19.38,19.49,19.885,19.1,448712
2022-10-07,19.1,18.4,19.56,18.29,734889
2022-10-10,18.28,18.2,18.57,17.62,1491365
2022-10-11,18.28,18.49,19.12,17.73,2140153
2022-10-12,18.42,18.7,18.81,17.92,1823481
2022-10-13,18.06,19.08,19.14,18.03,495925
2022-10-14,19.27,18.41,19.55,18.33,416790
2022-10-17,19.76,18.85,19.76,18.21,929786
2022-10-18,19.1,19.79,20.13,18.85,1500819
2022-10-19,19.51,18.32,19.63,18.07,960637
2022-10-20,18.23,17.68,18.97,17.63,444742
2022-10-21,17.85,18.59,18.83,17.47,602476
2022-10-24,18.55,18.56,18.71,17.9,398207
2022-10-25,18.72,19.08,19.8,18.675,660361
2022-10-26,19.17,19.8,20.39,19.09,542112
2022-10-27,20.0,19.93,20.59,19.5,618772
2022-10-28,19.98,20.86,20.985,19.55,760059
2022-10-31,20.58,20.26,20.97,20.14,624115
2022-11-01,20.56,20.79,20.99,20.405,481122
2022-11-02,20.97,20.46,21.71,20.03,594316
2022-11-03,20.06,20.6,20.83,19.96,386647
2022-11-04,20.89,20.5,21.06,19.9,661497
2022-11-07,20.66,19.77,20.81,19.69,561823
2022-11-08,18.34,19.65,20.19,18.14,702116
2022-11-09,19.65,18.97,19.955,18.9,556016
2022-11-10,20.06,21.5,21.71,19.83,1199377
2022-11-11,21.46,22.17,22.39,21.3,558199
2022-11-14,22.2,21.22,22.61,21.15,833242
2022-11-15,21.84,21.61,22.65,20.775,818831
2022-11-16,21.46,20.45,21.885,20.33,538694
2022-11-17,20.28,20.49,20.97,19.7,1131772
2022-11-18,21.14,20.41,21.775,20.2,1018884
2022-11-21,20.2,20.38,21.115,20.0,836225
2022-11-22,20.38,20.88,20.97,19.71,883525
2022-11-23,20.95,21.86,22.17,20.77,1062033
2022-11-25,21.48,21.87,22.11,21.42,605082
2022-11-28,21.7,21.52,22.06,21.42,1044617
2022-11-29,21.45,22.64,22.67,21.359,1941453
2022-11-30,22.9,23.59,23.61,22.5,1042409
2022-12-01,23.35,23.66,23.98,23.15,480598
2022-12-02,23.36,25.53,25.72,23.195,1334653
2022-12-05,25.52,24.32,25.6,24.13,716873
2022-12-06,23.99,24.5,24.73,23.75,788064
2022-12-07,24.08,24.15,24.155,22.81,1630599
2022-12-08,24.49,24.75,24.79,20.7,2696502
2022-12-09,24.75,23.78,24.75,23.705,1054462
2022-12-12,23.64,23.8,24.39,23.285,1427607
2022-12-13,24.54,23.3,24.54,22.96,982890
2022-12-14,24.0,24.27,24.42,23.01,1775559
2022-12-15,23.91,24.01,24.11,23.06,1173658
2022-12-16,23.71,24.3,24.31,23.49,2570728
2022-12-19,24.43,22.01,24.66,21.79,752612
2022-12-20,21.83,22.17,22.27,21.6083,917928
2022-12-21,22.35,24.0,24.02,22.11,1082406
2022-12-22,23.74,23.98,24.225,23.25,915681
2022-12-23,23.96,22.04,24.07,21.87,634287
2022-12-27,21.97,22.0,22.05,21.31,648455
2022-12-28,21.78,22.32,22.56,21.78,484561
2022-12-29,22.62,24.0,24.26,22.07,850281
2022-12-30,23.78,23.82,24.055,23.343,391588
2023-01-03,23.73,22.95,24.61,22.64,588249
2023-01-04,23.21,23.32,23.52,22.73,499597
2023-01-05,23.14,22.38,23.465,22.04,638048
2023-01-06,22.48,22.4,23.16,21.98,469962
2023-01-09,22.34,22.14,22.73,21.75,1080368
2023-01-10,22.06,23.22,23.25,22.06,1019012
2023-01-11,23.2,26.9,27.04,23.09,1760618
2023-01-12,26.93,29.89,29.9,26.72,1344711
2023-01-13,29.78,30.09,31.37,29.42,1675693
2023-01-17,29.95,27.38,29.95,27.05,1782965
2023-01-18,27.39,27.48,28.785,27.08,814346
2023-01-19,27.45,27.61,28.555,26.91,776900
2023-01-20,28.03,27.52,28.03,27.04,1677884
2023-01-23,27.68,27.48,28.12,27.15,763942
2023-01-24,27.3,27.97,28.4,27.25,982669
2023-01-25,27.74,28.06,28.2,26.99,716132
2023-01-26,28.26,27.86,29.28,27.31,615553
2023-01-27,27.22,27.74,27.79,25.74,856779
2023-01-30,27.3,26.82,27.595,26.74,641739
2023-01-31,27.0,26.74,27.35,26.48,1410791
2023-02-01,26.77,27.08,27.52,26.28,790810
2023-02-02,27.39,27.52,27.74,26.61,753027
2023-02-03,26.82,25.9,27.155,25.62,730366
2023-02-06,25.7,26.15,27.1399,25.56,482794
2023-02-07,26.17,26.0,26.17,25.36,610313
2023-02-08,25.79,25.02,26.07,24.86,697614
2023-02-09,25.52,25.25,25.53,24.82,783970
2023-02-10,25.17,24.58,25.35,24.4872,597363
2023-02-13,24.59,25.54,25.7,24.23,1048135
2023-02-14,25.3,25.49,26.57,25.3,1424207
2023-02-15,25.28,25.54,25.77,25.11,641159
2023-02-16,25.45,25.48,25.96,24.98,567730
2023-02-17,25.52,25.59,25.89,24.935,1071901
2023-02-21,25.29,25.03,25.66,24.6605,934328
2023-02-22,25.09,25.07,25.35,24.77,508888
2023-02-23,25.69,24.36,25.76,24.26,575660
2023-02-24,23.96,24.33,24.66,23.88,1081173
2023-02-27,24.44,24.37,24.78,24.2,1244907
2023-02-28,28.14,26.76,28.14,26.06,5593266
2023-03-01,26.59,26.5,27.25,26.27,792219
2023-03-02,24.32,23.395,24.56,22.39,2859130
2023-03-03,22.99,25.45,25.99,22.93,6671531
2023-03-06,25.56,24.94,25.8,24.69,2555237
2023-03-07,24.68,24.59,26.02,24.195,2921451
2023-03-08,24.5,22.94,24.84,22.86,1629100
2023-03-09,22.98,21.7,23.625,21.57,1392601
2023-03-10,21.51,20.76,21.91,19.7,1924511
2023-03-13,21.18,22.58,22.82,21.14,2044019
2023-03-14,23.05,23.44,23.69,22.59,1984678
2023-03-15,23.08,22.98,23.9,22.4,1361288
2023-03-16,22.81,22.24,22.83,21.8,563540
2023-03-17,22.15,21.67,22.9,21.33,2834114
2023-03-20,21.45,21.77,21.95,21.09,724476
2023-03-21,22.2,21.37,22.41,21.32,904359
2023-03-22,21.25,20.9,21.94,20.84,1161696
2023-03-23,21.13,21.11,21.36,20.63,1160978
2023-03-24,21.02,20.92,21.06,20.27,1151696
2023-03-27,20.91,21.03,21.33,20.565,952922
2023-03-28,21.0,20.77,21.45,20.75,938589
2023-03-29,21.07,21.52,21.83,20.66,745494
2023-03-30,21.61,21.46,22.19,21.11,1321857
2023-03-31,21.55,21.66,21.97,21.16,997997
2023-04-03,21.5,21.27,22.01,21.04,784690
2023-04-04,21.32,20.28,21.54,19.995,1465146
2023-04-05,20.2,20.42,20.66,20.05,902590
2023-04-06,20.48,20.48,20.71,20.055,663730
2023-04-10,20.31,20.54,20.55,19.9801,1221749
2023-04-11,20.45,20.88,21.06,20.27,737728
2023-04-12,21.24,20.56,21.37,20.53,406483
2023-04-13,20.69,22.17,22.5,20.545,1123662
2023-04-14,22.25,22.14,22.43,21.64,720213
2023-04-17,22.33,24.57,24.785,22.07,1692994
2023-04-18,24.97,24.27,25.0,24.16,1590498
2023-04-19,24.01,25.18,25.21,24.01,1051540
2023-04-20,24.89,24.43,25.0,24.0,972890
2023-04-21,24.41,24.29,24.78,23.752,628265
2023-04-24,24.2,23.03,24.2,22.95,988772
2023-04-25,23.14,23.06,23.585,22.615,722156
2023-04-26,22.98,22.69,23.325,22.15,619844
2023-04-27,22.99,22.92,23.08,22.22,595117
2023-04-28,22.98,23.49,23.69,22.6,480313
2023-05-01,23.34,23.85,24.29,23.34,615267
2023-05-02,23.72,23.35,23.98,23.13,706320
2023-05-03,23.48,23.83,24.16,23.15,743460
2023-05-04,23.74,24.23,24.45,23.23,1093840
2023-05-05,24.52,24.34,25.02,24.13,744107
2023-05-08,24.37,24.44,24.46,23.9,573859
2023-05-09,24.17,25.19,25.73,23.08,1008528
2023-05-10,25.56,25.13,25.635,24.79,998594
2023-05-11,25.12,25.62,25.84,24.785,743143
2023-05-12,25.66,25.87,26.0,25.16,533511
2023-05-15,26.01,26.54,26.99,25.88,477691
2023-05-16,25.91,25.63,25.91,24.81,514583
2023-05-17,25.76,25.93,26.08,25.29,588002
2023-05-18,25.77,25.38,26.06,24.83,711253
2023-05-19,25.62,25.85,26.29,25.26,939938
