2020-08-05,16.85,16.39,17.393,15.69,26179605
2020-08-06,16.52,15.8,16.6,15.5,5582831
2020-08-07,15.7,15.4,15.95,15.25,3806649
2020-08-10,15.43,15.89,16.2,15.43,2122196
2020-08-11,15.87,15.81,16.05,15.4,3781151
2020-08-12,15.93,15.8,16.26,15.7,2305806
2020-08-13,15.7,16.26,16.33,15.69,1794821
2020-08-14,16.25,16.6,16.8,16.2,1573993
2020-08-17,16.72,18.31,19.7999,16.61,20313173
2020-08-18,19.6,18.89,20.1,18.74,11671875
2020-08-19,19.23,18.32,19.28,17.6,3287308
2020-08-20,17.86,18.25,18.33,17.25,1967599
2020-08-21,18.09,18.33,18.98,18.01,1732682
2020-08-24,18.8147,18.36,18.845,17.8602,1916975
2020-08-25,18.22,18.26,18.75,18.1,1247596
2020-08-26,18.28,19.0,19.1,18.09,2667861
2020-08-27,19.21,18.69,19.5,18.4501,2700319
2020-08-28,18.75,19.33,19.4,18.6,1817085
2020-08-31,20.95,21.35,22.06,20.35,12543803
2020-09-01,21.45,21.0,22.75,20.75,8255623
2020-09-02,21.1817,20.71,21.55,20.35,4330213
2020-09-03,19.53,18.99,20.5,18.36,3111249
2020-09-04,18.85,19.61,19.7899,17.5,2506219
2020-09-08,18.75,18.94,19.74,18.5518,1792493
2020-09-09,19.37,20.13,20.56,19.37,2405862
2020-09-10,20.42,18.94,20.69,18.81,2677622
2020-09-11,19.11,18.66,19.36,18.3,1999879
2020-09-14,18.86,19.08,19.49,18.78,1201657
2020-09-15,19.23,18.4,19.5,18.1,2410967
2020-09-16,18.31,18.01,18.6714,17.95,1739380
2020-09-17,17.54,18.61,18.75,17.51,1316063
2020-09-18,18.48,18.24,18.78,17.8,6650937
2020-09-21,17.73,18.34,18.415,17.34,1150889
2020-09-22,18.4,18.43,18.58,18.0321,765891
2020-09-23,18.35,18.09,18.8,18.055,946551
2020-09-24,17.8,17.88,18.16,17.55,689361
2020-09-25,17.83,18.34,18.44,17.72,735801
2020-09-28,18.71,18.46,18.79,18.25,703856
2020-09-29,18.09,18.89,19.12,18.09,2105602
2020-09-30,19.0,19.29,19.38,18.63,1645082
2020-10-01,19.5,19.01,19.64,18.58,1361072
2020-10-02,18.44,18.74,19.07,18.3502,777953
2020-10-05,18.88,18.87,19.05,18.65,993725
2020-10-06,18.88,18.71,19.55,18.52,2334102
2020-10-07,18.91,18.74,18.93,18.3501,902582
2020-10-08,18.97,18.56,19.09,18.48,732363
2020-10-09,18.76,18.19,18.8,18.1299,868405
2020-10-12,18.45,18.5,18.5838,18.23,534402
2020-10-13,18.43,18.25,18.61,17.91,655251
2020-10-14,18.41,17.66,18.47,17.58,1206037
2020-10-15,17.61,18.04,18.09,17.43,547529
2020-10-16,18.07,17.76,18.14,17.69,470706
2020-10-19,17.88,17.475,18.04,17.37,617919
2020-10-20,17.58,16.99,17.89,16.86,1064172
2020-10-21,17.06,16.815,17.1,16.6501,973915
2020-10-22,16.96,16.715,17.115,16.56,1411702
2020-10-23,16.9,16.72,16.9154,16.42,737422
2020-10-26,16.55,16.13,16.61,15.88,1031012
2020-10-27,16.13,16.05,16.2,15.81,527970
2020-10-28,15.9,16.14,16.15,15.46,1151548
2020-10-29,16.22,16.17,16.2898,15.83,698870
2020-10-30,16.13,15.75,16.42,15.63,601745
2020-11-02,16.015,16.24,16.28,15.75,594180
2020-11-03,16.36,16.63,16.72,16.2933,545542
2020-11-04,16.89,16.56,17.0,16.43,483555
2020-11-05,16.85,17.08,17.31,16.7556,560873
2020-11-06,17.13,17.16,17.24,16.77,639175
2020-11-09,17.4,17.74,17.97,17.24,1197739
2020-11-10,17.8,17.6,18.02,17.3,1406383
2020-11-11,17.5,17.44,17.76,16.75,1673395
2020-11-12,17.3,17.02,17.8699,16.95,829337
2020-11-13,17.21,16.46,17.21,16.39,1426716
2020-11-16,16.66,15.58,16.78,15.57,2278894
2020-11-17,15.81,16.06,16.14,15.44,1775287
2020-11-18,16.15,15.83,16.28,15.62,981239
2020-11-19,15.85,16.17,16.29,15.75,730109
2020-11-20,16.14,16.61,16.94,16.12,1154531
2020-11-23,16.64,17.08,17.2767,16.5561,958344
2020-11-24,17.15,16.65,17.29,16.44,1413032
2020-11-25,16.72,17.08,17.14,16.53,561048
2020-11-27,17.11,17.7,17.92,17.01,960833
2020-11-30,17.98,17.96,18.01,16.65,2690692
2020-12-01,17.8993,17.75,18.3,17.4364,1161762
2020-12-02,17.72,17.85,18.14,17.61,1143158
2020-12-03,18.02,18.81,18.88,17.95,2292591
2020-12-04,18.87,19.17,19.37,18.545,1380997
2020-12-07,19.15,18.57,19.25,18.36,750690
2020-12-08,18.69,20.36,20.72,18.59,6674253
2020-12-09,20.3,19.67,20.58,19.2,1969946
2020-12-10,19.49,20.07,20.2,19.25,810722
2020-12-11,19.755,20.84,21.15,19.755,1587954
2020-12-14,20.95,20.59,21.1215,20.34,1564315
2020-12-15,20.67,20.24,20.7499,19.5,1075740
2020-12-16,20.37,20.075,20.71,19.86,1210693
2020-12-17,20.2,20.32,20.57,19.92,845576
2020-12-18,20.3,20.07,20.46,19.751,1000694
2020-12-21,19.69,20.05,20.55,19.57,1023703
2020-12-22,20.15,19.75,20.365,19.58,779717
2020-12-23,19.8,19.95,20.32,19.66,1043142
2020-12-24,20.0,19.87,20.2499,19.75,331036
2020-12-28,19.98,19.82,20.2,19.45,1080920
2020-12-29,19.79,19.74,20.99,19.625,1195441
2020-12-30,19.67,20.15,20.48,19.2,1326912
2020-12-31,20.08,19.06,20.16,19.0,1326229
2021-01-04,19.1,19.09,19.39,18.5,890062
2021-01-05,19.02,19.04,19.5485,18.8629,646010
2021-01-06,18.96,18.93,19.52,18.71,1248980
2021-01-07,18.86,19.11,19.3,18.73,931211
2021-01-08,19.16,19.69,20.0,19.0,923922
2021-01-11,19.74,19.2,19.8,19.01,811034
2021-01-12,19.16,19.17,19.2389,18.72,833375
2021-01-13,19.13,18.96,19.44,18.95,725058
2021-01-14,19.09,18.98,19.27,18.92,560322
2021-01-15,19.0,18.49,19.11,18.28,851732
2021-01-19,18.88,18.95,18.97,17.59,891592
2021-01-20,19.2,19.41,19.72,19.1,712203
2021-01-21,19.45,19.12,19.6,19.06,486689
2021-01-22,19.0,19.08,19.17,18.67,679626
2021-01-25,19.06,19.92,20.0,18.861,1469204
2021-01-26,20.4,23.07,23.52,20.4,5404357
2021-01-27,22.31,24.36,24.91,22.0,5163467
2021-01-28,23.5,23.39,24.349,22.195,2663621
2021-01-29,22.89,23.11,24.73,22.55,2526664
2021-02-01,23.32,21.48,23.63,21.31,2274518
2021-02-02,21.85,20.86,22.15,20.32,2431230
2021-02-03,20.78,21.87,22.07,20.77,1197731
2021-02-04,22.0,21.7,22.24,21.37,718580
2021-02-05,22.0,22.26,23.08,21.71,1248200
2021-02-08,21.82,22.18,22.3,21.4033,1643747
2021-02-09,22.35,22.9,23.32,22.02,1291758
2021-02-10,23.51,23.0,23.72,22.5,1402363
2021-02-11,23.13,23.94,24.2,23.0559,977248
2021-02-12,24.06,24.87,24.92,23.86,933451
2021-02-16,25.0,25.14,25.76,24.62,1188151
2021-02-17,25.03,24.58,25.18,24.24,1149177
2021-02-18,24.37,24.96,25.2,23.84,1692793
2021-02-19,22.05,20.93,22.68,20.77,10348547
2021-02-22,20.97,20.59,21.43,20.4,3044079
2021-02-23,20.15,21.13,21.24,19.74,2292684
2021-02-24,20.69,20.78,21.29,20.41,1371778
2021-02-25,20.5235,20.955,21.12,20.48,2463561
2021-02-26,20.82,21.02,21.22,20.1,2358644
2021-03-01,21.19,20.69,21.58,20.56,1407828
2021-03-02,20.76,20.24,20.91,20.05,1509651
2021-03-03,20.34,20.5,20.63,20.16,1232277
2021-03-04,20.04,20.44,20.7999,20.03,1782317
2021-03-05,20.18,20.04,20.6,19.05,1732256
2021-03-08,20.11,20.21,20.6,19.88,774968
2021-03-09,20.47,20.51,20.94,20.43,637827
2021-03-10,20.71,20.59,21.06,20.42,824855
2021-03-11,20.77,20.93,21.06,20.56,1438076
2021-03-12,20.86,20.55,21.02,20.44,498138
2021-03-15,21.35,23.17,24.37,21.3,9661695
2021-03-16,22.946,22.83,23.86,22.1,4735493
2021-03-17,22.27,23.64,24.1224,22.2,3121057
2021-03-18,23.35,22.56,23.59,22.48,2768303
2021-03-19,22.5,24.13,24.78,22.3879,29817544
2021-03-22,23.67,23.7,24.07,22.92,3228670
2021-03-23,23.69,22.68,23.72,22.4,1589671
2021-03-24,22.92,22.71,23.15,22.28,785790
2021-03-25,22.51,23.75,23.87,22.25,3757696
2021-03-26,23.54,23.57,24.37,23.01,1810064
2021-03-29,23.72,23.3,23.97,23.18,520307
2021-03-30,23.28,23.52,23.54,23.06,706302
2021-03-31,23.51,23.78,24.27,23.41,2350331
2021-04-01,24.09,25.0,25.73,23.87,3439614
2021-04-05,24.9,26.04,26.31,24.61,1765759
2021-04-06,25.75,25.48,25.88,25.07,1974751
2021-04-07,25.37,25.34,25.76,25.15,772410
2021-04-08,25.4996,25.61,25.83,24.94,1005594
2021-04-09,25.52,26.07,26.43,25.475,1363137
2021-04-12,25.94,24.9,26.23,24.71,1416302
2021-04-13,25.06,25.09,25.48,24.7,704202
2021-04-14,24.94,25.51,26.23,24.85,1481952
2021-04-15,25.17,25.18,25.7,25.02,678995
2021-04-16,25.33,24.95,25.8,24.84,2543029
2021-04-19,24.62,25.34,25.35,24.5012,717500
2021-04-20,25.42,25.0,25.93,24.75,1725462
2021-04-21,25.0,24.99,25.28,24.84,598937
2021-04-22,24.87,24.86,25.45,24.81,880911
2021-04-23,24.21,24.79,25.0,23.8,645548
2021-04-26,24.9,24.93,25.1,24.73,960746
2021-04-27,25.0,24.82,25.48,24.67,599554
2021-04-28,25.0,24.51,25.025,24.48,543500
2021-04-29,24.45,24.68,25.0,24.31,771798
2021-04-30,24.53,24.87,24.93,24.403,532098
2021-05-03,24.9,24.05,25.1,23.985,846441
2021-05-04,24.05,23.94,24.39,23.41,680516
2021-05-05,24.01,23.95,24.26,23.6413,582231
2021-05-06,23.99,23.9,24.1399,23.68,665451
2021-05-07,23.87,23.72,24.33,23.62,778269
2021-05-10,23.86,24.02,24.16,23.16,1574124
2021-05-11,19.15,19.01,19.5,17.26,8989943
2021-05-12,19.6,18.28,19.68,18.02,5387160
2021-05-13,18.54,18.34,18.76,18.07,2282554
2021-05-14,18.37,19.46,19.69,18.36,1164563
2021-05-17,19.7,19.845,19.98,19.46,1434497
2021-05-18,19.91,19.77,20.265,19.73,734014
2021-05-19,19.53,19.53,19.72,19.145,723785
2021-05-20,19.59,20.15,20.28,19.34,648475
2021-05-21,20.32,20.43,20.6334,20.19,500763
2021-05-24,20.07,20.83,20.93,20.0,727196
2021-05-25,21.0,20.82,21.06,20.75,793148
2021-05-26,20.85,20.66,21.0399,20.57,936547
2021-05-27,20.66,21.01,21.08,20.52,1231590
2021-05-28,21.14,20.18,21.15,20.15,1144897
2021-06-01,20.15,20.18,20.36,19.75,856734
2021-06-02,20.18,20.83,20.9,20.03,1166274
2021-06-03,20.72,20.72,20.85,20.25,863024
2021-06-04,20.9,20.85,21.03,20.639,697619
2021-06-07,20.82,21.01,21.15,20.82,1170699
2021-06-08,21.01,21.25,21.38,20.9,1418370
2021-06-09,21.45,21.17,21.5,21.085,780226
2021-06-10,21.12,20.86,21.38,20.775,731503
2021-06-11,20.81,20.86,21.19,20.77,573325
2021-06-14,20.96,20.86,21.2,20.73,655558
2021-06-15,20.75,20.34,21.0,20.23,795123
2021-06-16,20.28,20.22,20.49,20.01,750094
2021-06-17,20.05,19.86,20.23,19.56,979325
2021-06-18,19.65,19.25,19.91,19.15,2134019
2021-06-21,19.4,19.64,20.13,19.26,1033773
2021-06-22,19.63,19.35,19.86,19.25,809671
2021-06-23,19.32,19.49,19.76,19.3,962618
2021-06-24,19.64,19.77,19.92,19.51,657261
2021-06-25,19.83,19.86,19.92,19.59,3196129
2021-06-28,19.81,19.56,19.8963,19.415,570806
2021-06-29,19.87,19.74,20.14,19.48,917736
2021-06-30,19.64,19.61,19.83,19.3794,953549
2021-07-01,19.77,20.08,20.15,19.58,857830
2021-07-02,20.16,20.01,20.29,19.988,529178
2021-07-06,19.99,19.96,19.99,19.7,621675
2021-07-07,19.98,19.53,20.11,19.27,528196
2021-07-08,19.06,19.45,19.79,18.91,557810
2021-07-09,19.63,19.75,19.86,19.54,320218
2021-07-12,19.77,19.57,20.0,19.53,416118
2021-07-13,19.37,19.32,19.63,19.2528,387591
2021-07-14,19.44,19.36,19.61,19.2,757057
2021-07-15,19.6983,19.19,19.6983,18.86,509875
2021-07-16,19.34,18.98,19.39,18.74,1047905
2021-07-19,18.8446,18.68,18.96,18.35,651894
2021-07-20,18.56,18.79,19.0,18.46,730686
2021-07-21,18.96,19.2,19.31,18.715,412912
2021-07-22,19.15,17.99,19.26,17.69,2295897
2021-07-23,17.9,18.52,18.575,17.83,695164
2021-07-26,18.62,18.53,18.81,18.31,516686
2021-07-27,18.4,18.09,18.49,17.9395,549336
2021-07-28,18.1554,18.18,18.4,18.08,395777
2021-07-29,18.28,18.2,18.48,18.09,357043
2021-07-30,18.1,17.75,18.24,17.72,562165
2021-08-02,17.85,17.84,18.0,17.63,911287
2021-08-03,17.84,17.26,17.899,17.15,1406888
2021-08-04,17.15,17.04,17.59,16.8,967930
2021-08-05,17.12,17.13,17.535,16.85,2110074
2021-08-06,17.23,17.25,17.35,17.0,619807
2021-08-09,17.36,17.0,17.41,16.96,943782
2021-08-10,17.26,16.74,17.26,16.68,903323
2021-08-11,16.91,16.67,16.91,16.419,1876871
2021-08-12,14.62,14.31,14.78,13.32,6741249
2021-08-13,14.0,13.46,14.04,13.32,3730048
2021-08-16,13.56,13.9,13.94,13.23,2182739
2021-08-17,13.51,13.48,13.735,13.35,976007
2021-08-18,13.45,13.4,13.73,13.08,1361653
2021-08-19,13.28,13.24,13.5,13.16,1001379
2021-08-20,13.11,13.31,13.47,13.071,921617
2021-08-23,13.43,13.46,13.54,13.28,1247822
2021-08-24,13.58,13.75,13.81,13.47,784196
2021-08-25,13.77,13.59,13.85,13.56,884778
2021-08-26,13.64,13.52,13.66,13.24,687004
2021-08-27,13.52,13.5,13.63,13.421,902116
2021-08-30,13.49,13.93,14.6499,13.49,2255599
2021-08-31,13.88,13.97,14.12,13.72,1054323
2021-09-01,13.98,14.25,14.28,13.83,1415217
2021-09-02,14.25,14.18,14.31,14.1,1106034
2021-09-03,14.2,14.35,14.38,14.01,931527
2021-09-07,14.26,14.28,14.6,14.19,1171604
2021-09-08,14.27,14.5,14.52,14.13,1432885
2021-09-09,14.53,14.44,14.84,14.29,1526146
2021-09-10,14.56,14.61,14.67,13.82,1791695
2021-09-13,14.94,14.76,15.59,14.61,3518781
2021-09-14,14.81,14.7,15.1,14.57,2073386
2021-09-15,14.63,14.55,15.01,14.215,2039036
2021-09-16,14.57,15.12,15.2,14.57,1502360
2021-09-17,15.255,14.85,15.67,14.83,10344984
2021-09-20,14.22,14.0,14.63,13.89,1652509
2021-09-21,14.06,14.15,14.35,13.91,1764530
2021-09-22,14.29,14.1,14.37,14.07,707730
2021-09-23,14.11,14.19,14.33,14.05,779825
2021-09-24,14.17,13.99,14.29,13.97,1200690
2021-09-27,14.02,14.11,14.36,13.78,1200464
2021-09-28,14.09,13.83,14.21,13.82,864305
2021-09-29,13.85,14.15,14.27,13.79,1182216
2021-09-30,14.14,14.22,14.35,13.9,1404704
2021-10-01,14.31,14.43,14.77,14.15,1176667
2021-10-04,14.43,14.28,14.56,14.05,1107845
2021-10-05,14.26,14.42,14.52,14.2,680630
2021-10-06,14.25,14.86,14.89,14.25,797510
2021-10-07,14.95,14.43,15.2644,14.39,1685603
2021-10-08,14.55,15.0,15.13,14.51,890708
2021-10-11,15.0,15.04,15.34,14.895,880996
2021-10-12,15.08,15.14,15.29,14.96,515597
2021-10-13,15.16,15.06,15.21,14.99,498286
2021-10-14,15.18,14.8,15.25,14.77,1470598
2021-10-15,14.98,14.94,15.35,14.88,1618859
2021-10-18,14.81,14.0,14.91,13.95,1367606
2021-10-19,14.15,14.42,14.64,13.97,965878
2021-10-20,14.34,14.5,14.749,14.29,488979
2021-10-21,14.38,14.64,14.85,14.34,854334
2021-10-22,14.6,14.64,14.94,14.52,488301
2021-10-25,14.61,14.64,14.865,14.45,496418
2021-10-26,14.75,14.17,14.8123,14.17,629595
2021-10-27,14.19,13.88,14.28,13.85,552155
2021-10-28,13.93,13.47,14.09,13.45,1253249
2021-10-29,13.48,13.29,13.6,13.225,817439
2021-11-01,13.31,13.62,13.6399,13.3,1199094
2021-11-02,13.62,13.45,13.66,13.32,1109075
2021-11-03,13.42,14.32,14.4,13.4,1524384
2021-11-04,14.4,14.68,14.72,14.1578,1297628
2021-11-05,14.82,14.61,14.96,14.32,940779
2021-11-08,14.66,14.73,14.74,14.42,459065
2021-11-09,14.76,14.74,14.87,14.34,798932
2021-11-10,14.7,14.36,14.8702,14.11,1240600
2021-11-11,14.37,14.75,14.85,14.37,832312
2021-11-12,14.77,14.84,14.98,14.64,1030676
2021-11-15,15.04,14.99,15.32,14.72,1652659
2021-11-16,16.96,16.7,18.5,16.371,6588049
2021-11-17,16.502,16.19,16.86,16.02,1698449
2021-11-18,16.2,16.36,16.395,16.0,922498
2021-11-19,16.05,15.35,16.12,14.9,1418652
2021-11-22,15.39,15.27,15.5,15.04,794422
2021-11-23,15.28,15.22,15.38,14.86,1316124
2021-11-24,14.25,15.57,15.645,14.2,763425
2021-11-26,15.11,14.83,15.46,14.77,576217
2021-11-29,14.98,14.75,15.07,14.72,545389
2021-11-30,14.75,14.26,14.94,14.19,884379
2021-12-01,14.59,13.4,14.59,13.39,948017
2021-12-02,13.3,13.62,13.75,13.23,1031177
2021-12-03,13.7,13.35,13.789,13.146,648960
2021-12-06,13.51,13.43,13.62,13.11,736916
2021-12-07,13.65,13.7,13.88,13.57,744588
2021-12-08,13.7,13.68,14.0,13.45,1462232
2021-12-09,13.68,13.51,13.8,13.23,1083176
2021-12-10,13.65,13.41,13.85,13.21,757045
2021-12-13,13.27,12.84,13.27,12.65,1127461
2021-12-14,12.7,12.85,13.03,12.581,1064726
2021-12-15,12.77,13.44,13.46,12.47,1102765
2021-12-16,13.52,13.19,13.83,13.1,811387
2021-12-17,13.02,13.52,13.53,12.88,3010613
2021-12-20,13.21,13.09,13.29,12.72,980394
2021-12-21,13.2,13.79,13.88,13.2,706934
2021-12-22,13.79,14.07,14.22,13.645,692293
2021-12-23,13.91,14.2,14.31,13.86,377393
2021-12-27,14.34,14.05,14.38,14.021,367803
2021-12-28,14.05,13.87,14.3,13.82,361383
2021-12-29,13.76,13.62,13.835,13.53,424256
2021-12-30,13.57,13.64,14.07,13.545,678545
2021-12-31,13.62,13.47,13.8,13.46,454038
2022-01-03,13.52,13.87,13.98,13.33,513554
2022-01-04,13.96,13.59,13.97,13.52,524155
2022-01-05,13.72,13.36,13.86,13.34,764334
2022-01-06,13.32,13.32,13.65,13.05,556081
2022-01-07,13.33,13.25,13.47,13.08,839462
2022-01-10,13.21,13.02,13.25,12.6,737274
2022-01-11,13.0,13.11,13.18,12.71,606054
2022-01-12,13.31,13.28,13.49,13.13,463737
2022-01-13,13.35,12.92,13.4,12.88,528908
2022-01-14,12.8,12.78,12.99,12.48,940736
2022-01-18,12.53,13.01,13.19,12.45,1043892
2022-01-19,13.25,13.16,13.63,13.15,978843
2022-01-20,13.16,13.32,13.71,13.0001,945365
2022-01-21,13.12,13.0,13.61,12.93,1087041
2022-01-24,12.68,12.79,12.88,11.76,1742064
2022-01-25,12.64,12.68,12.955,12.31,867220
2022-01-26,12.91,12.32,12.98,12.24,649602
2022-01-27,12.48,11.93,12.69,11.81,527304
2022-01-28,11.8,12.15,12.17,11.56,723858
2022-01-31,12.006,12.51,12.63,11.87,1088849
2022-02-01,12.68,12.5,12.7,12.345,585800
2022-02-02,12.635,12.31,12.635,12.15,477957
2022-02-03,12.08,11.89,12.169,11.845,599025
2022-02-04,11.87,12.08,12.19,11.76,653547
2022-02-07,12.07,11.97,12.43,11.91,1088008
2022-02-08,11.93,12.59,12.64,11.9,621640
2022-02-09,12.71,13.37,13.4,12.71,1022643
2022-02-10,13.12,13.1,13.62,13.08,1032557
2022-02-11,13.04,12.35,13.47,12.265,1172931
2022-02-14,12.35,12.52,12.87,12.255,825189
2022-02-15,12.64,12.81,12.88,12.6,630964
2022-02-16,12.62,12.69,12.84,12.5,817348
2022-02-17,12.53,12.36,12.6,12.26,665502
2022-02-18,12.52,11.91,12.52,11.87,1114157
2022-02-22,11.74,10.85,11.955,10.85,1524016
2022-02-23,7.3,9.46,9.51,7.28,7405132
2022-02-24,8.71,10.92,10.95,8.69,3429769
2022-02-25,10.91,11.14,11.23,10.63,1669639
2022-02-28,11.0,11.13,11.42,10.84,1253465
2022-03-01,11.03,10.25,11.05,10.2,1271844
2022-03-02,10.38,10.45,10.64,10.21,859603
2022-03-03,10.65,10.26,10.75,10.01,1105881
2022-03-04,10.03,10.05,10.38,9.92,921550
2022-03-07,10.01,9.93,10.25,9.88,1978906
2022-03-08,10.15,10.11,10.46,9.79,898903
2022-03-09,10.39,10.3,10.6,10.19,1170818
2022-03-10,10.03,10.38,10.5,10.03,940152
2022-03-11,10.46,9.98,10.53,9.98,1002092
2022-03-14,10.15,10.08,10.5,9.88,1080713
2022-03-15,10.15,10.38,10.5,10.07,770959
2022-03-16,10.51,11.1,11.13,10.26,1411644
2022-03-17,10.5,10.95,10.99,10.5,1445798
2022-03-18,10.92,11.24,11.36,10.81,2720145
2022-03-21,11.02,10.62,11.08,10.5,1402017
2022-03-22,10.66,10.94,11.18,10.66,1233991
2022-03-23,10.79,10.94,11.12,10.7,619072
2022-03-24,10.96,11.04,11.08,10.71,672149
2022-03-25,11.04,11.01,11.2,10.85,436161
2022-03-28,11.0,10.97,11.115,10.78,442683
2022-03-29,11.21,11.63,11.72,11.21,612639
2022-03-30,11.59,11.46,11.667,11.41,453554
2022-03-31,11.42,11.16,11.58,11.06,727225
2022-04-01,11.2,11.65,11.69,11.2,580551
2022-04-04,11.69,11.77,12.13,11.67,926970
2022-04-05,11.71,11.19,11.795,11.125,687019
2022-04-06,11.0,10.89,11.18,10.79,436323
2022-04-07,10.79,10.95,11.025,10.66,725160
2022-04-08,10.32,9.5,10.46,9.2,2135206
2022-04-11,9.5,9.93,10.1,9.33,963248
2022-04-12,10.03,9.84,10.33,9.665,1099486
2022-04-13,9.79,10.16,10.33,9.71,615616
2022-04-14,10.4,10.22,10.4,10.02,1112659
2022-04-18,10.15,10.06,10.29,9.94,596933
2022-04-19,9.99,10.43,10.52,9.99,615525
2022-04-20,10.52,10.52,10.75,10.3,584660
2022-04-21,10.6,10.45,10.78,10.33,639422
2022-04-22,10.36,10.01,10.49,9.955,441402
2022-04-25,9.91,10.32,10.391,9.89,416671
2022-04-26,10.02,9.93,10.13,9.86,675428
2022-04-27,10.0,9.93,10.18,9.75,667138
2022-04-28,10.15,10.22,10.36,9.8601,414893
2022-04-29,10.15,9.89,10.37,9.77,796155
2022-05-02,9.87,10.24,10.27,9.74,550801
2022-05-03,10.25,10.33,10.46,10.05,370354
2022-05-04,10.36,10.37,10.42,9.815,563435
2022-05-05,10.12,10.09,10.16,9.82,912551
2022-05-06,10.05,9.79,10.11,9.7,771546
2022-05-09,9.6,9.17,9.805,9.11,1209817
2022-05-10,9.37,8.63,9.52,8.56,1408550
2022-05-11,9.0,8.17,9.24,8.1101,2266727
2022-05-12,8.03,8.97,9.0,8.0,1269464
2022-05-13,9.09,9.54,9.79,8.955,665867
2022-05-16,9.43,9.21,9.7,9.165,823380
2022-05-17,9.3,9.53,9.63,9.25,506602
2022-05-18,9.31,9.17,9.5,8.99,477493
2022-05-19,9.08,9.3,9.61,9.08,585842
2022-05-20,9.5,9.14,9.53,8.9,742915
2022-05-23,9.23,8.66,9.23,8.6,1206629
2022-05-24,8.54,8.04,8.63,7.875,4075923
2022-05-25,8.07,8.64,8.665,8.04,1272071
2022-05-26,8.7,8.94,9.02,8.59,908597
2022-05-27,9.07,9.44,9.48,9.06,614023
2022-05-31,9.29,9.23,9.4,8.9099,1317005
2022-06-01,9.24,8.94,9.39,8.9,719943
2022-06-02,8.96,9.26,9.43,8.94,639166
2022-06-03,9.12,8.76,9.12,8.69,811575
2022-06-06,8.92,8.78,9.08,8.72,648843
2022-06-07,8.66,8.77,8.82,8.54,464242
2022-06-08,8.73,8.45,8.8072,8.43,440307
2022-06-09,8.35,7.95,8.35,7.94,443594
2022-06-10,7.79,7.62,7.94,7.54,872052
2022-06-13,7.29,6.46,7.44,6.45,917142
2022-06-14,6.8,6.59,6.8,6.21,1215437
2022-06-15,6.69,6.72,6.855,6.37,1795907
2022-06-16,6.41,6.07,6.49,5.9918,1188440
2022-06-17,6.07,6.48,6.525,6.07,2494134
2022-06-21,6.6,6.46,6.7255,6.425,965990
2022-06-22,6.35,6.34,6.6,6.32,826784
2022-06-23,6.36,6.85,6.85,6.28,1180759
2022-06-24,6.93,7.2,7.3,6.8617,2136293
2022-06-27,7.26,7.26,7.305,6.92,1004075
2022-06-28,7.3,7.36,7.605,7.28,649318
2022-06-29,7.32,7.22,7.399,7.11,461640
2022-06-30,7.03,7.17,7.365,6.88,659795
2022-07-01,7.18,7.14,7.3,6.89,555665
2022-07-05,6.97,7.19,7.2,6.83,514719
2022-07-06,7.1,6.96,7.26,6.93,338166
2022-07-07,7.01,7.29,7.33,6.9375,589734
2022-07-08,7.22,7.12,7.42,7.05,541979
2022-07-11,7.05,6.72,7.055,6.68,490346
2022-07-12,6.73,6.69,6.91,6.6,376100
2022-07-13,6.58,6.72,6.73,6.5,435014
2022-07-14,6.58,6.21,6.67,6.17,629460
2022-07-15,5.92,5.99,6.13,5.63,1432111
2022-07-18,6.09,6.02,6.3,5.99,825821
2022-07-19,6.2,6.75,6.795,6.19,1231681
2022-07-20,6.59,6.85,7.03,6.49,682332
2022-07-21,6.74,6.79,6.84,6.63,357855
2022-07-22,6.82,6.32,6.92,6.245,741314
2022-07-25,6.36,6.29,6.465,6.2,559219
2022-07-26,6.11,6.01,6.18,5.945,573345
2022-07-27,6.15,6.27,6.34,6.08,715407
2022-07-28,6.28,6.59,6.62,6.02,773795
2022-07-29,6.59,6.74,6.77,6.434,621402
2022-08-01,6.63,6.92,6.99,6.5238,431585
2022-08-02,6.88,6.77,7.01,6.76,291836
2022-08-03,6.87,7.09,7.14,6.87,477276
2022-08-04,7.12,6.98,7.18,6.9,465084
2022-08-05,6.83,7.01,7.13,6.7985,325548
2022-08-08,7.1,7.04,7.38,7.035,518057
2022-08-09,6.9,6.88,6.95,6.67,751671
2022-08-10,5.75,5.8,6.23,5.4,4130492
2022-08-11,5.83,5.81,5.97,5.6101,1487768
2022-08-12,5.85,5.76,5.9,5.71,1345251
2022-08-15,5.7,5.82,6.05,5.69,1041577
2022-08-16,5.66,5.67,5.78,5.47,2123121
2022-08-17,5.55,5.48,5.57,5.32,1278651
2022-08-18,5.43,5.46,5.525,5.38,632096
2022-08-19,5.37,5.42,5.46,5.175,1023512
2022-08-22,5.33,5.29,5.41,5.24,945552
2022-08-23,5.14,5.25,5.33,5.14,1419611
2022-08-24,5.25,5.17,5.33,5.1366,1162328
2022-08-25,5.23,5.14,5.31,5.1,1212894
2022-08-26,5.17,4.78,5.2289,4.54,1954973
2022-08-29,4.71,4.66,4.74,4.625,1218113
2022-08-30,4.67,4.61,4.74,4.55,1229151
2022-08-31,4.71,4.46,4.715,4.45,2021890
2022-09-01,4.51,4.6,4.62,4.19,2146494
2022-09-02,4.67,4.82,4.86,4.55,1350756
2022-09-06,4.79,4.63,4.855,4.62,1164030
2022-09-07,4.59,4.76,4.79,4.59,932880
2022-09-08,4.72,4.95,4.995,4.68,1002928
2022-09-09,4.96,5.32,5.38,4.96,1157120
2022-09-12,5.43,6.32,6.45,5.42,7772390
2022-09-13,5.98,5.8,6.14,5.68,3331511
2022-09-14,5.72,5.69,5.97,5.505,3682740
2022-09-15,5.64,5.44,5.86,5.44,4275433
2022-09-16,5.35,5.33,5.585,5.25,16776558
2022-09-19,5.14,5.5,5.51,5.14,1804831
2022-09-20,5.43,5.28,5.505,5.28,1455716
2022-09-21,5.33,5.32,5.5419,5.24,1571761
2022-09-22,5.31,5.07,5.32,4.99,1549156
2022-09-23,4.94,4.98,5.06,4.855,1547314
2022-09-26,4.98,4.46,5.12,4.42,2025828
2022-09-27,4.49,4.26,4.505,4.205,1991234
2022-09-28,4.28,4.49,4.56,4.215,1556219
2022-09-29,4.42,4.36,4.46,4.225,2368645
2022-09-30,4.35,4.08,4.385,4.07,1698243
2022-10-03,4.07,4.09,4.215,4.02,1666846
2022-10-04,4.2,4.8,4.96,4.2,2337072
2022-10-05,4.72,4.64,4.79,4.59,1258352
2022-10-06,4.56,4.45,4.61,4.43,1007060
2022-10-07,4.41,4.42,4.44,4.28,2051223
2022-10-10,4.44,4.18,4.46,4.135,2020610
2022-10-11,4.01,4.04,4.22,3.76,2102164
2022-10-12,4.02,3.97,4.06,3.86,1855088
2022-10-13,3.79,3.96,4.04,3.7,2160451
2022-10-14,4.03,3.8,4.1393,3.79,1364871
2022-10-17,4.02,4.32,4.34,3.91,2174841
2022-10-18,4.47,4.43,4.585,4.385,1660676
2022-10-19,4.32,4.04,4.325,3.98,1334881
2022-10-20,4.06,4.41,4.48,4.03,1567155
2022-10-21,4.41,4.45,4.49,4.23,2950562
2022-10-24,4.38,4.54,4.625,4.13,1071474
2022-10-25,4.59,4.77,4.83,4.55,1271822
2022-10-26,4.77,4.88,5.17,4.69,1528051
2022-10-27,4.94,4.89,5.09,4.88,639176
2022-10-28,4.92,5.13,5.19,4.79,795539
2022-10-31,5.03,5.15,5.19,5.02,1227632
2022-11-01,5.28,5.16,5.31,5.13,745182
2022-11-02,5.13,4.81,5.1385,4.77,1104510
2022-11-03,4.72,4.51,4.73,4.505,709915
2022-11-04,4.64,4.63,4.66,4.49,909710
2022-11-07,4.67,4.81,4.81,4.58,1250472
2022-11-08,4.83,4.85,5.065,4.66,1054514
2022-11-09,4.36,4.36,4.455,4.0,2326745
2022-11-10,5.03,5.92,5.95,4.995,2180769
2022-11-11,5.63,5.6,5.9,5.515,2541745
2022-11-14,5.5,5.7,5.79,5.04,1541444
2022-11-15,5.72,5.86,6.07,5.62,1294297
2022-11-16,5.79,5.09,5.8,5.07,1136954
2022-11-17,5.07,4.95,5.1,4.76,1195120
2022-11-18,5.08,4.72,5.08,4.7,734825
2022-11-21,4.61,4.75,4.8,4.45,805975
2022-11-22,4.71,4.63,4.71,4.47,685964
2022-11-23,4.63,4.81,4.82,4.57,621290
2022-11-25,4.72,4.76,4.82,4.72,192671
2022-11-28,4.67,4.54,4.77,4.515,697676
2022-11-29,4.32,4.54,4.65,4.32,988479
2022-11-30,4.59,4.88,4.89,4.47,1517986
2022-12-01,4.86,4.94,5.29,4.86,1834527
2022-12-02,4.8,4.85,5.01,4.73,1019297
2022-12-05,4.14,4.1,4.5,4.05,2252859
2022-12-06,4.12,3.95,4.2,3.91,1326461
2022-12-07,3.88,3.8,3.97,3.79,1454732
2022-12-08,3.82,3.2,3.915,3.11,8352859
2022-12-09,3.34,3.23,3.475,3.135,5126324
2022-12-12,3.2,3.51,3.57,2.915,7155797
2022-12-13,3.67,3.28,3.83,3.16,6289741
2022-12-14,3.3,3.2,3.41,3.12,4044618
2022-12-15,3.12,3.13,3.21,3.06,4218710
2022-12-16,3.02,2.94,3.1,2.78,21475772
2022-12-19,2.925,2.75,2.94,2.58,3412588
2022-12-20,2.7,2.76,2.85,2.68,1928104
2022-12-21,2.84,2.84,2.97,2.79,1943660
2022-12-22,2.82,2.74,2.825,2.645,2143367
2022-12-23,2.73,2.64,2.81,2.62,1315491
2022-12-27,2.62,2.57,2.62,2.5115,1141135
2022-12-28,2.55,2.6,2.66,2.55,1327888
2022-12-29,2.64,2.9,2.915,2.625,2023096
2022-12-30,2.825,2.95,2.98,2.8,1664133
2023-01-03,3.02,2.91,3.135,2.84,1431356
2023-01-04,2.94,2.95,3.045,2.9,1188465
2023-01-05,2.9,2.75,2.9,2.74,1515599
2023-01-06,2.79,2.69,2.83,2.66,1381511
2023-01-09,2.73,2.67,2.845,2.65,2625159
2023-01-10,2.67,2.55,2.73,2.515,1845284
2023-01-11,2.59,2.62,2.66,2.54,1451471
2023-01-12,2.62,2.69,2.765,2.62,1669703
2023-01-13,2.68,2.82,2.88,2.6099,1997983
2023-01-17,2.79,3.0,3.11,2.75,3213054
2023-01-18,3.05,2.86,3.15,2.83,1350968
2023-01-19,2.81,2.8,2.84,2.675,1691251
2023-01-20,2.84,2.85,2.89,2.705,2231939
2023-01-23,2.9,2.93,2.98,2.82,972028
2023-01-24,2.94,2.92,3.12,2.895,873088
2023-01-25,2.86,2.87,2.91,2.8,568549
2023-01-26,2.88,2.93,3.0,2.86,886361
2023-01-27,2.93,3.06,3.08,2.91,839460
2023-01-30,3.06,2.95,3.075,2.93,605442
2023-01-31,2.97,3.0,3.05,2.93,919839
2023-02-01,3.0,3.29,3.35,3.0,1627789
2023-02-02,3.41,3.43,3.565,3.295,2210005
2023-02-03,3.32,3.32,3.42,3.26,1251665
2023-02-06,3.29,3.11,3.33,3.09,876616
2023-02-07,3.12,3.13,3.1685,3.02,1209731
2023-02-08,3.09,3.14,3.1885,3.07,685324
2023-02-09,3.18,2.95,3.2299,2.94,1024414
2023-02-10,2.91,3.0,3.07,2.87,871649
2023-02-13,3.03,3.08,3.08,2.985,606251
2023-02-14,3.06,3.02,3.075,2.955,602993
2023-02-15,2.99,3.17,3.18,2.96,905991
2023-02-16,3.1,3.01,3.15,3.0,762299
2023-02-17,3.04,2.93,3.045,2.84,894817
2023-02-21,2.84,2.74,2.8885,2.69,1205403
2023-02-22,2.75,2.64,2.84,2.64,1307282
2023-02-23,2.98,2.67,3.12,2.63,2078092
2023-02-24,2.62,2.43,2.645,2.4,1818486
2023-02-27,2.44,2.35,2.48,2.3,1476327
2023-02-28,2.32,2.35,2.41,2.32,1200884
2023-03-01,2.32,2.28,2.36,2.25,1304205
2023-03-02,2.25,2.34,2.36,2.202,1385711
2023-03-03,2.36,2.45,2.48,2.32,970601
2023-03-06,2.45,2.39,2.56,2.375,1000086
2023-03-07,2.38,2.25,2.42,2.22,961227
2023-03-08,2.32,2.42,2.45,2.23,1309969
2023-03-09,2.4,2.38,2.565,2.36,1424389
2023-03-10,2.33,2.13,2.33,2.12,1423859
2023-03-13,2.11,2.07,2.14,2.02,1984881
2023-03-14,2.07,2.12,2.22,2.07,1504285
2023-03-15,2.05,2.14,2.16,2.05,1183885
2023-03-16,2.14,2.12,2.18,2.055,1255986
2023-03-17,2.03,1.92,2.1,1.915,4170995
2023-03-20,1.71,1.75,1.87,1.57,3256073
2023-03-21,1.8,1.875,1.94,1.8,1325294
2023-03-22,1.88,1.655,1.88,1.65,1583773
2023-03-23,1.71,1.75,1.995,1.7,2204032
2023-03-24,1.71,1.76,1.785,1.7,774230
2023-03-27,1.81,1.83,1.85,1.7,1115412
2023-03-28,1.8,1.75,1.84,1.75,789548
2023-03-29,1.8,1.79,1.84,1.725,874557
2023-03-30,1.84,1.75,1.87,1.735,721531
2023-03-31,1.76,1.88,1.905,1.76,1011187
2023-04-03,1.87,1.76,1.93,1.745,1021788
2023-04-04,1.75,1.67,1.78,1.61,1509593
2023-04-05,1.65,1.66,1.695,1.579,1564699
2023-04-06,1.66,1.77,1.825,1.61,1387101
2023-04-10,1.76,1.89,1.89,1.72,847484
2023-04-11,1.88,1.84,1.92,1.83,2370411
2023-04-12,1.88,2.01,2.06,1.88,2369986
2023-04-13,2.06,1.9,2.11,1.88,2120477
2023-04-14,1.9,1.79,1.915,1.74,1125439
2023-04-17,1.82,2.24,2.26,1.78,4266983
2023-04-18,2.21,2.17,2.2201,2.0,2810498
2023-04-19,2.14,1.92,2.17,1.89,1775785
2023-04-20,1.91,1.88,2.06,1.84,2657397
2023-04-21,1.87,1.78,1.885,1.72,6889133
2023-04-24,1.72,1.52,1.75,1.51,2831772
2023-04-25,1.52,1.435,1.58,1.4,3085432
2023-04-26,1.43,1.45,1.4999,1.4,1300838
2023-04-27,1.41,1.49,1.51,1.39,1295067
2023-04-28,1.47,1.46,1.57,1.45,1237578
2023-05-01,1.44,1.36,1.48,1.335,1611123
2023-05-02,1.35,1.32,1.375,1.28,1875439
2023-05-03,1.33,1.33,1.43,1.32,1557294
2023-05-04,1.32,1.31,1.36,1.3,1413276
