2022-07-25,25.17,25.1645,25.19,25.1645,336
2022-07-26,25.1326,25.1326,25.1326,25.1326,0
2022-07-27,25.2282,25.2282,25.2282,25.2282,0
2022-07-28,25.36,25.445,25.445,25.36,795
2022-07-29,25.5805,25.5805,25.5805,25.5805,10
2022-08-01,25.59,25.59,25.59,25.59,0
2022-08-02,25.56,25.455,25.56,25.455,396
2022-08-03,25.565,25.565,25.565,25.565,0
2022-08-04,25.63,25.63,25.63,25.63,5
2022-08-05,25.495,25.495,25.495,25.495,0
2022-08-08,25.5823,25.5823,25.5823,25.5823,0
2022-08-09,25.4938,25.4938,25.4938,25.4938,1
2022-08-10,25.65,25.65,25.65,25.65,2
2022-08-11,25.645,25.645,25.645,25.645,0
2022-08-12,25.73,25.73,25.73,25.73,0
2022-08-15,25.7286,25.7286,25.7286,25.7286,0
2022-08-16,25.68,25.68,25.68,25.68,0
2022-08-17,25.5434,25.5434,25.5434,25.5434,0
2022-08-18,25.5993,25.5993,25.5993,25.5993,0
2022-08-19,25.455,25.455,25.455,25.455,0
2022-08-22,25.31,25.31,25.31,25.31,0
2022-08-23,25.3042,25.3042,25.3042,25.3042,1
2022-08-24,25.29,25.29,25.29,25.29,0
2022-08-25,25.4036,25.4036,25.4036,25.4036,0
2022-08-26,25.34,25.3,25.34,25.3,100000
2022-08-29,25.2,25.11092,25.2,25.2,0
2022-08-30,25.0233,25.0233,25.0233,25.0233,0
2022-08-31,25.01,24.9197,25.01,24.9197,100000
2022-09-01,24.82,24.82,24.82,24.82,1
2022-09-02,24.87,24.87,24.87,24.87,1
2022-09-06,24.75,24.75,24.75,24.75,11
2022-09-07,24.885,24.885,24.885,24.885,25
2022-09-08,24.92,24.9006,24.92,24.9006,100001
2022-09-09,24.9802,24.9802,24.9802,24.9802,3
2022-09-12,25.06,25.0,25.06,25.0,100000
2022-09-13,24.813,24.813,24.813,24.813,0
2022-09-14,24.8199,24.8199,24.8199,24.8199,0
2022-09-15,24.775,24.775,24.775,24.775,0
2022-09-16,24.725,24.725,24.725,24.725,0
2022-09-19,24.735,24.735,24.735,24.735,0
2022-09-20,24.645,24.645,24.645,24.645,0
2022-09-21,24.68,24.6242,24.68,24.6242,100000
2022-09-22,24.4754,24.4754,24.4754,24.4754,0
2022-09-23,24.3625,24.3625,24.3625,24.3625,0
2022-09-26,24.28,24.1145,24.28,24.1145,100000
2022-09-27,23.97,23.89231,23.97,23.97,0
2022-09-28,24.0597,24.0597,24.0597,24.0597,0
2022-09-29,23.94,23.94,23.94,23.94,0
2022-09-30,23.8764,23.8764,23.8764,23.8764,1
2022-10-03,24.08,24.0762,24.08,24.0762,100
2022-10-04,24.2758,24.2758,24.2758,24.2758,0
2022-10-05,24.17,24.17,24.17,24.17,1
2022-10-06,24.1238,24.1238,24.1238,24.1238,1
2022-10-07,23.9974,23.9974,23.9974,23.9974,0
2022-10-10,23.925,23.925,23.925,23.925,0
2022-10-11,23.92,23.8589,23.92,23.8589,100
2022-10-12,23.8422,23.8422,23.8422,23.8422,0
2022-10-13,23.8061,23.8061,23.8061,23.8061,0
2022-10-14,23.7111,23.7111,23.7111,23.7111,0
2022-10-17,23.7857,23.7857,23.7857,23.7857,0
2022-10-18,23.855,23.855,23.855,23.855,0
2022-10-19,23.695,23.695,23.695,23.695,0
2022-10-20,23.6202,23.6202,23.6202,23.6202,0
2022-10-21,23.695,23.695,23.695,23.695,0
2022-10-24,23.6931,23.6931,23.6931,23.6931,0
2022-10-25,23.865,23.865,23.865,23.865,1
2022-10-26,23.965,23.965,23.965,23.965,0
2022-10-27,24.0024,23.95373,24.11,24.0024,12911
2022-10-28,23.986,23.986,23.986,23.986,0
2022-10-31,23.89,23.8912,23.8912,23.89,100
2022-11-01,23.97,23.96,23.98,23.96,401
2022-11-02,23.8897,23.8897,23.8897,23.8897,3
2022-11-03,23.82,23.82,23.82,23.82,1
2022-11-04,23.89,23.89,23.89,23.89,0
2022-11-07,23.8937,23.8937,23.8937,23.8937,0
2022-11-08,23.985,23.985,23.985,23.985,4
2022-11-09,23.9481,23.9481,23.9481,23.9481,0
2022-11-10,24.41,24.41,24.41,24.41,0
2022-11-11,24.48,24.48,24.48,24.48,0
2022-11-14,24.3936,24.3936,24.3936,24.3936,0
2022-11-15,24.5524,24.5524,24.5524,24.5524,0
2022-11-16,24.63,24.63,24.63,24.63,0
2022-11-17,24.55,24.55,24.55,24.55,0
2022-11-18,24.5427,24.5427,24.5427,24.5427,0
2022-11-21,24.5472,24.5472,24.5472,24.5472,0
2022-11-22,24.625,24.625,24.625,24.625,0
2022-11-23,24.73,24.73,24.73,24.73,0
2022-11-25,24.7252,24.7252,24.7252,24.7252,0
2022-11-28,24.725,24.62272,24.725,24.725,0
2022-11-29,24.6151,24.6151,24.6151,24.6151,0
2022-11-30,24.7545,24.7545,24.7545,24.7545,0
2022-12-01,24.8936,24.8936,24.8936,24.8936,1
2022-12-02,24.9726,24.9726,24.9726,24.9726,1
2022-12-05,24.8429,24.8429,24.8429,24.8429,1
2022-12-06,24.91,24.91,24.91,24.91,1
2022-12-07,24.9946,24.9946,24.9946,24.9946,1
2022-12-08,24.9722,24.9722,24.9722,24.9722,1
2022-12-09,24.9046,24.9046,24.9046,24.9046,0
2022-12-12,24.9311,24.9311,24.9311,24.9311,0
2022-12-13,25.0855,25.0855,25.0855,25.0855,0
2022-12-14,25.095,25.095,25.095,25.095,0
2022-12-15,25.0731,25.0731,25.0731,25.0731,4
2022-12-16,25.0024,25.0024,25.0024,25.0024,0
2022-12-19,24.89,24.89,24.89,24.89,0
2022-12-20,24.8275,24.8275,24.8275,24.8275,0
2022-12-21,24.8903,24.8903,24.8903,24.8903,4
2022-12-22,24.855,24.855,24.855,24.855,0
2022-12-23,24.825,24.825,24.825,24.825,0
2022-12-27,24.78,24.64171,24.78,24.75,23866
2022-12-28,24.5464,24.5464,24.5464,24.5464,0
2022-12-29,24.64,24.64,24.64,24.64,0
2022-12-30,24.565,24.565,24.565,24.565,1
2023-01-03,24.6577,24.6577,24.6577,24.6577,1
2023-01-04,24.7902,24.7902,24.7902,24.7902,1
2023-01-05,24.77,24.765,24.77,24.765,103
2023-01-06,24.985,24.985,24.985,24.985,1
2023-01-09,25.0352,25.0352,25.0352,25.0352,1
2023-01-10,25.0252,25.0252,25.0252,25.0252,0
2023-01-11,25.14,25.1402,25.1402,25.14,100
2023-01-12,25.27,25.27,25.27,25.27,0
2023-01-13,25.27,25.27,25.27,25.27,1
2023-01-17,25.2551,25.2551,25.2551,25.2551,0
2023-01-18,25.4147,25.4147,25.4147,25.4147,0
2023-01-19,25.3797,25.3797,25.3797,25.3797,1
2023-01-20,25.33,25.33,25.33,25.33,0
2023-01-23,25.325,25.325,25.325,25.325,0
2023-01-24,25.4002,25.4002,25.4002,25.4002,0
2023-01-25,25.4207,25.4207,25.4207,25.4207,0
2023-01-26,25.4214,25.4214,25.4214,25.4214,0
2023-01-27,25.4114,25.32934,25.4114,25.4114,0
2023-01-30,25.265,25.265,25.265,25.265,1
2023-01-31,25.3561,25.3561,25.3561,25.3561,0
2023-02-01,25.36,25.495,25.495,25.36,103
2023-02-02,25.5905,25.5905,25.5905,25.5905,4
2023-02-03,25.43,25.43,25.43,25.43,1
2023-02-06,25.3116,25.3116,25.3116,25.3116,0
2023-02-07,25.3058,25.3058,25.3058,25.3058,21
2023-02-08,25.2862,25.2862,25.2862,25.2862,0
2023-02-09,25.2151,25.2151,25.2151,25.2151,0
2023-02-10,25.1378,25.1378,25.1378,25.1378,0
2023-02-13,25.15,25.15,25.15,25.15,1
2023-02-14,25.09,25.09,25.09,25.09,0
2023-02-15,25.0404,25.0404,25.0404,25.0404,0
2023-02-16,24.9589,24.9589,24.9589,24.9589,0
2023-02-17,24.9802,24.9802,24.9802,24.9802,0
2023-02-21,24.7751,24.7751,24.7751,24.7751,0
2023-02-22,24.845,24.845,24.845,24.845,0
2023-02-23,24.9337,24.9337,24.9337,24.9337,0
2023-02-24,24.805,24.71582,24.805,24.805,6
2023-02-27,24.7646,24.7646,24.7646,24.7646,0
2023-02-28,24.74,24.74,24.74,24.74,1
2023-03-01,24.675,24.675,24.675,24.675,4
2023-03-02,24.5889,24.5889,24.5889,24.5889,12
2023-03-03,24.7294,24.7294,24.7294,24.7294,16
2023-03-06,24.67,24.695,24.695,24.67,100
2023-03-07,24.665,24.665,24.665,24.665,0
2023-03-08,24.6416,24.6416,24.6416,24.6416,1
2023-03-09,24.6479,24.6479,24.6479,24.6479,0
2023-03-10,24.796,24.796,24.796,24.796,0
2023-03-13,24.82,24.82,24.82,24.82,3
2023-03-14,24.7837,24.7837,24.7837,24.7837,0
2023-03-15,24.7859,24.7859,24.7859,24.7859,0
2023-03-16,24.7512,24.7512,24.7512,24.7512,0
2023-03-17,24.7592,24.7592,24.7592,24.7592,1
2023-03-20,24.7335,24.7335,24.7335,24.7335,0
2023-03-21,24.741,24.741,24.741,24.741,0
2023-03-22,24.8354,24.8354,24.8354,24.8354,0
2023-03-23,24.9115,24.9115,24.9115,24.9115,0
2023-03-24,24.925,24.925,24.925,24.925,0
2023-03-27,24.7849,24.7849,24.7849,24.7849,0
2023-03-28,24.7911,24.69412,24.7911,24.7911,0
2023-03-29,24.755,24.755,24.755,24.755,0
2023-03-30,24.84,24.84,24.84,24.84,40
2023-03-31,24.9,24.9337,24.9337,24.9,406
2023-04-03,25.05,25.035,25.05,25.035,12687
2023-04-04,25.0566,25.0566,25.0566,25.0566,21
2023-04-05,25.105,25.105,25.105,25.105,0
2023-04-06,25.1106,25.1106,25.1106,25.1106,1
2023-04-10,25.0253,25.0253,25.0253,25.0253,0
2023-04-11,25.09,25.09,25.09,25.06,12705
2023-04-12,25.055,25.055,25.055,25.055,1
2023-04-13,25.1214,25.1214,25.1214,25.1214,1
2023-04-14,25.02,25.02,25.02,25.02,202
2023-04-17,24.965,24.965,24.965,24.965,57
2023-04-18,24.95,24.985,24.985,24.95,100
2023-04-19,24.9329,24.9367,24.9685,24.9329,959
2023-04-20,25.0,24.9702,25.0,24.9702,202
2023-04-21,25.0001,24.976,25.0001,24.976,1007
2023-04-24,25.02,25.02,25.02,25.02,6
2023-04-25,25.0936,25.0936,25.0936,25.0936,0
2023-04-26,25.0404,24.9446,25.0404,25.0404,0
2023-04-27,24.9205,24.9205,24.9205,24.9205,10
2023-04-28,24.9829,24.9829,24.9829,24.9829,6
2023-05-01,24.8353,24.8353,24.8353,24.8353,1
2023-05-02,24.935,24.935,24.935,24.935,1
2023-05-03,24.9673,24.9673,24.9673,24.9673,4
2023-05-04,24.96,24.96,24.96,24.96,111
2023-05-05,24.96,24.96,24.96,24.96,1
2023-05-08,24.8799,24.865,24.88,24.865,814
2023-05-09,24.87,24.8401,24.87,24.8401,101
2023-05-10,24.93,24.93,24.93,24.93,1
2023-05-11,24.96,24.96,24.96,24.96,1
2023-05-12,24.8851,24.8851,24.8851,24.8851,22
2023-05-15,24.87,24.87,24.87,24.87,2
2023-05-16,24.7961,24.7961,24.7961,24.7961,0
2023-05-17,24.7922,24.7922,24.7922,24.7922,3
2023-05-18,24.7426,24.7426,24.7426,24.7426,20
2023-05-19,24.705,24.705,24.705,24.705,50
