2020-05-11,25.55,25.6433,25.6433,25.55,458499
2020-05-12,25.1469,25.1469,25.1469,25.1469,416136
2020-05-13,25.1099,24.7655,25.1099,24.7655,542598
2020-05-14,24.6277,24.6277,24.6277,24.6277,230772
2020-05-15,24.8529,24.8529,24.8529,24.8529,226116
2020-05-18,25.5802,25.5802,25.5802,25.5802,0
2020-05-19,25.62,25.3025,25.64,25.3025,3157
2020-05-20,25.69,25.5339,25.69,25.5339,3788
2020-05-21,25.37,25.459,25.47,25.37,350077
2020-05-22,25.49,25.5415,25.5415,25.49,402504
2020-05-26,26.0,25.7785,26.0,25.76,137903
2020-05-27,25.82,26.3534,26.3534,25.82,5952
2020-05-28,26.52,26.2953,26.6,26.2953,2227
2020-05-29,26.22,26.5224,26.5224,26.15,32407
2020-06-01,26.6156,26.6156,26.6156,26.6156,1302
2020-06-02,26.6395,26.6395,26.6395,26.6395,2
2020-06-03,26.815,26.7859,26.815,26.7859,1842
2020-06-04,26.75,26.663,26.82,26.64,10326
2020-06-05,27.14,27.0915,27.24,27.0915,49827
2020-06-08,27.41,27.5195,27.5195,27.41,18224
2020-06-09,27.194,27.194,27.194,27.194,18224
2020-06-10,26.8429,26.8429,26.8429,26.8429,52
2020-06-11,25.93,25.4971,25.93,25.4971,207
2020-06-12,25.5747,25.5747,25.5747,25.5747,45908
2020-06-15,25.34,25.9053,25.9053,25.34,1704
2020-06-16,26.32,26.1975,26.32,26.1975,189
2020-06-17,26.28,26.1475,26.28,26.1475,4890
2020-06-18,26.16,26.0604,26.16,26.0604,1346
2020-06-19,26.12,26.0381,26.12,26.0381,374
2020-06-22,26.0,26.0905,26.0905,26.0,390
2020-06-23,26.0481,26.0481,26.0481,26.0481,390
2020-06-24,25.595,25.595,25.595,25.595,0
2020-06-25,25.53,25.7366,25.7366,25.53,1948
2020-06-26,25.47,25.4492,25.54,25.4492,2334
2020-06-29,25.91,25.787444,25.91,25.8132,2047
2020-06-30,26.025,26.1775,26.1775,26.0,1618
2020-07-01,26.1713,26.1713,26.1713,26.1713,196465
2020-07-02,26.35,26.2657,26.35,26.2657,1894
2020-07-06,26.4452,26.4452,26.4452,26.4452,0
2020-07-07,26.2977,26.2977,26.2977,26.2977,81
2020-07-08,26.23,26.23,26.23,26.23,3819
2020-07-09,26.19,26.1058,26.19,26.1058,3544
2020-07-10,26.25,26.2912,26.2912,26.25,9050
2020-07-13,25.9974,25.9974,25.9974,25.9974,0
2020-07-14,26.3499,26.3499,26.3499,26.3499,0
2020-07-15,26.81,26.8156,26.9,26.81,1586
2020-07-16,26.77,26.7321,26.75,26.7321,2726
2020-07-17,26.9556,26.9556,26.9556,26.9556,2726
2020-07-20,26.9792,26.9792,26.9792,26.9792,74
2020-07-21,27.33,27.1962,27.33,27.1962,286
2020-07-22,27.21,27.2107,27.2107,27.21,3052
2020-07-23,27.2275,27.2275,27.2275,27.2275,3052
2020-07-24,27.1,27.0512,27.119,27.0437,1646
2020-07-27,27.1,27.2719,27.2719,27.1,3910
2020-07-28,27.3291,27.1706,27.36,27.1706,2008
2020-07-29,27.51,27.5143,27.5143,27.51,3500
2020-07-30,27.56,27.501725,27.56,27.5052,101
2020-07-31,27.44,27.4406,27.4406,27.24,1863
2020-08-03,27.7407,27.7407,27.7407,27.7407,1370
2020-08-04,27.77,27.8722,27.8722,27.77,7574
2020-08-05,27.97,27.9795,27.9795,27.97,1000
2020-08-06,27.87,27.8193,27.87,27.8193,148
2020-08-07,28.05,28.1099,28.1099,28.05,340
2020-08-10,28.0086,28.0086,28.0086,28.0086,68
2020-08-11,27.85,27.7688,27.85,27.7688,6771
2020-08-12,28.04,27.9362,28.05,27.9362,18939
2020-08-13,27.95,27.95,27.95,27.95,18939
2020-08-14,28.0788,27.9422,28.0788,27.94,2557
2020-08-17,28.04,28.0298,28.08,28.0298,739
2020-08-18,27.93,27.9427,27.9427,27.85,348
2020-08-19,28.03,27.8966,28.03,27.8966,194
2020-08-20,27.8107,27.8107,27.8107,27.8107,52
2020-08-21,27.7149,27.7149,27.7149,27.7149,673
2020-08-24,27.7501,27.8191,27.8191,27.72,11791
2020-08-25,27.84,27.864,27.864,27.75,1615
2020-08-26,27.89,27.8584,27.89,27.85,2310
2020-08-27,27.87,27.827,27.87,27.827,571
2020-08-28,27.72,27.746356,27.7697,27.72,8562
2020-08-31,27.74,27.7388,27.765,27.73,2322
2020-09-01,27.662,27.662,27.662,27.662,433
2020-09-02,28.0817,28.0817,28.0817,28.0817,710
2020-09-03,27.65,27.3677,27.67,27.3,1130
2020-09-04,27.22,27.1614,27.22,27.1614,185
2020-09-08,26.72,26.73,26.73,26.72,451
2020-09-09,27.046,27.046,27.046,27.046,451
2020-09-10,27.0,26.7535,27.0,26.7535,284
2020-09-11,26.69,26.6713,26.69,26.6713,4685
2020-09-14,26.9845,26.9845,26.9845,26.9845,0
2020-09-15,27.05,26.9584,27.05,26.9584,167
2020-09-16,27.21,27.0051,27.21,27.0051,2297
2020-09-17,26.86,26.8474,26.86,26.8474,1892
2020-09-18,26.85,26.8229,26.91,26.8229,1487
2020-09-21,26.4175,26.4175,26.4175,26.4175,94
2020-09-22,26.5491,26.5491,26.5491,26.5491,94
2020-09-23,26.45,26.0862,26.62,26.0862,5174
2020-09-24,26.09,26.1065,26.1065,26.09,171
2020-09-25,26.09,26.3452,26.3452,26.09,331
2020-09-28,26.7015,26.7015,26.7015,26.7015,133
2020-09-29,26.75,26.693401,26.75,26.7048,150
2020-09-30,26.94,26.7979,26.94,26.7979,41291
2020-10-01,26.74,26.8264,26.8264,26.74,12030
2020-10-02,26.775,26.8427,26.8427,26.775,1614
2020-10-05,27.24,27.3085,27.3085,27.24,3669
2020-10-06,27.49,27.3635,27.75,27.32,20902
2020-10-07,27.58,27.6096,27.6096,27.57,1183
2020-10-08,27.78,27.8036,27.8036,27.78,1810
2020-10-09,28.13,28.0305,28.13,27.98,3524
2020-10-12,28.18,28.2832,28.2832,28.18,7973
2020-10-13,28.2185,28.2185,28.2185,28.2185,0
2020-10-14,28.33,28.0605,28.33,28.0605,2318
2020-10-15,28.17,28.1125,28.18,28.1125,369
2020-10-16,28.0747,28.0747,28.0747,28.0747,0
2020-10-19,28.05,27.6881,28.07,27.6881,4007
2020-10-20,27.7336,27.7336,27.7336,27.7336,2022
2020-10-21,27.8,27.6944,27.84,27.6944,3100
2020-10-22,27.77,27.8692,27.8692,27.77,207
2020-10-23,28.03,28.0454,28.0454,27.97,19476
2020-10-26,27.7112,27.7112,27.7112,27.7112,0
2020-10-27,27.6377,27.6377,27.6377,27.6377,0
2020-10-28,27.12,26.8877,27.12,26.8877,4587
2020-10-29,26.87,26.9656,26.9656,26.87,387
2020-10-30,26.65,26.6319,26.65,26.6319,8485
2020-11-02,27.0,26.9691,27.02,26.9691,8373
2020-11-03,27.49,27.5014,27.5014,27.49,14313
2020-11-04,27.84,27.6267,27.84,27.6267,1047
2020-11-05,27.9805,27.9805,27.9805,27.9805,0
2020-11-06,28.0218,28.0218,28.0218,28.0218,0
2020-11-09,27.9223,27.9223,27.9223,27.9223,1
2020-11-10,28.16,28.2613,28.3,28.16,16096
2020-11-11,28.4351,28.4351,28.4351,28.4351,0
2020-11-12,28.275,28.161,28.275,28.161,527
2020-11-13,28.44,28.5643,28.5643,28.44,987
2020-11-16,28.8011,28.8011,28.8011,28.8011,5
2020-11-17,28.777,28.777,28.777,28.777,0
2020-11-18,28.74,28.374,28.74,28.374,16645
2020-11-19,28.38,28.4582,28.4582,28.38,219
2020-11-20,28.49,28.445,28.49,28.445,3838
2020-11-23,28.5307,28.5307,28.5307,28.5307,0
2020-11-24,28.72,28.7412,28.7412,28.67,3939
2020-11-25,28.6701,28.6701,28.6701,28.6701,0
2020-11-27,28.69,28.77483,28.796,28.685,738
2020-11-30,28.65,28.6996,28.6996,28.65,2998
2020-12-01,28.8916,28.8916,28.8916,28.8916,1
2020-12-02,28.785,28.785,28.785,28.785,1
2020-12-03,28.7352,28.7352,28.7352,28.7352,41
2020-12-04,29.03,29.1238,29.1238,29.03,3323
2020-12-07,29.23,29.1487,29.23,29.1487,2742
2020-12-08,29.3843,29.3843,29.3843,29.3843,0
2020-12-09,29.3793,29.3793,29.3793,29.3793,0
2020-12-10,29.44,29.4924,29.4924,29.3925,2958
2020-12-11,29.32,29.4016,29.41,29.25,2980
2020-12-14,29.68,29.4514,29.68,29.4514,9480
2020-12-15,29.66,29.8094,29.8094,29.66,1345
2020-12-16,29.88,29.7947,29.88,29.7947,402
2020-12-17,30.02,30.095,30.095,29.975,2025
2020-12-18,30.26,30.1655,30.26,30.1655,7443
2020-12-21,29.98,29.9966,30.0,29.945,3762
2020-12-22,30.07,30.1147,30.1147,30.07,3320
2020-12-23,30.25,30.2646,30.33,30.25,3539
2020-12-24,30.21,30.2083,30.2286,30.2083,2167
2020-12-28,30.41,30.285,30.41,30.285,567
2020-12-29,30.0564,30.0564,30.0564,30.0564,6
2020-12-30,30.1626,30.126484,30.1626,30.1626,176
2020-12-31,30.025,30.2369,30.2369,30.025,662
2021-01-04,30.0568,30.0568,30.0568,30.0568,74
2021-01-05,30.25,30.3026,30.3026,30.24,2824
2021-01-06,31.0248,31.0248,31.0248,31.0248,89
2021-01-07,31.27,31.3003,31.3003,31.2258,1819
2021-01-08,31.37,31.2562,31.37,31.2562,123
2021-01-11,31.25,31.175,31.25,31.175,8128
2021-01-12,31.32,31.3249,31.3249,31.32,12701
2021-01-13,31.18,31.18,31.18,31.18,22
2021-01-14,31.47,31.408,31.47,31.408,23541
2021-01-15,31.25,31.2033,31.25,31.2033,20578
2021-01-19,31.49,31.4888,31.49,31.4888,8207
2021-01-20,31.525,31.6401,31.6401,31.525,1697
2021-01-21,31.52,31.4774,31.52,31.4774,576
2021-01-22,31.51,31.7451,31.7451,31.51,4017
2021-01-25,32.02,32.0329,32.0329,32.02,1268
2021-01-26,32.065,32.1742,32.1742,32.02,819
2021-01-27,31.785,31.724,32.03,31.724,8103
2021-01-28,31.4701,31.461635,31.4701,31.4701,71
2021-01-29,31.58,31.2413,31.58,31.2413,362
2021-02-01,31.34,31.5635,31.5635,31.34,7016
2021-02-02,31.86,31.7463,31.87,31.7463,1156
2021-02-03,31.7499,31.7499,31.7499,31.7499,31
2021-02-04,31.92,31.8838,31.92,31.8838,2421
2021-02-05,32.23,32.2159,32.25,32.12,1445
2021-02-08,32.59,32.6878,32.6878,32.59,325
2021-02-09,32.84,32.8325,32.877,32.82,2968
2021-02-10,32.87,32.8432,32.88,32.8432,1533
2021-02-11,32.855,32.8294,32.855,32.7,6120
2021-02-12,32.96,32.9227,32.96,32.9227,9404
2021-02-16,32.795,32.615,32.795,32.615,4690
2021-02-17,32.54,32.6227,32.6227,32.54,12701
2021-02-18,32.47,32.4773,32.48,32.47,2037
2021-02-19,32.58,32.3622,32.58,32.3622,27258
2021-02-22,32.095,32.1395,32.1395,32.095,1633
2021-02-23,31.855,32.0513,32.0513,31.855,2540
2021-02-24,32.3,32.3483,32.3483,32.3,3666
2021-02-25,32.28,31.857246,32.28,31.8705,1385
2021-02-26,31.76,31.5363,31.84,31.5363,1841
2021-03-01,32.02,32.035,32.11,31.975,3981
2021-03-02,31.8991,31.6957,31.8991,31.6957,1781
2021-03-03,31.52,31.4353,31.52,31.4353,12212
2021-03-04,31.4,30.9936,31.56,30.86,1801
2021-03-05,31.08,31.6764,31.6764,31.08,306
2021-03-08,32.025,31.8692,32.07,31.8692,1678
2021-03-09,32.35,32.0916,32.35,32.0916,68283
2021-03-10,32.47,32.421,32.47,32.421,3230
2021-03-11,32.74,32.7178,32.78,32.7178,1198
2021-03-12,32.74,32.9066,32.9066,32.74,3158
2021-03-15,33.03,33.0992,33.1,33.03,7859
2021-03-16,33.08,33.0034,33.08,33.0034,8433
2021-03-17,33.0,32.9167,33.0,32.83,5774
2021-03-18,32.96,32.6341,32.96,32.6341,772
2021-03-19,32.75,32.8634,32.89,32.75,14773
2021-03-22,32.85,32.8566,32.88,32.79,7066
2021-03-23,32.79,32.4988,32.79,32.4988,267
2021-03-24,32.53,32.1474,32.53,32.1474,3484
2021-03-25,32.4662,32.4662,32.4662,32.4662,2
2021-03-26,32.75,33.0583,33.0583,32.75,754
2021-03-29,33.09,32.9427,33.09,32.9427,15612
2021-03-30,32.805,32.791874,32.85,32.805,1384
2021-03-31,32.867,32.867,32.867,32.867,0
2021-04-01,33.14,33.157,33.157,33.14,14808
2021-04-05,33.44,33.4481,33.4481,33.44,2245
2021-04-06,33.57,33.4247,33.57,33.4247,1755
2021-04-07,33.22,33.1069,33.23,33.1069,7900
2021-04-08,33.24,33.2671,33.2671,33.24,27415
2021-04-09,33.24,33.3321,33.3321,33.24,3686
2021-04-12,33.4,33.4069,33.4069,33.4,10233
2021-04-13,33.385,33.445,33.445,33.385,961
2021-04-14,33.55,33.4739,33.58,33.47,14672
2021-04-15,33.72,33.8001,33.8001,33.707,7680
2021-04-16,33.9,33.966,33.966,33.9,1813
2021-04-19,33.68,33.7427,33.8,33.68,655
2021-04-20,33.76,33.6794,33.76,33.665,11023
2021-04-21,33.89,33.9149,33.9149,33.87,3275
2021-04-22,34.06,33.89,34.06,33.89,4360
2021-04-23,34.0,33.9986,34.05,33.9986,12320
2021-04-26,33.93,33.8167,33.93,33.8167,4665
2021-04-27,33.8,33.7341,33.89,33.7341,2969
2021-04-28,33.66,33.6392,33.66,33.6392,11503
2021-04-29,33.56,33.60267,33.6063,33.485,897
2021-04-30,33.49,33.3638,33.49,33.3638,2643
2021-05-03,33.7,33.6536,33.7,33.6536,4421
2021-05-04,33.87,33.4815,33.87,33.41,1090
2021-05-05,33.74,33.5118,33.5118,33.49,13203
2021-05-06,33.694,33.7874,33.7874,33.667,3169
2021-05-07,33.97,33.9612,33.97,33.92,3655
2021-05-10,34.06,33.8349,34.06,33.8349,1085
2021-05-11,33.58,33.562,33.61,33.5,6392
2021-05-12,33.33,33.0156,33.35,33.0156,1561
2021-05-13,33.31,33.4743,33.4743,33.31,15820
2021-05-14,33.67,33.71,33.79,33.65,34082
2021-05-17,33.74,33.7631,33.7631,33.74,22410
2021-05-18,33.87,33.6949,33.91,33.6949,1581
2021-05-19,33.36,33.5197,33.5197,33.36,299
2021-05-20,33.65,33.7654,33.7654,33.63,27853
2021-05-21,33.82,33.7964,33.82,33.76,9872
2021-05-24,33.925,33.836,33.925,33.836,1027
2021-05-25,33.73,33.6301,33.73,33.6301,8283
2021-05-26,33.71,33.7757,33.7757,33.71,3440
2021-05-27,33.86,33.779522,33.87,33.7966,8181
2021-05-28,33.92,33.8502,33.94,33.8502,1817
2021-06-01,33.859,33.859,33.859,33.859,2
2021-06-02,33.94,33.795,33.94,33.79,14122
2021-06-03,33.73,33.8234,33.8234,33.73,1540
2021-06-04,33.86,33.945,33.945,33.838,12575
2021-06-07,33.99,33.9957,33.9957,33.99,591
2021-06-08,34.07,34.1291,34.1291,34.07,7386
2021-06-09,34.21,34.1439,34.25,34.1439,3538
2021-06-10,34.275,34.275,34.275,34.275,74
2021-06-11,34.3,34.3768,34.3768,34.3,2328
2021-06-14,34.29,34.2884,34.29,34.24,7673
2021-06-15,34.3,34.2252,34.32,34.2252,300
2021-06-16,34.215,34.0525,34.246,34.0525,2439
2021-06-17,33.95,33.9587,33.9587,33.95,2750
2021-06-18,33.64,33.4355,33.64,33.4355,8332
2021-06-21,33.84,33.8391,33.84,33.8391,14573
2021-06-22,33.945,33.945,33.945,33.945,0
2021-06-23,33.98,33.8748,33.984,33.8748,7858
2021-06-24,34.01,34.076,34.076,33.96,29377
2021-06-25,34.23,34.3422,34.3422,34.23,369
2021-06-28,34.22,34.2232,34.2232,34.12,2938
2021-06-29,34.1616,34.148204,34.1616,34.1616,0
2021-06-30,34.12,34.1607,34.1607,34.12,4382
2021-07-01,34.28,34.2683,34.28,34.2683,18071
2021-07-02,34.223,34.2697,34.2697,34.223,1312
2021-07-06,33.93,34.1329,34.1329,33.93,3663
2021-07-07,34.14,34.2,34.243,34.14,6850
2021-07-08,34.07,33.9617,34.07,33.9617,7297
2021-07-09,34.3728,34.3728,34.3728,34.3728,3
2021-07-12,34.38,34.386,34.386,34.34,2988
2021-07-13,34.223,34.0445,34.2528,34.041,7195
2021-07-14,33.9381,33.9381,33.9381,33.9381,2
2021-07-15,33.84,33.879,33.879,33.72,5482
2021-07-16,33.819,33.819,33.819,33.819,2
2021-07-19,33.6299,33.5651,33.6299,33.5651,1116
2021-07-20,34.12,33.9955,34.12,33.9955,7332
2021-07-21,33.9961,33.9961,33.9961,33.9961,1
2021-07-22,33.9,33.8885,33.9,33.8885,16355
2021-07-23,34.08,34.21,34.21,34.08,2882
2021-07-26,34.2799,34.2124,34.28,34.2124,1196
2021-07-27,34.13,34.1762,34.1762,34.13,19011
2021-07-28,34.2997,34.2997,34.2997,34.2997,0
2021-07-29,34.57,34.465736,34.57,34.4675,559
2021-07-30,34.53,34.4503,34.53,34.44,5767
2021-08-02,34.58,34.3897,34.58,34.3897,981
2021-08-03,34.56,34.5855,34.5855,34.56,7664
2021-08-04,34.34,34.3213,34.36,34.3213,18986
2021-08-05,34.3,34.3794,34.3794,34.3,3851
2021-08-06,34.4367,34.4367,34.4367,34.4367,5
2021-08-09,34.43,34.3545,34.43,34.3545,4106
2021-08-10,34.34,34.2775,34.34,34.2775,4492
2021-08-11,34.33,34.346,34.346,34.33,3411
2021-08-12,34.3219,34.3219,34.3219,34.3219,89
2021-08-13,34.39,34.3697,34.39,34.3697,4725
2021-08-16,34.48,34.465,34.48,34.465,7478
2021-08-17,34.32,34.4345,34.4345,34.32,153
2021-08-18,34.37,34.094,34.37,34.094,2972
2021-08-19,34.1,34.0455,34.13,34.04,6553
2021-08-20,34.325,34.325,34.325,34.325,2
2021-08-23,34.39,34.3745,34.39,34.35,8146
2021-08-24,34.33,34.285,34.33,34.285,3486
2021-08-25,34.34,34.3307,34.34,34.3307,262
2021-08-26,34.1504,34.1504,34.1504,34.1504,3
2021-08-27,34.51,34.4994,34.51,34.49,1088
2021-08-30,34.68,34.611853,34.68,34.6358,2329
2021-08-31,34.65,34.714,34.714,34.65,2448
2021-09-01,34.7399,34.855,34.855,34.7399,166
2021-09-02,34.97,35.0438,35.0438,34.95,1217
2021-09-03,34.9257,34.9257,34.9257,34.9257,4
2021-09-07,34.64,34.545,34.64,34.545,522
2021-09-08,34.76,34.7001,34.76,34.68,14487
2021-09-09,34.58,34.3937,34.58,34.3937,5023
2021-09-10,34.086,34.086,34.086,34.086,2
2021-09-13,34.13,34.095,34.13,34.095,11561
2021-09-14,33.9999,33.8354,33.9999,33.8354,909
2021-09-15,33.99,33.9959,33.9959,33.99,7118
2021-09-16,33.95,33.946,33.95,33.946,3787
2021-09-17,33.95,33.8638,33.95,33.8638,3652
2021-09-20,33.635,33.5395,33.635,33.5395,932
2021-09-21,33.675,33.5199,33.7199,33.5199,931
2021-09-22,33.84,33.6976,33.84,33.6976,7031
2021-09-23,33.8551,33.8551,33.8551,33.8551,13
2021-09-24,33.89,33.861,36.83,33.86,59289
2021-09-27,33.96,33.805,33.96,33.805,790
2021-09-28,33.58,33.415,33.58,33.0,73689
2021-09-29,33.7499,33.652519,33.76,33.6913,1355
2021-09-30,33.72,33.2067,33.72,33.2067,1167
2021-10-01,33.1,33.4042,33.4042,33.1,442
2021-10-04,33.43,33.3089,33.43,33.3,642
2021-10-05,33.49,33.403,33.49,33.403,5038
2021-10-06,33.21,33.524,33.524,33.13,3774
2021-10-07,33.97,33.7826,34.0,33.7826,5102
2021-10-08,33.6547,33.6547,33.6547,33.6547,162
2021-10-11,33.73,33.5435,33.73,33.5435,272
2021-10-12,33.74,33.657,33.74,33.657,1531
2021-10-13,33.66,33.7655,33.7655,33.66,654
2021-10-14,34.14,34.1575,34.1575,34.14,647
2021-10-15,34.3,34.1601,34.32,34.1601,1419
2021-10-18,34.18,34.0945,34.18,34.0945,10895
2021-10-19,34.14,34.1946,34.1946,34.14,4479
2021-10-20,34.4417,34.4417,34.4417,34.4417,38
2021-10-21,34.46,34.5236,34.5236,34.45,3655
2021-10-22,34.58,34.6436,34.6436,34.58,3009
2021-10-25,34.75,34.6254,34.75,34.6254,6017
2021-10-26,34.5312,34.5312,34.5312,34.5312,36
2021-10-27,34.38,34.1321,34.38,34.1321,5927
2021-10-28,34.41,34.462,34.462,34.405,4407
2021-10-29,34.52,34.4478,34.52,34.43,899
2021-11-01,34.7139,34.7139,34.7139,34.7139,6
2021-11-02,34.63,34.6557,34.71,34.61,10305
2021-11-03,34.87,34.9584,34.97,34.82,973
2021-11-04,35.04,34.8579,35.04,34.8579,1773
2021-11-05,35.15,35.1213,35.15,35.1213,324
2021-11-08,35.14,35.095,35.14,35.095,1080
2021-11-09,35.03,35.0331,35.0331,35.03,279
2021-11-10,35.14,35.0327,35.14,35.0327,3961
2021-11-11,35.1,35.076,35.13,35.06,2675
2021-11-12,35.28,35.165,35.28,35.16,5194
2021-11-15,35.2999,35.2324,35.2999,35.21,1480
2021-11-16,35.2614,35.2614,35.2614,35.2614,91
2021-11-17,35.09,35.1458,35.1458,35.06,3672
2021-11-18,34.9802,34.9802,34.9802,34.9802,1
2021-11-19,34.97,34.89,34.98,34.89,18712
2021-11-22,35.044,35.044,35.044,35.044,2
2021-11-23,35.03,35.0765,35.105,35.01,6353
2021-11-24,35.0494,35.0494,35.0494,35.0494,0
2021-11-26,34.3794,34.3794,34.3794,34.3794,2
2021-11-29,34.445,34.334458,34.48,34.3642,1159
2021-11-30,33.6647,33.6647,33.6647,33.6647,1
2021-12-01,33.3969,33.3969,33.3969,33.3969,15
2021-12-02,33.53,33.9475,34.02,33.53,18126
2021-12-03,33.91,33.921,33.921,33.91,6605
2021-12-06,34.47,34.5024,34.5024,34.47,606
2021-12-07,34.87,34.7529,34.87,34.7529,1912
2021-12-08,34.8625,34.8625,34.8625,34.8625,1
2021-12-09,34.66,34.5279,34.66,34.51,11403
2021-12-10,34.59,34.6237,34.6237,34.59,1951
2021-12-13,34.76,34.7919,34.7919,34.76,1034
2021-12-14,34.68,34.6288,34.68,34.6288,17411
2021-12-15,35.1036,35.1036,35.1036,35.1036,1
2021-12-16,34.91,35.0484,35.06,34.91,46023
2021-12-17,35.04,34.9627,35.04,34.9627,7342
2021-12-20,34.8383,34.8383,34.8383,34.8383,7
2021-12-21,35.07,35.0581,35.07,35.0581,11119
2021-12-22,35.205,35.325,35.325,35.205,458
2021-12-23,35.43,35.4421,35.4421,35.43,1851
2021-12-27,35.41,35.721499,35.7798,35.41,2369
2021-12-28,35.87,35.86,35.91,35.835,9529
2021-12-29,35.97,36.0232,36.0232,35.97,2371
2021-12-30,36.12,36.0241,36.12,36.0241,3516
2021-12-31,36.0273,36.0273,36.0273,36.0273,5
2022-01-03,35.78,35.9114,35.9114,35.78,6981
2022-01-04,35.9133,35.9133,35.9133,35.9133,37
2022-01-05,35.98,35.3975,35.98,35.3975,7054
2022-01-06,35.47,35.3087,35.47,35.3087,2116
2022-01-07,35.25,35.1903,35.25,35.1903,573
2022-01-10,34.895,35.1197,35.1197,34.895,2817
2022-01-11,35.1422,35.1422,35.1422,35.1422,74
2022-01-12,35.04,35.047,35.06,35.04,2958
2022-01-13,35.22,34.9412,35.24,34.9412,1105
2022-01-14,34.77,34.8872,34.8872,34.77,797
2022-01-18,34.4,34.294,34.4,34.294,2687
2022-01-19,34.0986,34.0986,34.0986,34.0986,1
2022-01-20,34.41,33.674,34.41,33.674,4220
2022-01-21,34.01,33.5246,34.01,33.5246,8898
2022-01-24,33.8025,33.8025,33.8025,33.8025,31
2022-01-25,33.2,33.3305,33.3305,33.2,825
2022-01-26,33.51,32.9027,33.51,32.9027,2415
2022-01-27,32.92,32.7126,32.94,32.58,1385
2022-01-28,32.86,33.183233,33.184,32.86,203
2022-01-31,33.3199,33.6571,33.6571,33.3199,636
2022-02-01,33.52,33.6707,33.6707,33.43,1086
2022-02-02,33.7,33.8112,33.8112,33.7,126
2022-02-03,33.7811,33.5188,33.7811,33.5188,933
2022-02-04,33.26,33.3819,33.41,33.24,89766
2022-02-07,33.42,33.3418,33.42,33.3418,7105
2022-02-08,33.665,33.662,33.665,33.6,1041
2022-02-09,33.89,33.7921,33.89,33.7921,7036
2022-02-10,33.76,33.3444,33.76,33.3444,1356
2022-02-11,33.53,33.4492,33.53,33.4492,3442
2022-02-14,33.31,33.2745,33.31,33.2745,1436
2022-02-15,33.475,33.4045,33.52,33.4045,1663
2022-02-16,33.27,33.439,33.439,33.27,2779
2022-02-17,33.33,33.309,33.33,33.309,1885
2022-02-18,33.33,33.225,33.33,33.225,6026
2022-02-22,33.23,33.0584,33.23,33.0584,8357
2022-02-23,33.09,32.7023,33.09,32.7023,4542
2022-02-24,32.31,32.7607,32.7607,32.25,16403
2022-02-25,33.5,33.516538,33.5419,33.5,1241
2022-02-28,33.325,33.4754,33.4754,33.325,631
2022-03-01,33.49,33.2362,33.49,33.2362,4372
2022-03-02,33.76,33.7606,33.7606,33.76,3607
2022-03-03,33.82,33.914,33.914,33.82,312
2022-03-04,33.78,34.1103,34.1103,33.78,4601
2022-03-07,33.7924,33.7924,33.7924,33.7924,2
2022-03-08,33.75,33.2874,33.79,33.2874,1868
2022-03-09,33.67,33.5085,33.67,33.5085,6178
2022-03-10,33.17,33.4678,33.4678,33.17,18873
2022-03-11,33.39,33.2421,33.39,33.22,5133
2022-03-14,33.44,33.22,33.44,33.22,43762
2022-03-15,33.4,33.6066,33.6066,33.4,3808
2022-03-16,33.7,33.8317,33.8317,33.7,987
2022-03-17,34.03,34.1386,34.1386,34.03,851
2022-03-18,33.9991,34.2635,34.2635,33.9991,836
2022-03-21,34.22,34.2522,34.2522,34.18,1686
2022-03-22,34.32,34.3257,34.33,34.32,852
2022-03-23,34.0417,34.0417,34.0417,34.0417,1
2022-03-24,34.217,34.2539,34.2799,34.217,1502
2022-03-25,34.52,34.5789,34.5789,34.52,958
2022-03-28,34.545,34.6305,34.6305,34.545,1205
2022-03-29,34.95,35.0725,35.0725,34.95,9122
2022-03-30,35.0129,34.951378,35.0129,35.0129,0
2022-03-31,35.07,34.85,35.09,34.85,4871
2022-04-01,35.2521,35.2521,35.2521,35.2521,49
2022-04-04,34.95,34.9349,34.9799,34.89,3444
2022-04-05,35.09,34.8362,35.09,34.8362,4530
2022-04-06,34.43,35.1414,35.1414,34.43,3043
2022-04-07,35.2,35.313,35.313,35.2,4037
2022-04-08,35.51,35.3192,35.51,35.3192,10077
2022-04-11,35.0526,35.0526,35.0526,35.0526,58
2022-04-12,35.25,35.0486,35.25,35.0486,4422
2022-04-13,35.055,35.1914,35.1914,35.055,1451
2022-04-14,35.0956,35.0956,35.0956,35.0956,2
2022-04-18,34.87,34.7454,34.87,34.7454,606
2022-04-19,35.1767,35.1767,35.1767,35.1767,57
2022-04-20,35.5763,35.5763,35.5763,35.5763,2
2022-04-21,35.7199,35.3388,35.7199,35.3388,101
2022-04-22,34.6243,34.6243,34.6243,34.6243,2
2022-04-25,34.15,34.4801,34.4801,34.15,614
2022-04-26,33.9768,33.9768,33.9768,33.9768,0
2022-04-27,34.14,33.8845,34.16,33.8845,1223
2022-04-28,33.99,34.18045,34.1903,33.99,3880
2022-04-29,33.8,33.3842,33.8,33.3842,3023
2022-05-02,33.3799,33.1537,33.3799,33.1537,290
2022-05-03,33.53,33.3534,33.53,33.3534,3887
2022-05-04,33.423,34.0143,34.0143,33.405,2041
2022-05-05,33.27,33.27,33.27,33.27,264
2022-05-06,33.095,33.0919,33.14,33.03,2130
2022-05-09,32.81,32.7384,32.88,32.7384,237
2022-05-10,32.539,32.539,32.539,32.539,65
2022-05-11,32.3962,32.3962,32.3962,32.3962,804
2022-05-12,32.38,32.5571,32.5571,32.38,2057
2022-05-13,32.9966,32.9966,32.9966,32.9966,478
2022-05-16,32.94,33.0816,33.0816,32.938,656
2022-05-17,33.42,33.45,33.45,33.42,2019
2022-05-18,32.5169,32.5169,32.5169,32.5169,1
2022-05-19,32.26,32.4414,32.4414,32.26,253
2022-05-20,32.4687,32.4687,32.4687,32.4687,4
2022-05-23,32.8285,32.8285,32.8285,32.8285,2
2022-05-24,32.77,33.0623,33.0623,32.77,4798
2022-05-25,33.2895,33.2895,33.2895,33.2895,2
2022-05-26,33.5999,33.5063,33.62,33.5063,16797
2022-05-27,33.9601,33.931004,33.9601,33.9601,5
2022-05-31,33.71,33.67,33.71,33.67,150
2022-06-01,33.26,33.4724,33.4724,33.21,2520
2022-06-02,33.49,33.757,33.757,33.49,530
2022-06-03,33.57,33.5356,33.6499,33.5356,5451
2022-06-06,33.67,33.5631,33.68,33.5631,1603
2022-06-07,33.51,33.8155,33.8155,33.51,6443
2022-06-08,33.69,33.3587,33.69,33.3587,5162
2022-06-09,32.8146,32.8146,32.8146,32.8146,61
2022-06-10,32.53,32.5537,32.5537,32.53,4765
2022-06-13,31.77,31.4859,31.78,31.4859,6099
2022-06-14,31.25,31.2066,31.34,31.2066,1980
2022-06-15,31.42,31.4772,31.63,31.41,1469
2022-06-16,30.86,30.8218,30.9399,30.8218,1135
2022-06-17,30.99,30.994,30.994,30.91,12189
2022-06-21,31.4235,31.4235,31.4235,31.4235,4
2022-06-22,31.6599,31.6242,31.6599,31.6242,1675
2022-06-23,31.85,32.0391,32.0391,31.804,5099
2022-06-24,32.17,32.6552,32.6552,31.5,21631
2022-06-27,32.72,32.9184,33.01,32.72,2350
2022-06-28,32.5754,32.5754,32.5754,32.5754,85
2022-06-29,32.49,32.549894,32.6142,32.49,516
2022-06-30,32.59,32.5084,32.6,32.5084,5363
2022-07-01,32.59,33.0959,33.0959,32.59,326
2022-07-05,32.25,32.749,32.749,32.25,705
2022-07-06,32.789,32.8738,32.8738,32.789,847
2022-07-07,33.018,32.9296,33.018,32.92,570
2022-07-08,32.93,32.8054,32.97,32.8054,1674
2022-07-11,32.82,32.6818,32.82,32.6818,1139
2022-07-12,32.85,32.5744,32.85,32.5744,5249
2022-07-13,32.57,32.5062,32.57,32.5062,4500
2022-07-14,32.11,32.3039,32.3039,32.11,1147
2022-07-15,32.7,32.6447,32.7,32.6447,4115
2022-07-18,32.6799,32.3195,32.6799,32.3195,612
2022-07-19,32.8,32.8833,32.8833,32.8,2369
2022-07-20,32.82,32.742,32.82,32.58,1703
2022-07-21,32.64,32.8466,32.8466,32.64,968
2022-07-22,32.72,32.8446,32.8446,32.72,155
2022-07-25,33.0849,33.0849,33.0849,33.0849,30
2022-07-26,33.09,33.2094,33.2094,33.09,5035
2022-07-27,33.01,33.3896,33.3896,33.01,244
2022-07-28,33.7572,33.741714,33.7572,33.7572,0
2022-07-29,33.72,33.8211,33.8211,33.72,29777
2022-08-01,33.816,33.816,33.816,33.816,0
2022-08-02,33.8,33.6311,33.8,33.6311,4866
2022-08-03,33.7394,33.7394,33.7394,33.7394,0
2022-08-04,33.56,33.4515,33.56,33.4515,4345
2022-08-05,33.4679,33.4679,33.4679,33.4679,4
2022-08-08,33.51,33.5378,33.59,33.5,2490
2022-08-09,33.6792,33.5923,33.6792,33.51,23988
2022-08-10,33.94,33.8392,33.94,33.73,407
2022-08-11,34.02,33.8288,34.02,33.82,6915
2022-08-12,34.11,34.2536,34.2536,34.11,2581
2022-08-15,34.34,34.4993,34.4993,34.34,6714
2022-08-16,34.73,34.6864,34.77,34.6864,2917
2022-08-17,34.51,34.5339,34.5339,34.51,6584
2022-08-18,34.59,34.5692,34.59,34.5692,434
2022-08-19,34.4977,34.4977,34.4977,34.4977,2
2022-08-22,33.9996,33.9996,33.9996,33.9996,0
2022-08-23,33.96,33.768,33.96,33.768,626
2022-08-24,33.7892,33.7875,33.81,33.7875,2364
2022-08-25,33.988,34.0571,34.0571,33.91,709
2022-08-26,33.78,33.5155,33.8,33.5155,10245
2022-08-29,33.3713,33.3713,33.3713,33.3713,81
2022-08-30,33.1899,32.92193,33.1899,32.9763,145
2022-08-31,32.7472,32.7472,32.7472,32.7472,158
2022-09-01,32.77,32.7842,32.7842,32.77,2871
2022-09-02,33.05,32.4733,33.05,32.4733,15124
2022-09-06,32.33,32.2462,32.33,32.24,4567
2022-09-07,32.53,32.7764,32.7764,32.53,591
2022-09-08,32.69,32.7199,32.7199,32.69,11188
2022-09-09,32.91,33.0447,33.16,32.91,6518
2022-09-12,33.28,33.2788,33.32,33.2788,2423
2022-09-13,32.4081,32.4081,32.4081,32.4081,1011
2022-09-14,32.47,32.419,32.47,32.419,5831
2022-09-15,32.46,32.2452,32.46,32.2,6961
2022-09-16,32.0,32.1682,32.1682,31.99,11403
2022-09-19,32.3681,32.3681,32.3681,32.3681,166
2022-09-20,32.1,32.0233,32.1,31.8008,1647
2022-09-21,31.8166,31.8166,31.8166,31.8166,0
2022-09-22,31.75,31.6447,31.75,31.6091,6596
2022-09-23,31.24,31.1116,31.24,30.93,2049
2022-09-26,30.75,30.7607,30.7607,30.75,1619
2022-09-27,30.3677,30.3677,30.3677,30.3677,3
2022-09-28,30.72,30.8947,30.8947,30.72,2171
2022-09-29,30.356,30.294824,30.356,30.356,0
2022-09-30,29.9936,29.9936,29.9936,29.9936,4
2022-10-03,30.5,30.5346,30.5346,30.5,103290
2022-10-04,31.1761,31.1761,31.1761,31.1761,39
2022-10-05,30.85,30.7912,30.85,30.7912,2421
2022-10-06,30.4056,30.4056,30.4056,30.4056,8
2022-10-07,30.01,29.9404,30.01,29.9404,782
2022-10-10,30.17,30.1009,30.17,30.1009,15556
2022-10-11,30.3599,30.3281,30.3599,30.3281,230
2022-10-12,30.34,30.1424,30.34,30.1424,794
2022-10-13,29.87,30.8483,30.8483,29.87,650
2022-10-14,30.5174,30.4256,30.56,30.4,5369
2022-10-17,30.9482,30.9482,30.9482,30.9482,85
2022-10-18,31.33,31.2655,31.33,31.23,1142
2022-10-19,31.0858,31.0858,31.0858,31.0858,39
2022-10-20,30.7139,30.7139,30.7139,30.7139,63
2022-10-21,31.1898,31.1898,31.1898,31.1898,4
2022-10-24,31.4673,31.4673,31.4673,31.4673,57
2022-10-25,31.73,31.8706,31.8706,31.7101,1151
2022-10-26,32.031,32.031,32.031,32.031,0
2022-10-27,32.1739,32.1739,32.1739,32.1739,12
2022-10-28,32.8,32.911446,32.9295,32.8,2508
2022-10-31,32.94,32.8704,32.94,32.8704,5037
2022-11-01,32.7998,32.7998,32.7998,32.7998,0
2022-11-02,32.3013,32.3013,32.3013,32.3013,1
2022-11-03,32.1985,32.1985,32.1985,32.1985,22
2022-11-04,32.57,32.4658,32.57,32.1,10542
2022-11-07,32.54,32.7045,32.7045,32.54,203
2022-11-08,32.9592,32.7248,32.9592,32.7248,745
2022-11-09,32.82,32.3708,32.82,32.3708,1163
2022-11-10,33.2682,33.2682,33.2682,33.2682,95
2022-11-11,32.9347,32.9347,32.9347,32.9347,2
2022-11-14,32.7923,32.7923,32.7923,32.7923,0
2022-11-15,33.01,32.986,33.07,32.986,545
2022-11-16,32.9207,32.9843,32.9843,32.9207,343
2022-11-17,32.765,32.9218,32.9218,32.765,595
2022-11-18,33.2337,33.2337,33.2337,33.2337,2
2022-11-21,33.4199,33.4949,33.4949,33.39,1026
2022-11-22,33.71,33.7472,33.7472,33.65,2198
2022-11-23,34.28,33.768,34.28,33.768,330
2022-11-25,33.969,33.93,33.969,33.91,2287
2022-11-28,34.12,33.5911,34.12,33.5911,363
2022-11-29,33.57,33.559588,33.6095,33.4909,1068
2022-11-30,33.3901,34.0898,34.0898,33.39,200
2022-12-01,34.158,34.0378,34.16,34.0378,666
2022-12-02,33.98,34.1812,34.1812,33.98,336
2022-12-05,33.7106,33.7106,33.7106,33.7106,145
2022-12-06,33.5286,33.5286,33.5286,33.5286,112
2022-12-07,33.52,33.4593,33.52,33.4593,10321
2022-12-08,33.55,33.55,33.55,33.55,105
2022-12-09,33.27,33.27,33.27,33.27,191
2022-12-12,33.355,33.51,33.51,33.355,288
2022-12-13,33.7,33.4653,33.7,33.4611,2140
2022-12-14,33.715,33.3773,33.715,33.3773,749
2022-12-15,33.03,32.8111,33.03,32.8111,192
2022-12-16,32.6222,32.6222,32.6222,32.6222,100
2022-12-19,32.74,32.59,32.74,32.53,7862
2022-12-20,32.67,32.6525,32.6701,32.63,677
2022-12-21,33.0353,33.0353,33.0353,33.0353,0
2022-12-22,32.85,32.8964,32.8964,32.85,275
2022-12-23,33.1195,33.03327,33.1195,33.1195,126
2022-12-27,33.08,33.1346,33.1346,33.08,5948
2022-12-28,32.96,32.7375,32.96,32.7375,9757
2022-12-29,33.0225,33.0225,33.0225,33.0225,175
2022-12-30,32.81,32.8511,32.8511,32.81,427
2023-01-03,32.9275,32.9275,32.9275,32.9275,29
2023-01-04,33.1237,33.1237,33.1237,33.1237,0
2023-01-05,32.8,32.8903,32.94,32.8,8549
2023-01-06,33.5376,33.5376,33.5376,33.5376,94
2023-01-09,33.39,33.1893,33.39,33.18,2245
2023-01-10,33.19,33.3444,33.3444,33.19,354
2023-01-11,33.38,33.4715,33.4715,33.38,1699
2023-01-12,33.3,33.5646,33.6189,33.3,1983
2023-01-13,33.0,33.6842,33.6842,33.0,520
2023-01-17,33.625,33.5899,33.625,33.5899,338
2023-01-18,32.9905,32.9905,32.9905,32.9905,0
2023-01-19,32.875,32.8923,32.96,32.87,3569
2023-01-20,32.73,33.0893,33.0893,32.73,777
2023-01-23,33.02,33.19,33.35,33.02,1302
2023-01-24,33.2084,33.2084,33.2084,33.2084,237
2023-01-25,33.04,33.257738,33.271,33.04,1161
2023-01-26,33.2596,33.2596,33.2596,33.2596,516
2023-01-27,33.35,33.2519,33.35,33.18,2684
2023-01-30,33.32,33.1539,33.32,33.1539,6272
2023-01-31,33.39,33.6409,33.6409,33.39,5972
2023-02-01,33.72,33.8508,33.8508,33.62,4430
2023-02-02,34.008,33.988,34.008,33.9,1981
2023-02-03,33.85,33.8961,33.8961,33.75,2629
2023-02-06,33.7665,33.7665,33.7665,33.7665,236
2023-02-07,33.5299,33.7529,33.7529,33.41,1532
2023-02-08,33.61,33.451,33.61,33.451,10087
2023-02-09,33.1827,33.1827,33.1827,33.1827,156
2023-02-10,33.41,33.4996,33.4996,33.31,1932
2023-02-13,33.6699,33.7059,33.7059,33.58,468
2023-02-14,33.41,33.4852,33.49,33.34,3568
2023-02-15,33.48,33.5786,33.5786,33.32,9584
2023-02-16,33.51,33.5691,33.6,33.44,2687
2023-02-17,33.7999,33.8661,33.8661,33.71,1550
2023-02-21,33.62,33.5084,33.63,33.5084,2168
2023-02-22,33.66,33.419698,33.69,33.474,1082
2023-02-23,33.4,33.3883,33.4,33.364,2422
2023-02-24,33.22,33.2587,33.2587,33.22,1270
2023-02-27,33.36,33.1863,33.36,33.1863,8261
2023-02-28,33.32,33.0668,33.32,33.0668,185
2023-03-01,32.67,32.8953,32.8953,32.62,9876
2023-03-02,33.0092,33.0092,33.0092,33.0092,373
2023-03-03,33.1924,33.1924,33.1924,33.1924,17
2023-03-06,32.95,32.8906,33.0,32.8906,2134
2023-03-07,32.53,32.53,32.53,32.53,3
2023-03-08,32.54,32.4955,32.54,32.33,3775
2023-03-09,32.33,32.0274,32.33,32.0274,4964
2023-03-10,31.5,31.5803,31.5803,31.5,422
2023-03-13,30.93,31.3048,31.38,30.93,1515
2023-03-14,31.985,31.7657,31.985,31.7657,285
2023-03-15,31.6,31.5766,31.6,31.5766,185
2023-03-16,31.9459,31.9459,31.9459,31.9459,9
2023-03-17,31.465,31.3333,31.465,31.3333,452
2023-03-20,31.97,31.7682,31.98,31.7682,1565
2023-03-21,31.95,31.8814,31.95,31.8814,251
2023-03-22,31.9,31.2541,31.9,31.2541,3873
2023-03-23,31.324,30.9788,31.36,30.9,2674
2023-03-24,31.3,31.405923,31.4922,31.3,3249
2023-03-27,31.6681,31.6681,31.6681,31.6681,79
2023-03-28,31.7162,31.7162,31.7162,31.7162,51
2023-03-29,31.84,31.8691,31.8889,31.84,1617
2023-03-30,32.02,31.879,32.02,31.879,320
2023-03-31,32.0101,32.2073,32.2073,32.0101,252
2023-04-03,32.2677,32.2677,32.2677,32.2677,40
2023-04-04,31.93,32.0611,32.0611,31.92,802
2023-04-05,32.355,32.355,32.355,32.355,715
2023-04-06,32.42,32.4615,32.4615,32.42,2422
2023-04-10,32.46,32.5391,32.5391,32.46,2515
2023-04-11,32.67,32.6436,32.67,32.6436,870
2023-04-12,32.67,32.5255,32.67,32.5255,9695
2023-04-13,32.7,32.7,32.7,32.7,61
2023-04-14,32.36,32.3676,32.4499,32.35,3438
2023-04-17,32.6028,32.6028,32.6028,32.6028,89
2023-04-18,32.33,32.4067,32.4067,32.33,2439
2023-04-19,32.47,32.5192,32.5192,32.47,269
2023-04-20,32.34,32.434,32.434,32.34,6395
2023-04-21,32.45,32.5022,32.5022,32.45,7854
2023-04-24,32.54,32.472761,32.54,32.4921,127
2023-04-25,32.4199,32.21,32.4199,32.21,131
2023-04-26,32.03,31.8595,32.03,31.8595,125
2023-04-27,32.155,32.1704,32.2099,32.155,572
2023-04-28,32.2163,32.2163,32.2163,32.2163,99
2023-05-01,32.47,32.3277,32.47,32.3277,776
2023-05-02,31.679,31.8449,31.8449,31.679,456
2023-05-03,31.765,31.765,31.765,31.765,2
2023-05-04,31.45,31.5001,31.5001,31.38,9225
2023-05-05,31.73,31.8725,31.92,31.73,6787
2023-05-08,31.6701,31.6888,31.6888,31.67,606
2023-05-09,31.595,31.5945,31.595,31.5945,1157
2023-05-10,31.49,31.6564,31.6564,31.49,120
2023-05-11,31.4317,31.4317,31.4317,31.4317,11
2023-05-12,31.465,31.465,31.465,31.465,2
2023-05-15,31.4612,31.4612,31.4612,31.4612,24
2023-05-16,31.29,31.1526,31.29,31.1526,383
2023-05-17,31.4011,31.4614,31.4614,31.4011,222
2023-05-18,31.36,31.4495,31.4495,31.24,35297
2023-05-19,31.38,31.38,31.38,31.38,62
