2020-09-08,19.5,19.5,20.5,19.5,6517
2020-09-09,19.0,19.0,19.0,19.0,661
2020-09-10,NaN,19.0,NaN,NaN,2
2020-09-11,19.5,19.5,20.0,19.5,1713
2020-09-14,NaN,19.5,NaN,NaN,118
2020-09-15,19.32,18.95,19.32,18.95,401
2020-09-16,18.48,18.5,18.74,18.48,18207
2020-09-18,NaN,18.5,NaN,NaN,0
2020-09-21,17.6,17.6,17.6,17.6,110
2020-09-22,17.5,17.5,17.5,17.5,113
2020-09-25,NaN,17.5,NaN,NaN,0
2020-09-28,17.3061,17.3061,17.3061,17.3061,423
2020-10-01,16.88,16.88,16.88,16.87,1155
2020-10-02,NaN,16.88,NaN,NaN,2
2020-10-05,16.77,15.7503,16.77,15.7503,407
2020-10-06,16.05,16.525,16.99,16.05,1391
2020-10-07,16.5,16.44,16.5,16.44,497
2020-10-08,NaN,16.44,NaN,NaN,127
2020-10-09,16.0,16.41,16.41,16.0,505
2020-10-13,NaN,16.41,NaN,NaN,11
2020-10-15,15.5,15.5,15.5,15.5,122
2020-10-16,NaN,15.5,NaN,NaN,0
2020-10-22,NaN,15.5,NaN,NaN,2
2020-10-26,NaN,15.5,NaN,NaN,1
2020-10-27,15.52,15.52,15.59,15.52,1550
2020-10-28,15.0,15.0,15.0,15.0,131
2020-11-03,NaN,15.0,NaN,NaN,71
2020-11-04,NaN,15.0,NaN,NaN,5
2020-11-05,15.0,15.76,15.76,15.0,1001
2020-11-06,NaN,15.76,NaN,NaN,0
2020-11-09,18.0,19.99,19.99,17.98,6191
2020-11-10,NaN,19.99,NaN,NaN,11
2020-11-11,NaN,19.99,NaN,NaN,3
2020-11-13,NaN,19.99,NaN,NaN,10
2020-11-16,19.0,16.7,19.0,16.68,5603
2020-11-17,NaN,16.7,NaN,NaN,3
2020-11-20,NaN,16.7,NaN,NaN,1
2020-11-23,NaN,16.7,NaN,NaN,10
2020-11-24,17.4926,17.4926,17.4926,17.4926,300
2020-11-30,17.99,18.0,18.99,17.98,7651
2020-12-01,18.3,18.3,18.3,18.3,1001
2020-12-02,NaN,18.3,NaN,NaN,104
2020-12-03,NaN,18.3,NaN,NaN,27
2020-12-04,17.25,17.25,17.25,17.25,103
2020-12-07,18.27,19.2,19.5,18.27,3631
2020-12-08,21.91,19.8621,21.91,19.8621,1719
2020-12-09,19.195,19.195,19.195,19.195,127
2020-12-10,NaN,19.195,NaN,NaN,75
2020-12-11,NaN,19.195,NaN,NaN,0
2020-12-14,20.06,18.92,21.0,18.92,1271
2020-12-15,18.95,18.1,19.0,18.1,2275
2020-12-17,NaN,18.1,NaN,NaN,159
2020-12-18,18.9442,18.9999,19.0,18.9442,866
2020-12-21,18.5,18.3183,18.5,18.3183,388
2020-12-22,18.32,18.32,18.32,18.32,100
2020-12-23,20.01,20.0,20.01,19.99,771
2020-12-24,NaN,20.0,NaN,NaN,20
2020-12-28,21.88,21.88,21.88,21.0,1847
2020-12-29,NaN,21.88,NaN,NaN,22
2020-12-30,NaN,21.88,NaN,NaN,30
2020-12-31,22.64,22.0,22.64,22.0,2577
2021-01-04,24.0,24.0,24.0,24.0,195
2021-01-05,22.51,22.51,22.51,22.51,256
2021-01-06,22.25,22.7498,22.7498,22.25,1316
2021-01-07,22.27,22.05,22.27,22.05,967
2021-01-08,24.75,23.4,24.75,23.4,780
2021-01-11,21.76,21.9,21.9,21.76,829
2021-01-12,21.8,21.8,21.8,21.8,236
2021-01-13,21.8,21.8,21.8,21.8,139
2021-01-14,22.0,22.0,22.0,22.0,358
2021-01-15,NaN,22.0,NaN,NaN,0
2021-01-19,23.0,23.0,23.0,23.0,286
2021-01-20,NaN,23.0,NaN,NaN,126
2021-01-21,23.0,23.0,23.0,23.0,3084
2021-01-22,23.5,24.19,24.19,22.99,5700
2021-01-25,24.19,23.5,24.19,23.5,4737
2021-01-26,24.8,25.0,25.55,24.7999,5470
2021-01-27,24.4643,25.5,25.5,24.4643,2313
2021-01-28,25.5,25.5,25.5,25.5,277
2021-01-29,25.5,25.0,25.5,25.0,1444
2021-02-01,NaN,25.0,NaN,NaN,24
2021-02-02,26.0,25.0,26.0,25.0,461
2021-02-03,25.0,25.0,25.0,25.0,531
2021-02-04,25.0,25.0,25.0,25.0,597
2021-02-05,25.0,24.33,25.0,24.33,1527
2021-02-08,26.2399,25.45,26.2399,25.44,2020
2021-02-09,25.5,25.5,25.5,25.5,707
2021-02-10,25.5,25.5,25.5,25.5,800
2021-02-11,NaN,25.5,NaN,NaN,288
2021-02-12,NaN,25.5,NaN,NaN,0
2021-02-16,NaN,25.5,NaN,NaN,125
2021-02-17,26.0,26.28,26.5,26.0,4684
2021-02-18,27.3199,27.93,28.0,27.312,963
2021-02-19,27.65,27.2,28.0,26.2801,11578
2021-02-22,28.06,28.01,28.06,28.01,593
2021-02-23,28.01,26.28,28.01,26.28,2905
2021-02-24,26.4,26.4,26.4,26.4,233
2021-02-25,NaN,26.4,NaN,NaN,51
2021-02-26,26.4,25.25,26.5,25.25,2526
2021-03-01,NaN,25.25,NaN,NaN,87
2021-03-02,26.8,25.75,26.8,25.72,939
2021-03-03,NaN,25.75,NaN,NaN,27
2021-03-04,24.51,22.8,24.54,22.8,734
2021-03-05,23.84,23.0,23.85,23.0,919
2021-03-08,NaN,23.0,NaN,NaN,11
2021-03-09,24.7848,24.7848,24.7848,24.7848,800
2021-03-10,NaN,24.7848,NaN,NaN,103
2021-03-11,NaN,24.7848,NaN,NaN,56
2021-03-12,24.78,24.78,24.78,24.78,424
2021-03-15,NaN,24.78,NaN,NaN,174
2021-03-16,NaN,24.78,NaN,NaN,20
2021-03-17,NaN,24.78,NaN,NaN,22
2021-03-18,NaN,24.78,NaN,NaN,80
2021-03-19,23.06,23.23,23.23,23.04,437
2021-03-22,23.52,23.52,23.52,23.52,901
2021-03-23,NaN,23.52,NaN,NaN,2
2021-03-24,NaN,23.52,NaN,NaN,106
2021-03-25,NaN,23.52,NaN,NaN,46
2021-03-26,23.49,23.49,23.49,23.49,156
2021-03-29,23.3,22.95,23.38,22.95,3893
2021-03-30,NaN,22.95,NaN,NaN,5
2021-03-31,23.73,23.0,23.73,23.0,836
2021-04-01,NaN,23.0,NaN,NaN,0
2021-04-05,25.98,25.98,25.98,25.98,276
2021-04-06,24.49,24.6,26.21,24.49,782
2021-04-07,23.13,23.13,23.13,23.13,316
2021-04-08,NaN,23.13,NaN,NaN,5
2021-04-09,NaN,23.13,NaN,NaN,7
2021-04-12,NaN,23.13,NaN,NaN,18
2021-04-13,NaN,23.13,NaN,NaN,46
2021-04-14,NaN,23.13,NaN,NaN,46
2021-04-15,NaN,23.13,NaN,NaN,106
2021-04-16,NaN,23.13,NaN,NaN,5
2021-04-19,NaN,23.13,NaN,NaN,52
2021-04-20,NaN,23.13,NaN,NaN,6
2021-04-22,NaN,23.13,NaN,NaN,2
2021-04-23,23.22,22.3402,23.5,22.3402,1863
2021-04-26,NaN,22.3402,NaN,NaN,17
2021-04-27,NaN,22.3402,NaN,NaN,165
2021-04-28,NaN,22.3402,NaN,NaN,27
2021-04-29,25.67,26.09,28.0223,25.67,12278
2021-04-30,25.16,25.16,25.16,25.16,1458
2021-05-03,23.06,25.5,25.5,23.06,1790
2021-05-04,25.5,25.5,25.5,25.5,365
2021-05-05,24.85,25.1428,25.1428,24.85,473
2021-05-06,24.95,24.95,24.95,24.95,145
2021-05-07,25.95,25.95,25.95,25.95,157
2021-05-10,26.5,26.4996,26.5,26.4996,1524
2021-05-11,26.02,24.8304,26.02,24.8304,954
2021-05-12,25.39,25.39,25.39,25.39,305
2021-05-13,NaN,25.39,NaN,NaN,141
2021-05-14,NaN,25.39,NaN,NaN,0
2021-05-17,NaN,25.39,NaN,NaN,36
2021-05-18,25.6517,25.6517,25.6517,25.6517,212
2021-05-19,26.1,26.73,26.73,26.1,687
2021-05-20,26.95,26.73,26.95,26.73,789
2021-05-21,26.93,26.5,26.93,26.5,5748
2021-05-24,27.5,26.5,27.5,27.5,1068
2021-05-25,27.0,27.0,27.03,27.0,912
2021-05-26,26.8876,27.5,27.5,26.8876,2400
2021-05-27,NaN,27.5,NaN,NaN,15
2021-05-28,26.6401,27.46,35.0,23.58,12402
2021-06-01,26.6101,26.82,26.82,26.1,919
2021-06-02,26.575,26.98,26.98,26.575,414
2021-06-03,NaN,26.98,NaN,NaN,11
2021-06-04,26.61,26.61,26.61,26.61,160
2021-06-07,26.61,26.61,26.61,26.61,586
2021-06-08,26.77,26.76,26.77,26.76,520
2021-06-09,27.0,27.0,27.0,27.0,307
2021-06-10,27.8262,26.05,27.8262,26.0138,751
2021-06-11,25.923,28.3126,28.58,25.923,3426
2021-06-14,NaN,28.3126,NaN,NaN,25
2021-06-15,NaN,28.3126,NaN,NaN,75
2021-06-16,27.02,27.02,27.02,27.02,1063
2021-06-17,27.0,25.92,28.21,25.92,627
2021-06-18,NaN,25.92,NaN,NaN,10
2021-06-21,NaN,25.92,NaN,NaN,38
2021-06-22,NaN,25.92,NaN,NaN,13
2021-06-23,NaN,25.92,NaN,NaN,3
2021-06-24,26.72,26.72,26.72,26.72,111
2021-06-25,26.33,26.14,26.33,25.48,1870
2021-06-28,28.35,28.35,28.35,28.35,278
2021-06-29,NaN,28.35,NaN,NaN,54
2021-06-30,26.1646,26.1646,26.1646,26.1646,1068
2021-07-01,25.11,24.3024,25.11,24.01,3875
2021-07-02,24.97,25.0,25.5,24.97,2963
2021-07-06,24.75,24.75,24.75,24.75,238
2021-07-07,25.26,26.5,26.99,25.26,1365
2021-07-08,26.83,26.87,26.87,26.83,1170
2021-07-09,NaN,26.87,NaN,NaN,1
2021-07-12,NaN,26.87,NaN,NaN,65
2021-07-13,25.05,24.06,25.32,22.32,11537
2021-07-14,25.3,25.101,25.3,25.01,1233
2021-07-15,25.5,25.5,25.5,25.5,798
2021-07-16,NaN,25.5,NaN,NaN,114
2021-07-19,NaN,25.5,NaN,NaN,23
2021-07-20,25.86,25.96,25.96,25.86,591
2021-07-21,25.1399,25.94,25.94,25.1399,7019
2021-07-22,NaN,25.94,NaN,NaN,109
2021-07-23,25.42,25.0201,25.42,25.0201,388
2021-07-26,25.25,25.25,25.26,25.0,1447
2021-07-27,25.95,26.0,26.0,25.95,720
2021-07-28,NaN,26.0,NaN,NaN,3
2021-07-29,24.62,24.76,24.8615,24.07,5007
2021-07-30,25.52,25.6,25.6,25.52,834
2021-08-02,NaN,25.6,NaN,NaN,87
2021-08-03,NaN,25.6,NaN,NaN,62
2021-08-04,NaN,25.6,NaN,NaN,40
2021-08-05,NaN,25.6,NaN,NaN,66
2021-08-06,NaN,25.6,NaN,NaN,14
2021-08-09,25.4618,25.7307,25.7307,25.4618,476
2021-08-10,NaN,25.7307,NaN,NaN,16
2021-08-13,25.18,25.18,25.18,25.18,317
2021-08-16,24.87,24.8703,24.8703,24.87,324
2021-08-17,24.4299,24.4299,24.4299,24.4299,449
2021-08-18,25.25,24.665,25.26,24.665,1583
2021-08-19,NaN,24.665,NaN,NaN,19
2021-08-20,24.46,22.75,24.65,22.75,3010
2021-08-23,23.0,22.86,23.5,22.86,8664
2021-08-24,23.02,23.3,23.32,23.01,9159
2021-08-25,23.86,23.86,23.86,23.86,161
2021-08-26,23.5,23.5,23.5,23.5,213
2021-08-27,23.41,23.41,23.41,23.41,125
2021-08-30,23.41,23.4,23.41,23.0,6763
2021-08-31,23.4,23.1001,23.55,23.1,7348
2021-09-01,23.1,22.6,23.25,21.75,7672
2021-09-02,NaN,22.6,NaN,NaN,3
2021-09-03,23.0,23.05,23.16,22.75,4866
2021-09-07,23.0,22.905,23.05,22.16,4470
2021-09-08,23.0,22.4311,23.0,22.4311,474
2021-09-09,NaN,22.4311,NaN,NaN,8
2021-09-10,NaN,22.4311,NaN,NaN,39
2021-09-13,NaN,22.4311,NaN,NaN,123
2021-09-14,22.65,22.65,22.65,22.65,254
2021-09-15,22.73,22.03,22.74,21.85,1106
2021-09-16,21.75,21.649,21.75,21.48,1383
2021-09-20,22.1,23.0,23.0131,22.1,12726
2021-09-21,21.8,22.69,22.7,21.8,1105
2021-09-22,22.65,22.18,22.75,22.18,3111
2021-09-23,22.18,22.18,22.18,22.18,377
2021-09-24,21.79,21.79,21.79,21.79,302
2021-09-27,21.79,22.0,22.0,21.68,1109
2021-09-29,20.64,20.61,20.654,20.61,1105
2021-09-30,NaN,20.61,NaN,NaN,15
2021-10-04,NaN,20.61,NaN,NaN,2
2021-10-06,21.08,21.08,21.08,21.08,132
2021-10-08,NaN,21.08,NaN,NaN,8
2021-10-11,24.31,21.2135,24.31,21.2135,2375
2021-10-12,NaN,21.2135,NaN,NaN,144
2021-10-13,22.54,22.54,22.54,22.54,142
2021-10-14,21.65,21.82,21.82,21.05,751
2021-10-15,NaN,21.82,NaN,NaN,177
2021-10-18,22.5,22.97,22.97,22.5,1935
2021-10-19,21.0801,21.0801,21.0801,21.0801,469
2021-10-20,22.6998,22.6998,22.6998,22.6998,542
2021-10-21,NaN,22.6998,NaN,NaN,69
2021-10-22,21.34,23.0,23.0,20.85,2531
2021-10-25,21.71,22.53,22.53,21.7,1633
2021-10-26,22.0,21.75,22.0,21.75,913
2021-10-27,21.801,21.8,21.801,21.8,1141
2021-10-28,NaN,21.8,NaN,NaN,22
2021-10-29,21.98,21.99,21.99,21.98,230
2021-11-01,NaN,21.99,NaN,NaN,53
2021-11-02,20.5,20.91,21.16,20.5,2894
2021-11-03,21.52,21.53,21.53,21.52,685
2021-11-04,21.9,21.9,21.9,21.9,366
2021-11-05,22.62,22.88,22.88,22.5,3241
2021-11-08,23.14,23.0,23.5,23.0,3095
2021-11-09,22.92,23.0,23.0,22.92,703
2021-11-10,23.0,23.4,23.4,23.0,1348
2021-11-11,23.2,23.2,23.2,23.2,1008
2021-11-12,23.2,22.7,23.2,22.7,3803
2021-11-15,22.92,22.3979,22.92,22.3979,2255
2021-11-16,22.5,22.44,22.75,22.44,4965
2021-11-17,22.7,22.7,22.75,22.7,2900
2021-11-18,24.29,24.75,24.75,24.29,7606
2021-11-19,24.04,22.95,24.3189,22.9,79234
2021-11-22,22.9,22.3,23.0,20.6,25310
2021-11-23,22.26,22.4001,22.87,22.26,32244
2021-11-24,22.9,21.88,23.56,21.88,41522
2021-11-26,22.0,22.0,22.43,22.0,7425
2021-11-29,22.0,23.0,23.09,21.0,30890
2021-11-30,23.05,23.5,24.0,23.0,1038153
2021-12-01,24.55,25.0,25.85,24.5,6026
2021-12-02,26.6331,25.49,26.6331,24.61,24286
2021-12-03,25.11,25.71,26.84,23.0,256707
2021-12-06,25.75,25.46,25.75,25.2,763833
2021-12-07,25.5,24.35,25.6,23.71,31128
2021-12-08,24.18,24.53,25.02,24.18,17801
2021-12-09,24.26,24.86,25.0,22.0696,12355
2021-12-10,24.7,24.71,24.9,24.5,24963
2021-12-13,24.51,24.55,24.74,24.2,37432
2021-12-14,24.5,24.0,24.595,21.01,44488
2021-12-15,24.0,23.2,24.11,22.97,46351
2021-12-16,23.03,23.44,24.27,23.03,7001
2021-12-17,23.02,23.78,24.0135,23.0,8515
2021-12-20,23.775,23.565,23.775,23.3,5320
2021-12-21,23.65,23.22,23.97,23.2,12320
2021-12-22,23.03,23.37,23.6,23.03,7639
2021-12-23,23.76,23.4,26.35,23.0962,34564
2021-12-27,23.7,23.7,23.7,23.7,408
2021-12-28,23.54,23.7,24.935,23.5,4340
2021-12-29,23.49,24.74,24.74,23.49,3433
2021-12-30,24.61,24.0,24.61,24.0,44107
2021-12-31,23.43,23.89,23.91,23.42,1207
2022-01-03,NaN,23.89,NaN,NaN,16
2022-01-04,23.43,23.78,24.66,23.43,4418
2022-01-05,24.1,23.612,24.48,23.5,10100
2022-01-06,22.73,23.602,23.8514,22.73,5416
2022-01-07,23.05,23.4,23.975,23.0,2080
2022-01-10,23.13,23.0,23.4,22.26,5971
2022-01-11,23.015,22.9,23.015,22.8,1948
2022-01-12,22.38,22.4,23.0,22.2,7481
2022-01-13,22.27,22.0,22.34,22.0,16725
2022-01-14,22.0,21.63,22.21,21.6,4866
2022-01-18,21.295,20.7,21.99,20.7,9785
2022-01-19,20.6371,20.33,21.3999,20.3,5143
2022-01-20,20.33,18.71,20.35,18.2,21713
2022-01-21,18.71,19.95,20.98,18.2,20041
2022-01-24,19.24,18.2,19.66,17.55,6838
2022-01-25,18.4,21.89,22.5,18.4,46949
2022-01-26,21.85,21.0,21.95,20.04,12596
2022-01-27,20.75,21.0,21.25,20.0,24723
2022-01-28,21.0,19.5,21.15,19.0,45892
2022-01-31,19.56,21.0,21.0,19.0,11217
2022-02-01,20.15,21.021,21.21,20.15,25241
2022-02-02,21.25,21.38,21.4,21.0604,5320
2022-02-03,21.0,20.62,21.105,20.5,2689
2022-02-04,20.625,21.19,21.35,20.5,24383
2022-02-07,20.65,20.965,21.065,20.65,4771
2022-02-08,21.61,21.25,23.12,21.04,22166
2022-02-09,22.4,22.7,23.23,22.0,30337
2022-02-10,22.7,22.44,23.0,22.09,36485
2022-02-11,22.25,22.75,22.9,22.25,6111
2022-02-14,22.3,22.29,22.75,22.1,31449
2022-02-15,22.0,22.06,22.205,19.8,12923
2022-02-16,21.6101,21.6,22.0483,21.6,11855
2022-02-17,21.07,19.74,21.5,19.5,39588
2022-02-18,19.53,18.9875,20.1,18.645,14857
2022-02-22,18.75,20.33,20.33,17.5,14561
2022-02-23,20.2,19.4,20.2,19.19,23295
2022-02-24,19.0,18.59,19.95,17.87,118280
2022-02-25,18.5,18.3,19.15,18.2,62713
2022-02-28,18.24,18.3,20.285,18.05,25456
2022-03-01,18.5,19.945,19.955,18.0,48528
2022-03-02,20.0,19.89,20.92,18.95,69175
2022-03-03,19.8,18.33,22.0,18.2,114847
2022-03-04,19.0,17.03,19.5,17.03,28623
2022-03-07,17.04,16.87,17.8,16.87,26622
2022-03-08,17.3,17.1,18.0,17.1,4440
2022-03-09,17.5,18.2,18.75,17.5,14403
2022-03-10,18.5,18.2,19.125,18.0,6759
2022-03-11,16.92,16.7,18.27,16.7,29922
2022-03-14,17.01,17.01,17.5,15.29,20817
2022-03-15,16.4,16.5,17.25,15.33,11563
2022-03-16,16.0,17.0,17.36,15.98,9447
2022-03-17,17.0,16.71,17.3,16.7,9633
2022-03-18,16.7,16.865,16.865,16.7,8530
2022-03-21,17.28,17.1,17.28,16.405,4447
2022-03-22,16.41,18.135,18.39,16.41,91988
2022-03-23,18.0,17.8,18.845,17.8,11977
2022-03-24,18.26,18.8,18.8,18.0,3520
2022-03-25,19.26,19.25,19.5,18.31,20538
2022-03-28,19.25,18.6,19.64,18.512,58889
2022-03-29,18.342,18.6,19.0,18.0,43037
2022-03-30,18.69,19.48,21.32,18.69,31147
2022-03-31,20.1,19.0,20.1,19.0,6329
2022-04-01,18.86,19.5,20.0,18.86,6825
2022-04-04,19.86,18.69,21.0,18.5102,40783
2022-04-05,18.5,18.0,18.65,17.5,12679
2022-04-06,18.645,17.99,19.25,17.78,62943
2022-04-07,17.89,17.5,18.0,17.5,9101
2022-04-08,17.95,17.5,18.2,17.5,3810
2022-04-11,19.47,18.4,20.5,17.8,20568
2022-04-12,18.01,17.41,18.5,17.4,14100
2022-04-13,17.6,17.49,18.1,17.3,21308
2022-04-14,17.4,17.1,17.5,17.1,12034
2022-04-18,16.85,16.61,17.41,16.61,2913
2022-04-19,16.97,16.05,17.25,16.0,12752
2022-04-20,16.5,15.72,16.7,15.72,5967
2022-04-21,15.71,15.975,16.995,15.71,9792
2022-04-22,15.7512,15.81,16.02,15.75,8644
2022-04-25,15.78,15.17,16.84,14.645,46623
2022-04-26,15.0,14.23,15.69,14.0,36889
2022-04-27,14.06,11.07,14.095,11.0,58773
2022-04-28,11.15,12.94,15.0,11.15,80206
2022-04-29,12.89,12.16,12.89,12.0,13116
2022-05-02,12.78,13.25,13.25,12.15,14255
2022-05-03,13.02,12.7,13.25,12.5,18772
2022-05-04,12.8,12.76,13.63,12.66,11932
2022-05-05,12.75,11.9,12.75,11.85,25255
2022-05-06,11.75,12.2,12.2,10.92,11765
2022-05-09,12.05,11.3,12.05,11.3,13538
2022-05-10,11.2,10.75,11.55,9.0,58101
2022-05-11,10.0,10.0,10.0361,9.65,8755
2022-05-12,10.0,10.3,10.3,9.11,4611
2022-05-13,10.01,9.9,10.01,9.625,10037
2022-05-16,9.313,10.08,12.0,9.313,15586
2022-05-17,10.56,9.725,10.56,9.5,7061
2022-05-18,9.4001,9.12,9.785,9.0,12536
2022-05-19,9.72,9.3,9.72,8.7,11478
2022-05-20,9.31,8.45,9.47,8.21,21407
2022-05-23,8.8,8.69,9.8,8.4,22963
2022-05-24,8.6392,8.55,8.7,8.3,14798
2022-05-25,8.3,10.35,10.35,8.25,6349
2022-05-26,9.6,10.45,10.75,8.92,11259
2022-05-27,10.14,9.9,10.45,9.6,9026
2022-05-31,9.91,9.23,10.55,8.885,15691
2022-06-01,9.65,9.7,10.25,9.41,4586
2022-06-02,10.5,9.695,10.5,9.595,34558
2022-06-03,10.155,9.19,10.155,8.85,13589
2022-06-06,9.59,8.79,9.59,8.79,7764
2022-06-07,8.85,9.45,9.5,8.5,6006
2022-06-08,9.0,9.12,9.81,9.0,21458
2022-06-09,9.12,8.9,9.145,8.0,34682
2022-06-10,9.0,8.72,9.4,8.58,4975
2022-06-13,8.0,8.36,9.64,8.0,13105
2022-06-14,8.35,7.99,8.425,7.8,34909
2022-06-15,8.2,9.3,9.3,8.2,17009
2022-06-16,9.0,8.4,9.0,8.1,17862
2022-06-17,8.05,8.98,9.18,8.05,27538
2022-06-21,9.0,9.2,9.2,8.0001,17042
2022-06-22,9.59,11.75,12.0,9.59,28662
2022-06-23,12.02,11.99,13.34,11.0,36724
2022-06-24,11.64,11.88,13.0,10.48,62292
2022-06-27,11.46,11.8,13.8,10.5,84200
2022-06-28,11.6,11.09,13.9,10.6,77282
2022-06-29,10.6,12.81,13.39,9.34,53990
2022-06-30,12.8,11.85,12.8,11.5,53485
2022-07-01,11.43,12.0,12.56,10.215,111170
2022-07-05,11.48,10.78,11.63,10.51,68446
2022-07-06,10.32,10.6,11.69,10.22,43490
2022-07-07,10.49,10.92,11.73,10.47,68988
2022-07-08,10.9,11.37,11.6,10.5,67633
2022-07-11,11.19,10.94,11.4,10.67,54068
2022-07-12,10.62,10.6,11.0,10.6,5945
2022-07-13,10.57,11.99,12.0,10.1,99897
2022-07-14,11.68,11.75,12.5,11.21,55655
2022-07-15,11.65,11.11,11.65,11.11,35368
2022-07-18,10.91,10.6,11.8,10.6,51269
2022-07-19,10.0,10.58,11.1,10.0,43805
2022-07-20,10.9,9.41,10.94,8.81,64135
2022-07-21,9.4,10.21,10.79,8.46,67226
2022-07-22,10.36,10.0,10.48,9.3,58994
2022-07-25,10.0,9.81,10.09,9.42,40281
2022-07-26,9.98,10.0,10.25,9.82,24389
2022-07-27,9.97,9.9,10.24,9.7,26017
2022-07-28,9.84,10.445,10.7,9.84,15535
2022-07-29,10.48,10.2,11.42,9.87,42542
2022-08-01,10.2,9.6,10.31,9.6,19959
2022-08-02,9.78,10.11,10.7,9.6,59433
2022-08-03,10.15,9.9,10.19,9.6299,131507
2022-08-04,10.04,10.0,10.11,9.5,93105
2022-08-05,9.73,9.99,10.0,9.51,52744
2022-08-08,10.36,10.43,11.51,10.01,82000
2022-08-09,10.39,9.51,10.75,9.51,48782
2022-08-10,9.75,10.04,10.2,9.7,84176
2022-08-11,10.29,9.95,10.29,9.91,125650
2022-08-12,10.0,9.81,10.175,9.67,55446
2022-08-15,9.82,9.76,10.06,9.5,79344
2022-08-16,10.0,9.68,10.16,9.42,104869
2022-08-17,9.64,8.6,9.9687,8.315,84185
2022-08-18,8.47,9.61,9.9695,8.41,220095
2022-08-19,9.67,9.43,9.94,8.9,51650
2022-08-22,9.33,9.045,9.37,8.99,12979
2022-08-23,9.13,9.07,9.424,9.0,38540
2022-08-24,9.15,9.79,9.82,8.9,134809
2022-08-25,9.46,10.03,10.6,9.31,43485
2022-08-26,10.5,10.59,11.05,10.4,42169
2022-08-29,11.47,10.36,11.47,10.065,32494
2022-08-30,10.59,10.29,10.88,10.11,41037
2022-08-31,10.41,10.11,10.795,9.8,38605
2022-09-01,10.24,10.21,10.89,10.0319,46146
2022-09-02,10.37,10.59,11.5208,10.18,59449
2022-09-06,10.26,10.99,11.4,10.22,49420
2022-09-07,11.14,11.51,11.59,10.096,47457
2022-09-08,12.0,11.4,13.3,11.07,38336
2022-09-09,11.2,12.26,13.43,10.41,57987
2022-09-12,12.27,12.25,12.89,12.1,49031
2022-09-13,11.83,13.06,13.81,11.5,69841
2022-09-14,13.38,13.2,13.98,12.52,90464
2022-09-15,13.15,12.84,13.76,12.62,51143
2022-09-16,12.8,11.59,13.3,11.08,49149
2022-09-19,11.4,11.24,12.21,11.21,15472
2022-09-20,11.66,11.06,11.93,10.25,49568
2022-09-21,11.33,10.9,11.36,10.72,29829
2022-09-22,11.88,10.4,11.88,10.13,58354
2022-09-23,10.5,10.72,11.8,10.375,30944
2022-09-26,10.58,10.01,11.11,10.01,37801
2022-09-27,10.4,10.32,11.7,9.75,42473
2022-09-28,10.15,10.0,10.42,9.9,46272
2022-09-29,10.1,10.0,10.34,9.57,36257
2022-09-30,9.81,10.035,10.26,9.8,13624
2022-10-03,10.32,9.69,10.75,9.69,92685
2022-10-04,9.85,10.3,11.6,9.68,144106
2022-10-05,9.92,10.41,10.86,9.7,76472
2022-10-06,10.12,10.0,11.89,9.86,109865
2022-10-07,9.75,10.2,10.68,9.75,66805
2022-10-10,10.15,10.28,10.41,9.83,62236
2022-10-11,10.0,10.8,11.187,10.0,74185
2022-10-12,10.54,11.3,11.76,10.3755,68314
2022-10-13,10.92,11.65,11.65,10.7,31005
2022-10-14,11.45,10.7,11.62,10.7,46067
2022-10-17,10.75,11.34,12.35,10.75,38419
2022-10-18,11.4,11.2,11.915,10.86,49935
2022-10-19,11.15,10.82,11.62,10.7,46587
2022-10-20,10.83,10.89,11.71,10.83,28040
2022-10-21,10.82,11.25,11.53,10.82,33918
2022-10-24,11.05,11.0,11.28,10.91,24929
2022-10-25,10.69,10.7,11.09,10.4201,34177
2022-10-26,10.73,11.01,11.18,10.444,24610
2022-10-27,11.11,10.85,11.4,10.82,21615
2022-10-28,11.03,10.68,11.1,10.25,31876
2022-10-31,10.81,11.52,11.94,10.12,32109
2022-11-01,11.67,11.73,12.2038,11.45,28590
2022-11-02,12.04,11.57,12.5,11.05,30855
2022-11-03,11.52,12.01,12.5,11.3,26622
2022-11-04,11.92,13.24,14.73,11.6,25370
2022-11-07,13.41,13.0,14.81,12.42,47929
2022-11-08,11.75,12.2,13.635,11.2733,39533
2022-11-09,12.0,11.75,12.55,11.31,8722
2022-11-10,11.6,12.2,12.89,11.0,20545
2022-11-11,12.041,13.01,13.36,11.9,32243
2022-11-14,13.11,13.89,14.7115,13.05,37046
2022-11-15,13.89,13.79,14.4982,13.57,20551
2022-11-16,13.39,13.21,13.82,12.51,26496
2022-11-17,12.6795,12.3,13.319,12.1,14379
2022-11-18,12.54,12.71,12.71,11.9,30222
2022-11-21,12.2876,13.3,13.6,12.2,21720
2022-11-22,13.51,13.41,13.99,13.24,2638
2022-11-23,13.1,15.29,15.5,13.1,17652
2022-11-25,15.04,14.49,16.29,13.53,19484
2022-11-28,14.28,15.49,16.7131,14.13,27010
2022-11-29,15.8,15.55,16.44,15.4,10435
2022-11-30,15.35,15.68,16.5,14.6668,22422
2022-12-01,16.0,16.24,17.58,15.35,44029
2022-12-02,15.8,17.0,17.33,15.8,41083
2022-12-05,17.0,17.09,17.99,16.945,122027
2022-12-06,17.14,16.15,17.14,15.57,41208
2022-12-07,15.8821,15.55,16.79,15.0,30522
2022-12-08,15.41,15.23,16.28,15.06,24779
2022-12-09,15.59,15.52,16.31,14.652,49423
2022-12-12,15.2,15.3,15.97,14.0,29131
2022-12-13,15.55,14.6,17.69,13.81,72687
2022-12-14,13.925,14.915,16.0,13.8779,110602
2022-12-15,14.8,14.25,14.81,13.8,33618
2022-12-16,13.98,14.56,15.24,13.08,27645
2022-12-19,14.13,13.96,15.28,13.2,22066
2022-12-20,13.56,14.51,14.92,13.21,21278
2022-12-21,14.33,14.02,15.18,14.02,44543
2022-12-22,13.5668,15.4,15.8,13.5668,38437
2022-12-23,15.93,14.17,15.93,13.92,62042
2022-12-27,14.29,14.16,15.21,13.9888,14968
2022-12-28,13.9021,15.38,15.55,13.9021,24074
2022-12-29,15.25,15.8,16.32,14.23,25845
2022-12-30,15.4194,15.25,16.6408,14.9375,24702
2023-01-03,15.0,14.69,15.59,14.42,25584
2023-01-04,14.5,15.41,16.07,13.7513,42125
2023-01-05,15.78,15.38,16.51,14.74,73989
2023-01-06,14.54,14.76,15.7,14.5,33557
2023-01-09,14.76,15.61,16.39,14.7,36699
2023-01-10,15.99,15.5999,16.0,15.06,19323
2023-01-11,15.42,14.81,15.675,14.6,32399
2023-01-12,15.0,14.56,15.9737,14.2,28347
2023-01-13,14.2,14.24,14.94,13.04,63058
2023-01-17,14.44,13.5,14.5,13.3,26028
2023-01-18,13.45,13.02,13.75,13.02,6095
2023-01-19,13.12,13.2,13.4,13.08,2440
2023-01-20,13.4505,13.2,13.88,13.15,19714
2023-01-23,13.15,13.44,13.95,12.91,7917
2023-01-24,12.9,13.02,13.35,12.019,20870
2023-01-25,12.5659,12.94,13.5,12.43,14256
2023-01-26,12.8493,12.98,13.72,12.41,32557
2023-01-27,12.51,13.5,13.8141,12.51,18811
2023-01-30,12.605,12.73,13.3027,12.605,16331
2023-01-31,12.39,13.0,13.25,12.39,47696
2023-02-01,12.8,13.49,13.62,12.475,42126
2023-02-02,13.19,12.83,13.4,12.82,38725
2023-02-03,12.75,12.99,13.51,12.75,53128
2023-02-06,13.09,12.98,13.38,12.7,20962
2023-02-07,13.0,12.97,14.0,12.62,31311
2023-02-08,12.86,12.98,13.6,12.86,21273
2023-02-09,13.0,12.81,13.645,12.73,43583
2023-02-10,12.9,13.1,13.1,12.87,7398
2023-02-13,13.05,12.77,14.9499,12.75,222085
2023-02-14,12.77,13.29,13.55,12.3361,42888
2023-02-15,13.35,12.93,13.4,12.594,61294
2023-02-16,12.85,12.8,12.99,12.7,60302
2023-02-17,12.83,12.72,12.915,12.5,18802
2023-02-21,12.7,12.4,12.94,12.4,28438
2023-02-22,12.59,12.41,12.65,12.2,7799
2023-02-23,12.825,12.53,12.9,12.17,41299
2023-02-24,12.38,12.49,13.344,12.335,81059
2023-02-27,12.64,11.81,12.795,11.66,130236
2023-02-28,11.81,11.72,12.3,11.6,72554
2023-03-01,11.73,11.68,12.3775,11.56,82227
2023-03-02,11.48,10.21,11.96,9.445,150662
2023-03-03,10.19,11.16,11.33,10.19,90500
2023-03-06,11.1,10.64,11.83,10.06,80977
2023-03-07,10.54,10.09,11.73,10.0,21567
2023-03-08,10.08,9.9,10.53,9.8,69678
2023-03-09,9.95,9.56,10.9,9.12,73513
2023-03-10,9.51,9.2,10.27,9.0,18071
2023-03-13,9.14,9.95,10.51,8.33,17265
2023-03-14,10.15,9.66,10.97,9.33,44688
2023-03-15,12.0,9.16,12.0,9.04,43320
2023-03-16,9.6,8.99,9.6,8.8,120951
2023-03-17,8.91,8.7,9.12,8.66,18864
2023-03-20,8.62,9.02,9.25,8.51,20359
2023-03-21,9.0,8.955,9.22,8.76,28116
2023-03-22,9.15,8.87,9.26,8.8,3078
2023-03-23,9.2,8.99,9.27,8.85,6455
2023-03-24,8.97,9.19,9.3,8.94,16247
2023-03-27,9.0,8.3,9.1,8.25,22595
2023-03-28,8.21,8.305,8.43,8.21,6352
2023-03-29,8.17,6.4,8.17,6.21,65404
2023-03-30,6.33,6.3,6.94,6.01,25764
2023-03-31,6.45,6.2,6.6499,6.045,20852
2023-04-03,6.11,6.2,6.69,6.07,26433
2023-04-04,6.23,6.09,6.4,6.01,15566
2023-04-05,6.08,6.205,6.54,6.08,11792
2023-04-06,6.2,6.33,6.33,6.055,13678
2023-04-10,6.67,6.16,6.67,6.075,21764
2023-04-11,6.28,6.15,6.32,6.11,8532
2023-04-12,6.16,5.8,6.2,5.54,61650
2023-04-13,5.71,6.13,6.6,5.71,6545
2023-04-14,6.0,6.2,6.32,6.0,554917
2023-04-17,6.0,5.8,6.2724,5.65,567684
2023-04-18,5.75,6.23,6.4423,5.75,12508
2023-04-19,6.21,6.615,6.72,6.2,9767
2023-04-20,6.47,5.9,6.94,5.755,49872
2023-04-21,5.79,5.33,5.9,5.3001,57922
2023-04-24,5.35,4.61,5.73,4.58,125392
2023-04-25,4.58,4.61,4.78,4.545,18639
2023-04-26,4.69,4.9,5.02,4.6,228071
2023-04-27,5.0,6.57,7.24,4.9,96886
2023-04-28,6.61,6.7,7.52,6.01,61501
2023-05-01,6.89,6.76,7.0,6.32,17835
2023-05-02,7.0,6.65,7.2899,6.5,8431
2023-05-03,6.555,6.23,6.555,5.9301,20861
2023-05-04,6.22,6.18,6.9,5.995,50963
2023-05-05,6.33,6.35,6.6899,6.2,33947
2023-05-08,6.82,6.45,7.6,6.39,69713
2023-05-09,6.55,6.54,6.7543,6.4001,42116
2023-05-10,6.52,6.17,6.88,5.75,60497
2023-05-11,6.085,6.155,6.1648,6.05,19906
2023-05-12,6.11,5.76,6.39,5.71,40782
2023-05-15,6.03,5.87,6.16,5.76,30399
2023-05-16,5.85,5.96,6.24,5.61,35690
2023-05-17,5.95,5.45,6.44,5.212,63093
2023-05-18,5.6,6.03,8.35,5.5,682349
2023-05-19,6.28,5.98,6.2985,5.68,95979
