2012-05-10,9.97,9.8,10.0,9.5,6900
2012-05-11,9.702,9.702,9.702,9.702,250
2012-05-14,9.8,9.8,9.8,9.8,100
2012-05-15,9.75,9.75,9.75,9.75,250
2012-05-17,9.6,9.6,9.6,9.6,830
2012-05-22,9.69,9.69,9.69,9.69,1500
2012-05-23,9.77,9.6,9.77,9.6,153600
2012-05-24,9.6,9.6,9.6,9.6,37000
2012-05-25,9.6,9.6,9.6,9.6,61700
2012-05-31,9.59,9.61,9.61,9.56,400
2012-06-06,9.55,9.7,9.7,9.55,1000
2012-06-08,9.55,9.55,9.55,9.55,500
2012-06-13,9.6,9.6,9.6,9.6,1000
2012-06-15,9.6,9.6,9.6,9.6,100
2012-09-04,9.6,9.6,9.6,9.6,100
2012-09-07,9.66,9.68,9.85,9.61,33200
2012-09-13,9.8,9.72,9.8,9.72,200
2012-09-24,9.8,9.7999,9.8,9.7999,1250
2012-10-08,9.8,9.8,9.8,9.8,100
2012-10-10,9.85,9.85,9.85,9.85,100
2012-10-11,9.85,9.85,9.85,9.85,900
2012-10-15,9.86,9.81,9.86,9.81,400
2012-10-18,9.8,9.8,9.8,9.8,1000
2012-10-26,9.81,9.81,9.81,9.81,100
2012-11-02,12.66,9.9,12.66,9.9,1100
2012-11-05,9.9,9.9,9.9,9.9,100
2012-11-12,9.85,9.84,9.85,9.84,1810
2012-11-30,9.85,9.85,9.85,9.85,40000
2012-12-03,9.85,9.85,9.85,9.85,158930
2012-12-10,9.85,9.85,9.85,9.85,18900
2012-12-11,9.8401,9.8401,9.8401,9.8401,1000
2012-12-12,9.84,9.84,9.85,9.81,50690
2012-12-14,9.8001,9.94,9.94,9.8001,300
2012-12-19,9.8443,9.94,9.94,9.8443,200
2012-12-21,9.94,9.94,9.94,9.94,100
2012-12-31,9.9,9.88,9.94,9.88,13170
2013-01-02,9.88,9.87,9.95,9.87,3200
2013-01-22,9.95,9.95,9.95,9.95,200
2013-01-25,9.95,9.95,9.95,9.95,200
2013-02-25,9.925,10.0,10.0,9.9,12200
2013-02-26,9.9,9.9,9.9,9.9,100
2013-03-11,9.99,9.99,9.99,9.99,100
2013-03-25,9.9001,9.99,9.99,9.9001,200
2013-04-10,9.99,9.99,9.99,9.99,100
2013-04-19,10.0,10.0,10.0,9.9,400
2013-04-30,9.92,9.92,9.92,9.92,100
2013-05-01,9.99,9.99,9.99,9.99,1000
2013-05-10,9.95,9.94,9.95,9.94,30000
2013-05-13,9.94,9.92,9.94,9.92,15540
2013-05-24,9.92,9.9899,9.9899,9.92,600
2013-05-29,9.99,9.9786,9.99,9.9786,200
2013-06-03,9.99,9.99,9.99,9.99,300
2013-06-04,9.99,9.99,9.99,9.99,200
2013-06-14,9.93,9.93,9.93,9.93,100
2013-07-15,9.9414,10.04,10.04,9.9414,2850
2013-07-23,10.0,10.0,10.0,10.0,9900
2013-07-24,10.05,10.05,10.05,10.05,2000
2013-07-26,10.05,10.05,10.05,10.05,300
2013-07-31,10.05,10.05,10.05,10.05,100
2013-08-01,10.05,10.05,10.05,10.05,200
2013-08-13,10.0,10.04,10.04,10.0,2100
2013-08-14,10.05,10.05,10.05,10.05,400
2013-08-16,10.05,10.05,10.05,10.05,1000
2013-08-19,10.13,10.08,10.14,10.08,5300
2013-08-20,10.1,10.08,10.1,10.0,7080
2013-09-16,10.02,10.03,10.03,10.02,1100
2013-09-17,10.03,10.0301,10.0301,10.03,3630
2013-09-25,10.1,10.18,10.23,10.06,103830
2013-09-26,10.18,10.17,10.18,10.1,6900
2013-09-27,10.18,10.06,10.18,10.0301,53550
2013-09-30,10.02,10.07,10.07,10.02,200
2013-10-01,9.72,10.1499,10.18,9.72,26100
2013-10-02,9.89,10.15,10.18,9.89,10300
2013-10-03,10.08,10.15,10.18,10.08,13000
2013-10-04,10.06,10.15,10.15,10.09,1800
2013-10-07,10.15,10.17,10.18,10.15,20100
2013-10-08,10.17,10.16,10.18,10.15,30101
2013-10-09,10.16,10.15,10.16,10.15,11000
2013-10-10,10.18,10.18,10.18,10.18,400
2013-10-11,10.18,10.15,10.18,10.15,3100
2013-10-14,10.15,10.15,10.15,10.149,6400
2013-10-15,10.15,10.15,10.16,10.14,4200
2013-10-16,10.15,10.1499,10.15,10.1499,2500
2013-10-18,10.18,10.1599,10.18,10.15,16600
2013-10-21,10.16,10.16,10.16,10.16,400
2013-10-23,10.1599,10.16,10.16,10.1599,1300
2013-10-24,10.1599,10.1599,10.1599,10.1599,1100
2013-10-28,10.16,10.16,10.16,10.16,3400
2013-10-31,10.18,10.14,10.18,9.6,1800
2013-11-01,10.1,10.16,10.17,10.1,35600
2013-11-04,10.16,10.18,10.18,10.16,100100
2013-11-05,10.07,10.17,10.17,10.07,1300
2013-11-08,10.17,10.17,10.17,10.17,1550
2013-11-11,10.17,10.17,10.17,10.17,1800
2013-11-12,10.16,10.16,10.16,10.16,101
2013-11-13,10.16,10.16,10.16,10.1599,2100
2013-11-14,10.16,10.16,10.16,10.16,200
2013-11-18,10.17,10.17,10.17,10.17,45700
2013-11-20,10.17,10.17,10.18,10.17,21852
2013-11-21,10.17,10.17,10.18,10.17,15150
2013-11-22,10.17,10.17,10.17,10.17,100
2013-11-25,10.18,10.1,10.18,10.1,4700
2013-11-29,10.17,10.17,10.17,10.17,2600
2013-12-02,10.18,10.17,10.17,10.17,14650
2013-12-03,10.18,10.17,10.17,10.17,1952
2013-12-04,10.16,10.11,10.16,10.11,3390
2013-12-05,10.169,10.169,10.169,10.169,900
2013-12-06,10.17,10.16,10.17,10.1599,8900
2013-12-10,10.18,10.11,10.18,10.11,2840
2013-12-11,10.1799,10.18,10.18,10.17,6626
2013-12-12,10.18,10.18,10.18,10.18,4255
2013-12-13,10.0,10.0,10.0,10.0,1900
2013-12-16,10.13,9.31,10.17,9.31,2900
2013-12-17,10.0,10.19,10.23,10.08,79220
2013-12-18,10.18,10.19,10.19,10.18,4500
2013-12-19,10.0101,10.26,10.3961,10.0101,42520
2013-12-20,10.32,10.18,10.32,10.18,993632
2015-12-08,9.65,9.57,9.65,9.55,82900
2015-12-09,9.55,9.51,9.58,9.51,5300
2015-12-10,9.5,9.5,9.5,9.5,4300
2015-12-11,9.5,9.51,9.55,9.5,3300
2015-12-14,9.51,9.51,9.51,9.51,0
2015-12-15,9.45,9.51,9.51,9.45,6500
2015-12-16,9.5,9.46,9.5,9.45,13500
2015-12-17,9.46,9.46,9.46,9.46,0
2015-12-18,9.46,9.46,9.46,9.46,0
2015-12-22,9.55,9.6,9.6,9.55,12075
2015-12-23,9.6,9.6,9.6,9.6,0
2015-12-24,9.6,9.55,9.6,9.55,200
2015-12-28,9.5081,9.5,9.51,9.49,6000
2015-12-29,9.5,9.5,9.5,9.5,10300
2015-12-30,9.49,9.49,9.51,9.49,5300
2015-12-31,9.52,9.5,9.55,9.49,2100
2016-01-04,9.49,9.49,9.49,9.49,2400
2016-01-05,9.49,9.45,9.49,9.4,12700
2016-01-06,9.45,9.45,9.45,9.45,0
2016-01-07,9.45,9.45,9.45,9.45,0
2016-01-08,9.45,9.45,9.45,9.45,0
2016-01-11,9.45,9.45,9.45,9.45,0
2016-01-12,9.45,9.45,9.45,9.45,0
2016-01-13,9.45,9.45,9.45,9.45,0
2016-01-14,9.45,9.45,9.45,9.45,0
2016-01-15,9.45,9.45,9.45,9.45,0
2016-01-19,9.45,9.45,9.45,9.45,0
2016-01-20,9.45,9.45,9.45,9.45,0
2016-01-21,9.45,9.45,9.45,9.45,0
2016-01-22,9.5136,9.5136,9.5136,9.5136,100
2016-01-25,9.5136,9.5136,9.5136,9.5136,0
2016-01-26,9.5136,9.5136,9.5136,9.5136,0
2016-01-27,9.5136,9.5136,9.5136,9.5136,0
2016-01-28,9.5136,9.5136,9.5136,9.5136,0
2016-01-29,9.5136,9.5136,9.5136,9.5136,0
2016-02-01,9.5136,9.5136,9.5136,9.5136,0
2016-02-02,9.45,9.45,9.45,9.45,100
2016-02-03,9.45,9.45,9.45,9.45,0
2016-02-04,9.45,9.45,9.45,9.45,0
2016-02-05,9.45,9.45,9.45,9.45,0
2016-02-08,9.55,9.56,9.56,9.55,1100
2016-02-09,9.5433,9.55,9.55,9.5433,2000
2016-02-23,9.55,9.58,9.58,9.55,12025
2016-02-24,9.54,9.54,9.54,9.54,100
2016-02-25,9.54,9.54,9.54,9.54,0
2016-02-26,9.54,9.54,9.54,9.54,0
2016-02-29,9.54,9.54,9.54,9.54,0
2016-03-01,9.54,9.56,9.54,9.54,100
2016-03-02,9.56,9.53,9.56,9.53,3700
2016-03-03,9.53,9.59,9.53,9.53,11200
2016-03-04,9.59,9.59,9.59,9.59,0
2016-03-07,9.59,9.59,9.59,9.59,0
2016-03-08,9.59,9.56,9.59,9.59,1000
2016-03-09,9.58,9.58,9.58,9.58,121115
2016-03-10,9.58,9.58,9.58,9.58,0
2016-03-11,9.58,9.58,9.58,9.58,0
2016-03-14,9.61,9.63,9.635,9.595,37500
2016-03-15,9.63,9.64,9.63,9.63,2002
2016-03-21,9.66,9.67,9.67,9.66,1202
2016-03-22,9.67,9.67,9.67,9.67,1000
2016-03-23,9.67,9.67,9.67,9.67,0
2016-03-24,9.67,9.67,9.67,9.67,0
2016-03-29,9.7,9.7,9.7,9.7,25350
2016-03-30,9.7,9.7,9.7,9.7,0
2016-03-31,9.7,9.7,9.7,9.7,0
2016-04-01,9.7,9.7,9.7,9.7,0
2016-04-04,9.7,9.7,9.7,9.7,600
2016-04-05,9.7,9.7101,9.7,9.7,600
2016-04-06,9.74,9.71,9.74,9.71,200
2016-04-07,9.71,9.71,9.71,9.71,0
2016-04-08,9.71,9.71,9.71,9.71,0
2016-04-11,9.74,9.74,9.74,9.74,300
2016-04-12,9.71,9.74,9.75,9.71,4500
2016-04-13,9.74,9.74,9.74,9.74,0
2016-04-14,9.74,9.74,9.74,9.74,900
2016-04-15,9.77,9.7399,9.77,9.71,2100
2016-04-18,9.78,9.67,9.78,9.67,418
2016-04-19,9.67,9.67,9.67,9.67,0
2016-04-20,9.7,9.7,9.7,9.7,500
2016-04-21,9.7,9.7,9.7,9.7,0
2016-04-22,9.7,9.7,9.7,9.7,0
2016-04-25,9.7,9.7,9.7,9.7,0
2016-04-26,9.69,9.71,9.71,9.69,23051
2016-04-27,9.73,9.73,9.73,9.73,1000
2016-04-28,9.73,9.73,9.73,9.73,0
2016-04-29,9.73,9.73,9.73,9.73,0
2016-05-02,9.73,9.73,9.73,9.73,0
2016-05-03,9.73,9.73,9.73,9.73,0
2016-05-04,9.73,9.73,9.73,9.73,0
2016-05-05,9.73,9.73,9.73,9.73,0
2016-05-06,9.73,9.73,9.73,9.73,0
2016-05-09,9.73,9.73,9.73,9.73,0
2016-05-10,9.73,9.73,9.73,9.73,0
2016-05-11,9.73,9.73,9.73,9.73,0
2016-05-12,9.73,9.73,9.73,9.73,0
2016-05-13,9.73,9.73,9.73,9.73,0
2016-05-16,9.73,9.73,9.73,9.73,0
2016-05-17,9.73,9.73,9.73,9.73,0
2016-05-18,9.67,9.67,9.67,9.67,101
2016-05-19,9.67,9.67,9.67,9.67,0
2016-05-20,9.67,9.67,9.67,9.67,0
2016-05-23,9.67,9.67,9.67,9.67,0
2016-05-24,9.67,9.67,9.67,9.67,0
2016-05-25,9.67,9.67,9.67,9.67,0
2016-05-26,9.67,9.67,9.67,9.67,0
2016-05-27,9.67,9.67,9.67,9.67,0
2016-05-31,9.67,9.67,9.67,9.67,0
2016-06-01,9.67,9.67,9.67,9.67,0
2016-06-02,9.67,9.67,9.67,9.67,0
2016-06-03,9.67,9.67,9.67,9.67,0
2016-06-07,NaN,9.67,NaN,NaN,0
2016-06-08,9.67,9.67,9.67,9.67,0
2016-06-09,9.67,9.67,9.67,9.67,0
2016-06-10,9.67,9.67,9.67,9.67,0
2016-06-13,9.67,9.67,9.67,9.67,0
2016-06-14,9.67,9.67,9.67,9.67,0
2016-06-15,9.67,9.67,9.67,9.67,0
2016-06-16,9.67,9.67,9.67,9.67,0
2016-06-17,9.79,9.73,10.05,9.73,5716
2016-06-20,9.73,9.73,9.73,9.73,0
2016-06-21,9.73,9.73,9.73,9.73,0
2016-06-22,9.73,9.73,9.73,9.73,0
2016-06-23,9.73,9.73,9.73,9.73,0
2016-06-24,9.73,9.73,9.73,9.73,0
2016-06-27,9.73,9.73,9.73,9.73,0
2016-06-28,9.7422,9.73,9.7422,9.73,3000
2016-06-29,9.73,9.73,9.73,9.73,0
2016-06-30,9.73,9.73,9.73,9.73,0
2016-07-01,9.73,9.73,9.73,9.73,0
2016-07-05,9.73,9.73,9.73,9.73,1100
2016-07-06,9.73,9.73,9.73,9.73,0
2016-07-07,9.73,9.73,9.73,9.73,0
2016-07-08,9.73,9.73,9.73,9.73,0
2016-07-11,9.73,9.73,9.73,9.73,0
2016-07-12,9.73,9.73,9.73,9.73,0
2016-07-13,9.73,9.73,9.73,9.73,0
2016-07-14,9.73,9.73,9.73,9.73,0
2016-07-15,9.73,9.73,9.73,9.73,0
2016-07-18,9.73,9.73,9.73,9.73,0
2016-07-19,9.73,9.73,9.73,9.73,0
2016-07-20,9.73,9.73,9.73,9.73,0
2016-07-21,9.73,9.73,9.73,9.73,0
2016-07-22,9.73,9.73,9.73,9.73,0
2016-07-25,9.73,9.73,9.73,9.73,0
2016-07-26,9.73,9.73,9.73,9.73,0
2016-07-27,9.73,9.73,9.73,9.73,0
2016-07-28,9.73,9.73,9.73,9.73,0
2016-07-29,9.73,9.73,9.73,9.73,0
2016-08-01,9.73,9.73,9.73,9.73,0
2016-08-02,9.8299,9.8045,9.83,9.8045,6504
2016-08-03,9.8045,9.8045,9.8045,9.8045,0
2016-08-04,9.8045,9.8045,9.8045,9.8045,0
2016-08-05,9.8045,9.8045,9.8045,9.8045,0
2016-08-08,NaN,9.8045,NaN,NaN,0
2016-08-09,9.83,9.88,9.88,9.83,1277
2016-08-10,NaN,9.88,NaN,NaN,0
2016-08-11,9.851,9.81,9.88,9.81,2202
2016-08-12,NaN,9.81,NaN,NaN,0
2016-08-15,NaN,9.81,NaN,NaN,0
2016-08-16,NaN,9.81,NaN,NaN,0
2016-08-17,NaN,9.81,NaN,NaN,0
2016-08-18,NaN,9.81,NaN,NaN,0
2016-08-19,NaN,9.81,NaN,NaN,0
2016-08-22,NaN,9.81,NaN,NaN,0
2016-08-23,NaN,9.81,NaN,NaN,0
2016-08-24,NaN,9.81,NaN,NaN,0
2016-08-25,NaN,9.81,NaN,NaN,0
2016-08-26,NaN,9.81,NaN,NaN,0
2016-08-29,NaN,9.81,NaN,NaN,1
2016-08-30,NaN,9.81,NaN,NaN,0
2016-08-31,NaN,9.81,NaN,NaN,1
2016-09-01,NaN,9.81,NaN,NaN,0
2016-09-02,NaN,9.81,NaN,NaN,0
2016-09-06,NaN,9.81,NaN,NaN,0
2016-09-08,9.86,9.86,9.86,9.86,3500
2016-09-09,9.85,9.85,9.85,9.85,5000
2016-09-12,NaN,9.85,NaN,NaN,0
2016-09-13,NaN,9.85,NaN,NaN,0
2016-09-15,9.87,9.87,9.87,9.87,5300
2016-09-16,9.86,9.86,9.86,9.86,3200
2016-09-21,NaN,9.86,NaN,NaN,6
2016-09-26,9.86,9.86,9.86,9.86,100
2016-09-27,9.86,9.89,9.89,9.86,7600
2016-09-28,NaN,9.89,NaN,NaN,3
2016-10-10,9.9,9.9,9.9,9.9,4001
2016-10-11,9.9,9.9,9.9,9.9,6000
2016-10-13,9.9,9.9,9.9,9.9,1400
2016-10-14,9.9,9.9,9.9,9.9,4000
2016-10-19,9.9,9.9,9.9,9.9,2250
2016-10-20,9.9,9.9,9.9,9.9,2750
2016-10-25,9.9,9.9,9.9,9.9,1000
2016-11-07,9.92,9.92,9.92,9.92,150000
2016-11-10,9.92,9.92,9.92,9.92,100
2016-11-15,9.92,9.9205,9.9252,9.92,42000
2016-11-16,9.95,9.95,9.95,9.95,100
2016-11-23,9.92,9.91,9.92,9.91,12100
2016-11-25,9.92,9.95,9.95,9.92,300
2016-12-08,9.935,9.93,9.935,9.93,1250
2016-12-13,9.93,9.93,9.93,9.93,2500
2016-12-14,9.93,9.93,9.93,9.93,4000
2016-12-15,9.94,9.93,9.94,9.93,5450
2016-12-29,9.931,9.931,9.931,9.931,200
2017-01-13,NaN,9.931,NaN,NaN,75
2017-01-19,10.0,10.0,10.0,10.0,6500
2017-01-20,10.05,10.05,10.05,10.04,900
2017-01-23,10.05,10.04,10.25,10.04,2800
2017-01-25,10.0,10.0,10.0,10.0,477
2017-01-27,10.0,10.0,10.0,9.9999,92275
2017-01-30,10.1,10.35,10.35,10.1,377
2017-02-02,10.0001,10.01,10.09,10.0,1200
2017-02-03,10.0,10.045,10.045,10.0,677
2017-02-06,10.1399,10.1399,10.1399,10.1399,100
2017-02-16,10.14,10.0364,10.14,10.0364,200
2017-02-21,10.01,10.01,10.01,10.01,1500
2017-02-28,10.1,10.14,10.14,10.09,105500
2017-03-01,10.09,10.14,10.14,10.09,20250
2017-03-06,10.1,10.14,10.14,10.1,10807
2017-03-07,NaN,10.14,NaN,NaN,6
2017-03-08,NaN,10.14,NaN,NaN,4
2017-03-09,NaN,10.14,NaN,NaN,50
2017-03-10,NaN,10.14,NaN,NaN,1
2017-03-16,NaN,10.14,NaN,NaN,6
2017-03-17,NaN,10.14,NaN,NaN,1
2017-03-20,10.0501,10.14,10.15,10.0,14004
2017-03-27,10.1,10.12,10.2,10.06,13127
2017-03-31,10.06,10.09,10.12,10.06,1500
2017-04-07,10.1,10.11,10.11,10.1,400
2017-04-10,10.1,10.11,10.11,10.1,200
2017-04-13,NaN,10.11,NaN,NaN,2
2017-04-20,10.11,10.15,10.15,10.11,600
2017-05-05,NaN,10.15,NaN,NaN,1
2017-05-10,NaN,10.15,NaN,NaN,1
2017-05-15,10.1002,10.0903,10.1002,10.09,900
2017-05-16,10.1,10.17,10.17,10.1,406
2017-05-19,10.17,10.17,10.17,10.17,204
2017-05-22,NaN,10.17,NaN,NaN,1
2017-05-24,NaN,10.17,NaN,NaN,1
2017-05-30,10.1,10.12,10.12,10.1,13101
2017-05-31,NaN,10.12,NaN,NaN,1
2017-06-01,NaN,10.12,NaN,NaN,50
2017-06-07,10.08,10.11,10.11,10.08,8000
2017-06-13,10.083,10.08,10.09,10.08,6400
2017-06-15,10.08,10.09,10.09,10.08,500
2017-06-20,10.0801,10.09,10.09,10.055,6179
2017-06-23,10.0702,10.08,10.08,10.0702,3100
2017-06-27,10.09,10.09,10.09,10.09,600
2017-06-30,10.12,10.1092,10.14,10.107,3200
2017-07-05,10.06,10.14,10.14,10.05,2100
2017-07-11,NaN,10.14,NaN,NaN,50
2017-08-01,10.07,10.01,10.13,9.6436,7443
2017-08-02,10.13,10.1,10.13,10.1,3100
2017-08-03,10.0401,10.0401,10.0401,10.0401,231
2017-08-08,10.14,10.1399,10.14,10.13,912
2017-08-10,10.11,10.15,10.15,10.11,183855
2017-08-11,10.13,10.12,10.13,10.12,6600
2017-08-16,10.12,10.12,10.12,10.12,5210
2017-08-18,10.1239,10.12,10.1239,10.12,8300
2017-08-22,10.12,10.1,10.13,10.1,12800
2017-08-28,10.15,10.15,10.16,10.15,17760
2017-08-29,10.15,10.15,10.15,10.15,677882
2017-08-31,10.15,10.14,10.16,10.14,900
2017-09-05,10.15,10.15,10.15,10.15,302
2017-09-06,10.16,10.16,10.16,10.16,2202
2017-09-21,NaN,10.16,NaN,NaN,4
2017-09-27,NaN,10.16,NaN,NaN,4
2017-09-29,NaN,10.16,NaN,NaN,9
2017-10-11,10.1,10.1,10.1,10.1,100
2017-10-16,10.18,10.18,10.18,10.18,778
2017-10-24,10.21,10.21,10.21,10.21,278
2017-10-26,NaN,10.21,NaN,NaN,10
2017-10-27,NaN,10.21,NaN,NaN,14
2017-10-30,10.3,10.2996,10.3,10.2926,9802
2017-10-31,10.3,10.23,10.3,10.131,14441
2017-11-01,10.24,10.35,10.4,10.2,22483
2017-11-02,10.34,10.25,10.34,10.23,6614
2017-11-03,10.25,10.23,10.25,9.51,4906
2017-11-06,10.23,10.25,10.25,10.23,10632
2017-11-07,10.27,10.24,10.3,10.22,22632
2017-11-09,10.19,10.23,10.23,10.19,2791
2017-11-10,10.21,10.3,10.3,10.19,107402
2017-11-14,10.18,10.26,10.26,10.18,501
2017-11-16,10.25,10.25,10.25,10.25,200
2017-11-17,10.24,10.24,10.24,10.24,200
2017-11-20,10.22,10.1808,10.22,10.1801,900
2017-11-21,10.2,10.2175,10.2175,10.2,4600
2017-11-22,10.21,10.2289,10.23,10.21,302
2017-11-24,10.27,10.24,10.27,10.24,800
2017-11-27,10.25,10.25,10.25,10.25,106
2017-11-28,10.2,10.2517,10.2517,10.2,10647
2017-11-29,10.28,10.28,10.28,10.28,224
2017-11-30,10.2799,10.3,10.3,10.2799,10300
2017-12-05,10.2605,10.2647,10.2647,10.2605,600
2017-12-06,NaN,10.2647,NaN,NaN,99
2017-12-11,10.3,10.27,10.3,10.27,9605
2017-12-12,10.2724,10.3,10.3,10.2724,4605
2017-12-13,NaN,10.3,NaN,NaN,1
2017-12-15,10.209,10.1006,10.209,10.0,1800
2017-12-18,9.76,10.05,10.23,9.76,11744
2017-12-19,10.28,10.1,10.3348,10.075,5600
2017-12-20,10.09,10.09,10.1,10.09,400
2017-12-21,10.18,10.17,10.18,10.17,248
2017-12-22,10.25,10.25,10.25,10.25,100
2017-12-26,10.29,10.12,10.29,10.12,1100
2017-12-27,10.18,10.2,10.26,10.18,535
2017-12-28,10.16,10.16,10.16,10.16,100
2017-12-29,10.27,10.3,10.4,10.265,55535
2018-01-02,10.38,10.37,10.42,10.3581,44724
2018-01-03,10.46,10.35,10.46,10.305,138001
2018-01-04,10.4,10.35,10.4499,10.3275,226032
2018-01-05,10.35,10.39,10.4,10.34,286557
2018-01-08,10.45,10.3699,10.45,10.35,89418
2018-01-09,10.45,10.32,10.45,10.31,121864
2018-01-10,10.3,10.3283,10.3846,10.3,28791
2018-01-11,10.35,10.35,10.4,10.3,50688
2018-01-12,10.37,10.35,10.37,10.33,26751
2018-01-16,10.35,10.35,10.38,10.33,50122
2018-01-17,10.35,10.34,10.35,10.3294,75408
2018-01-18,10.34,10.3101,10.34,10.3101,30463
2018-01-19,10.3101,10.315,10.33,10.31,50182
2018-01-22,10.3186,10.3,10.32,10.0299,44858
2018-01-23,10.3186,10.29,10.32,10.2653,8796
2018-01-24,10.35,10.33,10.35,10.26,20175
2018-01-25,10.3202,10.3093,10.34,10.3,60457
2018-01-26,10.31,10.306,10.31,10.27,12367
2018-01-29,10.3203,10.3499,10.3499,10.3203,3220
2018-01-30,10.35,10.36,10.4,10.35,10000
2018-01-31,10.3501,10.3,10.36,10.3,31268
2018-02-01,10.32,10.31,10.32,10.3,23600
2018-02-02,10.3,10.2,10.3,10.16,34239
2018-02-05,10.19,10.25,10.35,10.19,42565
2018-02-06,10.1901,10.24,10.33,10.19,28207
2018-02-07,10.34,10.26,10.34,10.2245,2362
2018-02-08,10.35,10.26,10.35,10.26,13720
2018-02-09,10.2715,10.25,10.3,10.25,30833
2018-02-12,10.27,10.33,10.33,10.25,19592
2018-02-13,10.3,10.2889,10.3,10.26,8856
2018-02-14,10.28,10.2636,10.29,10.251,13262
2018-02-15,10.27,10.35,10.36,10.27,55604
2018-02-16,10.35,10.15,10.35,10.14,51077
2018-02-20,10.21,10.25,10.3,10.21,1776
2018-02-21,10.2556,10.1,10.2556,9.57,18572
2018-02-22,10.13,10.06,10.13,10.0042,9010
2018-02-23,10.075,10.07,10.075,10.07,990
2018-02-26,10.08,10.0564,10.17,10.01,8886
2018-02-27,10.015,10.0306,10.06,10.015,1151
2018-02-28,10.0401,10.0199,10.19,9.729,19201
2018-03-01,10.01,9.8399,10.19,9.81,15950
2018-03-02,9.86,10.13,10.23,9.8,19080
2018-03-05,10.23,10.12,10.23,10.1,5479
2018-03-06,10.1287,10.18,10.18,9.97,15109
2018-03-07,10.15,10.11,10.2,9.92,6248
2018-03-08,10.2,10.04,10.2,10.04,1657
2018-03-09,10.24,10.1556,10.24,10.15,3197
2018-03-12,10.16,10.2296,10.24,10.16,1634
2018-03-13,10.157,10.2423,10.25,10.157,7677
2018-03-14,10.25,10.1966,10.33,10.1966,12476
2018-03-15,10.16,10.2949,10.3157,10.06,4310
2019-03-06,9.7,9.7,9.7,9.7,475000
2019-03-08,NaN,9.7,NaN,NaN,125
2019-03-14,9.7,9.7,9.71,9.7,1975
2019-03-20,9.76,9.736,9.76,9.736,104806
2019-03-21,9.73,9.73,9.73,9.73,200005
2019-03-25,9.75,9.75,9.75,9.75,30000
2019-03-26,9.75,9.75,9.75,9.75,13100
2019-03-27,NaN,9.75,NaN,NaN,200
2019-03-28,NaN,9.75,NaN,NaN,2
2019-03-29,9.8,9.75,9.8,9.75,5162
2019-04-01,9.78,9.77,9.78,9.75,51420
2019-04-02,9.96,9.76,9.96,9.76,3254
2019-04-03,9.76,9.76,9.76,9.76,680004
2019-04-05,9.74,9.74,9.76,9.74,10880
2019-04-08,9.74,9.75,9.75,9.74,25284
2019-04-11,9.755,9.77,9.81,9.75,165703
2019-04-12,NaN,9.77,NaN,NaN,3
2019-04-15,9.7801,9.7801,9.7801,9.7801,103
2019-04-16,9.8,9.8,9.8,9.8,422
2019-04-17,9.81,9.81,9.81,9.8,100502
2019-04-18,9.8,9.8,9.8,9.8,1037
2019-04-22,9.81,9.81,9.81,9.81,1201
2019-04-23,9.8,9.81,9.81,9.8,22101
2019-04-29,9.84,9.83,9.84,9.83,1816
2019-04-30,9.8,9.8,9.8,9.8,1000
2019-05-01,9.79,9.79,9.79,9.79,1800
2019-05-03,9.82,9.82,9.82,9.82,1000
2019-05-07,9.81,9.81,9.81,9.81,800
2019-05-08,NaN,9.81,NaN,NaN,150
2019-05-10,9.83,9.83,9.83,9.77,253759
2019-05-15,9.83,9.82,9.83,9.8,8100
2019-05-16,9.83,9.83,9.83,9.83,2023
2019-05-17,9.83,9.76,9.83,9.76,300
2019-05-20,NaN,9.76,NaN,NaN,2
2019-05-21,9.8,9.82,9.82,9.8,275203
2019-05-28,9.83,9.83,9.83,9.83,299
2019-05-29,9.81,9.82,9.82,9.77,20300
2019-05-31,9.8,9.84,9.84,9.8,3857
2019-06-03,NaN,9.84,NaN,NaN,21
2019-06-04,9.88,9.81,9.88,9.81,316
2019-06-05,NaN,9.81,NaN,NaN,4
2019-06-06,9.7,9.82,9.88,9.7,3079
2019-06-07,9.84,9.84,9.84,9.84,10300
2019-06-10,9.84,9.84,9.84,9.84,1441
2019-06-12,NaN,9.84,NaN,NaN,2
2019-06-14,9.86,9.86,9.86,9.86,2201
2019-06-18,9.87,9.87,9.87,9.87,5000
2019-06-20,NaN,9.87,NaN,NaN,100
2019-06-21,9.87,9.87,9.87,9.87,400
2019-06-24,NaN,9.87,NaN,NaN,2
2019-06-25,9.87,9.87,9.87,9.87,925
2019-06-26,9.86,9.89,9.89,9.86,2000
2019-06-27,9.89,9.91,9.94,9.89,31569
2019-07-03,NaN,9.91,NaN,NaN,20
2019-07-05,NaN,9.91,NaN,NaN,20
2019-07-09,9.9,9.84,9.9,9.75,2905
2019-07-11,9.93,9.91,9.93,9.91,201101
2019-07-12,9.89,9.88,9.89,9.88,1000
2019-07-15,NaN,9.88,NaN,NaN,100
2019-07-16,9.9344,9.92,9.9344,9.9,8580
2019-07-17,9.9,9.9,9.9,9.9,1600
2019-07-18,9.9,9.92,9.92,9.9,13600
2019-07-19,9.91,9.92,9.92,9.91,2000
2019-07-22,9.93,9.93,9.93,9.93,200000
2019-07-24,9.9,9.9,9.9,9.9,1000
2019-07-25,9.9,9.9,9.9,9.9,1000
2019-07-26,9.92,9.92,9.92,9.92,725
2019-07-30,9.9005,9.9005,9.9005,9.9005,1000
2019-07-31,9.85,9.89,9.9,9.81,12400
2019-08-01,9.85,9.9,9.9,9.85,1425
2019-08-06,9.94,9.85,9.94,9.85,23900
2019-08-12,9.94,9.95,9.95,9.94,25104
2019-08-14,9.9256,9.92,9.9256,9.92,355400
2019-08-20,9.95,9.95,9.95,9.95,1004
2019-08-21,NaN,9.95,NaN,NaN,2
2019-08-23,NaN,9.95,NaN,NaN,2
2019-08-26,9.92,9.92,9.92,9.92,151
2019-08-27,9.95,9.95,9.95,9.95,1000
2019-08-28,NaN,9.95,NaN,NaN,3
2019-09-04,9.93,9.93,9.93,9.93,175000
2019-09-05,9.95,9.95,9.95,9.95,10000
2019-09-06,9.96,9.97,9.97,9.96,8200
2019-09-11,NaN,9.97,NaN,NaN,1
2019-09-16,9.97,9.9698,9.97,9.9698,6725
2019-09-19,9.92,9.94,9.94,9.92,187499
2019-09-23,9.95,9.9492,9.95,9.9469,18000
2019-09-24,9.95,9.95,9.95,9.95,100
2019-09-25,9.95,9.95,9.95,9.95,1000
2019-09-27,9.96,9.96,9.96,9.96,1000
2019-09-30,9.99,9.99,9.99,9.99,121
2019-10-01,NaN,9.99,NaN,NaN,1
2019-10-03,9.97,9.99,9.99,9.97,380496
2019-10-04,9.96,9.96,9.96,9.96,400000
2019-10-07,9.98,9.98,9.98,9.98,500
2019-10-11,NaN,9.98,NaN,NaN,50
2019-10-17,9.98,9.98,9.98,9.98,466704
2019-10-21,10.0,10.0,10.0,10.0,100
2019-10-22,9.9803,9.9803,9.9803,9.9803,100
2019-10-24,10.0,10.0,10.0,10.0,10100
2019-10-25,10.0,10.0,10.0,9.9874,28850
2019-10-28,10.0,10.0,10.01,10.0,304854
2019-10-29,10.0,10.01,10.02,10.0,404830
2019-10-30,10.0,10.02,10.02,10.0,3577
2019-11-01,10.02,10.02,10.02,10.02,65000
2019-11-05,10.01,10.01,10.01,10.01,100
2019-11-07,9.99,9.99,9.99,9.99,100
2019-11-08,10.02,10.02,10.02,10.02,1000
2019-11-18,10.03,10.04,10.04,10.03,142510
2019-11-25,NaN,10.04,NaN,NaN,1
2019-11-29,10.05,10.04,10.07,10.04,1360
2019-12-02,10.05,10.05,10.05,10.05,1400
2019-12-04,10.06,10.06,10.06,10.06,2413
2019-12-05,10.07,10.07,10.07,10.07,2607
2019-12-11,NaN,10.07,NaN,NaN,1
2019-12-12,10.049,10.049,10.049,10.049,550
2019-12-16,10.07,10.07,10.07,10.07,4302
2019-12-17,10.08,10.15,10.15,10.08,25722
2019-12-18,10.08,10.08,10.08,10.08,6025
2019-12-19,10.09,10.0349,10.09,10.0349,358
2019-12-27,10.08,10.1,10.1,10.08,29257
2019-12-30,10.09,10.14,10.14,10.09,21482
2019-12-31,10.15,10.15,10.15,10.15,5691
2020-01-08,NaN,10.15,NaN,NaN,1
2020-01-14,10.13,10.13,10.13,10.11,300
2020-01-15,NaN,10.13,NaN,NaN,101
2020-01-16,NaN,10.13,NaN,NaN,20
2020-01-22,NaN,10.13,NaN,NaN,1
2020-01-27,10.1,10.1,10.1,10.1,200
2020-01-28,10.12,10.12,10.12,10.12,500
2020-01-30,10.15,10.15,10.15,10.15,6929
2020-02-04,NaN,10.15,NaN,NaN,50
2020-02-05,NaN,10.15,NaN,NaN,25
2020-02-06,10.18,10.18,10.18,10.18,27105
2020-02-13,NaN,10.18,NaN,NaN,1
2020-02-19,NaN,10.18,NaN,NaN,1
2020-02-20,NaN,10.18,NaN,NaN,75
2020-02-21,10.14,10.1612,10.1612,10.13,4406
2020-02-27,NaN,10.1612,NaN,NaN,1
2020-02-28,10.17,10.17,10.17,10.17,75507
2020-03-02,10.17,10.17,10.17,10.17,65600
2020-03-05,10.16,10.16,10.16,10.16,6107
2020-03-06,NaN,10.16,NaN,NaN,2
2020-03-10,10.1502,10.15,10.1502,10.15,575
2020-03-11,10.15,10.15,10.15,10.15,25000
2020-03-12,10.13,10.13,10.13,10.13,201
2020-03-13,10.1,10.1,10.1,10.1,221201
2020-03-16,9.92,9.9,9.93,9.9,2000
2020-03-18,9.91,9.9,9.91,9.9,9401
2020-03-19,9.95,9.9002,9.95,9.8,9971
2020-03-20,9.8601,9.86,9.8601,9.86,10100
2020-03-23,9.81,9.87,9.87,9.8,32450
2020-03-24,9.9,9.9,9.9,9.9,49271
2020-03-25,9.98,10.03,10.03,9.98,1675
2020-03-26,10.03,10.03,10.03,10.03,300
2020-03-27,10.07,10.07,10.07,10.07,851
2020-03-30,10.07,10.07,10.07,10.07,100
2020-03-31,10.07,10.07,10.07,10.07,22500
2020-04-01,10.09,10.08,10.1,10.08,16179
2020-04-02,NaN,10.08,NaN,NaN,0
2020-04-03,10.1,10.12,10.12,10.1,461204
2020-04-06,10.1,10.1,10.1,10.1,306
2020-04-07,10.11,10.12,10.12,10.11,200200
2020-04-08,10.13,10.1302,10.1302,10.13,2951
2020-04-09,10.09,10.09,10.09,10.09,8002
2020-04-17,10.1519,10.1807,10.1809,10.13,5945
2020-04-21,NaN,10.1807,NaN,NaN,97
2020-04-22,10.17,10.17,10.17,10.17,600
2020-04-23,10.21,10.21,10.21,10.21,2152
2020-04-24,10.19,10.21,10.21,10.19,2137
2020-04-27,10.19,10.19,10.21,10.19,105958
2020-04-28,NaN,10.19,NaN,NaN,15
2020-04-29,10.19,10.19,10.19,10.19,213
2020-04-30,NaN,10.19,NaN,NaN,4
2020-05-01,10.17,10.17,10.17,10.17,500
2020-05-05,NaN,10.17,NaN,NaN,1
2020-05-06,10.17,10.17,10.17,10.17,23162
2020-05-08,10.14,10.14,10.14,10.14,4097
2020-05-11,10.14,10.14,10.14,10.14,851
2020-05-14,10.1,10.1,10.1,10.1,5595
2020-05-22,10.18,10.18,10.18,10.18,5300
2020-05-27,NaN,10.18,NaN,NaN,11
2020-05-28,10.1911,10.19,10.1911,10.19,2002
2020-06-02,10.2,10.2,10.2,10.2,20706
2020-06-03,NaN,10.2,NaN,NaN,3
2020-06-04,10.2,10.2027,10.2027,10.2,405
2020-06-05,NaN,10.2027,NaN,NaN,0
2020-06-08,NaN,10.2027,NaN,NaN,50
2020-06-10,NaN,10.2027,NaN,NaN,3
2020-06-11,10.2,10.25,10.25,10.2,1011
2020-06-12,NaN,10.25,NaN,NaN,0
2020-06-15,NaN,10.25,NaN,NaN,4
2020-06-16,10.24,10.25,10.26,10.24,3149
2020-06-17,10.26,10.26,10.26,10.25,9018
2020-06-18,10.24,10.2601,10.27,10.22,423177
2020-06-19,10.27,10.27,10.27,10.27,1022
2020-06-22,10.27,10.4,10.5,10.27,18552
2020-06-23,10.5,10.44,10.6,10.42,58074
2020-06-24,10.325,10.24,10.33,10.24,61419
2020-06-25,10.24,10.24,10.24,10.24,2901
2020-06-26,10.37,10.3,10.37,10.3,12250
2020-06-29,NaN,10.3,NaN,NaN,5
2020-06-30,10.49,10.26,10.49,10.26,50258
2020-07-01,10.43,10.4,10.45,10.303,3732
2020-07-02,10.3449,10.42,10.42,10.26,965
2020-07-06,10.4,10.39,10.44,10.25,2188
2020-07-07,10.2975,10.36,10.4399,10.25,56812
2020-07-08,10.3,10.3785,10.43,10.25,42467
2020-07-09,10.33,10.49,10.49,10.2801,67903
2020-07-10,10.49,10.4,10.59,10.35,169398
2020-07-13,10.4,10.26,10.4,10.26,177179
2020-07-14,10.3309,10.26,10.35,10.25,51249
2020-07-15,10.2501,10.32,10.342,10.23,213232
2020-07-16,10.26,10.26,10.38,10.2538,4112
2020-07-17,10.28,10.25,10.29,10.25,20112
2020-07-20,10.265,10.26,10.33,10.25,865508
2020-07-21,10.2562,10.24,10.3,10.24,10519
2020-07-22,10.3,10.22,10.4,10.1935,521645
2020-07-23,10.35,10.22,10.4,10.21,222695
2020-07-24,10.2,10.23,10.24,10.18,577037
2020-07-27,10.22,10.225,10.25,10.1912,30181
2020-07-28,10.22,10.22,10.23,10.19,17548
2020-07-29,10.1911,10.22,10.24,10.19,15602
2020-07-30,10.23,10.24,10.27,10.21,118707
2020-07-31,10.24,10.31,10.346,10.2,88671
2020-08-03,10.27,10.22,10.29,10.22,635681
2020-08-04,10.25,10.25,10.25,10.19,136673
2020-08-05,10.2,10.1901,10.2,10.19,27253
2020-08-06,10.18,10.18,10.205,10.18,1001
2020-08-07,10.191,10.18,10.23,10.18,36571
2020-08-10,10.22,10.1701,10.22,10.17,523
2020-08-11,10.1887,10.23,10.23,10.1887,9201
2020-08-12,10.19,10.1808,10.19,10.18,325
2020-08-13,10.18,10.16,10.1803,10.15,11854
2020-08-14,10.1823,10.17,10.1823,10.16,21958
2020-08-17,10.1773,10.175,10.19,10.16,78384
2020-08-18,10.2,10.16,10.2,10.16,15524
2020-08-19,10.1501,10.17,10.22,10.1501,3484
2020-08-20,10.19,10.25,10.29,10.19,20375
2020-08-21,10.29,10.29,10.2945,10.2,309798
2020-08-24,10.17,10.28,10.3,10.17,4010
2020-08-25,10.4,10.32,10.4,10.32,13270
2020-08-26,10.32,10.275,10.32,10.23,58613
2020-08-27,10.3,10.27,10.3,10.26,6733
2020-08-28,10.285,10.25,10.285,10.25,42152
2020-08-31,10.24,10.265,10.265,10.2,51970
2020-09-01,10.27,10.24,10.27,10.2188,69769
2020-09-02,10.26,10.28,10.28,10.26,19440
2020-09-03,10.28,10.3,10.3,10.265,71949
2020-09-04,10.3,10.27,10.3,10.17,92486
2020-09-08,10.29,10.16,10.29,10.1503,13210
2020-09-09,10.17,10.28,10.29,10.16,104033
2020-09-10,10.29,10.19,10.29,10.14,117842
2020-09-11,10.22,10.225,10.2498,10.16,28909
2020-09-14,10.24,10.25,10.25,10.2,3623
2020-09-15,10.22,10.2116,10.22,10.21,6434
2020-09-16,10.24,10.21,10.24,10.21,5270
2020-09-17,10.2,10.21,10.2333,10.2,13078
2020-09-18,10.23,10.28,10.3,10.215,5701
2020-09-21,10.22,10.162,10.26,10.15,8649
2020-09-22,10.3,10.28,10.3,10.1798,108841
2020-09-23,10.3,10.19,10.3,10.19,10208
2020-09-24,10.2899,10.24,10.2899,10.19,2341
2020-09-25,10.2117,10.24,10.24,10.17,3553
2020-09-28,10.3,10.2497,10.3,10.1701,1791
2020-09-29,10.25,10.22,10.25,10.19,83535
2020-09-30,10.26,10.24,10.26,10.2,202111
2020-10-01,10.24,10.22,10.24,10.19,32063
2020-10-02,10.18,10.23,10.23,10.18,5442
2020-10-05,10.24,10.2,10.24,10.2,5596
2020-10-06,10.22,10.22,10.23,10.22,3374
2020-10-07,10.23,10.21,10.23,10.2001,7647
2020-10-08,10.21,10.2,10.215,10.2,1238
2020-10-09,10.2,10.2145,10.23,10.2,3638
2020-10-12,10.24,10.24,10.24,10.22,6377
2020-10-13,10.24,10.22,10.24,10.19,2254
2020-10-14,10.225,10.22,10.2399,10.22,871
2020-10-15,10.24,10.22,10.24,10.21,35339
2020-10-16,10.2204,10.22,10.2253,10.22,1603
2020-10-19,10.23,10.225,10.23,10.2248,1191
2020-10-20,10.23,10.23,10.23,10.21,9877
2020-10-21,10.22,10.22,10.23,10.2101,1091
2020-10-22,10.21,10.216,10.22,10.196,12903
2020-10-23,10.25,10.18,10.28,10.16,1099
2020-10-26,10.1932,10.1,10.23,10.0001,2994
2020-10-27,10.35,10.1,10.35,10.03,2294
2020-10-28,10.45,10.03,10.45,10.03,11539
2020-10-29,10.115,10.14,10.1538,10.11,3029
2020-10-30,10.115,10.29,10.29,10.0,8831
2020-11-02,10.28,10.05,10.28,10.01,38844
2020-11-03,10.055,10.05,10.06,10.02,2049
2020-11-04,10.0235,10.03,10.08,10.02,89904
2020-11-05,10.02,10.09,10.09,10.02,104723
2020-11-06,10.0993,10.04,10.1,10.04,52080
2020-11-09,10.0742,10.05,10.12,10.04,9270
2020-11-10,10.0841,10.0995,10.1,10.065,9080
2020-11-11,10.05,10.1,10.1,10.05,3376
2020-11-12,10.09,10.09,10.1,10.06,2308
2020-11-13,10.12,10.06,10.12,10.06,15852
2020-11-16,10.09,10.09,10.09,10.05,4241
2020-11-17,10.08,10.18,10.2,10.08,36840
2020-11-18,10.15,10.17,10.18,10.15,973
2020-11-19,10.15,10.19,10.3,10.15,10892
2020-11-20,10.29,10.2,10.29,10.11,1559
2020-11-23,10.175,10.2,10.2,10.155,860
2020-11-24,10.155,10.19,10.2,10.155,1052
2020-11-25,10.19,10.18,10.19,10.1195,3022
2020-11-27,10.23,10.25,10.25,10.1,1539
2020-11-30,10.25,10.21,10.25,10.12,13456
2020-12-01,10.25,10.34,10.34,10.22,3382
2020-12-02,10.35,10.416,10.4658,10.26,2676
2020-12-03,10.41,10.3554,10.41,10.31,1953
2020-12-04,10.281,10.25,10.45,10.25,3071
2020-12-07,10.26,10.39,10.5,10.26,6233
2020-12-08,10.39,10.43,10.455,10.39,1631
2020-12-09,10.49,10.47,10.5,10.43,3589
2020-12-10,10.5,10.49,10.5,10.3,3099
2020-12-11,10.5,10.2123,10.5,10.2,61323
2020-12-14,10.2,10.21,10.35,10.2,15692
2020-12-15,10.2101,10.26,10.35,10.2,5720
2020-12-16,10.2,10.27,10.29,10.2,4140
2020-12-17,10.3,10.2201,10.35,10.22,9837
2020-12-18,10.22,10.3,10.31,10.22,5614
2020-12-21,10.25,10.28,10.34,10.25,3969
2020-12-22,10.32,10.33,10.35,10.285,10910
2020-12-23,10.5,10.46,10.5,10.4,27649
2020-12-24,10.5,10.66,10.7437,10.475,19235
2020-12-28,10.67,10.84,11.0,10.52,60949
2020-12-29,10.82,10.74,10.9,10.57,7095
2020-12-30,10.7,10.71,10.71,10.63,3793
2020-12-31,10.59,10.66,10.7398,10.5002,8505
2021-01-04,10.68,10.755,10.88,10.68,104640
2021-01-05,10.75,10.77,10.85,10.73,57945
2021-01-06,10.76,10.77,10.797,10.76,1656
2021-01-07,10.84,10.72,10.85,10.72,8898
2021-01-08,10.8,10.72,10.8,10.69,3598
2021-01-11,10.63,10.69,10.765,10.6236,4912
2021-01-12,10.62,10.76,10.77,10.62,5750
2021-01-13,10.8,10.79,10.86,10.72,34107
2021-01-14,10.88,11.0,11.03,10.88,137522
2021-01-15,11.0,10.95,11.0,10.89,28504
2021-01-19,10.95,11.1,11.42,10.95,101210
2021-01-20,11.24,11.9,11.9,11.23,39039
2021-01-21,11.8,11.5,11.8,11.35,75642
2021-01-22,11.5,11.31,11.5,11.3,39334
2021-01-25,11.5,11.595,11.75,11.45,41491
2021-01-26,11.54,11.48,11.6239,11.43,5005
2021-01-27,11.3,11.06,11.4,10.5,68776
2021-01-28,11.56,11.44,12.95,11.13,308260
2021-01-29,11.38,11.01,12.0,10.79,141323
2021-02-01,10.98,11.46,11.5,10.81,40898
2021-02-02,11.46,11.58,11.61,11.33,276888
2021-02-03,11.74,11.8,11.83,11.29,104968
2021-02-04,11.77,12.72,12.88,11.77,182995
2021-02-05,12.95,13.06,13.93,12.91,132852
2021-02-08,13.52,12.77,14.0,12.76,106618
2021-02-09,12.85,12.22,12.99,12.07,99831
2021-02-10,12.3,11.73,12.7799,11.52,79401
2021-02-11,12.0,11.88,12.18,11.4,163390
2021-02-12,11.68,11.68,11.92,11.58,37010
2021-02-16,11.88,11.45,12.02,11.42,53325
2021-02-17,11.41,11.32,11.84,11.32,15569
2021-02-18,11.25,11.55,11.93,11.1,34746
2021-02-19,11.6,11.67,11.94,11.5101,17423
2021-02-22,11.5,11.15,11.7,11.15,26534
2021-02-23,11.1,10.9,11.1,10.6952,49268
2021-02-24,10.91,11.12,11.2,10.8601,6005
2021-02-25,11.1,10.9999,11.1025,10.86,24874
2021-02-26,11.0,10.67,11.0,10.53,19761
2021-03-01,10.86,10.63,10.86,10.6,12462
2021-03-02,10.66,10.36,10.66,10.36,50571
2021-03-03,10.4,10.15,10.793,10.13,55204
2021-03-04,10.39,10.23,10.39,10.13,127150
2021-03-05,10.29,10.2,10.3499,10.125,54141
2021-03-08,10.26,10.24,10.28,10.2,18378
2021-03-09,10.28,10.19,10.29,10.19,22717
2021-03-10,10.185,10.2,10.2715,10.15,23513
2021-03-11,10.28,10.286,10.38,10.2486,11002
2021-03-12,10.29,10.295,10.32,10.27,14160
2021-03-15,10.3,10.36,10.39,10.27,91679
2021-03-16,10.26,10.47,10.5,10.25,16208
2021-03-17,10.181,10.3,10.31,10.14,8713
2021-03-18,10.3,10.45,10.45,10.3,5470
2021-03-19,10.47,10.66,10.8499,10.4001,41413
2021-03-22,10.7143,10.46,10.72,10.45,6646
2021-03-23,10.45,10.37,10.45,10.1501,5155
2021-03-24,10.335,10.2,10.335,10.2,6124
2021-03-25,10.24,10.21,10.4,10.16,20213
2021-03-26,10.25,10.27,10.34,10.25,15645
2021-03-29,10.39,10.32,10.39,10.27,7603
2021-03-30,10.27,10.31,10.35,10.27,5006
2021-03-31,10.25,10.27,10.45,10.21,59798
2021-04-01,10.3164,10.3,10.5,10.3,1830
2021-04-05,10.3,10.27,10.36,10.26,5071
2021-04-06,10.62,10.25,10.8,10.25,13084
2021-04-07,10.26,10.26,10.3,10.26,3836
2021-04-08,10.276,10.29,10.3,10.22,3807
2021-04-09,10.293,10.23,10.7,10.23,14074
2021-04-12,10.45,10.22,10.4905,10.21,18693
2021-04-13,10.22,10.2727,10.2727,10.21,30227
2021-04-14,10.2346,10.21,10.25,10.21,21890
2021-04-15,10.31,10.26,10.32,10.2334,9595
2021-04-16,10.3,10.25,10.34,10.18,15302
2021-04-19,10.19,10.29,10.29,10.19,3226
2021-04-20,10.21,10.26,10.33,10.18,6257
2021-04-21,10.21,10.289,10.3,10.18,2376
2021-04-22,10.21,10.23,10.2847,10.19,4253
2021-04-23,10.2,10.18,10.2,10.18,3162
2021-04-26,10.1999,10.18,10.2,10.18,2451
2021-04-27,10.18,10.17,10.1978,10.17,10898
2021-04-28,10.185,10.18,10.185,10.18,621
2021-04-29,10.18,10.17,10.2,10.17,12521
2021-04-30,10.21,10.15,10.21,10.15,101230
2021-05-03,10.16,10.16,10.1884,10.16,5672
2021-05-04,10.1601,10.16,10.181,10.16,9344
2021-05-05,10.16,10.17,10.17,10.16,14233
2021-05-06,10.16,10.16,10.17,10.16,9761
2021-05-07,10.16,10.18,10.18,10.16,2540
2021-05-10,10.17,10.173,10.18,10.17,2710
2021-05-11,10.1663,10.1722,10.1757,10.16,3131
2021-05-12,10.1644,10.16,10.1644,10.16,2811
2021-05-13,10.1601,10.16,10.1667,10.16,20836
2021-05-14,10.16,10.165,10.18,10.16,27273
2021-05-17,10.16,10.16,10.17,10.16,4790
2021-05-18,10.175,10.18,10.1856,10.175,2572
2021-05-19,10.16,10.17,10.18,10.16,1903
2021-05-20,10.17,10.17,10.19,10.17,8341
2021-05-21,10.17,10.17,10.21,10.17,15720
2021-05-24,10.17,10.185,10.185,10.17,869
2021-05-25,10.19,10.1793,10.23,10.17,32614
2021-05-26,10.18,10.19,10.2,10.18,11345
2021-05-27,10.2,10.2,10.2,10.19,2364
2021-05-28,10.1807,10.19,10.212,10.18,28097
2021-06-01,10.2,10.24,10.24,10.2,65433
2021-06-02,10.24,10.26,10.26,10.2,38801
2021-06-03,10.26,10.25,10.26,10.2,21418
2021-06-04,10.31,10.3,10.31,10.25,51152
2021-06-07,10.25,10.27,10.29,10.25,8752
2021-06-08,10.27,10.26,10.3,10.26,18717
2021-06-09,10.27,10.27,10.27,10.24,6719
2021-06-10,10.29,10.29,10.29,10.25,15643
2021-06-11,10.25,10.32,10.32,10.25,22371
2021-06-14,10.26,10.26,10.34,10.25,3177
2021-06-15,10.33,10.2825,10.34,10.2825,1257
2021-06-16,10.32,10.33,10.34,10.32,6931
2021-06-17,10.27,10.421,10.49,10.27,23389
2021-06-18,10.44,10.6,10.7,10.3101,11181
2021-06-21,10.67,10.35,10.67,10.2505,27088
2021-06-22,10.3,10.49,10.51,10.3,13843
2021-06-23,10.42,10.42,10.42,10.42,626
2021-06-24,10.36,10.42,10.55,10.36,63559
2021-06-25,10.5899,10.5,10.5899,10.5,2921
2021-06-28,10.55,10.49,10.55,10.29,22302
2021-06-29,10.42,10.38,10.42,10.29,13872
2021-06-30,10.31,10.31,10.4,10.3,31007
2021-07-01,10.37,10.3,10.4,10.3,35896
2021-07-02,10.31,10.3,10.31,10.2854,83929
2021-07-06,10.2648,10.261,10.3,10.2605,3708
2021-07-07,10.25,10.21,10.25,10.21,55047
2021-07-08,10.22,10.21,10.23,10.21,68493
2021-07-09,10.2193,10.213,10.23,10.21,70273
2021-07-12,10.21,10.22,10.22,10.21,68530
2021-07-13,10.21,10.23,10.24,10.21,69810
2021-07-14,10.2,10.134,10.21,10.0082,13179
2021-07-15,9.69,9.3,10.06,9.08,31346
2021-07-16,9.3,9.445,9.73,9.15,33273
2021-07-19,9.49,8.9,9.5499,8.7,73185
2021-07-20,9.0,9.2,9.919,8.9,314275
2021-07-21,8.53,9.3,9.73,8.53,113033
2021-07-22,9.4,8.16,9.4,7.5,537255
2021-07-23,8.35,8.02,8.35,7.8305,108885
2021-07-26,8.16,7.8,8.35,7.73,43995
2021-07-27,7.9,8.14,8.21,7.69,113244
2021-07-28,8.1,8.41,8.48,8.0,111048
2021-07-29,8.57,8.5,8.62,8.205,84476
2021-07-30,8.67,8.1,8.67,8.075,118347
2021-08-02,8.3,8.0,8.54,7.9,74730
2021-08-03,8.11,7.875,8.17,7.81,37311
2021-08-04,8.19,7.915,8.24,7.815,16808
2021-08-05,8.03,7.83,8.03,7.555,79455
2021-08-06,8.02,7.87,8.03,7.544,61702
2021-08-09,7.87,7.57,8.0,7.5,68489
2021-08-10,7.5,7.67,7.67,7.2616,62509
2021-08-11,7.65,7.345,7.65,7.2147,5679
2021-08-12,7.26,7.2,7.39,7.04,41079
2021-08-13,7.5,6.88,7.5,6.77,69030
2021-08-16,7.04,6.85,7.44,6.76,82091
2021-08-17,6.91,6.13,6.9751,6.0,199542
2021-08-18,6.03,6.03,6.25,5.7,84271
2021-08-19,5.9,5.75,6.25,5.7,87030
2021-08-20,5.71,5.95,6.19,5.64,76723
2021-08-23,6.11,6.22,6.325,5.9,43339
2021-08-24,6.25,6.74,6.83,6.2201,32465
2021-08-25,6.87,7.46,7.65,6.87,55924
2021-08-26,7.37,7.5,7.74,7.07,39214
2021-08-27,7.52,7.65,7.74,7.52,27682
2021-08-30,7.76,7.69,7.78,7.57,27310
2021-08-31,7.75,7.54,7.76,7.51,22678
2021-09-01,7.67,7.65,7.84,7.5,32768
2021-09-02,7.7,7.6,7.75,7.5001,31538
2021-09-03,7.57,7.47,7.57,7.345,22030
2021-09-07,7.5,7.42,7.56,7.35,27381
2021-09-08,7.46,7.12,7.51,7.0,31347
2021-09-09,7.04,6.74,7.32,6.66,48796
2021-09-10,6.68,6.73,6.8726,6.3601,86956
2021-09-13,6.7,6.19,6.72,6.05,66404
2021-09-14,6.32,6.14,6.3999,6.06,58807
2021-09-15,6.09,6.2,6.3,5.95,78785
2021-09-16,6.22,6.64,7.07,5.94,260269
2021-09-17,6.65,5.97,7.2,5.97,312240
2021-09-20,6.2,6.08,6.57,6.06,100954
2021-09-21,6.18,6.01,6.526,5.91,95276
2021-09-22,6.05,5.92,6.27,5.855,88882
2021-09-23,5.94,5.9,6.15,5.79,72978
2021-09-24,5.9,5.85,6.18,5.81,65391
2021-09-27,5.79,5.5,5.91,5.26,297488
2021-09-28,5.69,5.6,5.69,5.4101,114125
2021-09-29,5.53,5.53,5.62,5.44,150320
2021-09-30,5.55,5.35,5.61,5.2,180264
2021-10-01,5.31,5.62,5.62,5.26,99841
2021-10-04,5.56,5.63,5.66,5.28,90295
2021-10-05,5.65,5.58,5.7451,5.51,50407
2021-10-06,5.49,5.29,5.72,5.15,151441
2021-10-07,5.36,5.65,5.69,5.36,78622
2021-10-08,5.6,5.69,5.69,5.515,22210
2021-10-11,5.71,5.73,6.111,5.53,101096
2021-10-12,5.74,5.85,5.97,5.74,25274
2021-10-13,5.85,5.65,5.93,5.58,57741
2021-10-14,5.56,5.66,5.83,5.56,27399
2021-10-15,5.6,5.26,5.63,5.25,49096
2021-10-18,5.38,5.16,5.41,5.12,149265
2021-10-19,5.22,5.34,5.39,5.22,52491
2021-10-20,5.34,5.25,5.4,5.22,75714
2021-10-21,5.25,5.24,5.41,5.2,19634
2021-10-22,5.21,5.48,5.66,5.16,228491
2021-10-25,5.52,5.58,5.74,5.41,170799
2021-10-26,5.6,5.7,5.78,5.54,133699
2021-10-27,5.67,5.53,5.69,5.43,54901
2021-10-28,5.71,5.46,5.715,5.38,81696
2021-10-29,5.37,5.07,5.4985,5.01,176102
2021-11-01,5.15,5.6,5.65,5.15,83541
2021-11-02,5.59,5.52,5.61,5.3816,40105
2021-11-03,5.45,5.5,5.62,5.4005,53688
2021-11-04,5.54,5.19,5.545,5.18,52392
2021-11-05,5.22,5.21,5.4,5.05,49488
2021-11-08,5.21,5.25,5.43,5.2,57594
2021-11-09,5.25,5.34,5.34,5.21,62376
2021-11-10,5.34,5.41,5.45,5.2201,30702
2021-11-11,5.4,5.47,5.52,5.36,35879
2021-11-12,5.41,5.3,5.46,5.12,96470
2021-11-15,5.37,5.32,5.4959,5.1101,175367
2021-11-16,5.32,4.83,5.35,4.785,446699
2021-11-17,4.85,4.36,4.95,4.23,452267
2021-11-18,4.22,4.23,4.4545,4.13,188454
2021-11-19,4.2,4.38,4.63,4.2,260780
2021-11-22,4.42,4.22,4.5,4.0715,836478
2021-11-23,4.24,4.23,4.36,3.95,773775
2021-11-24,4.25,4.14,4.62,4.1,293670
2021-11-26,4.0,4.03,4.3499,3.99,88492
2021-11-29,4.1,3.85,4.22,3.74,273835
2021-11-30,3.84,3.9,4.01,3.72,115867
2021-12-01,4.0,3.83,4.14,3.79,90535
2021-12-02,3.86,4.01,4.09,3.72,80915
2021-12-03,4.0,3.85,4.09,3.73,108423
2021-12-06,3.88,3.66,3.94,3.58,131547
2021-12-07,3.725,3.76,3.9,3.67,86500
2021-12-08,3.76,3.81,3.94,3.6604,41636
2021-12-09,3.8,3.7,3.9,3.65,61755
2021-12-10,3.71,3.5,3.71,3.5,94872
2021-12-13,3.52,3.37,3.57,3.33,76150
2021-12-14,3.32,3.34,3.45,3.25,116818
2021-12-15,3.29,3.36,3.4994,3.17,77692
2021-12-16,4.06,3.74,4.2899,3.53,43727387
2021-12-17,3.68,3.84,3.87,3.45,1346868
2021-12-20,3.76,4.12,4.12,3.65,833518
2021-12-21,4.12,4.69,4.78,3.94,2059617
2021-12-22,4.69,5.04,5.24,4.53,914690
2021-12-23,5.03,4.68,5.25,4.3,540486
2021-12-27,4.66,4.62,4.95,4.55,239669
2021-12-28,4.55,4.77,4.83,4.3,246636
2021-12-29,4.74,4.92,5.07,4.66,413148
2021-12-30,4.98,4.52,5.0,4.45,300501
2021-12-31,3.92,3.95,4.1437,3.55,2055760
2022-01-03,3.91,4.03,4.06,3.67,755395
2022-01-04,4.0,3.8,4.05,3.79,617348
2022-01-05,3.82,3.4,3.9,3.33,568175
2022-01-06,3.47,3.27,3.4895,3.24,179596
2022-01-07,3.6608,3.2,3.6608,3.17,790811
2022-01-10,3.25,3.02,3.25,2.95,402612
2022-01-11,3.05,2.8,3.0825,2.73,572876
2022-01-12,2.81,2.71,2.93,2.65,353587
2022-01-13,2.78,2.75,2.7932,2.56,278122
2022-01-14,2.81,2.72,2.81,2.61,304080
2022-01-18,2.72,2.75,2.8,2.62,209624
2022-01-19,2.8,2.72,2.8,2.63,184997
2022-01-20,2.78,2.64,2.807,2.61,219999
2022-01-21,2.72,2.45,2.89,2.38,966048
2022-01-24,2.35,2.53,2.58,2.17,407809
2022-01-25,2.49,2.59,2.63,2.4,112979
2022-01-26,2.66,2.63,2.73,2.55,169382
2022-01-27,2.62,2.5,2.6985,2.44,58697
2022-01-28,2.54,2.59,2.63,2.4,94696
2022-01-31,2.64,2.68,2.72,2.5932,88245
2022-02-01,2.7,2.73,2.84,2.68,116365
2022-02-02,2.72,2.74,2.77,2.64,106710
2022-02-03,2.65,2.51,2.69,2.46,182318
2022-02-04,2.47,2.47,2.53,2.41,66318
2022-02-07,2.45,2.51,2.6,2.43,49660
2022-02-08,2.47,2.53,2.5669,2.41,53661
2022-02-09,2.52,2.52,2.555,2.46,70988
2022-02-10,2.51,2.64,2.7,2.48,113670
2022-02-11,2.63,2.48,2.69,2.43,133250
2022-02-14,2.35,2.51,2.58,2.35,68433
2022-02-15,2.55,2.7,2.75,2.4105,93488
2022-02-16,2.65,2.68,2.75,2.59,97188
2022-02-17,2.63,2.52,2.74,2.51,60421
2022-02-18,2.5,2.51,2.64,2.35,129128
2022-02-22,2.46,2.41,2.46,2.3,100094
2022-02-23,2.42,2.22,2.4956,2.07,359634
2022-02-24,2.06,2.46,2.48,2.06,118264
2022-02-25,2.56,2.63,2.685,2.31,176104
2022-02-28,2.63,2.75,2.84,2.5182,278080
2022-03-01,2.78,2.63,2.83,2.5,222741
2022-03-02,2.64,2.84,2.87,2.58,166195
2022-03-03,2.87,2.83,3.02,2.76,259481
2022-03-04,2.81,2.65,2.815,2.5,164392
2022-03-07,2.7,2.53,2.83,2.4,165909
2022-03-08,2.6,2.61,2.65,2.4401,169688
2022-03-09,2.69,2.62,2.75,2.5,406572
2022-03-10,2.55,2.72,2.9999,2.55,528508
2022-03-11,2.7,2.68,2.89,2.45,316146
2022-03-14,2.74,2.485,2.89,2.22,941352
2022-03-15,2.42,2.5,2.51,2.27,113108
2022-03-16,2.5,2.46,2.6,2.3501,185559
2022-03-17,2.58,2.51,2.64,2.441,222391
2022-03-18,2.5,2.38,2.69,2.38,282189
2022-03-21,2.5,2.29,2.51,2.28,138062
2022-03-22,2.39,2.35,2.48,2.35,108150
2022-03-23,2.34,2.35,2.45,2.31,97278
2022-03-24,2.36,2.41,2.59,2.35,1544024
2022-03-25,2.43,2.31,2.49,2.1992,517693
2022-03-28,2.31,1.995,2.36,1.9601,837262
2022-03-29,1.6,1.5,1.68,1.43,2945520
2022-03-30,1.49,1.26,1.52,1.21,2352787
2022-03-31,1.27,1.25,1.37,1.14,2682740
2022-04-01,1.23,1.19,1.34,1.19,1126740
2022-04-04,1.3,1.26,1.32,1.22,783268
2022-04-05,1.29,1.23,1.29,1.2,621408
2022-04-06,1.22,1.3,1.31,1.15,1241036
2022-04-07,1.3,1.28,1.32,1.22,669470
2022-04-08,1.28,1.25,1.2956,1.2201,334985
2022-04-11,1.25,1.2,1.25,1.15,652362
2022-04-12,1.2,1.04,1.2,0.99,953168
2022-04-13,1.03,1.11,1.12,1.01,376960
2022-04-14,1.09,1.11,1.13,1.07,331237
2022-04-18,1.08,1.06,1.15,1.06,303583
2022-04-19,1.06,1.03,1.08,1.03,329188
2022-04-20,1.045,1.03,1.045,0.972,383724
2022-04-21,1.03,1.03,1.08,1.0279,140229
2022-04-22,1.025,0.9601,1.03,0.9601,411245
2022-04-25,0.95,0.98,1.04,0.93,309790
2022-04-26,1.1,0.9329,1.1,0.93,176218
2022-04-27,0.96,0.92,0.9655,0.8801,171471
2022-04-28,0.9197,0.88,0.9436,0.8431,264282
2022-04-29,0.89,0.8767,0.899699,0.8501,128844
2022-05-02,0.8679,0.8846,0.9213,0.8362,103917
2022-05-03,0.9,0.88,0.91,0.84,144866
2022-05-04,0.88,0.902,0.93,0.85,180290
2022-05-05,0.9196,0.88,0.9285,0.85,130320
2022-05-06,0.9,0.86,0.909499,0.835,111427
2022-05-09,0.825,0.87,0.88,0.825,175374
2022-05-10,0.8779,0.88,0.91,0.83,286751
2022-05-11,0.88,0.91,0.98,0.8401,544130
2022-05-12,0.9289,0.8901,0.9289,0.820101,697638
2022-05-13,0.95,1.11,1.1799,0.95,961905
2022-05-16,1.12,1.09,1.2,1.05,396756
2022-05-17,1.09,1.21,1.22,1.07,391494
2022-05-18,1.15,1.18,1.3,1.15,929730
2022-05-19,1.19,1.15,1.25,1.12,220394
2022-05-20,1.28,1.2,1.3,1.16,224561
2022-05-23,1.25,1.19,1.2699,1.18,190716
2022-05-24,1.17,1.165,1.185,1.03,190641
2022-05-25,1.185,1.23,1.3094,1.17,255526
2022-05-26,1.26,1.25,1.3,1.1901,96568
2022-05-27,1.21,1.28,1.2912,1.18,90068
2022-05-31,1.29,1.22,1.29,1.1801,194503
2022-06-01,1.2216,1.3,1.32,1.22,136057
2022-06-02,1.32,1.37,1.46,1.31,643844
2022-06-03,1.42,1.36,1.42,1.3364,78559
2022-06-06,1.42,1.32,1.4399,1.3,117059
2022-06-07,1.29,1.3,1.33,1.25,44385
2022-06-08,1.29,1.27,1.3,1.25,41159
2022-06-09,1.36,1.2533,1.42,1.24,140502
2022-06-10,1.27,1.25,1.34,0.96,704552
2022-06-13,1.17,1.11,1.179,1.085,170508
2022-06-14,1.12,1.11,1.18,1.08,86983
2022-06-15,1.11,1.07,1.13,1.05,253219
2022-06-16,1.07,1.03,1.08,1.03,192725
2022-06-17,1.07,0.99,1.07,0.99,222765
2022-06-21,1.02,1.07,1.13,0.99,253915
2022-06-22,1.05,0.99,1.1,0.99,86664
2022-06-23,1.09,0.99,1.09,0.9799,164890
2022-06-24,1.02,0.9912,1.0499,0.99,97420
2022-06-27,0.97,0.9803,1.02,0.97,98816
2022-06-28,0.975,0.9101,1.0199,0.9101,71057
2022-06-29,0.9102,0.86,0.9857,0.86,82660
2022-06-30,0.9,0.8808,0.909999,0.86,131623
2022-07-01,0.92,0.8801,0.96,0.8801,64102
2022-07-05,0.8899,0.9425,1.0,0.83,23210
2022-07-06,0.902,0.94,0.9921,0.902,39895
2022-07-07,0.9405,0.99,1.03,0.94,45435
2022-07-08,1.02,0.9702,1.0375,0.9501,79031
2022-07-11,0.9653,0.94,1.0391,0.94,99024
2022-07-12,0.965,0.94,0.9809,0.917,37378
2022-07-13,0.89,0.9301,1.05,0.89,28221
2022-07-14,0.99,0.9651,1.0,0.9223,24527
2022-07-15,0.9542,0.9752,1.0,0.9442,22970
2022-07-18,0.9576,0.9362,0.99505,0.899,123308
2022-07-19,0.9603,0.892,0.97,0.8831,179148
2022-07-20,0.9359,0.8701,0.9359,0.8701,322333
2022-07-21,0.86,0.83,0.9,0.8033,178840
2022-07-22,0.8351,0.6401,0.8815,0.6084,443987
2022-07-25,0.7101,0.73,0.79,0.71,329662
2022-07-26,0.7586,0.7,0.77,0.6824,116980
2022-07-27,0.6506,0.7047,0.709699,0.6506,234216
2022-07-28,0.7056,0.7397,0.7699,0.67,284793
2022-07-29,0.7426,0.7699,0.7699,0.7174,149872
2022-08-01,0.769,0.75,0.79,0.7392,93341
2022-08-02,0.79,0.8,0.8202,0.75,150440
2022-08-03,0.85,0.8252,0.87,0.8,1136243
2022-08-04,0.8098,0.89,0.94,0.801901,117298
2022-08-05,0.9651,0.8545,0.9651,0.8,142830
2022-08-08,0.88,0.8774,0.9299,0.835,79792
2022-08-09,0.95,0.8835,0.95,0.83,169348
2022-08-10,0.887,0.94,0.94,0.8601,58727
2022-08-11,0.95,1.0,1.01,0.9013,157414
2022-08-12,1.02,0.955968,1.03,0.901,228200
2022-08-15,0.94,0.8074,0.9591,0.7806,272348
2022-08-16,0.84,0.7514,0.84,0.75,197649
2022-08-17,0.7738,0.71,0.8151,0.7037,361162
2022-08-18,0.7,0.6863,0.71,0.6768,342804
2022-08-19,0.7001,0.6707,0.7001,0.66,194722
2022-08-22,0.6707,0.65,0.7096,0.62,347984
2022-08-23,0.751,0.6807,0.751,0.6602,525066
2022-08-24,0.69,0.6896,0.7,0.6446,649294
2022-08-25,0.685,0.6799,0.72,0.66,282183
2022-08-26,0.7001,0.66,0.7399,0.6473,649224
2022-08-29,0.693,0.66,0.699899,0.634,179369
2022-08-30,0.6804,0.6578,0.6849,0.635,383068
2022-08-31,0.6789,0.6503,0.7,0.641,130494
2022-09-01,0.6611,0.6889,0.69,0.65,301057
2022-09-02,0.751,0.72,0.76,0.6801,425184
2022-09-06,0.7163,0.65,0.728999,0.645,160589
2022-09-07,0.65,0.6444,0.7,0.62,325503
2022-09-08,0.64,0.6801,0.699999,0.62,478403
2022-09-09,0.68,0.71,0.7159,0.6628,166370
2022-09-12,0.7159,0.6959,0.74,0.6658,127164
2022-09-13,0.7089,0.6969,0.7296,0.678,40481
2022-09-14,0.7,0.6374,0.7059,0.6374,216659
2022-09-15,0.6789,0.6301,0.6789,0.6289,315773
2022-09-16,0.63,0.6086,0.6599,0.59,367028
2022-09-19,0.59,0.59,0.63,0.59,239588
2022-09-20,0.607,0.56,0.614299,0.56,408908
2022-09-21,0.56,0.5402,0.5975,0.5077,484741
2022-09-22,0.49,0.45,0.54,0.42,1034070
2022-09-23,0.44,0.41,0.446,0.3802,1566096
2022-09-26,0.425,0.4018,0.4591,0.3911,372932
2022-09-27,0.4018,0.4326,0.48,0.4018,67748
2022-09-28,0.4698,0.4539,0.4698,0.4402,37637
2022-09-29,0.4698,0.52,0.52,0.46,141597
2022-09-30,0.5381,0.53,0.5486,0.500099,182445
2022-10-03,0.525,0.5075,0.525,0.4799,238895
2022-10-04,0.51,0.5001,0.5397,0.471,93020
2022-10-05,0.51,0.4906,0.51,0.4887,30510
2022-10-06,0.5,0.4863,0.505,0.4705,87777
2022-10-07,0.4743,0.4551,0.4839,0.45,151597
2022-10-10,0.4551,0.4264,0.4694,0.4263,177276
2022-10-11,0.4169,0.4701,0.5,0.4169,93829
2022-10-12,0.477901,0.4526,0.477901,0.4438,103225
2022-10-13,0.4435,0.44,0.4545,0.4229,38700
2022-10-14,0.4343,0.411,0.443299,0.4061,122498
2022-10-17,0.418,0.4224,0.4615,0.385,108488
2022-10-18,0.425,0.4235,0.439799,0.4124,72826
2022-10-19,0.4201,0.4051,0.4287,0.401,52334
2022-10-20,0.4077,0.39,0.4177,0.38,162169
2022-10-21,0.4,0.38,0.4184,0.3752,148942
2022-10-24,0.38,0.3574,0.38865,0.34,684122
2022-10-25,0.35,0.311,0.389799,0.311,339734
2022-10-26,0.3271,0.2909,0.3291,0.29,491480
2022-10-27,0.291,0.3135,0.3239,0.2871,211265
2022-10-28,0.31,0.3094,0.3199,0.29,224942
2022-10-31,0.3135,0.28,0.3135,0.28,343045
2022-11-01,0.282,0.267,0.2953,0.22,1209788
2022-11-02,0.261,0.2705,0.2756,0.245,187757
2022-11-03,0.2624,0.2757,0.2778,0.2551,91044
2022-11-04,0.28,0.28,0.2945,0.250001,144134
2022-11-07,0.294,0.2894,0.2974,0.275301,172249
2022-11-08,0.2888,0.2941,0.295,0.267999,182433
2022-11-09,0.2873,0.2904,0.2945,0.2801,35052
2022-11-10,0.2925,0.3075,0.31,0.285,119756
2022-11-11,0.3088,0.3899,0.439899,0.3001,545455
2022-11-14,0.42,0.4349,0.4496,0.371,588724
2022-11-15,0.4494,0.400101,0.4494,0.3581,445103
2022-11-16,0.42,0.4075,0.42,0.39,249037
2022-11-17,0.41,0.5,0.5,0.4089,345367
2022-11-18,0.5,0.6431,0.6696,0.461,520124
2022-11-21,0.63,0.6072,0.66,0.576,219007
2022-11-22,0.65,0.6578,0.681,0.570501,344332
2022-11-23,0.69,0.677,0.69,0.64,304069
2022-11-25,0.71,0.7814,0.79,0.7,482133
2022-11-28,0.8089,0.9101,0.98,0.8001,579620
2022-11-29,0.96,0.935,1.22,0.8945,2147966
2022-11-30,0.91,0.8768,1.02,0.82,422300
2022-12-01,0.8768,0.93,0.9843,0.8768,194726
2022-12-02,0.94,0.8938,0.94,0.715,767819
2022-12-05,0.87,0.8814,0.9842,0.8405,132354
2022-12-06,0.88,0.92,0.9321,0.87,67806
2022-12-07,0.93,0.8201,0.93,0.8,171436
2022-12-08,0.8377,0.8302,0.8399,0.8001,149019
2022-12-09,0.7162,0.7663,0.8302,0.7162,547079
2022-12-12,0.7947,0.755,0.8074,0.7254,241964
2022-12-13,0.7,0.7709,0.7895,0.7,114322
2022-12-14,0.8046,0.823,0.85,0.707501,71018
2022-12-15,0.82,0.821,0.889999,0.81,104258
2022-12-16,0.79,0.7601,0.86,0.72,461985
2022-12-19,0.7822,0.7227,0.7878,0.7012,118936
2022-12-20,0.73,0.73,0.7849,0.7,95735
2022-12-21,0.7664,0.75,0.787599,0.723,94626
2022-12-22,0.7534,0.7436,0.759,0.73,30846
2022-12-23,0.75,0.7599,0.77,0.73,91617
2022-12-27,0.74,0.72,0.7697,0.72,116335
2022-12-28,0.72,0.7239,0.74,0.72,105343
2022-12-29,0.7,0.729,0.7696,0.66,153996
2022-12-30,0.7071,0.7286,0.7286,0.705,197583
2023-01-03,0.71,0.6901,0.734499,0.6842,76941
2023-01-04,0.69,0.71,0.7196,0.69,140017
2023-01-05,0.69,0.76,0.76,0.69,30110
2023-01-06,0.7294,0.79525,0.81,0.69,138899
2023-01-09,0.7953,0.7942,0.7953,0.76,40792
2023-01-10,0.7707,0.7522,0.78385,0.732,18556
2023-01-11,0.75,0.7481,0.774999,0.7252,72892
2023-01-12,0.7462,0.8218,0.8743,0.73,170863
2023-01-13,0.794,0.9068,0.9342,0.7681,263970
2023-01-17,0.9041,0.89,0.9101,0.85,91756
2023-01-18,0.91,0.85,0.91,0.821,44160
2023-01-19,0.9,0.7701,0.9,0.7611,65452
2023-01-20,0.8472,0.819,0.8472,0.74,150080
2023-01-23,0.7944,0.7002,0.7944,0.6607,176213
2023-01-24,0.7002,0.6801,0.73,0.6782,146141
2023-01-25,0.6661,0.635,0.6722,0.635,107005
2023-01-26,0.63,0.7029,0.7029,0.63,92823
2023-01-27,0.7001,0.6853,0.74,0.6801,70825
2023-01-30,0.6853,0.7169,0.74,0.6805,21144
2023-01-31,0.7527,0.721,0.7527,0.6678,10902
2023-02-01,0.7,0.7,0.75,0.69,56727
2023-02-02,0.7,0.7185,0.74,0.6602,132567
2023-02-03,0.716699,0.7299,0.75,0.7102,19213
2023-02-06,0.75,0.6902,0.75,0.69,40207
2023-02-07,0.6805,0.675,0.7247,0.67,43681
2023-02-08,0.7,0.667,0.72,0.665,36821
2023-02-09,0.7,0.67,0.70705,0.67,28630
2023-02-10,0.67,0.69,0.7097,0.65,66591
2023-02-13,0.7227,0.6847,0.7227,0.65,44040
2023-02-14,0.6609,0.6696,0.7099,0.6609,115820
2023-02-15,0.69,0.6485,0.69,0.621,50059
2023-02-16,0.636,0.6918,0.7302,0.63,50619
2023-02-17,0.704,0.6542,0.7265,0.65,156616
2023-02-21,0.6869,0.663,0.6869,0.645,100251
2023-02-22,0.69,0.6996,0.7276,0.664,80021
2023-02-23,0.6786,0.69,0.72,0.6786,6822
2023-02-24,0.671,0.685,0.7,0.6617,49892
2023-02-27,0.7192,0.6966,0.7192,0.6601,33314
2023-02-28,0.68,0.675391,0.7,0.6601,8174
2023-03-01,0.69,0.67,0.69,0.6692,14144
2023-03-02,0.67,0.6501,0.69,0.65,48522
2023-03-03,0.6609,0.6773,0.69,0.6502,17638
2023-03-06,0.72,0.6756,0.72,0.67,29317
2023-03-07,0.705,0.662901,0.705,0.6603,18433
2023-03-08,0.6941,0.6705,0.6978,0.6586,27350
2023-03-09,0.69,0.6604,0.7,0.6602,41475
2023-03-10,0.6908,0.68,0.72,0.6501,33020
2023-03-13,0.6602,0.66,0.68,0.66,75630
2023-03-14,0.68,0.654,0.72,0.654,24641
2023-03-15,0.66,0.5801,0.6803,0.5,179354
2023-03-16,0.5528,0.5851,0.59,0.54,117070
2023-03-17,0.5881,0.5797,0.6528,0.57,90200
2023-03-20,0.58,0.61,0.6499,0.58,36028
2023-03-21,0.6499,0.607,0.6499,0.5801,17386
2023-03-22,0.6001,0.6454,0.66,0.6001,7166
2023-03-23,0.6201,0.605,0.652603,0.605,22585
2023-03-24,0.595,0.5556,0.6247,0.52,24429
2023-03-27,0.5833,0.5219,0.6242,0.4501,215534
2023-03-28,0.59,0.53,0.6,0.5,50742
2023-03-29,0.51,0.5074,0.588,0.5,101688
2023-03-30,0.5327,0.52,0.58,0.502,44360
2023-03-31,0.5,0.485,0.5853,0.391,203354
2023-04-03,0.52,0.52,0.5557,0.48,125616
2023-04-04,0.5044,0.4325,0.5072,0.4232,181194
2023-04-05,0.43,0.39,0.4423,0.3703,294671
2023-04-06,0.4055,0.361,0.4172,0.361,107502
2023-04-10,0.3716,0.3849,0.4,0.3716,76511
2023-04-11,0.4159,0.484,0.5,0.40255,237824
2023-04-12,0.52,0.5814,0.59,0.51,244984
2023-04-13,0.5889,0.54,0.589,0.5001,86719
2023-04-14,0.520022,0.53115,0.5537,0.5,52313
2023-04-17,0.517,0.5103,0.5373,0.5001,33566
2023-04-18,0.509,0.5002,0.5349,0.5001,90259
2023-04-19,0.5,0.5034,0.5235,0.4719,53194
2023-04-20,0.5251,0.48,0.5251,0.48,127508
2023-04-21,0.47,0.41,0.4898,0.399,196583
2023-04-24,0.41,0.4156,0.4185,0.41,51406
2023-04-25,0.4121,0.39,0.42,0.39,79913
2023-04-26,0.3957,0.4101,0.419,0.38911,13582
2023-04-27,0.42,0.4448,0.4449,0.3977,113928
2023-04-28,0.435699,0.4983,0.54,0.4264,25834
2023-05-01,0.4875,0.4632,0.5078,0.461,16656
2023-05-02,0.5146,0.4071,0.5146,0.4001,80410
2023-05-03,0.4043,0.3805,0.41,0.3786,107509
2023-05-04,0.38,0.4001,0.4196,0.370001,9351
2023-05-05,0.4101,0.4101,0.462,0.41,45597
2023-05-08,0.43,0.4005,0.4499,0.4005,25814
2023-05-09,0.4005,0.4,0.41,0.38,52743
2023-05-10,0.4479,0.4349,0.4479,0.3905,11097
2023-05-11,0.4298,0.4293,0.4298,0.3907,5357
2023-05-12,0.45,0.4009,0.45,0.4,11343
2023-05-15,0.43,0.41,0.43,0.4074,50767
2023-05-16,0.43,0.395,0.4303,0.3759,157019
2023-05-17,0.3831,0.4,0.4354,0.375,64781
2023-05-18,0.4,0.518,0.5189,0.3801,401937
2023-05-19,0.519,0.59,0.699899,0.4829,246713
