2017-11-29,25.06,25.3,25.31,25.06,1055
2017-11-30,25.3,25.56,25.56,25.3,2663
2017-12-01,25.52,25.25,25.52,25.25,520
2017-12-04,25.72,25.72,25.72,25.72,172
2017-12-05,25.56,25.56,25.56,25.56,216
2017-12-06,25.4,25.39,25.4,25.39,1226
2017-12-07,25.52,25.52,25.52,25.52,210
2017-12-08,25.68,25.69,25.72,25.68,1620
2017-12-11,25.83,25.8525,25.86,25.825,10421
2017-12-12,25.96,25.94,25.96,25.94,5322
2017-12-13,25.95,25.95,25.95,25.95,178
2017-12-14,25.859,25.78,25.86,25.78,11812
2017-12-15,25.85,25.9422,25.9422,25.85,5895
2017-12-18,26.16,26.2199,26.2199,26.16,923
2017-12-19,26.24,26.0596,26.24,26.0392,2245
2017-12-20,26.04,26.035,26.04,26.035,258
2017-12-21,26.16,26.12,26.16,26.05,3141
2017-12-22,26.17,26.1336,26.17,26.1,930
2017-12-26,26.2,26.25,26.27,26.2,620
2017-12-27,26.2295,26.10715,26.24,26.1583,2881
2017-12-28,26.13,26.15,26.15,26.109,1710
2017-12-29,26.22,26.15,26.22,26.15,1754
2018-01-02,26.269,26.29,26.29,26.254,6180
2018-01-03,26.3348,26.36,26.36,26.3201,1829
2018-01-04,26.5,26.44,26.5,26.36,3267
2018-01-05,26.47,26.52,26.52,26.44,784
2018-01-08,26.76,26.688,26.76,26.6541,1365
2018-01-09,NaN,26.688,NaN,NaN,110
2018-01-10,26.71,26.71,26.71,26.71,5225
2018-01-11,26.8405,26.9675,26.97,26.8405,564
2018-01-12,27.18,27.19,27.2152,27.16,1467
2018-01-16,27.42,27.3,27.42,27.3,1115
2018-01-17,27.2439,27.2439,27.2439,27.2439,407
2018-01-18,27.1325,27.1325,27.1325,27.1325,430
2018-01-19,NaN,27.1325,NaN,NaN,52
2018-01-22,27.38,27.53,27.53,27.38,3675
2018-01-23,27.64,27.64,27.64,27.64,324
2018-01-24,27.89,27.67,27.89,27.64,1346
2018-01-25,27.7796,27.789,27.789,27.7796,5734
2018-01-26,27.85,28.19,28.19,27.85,1489
2018-01-29,NaN,28.19,NaN,NaN,208
2018-01-30,27.9,27.606,27.9,27.5606,1624
2018-01-31,27.78,27.574357,27.78,27.62,94097
2018-02-01,NaN,27.574357,NaN,NaN,121
2018-02-02,26.94,26.8267,26.94,26.8,501
2018-02-05,26.6,26.73,26.73,26.55,9002
2018-02-06,25.19,26.16,26.16,25.19,8974
2018-02-07,26.13,26.46,26.46,26.13,474
2018-02-08,26.25,25.8,26.25,25.8,2103
2018-02-09,25.1052,25.37,25.37,25.0,1638
2018-02-12,25.7,25.7954,25.7954,25.7,762
2018-02-13,NaN,25.7954,NaN,NaN,47
2018-02-14,26.32,26.32,26.32,26.32,219
2018-02-15,26.52,26.53,26.53,26.45,9496
2018-02-16,26.68,26.8,26.8,26.68,709
2018-02-20,26.62,26.52,26.62,26.52,2557
2018-02-21,26.63,26.5,26.64,26.5,6204
2018-02-22,26.5,26.2499,26.55,26.2499,13110
2018-02-23,26.4446,26.51,26.51,26.37,14812
2018-02-26,26.99,26.85,26.99,26.69,15718
2018-02-27,26.71,26.5802,26.7402,26.58,8048
2018-02-28,NaN,26.481447,NaN,NaN,63
2018-03-01,26.04,26.07,26.07,26.04,12653
2018-03-02,25.75,25.8434,25.8434,25.75,1153
2018-03-05,25.95,25.95,25.95,25.95,204
2018-03-06,26.4716,26.5,26.509,26.4716,1063
2018-03-07,26.37,26.3926,26.3926,26.37,1011
2018-03-08,26.73,26.57,26.73,26.4609,15899
2018-03-09,26.83,26.7648,26.83,26.6545,13917
2018-03-12,26.97,26.8899,26.97,26.8507,2429
2018-03-13,27.13,26.8336,27.13,26.79,2346
2018-03-14,26.89,26.71,26.89,26.705,2871
2018-03-15,26.74,26.5,26.74,26.5,1344
2018-03-16,26.69,26.8,26.8,26.69,1309
2018-03-19,26.75,26.4,26.75,26.4,928
2018-03-20,26.4853,26.39,26.4853,26.39,4243
2018-03-21,26.346,26.44,26.5,26.346,10910
2018-03-22,26.2,25.8,26.2,25.8,4435
2018-03-23,25.8602,25.35,25.8602,25.35,29980
2018-03-26,25.55,25.545,25.55,25.429,3100
2018-03-27,25.75,25.5221,25.9599,25.5005,13516
2018-03-28,25.7,25.745,25.84,25.685,7710
2018-03-29,25.94,25.97,26.05,25.94,12392
2018-04-02,25.94,25.25,25.94,25.23,8090
2018-04-03,25.45,25.66,25.66,25.45,2007
2018-04-04,25.4,25.7902,25.7902,25.4,6317
2018-04-05,26.0948,26.185,26.2,26.0948,4408
2018-04-06,26.1,25.76,26.18,25.5399,7776
2018-04-09,26.09,25.835,26.09,25.78,24111
2018-04-10,26.09,26.2,26.2,26.08,4837
2018-04-11,26.02,26.0,26.03,26.0,1559
2018-04-12,26.21,26.12,26.21,26.0148,4199
2018-04-13,26.26,26.04,26.26,25.95,7481
2018-04-16,26.25,26.3398,26.3398,26.25,1744
2018-04-17,26.55,26.529,26.55,26.419,4039
2018-04-18,26.59,26.579,26.6504,26.55,8391
2018-04-19,26.299,26.391,26.391,26.22,2656
2018-04-20,26.29,26.1351,26.29,26.13,15154
2018-04-23,26.31,26.18,26.31,26.18,1406
2018-04-24,26.46,26.055,26.46,26.03,3717
2018-04-25,26.21,26.3,26.3,26.0,3937
2018-04-26,26.4148,26.5299,26.55,26.4,2656
2018-04-27,26.55,26.6151,26.67,26.55,10326
2018-04-30,26.6,26.259471,26.6,26.3,21432
2018-05-01,26.1,26.1072,26.11,25.93,2098
2018-05-02,26.09,25.85,26.09,25.85,5556
2018-05-03,25.78,25.71,25.78,25.5,2623
2018-05-04,25.58,26.06,26.07,25.58,2686
2018-05-07,26.012,25.9098,26.012,25.9098,3260
2018-05-08,25.83,25.819,25.83,25.7943,1995
2018-05-09,25.91,26.02,26.07,25.84,2619
2018-05-10,26.159,26.28,26.3099,26.145,11596
2018-05-11,26.3447,26.3225,26.3447,26.27,2948
2018-05-14,26.45,26.4,26.45,26.4,844
2018-05-15,26.3595,26.3299,26.3595,26.3099,6890
2018-05-16,26.3,26.57,26.63,26.3,31456
2018-05-17,26.64,26.69,26.69,26.64,537
2018-05-18,26.55,26.5048,26.55,26.5048,1176
2018-05-21,26.71,26.7272,26.75,26.71,4152
2018-05-22,26.85,26.68,26.85,26.68,10340
2018-05-23,26.5552,26.59,26.59,26.5552,2374
2018-05-24,26.7,26.67,26.71,26.58,4107
2018-05-25,26.7,26.56,26.7,26.5476,2379
2018-05-29,26.35,26.33,26.51,26.23,15438
2018-05-30,26.5895,26.7249,26.82,26.5895,10875
2018-05-31,26.79,26.438321,26.79,26.46,5830
2018-06-01,26.65,26.65,26.7,26.6,8126
2018-06-04,26.8,26.7672,26.8,26.734,2341
2018-06-05,26.88,26.92,26.95,26.864,5406
2018-06-06,26.89,27.01,27.02,26.86,4827
2018-06-07,27.0799,27.0,27.08,26.9296,7959
2018-06-08,27.009,27.04,27.04,26.9879,1647
2018-06-11,27.149,27.2133,27.23,27.1325,1024
2018-06-12,27.29,27.2061,27.29,27.17,2682
2018-06-13,27.19,26.8877,27.19,26.865,11769
2018-06-14,26.88,26.9879,26.9879,26.88,1751
2018-06-15,26.97,26.8763,26.97,26.83,3917
2018-06-18,26.89,26.88,26.89,26.88,549
2018-06-19,26.77,26.7353,26.77,26.7353,540
2018-06-20,26.92,26.96,26.96,26.92,2741
2018-06-21,27.04,26.84,27.04,26.82,32865
2018-06-22,27.0,26.94,27.0,26.94,5935
2018-06-25,26.689,26.72,26.73,26.5804,7046
2018-06-26,26.7498,26.7633,26.79,26.7498,3163
2018-06-27,26.88,26.69,26.8924,26.61,3495
2018-06-28,26.5,26.7,26.7,26.5,2492
2018-06-29,26.81,26.7352,26.81,26.7352,1940
2018-07-02,26.48,26.4572,26.48,26.31,8723
2018-07-03,26.62,26.6216,26.6216,26.62,442
2018-07-05,26.57,26.696,26.709,26.48,4461
2018-07-06,NaN,26.696,NaN,NaN,84
2018-07-09,26.9402,26.94,26.9402,26.94,410
2018-07-10,27.049,27.0478,27.049,27.0478,2084
2018-07-11,26.861,26.84,26.861,26.835,1707
2018-07-12,27.03,27.0098,27.03,27.0,2620
2018-07-13,27.114,27.0761,27.114,27.05,1557
2018-07-16,26.98,26.97,27.03,26.9399,6248
2018-07-17,27.04,27.0411,27.0411,27.018,625
2018-07-18,27.04,27.0701,27.119,27.04,6801
2018-07-19,27.111,27.1608,27.165,27.11,1640
2018-07-20,27.07,27.009,27.07,27.009,1337
2018-07-23,27.0152,27.0152,27.0152,27.0152,629
2018-07-24,27.2,27.0944,27.2,27.06,1873
2018-07-25,27.063,27.051,27.08,27.051,861
2018-07-26,27.345,27.32,27.37,27.27,13926
2018-07-27,27.0864,27.1,27.1,27.0864,1089
2018-07-30,27.2,27.1632,27.2,27.1632,763
2018-07-31,27.4,27.372775,27.4264,27.3901,14594
2018-08-01,NaN,27.372775,NaN,NaN,91
2018-08-02,27.084,27.22,27.22,27.071,2429
2018-08-03,27.4099,27.44,27.44,27.36,2092
2018-08-06,27.47,27.445,27.48,27.4,4849
2018-08-07,27.5,27.5164,27.5402,27.5,8301
2018-08-08,27.49,27.4278,27.49,27.381,2193
2018-08-09,27.35,27.44,27.44,27.35,1710
2018-08-10,27.4,27.241,27.4,27.241,557
2018-08-13,27.23,27.2466,27.29,27.174,3137
2018-08-14,27.46,27.46,27.46,27.46,293
2018-08-15,27.12,27.2671,27.28,27.12,7710
2018-08-16,27.52,27.557,27.57,27.52,1557
2018-08-17,27.5899,27.7141,27.78,27.56,14047
2018-08-20,27.83,27.9199,27.93,27.75,7556
2018-08-21,28.0,27.9499,28.01,27.93,8749
2018-08-22,27.889,27.8,27.8988,27.8,22349
2018-08-23,27.74,27.77,27.77,27.74,4425
2018-08-24,27.9,27.9,27.91,27.773,7618
2018-08-27,28.06,27.99,28.06,27.97,12960
2018-08-28,28.0373,27.97,28.0499,27.9666,12041
2018-08-29,27.9,28.02,28.0594,27.9,2148
2018-08-30,28.07,27.849,28.07,27.8201,3187
2018-08-31,27.88,27.666076,27.88,27.68,4324
2018-09-04,27.62,27.4999,27.62,27.4999,1422
2018-09-05,27.64,27.68,27.71,27.54,2633
2018-09-06,27.68,27.64,27.7,27.64,1414
2018-09-07,27.67,27.51,27.67,27.495,5098
2018-09-10,27.7548,27.67,27.7548,27.67,7272
2018-09-11,27.6272,27.6177,27.6577,27.6177,3277
2018-09-12,27.6875,27.69,27.694,27.6687,2112
2018-09-13,27.84,27.76,27.84,27.7198,9519
2018-09-14,27.75,27.782,27.782,27.63,3516
2018-09-17,27.85,27.7544,27.85,27.7544,2182
2018-09-18,27.68,27.7526,27.83,27.68,6199
2018-09-19,27.75,27.676,27.83,27.676,54421
2018-09-20,27.7401,27.87,27.87,27.7401,3102
2018-09-21,27.989,27.9381,28.01,27.9381,1762
2018-09-24,27.879,27.7084,27.879,27.7084,16397
2018-09-25,27.71,27.6299,27.729,27.6081,4343
2018-09-26,27.587,27.48,27.7099,27.48,13853
2018-09-27,27.46,27.4966,27.4966,27.46,916
2018-09-28,27.3799,27.408542,27.49,27.3799,20868
2018-10-01,27.57,27.51,27.57,27.51,916
2018-10-02,27.44,27.4899,27.5399,27.43,9303
2018-10-03,27.57,27.4705,27.63,27.4705,4238
2018-10-04,27.411,27.29,27.43,27.29,5520
2018-10-05,27.2643,27.27,27.27,27.2643,573
2018-10-08,27.34,27.4258,27.4258,27.27,3686
2018-10-09,27.47,27.2,27.47,27.2,5818
2018-10-10,27.05,26.63,27.17,26.63,11071
2018-10-11,26.6437,26.05,26.71,26.0,154463
2018-10-12,26.3462,26.0576,26.35,26.0576,16338
2018-10-15,26.26,26.21,26.3424,26.21,15083
2018-10-16,26.21,26.6399,26.6399,26.21,5830
2018-10-17,26.5902,26.4901,26.62,26.4901,6799
2018-10-18,26.33,26.33,26.33,26.33,237
2018-10-19,26.38,26.25,26.38,26.2,3897
2018-10-22,26.25,26.05,26.25,26.0,6143
2018-10-23,25.73,25.695,25.73,25.4801,1931
2018-10-24,25.74,25.2067,25.74,25.2067,1256
2018-10-25,25.36,25.6999,25.7361,25.36,3575
2018-10-26,25.211,25.23,25.3061,24.951,3719
2018-10-29,25.5,25.4733,25.5,25.4733,1916
2018-10-30,25.6132,25.7054,25.7054,25.595,1205
2018-10-31,26.12,25.832556,26.12,25.8715,2678
2018-11-01,25.9096,26.0744,26.0744,25.9096,1418
2018-11-02,26.3,25.99,26.31,25.82,8299
2018-11-05,26.08,26.29,26.36,26.0,10688
2018-11-06,26.37,26.48,26.48,26.315,1579
2018-11-07,26.6829,26.78,26.78,26.6829,773
2018-11-08,26.86,26.85,26.92,26.82,1869
2018-11-09,26.6799,26.6357,26.68,26.6357,1143
2018-11-12,26.622,26.7099,26.74,26.622,1363
2018-11-13,26.7,26.67,26.71,26.641,8296
2018-11-14,26.3592,26.39,26.39,26.3592,3575
2018-11-15,26.091,26.42,26.42,26.0861,1837
2018-11-16,26.37,26.45,26.45,26.35,3000
2018-11-19,26.47,26.26,26.47,26.2445,2167
2018-11-20,25.87,25.85,25.87,25.85,3375
2018-11-21,26.01,25.96,26.03,25.849,3534
2018-11-23,25.75,25.7,25.75,25.7,322
2018-11-26,25.98,25.9284,25.98,25.877,4851
2018-11-27,26.0172,26.105,26.105,26.0,5728
2018-11-28,26.0607,26.358,26.358,25.9582,875
2018-11-29,26.24,26.31,26.38,26.23,3490
2018-11-30,26.3575,26.458059,26.535,26.3575,1741
2018-12-03,26.77,26.54,26.77,26.54,1058
2018-12-04,26.47,25.8401,26.5067,25.8401,7812
2018-12-06,25.53,25.8599,25.8599,25.53,6897
2018-12-07,25.89,25.35,25.9088,25.31,9148
2018-12-10,25.2621,25.2759,25.2759,25.11,1359
2018-12-11,25.59,25.2298,25.59,25.2298,1105
2018-12-12,25.4449,25.2958,25.53,25.2958,1073
2018-12-13,25.27,25.1169,25.34,25.1169,2069
2018-12-14,24.97,24.8842,25.11,24.8023,1881
2018-12-17,24.93,24.2717,24.93,24.19,4553
2018-12-18,24.57,24.2804,24.57,24.2804,4421
2018-12-19,24.39,23.9705,24.5599,23.8956,8332
2018-12-20,23.93,23.5604,23.93,23.5604,3935
2018-12-21,23.87,23.2744,23.87,23.2744,3032
2018-12-24,23.09,22.6267,23.09,22.6267,1339
2018-12-26,22.8199,23.5475,23.5475,22.5248,24670
2018-12-27,23.35,23.509109,23.6441,23.0,2426
2018-12-28,23.7,23.4992,23.77,23.4718,15734
2018-12-31,23.57,23.64,23.64,23.5441,1003
2019-01-02,23.42,23.6765,23.75,23.3828,23260
2019-01-03,23.44,23.3984,23.6004,23.3984,2803
2019-01-04,23.8059,24.0476,24.0476,23.8059,2132
2019-01-07,24.12,24.2938,24.38,24.12,292678
2019-01-08,24.46,24.5425,24.5506,24.3144,5427
2019-01-09,24.5442,24.5863,24.6764,24.5182,5518
2019-01-10,24.4,24.6738,24.6738,24.4,564
2019-01-11,24.6845,24.7394,24.7394,24.6845,1350
2019-01-14,24.62,24.56,24.62,24.54,1276
2019-01-15,24.61,24.6605,24.7199,24.575,6286
2019-01-16,24.74,24.6911,24.74,24.69,12338
2019-01-17,24.7,24.8588,24.8588,24.68,1579
2019-01-18,25.11,25.1986,25.25,25.11,1823
2019-01-22,25.05,24.9,25.05,24.8361,9096
2019-01-23,25.09,24.9544,25.09,24.92,2342
2019-01-24,24.96,24.9182,24.9899,24.88,4302
2019-01-25,25.05,25.16,25.2,25.05,4690
2019-01-28,25.08,25.0408,25.08,24.9333,6073
2019-01-29,25.07,25.1284,25.17,25.045,4804
2019-01-30,25.0586,25.2906,25.2906,25.0586,1818
2019-01-31,25.34,25.473157,25.5204,25.295,2146
2019-02-01,25.4321,25.4241,25.44,25.3338,2847
2019-02-04,25.49,25.45,25.49,25.27,1506
2019-02-05,25.455,25.527,25.527,25.455,484
2019-02-06,25.53,25.4712,25.54,25.45,5386
2019-02-07,25.352,25.3,25.385,25.16,46362
2019-02-08,25.1146,25.2576,25.2576,25.02,4461
2019-02-11,25.43,25.27,25.43,25.23,1794
2019-02-12,25.45,25.4206,25.4803,25.4206,4277
2019-02-13,25.55,25.6,25.61,25.5299,4343
2019-02-14,25.4709,25.4686,25.59,25.4686,3518
2019-02-15,25.6713,25.7388,25.75,25.6701,930
2019-02-19,25.73,25.91,25.9369,25.73,2243
2019-02-20,25.969,26.0196,26.0626,25.969,5612
2019-02-21,25.9301,25.9186,25.9899,25.8644,3584
2019-02-22,25.9409,26.007,26.007,25.9153,12629
2019-02-25,26.07,26.03,26.1105,26.03,15040
2019-02-26,26.08,25.99,26.1,25.99,7397
2019-02-27,25.9599,25.9507,25.97,25.9507,2317
2019-02-28,25.84,25.801399,25.8712,25.84,1336
2019-03-01,25.9799,25.91,25.9799,25.8899,1250
2019-03-04,25.99,25.7821,25.99,25.5718,2167
2019-03-05,25.7666,25.822,25.822,25.732,1989
2019-03-06,25.9,25.5933,25.9,25.5933,2281
2019-03-07,25.54,25.3991,25.54,25.3597,3671
2019-03-08,25.2406,25.3788,25.3788,25.2406,2498
2019-03-11,25.55,25.76,25.76,25.55,3837
2019-03-12,25.8335,25.8116,25.8807,25.8116,2302
2019-03-13,25.83,25.9095,25.97,25.83,5565
2019-03-14,25.85,25.895,25.895,25.83,3387
2019-03-15,25.9712,25.9049,25.9712,25.9049,2163
2019-03-18,26.01,26.0147,26.03,25.9028,3405
2019-03-19,26.21,25.9109,26.21,25.9109,1981
2019-03-20,25.85,25.6948,25.879,25.6948,3139
2019-03-21,26.0296,26.0882,26.0945,26.0296,342
2019-03-22,25.93,25.6553,25.93,25.63,3092
2019-03-25,25.6041,25.6263,25.75,25.57,33848
2019-03-26,25.85,25.9394,25.9394,25.85,3917
2019-03-27,25.97,25.8364,25.97,25.7305,4448
2019-03-28,25.91,25.8398,25.91,25.741,5815
2019-03-29,26.04,25.8436,26.04,25.872,4960
2019-04-01,25.98,26.2155,26.2155,25.98,10760
2019-04-02,26.232,26.2302,26.232,26.2005,457
2019-04-03,26.45,26.3369,26.45,26.33,8205
2019-04-04,26.43,26.4368,26.4368,26.3535,2507
2019-04-05,26.57,26.67,26.67,26.4401,5356
2019-04-08,26.71,26.636,26.71,26.5701,3511
2019-04-09,26.64,26.42,26.64,26.41,13180
2019-04-10,26.486,26.537,26.5442,26.408,28757
2019-04-11,26.62,26.5703,26.6575,26.559,5159
2019-04-12,26.74,26.6258,26.74,26.6101,2680
2019-04-15,26.5701,26.5567,26.5901,26.5567,1546
2019-04-16,26.55,26.5378,26.58,26.48,1728
2019-04-17,26.46,26.4149,26.46,26.39,1836
2019-04-18,26.39,26.4246,26.4246,26.38,213
2019-04-22,26.35,26.2636,26.35,26.19,4765
2019-04-23,26.449,26.4512,26.4799,26.4185,2435
2019-04-24,26.49,26.3244,26.49,26.29,5676
2019-04-25,26.31,26.1642,26.31,26.1642,4579
2019-04-26,26.1,26.3,26.3399,26.1,2069
2019-04-29,26.37,26.3526,26.385,26.3526,3088
2019-04-30,26.4919,26.466133,26.4919,26.4919,833
2019-05-01,26.42,26.2353,26.42,26.2353,3566
2019-05-02,26.23,26.2,26.29,26.1,9336
2019-05-03,26.42,26.4846,26.4846,26.35,3507
2019-05-06,26.22,26.3414,26.3414,26.22,1953
2019-05-07,26.0298,26.0309,26.0309,25.88,4733
2019-05-08,26.04,25.8836,26.04,25.8836,2864
2019-05-09,25.62,25.8442,25.8609,25.62,779
2019-05-10,25.84,25.927,25.93,25.78,653
2019-05-13,25.371,25.4249,25.4743,25.341,3239
2019-05-14,25.43,25.6697,25.7203,25.43,8596
2019-05-15,25.6,25.7236,25.7236,25.6,2987
2019-05-16,25.9223,25.8423,25.97,25.8,4610
2019-05-17,25.75,25.746,25.75,25.746,435
2019-05-20,25.66,25.5891,25.66,25.5891,297
2019-05-21,25.74,25.7982,25.84,25.6727,6636
2019-05-22,25.68,25.6251,25.68,25.59,1594
2019-05-23,25.28,25.3239,25.35,25.28,3717
2019-05-24,25.4398,25.3469,25.4398,25.341,1560
2019-05-28,25.33,25.0216,25.33,25.0216,3788
2019-05-29,24.82,24.7899,24.82,24.69,2847
2019-05-30,24.89,24.72,24.89,24.72,712
2019-05-31,24.39,24.285017,24.39,24.3312,1257
2019-06-03,24.4,24.6182,24.68,24.4,9735
2019-06-04,24.851,25.1088,25.1088,24.851,1037
2019-06-05,25.1203,25.2256,25.2399,25.119,1684
2019-06-06,25.254,25.3328,25.3807,25.17,30758
2019-06-07,25.38,25.38,25.459,25.38,3855
2019-06-10,25.55,25.38,25.55,25.3473,1018
2019-06-11,25.43,25.4416,25.57,25.41,2057
2019-06-12,25.49,25.434,25.52,25.4301,5411
2019-06-13,25.47,25.6884,25.6884,25.47,2992
2019-06-14,25.75,25.6725,25.75,25.618,7377
2019-06-17,25.63,25.56,25.64,25.56,8154
2019-06-18,25.86,25.7673,25.86,25.76,3181
2019-06-19,25.81,25.8605,25.8605,25.78,2934
2019-06-20,26.04,26.1161,26.1161,25.9685,4170
2019-06-21,26.16,26.1482,26.17,26.0113,6292
2019-06-24,26.15,25.9833,26.15,25.9833,6529
2019-06-25,26.05,25.8074,26.05,25.8074,3843
2019-06-26,25.94,25.7913,25.94,25.7913,4331
2019-06-27,25.8618,25.9442,25.95,25.8618,3222
2019-06-28,26.1,26.1952,26.1952,26.1,1992
2019-07-01,26.45,26.2507,26.45,26.15,7904
2019-07-02,26.21,26.229,26.229,26.1639,10783
2019-07-03,26.29,26.52,26.56,26.29,1843
2019-07-05,26.52,26.4775,26.5244,26.2883,1216
2019-07-08,26.448,26.407,26.448,26.39,2617
2019-07-09,26.39,26.3612,26.39,26.3065,5762
2019-07-10,26.49,26.4362,26.49,26.42,2307
2019-07-11,26.5,26.3479,26.5,26.25,14679
2019-07-12,26.461,26.53,26.53,26.461,6138
2019-07-15,26.59,26.45,26.59,26.4001,8154
2019-07-16,26.53,26.4828,26.55,26.44,4986
2019-07-17,26.3,26.2407,26.33,26.2407,554
2019-07-18,26.28,26.3521,26.358,26.21,1962
2019-07-19,26.46,26.2725,26.46,26.2725,1868
2019-07-22,26.1521,26.1276,26.16,26.1276,1521
2019-07-23,26.2075,26.38,26.38,26.2075,1938
2019-07-24,26.42,26.5664,26.5664,26.4,8146
2019-07-25,26.62,26.4272,26.62,26.4272,904
2019-07-26,26.4715,26.5325,26.5599,26.47,14527
2019-07-29,26.58,26.4822,26.58,26.4505,9901
2019-07-30,26.41,26.4278,26.4278,26.2844,3349
2019-07-31,26.3779,26.118613,26.404,26.1,19503
2019-08-01,26.16,25.7763,26.26,25.7119,4002
2019-08-02,25.61,25.6083,25.64,25.52,11791
2019-08-05,25.37,24.9416,25.37,24.74,11809
2019-08-06,25.09,25.033,25.09,24.7589,3600
2019-08-07,24.85,25.0151,25.0594,24.6203,13816
2019-08-08,25.101,25.3362,25.3362,25.101,2854
2019-08-09,25.23,25.1,25.2441,24.99,10566
2019-08-12,24.94,24.8271,24.94,24.765,8016
2019-08-13,24.73,25.1353,25.245,24.73,2793
2019-08-14,24.5028,24.353,24.5028,24.32,6158
2019-08-15,24.35,24.2779,24.35,24.21,12358
2019-08-16,24.55,24.6841,24.6841,24.55,106673
2019-08-19,24.95,24.95,25.0033,24.95,11108
2019-08-20,24.782,24.64,24.83,24.64,8078
2019-08-21,24.83,24.8322,24.9098,24.8,12392
2019-08-22,24.88,24.8854,24.9099,24.85,5895
2019-08-23,24.76,24.09,24.77,24.09,1625
2019-08-26,24.3613,24.343,24.37,24.2604,2891
2019-08-27,24.58,24.117,24.58,24.117,2979
2019-08-28,24.21,24.3719,24.41,24.21,914
2019-08-29,24.68,24.7285,24.748,24.6,5671
2019-08-30,24.84,24.8951,24.93,24.84,1158
2019-09-03,24.56,24.6506,24.67,24.48,6358
2019-09-04,24.91,24.9508,24.9508,24.91,8686
2019-09-05,25.33,25.3479,25.3479,25.33,760
2019-09-06,25.34,25.4392,25.48,25.34,1562
2019-09-09,25.63,25.9315,25.94,25.56,3731
2019-09-10,26.0579,26.2775,26.2775,26.0579,1290
2019-09-11,26.28,26.5516,26.5516,26.28,8144
2019-09-12,26.546,26.52,26.5939,26.371,68636
2019-09-13,26.6196,26.514,26.6196,26.514,2672
2019-09-16,26.49,26.4724,26.49,26.3849,8203
2019-09-17,26.41,26.3663,26.41,26.32,1588
2019-09-18,26.32,26.3226,26.3226,26.18,1541
2019-09-19,26.354,26.1915,26.3674,26.1915,9602
2019-09-20,26.3072,26.2391,26.39,26.2391,4400
2019-09-23,26.22,26.2499,26.2612,26.1899,5626
2019-09-24,26.29,26.0516,26.3281,25.98,3133
2019-09-25,26.16,26.2769,26.3,26.1,2446
2019-09-26,26.24,26.2364,26.27,26.11,4488
2019-09-27,26.4462,26.2992,26.4462,26.2298,2542
2019-09-30,26.44,26.312381,26.4515,26.4056,1223
2019-10-01,26.58,25.92,26.58,25.92,2521
2019-10-02,25.75,25.301,25.75,25.2615,2852
2019-10-03,25.37,25.3972,25.44,25.26,2455
2019-10-04,25.55,25.7403,25.7403,25.45,3157
2019-10-07,25.74,25.6777,25.8,25.6777,4060
2019-10-08,25.42,25.2087,25.42,25.2087,5422
2019-10-09,25.38,25.3804,25.3804,25.3469,2408
2019-10-10,25.6,25.6495,25.6495,25.6,1015
2019-10-11,25.84,25.96,26.2049,25.84,4877
2019-10-14,26.04,25.957,26.04,25.89,10919
2019-10-15,25.97,26.2318,26.2318,25.97,485
2019-10-16,26.3197,26.1574,26.368,26.12,5032
2019-10-17,26.19,26.23,26.23,26.19,3430
2019-10-18,26.13,26.324,26.324,26.13,966
2019-10-21,26.48,26.451,26.48,26.43,4763
2019-10-22,26.5,26.7229,26.791,26.4468,4941
2019-10-23,26.7,26.7692,26.7692,26.695,1033
2019-10-24,26.85,26.6641,26.85,26.5449,2930
2019-10-25,26.7166,26.7233,26.7395,26.7166,2262
2019-10-28,26.8808,26.8638,26.8999,26.81,4626
2019-10-29,26.9,26.95,26.9999,26.9,2918
2019-10-30,26.7578,26.7673,26.7673,26.65,1257
2019-10-31,26.83,26.426171,26.83,26.4435,2655
2019-11-01,26.7852,26.8605,26.8605,26.7791,8800
2019-11-04,27.09,27.166,27.166,27.0,2357
2019-11-05,27.27,27.238,27.27,27.161,3547
2019-11-06,27.25,27.1718,27.25,27.082,14730
2019-11-07,27.37,27.322,27.3826,27.32,6778
2019-11-08,27.346,27.4489,27.4489,27.3344,1385
2019-11-11,27.44,27.3696,27.44,27.3696,6161
2019-11-12,27.35,27.3165,27.4236,27.3165,1213
2019-11-13,27.23,27.2336,27.305,27.1648,3110
2019-11-14,27.34,27.34,27.34,27.296,4583
2019-11-15,27.406,27.4789,27.5,27.406,3342
2019-11-18,27.56,27.508,27.56,27.4605,5377
2019-11-19,27.3,27.2303,27.3,27.2303,1720
2019-11-20,27.0745,27.0303,27.075,27.0303,1369
2019-11-21,26.9532,27.0284,27.066,26.9532,1873
2019-11-22,27.1299,27.1637,27.1764,27.12,6394
2019-11-25,27.3,27.3741,27.379,27.201,3656
2019-11-26,27.3,27.2992,27.359,27.25,3346
2019-11-27,27.4109,27.4109,27.4109,27.4109,82
2019-11-29,27.3336,27.2917,27.3336,27.2917,202
2019-12-02,27.18,27.0212,27.18,27.0212,9859
2019-12-03,26.86,26.81,26.87,26.6297,7341
2019-12-04,27.0322,26.93,27.04,26.93,14277
2019-12-05,26.8899,26.8953,26.8953,26.87,2598
2019-12-06,27.2,27.1005,27.23,27.1005,6110
2019-12-09,27.01,27.05,27.14,27.001,6474
2019-12-10,27.0,27.0,27.03,26.8839,15200
2019-12-11,27.0197,26.9088,27.0197,26.9,2419
2019-12-12,27.0,27.2335,27.24,27.0,1010
2019-12-13,27.27,27.0834,27.33,27.0834,7783
2019-12-16,27.31,27.3158,27.38,27.31,7149
2019-12-17,27.44,27.36,27.44,27.3,2859
2019-12-18,27.42,27.4041,27.42,27.3628,1455
2019-12-19,27.4309,27.399,27.4309,27.399,1325
2019-12-20,27.45,27.6191,27.6657,27.45,5598
2019-12-23,27.71,27.601,27.71,27.5993,4187
2019-12-24,27.6,27.6,27.6,27.5432,2043
2019-12-26,27.68,27.5995,27.68,27.55,10119
2019-12-27,27.6173,27.5877,27.6294,27.5877,5564
2019-12-30,27.56,27.3438,27.56,27.3438,6756
2019-12-31,27.33,27.44,27.44,27.33,5328
2020-01-02,27.425,27.3473,27.425,27.2101,12576
2020-01-03,27.2,27.0982,27.2,27.0922,7559
2020-01-06,26.92,27.0658,27.084,26.85,3942
2020-01-07,26.98,27.06,27.08,26.98,3375
2020-01-08,27.13,27.13,27.23,26.9615,28687
2020-01-09,27.23,27.1514,27.23,27.0332,5131
2020-01-10,27.1824,27.0868,27.1938,27.0868,2669
2020-01-13,27.18,27.25,27.25,27.1654,3638
2020-01-14,27.242,27.3111,27.38,27.24,10232
2020-01-15,27.39,27.3212,27.4314,27.251,7443
2020-01-16,27.53,27.566,27.568,27.46,6417
2020-01-17,27.71,27.5873,27.71,27.57,18660
2020-01-21,27.58,27.44,27.58,27.33,11669
2020-01-22,27.55,27.4059,27.55,27.4059,7453
2020-01-23,27.3,27.4752,27.4796,27.11,6981
2020-01-24,27.57,27.1027,27.57,26.9701,11771
2020-01-27,26.8,26.673,26.8,26.6701,5580
2020-01-28,26.84,26.9105,26.9585,26.7314,3651
2020-01-29,27.09,26.8244,27.09,26.8244,9661
2020-01-30,26.53,26.76,26.76,26.43,9010
2020-01-31,26.25,26.1962,26.34,26.08,20701
2020-02-03,26.32,26.1731,26.395,26.1731,19054
2020-02-04,26.63,26.5325,26.63,26.5325,820
2020-02-05,26.69,27.0489,27.0489,26.69,7137
2020-02-06,27.1786,27.0624,27.1786,27.055,2520
2020-02-07,27.05,26.8887,27.05,26.8736,3310
2020-02-10,26.98,27.009,27.009,26.8587,3882
2020-02-11,27.24,27.2248,27.25,27.22,1792
2020-02-12,27.5104,27.4383,27.5104,27.387,43966
2020-02-13,27.37,27.2168,27.37,27.2044,4751
2020-02-14,27.2335,27.1268,27.2335,27.0563,4127
2020-02-18,27.14,26.9945,27.14,26.8562,8559
2020-02-19,27.05,27.0518,27.07,26.9969,5199
2020-02-20,27.02,27.2442,27.2442,27.02,8532
2020-02-21,27.016,27.1452,27.15,27.016,5814
2020-02-24,26.48,26.33,26.4811,26.1601,8495
2020-02-25,26.48,25.3734,26.48,25.3418,38357
2020-02-26,25.48,25.08,25.6543,25.08,6167
2020-02-27,24.75,24.0801,24.89,24.02,179366
2020-02-28,23.3,23.4375,23.5635,22.95,18914
2020-03-02,23.7,24.44,24.44,23.5,8409
2020-03-03,24.49,23.7466,24.82,23.55,8848
2020-03-04,24.06,24.5413,24.5413,23.94,13079
2020-03-05,23.83,23.64,24.05,23.5001,10165
2020-03-06,23.03,23.2416,23.395,22.86,188470
2020-03-09,22.5,21.1211,22.53,20.885,36226
2020-03-10,21.86,21.7454,21.86,20.755,12967
2020-03-11,21.29,20.6064,21.29,20.3539,12859
2020-03-12,19.3,18.18,19.3,18.18,27265
2020-03-13,19.24,19.5007,19.5007,18.2227,13723
2020-03-16,17.82,17.3412,18.32,17.34,124793
2020-03-17,17.84,18.4,18.4,16.9115,15781
2020-03-18,17.31,17.09,17.35,16.405,18975
2020-03-19,17.0,16.9944,17.475,16.505,13218
2020-03-20,17.27,16.2888,17.42,16.2888,17494
2020-03-23,16.65,15.38,16.65,15.2092,27456
2020-03-24,16.39,17.01,17.09,16.21,51659
2020-03-25,17.33,17.6946,18.488,16.921,18507
2020-03-26,18.0,18.7532,18.78,18.0,23038
2020-03-27,18.12,18.1425,18.495,17.93,206598
2020-03-30,18.33,18.6369,18.68,18.06,7403
2020-03-31,18.56,18.172408,18.68,18.159,15590
2020-04-01,17.54,17.0847,17.54,16.87,13888
2020-04-02,16.94,17.3829,17.47,16.94,4511
2020-04-03,17.39,17.1026,17.39,16.95,5326
2020-04-06,17.89,18.36,18.36,17.8414,6520
2020-04-07,19.0,18.5944,19.3392,18.57,12284
2020-04-08,18.67,19.3565,19.36,18.67,9377
2020-04-09,19.71,20.0051,20.33,19.71,51211
2020-04-13,20.02,19.5489,20.02,19.235,9962
2020-04-14,20.04,19.8565,20.0534,19.75,9484
2020-04-15,19.36,18.9713,19.36,18.7638,20967
2020-04-16,19.11,18.79,19.11,18.6318,5703
2020-04-17,19.44,19.6002,19.6093,19.369,10865
2020-04-20,19.14,19.1323,19.5401,19.1272,11773
2020-04-21,18.77,18.6,18.79,18.43,8458
2020-04-22,18.99,18.74,18.99,18.6,11138
2020-04-23,19.09,18.82,19.169,18.82,12595
2020-04-24,19.09,19.0642,19.14,18.795,6002
2020-04-27,19.27,19.7012,19.704,19.21,9491
2020-04-28,20.25,20.2,20.32,20.0391,25038
2020-04-29,20.75,20.94,21.09,20.6,7409
2020-04-30,20.83,20.207207,20.83,20.215,9557
2020-05-01,19.71,19.3617,19.71,19.327,8495
2020-05-04,19.29,19.38,19.45,19.09,4024
2020-05-05,19.67,19.2857,19.67,19.2857,5489
2020-05-06,19.34,18.82,19.51,18.82,4216
2020-05-07,19.03,19.004,19.3413,19.004,5701
2020-05-08,19.408,19.7488,19.769,19.408,8368
2020-05-11,19.66,19.5,19.66,19.31,7036
2020-05-12,19.67,19.1124,19.67,19.1124,4068
2020-05-13,18.73,18.46,18.745,18.3484,15582
2020-05-14,18.25,18.7,18.7,17.8825,12095
2020-05-15,18.5578,18.6383,18.6383,18.53,2483
2020-05-18,19.46,19.8494,19.86,19.46,8531
2020-05-19,19.79,19.5182,19.81,19.5182,3777
2020-05-20,19.86,19.8239,19.89,19.78,7924
2020-05-21,19.905,19.8148,19.905,19.78,2583
2020-05-22,19.77,19.8165,19.82,19.7098,6922
2020-05-26,20.34,20.5214,20.68,20.34,4950
2020-05-27,21.0,21.1096,21.1096,20.905,3262
2020-05-28,21.37,20.7753,21.37,20.7753,3942
2020-05-29,20.77,20.5674,20.77,20.35,4763
2020-06-01,20.66,20.794,20.835,20.6401,13047
2020-06-02,20.98,21.08,21.099,20.93,6562
2020-06-03,21.29,21.7232,21.81,21.29,10310
2020-06-04,21.76,22.0153,22.0153,21.5137,5769
2020-06-05,22.89,22.8142,23.18,22.7717,8882
2020-06-08,23.24,23.5602,23.59,23.185,11410
2020-06-09,23.1,22.9375,23.1,22.81,8335
2020-06-10,23.06,22.2955,23.06,22.27,4093
2020-06-11,21.51,20.5885,21.51,20.51,22454
2020-06-12,21.24,21.0798,21.36,20.71,6960
2020-06-15,20.52,21.1767,21.1767,20.35,2564
2020-06-16,21.99,21.6373,22.038,21.5701,12075
2020-06-17,21.94,21.3356,21.94,21.3004,5806
2020-06-18,21.17,21.38,21.47,21.17,6318
2020-06-19,21.85,21.1153,21.85,21.1153,1302
2020-06-22,23.4,21.0428,23.4,20.917,10338
2020-06-23,21.25,21.0295,21.25,21.0295,2153
2020-06-24,20.82,20.3492,20.82,20.25,27187
2020-06-25,20.2,20.4811,20.4811,20.2,6795
2020-06-26,20.33,20.0794,20.33,19.99,9528
2020-06-29,20.43,20.536,20.5498,20.22,2732
2020-06-30,20.64,20.775514,20.88,20.48,8836
2020-07-01,20.77,20.5756,20.875,20.535,4730
2020-07-02,20.8811,20.6456,20.8811,20.6456,8735
2020-07-06,21.07,20.8555,21.07,20.74,5830
2020-07-07,20.58,20.4904,20.63,20.46,3148
2020-07-08,20.47,20.4787,20.5554,20.32,2550
2020-07-09,20.205,19.9642,20.205,19.8534,5668
2020-07-10,20.32,20.49,20.52,20.32,5494
2020-07-13,20.63,20.5525,20.83,20.46,9001
2020-07-14,20.57,20.81,20.885,20.41,8895
2020-07-15,21.26,21.3013,21.3113,21.105,12083
2020-07-16,21.3,21.36,21.3925,21.19,10488
2020-07-17,21.51,21.4213,21.51,21.31,5240
2020-07-20,21.42,21.0439,21.42,21.01,7471
2020-07-21,21.32,21.35,21.516,21.32,6392
2020-07-22,21.2,21.5247,21.5247,21.2,8915
2020-07-23,21.505,21.5617,21.66,21.505,4271
2020-07-24,21.55,21.3713,21.55,21.36,6704
2020-07-27,21.45,21.4532,21.4532,21.235,1504
2020-07-28,21.51,21.3619,21.51,21.36,2152
2020-07-29,21.58,21.7884,21.7884,21.5684,7539
2020-07-30,21.44,21.3811,21.44,21.26,2745
2020-07-31,21.43,21.136714,21.43,21.039,33345
2020-08-03,21.22,21.18,21.22,21.0992,7897
2020-08-04,21.27,21.3282,21.3488,21.2,4666
2020-08-05,21.44,21.441,21.49,21.3863,1583
2020-08-06,21.53,21.4097,21.53,21.4001,3429
2020-08-07,21.47,21.6873,21.6873,21.288,3383
2020-08-10,21.8,22.1415,22.155,21.8,4861
2020-08-11,22.44,22.1628,22.64,22.1628,9473
2020-08-12,22.5,22.2549,22.5,22.17,3261
2020-08-13,22.13,22.04,22.18,22.0,9955
2020-08-14,21.97,22.2035,22.32,21.97,1204
2020-08-17,22.34,22.1566,22.34,22.13,7173
2020-08-18,22.159,22.0014,22.159,21.991,1106
2020-08-19,22.12,21.9482,22.15,21.9482,3955
2020-08-20,21.89,21.7965,21.89,21.7119,3406
2020-08-21,21.753,21.7561,21.7706,21.6749,7346
2020-08-24,22.03,22.28,22.28,21.8048,17107
2020-08-25,22.28,22.1025,22.28,22.0554,2976
2020-08-26,22.02,21.9567,22.02,21.8987,5572
2020-08-27,22.04,22.1052,22.16,22.04,6428
2020-08-28,22.22,22.2492,22.27,22.035,3970
2020-08-31,22.28,21.913488,22.28,22.0,5488
2020-09-01,21.97,21.8906,21.97,21.8287,2540
2020-09-02,22.15,22.3817,22.48,22.1499,7386
2020-09-03,22.5,22.0019,22.63,21.8931,6612
2020-09-04,22.19,22.1136,22.19,21.885,1669
2020-09-08,22.06,21.72,22.06,21.7134,4577
2020-09-09,21.84,21.92,22.07,21.84,4232
2020-09-10,22.05,21.59,22.0587,21.59,4761
2020-09-11,21.72,21.6906,21.72,21.52,4416
2020-09-14,21.91,22.0644,22.08,21.91,3453
2020-09-15,22.061,22.0389,22.17,22.0299,11035
2020-09-16,22.15,22.2342,22.35,22.15,2062
2020-09-17,22.175,22.1709,22.1805,22.1165,1223
2020-09-18,22.24,21.9254,22.24,21.9254,1210
2020-09-21,21.66,21.21,21.66,21.1,7143
2020-09-22,21.43,21.2467,21.43,21.18,5206
2020-09-23,21.28,20.7852,21.28,20.7852,2233
2020-09-24,20.8,20.8299,21.0167,20.5367,3343
2020-09-25,20.8,21.0839,21.0839,20.75,642
2020-09-28,21.29,21.48,21.59,21.29,17980
2020-09-29,21.397,21.3246,21.42,21.189,4119
2020-09-30,21.6,21.378773,21.62,21.4515,5173
2020-10-01,21.46,21.26,21.46,21.1801,6499
2020-10-02,21.14,21.5051,21.56,21.14,2775
2020-10-05,21.58,21.83,21.8601,21.58,5201
2020-10-06,21.89,21.7233,22.18,21.7233,3568
2020-10-07,22.015,22.124,22.124,21.94,2771
2020-10-08,22.325,22.4545,22.4545,22.29,2292
2020-10-09,22.52,22.28,22.5299,22.28,2170
2020-10-12,22.44,22.39,22.44,22.26,5858
2020-10-13,22.22,22.03,22.22,22.0,1681
2020-10-14,22.04,22.0738,22.165,22.04,4904
2020-10-15,21.9,22.24,22.24,21.84,4899
2020-10-16,22.27,22.2096,22.27,22.2096,646
2020-10-19,22.31,21.9147,22.31,21.9147,2328
2020-10-20,22.1679,22.0179,22.1679,22.0179,1858
2020-10-21,22.01,21.9,22.01,21.9,3866
2020-10-22,21.91,22.2865,22.2865,21.91,3751
2020-10-23,22.4099,22.3484,22.4099,22.3,1706
2020-10-26,22.13,21.83,22.13,21.64,2784
2020-10-27,21.59,21.4,21.59,21.4,1589
2020-10-28,21.0,20.748,21.0017,20.748,4377
2020-10-29,20.78,21.0918,21.0918,20.74,1558
2020-10-30,21.0,21.026589,21.0737,20.9899,6705
2020-11-02,21.33,21.6108,21.6665,21.33,1855
2020-11-03,21.75,22.1364,22.2179,21.75,12348
2020-11-04,22.01,21.6846,22.035,21.6846,8740
2020-11-05,21.74,22.1203,22.24,21.74,8049
2020-11-06,22.2,21.8849,22.24,21.8054,2524
2020-11-09,23.1,23.3039,23.94,23.1,20636
2020-11-10,23.35,23.6747,23.7,23.35,7162
2020-11-11,23.531,23.4591,23.531,23.38,4931
2020-11-12,23.35,22.9456,23.35,22.805,5848
2020-11-13,23.249,23.6019,23.6019,23.249,3317
2020-11-16,24.05,24.2078,24.2173,23.9698,5443
2020-11-17,23.98,24.1162,24.1873,23.825,7095
2020-11-18,24.1991,23.8233,24.1991,23.8233,1685
2020-11-19,23.8,23.8339,23.8339,23.59,11240
2020-11-20,23.85,23.8361,23.85,23.76,1927
2020-11-23,23.91,24.2996,24.37,23.91,8512
2020-11-24,24.6,24.9145,24.948,24.6,6291
2020-11-25,24.82,24.6171,24.82,24.56,9207
2020-11-27,24.73,24.5221,24.73,24.49,7167
2020-11-30,24.321,24.075784,24.3252,24.14,12727
2020-12-01,24.46,24.3543,24.515,24.351,6738
2020-12-02,24.5148,24.5672,24.5672,24.49,1794
2020-12-03,24.63,24.6315,24.805,24.5587,3926
2020-12-04,24.73,25.0919,25.0919,24.73,3487
2020-12-07,25.13,24.86,25.13,24.78,7470
2020-12-08,24.67,24.94,25.009,24.67,6074
2020-12-09,25.09,25.0169,25.12,24.94,12817
2020-12-10,24.93,24.88,24.93,24.84,1993
2020-12-11,24.67,24.77,24.845,24.57,10198
2020-12-14,25.09,24.48,25.09,24.48,8431
2020-12-15,24.68,24.8099,24.81,24.6,8253
2020-12-16,24.7823,24.7969,24.849,24.7823,2358
2020-12-17,24.69,24.8047,24.8248,24.69,4324
2020-12-18,24.91,24.7,24.91,24.6565,3595
2020-12-21,24.43,24.41,24.49,24.1752,6532
2020-12-22,24.46,24.3113,24.46,24.3113,4550
2020-12-23,24.44,24.5433,24.5601,24.44,1334
2020-12-24,24.5159,24.5231,24.5231,24.5159,1334
2020-12-28,24.68,24.557,24.8,24.557,4330
2020-12-29,24.5,24.337978,24.51,24.3628,6878
2020-12-30,24.5436,24.4611,24.5568,24.45,3016
2020-12-31,24.47,24.6597,24.6597,24.35,3160
2021-01-04,24.82,24.29,24.82,24.1597,7719
2021-01-05,24.3,24.4904,24.53,24.3,5163
2021-01-06,24.72,25.2972,25.3929,24.72,8140
2021-01-07,25.42,25.32,25.4899,25.32,2489
2021-01-08,25.52,25.29,25.52,25.271,2253
2021-01-11,25.17,25.39,25.4,25.17,3443
2021-01-12,25.43,25.73,25.73,25.39,7348
2021-01-13,25.73,25.7442,25.755,25.591,6089
2021-01-14,25.85,26.0457,26.162,25.79,16238
2021-01-15,25.8524,25.8806,25.8806,25.8524,1028
2021-01-19,25.93,25.75,25.93,25.73,9073
2021-01-20,25.77,25.82,25.82,25.73,2381
2021-01-21,25.765,25.8203,25.8414,25.765,1431
2021-01-22,25.61,25.794,25.794,25.4092,4240
2021-01-25,25.61,25.8412,25.9486,25.5985,3518
2021-01-26,25.98,26.07381,26.16,25.86,4738
2021-01-27,25.81,25.86,26.018,25.81,5338
2021-01-28,26.0,25.6761,26.0,25.6761,3022
2021-01-29,25.5,25.11,25.69,25.11,4480
2021-02-01,25.25,25.3203,25.3552,25.0101,6067
2021-02-02,25.45,25.4407,25.5766,25.4407,25907
2021-02-03,25.5,25.7481,25.7528,25.4643,4108
2021-02-04,25.84,26.0116,26.0346,25.84,1927
2021-02-05,26.23,26.1705,26.265,26.1705,1755
2021-02-08,26.37,26.59,26.59,26.37,2948
2021-02-09,26.75,26.7189,26.758,26.59,13845
2021-02-10,26.82,26.7437,26.91,26.71,4825
2021-02-11,26.71,26.6677,26.83,26.5119,7241
2021-02-12,26.6,26.8348,26.8348,26.6,6733
2021-02-16,26.99,26.85,26.99,26.85,6334
2021-02-17,26.91,26.96,26.96,26.79,9802
2021-02-18,26.92,26.7894,26.9414,26.749,7974
2021-02-19,26.96,27.1015,27.16,26.96,3006
2021-02-22,27.22,27.64,27.73,26.96,8435
2021-02-23,27.68,27.694118,27.7791,27.4363,7631
2021-02-24,27.78,28.19,28.23,27.78,4737
2021-02-25,28.03,27.61,28.29,27.61,13218
2021-02-26,27.69,27.366,27.69,27.13,13503
2021-03-01,27.74,27.8813,28.06,27.74,8863
2021-03-02,27.95,27.8875,28.03,27.879,5765
2021-03-03,28.11,28.2485,28.4566,27.95,29722
2021-03-04,28.36,27.8227,28.36,27.6146,18135
2021-03-05,28.33,28.5808,28.5808,27.745,6892
2021-03-08,28.92,29.36,29.4999,28.8,14119
2021-03-09,29.35,28.94,29.35,28.94,12062
2021-03-10,28.92,29.38,29.449,28.92,13187
2021-03-11,29.5,29.4095,29.669,29.389,16429
2021-03-12,29.6292,29.7979,29.7979,29.6292,6053
2021-03-15,30.09,29.96,30.09,29.65,7274
2021-03-16,30.07,29.5733,30.07,29.5422,9296
2021-03-17,29.49,29.6063,29.625,29.2645,6742
2021-03-18,29.69,29.53,29.98,29.53,7086
2021-03-19,29.59,29.4338,29.61,29.19,2796
2021-03-22,29.41,29.3484,29.41,29.15,6725
2021-03-23,29.1,28.58,29.1,28.58,10067
2021-03-24,28.85,28.4914,28.96,28.4914,13516
2021-03-25,28.5,29.0198,29.055,28.5,3580
2021-03-26,29.01,29.217367,29.3068,28.933,7906
2021-03-29,28.88,29.0271,29.3107,28.88,13771
2021-03-30,29.05,29.0957,29.17,29.05,2809
2021-03-31,29.18,28.98,29.18,28.9201,9774
2021-04-01,29.19,29.1703,29.19,28.892,15877
2021-04-05,30.0,29.3319,30.0,29.22,15347
2021-04-06,29.41,29.34,29.425,29.28,21579
2021-04-07,29.51,29.35,29.51,29.27,2625
2021-04-08,29.52,29.2306,29.52,29.1513,2571
2021-04-09,29.51,29.3571,29.51,29.22,6833
2021-04-12,29.4,29.48,29.5,29.39,10765
2021-04-13,29.43,29.29,29.43,29.173,9983
2021-04-14,29.5,29.4837,29.69,29.48,16010
2021-04-15,29.81,29.6,29.81,29.431,11610
2021-04-16,29.76,29.7634,29.835,29.68,3624
2021-04-19,29.7,29.6395,29.749,29.6299,5230
2021-04-20,29.9,29.4279,29.9,29.329,24421
2021-04-21,29.9,29.8941,29.939,29.62,7473
2021-04-22,29.99,29.5681,29.99,29.5681,6740
2021-04-23,29.78,29.8814,29.8814,29.695,3741
2021-04-26,29.87,29.95,30.0992,29.87,10942
2021-04-27,30.2,29.944009,30.2,29.91,6801
2021-04-28,29.94,30.05,30.17,29.87,7940
2021-04-29,31.17,30.3325,31.17,30.2201,10408
2021-04-30,29.93,30.07,30.25,29.93,10369
2021-05-03,30.41,30.5009,30.7,30.3,9299
2021-05-04,30.36,30.66,30.66,30.36,15347
2021-05-05,30.86,30.81,30.81,30.51,5108
2021-05-06,30.95,31.1125,31.1125,30.79,4778
2021-05-07,30.99,31.45,31.5,30.99,6428
2021-05-10,31.66,31.6237,31.96,31.6237,21472
2021-05-11,31.27,31.12,31.27,31.0,14568
2021-05-12,31.235,30.4986,31.235,30.47,4691
2021-05-13,30.639,31.0119,31.065,30.639,26309
2021-05-14,31.28,31.4661,31.5,31.209,22365
2021-05-17,31.96,31.7124,31.96,31.42,9590
2021-05-18,31.72,31.35,31.72,31.35,7195
2021-05-19,31.12,31.09,31.12,30.54,9551
2021-05-20,31.029,31.15,31.15,31.0217,5575
2021-05-21,31.38,31.2634,31.38,31.17,1895
2021-05-24,31.51,31.41,32.37,31.3101,12721
2021-05-25,31.63,30.827667,31.63,30.9,15169
2021-05-26,31.85,30.9596,31.85,30.755,5353
2021-05-27,31.15,31.135,31.31,31.1,44670
2021-05-28,31.42,31.0945,31.42,31.0,4507
2021-06-01,31.32,31.5288,31.5288,31.311,13651
2021-06-02,31.79,31.6148,31.79,31.41,23923
2021-06-03,31.55,31.72,31.72,31.489,11528
2021-06-04,31.88,31.74,31.88,31.557,15588
2021-06-07,31.85,31.719,31.85,31.651,3163
2021-06-08,31.55,31.8134,31.849,31.52,17246
2021-06-09,32.02,31.67,32.02,31.65,14575
2021-06-10,31.73,31.5128,31.749,31.5128,6891
2021-06-11,31.77,31.6213,31.77,31.54,6388
2021-06-14,32.24,31.2366,32.24,31.189,8882
2021-06-15,31.35,31.2801,31.35,31.19,3855
2021-06-16,31.04,30.9623,31.15,30.91,12823
2021-06-17,30.729,30.2661,30.729,29.97,26037
2021-06-18,30.06,29.64,30.06,29.64,9243
2021-06-21,29.9,30.3114,30.3449,29.9,4771
2021-06-22,30.4,30.2057,30.4,30.1646,8780
2021-06-23,30.25,30.1047,30.25,30.1047,14359
2021-06-24,30.16,30.2982,30.3296,30.141,7680
2021-06-25,30.37,30.471626,30.58,30.37,13791
2021-06-28,30.65,30.1508,30.65,30.1508,2663
2021-06-29,30.32,30.08,30.35,30.0612,59906
2021-06-30,30.01,30.27,30.27,30.01,5472
2021-07-01,30.49,30.49,30.59,30.42,5989
2021-07-02,30.5,30.43,30.5,30.34,2860
2021-07-06,30.47,29.8534,30.47,29.66,8167
2021-07-07,29.89,29.99,29.9979,29.779,6350
2021-07-08,29.68,29.65,29.795,29.41,15889
2021-07-09,30.155,30.2154,30.218,30.06,5055
2021-07-12,30.24,30.28,30.29,30.0211,12917
2021-07-13,30.22,29.81,30.22,29.81,8635
2021-07-14,29.95,29.9,30.02,29.84,23109
2021-07-15,29.84,29.7522,29.84,29.7334,8735
2021-07-16,29.79,29.3859,29.79,29.3859,16186
2021-07-19,29.01,28.6759,29.01,28.485,12228
2021-07-20,28.74,29.23,29.3,28.74,7315
2021-07-21,29.56,29.6087,29.73,29.559,5271
2021-07-22,29.8,29.3156,29.8,29.2897,4568
2021-07-23,29.65,29.58,29.65,29.4313,3594
2021-07-26,29.74,29.8558,29.9,29.74,6237
2021-07-27,29.8,29.799483,29.885,29.539,5537
2021-07-28,29.9,29.82,29.95,29.69,4673
2021-07-29,30.04,30.0357,30.15,29.9791,8688
2021-07-30,30.1179,29.7672,30.1179,29.7672,9081
2021-08-02,29.87,29.74,30.16,29.74,11345
2021-08-03,29.76,29.9569,29.9569,29.51,4481
2021-08-04,29.76,29.5195,29.76,29.5,23870
2021-08-05,29.69,29.79,29.79,29.69,7793
2021-08-06,30.02,30.04,30.04,30.01,889
2021-08-09,30.11,30.0,30.11,29.8797,3920
2021-08-10,30.0,30.2349,30.3099,30.0,5569
2021-08-11,30.26,30.5662,30.57,30.26,1984
2021-08-12,30.603,30.5255,30.603,30.451,10970
2021-08-13,30.51,30.46,30.575,30.45,4600
2021-08-16,30.46,30.3989,30.46,30.249,13431
2021-08-17,30.22,30.15,30.22,29.96,2025
2021-08-18,30.1,29.8,30.15,29.8,4036
2021-08-19,29.53,29.4526,29.665,29.429,5291
2021-08-20,29.49,29.7275,29.78,29.49,4949
2021-08-23,29.99,29.98,30.001,29.8601,5153
2021-08-24,30.0,30.0769,30.1255,29.99,9281
2021-08-25,30.16,30.2891,30.3476,30.16,924
2021-08-26,30.31,29.867985,30.31,29.95,2894
2021-08-27,30.04,30.2644,30.35,30.04,1144
2021-08-30,30.37,30.1288,30.37,30.12,9807
2021-08-31,30.115,30.285,30.33,30.115,2046
2021-09-01,30.45,30.1722,30.45,30.11,11435
2021-09-02,30.3,30.5,30.5,30.2917,4896
2021-09-03,30.55,30.38,30.55,30.305,4745
2021-09-07,30.43,30.02,30.43,30.02,7289
2021-09-08,30.14,29.9985,30.14,29.97,8589
2021-09-09,30.01,29.9119,30.04,29.86,20330
2021-09-10,30.04,29.6127,30.04,29.6127,8911
2021-09-13,29.75,29.94,29.978,29.75,12763
2021-09-14,30.06,29.66,30.06,29.561,2775
2021-09-15,29.75,30.12,30.12,29.75,11439
2021-09-16,30.2,29.95,30.2,29.85,2934
2021-09-17,29.79,29.7091,29.79,29.6914,1973
2021-09-20,29.33,29.24,29.33,28.9042,5560
2021-09-21,29.3975,29.1018,29.3975,29.1018,1095
2021-09-22,29.4,29.3845,29.54,29.3845,6045
2021-09-23,29.57,29.77,29.9488,29.57,915
2021-09-24,29.74,29.887,30.0,29.74,3486
2021-09-27,30.0,30.2509,30.3942,30.0,15946
2021-09-28,30.29,30.064,30.52,30.064,11194
2021-09-29,30.18,30.1659,30.349,30.16,3724
2021-09-30,30.21,29.6202,30.21,29.62,5265
2021-10-01,29.8,30.01,30.11,29.548,5142
2021-10-04,30.01,30.0704,30.1,29.9,28382
2021-10-05,30.05,30.05,30.28,30.05,12438
2021-10-06,29.91,30.0,30.0,29.5431,9192
2021-10-07,30.19,30.21,30.43,30.19,4725
2021-10-08,30.36,30.25,30.42,30.221,4481
2021-10-11,30.3,30.1541,30.41,30.1541,9034
2021-10-12,30.15,30.06,30.215,30.06,3677
2021-10-13,30.09,30.1472,30.2,29.82,7066
2021-10-14,30.3775,30.5849,30.5849,30.3775,6838
2021-10-15,30.799,30.6244,30.88,30.6244,14085
2021-10-18,30.63,30.535,30.63,30.53,5089
2021-10-19,30.51,30.5897,30.62,30.5,14938
2021-10-20,30.66,30.9071,30.93,30.66,4219
2021-10-21,30.63,30.6158,30.63,30.5099,5215
2021-10-22,30.76,30.7138,30.89,30.62,14245
2021-10-25,30.87,30.7513,30.87,30.7513,3339
2021-10-26,30.73,30.500984,30.73,30.56,3636
2021-10-27,30.49,30.0,30.49,30.0,14419
2021-10-28,30.029,30.1243,30.1243,30.0,13187
2021-10-29,30.13,29.87,30.17,29.87,5149
2021-11-01,29.98,30.26,30.319,29.98,6855
2021-11-02,30.44,30.25,30.44,30.16,10840
2021-11-03,30.5225,30.67,30.67,30.475,7858
2021-11-04,30.64,30.2927,30.64,30.28,3544
2021-11-05,30.81,30.6729,30.81,30.66,3565
2021-11-08,30.8,30.69,30.8,30.63,1843
2021-11-09,30.61,30.67,30.67,30.56,10823
2021-11-10,30.68,30.6111,30.84,30.6111,2172
2021-11-11,30.6703,30.8,30.8243,30.6632,5317
2021-11-12,30.76,30.72,30.8,30.72,3801
2021-11-15,30.82,30.94,30.94,30.82,3469
2021-11-16,30.9,30.68,30.9,30.68,7767
2021-11-17,30.61,30.5385,30.6499,30.49,4810
2021-11-18,30.267,30.3526,30.39,30.267,2122
2021-11-19,30.14,29.95,30.14,29.94,7077
2021-11-22,30.12,30.34,30.48,30.12,8613
2021-11-23,30.56,30.5467,30.56,30.525,1379
2021-11-24,30.54,30.4305,30.575,30.5,4508
2021-11-26,29.7,29.7186,29.7186,29.48,2012
2021-11-29,29.72,29.7211,29.88,29.5283,12310
2021-11-30,29.42,28.9048,29.42,28.8701,12196
2021-12-01,29.59,28.63,29.59,28.58,24443
2021-12-02,28.67,29.2875,29.51,28.67,5433
2021-12-03,29.5404,29.3911,29.5404,29.161,8238
2021-12-06,29.7292,29.832,30.08,29.7292,3870
2021-12-07,30.31,30.1076,30.31,29.9602,10113
2021-12-08,30.38,30.2256,30.38,30.1903,4592
2021-12-09,30.08,30.0529,30.1,30.02,6310
2021-12-10,30.25,30.2081,30.25,30.09,2508
2021-12-13,29.9881,30.02,30.11,29.9881,1572
2021-12-14,30.13,29.9636,30.13,29.9636,5538
2021-12-15,30.06,30.1986,30.1986,29.82,3467
2021-12-16,30.595,30.5195,30.77,30.4614,3756
2021-12-17,30.15,30.1754,30.42,30.15,2696
2021-12-20,29.82,29.6628,29.82,29.37,14688
2021-12-21,29.84,30.22,30.288,29.84,6727
2021-12-22,30.15,30.385,30.415,30.1395,8271
2021-12-23,30.44,30.55,30.63,30.44,5492
2021-12-27,30.59,30.9141,30.9141,30.54,16018
2021-12-28,31.075,30.913271,31.08,31.0,1743
2021-12-29,31.0,31.015,31.015,30.93,12793
2021-12-30,30.98,30.91,31.01,30.91,1064
2021-12-31,30.85,30.9319,31.04,30.85,3927
2022-01-03,31.15,31.227,31.23,31.0762,8912
2022-01-04,31.35,31.8569,31.97,31.35,4667
2022-01-05,31.91,31.6872,32.19,31.6872,16076
2022-01-06,31.75,31.8131,31.93,31.7,6737
2022-01-07,31.81,32.0966,32.1401,31.81,28697
2022-01-10,32.12,32.0154,32.12,31.805,10007
2022-01-11,32.15,32.16,32.2,31.855,21734
2022-01-12,32.191,32.2442,32.2442,32.129,12602
2022-01-13,32.28,32.2449,32.57,32.2449,4479
2022-01-14,32.19,32.43,32.44,32.07,9159
2022-01-18,32.45,32.1,32.45,31.911,17491
2022-01-19,32.1584,31.6612,32.1584,31.6612,1821
2022-01-20,31.61,31.1315,31.87,31.1315,9366
2022-01-21,31.05,30.77,31.05,30.77,33508
2022-01-24,30.39,31.0,31.0,29.98,18312
2022-01-25,30.5284,31.0594,31.15,30.49,4277
2022-01-26,31.38,30.992941,31.55,30.688,12212
2022-01-27,31.1594,30.7105,31.4099,30.68,8672
2022-01-28,30.92,31.16,31.16,30.46,34782
2022-01-31,31.21,31.3,31.3,30.82,9589
2022-02-01,31.3,31.6053,31.61,31.1967,34075
2022-02-02,31.64,31.7423,31.7423,31.441,5792
2022-02-03,31.79,31.4845,31.8,31.478,16053
2022-02-04,31.381,31.3799,31.505,31.07,6095
2022-02-07,31.41,31.4136,31.63,31.2809,10031
2022-02-08,31.53,31.5943,31.6,31.51,3884
2022-02-09,31.94,32.17,32.17,31.925,9090
2022-02-10,31.82,31.514,32.69,31.46,16139
2022-02-11,31.7798,31.5341,31.84,31.4543,3910
2022-02-14,31.69,31.204,31.69,31.0,4963
2022-02-15,31.45,31.5726,31.669,31.45,2281
2022-02-16,31.78,31.7953,31.8362,31.59,6896
2022-02-17,31.69,31.5157,31.7,31.48,4260
2022-02-18,31.3535,31.3634,31.49,31.2992,7097
2022-02-22,31.36,31.1077,31.43,30.969,31016
2022-02-23,31.36,30.791625,31.36,30.8874,4054
2022-02-24,30.49,30.5706,30.5706,29.9,30359
2022-02-25,30.75,31.4416,31.5392,30.75,11803
2022-02-28,31.27,31.1966,31.32,30.8772,15856
2022-03-01,31.22,30.617,31.22,30.441,13417
2022-03-02,30.96,31.4488,31.56,30.96,6432
2022-03-03,31.54,31.515,31.65,31.3201,14060
2022-03-04,31.54,31.424,31.54,31.07,8272
2022-03-07,31.25,30.9932,31.36,30.969,9993
2022-03-08,31.16,30.8068,31.41,30.8068,23339
2022-03-09,31.05,31.0837,31.32,31.05,5846
2022-03-10,31.06,30.976,31.06,30.7282,11120
2022-03-11,31.18,30.7895,31.18,30.7895,5539
2022-03-14,30.78,30.64,30.9,30.48,18300
2022-03-15,30.51,30.7261,30.7261,30.51,1881
2022-03-16,30.92,30.9937,31.02,30.78,14963
2022-03-17,30.87,31.2825,31.3,30.87,5424
2022-03-18,31.35,31.4245,31.425,31.175,4655
2022-03-21,31.36,31.5079,31.74,31.36,9933
2022-03-22,31.5801,31.7029,31.77,31.5801,8588
2022-03-23,31.76,31.5022,31.76,31.5022,20337
2022-03-24,31.76,31.73,31.774,31.6101,18741
2022-03-25,32.0447,32.2,32.2,32.0283,1564
2022-03-28,32.18,31.871633,32.18,31.83,2647
2022-03-29,32.015,32.2933,32.3,31.96,6168
2022-03-30,32.45,32.1554,32.45,32.0925,6121
2022-03-31,32.19,31.7016,32.19,31.7016,8520
2022-04-01,31.87,31.7362,31.87,31.46,3292
2022-04-04,31.83,31.82,31.83,31.425,13392
2022-04-05,31.8,31.4409,31.8,31.4409,6630
2022-04-06,31.4,31.56,31.585,31.3501,11785
2022-04-07,31.7,31.6342,31.7,31.299,1919
2022-04-08,31.82,31.85,31.98,31.645,9885
2022-04-11,31.94,31.6885,32.01,31.6885,14100
2022-04-12,31.73,31.76,32.039,31.715,14107
2022-04-13,31.64,31.9355,31.95,31.64,3753
2022-04-14,32.0809,32.0257,32.26,32.02,21984
2022-04-18,32.03,32.0397,32.18,32.02,9406
2022-04-19,32.22,32.4889,32.4889,32.22,4585
2022-04-20,32.82,32.8539,33.0081,32.809,4931
2022-04-21,33.39,32.5872,33.39,32.5872,8271
2022-04-22,32.2558,31.753,32.2932,31.753,7619
2022-04-25,31.51,31.679,31.679,30.86,12246
2022-04-26,31.65,31.203924,31.73,31.29,4809
2022-04-27,31.15,31.2294,31.4282,31.15,6634
2022-04-28,31.51,31.5052,31.63,31.16,6072
2022-04-29,31.43,30.6721,31.43,30.6721,9269
2022-05-02,30.95,30.81,30.95,30.29,20074
2022-05-03,30.75,31.2167,31.29,30.75,14088
2022-05-04,31.248,32.0599,32.0599,31.248,5971
2022-05-05,31.83,31.4912,31.95,31.349,10019
2022-05-06,31.46,31.562,31.6399,31.2,62667
2022-05-09,31.19,31.028,31.36,31.028,10875
2022-05-10,31.33,30.76,31.33,30.36,18966
2022-05-11,30.67,30.46,31.21,30.46,9334
2022-05-12,30.57,30.7,30.799,30.255,55177
2022-05-13,30.96,31.12,31.155,30.85,13776
2022-05-16,31.14,31.34,31.5193,31.02,17235
2022-05-17,31.52,32.0,32.0,31.51,19220
2022-05-18,31.62,30.9816,31.7,30.965,18498
2022-05-19,30.86,30.6361,30.86,30.47,14666
2022-05-20,30.7523,30.55,30.76,29.925,15642
2022-05-23,30.69,30.8435,31.1,30.6094,7210
2022-05-24,30.72,30.91,31.01,30.35,4952
2022-05-25,31.08,31.329786,31.51,31.08,8748
2022-05-26,31.61,31.73,31.82,31.61,16953
2022-05-27,31.885,32.17,32.17,31.885,10531
2022-05-31,32.14,31.9332,32.17,31.905,16585
2022-06-01,32.15,31.795,32.15,31.51,10929
2022-06-02,31.85,31.92,31.92,31.4596,11417
2022-06-03,31.88,31.6351,31.88,31.62,10178
2022-06-06,31.89,31.72,31.89,31.6627,17069
2022-06-07,31.59,32.0655,32.079,31.59,20813
2022-06-08,31.86,31.603,31.96,31.603,8636
2022-06-09,31.74,30.9861,31.74,30.9861,19597
2022-06-10,30.64,30.3419,30.64,30.325,20375
2022-06-13,29.8,29.09,29.8,29.09,14199
2022-06-14,29.2126,28.932,29.2126,28.791,6432
2022-06-15,29.1,29.0684,29.28,28.72,6226
2022-06-16,28.22,28.1074,28.3125,28.06,26296
2022-06-17,28.1,28.1099,28.3,27.8511,3630
2022-06-21,28.38,28.7149,28.7699,28.38,3621
2022-06-22,28.4499,28.525,28.72,28.4499,4275
2022-06-23,28.76,28.6036,28.76,28.3143,8704
2022-06-24,28.78,29.3032,29.315,28.78,5129
2022-06-27,29.375,29.298191,29.449,29.3501,1754
2022-06-28,29.43,29.1446,29.69,29.13,11278
2022-06-29,29.02,28.873,29.02,28.755,4205
2022-06-30,28.57,28.5229,28.87,28.5132,3524
2022-07-01,28.77,28.94,28.94,28.35,3933
2022-07-05,28.76,28.56,28.76,28.01,7359
2022-07-06,28.42,28.38,28.5201,28.13,5864
2022-07-07,28.685,28.7561,28.83,28.685,4472
2022-07-08,28.75,28.6806,28.8,28.6806,1297
2022-07-11,28.4799,28.5071,28.625,28.421,5882
2022-07-12,28.35,28.55,28.71,28.35,1972
2022-07-13,28.3787,28.3,28.3787,28.3,1038
2022-07-14,27.85,27.9374,27.9374,27.66,6360
2022-07-15,28.24,28.2964,28.3,28.19,8531
2022-07-18,28.5,28.33,28.64,28.289,16006
2022-07-19,28.55,28.8499,28.86,28.55,12727
2022-07-20,28.93,28.94,28.99,28.805,6081
2022-07-21,28.73,28.8377,28.85,28.641,5863
2022-07-22,28.809,28.6855,28.81,28.55,4522
2022-07-25,28.834,28.8828,28.9236,28.775,11430
2022-07-26,28.83,28.712448,28.9442,28.7989,6979
2022-07-27,28.71,29.0278,29.0999,28.68,5041
2022-07-28,29.09,29.31,29.31,29.025,7658
2022-07-29,29.37,29.4708,29.51,29.35,8600
2022-08-01,29.4,29.4845,29.52,29.295,5053
2022-08-02,29.25,29.1732,29.42,29.1732,4861
2022-08-03,29.37,29.354,29.419,29.23,4020
2022-08-04,29.121,29.0783,29.195,29.0783,2413
2022-08-05,28.9587,29.066,29.109,28.9587,14315
2022-08-08,29.18,29.24,29.515,29.18,5757
2022-08-09,29.22,29.2444,29.2638,29.17,13765
2022-08-10,29.82,29.75,29.82,29.72,7742
2022-08-11,30.29,30.23,30.379,30.01,17713
2022-08-12,30.47,30.553,30.5582,30.325,10552
2022-08-15,30.36,30.5265,30.56,30.3331,8369
2022-08-16,30.66,30.7639,30.9194,30.62,5645
2022-08-17,30.5197,30.5343,30.7,30.34,16527
2022-08-18,30.51,30.5788,30.6199,30.45,7552
2022-08-19,30.31,30.35,30.399,30.265,4931
2022-08-22,29.8687,29.666,29.8687,29.635,9192
2022-08-23,29.885,29.791,29.9199,29.7522,6422
2022-08-24,29.7399,29.7878,29.7878,29.705,2617
2022-08-25,29.91,30.1714,30.1714,29.895,8538
2022-08-26,30.12,29.280176,30.12,29.3748,1806
2022-08-29,29.27,29.16,29.35,29.01,11158
2022-08-30,29.099,28.7635,29.099,28.7635,10878
2022-08-31,28.88,28.52,28.88,28.52,5059
2022-09-01,28.54,28.4139,28.54,28.1983,13233
2022-09-02,28.6796,28.2582,28.89,28.21,2024
2022-09-06,28.6,28.1149,28.6,28.031,6845
2022-09-07,28.14,28.5696,28.619,28.1198,12613
2022-09-08,28.58,28.7238,28.73,28.58,4560
2022-09-09,28.89,29.11,29.2197,28.89,5384
2022-09-12,29.27,29.5055,29.54,29.27,2834
2022-09-13,29.02,28.3689,29.06,28.2979,7798
2022-09-14,28.54,28.29,28.54,28.15,23012
2022-09-15,28.23,28.1,28.39,28.0248,19731
2022-09-16,27.73,27.85,27.85,27.601,9926
2022-09-19,27.54,28.08,28.08,27.54,7267
2022-09-20,28.02,27.57,28.02,27.3904,26493
2022-09-21,27.765,27.2099,27.83,27.2099,5064
2022-09-22,27.42,26.94,27.42,26.91,7975
2022-09-23,26.53,26.2496,26.53,25.97,4958
2022-09-26,26.16,25.75,26.2589,25.735,15631
2022-09-27,25.99,25.658776,26.16,25.69,5076
2022-09-28,25.76,26.3,26.33,25.76,55982
2022-09-29,25.73,25.6962,25.9,25.56,7124
2022-09-30,25.73,25.4161,25.92,25.4161,3444
2022-10-03,25.83,26.1181,26.1181,25.817,5388
2022-10-04,26.76,27.0384,27.0384,26.76,8319
2022-10-05,26.68,26.9316,27.05,26.68,3684
2022-10-06,26.78,26.6098,26.78,26.55,3483
2022-10-07,26.5,26.1,26.5,26.0604,6950
2022-10-10,26.11,25.964,26.25,25.855,3211
2022-10-11,25.9,26.0212,26.26,25.889,2194
2022-10-12,26.07,25.98,26.0946,25.98,6471
2022-10-13,25.5,26.7301,26.75,25.48,4144
2022-10-14,26.86,26.2757,26.9,26.2757,2429
2022-10-17,26.58,26.6674,26.7233,26.58,3758
2022-10-18,27.01,27.0318,27.29,26.95,6471
2022-10-19,26.97,26.85,26.97,26.68,4188
2022-10-20,26.8,26.6015,27.07,26.5691,5402
2022-10-21,26.77,27.2324,27.2324,26.77,15845
2022-10-24,27.4,27.4939,27.4939,27.325,3409
2022-10-25,27.72,27.9719,28.0,27.72,11799
2022-10-26,28.185,27.931953,28.185,27.95,2665
2022-10-27,28.14,28.01,28.319,27.99,22321
2022-10-28,28.12,28.5588,28.5588,28.12,3681
2022-10-31,28.3899,28.4634,28.54,28.3899,3251
2022-11-01,28.73,28.67,28.73,28.5088,4201
2022-11-02,28.48,28.1082,28.819,28.04,8888
2022-11-03,27.87,27.9557,28.0984,27.765,6119
2022-11-04,28.41,28.4725,28.585,28.18,1092
2022-11-07,28.54,28.7489,28.7489,28.54,2641
2022-11-08,28.8197,28.9324,29.1199,28.8197,10018
2022-11-09,28.74,28.27,28.74,28.27,8867
2022-11-10,28.95,29.4388,29.4388,28.95,4813
2022-11-11,29.674,29.9083,29.9701,29.674,3714
2022-11-14,30.05,29.6465,30.1097,29.6465,16674
2022-11-15,30.06,29.82,30.06,29.61,6355
2022-11-16,29.74,29.4,29.74,29.31,11377
2022-11-17,29.52,29.55,29.55,29.06,7847
2022-11-18,29.7199,29.6767,29.72,29.515,8319
2022-11-21,29.55,29.7432,29.75,29.51,56483
2022-11-22,30.1925,30.265,30.265,30.1311,5248
2022-11-23,30.255,30.2779,30.2779,30.2372,1994
2022-11-25,30.3622,30.267355,30.3622,30.3622,124
2022-11-28,29.955,29.81,29.955,29.76,2651
2022-11-29,29.95,30.0,30.0,29.86,15529
2022-11-30,30.12,30.4267,30.4449,29.76,16304
2022-12-01,30.58,30.55,30.6568,30.43,12151
2022-12-02,30.34,30.51,30.51,30.29,9439
2022-12-05,30.26,29.8635,30.26,29.82,4053
2022-12-06,29.84,29.4946,29.84,29.36,3261
2022-12-07,29.4,29.41,29.5708,29.39,51520
2022-12-08,29.59,29.5096,29.7199,29.495,7852
2022-12-09,29.5699,29.33,29.57,29.33,4574
2022-12-12,29.5,29.8335,29.85,29.5,9240
2022-12-13,30.37,30.0447,30.43,29.89,10390
2022-12-14,29.99,29.86,30.26,29.8,10311
2022-12-15,29.555,29.3359,29.555,29.2262,9963
2022-12-16,28.96,29.0202,29.03,28.765,21414
2022-12-19,29.03,28.7874,29.12,28.65,5012
2022-12-20,28.69,28.8536,28.9488,28.69,4248
2022-12-21,29.18,29.1537,29.25,29.1,3022
2022-12-22,29.09,28.92,29.09,28.5,62921
2022-12-23,29.08,29.2257,29.24,29.08,28529
2022-12-27,29.26,29.3942,29.4432,29.26,8323
2022-12-28,29.34,28.841772,29.34,28.975,5000
2022-12-29,28.92,29.19,29.3,28.92,4776
2022-12-30,29.19,29.1451,29.19,28.94,16619
2023-01-03,29.27,29.22,29.33,29.075,7088
2023-01-04,29.38,29.6134,29.755,29.38,36730
2023-01-05,29.3883,29.5246,29.525,29.3501,7933
2023-01-06,29.73,30.17,30.17,29.73,6061
2023-01-09,30.15,29.9747,30.319,29.9747,4331
2023-01-10,30.02,30.21,30.21,29.94,73663
2023-01-11,30.47,30.42,30.47,30.1856,10359
2023-01-12,30.54,30.5051,30.66,30.44,4112
2023-01-13,30.31,30.4759,30.4759,30.2715,13732
2023-01-17,30.54,30.33,30.54,30.3025,7994
2023-01-18,30.36,29.7777,30.36,29.7777,2441
2023-01-19,29.74,29.5853,29.74,29.41,8018
2023-01-20,29.76,29.9694,29.9694,29.6299,6009
2023-01-23,30.0,30.2735,30.405,30.0,6268
2023-01-24,30.09,30.18,30.288,30.09,9904
2023-01-25,30.001,30.1862,30.22,29.98,11014
2023-01-26,30.38,30.406,30.406,30.2,1303
2023-01-27,30.44,30.343362,30.57,30.3272,3507
2023-01-30,30.3892,30.0477,30.4,30.0401,13623
2023-01-31,30.19,30.535,30.535,30.19,1099
2023-02-01,30.57,30.63,30.63,30.22,10675
2023-02-02,30.87,30.968,31.079,30.6768,10387
2023-02-03,30.97,30.7,30.97,30.6479,9825
2023-02-06,30.47,30.4074,30.47,30.19,9277
2023-02-07,30.5,30.54,30.62,30.19,15061
2023-02-08,30.58,30.2826,30.58,30.26,36696
2023-02-09,30.49,30.0385,30.4999,30.029,16752
2023-02-10,30.25,30.37,30.37,30.09,12135
2023-02-13,30.32,30.6951,30.7071,30.32,5051
2023-02-14,30.55,30.5866,30.7,30.51,6940
2023-02-15,30.4,30.5445,30.55,30.33,6342
2023-02-16,30.2397,30.2188,30.4499,30.1826,8320
2023-02-17,30.0,30.092,30.13,29.95,2665
2023-02-21,29.9,29.45,29.9,29.4399,5721
2023-02-22,29.51,29.44,29.6,29.345,11311
2023-02-23,29.57,29.445455,29.61,29.25,5987
2023-02-24,29.15,29.3027,29.3027,29.06,4249
2023-02-27,29.5,29.2511,29.64,29.2202,4585
2023-02-28,29.35,29.15,29.37,29.1435,7387
2023-03-01,29.21,29.1322,29.215,29.05,43670
2023-03-02,29.05,29.1951,29.1951,28.96,2655
2023-03-03,29.3,29.4829,29.5101,29.18,6420
2023-03-06,29.5,29.36,29.5482,29.3,5108
2023-03-07,29.24,28.8566,29.24,28.815,5395
2023-03-08,28.91,28.88,28.91,28.65,3809
2023-03-09,28.92,28.26,28.92,28.26,3044
2023-03-10,28.3,27.7187,28.3,27.63,10802
2023-03-13,27.26,27.18,27.5,27.0801,7257
2023-03-14,27.635,27.3989,27.711,27.2699,16748
2023-03-15,26.9,26.98,26.9827,26.753,3256
2023-03-16,26.7,27.2146,27.218,26.5801,7708
2023-03-17,27.04,26.6735,27.05,26.5859,4309
2023-03-20,27.1399,27.1462,27.29,27.0501,9421
2023-03-21,27.55,27.5308,27.555,27.41,6236
2023-03-22,27.49,26.8867,27.56,26.8867,12183
2023-03-23,26.95,26.6782,27.1299,26.54,12934
2023-03-24,26.51,26.9,26.9,26.44,21830
2023-03-27,27.16,27.131,27.26,27.131,2072
2023-03-28,27.07,27.2266,27.385,27.07,9027
2023-03-29,27.495,27.6424,27.6424,27.495,4659
2023-03-30,27.8,27.77,27.899,27.6901,3451
2023-03-31,27.97,28.2056,28.2056,27.955,4019
2023-04-03,28.28,28.3482,28.439,28.28,1858
2023-04-04,28.39,28.0156,28.39,27.92,2864
2023-04-05,27.91,28.09,28.09,27.91,1949
2023-04-06,28.09,28.03,28.09,28.0275,3551
2023-04-10,27.99,28.3,28.3,27.99,1699
2023-04-11,28.27,28.44,28.58,28.27,2876
2023-04-12,28.6,28.2704,28.6,28.2704,1995
2023-04-13,28.1579,28.418,28.4647,28.1579,4019
2023-04-14,28.41,28.3,28.48,28.211,8502
2023-04-17,28.22,28.47,28.47,28.22,5362
2023-04-18,28.48,28.5346,28.5346,28.42,13316
2023-04-19,28.47,28.4007,28.47,28.24,2184
2023-04-20,28.1,28.0291,28.2,27.99,7017
2023-04-21,27.99,28.0141,28.08,27.9,66936
2023-04-24,27.97,28.04,28.0528,27.945,11396
2023-04-25,27.9185,27.4852,27.9185,27.57,2269
2023-04-26,27.46,27.24,27.48,27.165,5429
2023-04-27,27.25,27.5633,27.5633,27.23,3817
2023-04-28,27.57,27.9,27.93,27.57,2177
2023-05-01,27.91,27.86,27.98,27.86,3033
2023-05-02,27.6902,27.3437,27.6902,27.15,2705
2023-05-03,27.28,27.0266,27.428,27.0266,10390
2023-05-04,26.97,26.7333,26.97,26.6301,13227
