2021-09-29,24.94,24.8797,24.9482,24.8797,168876
2021-09-30,24.9,24.865,24.9,24.865,161242
2021-10-01,24.92,24.9522,24.9522,24.9199,3920
2021-10-04,24.92,24.9223,24.93,24.92,80641
2021-10-05,24.8899,24.85,24.89,24.85,2300
2021-10-06,24.87,24.8751,24.88,24.85,3920
2021-10-07,24.84,24.79,24.84,24.79,21554
2021-10-08,24.78,24.726,24.78,24.726,2084
2021-10-11,24.7152,24.6842,24.7152,24.6842,1000
2021-10-12,24.7909,24.7909,24.7909,24.7909,2
2021-10-13,24.9099,24.8966,24.9099,24.89,20150
2021-10-14,24.94,24.9626,24.9626,24.94,518
2021-10-15,24.9,24.9081,24.92,24.9,1700
2021-10-18,24.91,24.91,24.91,24.91,100
2021-10-19,24.8199,24.8199,24.8199,24.8199,0
2021-10-20,24.78,24.78,24.78,24.78,209
2021-10-21,24.7652,24.75,24.7652,24.75,500
2021-10-22,24.8028,24.8161,24.8161,24.7901,3917
2021-10-25,24.844,24.8398,24.844,24.8398,752
2021-10-26,24.85,24.8996,24.8996,24.85,1001
2021-10-27,25.03,25.0512,25.06,25.03,3142
2021-10-28,25.0099,24.9965,25.01,24.9965,200
2021-10-29,24.9399,24.9936,24.9936,24.9399,250
2021-11-01,24.93,24.9396,24.9396,24.92,1143
2021-11-02,24.99,24.9921,24.9921,24.9899,202
2021-11-03,25.019,24.9354,25.019,24.9354,1780
2021-11-04,25.04,25.0399,25.07,25.0399,1000
2021-11-05,25.16,25.155,25.17,25.155,599
2021-11-08,25.14,25.125,25.14,25.125,502
2021-11-09,25.2,25.18,25.2,25.18,350
2021-11-10,25.09,25.03,25.09,25.03,653
2021-11-11,25.069,25.0084,25.069,25.0084,100
2021-11-12,25.0499,25.0,25.0499,25.0,600
2021-11-15,25.009,24.94,25.009,24.94,272
2021-11-16,24.97,24.92,24.98,24.91,3583
2021-11-17,24.9299,24.96,24.98,24.9299,1102
2021-11-18,24.9899,24.975,24.9899,24.975,100
2021-11-19,25.03,25.02,25.03,25.02,501
2021-11-22,24.98,24.89,24.98,24.89,1772
2021-11-23,24.8299,24.7954,24.8299,24.7954,100
2021-11-24,24.8428,24.8428,24.8428,24.8428,0
2021-11-26,24.9,24.9051,24.9051,24.89,500
2021-11-29,24.9099,24.93,24.94,24.9099,2100
2021-11-30,24.99,24.9752,24.99,24.9752,666
2021-12-01,24.99,24.9965,25.02,24.99,1751
2021-12-02,25.039,25.0428,25.0428,25.039,522
2021-12-03,25.04,25.1098,25.11,25.04,276012
2021-12-06,25.139,25.07,25.139,25.0652,250
2021-12-07,25.1,25.073,25.11,25.073,583
2021-12-08,25.05,25.0148,25.05,25.0148,854
2021-12-09,25.0399,25.0058,25.07,25.0052,1852
2021-12-10,25.01,25.0094,25.0101,25.0094,427
2021-12-13,25.0401,25.08,25.08,25.0401,200
2021-12-14,25.001,25.035,25.035,25.001,259
2021-12-15,24.98,25.01,25.02,24.98,780
2021-12-16,25.0201,25.0251,25.0251,25.0201,200
2021-12-17,25.04,25.05,25.08,25.04,1968
2021-12-20,25.0599,25.0001,25.0599,25.0001,100
2021-12-21,24.98,24.99,24.99,24.965,2000
2021-12-22,25.0228,25.025,25.025,25.0228,251
2021-12-23,25.0104,25.02,25.04,24.99,46993
2021-12-27,24.9801,24.843555,25.0205,24.9801,205
2021-12-28,24.87,24.875,24.875,24.87,406
2021-12-29,24.8101,24.815,24.84,24.8101,629
2021-12-30,24.845,24.845,24.845,24.845,0
2021-12-31,24.8941,24.89,24.8941,24.89,394
2022-01-03,24.7899,24.7255,24.79,24.7255,284
2022-01-04,24.72,24.6918,24.72,24.69,352
2022-01-05,24.5893,24.5893,24.5893,24.5893,0
2022-01-06,24.54,24.555,24.555,24.54,120
2022-01-07,24.569,24.5149,24.569,24.5098,120521
2022-01-10,24.46,24.4756,24.49,24.4597,3730
2022-01-11,24.51,24.5503,24.5503,24.51,225
2022-01-12,24.5899,24.545,24.5899,24.545,100
2022-01-13,24.51,24.545,24.5499,24.51,413
2022-01-14,24.4777,24.4748,24.4777,24.4748,3002
2022-01-18,24.3999,24.3176,24.3999,24.3176,200
2022-01-19,24.3899,24.38,24.39,24.38,343
2022-01-20,24.4196,24.385,24.4196,24.37,749
2022-01-21,24.4799,24.4549,24.4799,24.4549,100
2022-01-24,24.4399,24.4233,24.44,24.4233,200
2022-01-25,24.4204,24.3949,24.4204,24.3949,375
2022-01-26,24.4,24.2898,24.4,24.2898,157
2022-01-27,24.365,24.33,24.37,24.33,864
2022-01-28,24.31,24.3724,24.3724,24.31,359
2022-01-31,24.34,24.36,24.38,24.34,2676
2022-02-01,24.3401,24.3615,24.38,24.34,350
2022-02-02,24.4052,24.3946,24.45,24.3946,2036
2022-02-03,24.2801,24.3049,24.31,24.2801,25691
2022-02-04,24.2299,24.1999,24.23,24.1999,18235
2022-02-07,24.1999,24.1998,24.1999,24.1998,102
2022-02-08,24.1699,24.1498,24.1699,24.1405,248
2022-02-09,24.199,24.1699,24.199,24.1699,300
2022-02-10,24.11,24.0296,24.11,24.0296,55374
2022-02-11,24.08,24.1092,24.1092,24.08,1488
2022-02-14,24.01,24.05,24.05,24.01,1249
2022-02-15,24.03,24.01,24.03,24.01,482
2022-02-16,24.0001,24.03,24.05,24.0001,3337
2022-02-17,24.07,24.0656,24.07,24.0656,165
2022-02-18,24.1299,24.1164,24.1299,24.1164,105
2022-02-22,24.0601,24.0881,24.0881,24.06,1601
2022-02-23,24.055,24.04,24.055,24.04,249
2022-02-24,24.02,24.02,24.04,24.01,3844
2022-02-25,24.046,24.0499,24.06,24.046,1174
2022-02-28,24.1028,24.1884,24.19,24.1028,674
2022-03-01,24.2399,24.2538,24.3,24.2399,1186
2022-03-02,24.17,24.12,24.1869,24.12,6051
2022-03-03,24.09,24.1,24.12,24.0896,531
2022-03-04,24.1701,24.17,24.1701,24.17,500
2022-03-07,24.1319,24.1182,24.1319,24.1182,1341
2022-03-08,24.045,24.045,24.045,24.04,825
2022-03-09,24.0267,23.9899,24.0267,23.9899,466
2022-03-10,23.91,23.9206,23.9206,23.91,1442
2022-03-11,23.93,23.9099,23.93,23.9099,600
2022-03-14,23.83,23.7658,23.83,23.7658,18677
2022-03-15,23.789,23.7649,23.79,23.7649,1276
2022-03-16,23.78,23.8,23.8,23.75,927
2022-03-17,23.86,23.82,23.86,23.82,455
2022-03-18,23.865,23.865,23.865,23.865,32
2022-03-21,23.75,23.715,23.75,23.715,279
2022-03-22,23.67,23.65,23.67,23.65,200
2022-03-23,23.7412,23.7412,23.7412,23.7412,0
2022-03-24,23.6801,23.7141,23.72,23.6801,6801
2022-03-25,23.61,23.61,23.61,23.61,9
2022-03-28,23.6499,23.606506,23.6499,23.64,100
2022-03-29,23.63,23.665,23.665,23.63,429
2022-03-30,23.69,23.7,23.7,23.69,1332
2022-03-31,23.77,23.7319,23.78,23.73,5825
2022-04-01,23.5801,23.7287,23.76,23.58,5457
2022-04-04,23.7301,23.7484,23.7484,23.73,270
2022-04-05,23.6299,23.5508,23.63,23.5508,2474
2022-04-06,23.4601,23.48,23.48,23.4601,300
2022-04-07,23.4192,23.4192,23.4192,23.4192,0
2022-04-08,23.34,23.3261,23.36,23.3261,355
2022-04-11,23.239,23.1964,23.239,23.1964,555
2022-04-12,23.2701,23.2476,23.29,23.2476,6704
2022-04-13,23.3001,23.295,23.31,23.295,1390
2022-04-14,23.18,23.1625,23.18,23.1625,100
2022-04-18,23.13,23.13,23.13,23.13,222
2022-04-19,23.0899,23.0512,23.09,23.0512,200
2022-04-20,23.1101,23.1486,23.18,23.11,661
2022-04-21,23.055,23.055,23.055,23.055,0
2022-04-22,23.0301,22.9937,23.0301,22.99,3267
2022-04-25,23.07,23.13,23.13,23.07,4944
2022-04-26,23.15,23.1145,23.15,23.1145,400
2022-04-27,23.061,23.0339,23.061,23.0339,508
2022-04-28,23.0542,23.0542,23.0542,23.0542,0
2022-04-29,23.01,22.8971,23.01,22.8971,678
2022-05-02,22.8499,22.815,22.86,22.809,3824
2022-05-03,22.9199,22.8679,22.9199,22.8679,2022
2022-05-04,22.83,22.9758,22.9758,22.82,4353
2022-05-05,22.7344,22.7667,22.7667,22.7344,2099
2022-05-06,22.68,22.665,22.68,22.665,100
2022-05-09,22.64,22.645,22.65,22.64,22180
2022-05-10,22.77,22.713,22.77,22.713,250
2022-05-11,22.78,22.78,22.78,22.78,0
2022-05-12,22.82,22.79,22.83,22.79,8722
2022-05-13,22.77,22.735,22.79,22.735,1199
2022-05-16,22.7799,22.755,22.78,22.755,2200
2022-05-17,22.67,22.685,22.71,22.67,15552
2022-05-18,22.6801,22.7,22.7,22.6801,100
2022-05-19,22.7501,22.745,22.81,22.745,6800
2022-05-20,21.3,22.805,22.81,21.3,2391
2022-05-23,22.81,22.7648,22.81,22.7648,6199
2022-05-24,22.8819,22.88,22.8819,22.88,834
2022-05-25,22.95,22.97,22.98,22.95,7814
2022-05-26,23.02,23.0211,23.04,22.986,26592
2022-05-27,23.09,23.065,23.1,23.06,900
2022-05-31,22.9128,22.895,22.92,22.895,350
2022-06-01,22.8852,22.88,22.8852,22.88,150
2022-06-02,22.91,22.9,22.91,22.8804,4500
2022-06-03,22.845,22.8454,22.8454,22.845,322
2022-06-06,22.75,22.74,22.75,22.71,16228
2022-06-07,22.8199,22.805,22.82,22.795,874
2022-06-08,22.753,22.715,22.76,22.715,2232
2022-06-09,22.71,22.695,22.71,22.695,1245
2022-06-10,22.63,22.555,22.65,22.555,1208
2022-06-13,22.3,22.2411,22.3,22.2411,120
2022-06-14,22.2,22.145,22.2,22.145,200
2022-06-15,22.26,22.3395,22.3395,22.255,2061
2022-06-16,22.21,22.305,22.305,22.21,799
2022-06-17,22.345,22.345,22.345,22.345,5
2022-06-21,22.278,22.2451,22.278,22.24,721
2022-06-22,22.41,22.385,22.41,22.385,400
2022-06-23,22.5299,22.465,22.53,22.465,500
2022-06-24,22.4699,22.455,22.47,22.455,200
2022-06-27,22.35,22.300232,22.35,22.34,1568
2022-06-28,22.2899,22.285,22.29,22.2755,435
2022-06-29,22.36,22.37,22.37,22.3499,2455
2022-06-30,22.4432,22.4432,22.4432,22.4432,2
2022-07-01,22.5855,22.575,22.5855,22.55,22900
2022-07-05,22.57,22.58,22.64,22.57,206783
2022-07-06,22.48,22.4713,22.48,22.4604,651
2022-07-07,22.455,22.455,22.455,22.455,175
2022-07-08,22.4099,22.4,22.41,22.4,4760
2022-07-11,22.49,22.4527,22.49,22.44,5209
2022-07-12,22.5299,22.48,22.53,22.48,209
2022-07-13,22.3701,22.53,22.53,22.37,275
2022-07-14,22.4499,22.48,22.48,22.44,1228
2022-07-15,22.5699,22.545,22.5699,22.545,148
2022-07-18,22.49,22.49,22.49,22.49,35
2022-07-19,22.515,22.515,22.515,22.515,84
2022-07-20,22.51,22.5269,22.5269,22.51,378
2022-07-21,22.5999,22.6251,22.6251,22.58,553
2022-07-22,22.78,22.753,22.8,22.753,19315
2022-07-25,22.718,22.7256,22.75,22.7,7753
2022-07-26,22.73,22.71,22.73,22.71,138
2022-07-27,22.79,22.77,22.83,22.76,1609
2022-07-28,22.92,22.905,22.93,22.9,4117
2022-07-29,22.97,22.9416,22.97,22.93,775
2022-08-01,23.028,23.015,23.04,23.0,12354
2022-08-02,23.05,22.81,23.05,22.81,11190
2022-08-03,22.81,22.935,22.935,22.81,3889
2022-08-04,22.97,22.965,22.999,22.9477,6786
2022-08-05,22.74,22.78,22.8,22.74,586
2022-08-08,22.91,22.875,22.91,22.875,5082
2022-08-09,23.07,22.79,23.07,22.79,4357
2022-08-10,22.96,22.8976,22.96,22.8976,1118
2022-08-11,23.01,22.78,23.01,22.7797,6497
2022-08-12,22.8001,22.8751,22.8751,22.8001,207
2022-08-15,22.9399,22.915,22.9399,22.9032,406
2022-08-16,22.8,22.845,22.86,22.78,2244
2022-08-17,22.7286,22.705,22.73,22.694,2155
2022-08-18,22.7899,22.725,22.7899,22.725,461
2022-08-19,22.5401,22.5578,22.5578,22.5401,672
2022-08-22,22.4556,22.435,22.4556,22.435,1849
2022-08-23,22.465,22.465,22.465,22.465,238
2022-08-24,22.4299,22.405,22.45,22.405,991
2022-08-25,22.56,22.55,22.56,22.55,263
2022-08-26,22.445,22.445,22.445,22.445,128
2022-08-29,22.33,22.345,22.345,22.33,15793
2022-08-30,22.4099,22.325,22.41,22.325,201
2022-08-31,22.2201,22.205,22.28,22.205,7767
2022-09-01,22.04,22.115,22.115,22.04,5308
2022-09-02,22.21,22.175,22.21,22.17,5526
2022-09-06,21.995,21.9932,21.995,21.9932,218
2022-09-07,22.0888,22.155,22.155,22.0888,471
2022-09-08,22.1619,22.1066,22.1619,22.1066,745
2022-09-09,22.1499,22.14,22.16,22.14,2012
2022-09-12,22.198,22.1347,22.198,22.1347,8616
2022-09-13,22.12,21.975,22.12,21.975,731
2022-09-14,22.01,22.01,22.01,22.01,2
2022-09-15,21.94,21.9455,21.95,21.94,10517
2022-09-16,21.88,21.89,21.89,21.86,1006
2022-09-19,21.8501,21.88,21.9078,21.8501,2944
2022-09-20,21.7789,21.7714,21.8,21.72,10932
2022-09-21,21.8212,21.8212,21.8212,21.8212,167
2022-09-22,21.6,21.62,21.67,21.59,1470
2022-09-23,21.59,21.575,21.59,21.575,141
2022-09-26,21.48,21.365,21.48,21.365,6601
2022-09-27,21.32,21.184974,21.32,21.255,1049
2022-09-28,21.31,21.43,21.43,21.27,12346
2022-09-29,21.335,21.335,21.335,21.335,43
2022-09-30,21.31,21.325,21.325,21.31,168
2022-10-03,21.415,21.41,21.47,21.41,4547
2022-10-04,21.54,21.52,21.54,21.52,291
2022-10-05,21.4,21.425,21.425,21.34,3158
2022-10-06,21.38,21.375,21.38,21.375,482
2022-10-07,21.26,21.295,21.295,21.26,111
2022-10-10,21.21,21.16,21.21,21.14,3337
2022-10-11,21.2301,21.1735,21.2301,21.17,1783
2022-10-12,21.1999,21.205,21.205,21.1999,106
2022-10-13,21.11,21.15,21.19,20.875,3870
2022-10-14,21.25,21.0825,21.25,21.07,2083
2022-10-17,21.223,21.1357,21.223,21.1357,804
2022-10-18,21.1699,21.1515,21.17,21.1019,3458
2022-10-19,21.05,21.035,21.05,21.01,862
2022-10-20,20.94,20.92,20.94,20.92,5229
2022-10-21,20.85,20.9206,20.97,20.85,3228
2022-10-24,20.88,20.883,20.9597,20.88,2135
2022-10-25,21.04,21.07,21.08,21.03,2216
2022-10-26,21.16,21.1457,21.16,21.12,3622
2022-10-27,21.2301,21.2543,21.27,21.23,3849
2022-10-28,21.218,21.2247,21.23,21.218,485
2022-10-31,21.15,21.1203,21.165,21.09,3197
2022-11-01,21.2,21.2063,21.2063,21.2,735
2022-11-02,21.22,21.15,21.29,21.14,9163
2022-11-03,21.09,21.0956,21.1,21.09,1169
2022-11-04,21.095,21.0927,21.1,21.08,852
2022-11-07,21.07,21.0322,21.07,21.03,4213
2022-11-08,21.125,21.1192,21.1491,21.1192,944
2022-11-09,21.15,21.055,21.15,21.055,278
2022-11-10,21.21,21.48,21.48,21.21,1407
2022-11-11,21.43,21.485,21.485,21.43,1924
2022-11-14,21.43,21.4007,21.43,21.4,6823
2022-11-15,21.51,21.55,21.55,21.5,2759
2022-11-16,21.79,21.655,21.79,21.6292,6624
2022-11-17,21.53,21.5793,21.5793,21.53,2628
2022-11-18,21.56,21.545,21.56,21.545,1004
2022-11-21,21.55,21.565,21.59,21.55,2323
2022-11-22,21.67,21.675,21.675,21.67,364
2022-11-23,21.8,21.795,21.81,21.74,7399
2022-11-25,21.8,21.7851,21.81,21.7851,950
2022-11-28,21.77,21.75,21.8,21.74,8085
2022-11-29,21.705,21.715,21.7274,21.705,931
2022-11-30,21.8588,21.8588,21.8588,21.8588,39
2022-12-01,21.9515,22.0493,22.0493,21.9515,1903
2022-12-02,21.9305,22.0918,22.0918,21.9305,3357
2022-12-05,21.945,21.925,21.945,21.925,1825
2022-12-06,21.975,21.955,21.975,21.955,3227
2022-12-07,22.118,22.14,22.14,22.118,962
2022-12-08,22.1,22.105,22.14,22.08,8786
2022-12-09,21.9799,21.9799,21.9799,21.9799,9
2022-12-12,21.9999,22.0058,22.01,21.9999,379
2022-12-13,22.2799,22.127,22.28,22.127,550
2022-12-14,22.1783,22.1435,22.1783,22.07,999
2022-12-15,22.14,22.115,22.15,22.115,3264
2022-12-16,22.0497,22.0389,22.06,22.0389,3182
2022-12-19,21.99,21.9156,21.99,21.91,9134
2022-12-20,21.75,21.775,21.8,21.75,2666
2022-12-21,21.872,21.87,21.9,21.87,1772
2022-12-22,21.8401,21.8271,21.8401,21.8271,220
2022-12-23,21.7508,21.7589,21.77,21.74,3289
2022-12-27,21.65,21.355582,21.65,21.605,1132
2022-12-28,21.4,21.2797,21.4,21.27,2903
2022-12-29,21.3902,21.3902,21.3902,21.3902,302
2022-12-30,21.29,21.3045,21.3045,21.29,32280
2023-01-03,21.51,21.4388,21.51,21.43,47024
2023-01-04,21.55,21.565,21.58,21.535,5104
2023-01-05,21.56,21.545,21.57,21.545,8052
2023-01-06,21.6599,21.795,21.795,21.6599,162
2023-01-09,21.7801,21.835,21.8699,21.77,4863
2023-01-10,21.7099,21.735,21.735,21.7099,364
2023-01-11,21.845,21.8751,21.8751,21.81,1630
2023-01-12,21.988,22.063,22.063,21.988,434
2023-01-13,22.06,21.995,22.065,21.995,4983
2023-01-17,21.94,21.965,21.985,21.94,5622
2023-01-18,22.2,22.165,22.21,22.1281,7110
2023-01-19,22.1001,22.115,22.1398,22.1,2408
2023-01-20,22.0399,22.015,22.04,21.988,608
2023-01-23,21.9999,21.975,22.0,21.95,53362
2023-01-24,22.06,22.085,22.11,22.06,44328
2023-01-25,22.11,22.1009,22.11,22.0799,3963
2023-01-26,22.08,22.085,22.11,22.08,9100
2023-01-27,22.0499,22.06,22.07,22.01,2828
2023-01-30,21.986,21.961,21.99,21.961,1738
2023-01-31,21.89,22.0643,22.07,21.89,3872
2023-02-01,22.09,22.265,22.27,22.03,13260
2023-02-02,22.28,22.285,22.36,21.53,160865
2023-02-03,22.09,22.095,22.13,22.09,8106
2023-02-06,21.96,21.9453,21.98,21.94,3563
2023-02-07,21.928,21.935,21.953,21.91,2597
2023-02-08,21.9,21.9258,21.9258,21.61,2175
2023-02-09,21.835,21.835,21.835,21.835,116
2023-02-10,21.82,21.727,21.82,21.727,649
2023-02-13,21.7757,21.7757,21.7757,21.7757,1
2023-02-14,21.78,21.754,21.79,21.68,121122
2023-02-15,21.69,21.6832,21.7,21.66,5852
2023-02-16,21.6201,21.585,21.6201,21.585,398
2023-02-17,21.585,21.635,21.639,21.585,659
2023-02-21,21.53,21.4084,21.53,21.4,101218
2023-02-22,21.465,21.465,21.465,21.465,0
2023-02-23,21.53,21.615,21.615,21.52,320729
2023-02-24,21.5099,21.5012,21.5099,21.46,707
2023-02-27,21.54,21.54,21.54,21.54,185
2023-02-28,21.5399,21.535,21.5582,21.535,568
2023-03-01,21.48,21.43,21.48,21.41,13030
2023-03-02,21.37,21.3799,21.3799,21.3496,17299
2023-03-03,21.51,21.5579,21.5579,21.5099,3583
2023-03-06,21.5799,21.51,21.58,21.51,2171
2023-03-07,19.78,21.475,21.535,19.78,500
2023-03-08,21.5192,21.45,21.5192,21.45,697
2023-03-09,21.5199,21.455,21.52,21.455,315
2023-03-10,21.6219,21.645,21.69,21.6219,3491
2023-03-13,21.7901,21.675,21.7901,21.675,1155
2023-03-14,21.6492,21.62,21.665,21.62,4366
2023-03-15,21.72,21.7164,21.74,21.7164,605
2023-03-16,21.7499,21.6886,21.75,21.62,1241
2023-03-17,21.74,21.7703,21.7703,21.74,386
2023-03-20,21.736,21.6988,21.745,21.6988,1079
2023-03-21,21.6701,21.7123,21.7199,21.6701,464
2023-03-22,21.7299,21.8226,21.85,21.7299,1720
2023-03-23,21.86,21.844,21.88,21.844,11884
2023-03-24,21.84,21.8601,21.8601,21.84,434
2023-03-27,21.8099,21.7102,21.8099,21.7102,100
2023-03-28,21.6512,21.596583,21.71,21.6512,387
2023-03-29,21.6001,21.6557,21.69,21.6,3665
2023-03-30,21.77,21.7088,21.77,21.7,5594
2023-03-31,21.7301,21.8367,21.84,21.7301,3715
2023-04-03,21.9,21.8834,21.93,21.86,17422
2023-04-04,21.86,21.92,21.95,21.86,137139
2023-04-05,21.9799,21.945,21.98,21.945,1819
2023-04-06,21.9401,21.965,21.974,21.9401,590
2023-04-10,21.8,21.85,21.85,21.8,1102
2023-04-11,21.855,21.87,21.87,21.85,1953
2023-04-12,21.84,21.87,21.9,21.84,4154
2023-04-13,21.9199,21.87,21.9199,21.87,825
2023-04-14,21.78,21.795,21.795,21.7615,441
2023-04-17,21.74,21.715,21.74,21.68,18796
2023-04-18,21.73,21.74,21.74,21.71,1663
2023-04-19,21.73,21.71,21.73,21.71,7253
2023-04-20,21.78,21.765,21.78,21.765,873
2023-04-21,21.8299,21.7535,21.8299,21.73,4236
2023-04-24,21.8105,21.8105,21.8105,21.8105,1298
2023-04-25,21.92,21.89,21.92,21.88,9062
2023-04-26,21.88,21.8209,21.89,21.81,8878
2023-04-27,21.78,21.7854,21.8,21.78,670
2023-04-28,21.89,21.915,21.92,21.88,106881
2023-05-01,21.785,21.7333,21.785,21.7333,6593
2023-05-02,21.8499,21.88,21.9,21.84,15409
2023-05-03,21.93,21.925,21.9492,21.9032,2149
2023-05-04,21.875,21.8812,21.9286,21.875,1066
2023-05-05,21.83,21.85,21.8516,21.81,2940
2023-05-08,21.7668,21.77,21.77,21.7668,272
2023-05-09,21.74,21.745,21.7799,21.74,20207
2023-05-10,21.8168,21.84,21.84,21.8168,796
2023-05-11,21.91,21.905,21.918,21.905,1361
2023-05-12,21.825,21.8223,21.825,21.8223,482
2023-05-15,21.7737,21.7608,21.7737,21.76,8964
2023-05-16,21.72,21.705,21.72,21.67,11142
2023-05-17,21.72,21.7019,21.72,21.7,1222
2023-05-18,21.631,21.63,21.631,21.62,1599
2023-05-19,21.605,21.605,21.605,21.605,252
