2015-10-01,50.75,49.35,55.93,49.0,183229
2015-10-02,48.3,49.28,49.84,47.74,22639
2015-10-05,49.35,49.0,50.6765,48.65,16035
2015-10-06,49.07,49.14,49.35,48.65,8817
2015-10-07,49.14,45.01,50.68,43.96,5801
2015-10-08,45.64,43.61,47.2528,40.18,4294
2015-10-09,44.45,43.05,44.45,42.14,1038
2015-10-12,42.77,45.22,47.39,42.77,1391
2015-10-13,44.52,44.1224,46.9,44.03,931
2015-10-14,45.15,43.75,46.62,42.98,2628
2015-10-15,43.12,44.03,45.8976,43.05,1785
2015-10-16,44.24,42.0,44.24,42.0,7975
2015-10-19,45.29,41.58,45.5,40.95,3110
2015-10-20,40.6,40.74,40.74,40.46,1165
2015-10-21,40.25,40.46,40.88,40.25,2328
2015-10-22,39.62,39.62,39.83,38.78,698
2015-10-23,39.34,40.39,40.39,39.34,8313
2015-10-26,40.6,42.1575,50.61,39.9,5954
2015-10-27,43.4,41.23,43.4,40.11,965
2015-10-28,40.46,40.88,42.14,40.46,508
2015-10-29,41.9993,41.51,47.824,40.95,13950
2015-10-30,40.46,40.46,44.1,40.0407,1163
2015-11-02,40.25,40.6,42.105,40.11,5099
2015-11-03,40.6,40.39,41.23,40.11,450
2015-11-04,41.16,41.16,41.23,40.6,1063
2015-11-05,41.3,41.58,44.52,40.74,785
2015-11-06,41.72,43.89,44.03,40.39,1753
2015-11-09,45.4293,43.61,45.4293,42.21,1141
2015-11-10,42.07,42.595,43.54,42.0,716
2015-11-11,41.3,43.47,43.47,40.53,813
2015-11-12,43.68,43.12,43.75,41.72,1300
2015-11-13,43.4,42.63,43.75,42.07,1488
2015-11-16,40.11,39.76,42.91,38.85,3666
2015-11-17,41.65,42.07,43.61,40.32,675
2015-11-18,41.65,42.175,42.3493,40.95,340
2015-11-19,41.384,43.12,43.4,40.95,2186
2015-11-20,42.98,41.02,43.4,39.76,2546
2015-11-23,41.65,40.95,41.65,39.62,1596
2015-11-24,41.3,40.88,41.58,40.67,548
2015-11-25,40.6,41.58,43.33,39.48,4907
2015-11-27,39.97,41.79,42.0,39.97,556
2015-11-30,41.93,40.11,42.0,39.3533,2638
2015-12-01,40.5993,42.105,45.01,39.34,9948
2015-12-02,43.05,43.75,44.1,41.9405,1437
2015-12-03,43.4,43.19,43.75,41.93,1004
2015-12-04,42.21,42.91,43.68,40.39,556
2015-12-07,41.58,42.49,43.54,40.39,1778
2015-12-08,42.35,43.2593,43.33,40.25,2113
2015-12-09,41.3,44.8,44.8,41.3,1751
2015-12-10,45.57,46.2,48.86,45.5,2238
2015-12-11,47.6,49.7,50.75,47.6,1824
2015-12-14,49.7,55.93,55.93,47.565,4880
2015-12-15,56.0,55.23,56.0,45.857,3028
2015-12-16,55.37,53.2,55.93,50.8907,3680
2015-12-17,56.0,66.01,70.0,52.85,9002
2015-12-18,62.72,50.47,77.07,50.47,32400
2015-12-21,51.8,47.39,54.3893,46.76,10961
2015-12-22,48.16,46.83,51.2393,44.1,4668
2015-12-23,48.3,46.34,48.7893,44.31,2111
2015-12-24,45.5,45.5007,47.46,45.5,921
2015-12-28,45.57,41.72,47.8926,41.02,9003
2015-12-29,42.0,43.05,43.4,41.23,3238
2015-12-30,42.49,40.04,43.8893,39.76,4190
2015-12-31,41.09,43.75,44.45,40.39,5468
2016-01-04,43.19,43.47,46.55,42.0007,1251
2016-01-05,42.63,42.7,45.36,41.09,2664
2016-01-06,42.98,43.61,45.85,41.65,2893
2016-01-07,44.94,40.6,44.94,40.6,2939
2016-01-08,40.6,39.2,42.42,38.85,3590
2016-01-11,40.6,39.48,41.3,39.2,801
2016-01-12,40.46,42.035,45.22,40.18,3039
2016-01-13,42.63,42.0,45.15,41.72,2436
2016-01-14,40.88,40.95,42.2793,40.18,1297
2016-01-15,40.81,40.95,44.17,40.39,2256
2016-01-19,41.65,39.41,41.86,39.34,713
2016-01-20,44.7293,35.42,44.7293,35.0,2185
2016-01-21,35.0,29.89,38.15,29.75,3014
2016-01-22,28.56,29.89,32.6893,28.56,503
2016-01-25,32.83,31.64,32.83,30.975,1809
2016-01-26,32.83,32.69,32.8993,32.27,558
2016-01-27,32.2,31.64,34.16,31.5056,557
2016-01-28,31.5,32.69,33.74,31.5,1090
2016-01-29,31.85,31.57,35.56,31.5,1999
2016-02-01,31.5,28.14,34.58,28.0,2465
2016-02-02,29.5393,26.81,29.54,26.18,6962
2016-02-03,29.54,28.28,30.73,26.81,1212
2016-02-04,27.02,27.755,29.47,24.99,1518
2016-02-05,27.65,27.3707,30.45,27.3707,1248
2016-02-08,25.41,32.2,36.4,25.27,14077
2016-02-09,33.32,34.44,35.84,33.32,2059
2016-02-10,35.56,36.05,37.5193,35.07,1281
2016-02-11,36.96,35.42,36.96,31.78,436
2016-02-12,36.12,34.09,36.89,31.2207,4234
2016-02-16,33.04,30.695,33.04,29.96,1858
2016-02-17,30.45,28.245,31.71,27.65,3813
2016-02-18,28.35,28.7056,29.26,28.1407,720
2016-02-19,28.07,28.07,29.89,28.07,2479
2016-02-22,29.26,27.86,29.26,26.32,1022
2016-02-23,27.3,26.6,27.93,26.46,586
2016-02-24,26.6,27.37,27.566,26.6,343
2016-02-25,26.9507,27.58,28.91,26.9507,1433
2016-02-26,27.79,28.14,29.12,26.88,554
2016-02-29,28.28,28.14,31.36,28.28,2508
2016-03-01,31.01,31.325,32.06,28.63,760
2016-03-02,31.92,31.92,31.92,28.84,28
2016-03-03,30.8,29.05,30.8,30.8,2164
2016-03-04,29.05,28.0,29.4,27.65,332
2016-03-07,28.63,30.24,30.24,28.63,445
2016-03-08,30.38,31.43,31.78,28.98,645
2016-03-09,28.7,28.49,28.7,28.7,617
2016-03-10,29.4,29.4,29.4,29.4,169
2016-03-11,29.47,30.52,30.87,28.07,172
2016-03-14,30.52,30.73,30.73,28.0007,616
2016-03-15,30.87,33.18,30.87,30.87,493
2016-03-16,32.41,35.77,35.9093,30.66,1881
2016-03-17,34.79,33.6,36.89,32.55,1451
2016-03-18,33.88,35.7,36.61,33.88,975
2016-03-21,36.12,36.47,36.68,34.65,838
2016-03-22,36.4,33.95,36.4,33.95,377
2016-03-23,33.9129,34.65,35.7,33.9129,204
2016-03-24,35.21,32.9,35.21,29.61,189
2016-03-28,34.79,33.53,34.79,32.2,529
2016-03-29,33.95,33.32,35.0,33.1835,1040
2016-03-30,34.86,34.16,35.0,34.16,417
2016-03-31,34.16,32.13,34.16,33.2192,315
2016-04-01,31.85,30.59,32.27,30.52,757
2016-04-04,31.22,31.15,31.22,29.7794,54
2016-04-05,31.15,30.03,31.15,31.15,545
2016-04-06,31.01,29.05,31.85,28.7007,4099
2016-04-07,29.82,29.75,29.82,29.05,751
2016-04-08,29.505,29.89,29.89,29.505,1123
2016-04-11,31.57,31.08,31.92,30.1007,607
2016-04-12,31.71,31.43,32.62,31.43,423
2016-04-13,30.66,30.66,30.66,30.1,113
2016-04-14,30.66,30.66,30.66,30.66,0
2016-04-15,32.13,31.85,33.18,30.31,891
2016-04-18,31.85,31.85,31.85,31.85,1
2016-04-19,31.3607,31.3607,31.3607,31.3607,26
2016-04-20,32.83,31.92,32.83,31.36,144
2016-04-21,31.64,30.45,31.92,30.03,1056
2016-04-22,32.2,32.2,32.2,32.2,20
2016-04-25,32.83,30.94,32.83,30.31,581
2016-04-26,30.8658,31.22,31.92,30.38,562
2016-04-27,31.22,31.22,31.22,31.22,0
2016-04-28,32.83,32.83,32.83,32.83,57
2016-04-29,31.99,32.13,32.62,31.64,503
2016-05-02,32.34,31.92,32.62,31.71,287
2016-05-03,31.92,31.92,31.92,31.92,0
2016-05-04,33.39,31.85,34.58,30.6593,888
2016-05-05,31.15,30.3807,34.1096,30.3107,2193
2016-05-06,32.27,30.03,32.27,29.9607,471
2016-05-09,31.5,30.38,31.5,29.33,493
2016-05-10,30.38,30.38,30.38,30.38,0
2016-05-11,31.64,31.15,31.64,29.61,4706
2016-05-12,30.45,29.54,30.4773,29.54,190
2016-05-13,29.75,28.14,31.43,28.14,3562
2016-05-16,30.38,27.72,30.38,27.72,3682
2016-05-17,27.93,29.05,30.17,27.93,1242
2016-05-18,29.05,29.05,29.05,29.05,0
2016-05-19,29.05,29.47,30.17,29.05,1136
2016-05-20,29.61,29.54,29.89,29.47,386
2016-05-23,30.38,30.0846,30.45,29.89,175
2016-05-24,30.52,33.11,33.3837,30.52,866
2016-05-25,31.85,32.9,32.9,31.85,557
2016-05-26,32.2,30.24,32.2,30.24,364
2016-05-27,30.1,30.8,30.87,29.33,2330
2016-05-31,30.1,30.3716,30.3716,29.96,381
2016-06-01,30.38,31.92,31.92,30.38,29
2016-06-02,31.521,30.66,31.64,30.45,698
2016-06-03,32.55,31.99,34.3,29.33,4719
2016-06-06,32.2,33.6,34.3,29.68,15017
2016-06-07,33.5958,31.92,34.23,31.78,2067
2016-06-08,32.9,32.97,33.6,31.6386,5901
2016-06-09,33.6,33.74,34.02,32.1307,1760
2016-06-10,33.74,29.12,33.74,28.07,10943
2016-06-13,28.49,31.01,31.64,28.14,10444
2016-06-14,30.31,30.73,31.22,29.715,2027
2016-06-15,30.17,31.08,31.5,29.75,1340
2016-06-16,30.73,30.1,31.5,28.63,1982
2016-06-17,30.59,30.1,31.5,30.1,2223
2016-06-20,30.52,31.01,31.01,30.4507,130
2016-06-21,30.17,29.4007,30.52,29.085,2613
2016-06-22,29.75,29.75,29.75,29.75,270
2016-06-23,29.75,30.1,30.1,29.575,699
2016-06-24,29.5407,31.08,31.08,29.5407,1788
2016-06-27,30.275,29.96,30.8,29.05,589
2016-06-28,29.75,31.15,31.43,28.035,3344
2016-06-29,31.15,33.18,33.18,30.24,283
2016-06-30,31.15,29.82,31.15,29.26,806
2016-07-01,30.1,30.5235,30.5235,29.75,698
2016-07-05,29.75,29.54,29.75,29.4,148
2016-07-06,30.17,30.31,30.31,30.17,363
2016-07-07,30.66,29.8956,30.8,29.8956,96
2016-07-08,30.1,30.275,30.275,30.1,484
2016-07-11,31.0793,30.8,31.0793,30.66,233
2016-07-12,31.15,31.15,31.15,30.66,574
2016-07-13,31.01,29.82,31.15,29.75,1933
2016-07-14,29.82,29.82,29.82,29.82,0
2016-07-15,30.52,30.52,30.52,30.52,29
2016-07-18,30.52,30.52,30.52,30.52,0
2016-07-19,30.66,30.45,30.66,30.45,137
2016-07-20,30.45,30.45,30.45,30.45,0
2016-07-21,30.45,30.45,30.45,30.45,0
2016-07-22,30.38,30.17,30.45,30.17,522
2016-07-25,29.96,29.54,29.96,29.54,6442
2016-07-26,30.59,30.31,30.59,30.1,264
2016-07-27,30.45,29.89,30.45,29.75,165
2016-07-28,30.1007,29.82,30.6411,29.82,816
2016-07-29,30.03,30.52,30.52,30.03,481
2016-08-01,30.17,30.94,30.94,30.17,81
2016-08-02,30.94,29.54,30.94,29.4707,761
2016-08-03,29.96,29.4,29.96,29.4,235
2016-08-04,29.26,29.7507,29.7507,29.26,57
2016-08-05,29.7507,29.7507,29.7507,29.7507,0
2016-08-08,29.82,29.7556,29.82,29.7556,123
2016-08-09,28.91,29.47,29.47,28.84,700
2016-08-10,28.14,28.91,28.91,28.14,31
2016-08-11,28.7784,29.33,29.33,28.7784,85
2016-08-12,28.56,29.4,29.4,28.42,2984
2016-08-15,28.84,28.14,29.33,28.0,3702
2016-08-16,28.0,27.65,28.0,27.23,1571
2016-08-17,26.95,23.45,28.21,23.3107,21077
2016-08-18,24.43,21.14,27.09,21.07,17706
2016-08-19,21.35,23.66,23.87,21.0,19249
2016-08-22,23.45,22.33,23.4906,22.26,2266
2016-08-23,23.03,21.7,23.03,21.7,1064
2016-08-24,22.4,22.05,22.47,21.7,722
2016-08-25,21.56,21.42,21.56,21.35,845
2016-08-26,21.413,21.413,21.413,21.413,170
2016-08-29,21.0,20.93,21.84,20.58,30239
2016-08-30,20.65,16.8,21.14,16.66,22887
2016-08-31,18.48,17.5,18.48,16.8,8325
2016-09-01,17.5,17.5,18.3393,17.43,5174
2016-09-02,17.57,17.36,17.57,17.01,550
2016-09-06,17.4391,17.43,17.99,17.15,1818
2016-09-07,17.0807,17.5,17.99,17.08,4732
2016-09-08,17.5,17.64,17.78,16.94,1576
2016-09-09,17.5,17.36,17.99,17.22,1242
2016-09-12,17.85,17.36,18.06,16.807,5214
2016-09-13,17.57,17.78,17.85,17.36,1429
2016-09-14,17.43,17.43,17.78,16.8,1151
2016-09-15,17.57,16.45,17.78,16.45,6707
2016-09-16,16.17,15.75,17.29,15.61,4414
2016-09-19,15.47,17.29,17.3145,15.47,5746
2016-09-20,17.36,17.22,17.36,16.45,5239
2016-09-21,14.56,14.0,14.56,12.74,44757
2016-09-22,14.56,13.72,14.56,13.65,8690
2016-09-23,13.79,14.14,14.28,13.44,8794
2016-09-26,14.3878,13.86,14.3878,13.44,5835
2016-09-27,14.14,13.7893,14.14,13.37,2529
2016-09-28,14.49,14.07,14.49,13.7039,7546
2016-09-29,14.133,13.51,14.14,13.51,3889
2016-09-30,13.23,13.79,13.93,13.09,4494
2016-10-03,13.86,13.16,13.86,13.16,4697
2016-10-04,12.88,12.95,13.3,12.6,5996
2016-10-05,12.46,12.81,13.02,12.46,3901
2016-10-06,12.81,12.81,12.88,12.6,4091
2016-10-07,12.81,12.81,12.8394,12.74,1770
2016-10-10,12.88,13.02,13.02,12.8394,898
2016-10-11,12.81,12.88,13.16,12.74,1779
2016-10-12,12.81,12.53,12.81,12.46,11010
2016-10-13,12.46,12.46,12.74,12.46,1646
2016-10-14,12.4831,12.1121,12.4831,12.04,3261
2016-10-17,12.0015,11.62,12.0015,11.62,896
2016-10-18,11.76,11.83,12.0904,11.69,1930
2016-10-19,11.83,11.27,11.83,11.2,7223
2016-10-20,11.41,11.13,11.41,10.92,2076
2016-10-21,11.13,10.85,11.1468,10.85,6190
2016-10-24,10.85,10.78,11.0593,10.64,2095
2016-10-25,10.85,10.43,10.85,10.43,3294
2016-10-26,10.57,10.15,10.57,10.08,1015
2016-10-27,10.08,9.03,10.08,8.96,14668
2016-10-28,9.03,8.8872,9.03,8.12,3257
2016-10-31,8.75,8.75,9.38,8.61,12346
2016-11-01,8.75,8.82,9.31,8.75,4502
2016-11-02,8.82,8.4,9.03,8.26,2967
2016-11-03,8.12,8.05,8.6646,7.84,23662
2016-11-04,8.05,8.54,8.68,8.05,4772
2016-11-07,8.54,8.4,8.6793,8.12,6052
2016-11-08,8.4,8.47,8.61,8.19,2798
2016-11-09,8.61,8.75,9.1105,8.12,21750
2016-11-10,8.75,9.1,9.59,8.75,40304
2016-11-11,10.15,8.75,10.2046,8.75,39050
2016-11-14,8.82,8.47,9.1,8.47,13427
2016-11-15,8.4,8.33,8.4959,8.26,5668
2016-11-16,8.54,8.19,8.54,8.05,11744
2016-11-17,8.19,8.19,8.645,8.05,25584
2016-11-18,8.4,8.47,8.96,8.12,52875
2016-11-21,8.75,10.64,11.48,8.61,267936
2016-11-22,10.57,12.04,12.32,10.01,162550
2016-11-23,12.04,10.92,12.04,10.29,66495
2016-11-25,10.85,10.78,10.85,10.22,11123
2016-11-28,10.78,10.36,10.78,10.22,25077
2016-11-29,10.22,11.1888,11.2,10.15,34872
2016-11-30,11.2,10.78,11.48,10.5,22703
2016-12-01,10.64,10.5,10.85,9.52,30651
2016-12-02,9.954,10.5,10.703,9.954,8842
2016-12-05,10.507,10.759,10.759,10.1577,4364
2016-12-06,10.5742,11.06,11.2,10.3705,12687
2016-12-07,11.06,10.99,11.06,10.5,1850
2016-12-08,10.92,10.99,11.06,10.36,11624
2016-12-09,10.92,10.71,10.92,10.5,4369
2016-12-12,10.71,10.9501,10.99,10.703,6577
2016-12-13,10.99,11.27,13.23,10.57,113401
2016-12-14,11.41,11.2,11.4793,10.99,15019
2016-12-15,11.2,11.34,11.4289,11.06,9748
2016-12-16,11.2,11.62,11.62,11.2,6235
2016-12-19,12.04,11.62,12.04,11.2,11994
2016-12-20,11.34,11.69,11.76,11.34,8682
2016-12-21,11.62,11.76,11.76,11.27,7286
2016-12-22,11.7593,11.83,12.11,11.69,5818
2016-12-23,11.9,12.18,12.285,11.83,14728
2016-12-27,12.04,12.04,12.39,12.04,12617
2016-12-28,11.97,11.83,12.11,11.62,18373
2016-12-29,11.97,12.11,12.46,11.76,18650
2016-12-30,12.25,12.6,12.6,12.0582,14796
2017-01-03,12.81,12.6,13.09,12.53,17591
2017-01-04,12.7743,12.88,12.95,12.67,8031
2017-01-05,12.6868,13.657,13.79,12.6868,46692
2017-01-06,13.86,13.93,14.63,13.44,60241
2017-01-09,14.14,13.72,14.14,13.3,38321
2017-01-10,13.86,14.07,14.35,13.72,23990
2017-01-11,14.21,13.7949,15.2565,12.81,105212
2017-01-12,13.3028,13.65,13.9566,12.95,17466
2017-01-13,13.79,14.0,14.07,13.79,10654
2017-01-17,14.0,13.93,14.07,13.72,11652
2017-01-18,13.93,14.0,14.56,13.93,20980
2017-01-19,14.0,14.3493,14.35,14.0,6752
2017-01-20,14.42,15.05,15.05,14.3178,8340
2017-01-23,14.91,14.35,14.91,14.14,21660
2017-01-24,14.0,14.49,14.56,14.0,15485
2017-01-25,14.4466,14.77,14.84,14.4347,4844
2017-01-26,14.56,14.7,14.84,14.56,4736
2017-01-27,14.7,14.77,14.98,14.7,4612
2017-01-30,14.7329,14.84,14.91,14.7,4469
2017-01-31,14.7,15.12,15.12,14.21,6679
2017-02-01,15.12,15.19,15.26,14.868,5511
2017-02-02,15.1025,15.89,15.96,15.0598,19494
2017-02-03,16.1,16.1,16.17,15.456,12959
2017-02-06,16.17,15.82,16.17,15.5638,3353
2017-02-07,15.8536,15.61,15.855,15.12,9827
2017-02-08,15.61,15.4,15.61,15.1172,5861
2017-02-09,15.19,15.5379,15.61,15.19,2801
2017-02-10,15.61,15.75,15.75,15.4,4045
2017-02-13,15.5708,15.82,15.96,15.5708,4217
2017-02-14,15.918,16.17,16.17,15.68,5987
2017-02-15,16.17,16.1,16.17,15.96,2751
2017-02-16,16.03,16.31,16.45,16.03,3414
2017-02-17,16.31,16.275,16.45,16.17,3230
2017-02-21,16.17,16.1,16.38,15.75,34804
2017-02-22,16.3898,15.89,16.3898,15.26,5488
2017-02-23,15.68,15.19,15.6807,15.05,8870
2017-02-24,15.3328,15.54,15.54,15.19,6906
2017-02-27,15.61,16.17,16.17,15.19,3778
2017-02-28,15.82,16.24,16.45,15.82,16331
2017-03-01,16.17,16.03,16.24,15.82,6567
2017-03-02,16.03,16.1,16.24,15.68,5679
2017-03-03,16.0545,16.17,16.17,15.7808,6965
2017-03-06,13.86,15.75,15.75,11.41,10528
2017-03-07,15.3979,15.05,15.96,14.42,5515
2017-03-08,14.84,15.26,15.393,14.84,3200
2017-03-09,15.05,15.3279,15.33,14.91,2691
2017-03-10,15.19,15.33,15.54,15.1207,2629
2017-03-13,15.54,16.03,16.03,14.91,3217
2017-03-14,15.82,15.96,15.96,15.463,11192
2017-03-15,15.68,16.1,16.31,15.5043,7335
2017-03-16,15.96,15.89,16.24,15.89,5984
2017-03-17,16.03,16.1,16.24,16.03,3526
2017-03-20,15.9971,16.1,16.1,15.9145,1139
2017-03-21,15.96,15.96,16.1,15.1564,3954
2017-03-22,15.19,14.98,15.26,14.77,3711
2017-03-23,14.77,14.6923,14.84,14.4844,5751
2017-03-24,14.4256,14.56,14.56,14.0,11448
2017-03-27,14.42,14.42,14.49,14.21,4041
2017-03-28,14.49,14.42,14.56,14.42,810
2017-03-29,14.553,15.19,15.19,14.553,2444
2017-03-30,15.19,14.77,15.19,14.77,2356
2017-03-31,14.77,15.33,15.61,14.77,12940
2017-04-03,15.05,14.49,15.05,14.28,3862
2017-04-04,14.1407,14.77,14.98,14.1407,2926
2017-04-05,14.91,14.42,14.91,14.21,3845
2017-04-06,14.07,14.42,14.49,13.72,6310
2017-04-07,14.42,14.21,14.84,14.21,1129
2017-04-10,14.4179,14.42,14.7,13.9552,1660
2017-04-11,14.4522,14.35,14.4522,14.21,9291
2017-04-13,14.07,14.56,14.56,14.07,1979
2017-04-17,14.7,14.63,14.7,14.56,411
2017-04-18,14.63,14.21,14.63,14.21,2000
2017-04-19,14.42,14.6293,14.6293,14.42,774
2017-04-20,14.6804,14.4144,14.7,14.3703,1483
2017-04-21,14.35,14.28,14.35,14.14,1644
2017-04-24,14.28,14.14,14.28,13.58,1634
2017-04-25,14.07,14.21,14.21,14.07,2250
2017-04-26,14.1617,14.49,14.49,14.1176,1757
2017-04-27,14.49,14.42,14.7,14.42,1800
2017-04-28,14.49,14.7,14.7,14.42,3162
2017-05-01,14.63,14.49,14.63,14.49,109
2017-05-02,14.4858,14.63,14.63,14.4683,112
2017-05-03,14.7,14.56,15.05,14.42,11623
2017-05-04,14.56,14.56,14.56,14.56,116
2017-05-05,14.63,14.56,14.63,14.4235,1403
2017-05-08,14.427,14.35,14.4928,14.126,6730
2017-05-09,14.0,14.07,14.07,13.8089,4489
2017-05-10,14.0,14.07,14.07,13.58,5002
2017-05-11,14.049,14.049,14.049,14.049,36
2017-05-12,14.0,14.0,14.0,14.0,164
2017-05-15,13.93,14.21,14.28,13.93,2319
2017-05-16,14.28,10.29,14.28,9.8007,57670
2017-05-17,9.52,10.01,10.36,9.1,24064
2017-05-18,9.8,9.8,10.08,9.5725,8760
2017-05-19,10.094,9.73,10.094,9.24,8749
2017-05-22,10.08,9.8098,10.15,9.59,27799
2017-05-23,9.94,9.73,9.989,9.66,31356
2017-05-24,9.8,10.0793,10.08,9.8,18319
2017-05-25,10.08,10.22,10.2907,9.94,15688
2017-05-26,9.87,10.1493,10.185,9.8,7656
2017-05-30,10.15,10.08,10.29,10.08,14577
2017-05-31,10.08,10.57,10.57,10.08,5632
2017-06-01,10.43,10.29,10.5,10.08,20331
2017-06-02,10.129,10.43,10.71,10.01,25907
2017-06-05,10.64,10.64,10.71,10.2207,13540
2017-06-06,10.71,10.8493,10.85,10.6575,13707
2017-06-07,10.78,10.71,10.85,10.71,8770
2017-06-08,10.71,10.85,10.9389,10.71,12550
2017-06-09,10.9228,10.71,10.99,10.64,17696
2017-06-12,10.43,10.36,10.57,10.36,4466
2017-06-13,10.5,10.5602,10.71,10.36,16500
2017-06-14,10.43,10.29,10.71,10.22,7103
2017-06-15,10.3453,10.5,10.5,9.8392,3040
2017-06-16,10.15,10.4293,10.5105,10.08,7487
2017-06-19,10.36,10.15,10.57,10.15,15014
2017-06-20,10.29,10.71,10.99,10.29,9715
2017-06-21,10.71,10.64,10.92,10.5007,1483
2017-06-22,10.5,10.85,11.3393,10.5,4278
2017-06-23,10.3607,10.08,10.955,10.08,2561
2017-06-26,10.08,10.71,10.85,10.08,4460
2017-06-27,10.7093,10.71,10.92,10.08,8076
2017-06-28,10.647,11.2,13.37,10.6407,4516
2017-06-29,11.27,11.69,11.97,10.92,4082
2017-06-30,11.2,11.69,12.11,11.2,3063
2017-07-03,11.69,11.9707,11.9924,11.41,4550
2017-07-05,11.8251,11.55,12.005,11.2,1043
2017-07-06,11.5297,11.97,12.04,11.5297,2777
2017-07-07,11.62,11.9,11.9,11.62,1650
2017-07-10,11.97,11.83,12.04,11.69,2546
2017-07-11,11.774,11.9,12.18,11.774,2690
2017-07-12,12.0239,12.18,12.18,11.9,886
2017-07-13,12.11,12.18,12.18,12.11,625
2017-07-14,12.25,13.3,13.37,12.145,6081
2017-07-17,12.11,12.18,13.0704,12.04,2351
2017-07-18,12.25,11.69,12.39,11.34,6130
2017-07-19,12.11,11.9,12.11,11.69,2094
2017-07-20,11.9,11.55,12.0414,11.2,5040
2017-07-21,11.76,11.62,12.0435,11.2,2129
2017-07-24,11.76,11.13,11.9,11.13,4604
2017-07-25,11.34,11.76,12.25,11.34,1631
2017-07-26,12.0911,11.76,12.11,11.76,1167
2017-07-27,11.76,11.69,11.9686,11.69,462
2017-07-28,12.32,11.76,12.32,11.7523,710
2017-07-31,11.76,11.8993,11.914,11.76,244
2017-08-01,11.76,12.25,12.32,11.76,1365
2017-08-02,11.76,11.76,11.7607,11.76,220
2017-08-03,12.2248,11.9,12.2248,11.76,1863
2017-08-04,11.9,11.76,11.9035,11.34,2948
2017-08-07,11.424,11.9,12.25,11.3918,1926
2017-08-08,11.55,11.76,11.9476,11.4093,949
2017-08-09,11.97,12.18,12.2493,11.8293,508
2017-08-10,11.4625,11.55,11.669,11.4625,1118
2017-08-11,11.48,11.62,12.11,11.48,205
2017-08-14,11.62,12.11,12.11,11.62,321
2017-08-15,11.3701,12.0407,12.11,11.34,706
2017-08-16,11.6781,12.04,12.04,11.6781,159
2017-08-17,12.0582,12.0407,12.0848,12.04,309
2017-08-18,11.6977,11.76,12.18,11.55,2020
2017-08-21,11.55,11.865,12.11,10.15,7934
2017-08-22,11.62,11.9,12.11,11.55,1455
2017-08-23,11.62,11.62,12.18,11.2,2451
2017-08-24,12.18,11.83,12.18,11.41,870
2017-08-25,12.0855,11.97,12.25,11.55,5848
2017-08-28,10.3,12.0701,12.0701,10.3,900
2017-08-29,12.55,13.75,13.75,12.55,652
2017-08-30,13.5675,13.2853,13.8624,12.05,4299
2017-08-31,13.2,12.8,13.2,12.8,751
2017-09-01,12.8,13.25,13.44,12.2357,2502
2017-09-05,13.44,12.56,13.44,12.56,820
2017-09-06,12.96,12.18,12.96,12.12,1097
2017-09-07,12.9424,13.2,13.2,12.5256,14291
2017-09-08,13.0,13.44,13.44,12.957,9474
2017-09-11,13.49,14.25,14.49,13.4633,8280
2017-09-12,14.3845,17.5,18.0,14.3845,18483
2017-09-13,17.78,20.15,22.349,17.78,29445
2017-09-14,21.4,19.0,23.0,18.7,17980
2017-09-15,19.0,19.25,19.96,17.56,20349
2017-09-18,20.035,18.73,20.035,18.1,8563
2017-09-19,18.75,18.65,19.25,17.9,10663
2017-09-20,18.5,17.92,18.71,17.88,64998
2017-09-21,18.1,18.05,18.25,18.05,3415
2017-09-22,18.0,18.15,18.45,17.96,9016
2017-09-25,18.749,18.15,19.45,18.0,50678
2017-09-26,18.49,18.75,18.86,17.9,118321
2017-09-27,19.45,20.01,20.56,19.35,57406
2017-09-28,19.5,21.79,21.89,18.225,73568
2017-09-29,22.0,19.015,22.4,18.69,48806
2017-10-02,20.12,18.9,20.12,17.648,31986
2017-10-03,18.9,17.53,18.9,17.462,13319
2017-10-04,17.6412,17.605,17.95,17.45,4830
2017-10-05,17.59,17.17,17.68,16.87,18665
2017-10-06,17.01,17.91,18.0,16.95,2984
2017-10-09,17.27,16.27,17.61,15.76,22575
2017-10-10,16.3682,16.11,16.3682,16.0,24861
2017-10-11,17.0682,16.01,17.2269,15.411,1310
2017-10-12,16.32,16.43,17.13,16.32,6907
2017-10-13,16.72,16.5452,16.89,16.5452,2488
2017-10-16,16.9,17.75,18.36,16.867,7322
2017-10-17,17.31,16.67,17.31,16.47,22207
2017-10-18,16.5663,16.92,17.2142,16.5663,2253
2017-10-19,16.92,16.47,17.0,16.47,3113
2017-10-20,16.46,15.01,16.7,15.01,37969
2017-10-23,16.2084,15.3799,16.2084,14.14,18481
2017-10-24,13.32,15.7399,15.78,13.15,27538
2017-10-25,15.6,15.25,16.48,14.9,44650
2017-10-26,14.95,14.99,16.1,14.53,33283
2017-10-27,14.95,14.75,15.99,14.2,25909
2017-10-30,15.2899,14.76,15.7499,14.75,6399
2017-10-31,14.99,14.71,15.0,14.71,11262
2017-11-01,14.75,14.01,14.9099,13.84,11283
2017-11-02,13.8,13.43,13.8,12.73,19284
2017-11-03,13.44,13.39,14.01,13.12,22573
2017-11-06,14.6,14.0,14.6,13.91,18168
2017-11-07,14.07,13.44,14.07,13.24,23516
2017-11-08,13.8291,13.12,13.85,13.1,14622
2017-11-09,13.16,11.03,13.16,11.01,40123
2017-11-10,11.21,11.1,12.55,11.05,37408
2017-11-13,11.5,10.0,11.6416,10.0,24372
2017-11-14,9.63,9.15,10.97,9.0,36510
2017-11-15,9.2523,9.28,10.7999,9.13,54184
2017-11-16,9.9299,9.64,9.9299,8.76,21677
2017-11-17,9.7,9.81,10.01,9.7,6025
2017-11-20,9.8,9.74,9.95,9.61,17179
2017-11-21,9.8,9.77,10.0199,9.73,12830
2017-11-22,9.8,10.01,10.01,9.32,4237
2017-11-24,9.8,10.04,10.04,9.67,6607
2017-11-27,10.04,10.17,10.17,9.9198,53242
2017-11-28,11.51,9.97,11.69,9.97,93488
2017-11-29,10.31,10.16,10.84,9.9,220266
2017-11-30,10.0,10.21,11.215,10.0,15013
2017-12-01,11.28,11.2,11.28,10.04,86903
2017-12-04,12.0,10.88,12.77,10.5,45006
2017-12-05,10.83,11.56,11.77,10.61,28954
2017-12-06,10.94,10.1,11.1,9.85,96814
2017-12-07,10.06,10.59,10.64,9.92,101991
2017-12-08,10.8,11.21,11.3565,10.67,41371
2017-12-11,11.08,10.78,11.215,10.46,55594
2017-12-12,10.66,10.44,11.28,10.401,38799
2017-12-13,10.53,10.26,10.81,10.25,38452
2017-12-14,10.21,10.23,11.1181,10.21,86029
2017-12-15,10.26,9.95,10.32,9.95,58824
2017-12-18,9.99,10.27,10.45,9.955,109703
2017-12-19,10.12,9.9,10.42,9.85,73232
2017-12-20,10.0,10.05,10.2,9.88,74051
2017-12-21,10.107,10.03,10.13,9.9042,29329
2017-12-22,10.03,10.0,10.06,9.8501,34896
2017-12-26,10.0,10.25,10.83,9.85,57905
2017-12-27,10.2,9.87,10.24,9.8,51435
2017-12-28,10.18,10.63,10.72,10.1,2724
2017-12-29,10.7,9.7,10.7,9.36,80805
2018-01-02,9.65,10.8,15.0,9.65,140889
2018-01-03,10.6,10.42,11.0099,10.15,82254
2018-01-04,10.35,10.42,11.11,10.24,8347
2018-01-05,11.1398,10.68,11.1398,10.117,12107
2018-01-08,10.45,10.24,10.65,10.2,44546
2018-01-09,10.21,10.48,10.9,10.11,46257
2018-01-10,10.5,10.56,10.75,10.1101,19121
2018-01-11,10.7,10.45,10.7,10.44,9710
2018-01-12,10.66,10.45,10.84,10.43,9058
2018-01-16,10.41,10.74,10.79,10.32,45931
2018-01-17,10.78,10.59,10.78,10.5,4635
2018-01-18,10.57,10.56,10.69,10.53,6533
2018-01-19,10.6,10.25,10.64,10.12,17396
2018-01-22,10.2,10.63,10.93,10.11,82652
2018-01-23,10.29,10.71,11.07,10.29,49187
2018-01-24,9.8,9.7,10.1,9.35,1656724
2018-01-25,9.7,9.67,9.75,9.5,274441
2018-01-26,9.7,9.65,9.75,9.4999,258809
2018-01-29,9.9,9.66,9.99,9.62,530833
2018-01-30,9.95,9.73,9.9806,9.66,194281
2018-01-31,9.8,9.97,10.2321,9.62,373797
2018-02-01,10.2,9.82,10.27,9.79,146097
2018-02-02,9.78,9.8,9.9299,9.5,343212
2018-02-05,9.76,9.95,10.08,9.6,182857
2018-02-06,9.83,9.83,9.85,9.23,83316
2018-02-07,9.83,9.9,10.04,9.5,186355
2018-02-08,9.94,9.73,9.94,9.52,135261
2018-02-09,9.75,9.54,9.8,9.22,165863
2018-02-12,9.61,9.41,9.61,9.29,41221
2018-02-13,9.35,9.49,9.6399,9.31,41302
2018-02-14,9.49,10.18,10.55,9.36,347821
2018-02-15,10.38,10.83,10.9499,9.8,222106
2018-02-16,10.89,10.98,12.1499,10.8651,205836
2018-02-20,11.0,11.47,11.74,11.0,143188
2018-02-21,11.62,11.35,11.825,11.161,143603
2018-02-22,11.33,11.6,11.92,11.27,93807
2018-02-23,11.69,12.12,12.6899,11.69,156560
2018-02-26,12.19,11.54,12.3499,11.52,106432
2018-02-27,11.47,10.82,12.25,10.76,68176
2018-02-28,11.0,10.73,11.55,10.61,102078
2018-03-01,10.641,10.39,10.68,10.1,92974
2018-03-02,10.24,10.74,10.82,9.9514,132378
2018-03-05,10.75,10.82,10.99,10.47,51269
2018-03-06,10.92,10.93,11.25,10.82,49440
2018-03-07,10.89,11.31,11.37,10.79,90937
2018-03-08,11.35,11.47,11.7,11.26,89114
2018-03-09,11.59,11.26,11.59,11.011,25923
2018-03-12,11.36,10.29,11.49,10.05,124294
2018-03-13,10.35,10.08,10.545,10.02,62378
2018-03-14,10.14,9.95,10.32,9.88,90651
2018-03-15,10.21,10.04,10.77,10.0,89343
2018-03-16,10.18,9.81,10.18,9.8,122645
2018-03-19,10.01,9.92,10.4,9.875,93225
2018-03-20,9.95,9.53,10.1,9.5,113482
2018-03-21,9.56,10.05,10.25,9.56,131665
2018-03-22,9.95,9.94,10.25,9.82,94314
2018-03-23,10.0,9.93,10.26,9.6994,120312
2018-03-26,9.97,9.94,10.0,9.655,154517
2018-03-27,9.96,9.46,10.28,9.4,88801
2018-03-28,9.46,9.47,10.2,9.2517,108173
2018-03-29,9.54,9.38,9.65,9.26,64685
2018-04-02,9.31,9.5,10.09,9.31,150605
2018-04-03,9.54,9.29,9.545,9.25,43391
2018-04-04,9.25,9.34,9.49,9.25,90310
2018-04-05,9.36,9.18,9.4,9.1,62101
2018-04-06,9.23,9.7,9.8,9.2,196520
2018-04-09,9.73,9.89,10.2499,9.5801,108680
2018-04-10,9.95,10.58,10.705,9.52,72398
2018-04-11,10.59,11.32,11.55,10.36,88344
2018-04-12,11.31,11.74,11.79,11.0751,71899
2018-04-13,11.77,11.46,11.8799,11.0,84648
2018-04-16,11.46,11.38,11.55,11.0942,48996
2018-04-17,11.49,11.93,11.9599,11.4,60417
2018-04-18,11.92,11.79,12.0,11.49,63847
2018-04-19,11.84,11.73,11.88,11.45,45123
2018-04-20,11.75,11.94,11.9999,11.44,73775
2018-04-23,11.95,12.7,12.9,11.74,197057
2018-04-24,12.68,13.07,13.14,12.33,65196
2018-04-25,13.07,13.15,13.25,11.92,175636
2018-04-26,13.02,13.15,13.428,12.96,29016
2018-04-27,13.13,13.26,13.5,12.81,75723
2018-04-30,13.29,13.18,13.3,12.7252,50565
2018-05-01,13.22,13.13,13.5,12.9428,57908
2018-05-02,13.1,13.29,13.45,13.1,43323
2018-05-03,13.23,13.18,13.32,12.75,40806
2018-05-04,13.25,13.23,13.25,12.9042,55397
2018-05-07,13.22,13.1,13.3,11.9,60314
2018-05-08,13.37,13.2,13.37,12.8,36851
2018-05-09,13.2,13.33,13.5,13.17,44055
2018-05-10,13.43,13.27,13.5,13.165,27610
2018-05-11,13.0,11.76,13.035,11.281,172279
2018-05-14,11.84,10.59,12.1899,10.47,114455
2018-05-15,10.79,10.24,10.8499,9.6001,202623
2018-05-16,10.31,10.2,10.77,10.14,77488
2018-05-17,10.2,9.97,10.39,9.67,95504
2018-05-18,9.93,9.8,10.02,9.75,91600
2018-05-21,9.9,9.99,10.42,9.9,66109
2018-05-22,10.0,9.89,10.1391,9.885,30699
2018-05-23,9.9,9.74,10.04,9.62,134714
2018-05-24,9.72,9.25,9.8799,9.01,246766
2018-05-25,9.23,9.39,9.6752,9.23,76846
2018-05-29,9.5446,9.01,9.64,8.73,191574
2018-05-30,9.01,9.02,9.1899,8.725,125159
2018-05-31,8.96,9.22,9.36,8.76,135314
2018-06-01,9.22,9.4,9.54,9.01,126255
2018-06-04,9.75,9.34,9.75,9.01,84584
2018-06-05,9.44,9.55,9.63,9.21,57054
2018-06-06,9.6,10.08,10.32,9.597,159666
2018-06-07,10.15,9.87,10.35,9.723,94617
2018-06-08,9.87,9.55,10.13,9.38,96285
2018-06-11,9.61,9.29,9.9321,9.17,149607
2018-06-12,9.5366,9.71,9.95,9.38,95660
2018-06-13,9.7,9.36,9.8999,9.23,122737
2018-06-14,9.36,9.52,9.77,9.3398,124051
2018-06-15,9.49,9.55,9.65,9.31,101640
2018-06-18,9.51,9.4,9.59,9.22,125672
2018-06-19,9.4,9.63,9.7659,9.31,114258
2018-06-20,9.6,10.0,10.1,9.6,166792
2018-06-21,9.97,10.07,10.21,9.825,137716
2018-06-22,10.07,10.3,10.3,9.6762,1789784
2018-06-25,9.57,9.43,10.23,9.1741,239789
2018-06-26,9.47,9.45,9.73,9.22,89260
2018-06-27,9.47,9.43,9.67,9.43,98483
2018-06-28,9.42,9.53,9.68,9.32,101525
2018-06-29,10.27,9.83,10.27,9.7,158535
2018-07-02,9.71,10.19,10.41,9.57,215675
2018-07-03,10.29,10.52,10.685,9.921,124881
2018-07-05,10.65,10.91,11.1701,10.6,110840
2018-07-06,10.98,11.02,11.18,10.87,111560
2018-07-09,11.15,11.04,11.25,10.935,78896
2018-07-10,11.12,11.1,11.33,10.9545,62500
2018-07-11,11.03,11.03,11.28,10.63,98367
2018-07-12,11.16,11.2,11.38,10.9,123680
2018-07-13,11.18,11.5,11.68,11.1254,129460
2018-07-16,11.51,11.07,11.51,10.85,87952
2018-07-17,11.03,11.05,11.13,10.77,97197
2018-07-18,11.02,11.06,11.2,10.62,62191
2018-07-19,10.99,11.07,11.43,10.945,90087
2018-07-20,11.0,11.0,11.09,10.73,109606
2018-07-23,10.95,11.03,11.44,10.95,61453
2018-07-24,11.04,11.0,11.21,10.75,82152
2018-07-25,10.99,10.98,11.22,10.82,45309
2018-07-26,11.07,10.82,11.17,10.74,22741
2018-07-27,10.9,9.72,10.9,9.5599,277315
2018-07-30,9.64,9.31,9.89,9.25,115943
2018-07-31,9.36,9.37,9.71,9.34,68858
2018-08-01,9.42,9.23,9.57,9.05,63406
2018-08-02,9.16,9.02,9.18,8.75,176996
2018-08-03,9.04,8.78,9.16,8.61,70007
2018-08-06,8.71,8.83,9.17,8.71,101908
2018-08-07,8.9,8.69,9.09,8.63,83157
2018-08-08,8.72,8.17,9.07,7.95,223521
2018-08-09,8.1,7.67,8.17,7.56,370419
2018-08-10,7.65,7.7,8.49,7.65,227294
2018-08-13,7.6985,7.51,7.88,7.27,112117
2018-08-14,7.47,7.61,8.26,7.47,183505
2018-08-15,7.58,7.58,7.81,7.3165,84015
2018-08-16,7.62,7.81,8.095,7.4069,190245
2018-08-17,7.72,7.68,7.91,7.63,58706
2018-08-20,7.69,7.7,7.81,7.5564,76567
2018-08-21,7.72,7.99,8.19,7.6904,99692
2018-08-22,8.0,7.91,8.21,7.69,88627
2018-08-23,7.89,7.86,8.19,7.73,56223
2018-08-24,8.5,9.05,9.28,7.99,485673
2018-08-27,9.11,9.27,9.55,8.951,148123
2018-08-28,9.36,9.56,9.73,9.0,72582
2018-08-29,9.69,9.59,9.8,9.46,101672
2018-08-30,9.74,10.01,10.17,9.46,124777
2018-08-31,9.99,10.58,10.63,9.9,94046
2018-09-04,11.23,10.73,11.45,10.24,113974
2018-09-05,11.76,12.76,12.95,11.3877,615527
2018-09-06,12.64,12.99,13.5,12.46,267737
2018-09-07,12.86,12.97,13.44,12.6,180198
2018-09-10,13.05,12.86,13.08,12.4708,122194
2018-09-11,12.86,12.69,12.88,12.36,103943
2018-09-12,12.69,12.17,12.8,11.64,118246
2018-09-13,12.18,11.89,12.18,11.5,115267
2018-09-14,11.83,12.38,12.75,11.5853,169802
2018-09-17,12.4,13.02,13.13,12.09,159835
2018-09-18,13.06,13.01,13.255,12.795,172062
2018-09-19,12.94,13.4,13.48,12.92,151295
2018-09-20,13.48,12.75,14.0,12.64,225652
2018-09-21,12.73,13.0,13.295,12.27,387152
2018-09-24,12.96,13.1,13.45,12.7028,117152
2018-09-25,13.12,13.48,13.61,13.01,67805
2018-09-26,13.48,13.01,13.7,12.595,183416
2018-09-27,13.01,13.73,13.84,12.87,79177
2018-09-28,13.68,14.21,14.41,13.35,232665
2018-10-01,14.23,14.05,14.59,13.79,186988
2018-10-02,14.06,14.4,14.44,13.7074,96448
2018-10-03,14.42,14.49,14.5,13.81,67268
2018-10-04,14.45,13.44,14.45,13.39,146469
2018-10-05,13.4,12.53,13.5,12.0705,132139
2018-10-08,12.47,12.31,12.5,11.76,75229
2018-10-09,12.2,12.21,12.76,12.16,135708
2018-10-10,12.15,10.99,12.3,10.94,96818
2018-10-11,10.83,10.11,11.06,10.1,112554
2018-10-12,10.28,9.74,10.4399,9.5,145115
2018-10-15,9.65,10.07,10.34,9.56,128762
2018-10-16,10.12,10.43,10.48,10.005,80679
2018-10-17,10.28,9.88,10.35,9.5,67315
2018-10-18,9.75,9.26,9.84,9.1,113071
2018-10-19,9.26,9.04,9.76,9.0,96990
2018-10-22,9.04,8.8,9.04,8.2874,119204
2018-10-23,8.59,8.41,8.9,8.36,73558
2018-10-24,8.4,7.76,8.66,7.55,164345
2018-10-25,7.85,7.93,8.23,7.82,96911
2018-10-26,7.84,8.1,8.41,7.57,132140
2018-10-29,8.27,7.71,8.455,7.5,47211
2018-10-30,7.71,7.66,7.96,7.41,50062
2018-10-31,7.75,7.91,8.11,7.75,79595
2018-11-01,7.92,8.32,8.55,7.92,117144
2018-11-02,8.42,8.24,8.42,7.89,119924
2018-11-05,8.25,8.08,8.47,7.95,88112
2018-11-06,8.06,7.89,8.29,7.71,110299
2018-11-07,7.9,8.055,8.09,7.7938,86117
2018-11-08,7.9,7.99,8.09,7.655,85912
2018-11-09,7.95,7.99,8.12,7.45,152537
2018-11-12,7.9,7.75,7.9,7.2049,127940
2018-11-13,7.86,7.68,8.0,7.6,68217
2018-11-14,8.05,8.44,8.89,7.75,263215
2018-11-15,8.31,8.67,8.9,8.31,188188
2018-11-16,8.66,9.56,9.84,8.66,159928
2018-11-19,9.41,8.77,9.71,8.58,178968
2018-11-20,8.38,8.74,8.86,8.29,88216
2018-11-21,8.84,8.75,8.84,8.61,168706
2018-11-23,8.68,9.05,9.7,8.68,65275
2018-11-26,9.13,8.73,9.13,8.51,52481
2018-11-27,8.59,8.32,8.825,8.25,51675
2018-11-28,8.42,8.5,8.6,8.03,80148
2018-11-29,8.37,8.5,8.65,8.16,76403
2018-11-30,8.52,8.51,9.1075,8.34,78956
2018-12-03,8.68,8.8,8.9599,8.6,66912
2018-12-04,8.85,7.87,8.85,7.86,118471
2018-12-06,7.91,8.05,8.2,7.71,89392
2018-12-07,8.0,7.83,8.52,7.76,70700
2018-12-10,7.83,7.52,8.14,7.25,114401
2018-12-11,7.74,7.36,7.88,7.2357,85320
2018-12-12,7.55,7.64,8.22,7.55,72780
2018-12-13,7.79,7.54,8.8265,7.3286,115753
2018-12-14,7.44,7.64,8.16,7.44,92810
2018-12-17,7.64,7.43,7.79,7.39,95214
2018-12-18,7.57,7.05,7.57,6.97,114152
2018-12-19,7.07,6.67,7.34,6.58,144418
2018-12-20,6.66,6.4,6.71,6.19,231039
2018-12-21,6.39,5.95,6.39,5.75,560894
2018-12-24,5.8,6.57,6.9665,5.8,118010
2018-12-26,6.65,7.3,7.48,6.575,161226
2018-12-27,7.07,7.45,7.53,6.77,230691
2018-12-28,7.49,6.97,7.54,6.91,339367
2018-12-31,7.01,7.01,7.23,6.27,182268
2019-01-02,6.84,7.62,7.75,6.3601,70534
2019-01-03,7.59,7.53,8.0,7.24,96499
2019-01-04,7.71,8.1,8.34,7.71,60103
2019-01-07,8.15,8.19,8.475,8.06,95382
2019-01-08,8.32,8.55,8.59,7.96,73057
2019-01-09,8.5,8.53,9.0,8.22,71293
2019-01-10,8.44,8.07,8.47,8.01,64291
2019-01-11,8.03,7.91,8.23,7.7457,86587
2019-01-14,7.85,7.37,7.885,7.31,64728
2019-01-15,7.41,7.21,7.46,7.17,59261
2019-01-16,7.25,7.44,7.7884,7.2101,60043
2019-01-17,7.5,7.11,7.7299,7.04,49328
2019-01-18,7.15,7.24,7.2559,6.94,51914
2019-01-22,7.23,7.09,7.41,6.91,80198
2019-01-23,7.12,7.01,7.37,6.9,33981
2019-01-24,7.02,7.25,7.425,6.92,55715
2019-01-25,7.32,7.72,7.77,7.32,35306
2019-01-28,7.76,7.25,7.91,7.22,52065
2019-01-29,7.48,7.54,7.55,7.0,44055
2019-01-30,7.58,7.52,7.62,7.32,28166
2019-01-31,7.5,8.08,8.14,7.28,124209
2019-02-01,8.21,8.83,9.15,8.2008,131824
2019-02-04,8.72,8.81,8.96,8.37,50900
2019-02-05,8.83,8.77,9.34,8.585,49542
2019-02-06,8.78,8.28,8.78,8.1212,45812
2019-02-07,8.25,8.27,8.4399,7.97,56941
2019-02-08,8.26,8.27,8.86,8.06,26874
2019-02-11,8.28,8.91,8.96,8.22,39741
2019-02-12,9.08,9.56,9.75,8.9546,86134
2019-02-13,9.65,10.24,11.4265,9.3668,172786
2019-02-14,10.15,8.95,10.18,8.85,90245
2019-02-15,9.01,9.29,9.7282,8.9,77528
2019-02-19,9.21,9.3,9.34,8.9,54388
2019-02-20,9.32,9.5,9.69,9.32,51592
2019-02-21,9.45,9.53,9.61,9.32,21708
2019-02-22,9.74,9.66,10.04,9.42,85388
2019-02-25,9.75,9.15,9.8224,9.1,43741
2019-02-26,9.15,9.0,9.22,8.8967,39249
2019-02-27,8.95,8.9,9.2062,8.57,28368
2019-02-28,8.844,8.69,9.05,8.67,32479
2019-03-01,8.78,8.42,8.86,8.03,95139
2019-03-04,8.42,8.22,8.6865,7.99,55432
2019-03-05,8.22,8.59,8.75,8.22,119968
2019-03-06,8.63,8.0,8.6765,7.59,153614
2019-03-07,8.0,8.16,8.38,7.6201,72760
2019-03-08,8.29,8.3,8.42,8.055,75924
2019-03-11,8.5,8.4,8.5224,8.3,82143
2019-03-12,8.47,7.74,8.47,7.6,208637
2019-03-13,7.81,7.78,7.81,7.51,46002
2019-03-14,7.79,7.73,7.885,7.61,54877
2019-03-15,7.73,7.83,7.979,7.54,113801
2019-03-18,7.83,8.0,8.08,7.628,32965
2019-03-19,8.07,7.6,8.07,7.51,115329
2019-03-20,7.65,7.93,8.09,7.65,55251
2019-03-21,7.9,7.88,8.12,7.72,62202
2019-03-22,7.85,7.61,8.15,7.45,63618
2019-03-25,7.58,7.61,7.73,7.4428,51339
2019-03-26,7.63,7.86,8.0,7.63,58931
2019-03-27,7.9058,7.55,7.96,7.51,49544
2019-03-28,7.56,7.78,7.92,7.44,28590
2019-03-29,7.85,7.59,7.86,7.57,48340
2019-04-01,7.7,7.59,7.7,7.55,55630
2019-04-02,7.62,7.5,7.66,7.36,103369
2019-04-03,7.57,7.86,8.02,7.35,146355
2019-04-04,7.9,8.2,8.28,7.87,69264
2019-04-05,8.21,8.36,8.58,8.21,94051
2019-04-08,8.35,8.45,8.61,8.21,58312
2019-04-09,8.45,8.48,8.67,7.7866,79129
2019-04-10,8.5,8.16,8.5,8.04,88790
2019-04-11,8.18,7.91,8.43,7.81,43800
2019-04-12,7.99,8.13,8.2931,7.94,44042
2019-04-15,8.12,7.96,8.3,7.61,49549
2019-04-16,8.08,8.29,8.39,7.986,40538
2019-04-17,8.3,7.96,8.3,7.8,25829
2019-04-18,7.87,8.04,8.12,7.71,36712
2019-04-22,8.01,7.89,8.0762,7.84,34106
2019-04-23,7.84,7.66,8.01,7.63,37529
2019-04-24,7.89,7.6,7.89,7.6,24383
2019-04-25,7.61,7.44,7.68,7.21,44436
2019-04-26,7.46,7.71,7.75,7.35,30017
2019-04-29,7.83,7.74,7.85,7.48,38246
2019-04-30,8.04,8.58,8.65,7.49,130710
2019-05-01,8.6,8.74,8.94,8.5,74879
2019-05-02,8.71,8.03,8.73,8.0,41754
2019-05-03,8.09,8.75,8.81,8.07,40540
2019-05-06,8.51,8.68,8.75,8.35,55073
2019-05-07,8.54,8.41,8.69,8.3233,42939
2019-05-08,8.45,8.25,8.51,8.17,29787
2019-05-09,8.14,8.26,8.54,7.98,20952
2019-05-10,8.38,8.73,9.03,8.03,36633
2019-05-13,8.51,7.88,8.71,7.88,58034
2019-05-14,7.99,8.2,8.39,7.9,26907
2019-05-15,8.1,8.26,8.43,8.04,76925
2019-05-16,8.1143,8.3,8.52,8.1143,38967
2019-05-17,8.19,8.18,8.24,8.06,20197
2019-05-20,8.11,7.92,8.16,7.9,25283
2019-05-21,7.99,8.51,8.82,7.99,143819
2019-05-22,8.61,8.57,8.9,8.48,67297
2019-05-23,8.44,8.2,8.44,8.09,37395
2019-05-24,8.32,8.2,8.34,7.95,53105
2019-05-28,8.17,8.18,8.45,8.11,64118
2019-05-29,8.08,8.18,8.35,8.02,55205
2019-05-30,8.27,8.04,8.35,7.925,31298
2019-05-31,7.9,7.45,8.01,7.35,111867
2019-06-03,7.46,7.35,7.53,7.03,60725
2019-06-04,7.3342,7.18,7.66,6.63,79169
2019-06-05,7.24,7.3,7.44,7.01,60059
2019-06-06,7.32,6.62,7.46,6.5,140437
2019-06-07,6.54,6.33,6.59,6.13,82938
2019-06-10,6.5,6.37,6.5254,6.25,46878
2019-06-11,6.39,6.27,6.39,6.05,66810
2019-06-12,7.8,7.85,8.8,7.1144,2633824
2019-06-13,7.92,7.77,8.17,7.54,554635
2019-06-14,7.71,7.72,7.88,7.6,230683
2019-06-17,7.76,9.48,9.5,7.5963,436471
2019-06-18,9.51,9.42,9.9664,8.78,194598
2019-06-19,9.36,9.39,9.49,8.6605,156058
2019-06-20,9.47,8.99,9.47,8.95,84846
2019-06-21,8.91,9.38,9.45,8.5,256458
2019-06-24,9.41,9.29,10.01,8.6631,119723
2019-06-25,9.39,8.9,9.96,8.74,86909
2019-06-26,8.95,8.98,9.2,8.85,81255
2019-06-27,8.99,8.905,9.17,8.76,72566
2019-06-28,8.95,9.1,9.19,8.7,186751
2019-07-01,9.29,9.37,9.81,9.1,140121
2019-07-02,9.4,9.07,9.4,8.9,57282
2019-07-03,9.12,9.0,9.12,8.98,46332
2019-07-05,8.96,8.97,9.36,8.9,83603
2019-07-08,9.03,8.98,9.0951,8.68,81548
2019-07-09,9.04,9.0,9.1045,8.84,77597
2019-07-10,9.1,8.67,9.1338,8.6577,80314
2019-07-11,8.66,8.06,8.8,7.97,175237
2019-07-12,8.17,8.12,8.33,8.0,94037
2019-07-15,7.79,8.26,8.76,7.79,305080
2019-07-16,8.44,7.7,8.5,7.67,151767
2019-07-17,7.72,7.72,8.05,7.565,161404
2019-07-18,7.7,7.19,7.7799,7.1,222873
2019-07-19,7.19,7.06,7.35,6.9,170573
2019-07-22,7.09,6.47,7.1947,6.35,1324672
2019-07-23,6.43,6.46,6.56,6.37,180879
2019-07-24,6.46,6.23,6.5,6.13,258480
2019-07-25,6.16,6.36,6.45,6.16,163727
2019-07-26,6.43,6.38,6.5,6.29,137946
2019-07-29,6.38,5.99,6.4392,5.9,222984
2019-07-30,5.99,5.79,6.02,5.44,250347
2019-07-31,5.8,5.61,5.89,5.25,288010
2019-08-01,5.62,5.17,5.82,5.1,229168
2019-08-02,5.16,5.11,5.25,4.86,209493
2019-08-05,5.01,5.09,5.12,4.61,245941
2019-08-06,5.17,5.02,5.3688,4.8,92217
2019-08-07,4.92,4.75,4.9399,4.67,103717
2019-08-08,4.75,5.0,5.18,4.7235,226167
2019-08-09,5.38,5.46,5.8248,5.25,241513
2019-08-12,5.5,5.01,5.5,4.88,292523
2019-08-13,4.97,4.8,5.25,4.8,135096
2019-08-14,4.8,4.75,4.98,4.57,188322
2019-08-15,4.75,4.52,4.87,4.52,141842
2019-08-16,4.57,4.61,4.8,4.55,110979
2019-08-19,4.69,4.83,4.95,4.54,142837
2019-08-20,3.37,3.49,3.58,3.15,1734331
2019-08-21,3.19,3.23,3.34,3.16,622357
2019-08-22,3.21,3.13,3.31,2.905,554399
2019-08-23,3.12,3.27,3.29,3.08,356178
2019-08-26,3.3,3.22,3.33,3.17,279904
2019-08-27,3.24,3.24,3.4,3.17,185061
2019-08-28,3.23,3.14,3.33,3.07,173463
2019-08-29,3.17,2.99,3.23,2.96,189322
2019-08-30,2.98,2.79,3.0,2.742,347373
2019-09-03,2.74,2.71,2.855,2.62,297237
2019-09-04,2.76,2.48,2.84,2.44,325567
2019-09-05,2.5,2.58,2.59,2.38,246239
2019-09-06,2.56,2.36,2.6,2.32,236311
2019-09-09,2.39,2.51,2.56,2.31,185048
2019-09-10,2.49,2.65,2.75,2.49,233360
2019-09-11,2.7,2.6,2.75,2.55,140435
2019-09-12,2.6,2.63,2.69,2.48,104066
2019-09-13,2.66,2.59,2.7236,2.56,73093
2019-09-16,2.6,2.54,2.74,2.5,114643
2019-09-17,2.55,2.42,2.625,2.41,110306
2019-09-18,2.42,2.43,2.48,2.3101,171753
2019-09-19,2.43,2.56,2.79,2.41,333553
2019-09-20,2.58,2.58,2.6376,2.52,119576
2019-09-23,2.56,2.49,2.58,2.44,127202
2019-09-24,2.49,2.37,2.49,2.36,189134
2019-09-25,2.38,2.385,2.41,2.31,167539
2019-09-26,2.35,2.2,2.35,2.14,296330
2019-09-27,2.2,2.12,2.35,2.09,185713
2019-09-30,2.11,2.29,2.35,1.99,439722
2019-10-01,2.31,2.08,2.32,2.06,189202
2019-10-02,2.11,2.02,2.15,1.99,244305
2019-10-03,2.02,2.08,2.1,1.96,199149
2019-10-04,2.09,2.08,2.1,2.0,165592
2019-10-07,2.1,2.24,2.25,2.09,110873
2019-10-08,2.2,2.1,2.2,2.05,115718
2019-10-09,2.12,2.15,2.19,2.05,121011
2019-10-10,2.16,2.17,2.24,2.11,72216
2019-10-11,2.21,2.16,2.29,2.14,103140
2019-10-14,2.15,2.08,2.16,2.03,106922
2019-10-15,2.09,2.17,2.22,2.0545,67549
2019-10-16,2.16,2.24,2.25,2.09,90395
2019-10-17,2.25,2.21,2.3,2.13,115246
2019-10-18,2.2,2.17,2.25,2.11,120491
2019-10-21,2.19,2.17,2.21,2.12,68143
2019-10-22,2.18,2.19,2.22,2.12,67447
2019-10-23,2.18,2.3,2.37,2.1499,325613
2019-10-24,2.34,2.17,2.38,2.13,169772
2019-10-25,2.1766,2.18,2.25,2.16,82065
2019-10-28,2.2,2.21,2.25,2.14,90148
2019-10-29,2.25,2.21,2.25,2.06,147049
2019-10-30,2.21,2.16,2.24,2.1,77957
2019-10-31,2.14,2.14,2.19,2.1,91642
2019-11-01,2.16,2.18,2.2289,2.13,141530
2019-11-04,2.21,2.31,2.37,2.16,150001
2019-11-05,2.33,2.38,2.43,2.28,176332
2019-11-06,2.4,2.25,2.42,2.23,92168
2019-11-07,2.26,2.27,2.34,2.2211,101337
2019-11-08,2.24,2.29,2.32,2.24,70478
2019-11-11,2.32,2.255,2.32,2.21,73370
2019-11-12,2.26,2.22,2.34,2.21,128330
2019-11-13,2.24,2.32,2.32,2.12,207034
2019-11-14,2.29,2.25,2.29,2.22,38311
2019-11-15,2.25,2.1,2.27,2.08,79611
2019-11-18,2.12,1.96,2.1448,1.91,176153
2019-11-19,1.96,2.1,2.13,1.9225,93671
2019-11-20,2.11,2.12,2.19,2.06,147379
2019-11-21,2.13,2.1,2.13,2.02,44319
2019-11-22,2.1,2.14,2.19,2.075,193576
2019-11-25,2.15,2.12,2.19,2.11,123105
2019-11-26,2.12,2.13,2.17,2.08,308399
2019-11-27,2.13,2.09,2.16,2.075,241954
2019-11-29,2.11,2.14,2.24,2.09,695334
2019-12-02,2.18,2.07,2.2,2.07,518187
2019-12-03,2.07,2.35,2.37,2.0,3808195
2019-12-04,2.36,2.215,2.36,2.16,771508
2019-12-05,2.21,2.29,2.3259,2.12,419042
2019-12-06,2.29,2.33,2.37,2.22,400538
2019-12-09,2.3501,2.47,2.56,2.35,871969
2019-12-10,2.5,2.74,2.76,2.4301,747320
2019-12-11,2.95,2.81,3.0,2.62,863940
2019-12-12,2.77,2.7,2.9,2.6845,317124
2019-12-13,2.74,2.38,2.79,2.3706,538650
2019-12-16,2.4,2.25,2.45,2.2056,363385
2019-12-17,2.24,2.24,2.29,2.2,498042
2019-12-18,2.21,2.19,2.26,2.16,623454
2019-12-19,2.18,2.21,2.28,2.0448,1047561
2019-12-20,2.17,2.22,2.29,2.17,970388
2019-12-23,2.25,2.28,2.38,2.16,1081193
2019-12-24,2.3,2.4,2.425,2.255,762899
2019-12-26,2.42,2.57,2.7124,2.4,1264835
2019-12-27,2.62,2.49,2.6593,2.375,737290
2019-12-30,2.48,2.38,2.49,2.35,486228
2019-12-31,2.37,2.58,2.6,2.3,463889
2020-01-02,2.6,2.68,2.79,2.42,652826
2020-01-03,2.7,2.47,2.73,2.45,398393
2020-01-06,2.43,2.39,2.518,2.37,252838
2020-01-07,2.41,2.48,2.58,2.36,208296
2020-01-08,2.51,2.71,2.75,2.44,426080
2020-01-09,2.75,2.86,3.1,2.6,1098935
2020-01-10,2.9,2.69,2.923,2.67,748010
2020-01-13,2.71,2.57,2.71,2.44,424552
2020-01-14,2.58,2.73,2.89,2.546,433918
2020-01-15,2.76,3.15,3.23,2.7319,966453
2020-01-16,3.2,3.195,3.3199,2.95,625930
2020-01-17,3.33,2.98,3.46,2.89,634046
2020-01-21,2.98,3.18,3.34,2.98,396678
2020-01-22,3.2,2.89,3.25,2.88,494240
2020-01-23,2.86,2.74,2.89,2.725,382328
2020-01-24,2.77,2.65,2.97,2.605,546971
2020-01-27,2.65,2.6,2.65,2.41,325791
2020-01-28,2.63,2.69,2.8368,2.56,322614
2020-01-29,2.71,2.74,2.7991,2.61,396842
2020-01-30,2.78,2.86,2.95,2.65,420820
2020-01-31,2.87,2.68,2.905,2.6,641953
2020-02-03,2.69,2.51,2.72,2.46,759057
2020-02-04,2.54,2.4,2.57,2.33,796975
2020-02-05,2.43,2.54,2.58,2.34,558495
2020-02-06,2.57,2.45,2.6184,2.41,507971
2020-02-07,2.44,2.35,2.4649,2.33,531633
2020-02-10,2.37,2.43,2.45,2.31,242385
2020-02-11,2.42,2.45,2.51,2.3458,465119
2020-02-12,2.46,2.44,2.51,2.39,440272
2020-02-13,2.42,2.38,2.45,2.355,256122
2020-02-14,2.38,2.4,2.43,2.34,269576
2020-02-18,2.41,2.54,2.565,2.37,502723
2020-02-19,2.57,2.53,2.69,2.495,504708
2020-02-20,2.54,2.75,2.77,2.54,728429
2020-02-21,2.76,2.82,2.87,2.64,361080
2020-02-24,2.7,2.55,2.74,2.52,678645
2020-02-25,2.59,2.39,2.68,2.35,365468
2020-02-26,2.39,2.29,2.45,2.2027,459647
2020-02-27,2.23,2.07,2.3001,2.04,647479
2020-02-28,2.01,2.06,2.16,2.0,503307
2020-03-02,2.1,2.17,2.21,2.0,405864
2020-03-03,2.14,2.17,2.2,2.0222,356669
2020-03-04,2.2,2.2,2.26,2.13,315959
2020-03-05,2.15,2.16,2.21,2.12,235389
2020-03-06,2.09,2.08,2.185,2.02,185650
2020-03-09,1.9,1.66,1.98,1.65,617963
2020-03-10,1.7,1.7,1.79,1.56,320751
2020-03-11,1.62,1.54,1.65,1.48,457265
2020-03-12,1.43,1.39,1.83,1.38,854914
2020-03-13,1.51,1.59,1.74,1.41,554950
2020-03-16,1.42,1.6,1.68,1.35,312160
2020-03-17,1.62,2.62,2.79,1.4,985547
2020-03-18,2.22,2.02,2.3,1.63,684204
2020-03-19,2.01,2.0,2.15,1.85,311883
2020-03-20,1.98,1.83,2.067,1.8,244144
2020-03-23,1.88,1.91,1.99,1.82,153544
2020-03-24,2.0,2.05,2.09,1.93,151371
2020-03-25,2.01,1.96,2.12,1.9,93230
2020-03-26,1.96,2.01,2.05,1.92,116921
2020-03-27,1.94,1.85,1.985,1.83,108636
2020-03-30,1.84,1.84,1.89,1.75,138593
2020-03-31,1.84,1.72,1.85,1.63,166002
2020-04-01,1.66,1.65,1.72,1.61,147964
2020-04-02,1.67,1.59,1.74,1.58,257111
2020-04-03,1.6,1.6,1.62,1.51,177496
2020-04-06,1.62,1.76,1.8,1.62,233830
2020-04-07,1.8,1.73,1.86,1.67,185454
2020-04-08,1.75,1.77,1.79,1.7,118977
2020-04-09,1.78,1.83,1.86,1.745,181906
2020-04-13,1.81,1.8,1.9499,1.74,190097
2020-04-14,1.84,2.06,2.1,1.82,591766
2020-04-15,1.95,2.01,2.03,1.82,163388
2020-04-16,2.02,1.87,2.0696,1.81,307174
2020-04-17,1.91,1.97,1.99,1.84,168990
2020-04-20,1.94,2.08,2.23,1.8816,505309
2020-04-21,2.09,2.02,2.1,1.92,211919
2020-04-22,2.06,1.93,2.08,1.9,166609
2020-04-23,1.93,1.87,2.0,1.85,244095
2020-04-24,2.15,2.33,2.35,2.05,1299894
2020-04-27,2.47,2.33,2.47,2.2801,626752
2020-04-28,2.4,2.13,2.44,2.12,206399
2020-04-29,2.15,2.27,2.37,2.15,218074
2020-04-30,2.2,2.08,2.3,2.06,285272
2020-05-01,2.05,2.03,2.1295,1.96,323966
2020-05-04,2.0,2.21,2.23,1.96,155810
2020-05-05,2.22,2.02,2.2532,2.01,145297
2020-05-06,2.02,2.1,2.14,1.95,259322
2020-05-07,2.11,2.24,2.32,2.11,401256
2020-05-08,2.23,2.18,2.305,2.08,348538
2020-05-11,2.17,2.17,2.2976,2.09,193703
2020-05-12,2.2,2.21,2.4,2.11,550118
2020-05-13,2.24,2.2,2.35,2.0742,174322
2020-05-14,2.13,2.19,2.21,1.99,225290
2020-05-15,2.13,2.21,2.22,2.09,131424
2020-05-18,2.22,2.23,2.34,2.2,273515
2020-05-19,2.23,2.33,2.45,2.195,434267
2020-05-20,2.37,2.43,2.45,2.32,168533
2020-05-21,2.15,2.24,2.37,2.13,563446
2020-05-22,2.29,2.32,2.3735,2.23,353562
2020-05-26,2.42,2.44,2.55,2.36,440153
2020-05-27,2.45,2.44,2.46,2.32,541516
2020-05-28,2.49,2.45,2.55,2.3,833937
2020-05-29,2.46,2.51,2.5215,2.29,498918
2020-06-01,2.55,2.43,2.55,2.41,232971
2020-06-02,2.52,2.47,2.62,2.45,220517
2020-06-03,2.55,2.36,2.62,2.31,337708
2020-06-04,2.41,2.22,2.44,2.2,327769
2020-06-05,2.26,2.36,2.39,2.26,165728
2020-06-08,2.37,2.4,2.46,2.34,164245
2020-06-09,2.4,2.33,2.4,2.27,149691
2020-06-10,2.35,2.3,2.38,2.22,170316
2020-06-11,2.26,2.02,2.29,1.98,361444
2020-06-12,2.16,2.17,2.18,2.0,220631
2020-06-15,2.15,2.23,2.25,2.0101,227236
2020-06-16,2.3,2.17,2.315,2.0925,230012
2020-06-17,2.21,2.14,2.3,2.12,248626
2020-06-18,2.23,2.12,2.23,2.1,222240
2020-06-19,2.11,2.16,2.21,2.06,377739
2020-06-22,2.18,2.16,2.2,2.0998,268552
2020-06-23,2.18,2.22,2.23,2.1,225385
2020-06-24,2.18,2.03,2.183,2.0,332003
2020-06-25,2.0,2.075,2.11,1.91,671532
2020-06-26,2.11,2.0,2.14,1.96,2299685
2020-06-29,2.04,2.0,2.0498,1.95,266122
2020-06-30,2.0,2.03,2.03,1.96,130300
2020-07-01,2.03,2.0,2.07,1.99,151950
2020-07-02,2.0307,1.95,2.04,1.94,277955
2020-07-06,2.0,2.04,2.055,1.97,240176
2020-07-07,2.03,2.06,2.09,1.98,129212
2020-07-08,2.07,2.11,2.14,2.0,240101
2020-07-09,2.11,2.03,2.1298,2.02,242687
2020-07-10,2.03,2.0,2.05,1.97,328413
2020-07-13,2.0,1.87,2.0,1.83,411002
2020-07-14,1.87,1.85,1.9,1.8,333528
2020-07-15,1.88,2.02,2.07,1.82,492272
2020-07-16,2.01,2.13,2.15,1.97,217846
2020-07-17,2.15,2.19,2.2015,2.12,189905
2020-07-20,2.18,2.29,2.3,2.15,324143
2020-07-21,2.32,2.26,2.32,2.14,157007
2020-07-22,2.26,2.25,2.35,2.21,238717
2020-07-23,2.25,2.19,2.3076,2.13,113272
2020-07-24,2.22,2.23,2.3,2.13,175366
2020-07-27,2.26,2.3,2.33,2.18,245875
2020-07-28,2.33,2.27,2.335,2.22,147380
2020-07-29,2.3,2.25,2.3,2.18,111832
2020-07-30,2.22,2.29,2.35,2.2,85520
2020-07-31,2.33,2.26,2.33,2.22,70448
2020-08-03,2.28,2.24,2.34,2.2,139140
2020-08-04,2.22,2.23,2.29,2.22,106429
2020-08-05,2.27,2.33,2.37,2.2,143761
2020-08-06,2.34,2.17,2.3499,2.15,198950
2020-08-07,2.16,2.15,2.28,2.15,151128
2020-08-10,2.3,2.36,2.47,2.25,820263
2020-08-11,2.47,2.4,2.5996,2.37,489503
2020-08-12,2.43,2.21,2.4499,2.17,257073
2020-08-13,2.26,2.33,2.39,2.22,173164
2020-08-14,2.33,2.51,2.55,2.3,293177
2020-08-17,2.52,2.57,2.69,2.5,288310
2020-08-18,2.6,2.51,2.63,2.46,144817
2020-08-19,2.51,2.51,2.59,2.4846,106538
2020-08-20,2.51,2.43,2.52,2.37,120031
2020-08-21,2.46,2.22,2.46,2.2,262428
2020-08-24,2.26,2.37,2.55,2.11,482342
2020-08-25,2.48,2.31,2.48,2.195,454612
2020-08-26,2.31,2.31,2.39,2.28,167909
2020-08-27,2.36,2.2,2.43,2.15,157751
2020-08-28,2.2,2.2,2.27,2.18,153583
2020-08-31,2.24,2.2,2.242,2.16,125372
2020-09-01,2.19,2.24,2.27,2.15,214618
2020-09-02,2.28,2.36,2.4266,2.24,291627
2020-09-03,2.37,2.21,2.45,2.18,269262
2020-09-04,2.23,2.08,2.23,2.01,322455
2020-09-08,2.06,2.09,2.16,2.02,153756
2020-09-09,2.12,2.13,2.21,2.085,125729
2020-09-10,2.11,2.1,2.18,2.08,69703
2020-09-11,2.14,2.1,2.19,2.08,72986
2020-09-14,2.12,2.22,2.24,2.1,81874
2020-09-15,2.25,2.18,2.25,2.17,90534
2020-09-16,2.2,2.25,2.29,2.185,104547
2020-09-17,2.23,2.18,2.3,2.18,67046
2020-09-18,2.18,2.15,2.2,2.11,99739
2020-09-21,2.13,2.16,2.17,2.08,136249
2020-09-22,2.16,2.06,2.1651,2.05,150045
2020-09-23,2.08,1.93,2.0899,1.91,294292
2020-09-24,1.92,2.0,2.02,1.88,166673
2020-09-25,2.02,2.07,2.1,1.9708,149922
2020-09-28,2.09,2.04,2.16,2.04,92324
2020-09-29,2.06,2.01,2.06,1.92,166731
2020-09-30,2.0,2.02,2.05,1.95,78352
2020-10-01,2.02,2.01,2.07,1.98,104917
2020-10-02,1.95,2.01,2.06,1.95,78300
2020-10-05,2.01,2.06,2.13,2.0,169382
2020-10-06,2.09,2.04,2.12,2.01,83477
2020-10-07,2.05,2.11,2.11,2.0,90204
2020-10-08,2.1,2.15,2.3,2.04,405822
2020-10-09,2.13,2.14,2.19,2.09,109048
2020-10-12,2.15,2.03,2.175,2.03,115682
2020-10-13,2.03,2.04,2.1,1.99,234387
2020-10-14,2.08,2.04,2.09,2.0,154246
2020-10-15,2.02,2.04,2.09,1.96,146360
2020-10-16,2.07,2.01,2.07,2.01,48967
2020-10-19,2.04,2.02,2.07,2.0,74533
2020-10-20,2.03,2.03,2.06,1.97,81997
2020-10-21,2.04,2.03,2.06,1.96,105607
2020-10-22,2.03,2.0,2.13,1.99,375721
2020-10-23,2.02,2.0,2.07,1.92,161394
2020-10-26,2.02,1.92,2.02,1.865,173623
2020-10-27,1.94,1.91,2.0108,1.87,103495
2020-10-28,1.91,1.88,1.99,1.85,184513
2020-10-29,1.89,1.93,1.95,1.89,80547
2020-10-30,1.95,1.86,1.95,1.82,129274
2020-11-02,1.88,1.85,1.8887,1.78,169901
2020-11-03,1.87,1.86,1.89,1.83,55481
2020-11-04,1.87,1.88,1.91,1.81,188325
2020-11-05,2.06,2.0,2.1,1.93,383530
2020-11-06,2.09,2.03,2.09,1.955,156765
2020-11-09,2.13,2.06,2.13,2.01,177775
2020-11-10,2.05,2.03,2.0769,2.03,78542
2020-11-11,2.06,2.09,2.11,2.03,80769
2020-11-12,2.1,2.13,2.2,2.08,222101
2020-11-13,2.15,2.1,2.2,2.09,129486
2020-11-16,2.14,2.07,2.14,2.04,155705
2020-11-17,2.09,2.06,2.09,2.0199,194889
2020-11-18,2.08,2.06,2.09,2.04,94950
2020-11-19,2.09,2.08,2.09,2.03,56935
2020-11-20,2.04,2.06,2.09,2.04,53243
2020-11-23,2.1,2.12,2.17,2.07,254373
2020-11-24,2.15,2.17,2.28,2.11,381841
2020-11-25,2.18,2.45,3.99,2.13,25873455
2020-11-27,2.6,2.5,2.65,2.3402,2956608
2020-11-30,2.4303,2.34,2.4303,2.18,1991276
2020-12-01,2.27,2.3,2.37,2.22,821055
2020-12-02,2.33,2.46,2.53,2.2842,1200369
2020-12-03,2.47,2.39,2.49,2.32,348459
2020-12-04,2.39,2.28,2.4,2.27,306883
2020-12-07,2.31,2.27,2.36,2.23,286200
2020-12-08,2.27,2.29,2.33,2.18,372438
2020-12-09,2.3,2.25,2.3324,2.2,282768
2020-12-10,2.25,2.3,2.35,2.24,450879
2020-12-11,2.3558,2.24,2.3579,2.2,254859
2020-12-14,3.03,2.54,3.04,2.4,23526212
2020-12-15,2.34,2.3,2.45,2.175,2104734
2020-12-16,2.3,2.24,2.3,2.2,589114
2020-12-17,2.24,2.26,2.33,2.21,612049
2020-12-18,2.26,2.22,2.31,2.22,562137
2020-12-21,2.23,2.17,2.2349,2.14,580295
2020-12-22,2.2,2.3,2.33,2.1736,479233
2020-12-23,2.2634,2.3,2.34,2.25,363580
2020-12-24,2.3,2.29,2.33,2.26,233503
2020-12-28,2.2569,2.18,2.29,2.18,350834
2020-12-29,2.19,2.11,2.19,2.07,460612
2020-12-30,2.11,2.21,2.29,2.08,370066
2020-12-31,2.19,2.16,2.25,2.16,307732
2021-01-04,2.19,2.2,2.26,2.15,441525
2021-01-05,2.25,2.24,2.3,2.19,630223
2021-01-06,2.29,2.25,2.365,2.23,537292
2021-01-07,2.25,2.38,2.38,2.25,507055
2021-01-08,2.31,2.37,2.44,2.3002,395464
2021-01-11,2.4,2.41,2.43,2.34,197901
2021-01-12,2.43,2.4,2.485,2.37,533105
2021-01-13,2.99,3.18,3.74,2.81,37708144
2021-01-14,3.07,3.26,3.3,2.95,2332088
2021-01-15,3.3,3.52,3.565,3.16,1551376
2021-01-19,3.51,3.81,3.86,3.5,1231534
2021-01-20,3.85,3.84,3.9,3.55,847235
2021-01-21,3.89,4.27,4.3,3.75,1016426
2021-01-22,4.15,4.09,4.25,3.95,520668
2021-01-25,4.055,4.09,4.1352,3.98,491393
2021-01-26,3.99,4.03,4.09,3.99,323607
2021-01-27,3.95,3.78,4.1,3.7,593900
2021-01-28,3.74,3.49,3.84,3.45,703433
2021-01-29,3.49,3.71,3.74,3.4502,322176
2021-02-01,3.66,3.61,3.7399,3.46,267546
2021-02-02,3.75,3.75,3.86,3.55,330985
2021-02-03,3.8,4.16,4.29,3.8,561487
2021-02-04,4.2,4.27,4.47,4.2,448254
2021-02-05,4.34,4.18,4.36,4.1,317091
2021-02-08,4.24,4.9,4.95,4.24,1077528
2021-02-09,4.85,4.95,5.0,4.4711,519589
2021-02-10,5.0,5.05,5.11,4.6301,400972
2021-02-11,4.9401,4.74,5.09,4.65,345640
2021-02-12,4.75,4.86,4.89,4.63,349498
2021-02-16,4.9,5.04,5.04,4.73,298964
2021-02-17,4.95,4.94,5.02,4.73,182079
2021-02-18,4.83,4.44,4.9238,4.44,273639
2021-02-19,4.53,4.9,4.9,4.47,186912
2021-02-22,4.88,4.39,4.89,4.38,364992
2021-02-23,4.3,4.04,4.31,3.58,511632
2021-02-24,3.94,4.03,4.11,3.94,195047
2021-02-25,4.15,3.78,4.27,3.74,332161
2021-02-26,3.81,3.79,3.9255,3.62,217728
2021-03-01,3.75,3.8,3.97,3.74,236460
2021-03-02,3.84,3.99,4.14,3.81,265843
2021-03-03,3.99,3.84,4.02,3.79,208837
2021-03-04,3.57,3.09,3.79,3.09,552452
2021-03-05,3.38,3.41,3.41,2.92,510960
2021-03-08,3.41,3.15,3.45,3.11,219687
2021-03-09,3.37,3.46,3.6099,3.25,268605
2021-03-10,3.57,3.5,3.65,3.38,211134
2021-03-11,3.53,3.75,3.78,3.48,316915
2021-03-12,3.68,3.72,3.76,3.57,221134
2021-03-15,3.69,3.79,3.87,3.67,206188
2021-03-16,3.86,3.79,3.88,3.68,467740
2021-03-17,3.78,4.18,4.25,3.7,334795
2021-03-18,4.4782,4.02,4.7,3.97,403631
2021-03-19,3.97,4.47,4.51,3.9,348448
2021-03-22,4.47,4.38,4.64,4.24,278058
2021-03-23,4.36,4.12,4.36,4.04,199216
2021-03-24,4.16,3.88,4.16,3.72,531353
2021-03-25,3.5,3.93,5.1,3.4101,4930427
2021-03-26,3.97,3.73,4.16,3.62,366711
2021-03-29,3.71,3.36,3.71,3.34,344547
2021-03-30,3.45,3.54,3.56,3.26,527619
2021-03-31,3.54,3.58,3.65,3.46,134416
2021-04-01,3.64,3.61,3.68,3.5271,176792
2021-04-05,3.66,3.66,3.8,3.5,381181
2021-04-06,3.75,3.52,3.75,3.51,198363
2021-04-07,3.5,3.32,3.59,3.3,377848
2021-04-08,3.32,3.34,3.45,3.26,118021
2021-04-09,3.4,3.33,3.4699,3.27,192351
2021-04-12,3.38,3.3,3.4,3.27,205936
2021-04-13,3.32,3.32,3.34,3.17,284572
2021-04-14,3.28,3.23,3.44,3.22,203818
2021-04-15,3.31,3.16,3.31,3.16,199006
2021-04-16,3.0,3.4,3.43,3.0,1971838
2021-04-19,3.4,3.1,3.4,3.08,581599
2021-04-20,3.1,3.04,3.14,3.02,440278
2021-04-21,2.98,3.15,3.2992,2.93,609368
2021-04-22,3.23,3.36,3.44,3.18,208090
2021-04-23,3.46,3.74,3.77,3.4,584303
2021-04-26,3.78,3.78,3.82,3.63,274648
2021-04-27,3.83,3.64,3.87,3.6,214712
2021-04-28,3.63,3.63,3.73,3.55,126450
2021-04-29,3.69,3.58,3.69,3.51,127107
2021-04-30,3.6,3.49,3.65,3.46,91248
2021-05-03,3.53,3.45,3.56,3.4,289064
2021-05-04,3.44,3.34,3.45,3.31,260068
2021-05-05,3.37,3.42,3.45,3.3,192965
2021-05-06,3.4,3.09,3.4,3.08,277515
2021-05-07,3.13,3.14,3.2356,3.08,343447
2021-05-10,3.15,3.0,3.2599,2.96,598461
2021-05-11,2.93,3.38,3.8,2.91,7953403
2021-05-12,3.35,3.26,3.4,3.16,536572
2021-05-13,3.2,3.16,3.31,3.08,393378
2021-05-14,3.25,3.46,3.62,3.24,433179
2021-05-17,3.44,3.59,3.65,3.36,184815
2021-05-18,3.62,3.71,3.88,3.5909,292379
2021-05-19,3.55,3.79,3.84,3.51,114649
2021-05-20,3.79,3.88,3.95,3.76,360458
2021-05-21,3.95,4.09,4.13,3.85,214480
2021-05-24,4.14,3.91,4.23,3.91,161535
2021-05-25,3.9,3.87,3.94,3.75,177115
2021-05-26,3.86,3.88,3.97,3.86,146499
2021-05-27,3.9,3.86,3.99,3.82,133249
2021-05-28,3.87,3.74,3.9457,3.74,160054
2021-06-01,3.73,3.65,3.75,3.62,170288
2021-06-02,3.65,3.58,3.75,3.52,149633
2021-06-03,3.51,3.63,3.75,3.51,170907
2021-06-04,3.65,3.64,3.75,3.63,245799
2021-06-07,3.65,3.5,3.71,3.5,119226
2021-06-08,3.5,3.56,3.59,3.36,238582
2021-06-09,3.65,3.56,3.77,3.55,162672
2021-06-10,3.58,3.67,3.75,3.47,108603
2021-06-11,3.7,3.71,3.85,3.67,376821
2021-06-14,3.76,3.99,3.99,3.7,314120
2021-06-15,4.0,3.92,4.07,3.8089,479287
2021-06-16,3.96,4.1,4.29,3.96,380467
2021-06-17,4.15,4.33,4.38,4.02,737521
2021-06-18,4.24,4.3,4.49,4.12,903093
2021-06-21,4.3,4.18,4.31,4.1,370743
2021-06-22,4.14,4.24,4.25,4.0496,282588
2021-06-23,4.23,4.39,4.48,4.08,292254
2021-06-24,4.48,4.35,4.54,4.31,247011
2021-06-25,4.38,4.2,4.38,4.08,217580
2021-06-28,4.26,4.14,4.2655,4.08,319962
2021-06-29,4.2,4.01,4.24,3.97,192475
2021-06-30,4.03,3.89,4.0478,3.87,110072
2021-07-01,3.88,4.1,4.12,3.81,181299
2021-07-02,4.09,3.89,4.22,3.86,235155
2021-07-06,3.89,3.8,3.94,3.77,189375
2021-07-07,3.8,3.58,3.81,3.5542,296403
2021-07-08,3.48,3.75,3.81,3.43,323775
2021-07-09,3.77,3.71,3.795,3.655,52527
2021-07-12,3.69,3.6,3.79,3.57,149525
2021-07-13,3.57,3.42,3.6,3.39,95246
2021-07-14,3.42,3.26,3.51,3.26,98481
2021-07-15,3.31,3.46,3.46,3.22,271510
2021-07-16,3.45,3.29,3.45,3.27,237532
2021-07-19,3.26,3.28,3.43,3.16,246487
2021-07-20,3.32,3.36,3.43,3.2,116330
2021-07-21,3.35,3.43,3.51,3.29,127095
2021-07-22,3.44,3.26,3.44,3.2,307169
2021-07-23,3.28,3.18,3.28,3.05,425484
2021-07-26,3.14,3.1,3.28,3.06,362047
2021-07-27,3.225,3.21,3.25,3.01,83748
2021-07-28,3.19,3.26,3.34,3.16,189531
2021-07-29,3.26,3.2,3.36,3.1382,97263
2021-07-30,3.22,3.16,3.23,3.11,211030
2021-08-02,3.15,3.09,3.18,3.02,174969
2021-08-03,3.12,2.91,3.17,2.88,194375
2021-08-04,2.91,2.92,2.99,2.835,81678
2021-08-05,2.93,2.87,3.05,2.85,137787
2021-08-06,2.88,3.04,3.13,2.88,198524
2021-08-09,3.02,2.96,3.12,2.96,200866
2021-08-10,2.96,2.97,3.01,2.9,117277
2021-08-11,2.98,2.92,3.06,2.87,77594
2021-08-12,2.82,2.87,2.92,2.8114,74493
2021-08-13,2.9,2.82,2.95,2.82,72723
2021-08-16,2.8,2.74,2.82,2.7,155107
2021-08-17,2.7,2.69,2.73,2.59,113365
2021-08-18,2.68,2.66,2.75,2.6348,64539
2021-08-19,2.65,2.58,2.69,2.54,61571
2021-08-20,2.56,2.45,2.58,2.41,163194
2021-08-23,2.49,2.7,2.74,2.47,120848
2021-08-24,2.7,2.63,2.73,2.45,233287
2021-08-25,2.64,2.68,2.78,2.62,48521
2021-08-26,2.68,2.64,2.74,2.56,85327
2021-08-27,2.61,2.58,2.699,2.54,88147
2021-08-30,2.58,2.71,2.85,2.58,141887
2021-08-31,2.71,2.68,2.74,2.6,42768
2021-09-01,2.68,2.73,2.82,2.6633,214162
2021-09-02,2.75,2.7,2.83,2.68,388329
2021-09-03,2.67,3.07,3.275,2.67,1994005
2021-09-07,3.1,3.01,3.23,2.88,363526
2021-09-08,3.05,3.22,3.45,3.0275,342289
2021-09-09,3.25,3.18,3.3,3.05,136591
2021-09-10,3.23,3.16,3.34,3.01,223764
2021-09-13,3.24,2.99,3.24,2.9,126550
2021-09-14,3.0,3.02,3.1,2.95,108628
2021-09-15,3.03,3.17,3.25,2.95,234544
2021-09-16,3.15,3.19,3.24,3.11,115324
2021-09-17,3.21,3.29,3.34,3.12,272913
2021-09-20,3.52,3.71,4.04,3.42,9330776
2021-09-21,3.71,3.57,3.99,3.47,993557
2021-09-22,3.53,3.49,3.56,3.3938,468922
2021-09-23,3.29,3.18,3.35,3.05,3840911
2021-09-24,3.15,3.17,3.3081,3.15,367273
2021-09-27,3.1135,3.05,3.21,3.03,463674
2021-09-28,3.02,3.08,3.14,2.945,371214
2021-09-29,3.06,2.86,3.2,2.84,531195
2021-09-30,2.88,3.05,3.19,2.88,599201
2021-10-01,3.01,3.0,3.0795,2.9,294822
2021-10-04,3.02,2.83,3.09,2.79,777050
2021-10-05,2.84,2.84,2.94,2.7601,262332
2021-10-06,2.84,2.81,2.95,2.76,145922
2021-10-07,2.82,2.76,2.9,2.73,221833
2021-10-08,2.75,2.76,2.83,2.655,213128
2021-10-11,2.75,2.73,2.7983,2.71,209557
2021-10-12,2.72,2.75,2.85,2.64,359495
2021-10-13,2.78,2.75,2.83,2.7,177825
2021-10-14,2.81,2.69,2.81,2.66,195241
2021-10-15,2.7,2.7,2.75,2.67,175389
2021-10-18,2.71,2.59,2.74,2.58,445511
2021-10-19,2.59,2.59,2.6674,2.57,197671
2021-10-20,2.6,2.74,2.75,2.59,201501
2021-10-21,2.75,2.76,2.81,2.7,330521
2021-10-22,2.75,2.67,2.75,2.62,172390
2021-10-25,2.66,2.65,2.7,2.5673,76968
2021-10-26,2.63,2.64,2.67,2.6,91328
2021-10-27,2.63,2.57,2.7,2.57,123964
2021-10-28,2.6,2.59,2.6751,2.57,168477
2021-10-29,2.57,2.56,2.64,2.53,193778
2021-11-01,2.55,2.67,2.69,2.51,81741
2021-11-02,2.68,2.64,2.69,2.57,114183
2021-11-03,2.63,2.72,2.74,2.6205,132272
2021-11-04,2.74,2.75,2.76,2.68,70795
2021-11-05,2.75,2.74,2.78,2.69,93290
2021-11-08,2.75,2.74,2.8,2.611,225372
2021-11-09,2.88,2.69,2.8805,2.68,159040
2021-11-10,2.94,2.66,3.0,2.65,207006
2021-11-11,2.63,2.65,2.73,2.6,791420
2021-11-12,2.66,2.76,2.79,2.66,171891
2021-11-15,2.79,2.76,2.82,2.73,94926
2021-11-16,2.83,2.75,2.84,2.75,104961
2021-11-17,2.72,2.68,2.79,2.65,104307
2021-11-18,2.68,2.51,2.71,2.51,194902
2021-11-19,2.51,2.63,2.67,2.46,134960
2021-11-22,2.6,2.47,2.62,2.4,190169
2021-11-23,2.52,2.4,2.63,2.22,233188
2021-11-24,2.5835,2.64,2.71,2.54,1935416
2021-11-26,2.52,2.59,2.693,2.48,338575
2021-11-29,2.73,2.42,2.73,2.42,199674
2021-11-30,2.42,2.49,2.66,2.3405,927686
2021-12-01,2.55,2.42,2.55,2.395,704661
2021-12-02,2.42,2.37,2.45,2.31,334940
2021-12-03,2.34,2.27,2.44,2.24,546731
2021-12-06,2.3,2.34,2.36,2.16,385049
2021-12-07,2.39,2.54,2.63,2.3691,414938
2021-12-08,2.59,2.72,2.82,2.59,402650
2021-12-09,2.75,2.68,2.82,2.6,293540
2021-12-10,2.725,2.58,2.78,2.56,110817
2021-12-13,2.58,2.56,2.61,2.5,147726
2021-12-14,2.51,2.46,2.55,2.45,119803
2021-12-15,2.44,2.44,2.46,2.24,338062
2021-12-16,2.44,2.33,2.48,2.31,93939
2021-12-17,2.38,2.27,2.49,2.22,551259
2021-12-20,2.28,2.41,2.45,2.21,235552
2021-12-21,2.39,2.39,2.44,2.34,160274
2021-12-22,2.37,2.35,2.4,2.3,146582
2021-12-23,2.36,2.45,2.48,2.28,217313
2021-12-27,2.45,2.4,2.5,2.34,238437
2021-12-28,2.37,2.29,2.5,2.265,253160
2021-12-29,2.26,2.37,2.43,2.26,209555
2021-12-30,2.37,2.39,2.49,2.37,207314
2021-12-31,2.39,2.42,2.55,2.39,152699
2022-01-03,2.42,2.42,2.48,2.3,188435
2022-01-04,2.44,2.27,2.4799,2.27,122094
2022-01-05,2.25,2.18,2.32,2.13,117313
2022-01-06,2.16,2.18,2.29,2.1,109914
2022-01-07,2.17,2.18,2.3,2.14,71557
2022-01-10,2.15,2.13,2.19,2.0,289192
2022-01-11,2.12,2.11,2.19,2.02,137513
2022-01-12,2.09,2.05,2.14,2.0,124612
2022-01-13,2.04,1.99,2.11,1.99,126995
2022-01-14,2.02,2.05,2.08,1.92,95871
2022-01-18,2.11,1.89,2.11,1.88,91360
2022-01-19,1.91,1.94,2.005,1.84,175004
2022-01-20,1.97,1.85,2.01,1.82,92454
2022-01-21,1.8,1.65,1.85,1.645,169689
2022-01-24,1.63,1.63,1.67,1.39,239986
2022-01-25,1.65,1.71,1.74,1.65,70044
2022-01-26,1.78,1.85,1.91,1.7498,137872
2022-01-27,1.89,1.75,1.92,1.71,105171
2022-01-28,1.75,1.86,1.91,1.73,47184
2022-01-31,1.865,2.09,2.1,1.83,198378
2022-02-01,2.08,2.26,2.33,1.91,170850
2022-02-02,2.25,1.98,2.25,1.9268,121315
2022-02-03,1.94,1.86,1.95,1.86,82045
2022-02-04,1.9,1.95,2.04,1.85,137729
2022-02-07,1.97,1.97,2.06,1.91,60710
2022-02-08,1.92,2.0,2.03,1.86,44791
2022-02-09,2.01,2.02,2.05,1.85,187852
2022-02-10,1.96,1.97,2.1408,1.93,90200
2022-02-11,1.93,2.0,2.07,1.91,63227
2022-02-14,2.01,1.93,2.07,1.93,16046
2022-02-15,1.95,2.1,2.14,1.89,105510
2022-02-16,2.07,2.04,2.1398,2.01,35259
2022-02-17,2.02,2.03,2.06,1.93,80606
2022-02-18,2.0,1.97,2.01,1.94,35721
2022-02-22,1.97,1.95,2.05,1.88,116687
2022-02-23,1.925,1.85,1.9351,1.85,46123
2022-02-24,1.75,1.84,1.99,1.61,196029
2022-02-25,1.82,1.89,1.96,1.82,61669
2022-02-28,1.895,1.98,2.1,1.87,86310
2022-03-01,1.94,2.08,2.19,1.94,58807
2022-03-02,2.06,2.2,2.23,2.05,178299
2022-03-03,2.34,2.23,2.34,2.0502,158826
2022-03-04,2.19,2.1,2.19,2.01,146575
2022-03-07,2.07,2.1,2.14,1.99,130042
2022-03-08,2.04,2.01,2.09,1.96,55961
2022-03-09,2.01,2.08,2.16,2.01,93879
2022-03-10,2.13,2.13,2.19,2.0,115520
2022-03-11,2.11,2.16,2.17,2.06,103668
2022-03-14,2.19,2.13,2.23,2.0,133745
2022-03-15,2.03,1.94,2.09,1.94,73348
2022-03-16,1.98,2.14,2.14,1.95,91293
2022-03-17,2.14,2.04,2.23,1.99,155327
2022-03-18,2.04,2.23,2.23,1.96,278249
2022-03-21,2.19,2.23,2.29,2.112,114877
2022-03-22,2.3,2.45,2.55,2.22,318579
2022-03-23,2.43,2.46,2.62,2.43,237634
2022-03-24,2.52,2.52,2.6499,2.47,195291
2022-03-25,2.54,2.35,2.5699,2.35,59840
2022-03-28,2.37,2.45,2.48,2.28,173487
2022-03-29,2.48,2.55,2.6,2.421,99323
2022-03-30,2.52,2.44,2.59,2.41,49955
2022-03-31,2.39,2.4,2.59,2.366,52715
2022-04-01,2.38,2.47,2.52,2.38,45133
2022-04-04,2.49,2.33,2.57,2.3,88245
2022-04-05,2.31,2.26,2.3673,2.26,37403
2022-04-06,2.25,2.33,2.41,2.2073,61509
2022-04-07,2.37,2.29,2.37,2.23,41584
2022-04-08,2.29,2.14,2.3,2.1,46406
2022-04-11,2.16,2.06,2.2,2.0,107640
2022-04-12,2.11,1.92,2.2,1.86,157571
2022-04-13,1.89,1.95,1.97,1.88,40395
2022-04-14,1.93,1.98,2.03,1.9,97195
2022-04-18,1.98,1.88,2.03,1.8588,121728
2022-04-19,1.89,1.92,1.96,1.87,83805
2022-04-20,1.94,1.99,2.0,1.94,50761
2022-04-21,1.98,1.85,1.99,1.805,40578
2022-04-22,1.86,1.85,1.915,1.78,195156
2022-04-25,1.84,1.85,1.89,1.77,91679
2022-04-26,1.86,1.76,1.88,1.75,56603
2022-04-27,1.73,1.67,1.75,1.65,41261
2022-04-28,1.7,1.73,1.78,1.6,108998
2022-04-29,1.7,1.7,1.83,1.65,72458
2022-05-02,1.68,1.67,1.77,1.6,94049
2022-05-03,1.66,1.71,1.79,1.6284,95505
2022-05-04,1.7005,1.73,1.75,1.63,79251
2022-05-05,1.74,1.62,1.77,1.58,83955
2022-05-06,1.69,1.4,1.69,1.38,72668
2022-05-09,1.44,1.26,1.44,1.25,133253
2022-05-10,1.28,1.32,1.51,1.28,82574
2022-05-11,1.33,1.25,1.34,1.25,44211
2022-05-12,1.28,1.07,1.3,1.02,454555
2022-05-13,1.09,1.16,1.1602,1.082,529440
2022-05-16,1.2,1.09,1.25,1.05,335358
2022-05-17,1.13,1.16,1.21,1.1,192647
2022-05-18,1.16,1.1,1.1798,1.0625,99392
2022-05-19,1.11,1.21,1.21,1.095,149685
2022-05-20,1.2,1.32,1.45,1.15,493560
2022-05-23,1.31,1.21,1.4065,1.2,125478
2022-05-24,1.26,1.12,1.26,1.08,94366
2022-05-25,1.12,1.11,1.1604,1.05,188932
2022-05-26,1.11,1.09,1.12,1.06,133666
2022-05-27,1.09,1.1,1.14,1.07,98657
2022-05-31,1.11,1.09,1.16,1.06,377536
2022-06-01,1.08,1.08,1.1,1.035,363946
2022-06-02,1.07,1.07,1.11,1.03,194811
2022-06-03,1.05,1.085,1.085,1.05,95827
2022-06-06,1.1,1.085,1.13,1.08,59562
2022-06-07,1.08,1.08,1.15,1.05,153710
2022-06-08,1.05,1.17,1.1818,1.05,123441
2022-06-09,1.17,1.17,1.2,1.16,65588
2022-06-10,1.17,1.14,1.17,1.12,40204
2022-06-13,1.1,0.9588,1.1,0.947,135538
2022-06-14,0.955,0.9801,1.02,0.95,56205
2022-06-15,0.99,1.01,1.08,0.99,376907
2022-06-16,0.9867,0.8915,1.0,0.88,275864
2022-06-17,0.919,1.04,1.05,0.9001,303630
2022-06-21,1.1,1.14,1.14,1.04,67737
2022-06-22,1.12,1.13,1.15,1.08,27421
2022-06-23,1.12,1.15,1.25,1.11,179664
2022-06-24,1.15,1.13,1.15,1.08,151764
2022-06-27,1.13,1.13,1.15,1.11,55568
2022-06-28,1.12,1.06,1.1379,1.06,131701
2022-06-29,1.07,1.04,1.07,1.0,28131
2022-06-30,0.97,1.15,1.15,0.9614,94869
2022-07-01,1.14,1.06,1.18,1.06,38949
2022-07-05,1.05,0.99,1.07,0.9191,116728
2022-07-06,1.04,0.98,1.0736,0.95,55899
2022-07-07,0.995,1.0,1.05,0.98,152316
2022-07-08,1.03,1.05,1.08,0.99,66427
2022-07-11,1.05,1.09,1.1,1.05,69354
2022-07-12,1.09,1.1,1.14,1.07,87114
2022-07-13,1.08,1.05,1.12,1.0,112893
2022-07-14,1.03,1.06,1.07,1.0,109687
2022-07-15,1.06,0.9901,1.0699,0.982,184604
2022-07-18,1.0,0.9993,1.0,0.978,36293
2022-07-19,0.9886,0.98,1.03,0.98,59263
2022-07-20,0.99,0.99,1.02,0.9802,131399
2022-07-21,0.9999,1.01,1.01,0.9901,63280
2022-07-22,1.01,1.04,1.04,1.01,33131
2022-07-25,1.1,1.01,1.1,1.0,57955
2022-07-26,1.01,1.07,1.07,1.01,68861
2022-07-27,1.06,1.03,1.0837,0.99,80271
2022-07-28,1.06,0.9519,1.06,0.9503,185818
2022-07-29,0.9986,0.9761,0.9986,0.95,85202
2022-08-01,0.9989,0.9074,0.9989,0.8261,287710
2022-08-02,0.9202,0.963,0.9739,0.91,50266
2022-08-03,1.02,0.9701,1.02,0.960001,354002
2022-08-04,0.97,1.04,1.08,0.9598,135075
2022-08-05,1.05,1.01,1.09,0.96,136478
2022-08-08,1.04,1.03,1.04,0.9721,58771
2022-08-09,1.04,0.9957,1.04,0.995,53925
2022-08-10,0.9999,0.98,1.0,0.96,157769
2022-08-11,1.03,1.09,1.17,1.02,664005
2022-08-12,1.15,1.13,1.15,1.1,453881
2022-08-15,1.14,1.09,1.17,1.08,141369
2022-08-16,1.1,1.09,1.12,1.09,165249
2022-08-17,1.09,1.03,1.1,1.0,138448
2022-08-18,1.02,1.07,1.09,1.0105,118684
2022-08-19,1.09,1.03,1.09,1.02,75354
2022-08-22,1.05,0.9927,1.05,0.960201,125544
2022-08-23,1.0,1.01,1.06,0.93,874378
2022-08-24,0.971,1.06,1.0999,0.964,276427
2022-08-25,1.08,1.05,1.08,1.01,173939
2022-08-26,1.03,0.9752,1.0377,0.96995,73954
2022-08-29,0.98,0.9849,0.9898,0.98,30783
2022-08-30,0.9812,1.0,1.0,0.96,61148
2022-08-31,0.99,1.0,1.02,0.972,61140
2022-09-01,1.01,1.05,1.07,0.97,196941
2022-09-02,1.07,1.05,1.07,1.02,76384
2022-09-06,1.04,1.01,1.08,0.9936,88704
2022-09-07,1.01,1.04,1.0519,0.992,38804
2022-09-08,1.01,1.03,1.05,1.01,56630
2022-09-09,1.04,1.095,1.1,1.02,94688
2022-09-12,1.088,1.09,1.1,1.07,92544
2022-09-13,1.03,1.04,1.09,1.03,57565
2022-09-14,1.07,1.03,1.07,1.01,47769
2022-09-15,1.04,1.14,1.1494,1.04,198528
2022-09-16,1.12,1.12,1.1293,1.045,181822
2022-09-19,1.11,1.12,1.15,1.08,95976
2022-09-20,1.11,1.03,1.11,0.98,121420
2022-09-21,1.07,0.9999,1.07,0.986151,59061
2022-09-22,1.03,0.975,1.03,0.965,48221
2022-09-23,0.9814,0.96,0.9814,0.93,47759
2022-09-26,0.9728,0.9227,1.0,0.91,31058
2022-09-27,0.92,0.8966,0.9478,0.89,66118
2022-09-28,0.9,0.9502,0.9649,0.9,100575
2022-09-29,0.9,0.9757,0.9783,0.9,29934
2022-09-30,0.98,0.95,0.9938,0.95,43747
2022-10-03,0.9975,0.99,1.0,0.9211,45547
2022-10-04,0.97,1.0,1.02,0.966,35998
2022-10-05,1.04,1.07,1.09,1.0123,97035
2022-10-06,1.05,1.07,1.1,1.05,52075
2022-10-07,1.05,1.09,1.12,1.05,101891
2022-10-10,1.11,1.2,1.25,1.05,301152
2022-10-11,1.22,1.18,1.26,1.1,291114
2022-10-12,1.17,1.12,1.18,1.061,183511
2022-10-13,1.09,1.09,1.12,1.02,116457
2022-10-14,1.11,1.05,1.11,1.02,56925
2022-10-17,1.09,1.08,1.1199,1.07,66795
2022-10-18,1.1,1.08,1.35,1.06,1829793
2022-10-19,1.08,1.09,1.13,1.02,270056
2022-10-20,1.09,1.07,1.1,1.04,87277
2022-10-21,1.05,1.06,1.09,1.0301,60215
2022-10-24,1.04,0.95,1.04,0.942,232361
2022-10-25,0.96,0.9515,0.9967,0.94,161760
2022-10-26,0.94,0.9427,0.9676,0.9298,34551
2022-10-27,0.93,0.96,0.98,0.93,35063
2022-10-28,0.9403,0.8689,0.9785,0.8689,217851
2022-10-31,0.88,0.8376,0.899899,0.8376,105680
2022-11-01,0.875,0.8366,0.875,0.825,74053
2022-11-02,0.84,0.804,0.847999,0.802,96390
2022-11-03,0.8,0.7974,0.839599,0.793,105497
2022-11-04,0.82,0.79,0.8464,0.757,118089
2022-11-07,0.8,0.7401,0.8,0.7316,66952
2022-11-08,0.77,0.7452,0.8,0.7243,84105
2022-11-09,0.750001,0.69,0.765,0.6689,99717
2022-11-10,0.7497,0.6425,0.75,0.6425,149953
2022-11-11,0.6967,0.7399,0.78255,0.684001,254497
2022-11-14,0.73,0.7292,0.74,0.7198,129667
2022-11-15,0.7411,0.749,0.779,0.74,120325
2022-11-16,0.72,0.714,0.7782,0.6997,46478
2022-11-17,0.7161,0.6474,0.7328,0.6401,212185
2022-11-18,0.65,0.658,0.6924,0.648,130215
2022-11-21,0.6951,0.6645,0.759,0.6645,83627
2022-11-22,0.665101,0.6367,0.6998,0.6366,593672
2022-11-23,0.6816,0.6217,0.6816,0.6184,138433
2022-11-25,0.6236,0.6139,0.6297,0.6,23296
2022-11-28,0.63,0.58,0.63,0.5608,70143
2022-11-29,0.5883,0.595,0.605925,0.5739,63577
2022-11-30,0.63,0.5982,0.63,0.55,231408
2022-12-01,0.6,0.6902,0.75,0.5801,399350
2022-12-02,0.78,0.789,0.809899,0.73,177465
2022-12-05,0.79,0.74,0.79,0.7228,85687
2022-12-06,0.7178,0.7033,0.74,0.7,93050
2022-12-07,0.73,0.6735,0.73,0.6607,55905
2022-12-08,0.73,0.66,0.73,0.6442,133417
2022-12-09,0.66,0.6994,0.72,0.65,201133
2022-12-12,0.74,0.7186,0.74,0.6763,77456
2022-12-13,0.72,0.7,0.7495,0.6905,94823
2022-12-14,0.679,0.68,0.72,0.677,58249
2022-12-15,0.7081,0.7363,0.7652,0.68,205160
2022-12-16,0.7,0.7209,0.775,0.7,108527
2022-12-19,0.7093,0.67,0.7175,0.6456,104307
2022-12-20,0.6303,0.6492,0.68,0.63,114448
2022-12-21,0.6403,0.691,0.7199,0.6403,119607
2022-12-22,0.6835,0.7199,0.7199,0.65,130870
2022-12-23,0.7049,0.6999,0.75245,0.6999,33454
2022-12-27,0.7276,0.735,0.7857,0.6771,135557
2022-12-28,0.7351,0.7,0.7399,0.6536,150695
2022-12-29,0.6829,0.777,0.8099,0.6829,154037
2022-12-30,0.7699,0.76,0.79,0.7201,97186
2023-01-03,0.7318,0.7415,0.7773,0.7202,78135
2023-01-04,0.7036,0.75,0.775,0.7036,135940
2023-01-05,0.7799,0.835,0.84,0.77,127500
2023-01-06,0.84,0.9101,0.915,0.82,163705
2023-01-09,0.93,0.88,0.949999,0.85,74748
2023-01-10,0.88,0.91,0.93,0.85,119952
2023-01-11,0.8825,0.93,0.9405,0.8825,45551
2023-01-12,0.91,1.07,1.0799,0.91,361342
2023-01-13,1.08,1.05,1.1,0.9891,116739
2023-01-17,1.03,1.02,1.0889,0.985,182264
2023-01-18,1.0,0.9916,1.0601,0.9916,79443
2023-01-19,1.02,1.0,1.04,0.95,1590735
2023-01-20,0.9439,1.0001,1.02,0.861,332021
2023-01-23,1.02,0.9523,1.02,0.948701,131595
2023-01-24,0.9523,0.9574,1.04,0.9501,168417
2023-01-25,1.01,0.97505,1.01,0.96,17610
2023-01-26,0.98,0.96,1.014,0.955,50264
2023-01-27,0.9474,0.94,0.95995,0.9082,108356
2023-01-30,0.9292,0.9,0.9292,0.86,107204
2023-01-31,0.8924,0.85,0.925,0.8,140897
2023-02-01,0.8963,0.8803,0.9195,0.85,77938
2023-02-02,0.92,0.9,0.93,0.8711,107048
2023-02-03,0.92,0.91,0.935,0.9,97185
2023-02-06,0.9197,0.88,0.93,0.8682,64395
2023-02-07,0.9,0.8965,0.935,0.88,90600
2023-02-08,0.9139,0.888,0.9144,0.87,50375
2023-02-09,0.87,0.8737,0.9533,0.8508,104882
2023-02-10,0.87,0.8485,0.93,0.8,137571
2023-02-13,0.84,0.815,0.87,0.78,92430
2023-02-14,0.8279,0.82,0.8467,0.81,32887
2023-02-15,0.82,0.8384,0.89,0.8147,35781
2023-02-16,0.83,0.8195,0.8614,0.81,117222
2023-02-17,0.8557,0.8551,0.86,0.84,96179
2023-02-21,0.8379,0.84,0.868839,0.82,51461
2023-02-22,0.8142,0.8138,0.8499,0.8,198793
2023-02-23,0.8107,0.7998,0.8695,0.75,103462
2023-02-24,0.7758,0.75,0.81,0.71,86574
2023-02-27,0.73,0.74,0.7799,0.73,74923
2023-02-28,0.75,0.7,0.7935,0.6736,120058
2023-03-01,0.7,0.6975,0.7111,0.6708,64798
2023-03-02,0.7058,0.67,0.7058,0.651,88007
2023-03-03,0.66,0.6799,0.68,0.65,93814
2023-03-06,0.69,0.67,0.69,0.67,40357
2023-03-07,0.69,0.663503,0.692,0.66,76622
2023-03-08,0.67,0.67,0.687899,0.651,51355
2023-03-09,0.67,0.6297,0.67,0.622001,182411
2023-03-10,0.61,0.5644,0.6519,0.56,144615
2023-03-13,0.56,0.5951,0.6326,0.56,81345
2023-03-14,0.63,0.6099,0.689999,0.6,110401
2023-03-15,0.615,0.6076,0.6199,0.585,100537
2023-03-16,0.6076,0.62,0.6274,0.5868,128301
2023-03-17,0.62,0.6298,0.65,0.6,88266
2023-03-20,0.62,0.679,0.7348,0.6,191576
2023-03-21,0.66,0.68,0.6999,0.643,146624
2023-03-22,0.68,0.6297,0.68,0.6208,50558
2023-03-23,0.6202,0.6095,0.6482,0.605,60250
2023-03-24,0.58,0.5751,0.6033,0.572,110914
2023-03-27,0.59,0.5811,0.6086,0.575,32352
2023-03-28,0.58,0.612,0.664899,0.58,122044
2023-03-29,0.6308,0.63,0.6501,0.59,289833
2023-03-30,0.6111,0.6698,0.67,0.6018,137086
2023-03-31,0.6699,0.632,0.6699,0.6,118032
2023-04-03,0.61555,0.58,0.62,0.571,235408
2023-04-04,0.5757,0.5356,0.5757,0.48,429067
2023-04-05,0.5076,0.5008,0.5443,0.5008,84925
2023-04-06,0.5,0.5772,0.5775,0.5,91976
2023-04-10,0.54,0.5625,0.569,0.5,129465
2023-04-11,0.58,0.6008,0.6246,0.5689,119299
2023-04-12,0.61,0.631,0.6394,0.6004,126600
2023-04-13,0.65,0.677,0.679686,0.6324,70353
2023-04-14,0.7,0.68435,0.7,0.6403,113751
2023-04-17,0.7,0.66,0.7094,0.66,117935
2023-04-18,0.68,0.6604,0.68,0.6601,14793
2023-04-19,0.6691,0.6712,0.68195,0.6624,36949
2023-04-20,0.6713,0.6532,0.6713,0.572,48597
2023-04-21,0.653,0.6483,0.6684,0.635,20391
2023-04-24,0.6498,0.64,0.67,0.64,36958
2023-04-25,0.628119,0.575,0.628518,0.565,62587
2023-04-26,0.6298,0.5024,0.6299,0.5022,117880
2023-04-27,0.565,0.521,0.568,0.52,91908
2023-04-28,0.53,0.53,0.5606,0.53,147841
2023-05-01,0.6164,0.5303,0.65,0.52,510987
2023-05-02,0.55,0.492,0.5597,0.492,173344
2023-05-03,0.5194,0.5389,0.5824,0.51,167926
2023-05-04,0.549,0.55,0.573,0.5395,156469
2023-05-05,0.56,0.55,0.575,0.5401,103063
2023-05-08,0.57,0.56,0.62,0.54,326086
2023-05-09,0.68,0.502,0.68,0.453,9044865
2023-05-10,0.5222,0.555,0.571,0.5152,1701484
2023-05-11,0.5466,0.5575,0.58,0.515,496746
2023-05-12,0.559,0.5555,0.57,0.555,184640
2023-05-15,0.59,0.5501,0.59,0.54,277392
2023-05-16,0.5554,0.5392,0.56,0.531,148502
2023-05-17,0.53,0.5641,0.57,0.53,167679
2023-05-18,0.55,0.57155,0.58,0.55,150745
2023-05-19,0.58,0.5694,0.5898,0.53,213986
