2020-06-17,24.58,24.4,24.58,24.4,15000
2020-06-18,24.5,24.5,24.67,24.13,22827
2020-06-19,24.49,24.45,24.5,24.3,17686
2020-06-22,24.25,24.2,24.5,24.2,20928
2020-06-23,24.25,24.2,24.25,24.13,65319
2020-06-24,24.15,23.9,24.2,23.8,32790
2020-06-25,23.85,24.15,24.25,23.6,65352
2020-06-26,24.2872,24.05,24.2872,23.95,17129
2020-06-29,24.24,24.45,24.45,24.0,47526
2020-06-30,24.51,24.45,24.5898,24.25,18799
2020-07-01,24.5,24.5,24.59,24.35,19345
2020-07-02,24.59,24.45,24.59,24.45,17091
2020-07-06,24.5,24.36,24.5,24.35,9949
2020-07-07,24.45,24.52,24.54,24.35,30246
2020-07-08,24.5,24.43,24.5,24.1,9826
2020-07-09,24.47,24.37,24.47,24.19,4827
2020-07-10,24.25,24.32,24.36,24.16,7930
2020-07-13,24.42,24.13,24.42,24.13,9537
2020-07-14,24.35,24.52,24.52,24.1,64251
2020-07-15,24.5,24.5,24.53,24.45,38521
2020-07-16,24.45,24.5,24.5,24.45,34440
2020-07-17,24.3,24.5,24.5,24.3,5593
2020-07-20,24.42,24.5,24.5,24.4104,2326
2020-07-21,24.275,24.6,24.6,24.2,25747
2020-07-22,24.6,25.0,25.1,24.59,29122
2020-07-23,24.9,24.9,24.95,24.85,20347
2020-07-24,24.95,24.87,24.95,24.7,14642
2020-07-27,24.88,24.9,24.94,24.78,10251
2020-07-28,24.895,24.9317,25.0,24.8145,6576
2020-07-29,24.93,25.09,25.09,24.93,21355
2020-07-30,25.09,25.05,25.09,25.005,6868
2020-07-31,25.1,25.06,25.35,25.06,5238
2020-08-03,25.18,25.02,25.18,24.98,13129
2020-08-04,25.19,24.9701,25.1902,24.9701,10692
2020-08-05,25.07,25.13,25.15,25.0658,5425
2020-08-06,25.19,25.15,25.2,25.15,4928
2020-08-07,25.16,25.09,25.21,25.05,10428
2020-08-10,25.22,25.275,25.275,25.06,14538
2020-08-11,24.81,25.14,25.33,24.81,12494
2020-08-12,25.32,25.2,25.35,25.0726,10785
2020-08-13,25.5,25.35,25.5,25.35,18852
2020-08-14,25.35,25.33,25.5,25.265,28079
2020-08-17,25.5297,25.495,25.55,25.45,7654
2020-08-18,25.7,25.35,25.7,25.21,57109
2020-08-19,25.4,25.52,25.52,25.24,8424
2020-08-20,25.51,25.3,25.51,25.28,25361
2020-08-21,25.33,25.5,25.52,25.3,5653
2020-08-24,25.54,25.4,25.6,25.4,22973
2020-08-25,25.58,25.4,25.63,25.35,33432
2020-08-26,25.37,25.31,25.39,25.24,183164
2020-08-27,25.39,25.3,25.47,25.3,2740
2020-08-28,25.44,25.4,25.44,25.26,14238
2020-08-31,25.42,25.47,25.49,25.39,9359
2020-09-01,25.5,25.57,25.58,25.4334,28225
2020-09-02,25.58,25.73,25.73,25.58,20422
2020-09-03,25.72,25.65,25.72,25.55,11411
2020-09-04,25.65,25.65,25.65,25.53,13373
2020-09-08,25.65,25.75,25.75,25.62,17517
2020-09-09,25.79,25.85,25.85,25.75,13441
2020-09-10,25.87,25.99,25.99,25.85,12745
2020-09-11,25.99,25.73,25.99,25.55,44705
2020-09-14,25.5,25.48,25.5,25.27,29418
2020-09-15,25.48,25.39,25.58,25.32,33563
2020-09-16,25.44,25.48,25.48,25.27,24314
2020-09-17,25.36,25.48,25.48,25.36,10945
2020-09-18,25.5,25.39,25.5,25.32,7523
2020-09-21,25.33,25.38,25.38,24.97,17094
2020-09-22,25.43,25.58,25.58,25.372,9989
2020-09-23,25.46,25.55,25.6,25.45,14725
2020-09-24,25.54,25.5,25.55,25.35,20180
2020-09-25,25.5,25.52,25.57,25.36,9458
2020-09-28,25.52,25.44,25.56,25.33,24968
2020-09-29,25.37,25.5,25.6,25.35,6343
2020-09-30,25.54,25.65,25.66,25.5158,6229
2020-10-01,25.505,25.98,25.98,25.505,13727
2020-10-02,25.75,25.95,25.98,25.65,12800
2020-10-05,25.62,25.6,25.7,25.49,21091
2020-10-06,25.62,25.8855,25.8855,25.61,3454
2020-10-07,25.765,25.95,25.98,25.75,3863
2020-10-08,25.8487,26.0,26.0,25.81,12567
2020-10-09,25.9895,26.0,26.0,25.85,3131
2020-10-12,25.99,26.0,26.0,25.82,11502
2020-10-13,26.0,26.0,26.14,25.9937,8494
2020-10-14,26.12,26.0,26.12,25.75,17103
2020-10-15,25.95,26.0,26.0,25.95,1255
2020-10-16,26.0,26.0,26.0,26.0,499
2020-10-19,26.0,26.0,26.0,25.925,4583
2020-10-20,25.99,26.1,26.1,25.88,24546
2020-10-21,26.1,26.04,26.1,26.0,5948
2020-10-22,26.03,26.1,26.1,25.88,10672
2020-10-23,26.1,26.1,26.1,25.8768,11146
2020-10-26,26.1,26.2499,26.25,26.1,10746
2020-10-27,26.145,26.19,26.2399,26.0977,4668
2020-10-28,25.9675,26.12,26.15,25.9017,5820
2020-10-29,25.92,26.13,26.14,25.83,4022
2020-10-30,NaN,26.13,NaN,NaN,106
2020-11-02,26.0,26.16,26.2,25.74,5413
2020-11-03,26.0,26.25,26.25,26.0,4063
2020-11-04,26.25,26.3,26.49,25.85,12376
2020-11-05,26.5,26.49,26.5,26.25,4436
2020-11-06,26.5,26.47,26.5,26.045,855
2020-11-09,26.5,26.6,26.62,25.6,6568
2020-11-10,26.5,26.97,26.97,26.425,20038
2020-11-11,26.5,26.6,26.8,26.495,15928
2020-11-12,26.6,26.45,26.6,26.2,9906
2020-11-13,26.6,26.31,26.6,26.31,4880
2020-11-16,26.55,26.4201,26.55,26.4201,2503
2020-11-17,26.6,26.39,26.6,26.38,12196
2020-11-18,26.75,26.75,26.75,26.75,610
2020-11-19,26.42,26.5,26.7,26.42,6618
2020-11-20,26.4101,26.5525,26.7032,26.4,9225
2020-11-23,26.48,26.65,26.66,26.45,2884
2020-11-24,26.47,26.77,26.78,26.45,10531
2020-11-25,26.77,26.665,26.79,26.5,4209
2020-11-27,26.7999,26.7999,26.7999,26.7999,808
2020-11-30,26.668,26.725,26.8,26.668,2082
2020-12-01,26.695,26.82,26.95,26.695,3885
2020-12-02,26.8,26.8201,27.0,26.8,7868
2020-12-03,27.04,27.04,27.06,26.7501,3090
2020-12-04,27.06,27.0,27.21,26.8001,2938
2020-12-07,26.896,27.2,27.2,26.8,5797
2020-12-08,27.2,27.35,27.35,27.1811,6354
2020-12-09,27.3,27.35,27.35,27.2495,4857
2020-12-10,27.03,27.42,27.42,27.03,4272
2020-12-11,27.3,27.6,27.6,27.185,7620
2020-12-14,27.4,27.24,27.4,26.9998,9540
2020-12-15,27.1,27.0696,27.21,26.72,7227
2020-12-16,26.76,26.82,26.99,26.68,5712
2020-12-17,26.8,27.0,27.39,26.8,6923
2020-12-18,27.18,27.2322,27.27,27.01,2086
2020-12-21,27.01,27.39,27.39,27.01,2089
2020-12-22,27.37,27.37,27.37,27.37,200
2020-12-23,27.38,27.38,27.38,27.2627,1603
2020-12-24,NaN,27.38,NaN,NaN,0
2020-12-28,27.333,27.21,27.39,27.21,2659
2020-12-29,27.3899,27.35,27.4,27.06,5881
2020-12-30,27.37,27.37,27.37,27.37,395
2020-12-31,27.3966,27.47,27.48,27.25,4936
2021-01-04,27.248,27.08,27.4134,27.07,3709
2021-01-05,27.0873,27.4,27.42,27.075,3498
2021-01-06,27.2,27.47,27.48,27.2,6086
2021-01-07,27.44,27.39,27.44,27.01,3956
2021-01-08,27.1632,27.18,27.2,27.1632,1012
2021-01-11,27.02,26.67,27.02,26.669,6562
2021-01-12,26.51,26.405,26.73,26.28,5189
2021-01-13,26.65,26.43,26.68,26.43,2312
2021-01-14,26.6355,26.42,26.67,26.42,1621
2021-01-15,26.7,27.01,27.05,26.6306,9663
2021-01-19,27.47,27.47,27.47,27.285,2796
2021-01-20,27.25,27.48,27.48,27.0,6160
2021-01-21,27.28,27.6,27.6,27.26,5670
2021-01-22,27.6,27.5,27.6,27.5,4327
2021-01-25,27.8,27.8,27.8,27.8,1360
2021-01-26,27.69,27.22,27.69,26.92,6197
2021-01-27,27.22,27.25,27.39,27.22,12356
2021-01-28,27.03,27.03,27.03,27.03,192
2021-01-29,27.24,27.055,27.24,27.055,246
2021-02-01,27.125,27.125,27.125,27.125,319
2021-02-02,27.13,27.65,27.65,27.13,7759
2021-02-03,27.6499,27.74,27.74,27.21,5779
2021-02-04,27.7,27.74,27.75,27.7,3846
2021-02-05,27.74,27.75,27.75,27.74,1821
2021-02-08,27.59,27.6,27.95,27.59,4626
2021-02-09,27.95,27.5501,27.95,27.55,2322
2021-02-10,27.59,27.74,27.75,27.56,1572
2021-02-11,27.74,27.55,27.845,27.55,4690
2021-02-12,27.7,27.7,27.7,27.7,308
2021-02-16,27.45,27.2901,27.65,27.2901,9203
2021-02-17,27.4499,27.75,27.75,27.36,1398
2021-02-18,27.555,27.555,27.555,27.555,1200
2021-02-19,27.5001,27.85,27.85,27.5001,1659
2021-02-22,NaN,27.85,NaN,NaN,141
2021-02-23,27.5,27.4201,27.81,27.4201,5059
2021-02-24,NaN,27.4201,NaN,NaN,239
2021-02-25,27.4,27.4131,27.5565,27.39,2957
2021-02-26,27.2444,27.335,27.335,27.21,2052
2021-03-01,27.59,27.23,27.59,27.1793,7831
2021-03-02,27.31,27.31,27.31,27.31,584
2021-03-03,27.32,27.27,27.6,27.27,1471
2021-03-04,27.5229,27.4,27.5229,27.4,769
2021-03-05,27.46,27.385,27.46,27.17,1566
2021-03-08,27.39,27.66,27.66,27.39,4694
2021-03-09,27.7,27.77,27.77,27.7,301
2021-03-10,27.78,27.75,27.78,27.3001,5305
2021-03-11,27.63,27.6195,27.78,27.48,2840
2021-03-12,27.32,27.18,27.32,27.1708,2703
2021-03-15,27.4,27.67,27.77,27.188,3840
2021-03-16,27.22,27.35,27.45,27.1733,5614
2021-03-17,27.32,27.5,27.5,27.32,2244
2021-03-18,27.25,27.29,27.35,27.24,1584
2021-03-19,27.2168,27.1,27.22,26.85,5367
2021-03-22,27.35,27.165,27.35,27.165,853
2021-03-23,27.35,27.35,27.35,27.35,1158
2021-03-24,27.45,27.3,27.67,27.05,6380
2021-03-25,27.2999,27.35,27.3901,27.2015,1284
2021-03-26,27.516,27.5,27.67,27.23,7109
2021-03-29,27.5,27.65,27.65,27.2501,7787
2021-03-30,27.6,27.465,27.6,27.465,638
2021-03-31,27.45,27.455,27.455,27.45,814
2021-04-01,27.3959,27.5,27.5126,27.37,2502
2021-04-05,27.68,27.61,27.68,27.52,2418
2021-04-06,27.4,27.42,27.5231,27.4,3872
2021-04-07,27.55,27.538,27.72,27.538,2917
2021-04-08,27.52,27.7,27.7,27.52,1817
2021-04-09,27.55,27.82,27.87,27.55,7527
2021-04-12,27.5795,27.5795,27.5795,27.5795,371
2021-04-13,27.6047,27.8,27.83,27.6047,2965
2021-04-14,27.8499,27.5,27.8499,27.4944,1137
2021-04-15,27.571,27.5765,27.5765,27.51,1202
2021-04-16,27.48,27.71,27.75,27.48,3218
2021-04-19,NaN,27.71,NaN,NaN,10
2021-04-20,27.53,27.47,27.53,27.47,1313
2021-04-21,27.6,28.26,28.26,27.5999,5721
2021-04-22,28.48,27.7953,28.48,27.7953,1093
2021-04-23,28.4152,28.4152,28.4152,28.4152,295
2021-04-26,27.8041,28.4,28.4,27.8041,6523
2021-04-27,27.85,27.8,27.85,27.6239,4213
2021-04-28,28.005,28.005,28.005,28.005,214
2021-04-29,28.0373,27.59,28.0373,27.48,1629
2021-04-30,27.75,27.73,27.75,27.73,401
2021-05-03,27.9783,27.878,27.99,27.878,1904
2021-05-04,27.8269,27.7,28.0,27.68,4043
2021-05-05,27.68,27.68,27.8,27.68,6448
2021-05-06,27.9,27.6506,27.9,27.6506,667
2021-05-07,NaN,27.6506,NaN,NaN,0
2021-05-10,27.61,27.65,27.65,27.61,776
2021-05-11,27.62,27.62,27.62,27.62,1296
2021-05-12,27.62,27.61,27.8,27.61,1130
2021-05-13,27.85,27.6101,27.85,27.61,606
2021-05-14,27.7402,27.85,27.85,27.7402,1720
2021-05-17,27.85,27.67,27.85,27.65,3537
2021-05-18,27.7,27.61,27.7,27.61,1023
2021-05-19,27.61,27.67,27.84,27.37,2577
2021-05-20,27.6914,27.4245,27.6914,27.4245,665
2021-05-21,NaN,27.4245,NaN,NaN,0
2021-05-24,27.6934,27.61,27.6934,27.61,322
2021-05-25,27.79,27.8,27.8,27.7015,3440
2021-05-26,27.8,27.8,27.8,27.8,1002
2021-05-27,27.8,27.8,27.8,27.8,244
2021-05-28,NaN,27.8,NaN,NaN,0
2021-06-01,NaN,27.8,NaN,NaN,27
2021-06-02,28.0,27.79,28.0,27.75,1727
2021-06-03,27.95,28.0,28.0,27.88,1522
2021-06-04,27.81,27.81,27.81,27.75,7705
2021-06-07,28.0,27.92,28.0,27.67,2584
2021-06-08,27.9262,27.8846,27.9262,27.7483,1098
2021-06-09,27.56,27.84,27.85,27.56,1106
2021-06-10,27.8668,27.9,27.9,27.8668,1068
2021-06-11,27.9,27.9,27.9,27.85,4042
2021-06-14,27.52,27.82,27.9,27.52,2791
2021-06-15,27.51,27.4101,27.89,27.4101,1912
2021-06-16,27.38,27.9,27.9,27.38,2667
2021-06-17,27.45,27.95,27.95,27.45,3589
2021-06-18,27.9499,27.9499,27.95,27.9499,1800
2021-06-21,27.74,27.65,27.94,27.65,4777
2021-06-22,27.61,27.61,27.61,27.61,210
2021-06-23,27.95,27.97,27.97,27.95,6239
2021-06-24,27.7325,27.7,27.75,27.6,8087
2021-06-25,27.55,27.625,27.625,27.4708,1110
2021-06-28,27.52,27.55,27.56,27.5,1755
2021-06-29,27.56,27.56,27.56,27.56,130
2021-06-30,27.57,27.592,27.75,27.55,4563
2021-07-01,27.665,27.75,27.75,27.665,6324
2021-07-02,NaN,27.75,NaN,NaN,11
2021-07-06,27.7,27.8564,27.91,27.7,3077
2021-07-07,27.7465,27.948,27.96,27.7,5228
2021-07-08,27.66,27.83,27.96,27.66,2346
2021-07-09,27.85,27.99,27.99,27.85,7336
2021-07-12,27.98,27.99,27.99,27.98,3010
2021-07-13,27.8,27.76,27.8,27.73,10070
2021-07-14,27.58,27.6109,27.82,27.56,4863
2021-07-15,NaN,27.6109,NaN,NaN,117
2021-07-16,27.85,27.8,27.85,27.8,4372
2021-07-19,27.56,27.99,28.0,27.48,14792
2021-07-20,27.9876,27.61,27.9876,27.61,11618
2021-07-21,27.9399,27.75,27.9399,27.75,960
2021-07-22,27.77,27.715,27.8,27.715,2374
2021-07-23,27.7,27.79,27.79,27.51,1500
2021-07-26,27.77,27.92,28.0,27.75,3431
2021-07-27,28.0,27.74,28.1,27.68,16469
2021-07-28,28.0,27.69,28.0,27.6867,2669
2021-07-29,28.0444,28.0,28.0444,28.0,2091
2021-07-30,27.71,28.0,28.0,27.71,483
2021-08-02,27.5401,27.9692,28.0,27.5401,3262
2021-08-03,28.0,28.05,28.05,28.0,2679
2021-08-04,28.05,28.1,28.1,28.0,1433
2021-08-05,28.1,27.7,28.1,27.7,2797
2021-08-06,27.85,28.25,28.25,27.85,5034
2021-08-10,28.2067,28.33,28.33,27.81,5930
2021-08-11,28.57,27.93,28.59,27.93,1216
2021-08-12,28.05,28.2768,28.2768,28.05,367
2021-08-13,28.28,28.28,28.28,27.57,3041
2021-08-16,27.91,28.3,28.3,27.91,931
2021-08-17,28.0,28.33,28.38,28.0,6634
2021-08-18,28.05,28.05,28.05,27.63,5600
2021-08-19,NaN,28.05,NaN,NaN,67
2021-08-20,28.3062,28.05,28.3062,28.05,2022
2021-08-23,27.825,28.3666,28.3666,27.6,10060
2021-08-24,27.65,27.88,27.914,27.65,2694
2021-08-26,27.76,28.0697,28.0697,27.65,748
2021-08-27,28.1399,28.1399,28.1399,28.1399,334
2021-08-30,28.23,28.23,28.23,28.23,520
2021-08-31,27.95,28.0,28.19,27.95,4035
2021-09-01,28.08,28.2,28.2,27.7501,2649
2021-09-02,28.0,28.0,28.0,28.0,212
2021-09-03,28.0116,28.0116,28.0116,28.0116,160
2021-09-07,27.83,27.85,27.9999,27.83,4001
2021-09-08,27.925,28.1,28.29,27.925,3041
2021-09-09,28.0468,28.0468,28.0468,28.0468,258
2021-09-10,28.43,28.048,28.43,27.94,7421
2021-09-13,28.2187,28.25,28.25,27.96,4686
2021-09-14,27.96,27.9,28.05,27.65,6613
2021-09-15,27.678,27.99,27.99,27.65,5757
2021-09-16,28.0,27.9999,28.0,27.8431,3544
2021-09-17,28.0,27.7501,28.0,27.7501,4586
2021-09-20,27.95,27.67,27.99,27.47,10381
2021-09-21,27.75,27.86,27.98,27.54,10000
2021-09-22,NaN,27.86,NaN,NaN,64
2021-09-23,27.5675,27.6,27.96,27.55,8294
2021-09-24,27.64,27.6989,27.89,27.57,5485
2021-09-27,27.61,27.68,27.68,27.58,850
2021-09-28,27.6396,27.47,27.6396,27.47,2832
2021-09-29,27.5697,27.77,27.8,27.5697,5053
2021-09-30,27.79,27.8957,27.8957,27.6,5047
2021-10-01,27.88,27.73,27.8987,27.55,4407
2021-10-04,27.65,28.04,28.04,27.65,3696
2021-10-05,27.9,27.77,28.0,27.6,5904
2021-10-06,27.85,27.85,27.85,27.85,3067
2021-10-07,27.855,28.05,28.05,27.66,2810
2021-10-08,27.81,27.95,28.05,27.81,1348
2021-10-11,27.7,27.73,27.75,27.7,528
2021-10-12,NaN,27.73,NaN,NaN,35
2021-10-13,27.57,28.05,28.05,27.57,5510
2021-10-14,27.7101,27.7101,27.7101,27.7101,654
2021-10-15,27.95,27.8838,27.9999,27.8838,2588
2021-10-18,27.8794,27.785,27.8794,27.785,431
2021-10-19,27.9999,28.0,28.0,27.9999,400
2021-10-20,28.0,28.0,28.0,27.99,4976
2021-10-21,28.0,28.0,28.0,28.0,2861
2021-10-22,27.8,28.0,28.0,27.8,2009
2021-10-25,27.81,27.61,27.81,27.61,2535
2021-10-26,27.7,27.7,27.7,27.7,1096
2021-10-27,27.86,28.0,28.0,27.86,3126
2021-10-28,27.91,28.0,28.0,27.68,3423
2021-10-29,27.71,27.84,28.0,27.6901,3210
2021-11-01,28.0,28.0,28.0,28.0,521
2021-11-02,27.75,27.85,27.85,27.75,6249
2021-11-04,27.986,27.97,28.0,27.9,3057
2021-11-05,27.824,27.9699,27.9699,27.824,375
2021-11-08,27.81,27.7301,27.97,27.69,5931
2021-11-09,28.0,27.76,28.0,27.76,857
2021-11-10,27.8257,27.9193,27.9193,27.8257,422
2021-11-11,27.73,27.98,27.98,27.73,696
2021-11-12,NaN,27.98,NaN,NaN,62
2021-11-15,27.8,27.7203,27.8,27.7203,749
2021-11-16,27.9674,27.9674,27.9674,27.9674,341
2021-11-18,NaN,27.9674,NaN,NaN,73
2021-11-19,27.95,28.0,28.0,27.95,1620
2021-11-22,27.79,27.75,27.8301,27.75,3472
2021-11-24,27.7296,27.72,27.73,27.71,1230
2021-11-26,27.7,27.72,27.7,27.65,660
2021-11-29,27.14,27.55,27.55,27.1101,676
2021-11-30,27.72,27.8999,27.8999,27.72,731
2021-12-01,27.295,27.545,27.7862,27.295,639
2021-12-02,27.75,27.75,27.75,27.75,197
2021-12-03,27.97,27.75,27.97,27.75,841
2021-12-06,27.5,27.6,27.6,27.47,3599
2021-12-07,27.75,27.69,27.75,27.52,3489
2021-12-08,27.74,27.95,27.9698,27.735,1285
2021-12-09,27.92,27.5186,27.92,27.5186,500
2021-12-10,27.75,27.99,27.99,27.6,12281
2021-12-13,27.8,27.885,27.99,27.8,3527
2021-12-14,27.61,27.2717,27.61,27.25,2559
2021-12-15,27.16,27.18,27.34,27.16,3272
2021-12-16,27.56,27.45,27.56,27.3,7711
2021-12-17,27.45,27.45,27.45,27.45,684
2021-12-20,27.45,27.54,27.54,27.4,4301
2021-12-21,27.5,27.5,27.5,27.5,1930
2021-12-22,27.5,27.54,27.54,27.5,1542
2021-12-23,27.35,27.4,27.54,27.35,2169
2021-12-27,27.53,27.53,27.53,27.53,275
2021-12-28,27.54,27.55,27.55,27.47,4207
2021-12-29,27.36,27.36,27.36,27.36,214
2021-12-30,27.29,27.24,27.36,27.17,17443
2021-12-31,27.93,27.2897,27.93,27.2897,3856
2022-01-03,27.4,27.46,27.46,27.4,981
2022-01-04,27.45,27.2701,27.45,27.2701,1871
2022-01-05,27.5,27.5,27.5,27.5,976
2022-01-06,27.48,27.48,27.48,27.48,2122
2022-01-07,27.6699,27.69,27.69,27.1692,5738
2022-01-10,27.6899,27.6899,27.6899,27.6899,152
2022-01-11,27.2994,27.2994,27.2994,27.2994,400
2022-01-12,27.2994,27.29,27.32,27.29,1659
2022-01-13,27.47,27.47,27.47,27.47,1269
2022-01-14,NaN,27.47,NaN,NaN,20
2022-01-18,NaN,27.47,NaN,NaN,89
2022-01-19,27.64,27.6181,27.64,27.6181,465
2022-01-20,27.5,27.54,27.6,27.3,11047
2022-01-21,27.0801,27.0801,27.0801,27.0801,562
2022-01-24,27.69,26.8986,27.69,26.75,8983
2022-01-25,27.36,27.03,27.36,27.01,935
2022-01-26,26.9065,26.97,27.4997,26.9065,5027
2022-01-27,26.86,26.69,27.25,26.69,4409
2022-01-31,26.5,26.53,26.53,26.0201,4642
2022-02-01,26.53,27.13,27.13,26.53,3169
2022-02-02,26.81,26.7,27.12,26.6,6778
2022-02-03,26.52,26.6,26.62,26.52,2950
2022-02-04,26.64,26.7112,26.7112,26.64,3090
2022-02-07,27.3,27.25,27.3,27.25,2470
2022-02-08,26.77,26.85,26.85,26.77,1584
2022-02-09,26.7701,26.64,26.7701,26.64,4014
2022-02-10,26.67,26.5,26.7252,26.5,6396
2022-02-11,26.13,26.13,26.13,26.13,264
2022-02-14,26.21,26.14,26.27,26.01,4551
2022-02-15,26.7,26.3,26.7,26.3,2190
2022-02-16,26.5,26.5999,26.5999,26.5,569
2022-02-17,26.65,26.57,26.65,26.57,1423
2022-02-18,26.85,26.85,26.85,26.85,1046
2022-02-22,26.9,26.2503,26.98,26.2503,1851
2022-02-23,26.6,26.62,26.7,26.41,1028
2022-02-24,26.6,26.32,26.6,26.32,783
2022-02-25,26.95,26.95,26.95,26.95,300
2022-02-28,26.4273,26.43,26.43,26.4273,405
2022-03-02,26.41,26.3001,26.4239,26.3001,1330
2022-03-03,26.3001,26.3001,26.3001,26.3001,414
2022-03-08,26.94,26.25,26.94,26.25,1426
2022-03-09,26.375,26.01,26.375,26.0,7225
2022-03-10,26.27,26.25,26.27,26.25,606
2022-03-11,26.25,26.01,26.25,26.01,458
2022-03-14,25.51,25.51,25.51,25.51,1701
2022-03-15,25.31,25.44,25.44,25.31,1801
2022-03-16,25.95,26.14,26.29,25.9,5115
2022-03-21,25.86,25.75,25.87,25.75,4064
2022-03-24,25.75,26.2,26.4,25.75,2261
2022-03-25,26.0,26.0,26.0,26.0,328
2022-03-28,25.7501,26.7,26.7,25.7501,1904
2022-03-29,27.6,26.2367,27.61,26.2367,1402
2022-03-30,26.59,26.46,26.59,26.15,1765
2022-03-31,26.5097,26.5097,26.5097,26.5097,792
2022-04-01,26.14,25.5101,26.255,25.5101,14355
2022-04-04,26.51,26.51,26.52,26.1,10540
2022-04-05,26.46,26.46,26.46,26.46,101
2022-04-06,25.85,26.4539,26.4539,25.85,783
2022-04-07,25.8338,26.12,26.12,25.8338,1005
2022-04-08,26.125,26.125,26.125,26.125,100
2022-04-11,26.25,25.668,26.25,25.4,10577
2022-04-12,25.9,25.97,26.4331,25.43,8261
2022-04-13,25.6191,25.6191,25.6191,25.6191,167
2022-04-18,25.65,26.5099,26.5099,25.65,548
2022-04-19,25.55,25.58,25.75,25.4105,12505
2022-04-20,25.795,25.6,25.795,25.6,1005
2022-04-21,25.65,25.73,25.73,25.65,853
2022-04-22,25.75,25.4,25.75,25.4,4056
2022-04-25,25.41,25.45,25.45,25.4,3284
2022-04-27,25.32,25.32,25.32,25.32,334
2022-04-28,25.3,25.03,25.3001,25.03,983
2022-04-29,25.5,25.45,25.5,25.45,1052
2022-05-02,25.44,25.4499,25.45,25.15,2395
2022-05-03,25.5,25.4,25.5,25.4,1605
2022-05-04,25.4,25.5241,25.638,25.4,2481
2022-05-05,25.5,25.5876,25.62,25.5,1230
2022-05-06,25.3,25.5,25.5,25.3,2700
2022-05-09,25.07,25.5,25.5,25.07,804
2022-05-10,25.12,25.28,25.28,25.05,1871
2022-05-11,25.28,25.4,25.4,25.28,1030
2022-05-13,25.2772,25.45,25.45,25.2772,576
2022-05-17,25.7,25.7,25.7,25.7,511
2022-05-19,25.22,25.16,25.22,25.16,4165
2022-05-20,26.47,25.25,26.47,25.25,2152
2022-05-23,25.1851,25.23,25.23,25.0634,2290
2022-05-24,25.28,25.25,25.33,25.1,760
2022-05-25,25.3,26.25,26.4339,25.3,3295
2022-05-26,26.37,25.3598,26.37,25.3598,926
2022-05-27,25.8,25.4,25.8,25.4,718
2022-05-31,26.39,26.29,26.39,25.27,2007
2022-06-01,25.65,25.65,25.65,25.65,654
2022-06-03,25.51,25.51,25.51,25.51,359
2022-06-06,25.51,25.6,25.6,25.51,2913
2022-06-07,25.895,25.895,25.895,25.895,271
2022-06-09,25.53,25.5,25.53,25.5,397
2022-06-10,25.55,25.55,25.55,25.55,251
2022-06-13,25.5,25.25,25.5,25.25,681
2022-06-14,25.1999,25.12,25.1999,25.1186,4983
2022-06-15,25.25,25.2797,25.28,24.95,2370
2022-06-16,24.6701,24.75,24.79,24.64,2489
2022-06-17,24.55,25.2799,25.2799,24.55,652
2022-06-21,25.08,24.8,25.294,24.7202,4827
2022-06-22,24.8,25.0,25.1,24.8,1246
2022-06-23,25.1,25.1,25.1,25.1,347
2022-06-24,25.11,25.12,25.14,25.11,1214
2022-06-29,25.25,25.2,25.25,25.0,1210
2022-06-30,25.53,25.55,25.55,25.25,2540
2022-07-01,25.69,25.6999,25.7,25.66,983
2022-07-05,25.4,25.15,25.4501,25.15,1393
2022-07-06,25.35,25.55,25.55,25.35,1592
2022-07-07,25.65,25.17,25.6707,24.8,21761
2022-07-08,25.09,25.1,25.1,24.95,2616
2022-07-11,25.09,24.99,25.13,24.8803,1807
2022-07-12,25.15,25.08,25.15,25.08,1354
2022-07-13,24.87,24.95,25.14,24.55,11441
2022-07-14,24.85,25.0,25.01,24.85,1392
2022-07-18,25.18,25.18,25.18,25.17,2835
2022-07-19,25.4,26.2999,26.2999,25.06,4210
2022-07-22,25.21,25.4,25.4,25.21,460
2022-07-25,25.4,25.28,25.4,25.27,6825
2022-07-26,25.28,25.2701,25.28,25.27,1243
2022-07-27,25.3,25.34,25.34,25.3,2307
2022-07-28,25.35,25.35,25.5,25.35,1469
2022-07-29,25.26,25.5,25.5,25.26,259
2022-08-03,25.77,25.4003,25.77,25.4,1285
2022-08-04,25.47,25.47,25.47,25.47,189
2022-08-05,25.53,26.5,26.74,25.4602,2227
2022-08-08,25.78,25.76,25.78,25.76,840
2022-08-09,25.75,25.65,25.75,25.65,1100
2022-08-10,25.65,25.47,25.65,25.46,4000
2022-08-11,25.9,25.85,25.9497,25.85,700
2022-08-12,26.08,26.15,26.385,26.08,6169
2022-08-15,26.58,26.58,26.58,26.58,354
2022-08-17,25.43,26.0,26.41,25.43,4890
2022-08-18,26.41,26.4099,26.41,26.4099,1043
2022-08-23,25.5,25.6,25.65,25.5,2002
2022-08-25,25.68,25.8,26.075,25.68,2195
2022-08-26,26.32,25.5201,26.32,25.5201,800
2022-08-29,25.63,25.62,25.9832,25.62,837
2022-08-30,25.6839,25.6839,25.6839,25.6839,185
2022-08-31,25.72,25.73,25.73,25.72,301
2022-09-01,25.55,25.3501,25.55,25.35,1756
2022-09-02,25.55,25.45,25.6047,25.45,828
2022-09-06,25.4,25.4,25.4,25.4,500
2022-09-07,25.41,25.36,25.525,25.35,950
2022-09-08,25.4,25.25,25.545,25.25,1730
2022-09-09,25.54,25.4,25.54,25.4,550
2022-09-12,25.39,25.4,25.4,25.3489,3879
2022-09-13,25.305,25.305,25.305,25.305,620
2022-09-14,25.3,25.46,25.47,25.3,2839
2022-09-15,25.4001,25.33,25.4001,25.33,4654
2022-09-16,25.119,25.452,25.452,25.119,473
2022-09-19,25.06,24.95,25.06,24.95,1600
2022-09-20,25.03,25.43,25.44,24.95,4566
2022-09-21,25.14,25.15,25.15,25.04,701
2022-09-22,25.1,25.15,25.15,25.01,1509
2022-09-23,25.0201,25.15,25.15,24.95,3051
2022-09-26,25.05,24.875,25.05,24.8,3248
2022-09-27,25.49,24.7,25.53,24.65,7580
2022-09-28,24.875,24.875,24.875,24.875,303
2022-09-29,25.5,25.14,25.5,25.14,454
2022-09-30,24.7,24.75,25.0,24.6001,3244
2022-10-03,24.25,24.36,24.9995,24.25,32614
2022-10-04,24.4,24.16,24.5,24.07,6851
2022-10-05,24.5,24.2,24.75,24.2,6557
2022-10-06,24.3,24.35,24.5,24.3,1161
2022-10-07,24.36,23.9,24.36,23.9,1845
2022-10-10,23.9,23.124,24.465,23.124,4643
2022-10-11,23.11,24.0,24.5491,23.11,2470
2022-10-12,23.675,23.74,23.74,23.675,1240
2022-10-13,23.6867,23.85,23.99,23.3601,4187
2022-10-14,23.85,23.0,23.8501,23.0,2601
2022-10-17,23.59,23.4999,23.59,23.05,2003
2022-10-18,23.7,23.7,23.7,23.7,651
2022-10-19,23.25,23.17,23.25,23.17,2657
2022-10-20,23.2931,22.75,23.2931,22.62,1521
2022-10-21,22.65,23.832,23.832,22.65,2477
2022-10-24,22.75,23.175,23.175,22.4,4817
2022-10-25,22.5,22.98,23.1,22.42,2706
2022-10-26,23.498,23.0,23.498,23.0,737
2022-10-28,23.14,22.9528,23.1401,22.9528,1041
2022-10-31,24.0,24.0,24.0,24.0,1197
2022-11-01,23.5,23.0,23.5,23.0,2042
2022-11-02,23.54,22.4001,23.54,22.4001,1876
2022-11-03,22.808,22.4,22.808,22.4,3720
2022-11-04,23.0,23.0,23.0,23.0,876
2022-11-07,23.0,23.45,23.45,23.0,2352
2022-11-08,23.238,23.44,23.45,23.238,1427
2022-11-09,23.4,24.4,24.4,23.4,6489
2022-11-10,25.1,25.1,25.1,25.1,1036
2022-11-14,23.5,23.5101,23.5101,23.5,2069
2022-11-15,24.35,24.065,24.816,23.8,5502
2022-11-16,24.06,24.06,24.06,24.06,117
2022-11-17,24.74,24.97,25.0,24.335,12104
2022-11-18,24.4,24.439,24.99,24.4,2294
2022-11-21,24.77,25.0,25.0,24.5619,2865
2022-11-22,25.0,24.855,25.16,24.72,5839
2022-11-23,25.04,24.77,25.04,24.77,819
2022-11-28,24.77,24.77,24.905,24.71,1600
2022-11-29,25.04,24.7034,25.04,24.7034,567
2022-11-30,25.01,25.2,25.55,24.95,7735
2022-12-01,25.19,25.2,25.2,25.18,1806
2022-12-02,25.17,25.16,25.17,24.585,1438
2022-12-05,24.22,25.01,25.57,24.22,2730
2022-12-06,26.37,25.0,26.37,24.98,5264
2022-12-07,24.75,25.4799,25.48,24.75,1931
2022-12-08,25.45,25.55,25.63,24.67,6141
2022-12-09,25.25,24.9999,25.26,24.95,3518
2022-12-12,24.9,25.0,25.3899,24.9,1433
2022-12-13,24.785,26.53,26.53,24.785,1915
2022-12-14,24.75,24.5,24.75,24.5,2775
2022-12-15,24.5,24.35,24.5,24.1101,2617
2022-12-16,24.5,26.1522,26.46,24.5,4164
2022-12-19,25.4999,24.31,25.4999,24.1,2303
2022-12-20,24.01,23.52,24.7699,23.26,5811
2022-12-21,24.19,24.58,24.59,23.6,6228
2022-12-22,24.6,23.64,24.6,23.59,3093
2022-12-23,24.0,24.17,24.17,24.0,614
2022-12-27,23.31,22.73,23.31,22.3001,11804
2022-12-28,22.5501,22.8,22.88,22.35,3180
2022-12-29,22.79,22.77,22.79,22.335,3107
2022-12-30,23.35,22.7001,24.0,22.7,2817
2023-01-03,23.83,23.1525,24.6781,22.0,2558
2023-01-04,23.07,23.05,24.0,22.07,2790
2023-01-05,23.445,23.5,23.5,23.3806,1578
2023-01-06,23.9999,23.0,23.9999,22.74,3577
2023-01-09,23.25,24.75,24.75,23.25,441
2023-01-10,24.7499,24.7499,24.7499,24.7499,258
2023-01-11,24.3997,24.7,24.75,24.35,2067
2023-01-12,23.28,24.015,24.7499,23.28,1444
2023-01-13,24.7499,24.125,24.7499,23.31,4312
2023-01-17,24.0,24.0,24.0,24.0,1300
2023-01-18,24.0,24.3,24.75,24.0,2954
2023-01-19,24.34,24.32,24.75,24.3014,2173
2023-01-20,24.4903,24.65,24.65,24.3,2490
2023-01-23,24.31,24.5,24.51,24.3,2032
2023-01-24,24.3,24.75,24.75,24.3,3262
2023-01-25,24.65,25.85,25.85,24.65,2253
2023-01-26,25.4,24.3002,25.4,24.25,6649
2023-01-27,24.3,24.5,24.7894,24.3,1459
2023-01-30,24.5,24.45,24.5628,24.3,3646
2023-01-31,24.4,24.4,24.4,24.4,1071
2023-02-01,24.4,24.3896,24.4,24.31,2112
2023-02-02,24.37,24.55,24.625,24.37,3901
2023-02-03,24.49,24.53,24.6,24.49,788
2023-02-06,24.6899,24.6299,24.69,24.58,4463
2023-02-07,24.5,24.5001,24.63,24.5,3099
2023-02-08,24.47,24.66,24.66,24.47,872
2023-02-09,24.6599,24.66,24.66,24.6599,1122
2023-02-10,24.66,24.6337,24.66,24.585,2634
2023-02-13,24.3,24.66,24.66,24.26,4532
2023-02-14,24.31,24.58,24.58,24.27,939
2023-02-15,24.6599,24.6599,24.66,24.6599,1365
2023-02-16,24.5,24.5842,24.64,24.5,1213
2023-02-21,24.58,24.6363,24.66,24.55,4345
2023-02-22,24.66,24.66,24.66,24.58,2044
2023-02-23,24.68,24.54,24.69,24.54,3971
2023-02-24,24.51,24.6899,24.6899,24.51,1680
2023-02-28,24.5775,24.6894,24.6894,24.5775,765
2023-03-01,24.51,24.5001,24.67,24.5001,726
2023-03-02,24.51,24.6,24.68,24.5,4787
2023-03-03,24.502,24.5,24.52,24.5,1851
2023-03-06,24.66,24.3001,24.69,24.276,2741
2023-03-07,24.35,24.6,24.6,24.2,1804
2023-03-09,24.5961,24.39,24.6,24.2,1657
2023-03-10,24.5,24.5,24.5,24.5,260
2023-03-13,21.6097,22.5,22.55,21.6097,2806
2023-03-14,23.06,22.87,23.78,21.2501,13009
2023-03-15,20.9075,21.2919,23.08,20.9075,3770
2023-03-16,22.1344,22.191,22.25,21.3,2119
2023-03-17,21.775,21.7,22.15,19.0001,18950
2023-03-20,21.16,22.5,23.09,21.16,6237
2023-03-21,22.5,21.0,22.5001,21.0,4660
2023-03-22,21.3435,21.83,21.8343,21.3435,1790
2023-03-23,22.05,20.95,22.05,20.95,1630
2023-03-24,20.11,20.65,21.5,20.11,2124
2023-03-27,20.9,22.0552,22.0552,20.7,2625
2023-03-28,21.88,21.49,21.95,21.46,857
2023-03-29,21.5,20.73,21.5001,20.1669,3193
2023-03-30,21.55,21.8312,22.0992,20.95,2765
2023-03-31,21.9354,21.72,22.176,21.03,3074
2023-04-03,21.335,21.4975,21.9999,21.27,3042
2023-04-04,21.35,21.7,21.7296,21.35,2710
2023-04-05,21.72,21.15,22.25,21.11,9698
2023-04-06,21.68,21.254,21.68,21.11,3951
2023-04-10,22.3975,21.1212,22.4227,21.02,3382
2023-04-11,21.02,21.0997,21.475,20.75,3943
2023-04-12,20.98,20.57,21.05,20.57,4315
2023-04-13,21.5,21.05,22.05,20.78,6609
2023-04-14,21.0,20.6,21.25,20.5,5335
2023-04-17,20.5,20.75,20.75,20.5,812
2023-04-18,20.75,21.25,21.25,20.18,4130
2023-04-19,21.18,20.66,21.21,20.2489,4967
2023-04-20,20.38,21.1955,21.1955,19.5,7013
2023-04-21,21.1273,20.5,21.77,20.24,10331
2023-04-24,20.22,19.4501,20.635,18.9,16624
2023-04-25,19.41,20.0,20.49,19.41,2927
2023-04-26,19.94,19.74,20.3,19.2,13380
2023-04-27,19.89,20.3704,20.3704,19.875,1256
2023-04-28,20.2,19.75,20.2,19.75,2518
2023-05-01,19.8,18.9597,19.8,18.9597,3161
2023-05-02,18.76,18.5,19.2,18.5,7019
2023-05-03,18.51,16.81,19.5,16.43,10849
2023-05-04,16.12,17.5,17.5,15.75,27156
2023-05-05,17.5,16.6,17.9481,16.57,16534
2023-05-08,17.06,18.3961,18.8249,16.0001,15519
2023-05-09,17.0,17.5,18.72,16.66,9233
2023-05-10,17.11,17.5,17.9632,17.1,6989
2023-05-11,17.0501,17.7,17.8,17.0501,3251
2023-05-12,17.59,17.79,17.9584,17.5,2787
2023-05-15,17.35,17.7,18.09,17.19,10726
2023-05-16,17.35,17.9765,18.09,17.35,2818
2023-05-17,18.09,18.64,18.64,17.84,5106
2023-05-18,18.6299,18.6,18.6299,17.72,4006
2023-05-19,18.61,18.64,18.64,18.06,3547
