2011-05-23,0.0125,0.01,0.0125,0.008,197892
2011-05-24,0.008,0.008,0.008,0.008,1800
2011-06-06,0.008,0.008,0.008,0.008,3500
2011-06-09,0.008,0.008,0.008,0.008,200
2011-06-10,0.008,0.008,0.008,0.008,5000
2011-06-16,0.008,0.008,0.008,0.008,1000
2011-06-21,0.008,0.008,0.008,0.008,10400
2011-06-22,0.007,0.007,0.007,0.007,30000
2011-06-23,0.006,0.005,0.006,0.005,81200
2011-06-24,0.005,0.005,0.005,0.005,60000
2011-06-27,0.005,0.007,0.007,0.005,65400
2011-06-28,0.007,0.0085,0.0175,0.007,98530
2011-07-06,0.0085,0.0085,0.0085,0.0085,60000
2011-07-07,0.0085,0.0085,0.0085,0.0085,15500
2011-07-08,0.008,0.0041,0.008,0.0031,84704
2011-07-11,0.0041,0.0042,0.0047,0.0041,96700
2011-07-12,0.0041,0.0041,0.0041,0.0041,22800
2011-07-13,0.0041,0.0034,0.0041,0.0033,74240
2011-07-14,0.0034,0.0034,0.0034,0.0034,135714
2011-07-15,0.0035,0.0033,0.005,0.0033,68200
2011-07-18,0.005,0.005,0.005,0.005,600
2011-07-19,0.005,0.005,0.005,0.005,5300
2011-07-22,0.005,0.005,0.005,0.005,2000
2011-07-26,0.005,0.005,0.005,0.005,150
2011-07-27,0.005,0.005,0.005,0.005,2000
2011-07-29,0.005,0.005,0.005,0.005,2000
2011-08-01,0.005,0.005,0.005,0.005,1000
2011-08-02,0.005,0.005,0.005,0.005,300
2011-08-03,0.005,0.005,0.005,0.005,200
2011-08-04,0.007,0.006,0.0085,0.006,40000
2011-08-05,0.0052,0.0052,0.0052,0.0052,12000
2011-08-09,0.01,0.02,0.024,0.01,194082
2011-08-10,0.024,0.008,0.024,0.008,85400
2011-08-11,0.015,0.015,0.015,0.015,5000
2011-08-15,0.0125,0.0105,0.0125,0.0105,45459
2011-08-17,0.0105,0.0075,0.0105,0.0075,105000
2011-08-26,0.01,0.01,0.01,0.01,20200
2011-08-29,0.013,0.014,0.016,0.013,77100
2011-09-02,0.016,0.016,0.016,0.016,1940
2011-09-14,0.015,0.013,0.015,0.013,65500
2011-09-19,0.013,0.013,0.013,0.013,9477
2011-09-26,0.0123,0.0123,0.0123,0.0123,5250
2011-09-29,0.0123,0.0123,0.0123,0.0123,2000
2011-10-06,0.0123,0.0123,0.0123,0.0123,15000
2011-10-13,0.0118,0.0098,0.0118,0.0098,26073
2011-10-14,0.0123,0.0063,0.0123,0.0063,10000
2011-10-18,0.0063,0.0063,0.0063,0.0063,3000
2011-10-27,0.01,0.01,0.01,0.01,1200
2011-11-03,0.01,0.01,0.01,0.01,5200
2011-11-04,0.01,0.01,0.01,0.01,6500
2011-11-07,0.01,0.01,0.01,0.01,900
2011-11-11,0.01,0.01,0.01,0.01,2500
2011-11-14,0.01,0.01,0.01,0.01,910
2011-11-17,0.01,0.01,0.01,0.01,4500
2011-11-18,0.01,0.0085,0.01,0.0085,15000
2011-11-23,0.0085,0.0085,0.0085,0.0085,10000
2011-11-28,0.0085,0.0045,0.0085,0.0045,117000
2011-11-29,0.0065,0.0065,0.0065,0.0065,5200
2011-11-30,0.0065,0.0055,0.0065,0.0055,10000
2011-12-01,0.0055,0.0055,0.0055,0.0055,40000
2011-12-08,0.0045,0.0045,0.0045,0.0045,3541
2011-12-12,0.0055,0.0055,0.0055,0.0055,3500
2011-12-13,0.0055,0.0055,0.0055,0.0055,22500
2011-12-14,0.0055,0.0045,0.0055,0.0045,10000
2011-12-30,0.0045,0.0045,0.0045,0.0045,5000
2012-01-09,0.0045,0.0045,0.0045,0.0045,26200
2012-01-11,0.0045,0.0045,0.0045,0.0045,5800
2012-01-12,0.0045,0.0045,0.0045,0.0045,1000
2012-01-19,0.0045,0.0045,0.0045,0.0045,3000
2012-01-26,0.0045,0.0045,0.0045,0.0045,7900
2012-01-30,0.0045,0.0045,0.0045,0.0045,3100
2012-02-08,0.005,0.005,0.005,0.005,13900
2012-02-21,0.0045,0.0045,0.0045,0.0045,3500
2012-02-28,0.0045,0.0045,0.0045,0.0045,5000
2012-02-29,0.0042,0.0042,0.0042,0.0042,5000
2012-03-15,0.0042,0.0042,0.0042,0.0042,22714
2012-03-20,0.0042,0.0042,0.0042,0.0042,500
2012-03-21,0.0042,0.0042,0.0042,0.0042,16143
2012-04-13,0.0042,0.0042,0.0042,0.0042,2000
2012-04-16,0.0042,0.0042,0.0042,0.0042,4526
2012-04-25,0.0042,0.0042,0.0042,0.0042,2600
2012-04-26,0.0042,0.0042,0.0042,0.0042,3500
2012-05-02,0.0042,0.0042,0.0042,0.0042,300
2012-05-09,0.0042,0.0042,0.0042,0.0042,2154
2012-06-04,0.005,0.005,0.005,0.005,25000
2012-06-05,0.0042,0.0042,0.0042,0.0042,5000
2012-06-07,0.005,0.005,0.005,0.005,29800
2012-06-13,0.005,0.005,0.005,0.005,50000
2012-06-15,0.005,0.005,0.005,0.005,55341
2012-06-26,0.0043,0.0043,0.0043,0.0043,4800
2012-07-23,0.007,0.007,0.007,0.007,5000
2012-08-06,0.008,0.008,0.008,0.008,5000
2012-08-09,0.008,0.008,0.008,0.008,3500
2012-08-10,0.009,0.009,0.009,0.009,4205
2012-08-20,0.009,0.009,0.009,0.009,100
2012-09-13,0.009,0.009,0.009,0.009,7500
2012-09-18,0.009,0.009,0.009,0.009,4000
2012-11-12,0.01,0.01,0.01,0.01,10500
2012-11-13,0.01,0.01,0.01,0.01,200
2012-11-21,0.01,0.01,0.01,0.01,300
2012-12-03,0.01,0.01,0.01,0.01,2500
2012-12-11,0.01,0.01,0.01,0.01,175
2012-12-13,0.01,0.01,0.01,0.01,5000
2012-12-28,0.015,0.015,0.015,0.015,2000
2013-01-04,0.015,0.015,0.015,0.015,1200
2013-01-09,0.015,0.02,0.02,0.015,4576
2013-01-16,0.015,0.015,0.015,0.015,6000
2013-01-24,0.015,0.015,0.015,0.015,3900
2013-01-30,0.02,0.02,0.02,0.02,3450
2013-03-13,0.018,0.018,0.018,0.018,14604
2013-04-04,0.018,0.018,0.018,0.018,3500
2013-04-09,0.018,0.018,0.018,0.018,4500
2013-04-12,0.018,0.018,0.018,0.018,1250
2013-04-18,0.018,0.018,0.018,0.018,1600
2013-05-06,0.018,0.015,0.02,0.015,27650
2013-05-09,0.015,0.015,0.015,0.015,4000
2013-05-24,0.015,0.015,0.015,0.015,8470
2013-05-30,0.015,0.015,0.015,0.015,2000
2013-06-14,0.015,0.015,0.015,0.015,5000
2013-06-21,0.015,0.015,0.015,0.0101,21762
2013-06-27,0.012,0.012,0.012,0.012,500
2013-07-01,0.02,0.02,0.02,0.02,5881
2013-07-17,0.014,0.014,0.014,0.014,807
2013-07-22,0.014,0.014,0.014,0.014,1475
2013-08-01,0.015,0.015,0.015,0.015,2000
2013-08-20,0.02,0.02,0.02,0.02,10000
2013-08-21,0.02,0.02,0.02,0.02,40000
2013-09-10,0.02,0.02,0.02,0.02,1685
2013-09-11,0.02,0.02,0.02,0.02,1500
2013-09-12,0.02,0.02,0.02,0.02,4000
2013-10-08,0.02,0.02,0.02,0.02,2200
2013-10-21,0.02,0.02,0.02,0.02,200
2013-10-22,0.02,0.02,0.02,0.02,410
2013-10-23,0.02,0.02,0.02,0.02,5000
2013-10-31,0.02,0.02,0.02,0.02,9000
2013-11-06,0.02,0.02,0.02,0.02,4000
2013-11-11,0.02,0.02,0.02,0.02,2000
2013-11-15,0.02,0.02,0.02,0.02,5000
2013-11-21,0.02,0.02,0.02,0.02,500
2013-11-22,0.02,0.02,0.02,0.02,4000
2013-11-27,0.02,0.02,0.02,0.02,9000
2013-12-03,0.02,0.02,0.02,0.02,1500
2013-12-06,0.02,0.02,0.02,0.02,10000
2013-12-10,0.01,0.016,0.016,0.01,53700
2013-12-12,0.017,0.017,0.017,0.017,15300
2013-12-16,0.017,0.017,0.017,0.017,23000
2013-12-18,0.015,0.015,0.015,0.015,25000
2013-12-20,0.017,0.015,0.017,0.015,52961
2013-12-23,0.015,0.015,0.015,0.015,3000
2013-12-27,0.015,0.015,0.015,0.015,27500
2013-12-30,0.01,0.01,0.01,0.01,800
2013-12-31,0.01,0.01,0.01,0.01,3300
2014-01-23,0.015,0.015,0.015,0.015,40000
2014-01-29,0.02,0.02,0.02,0.02,10000
2014-06-12,0.0055,0.0055,0.0055,0.0055,0
2014-06-18,0.0068,0.0068,0.0068,0.0068,40000
2014-06-19,0.0071,0.0071,0.0071,0.0071,30000
2014-08-01,0.006,0.006,0.006,0.006,42700
2014-08-05,0.006,0.006,0.006,0.006,70000
2014-10-02,0.0071,0.0071,0.0071,0.0071,38709
2014-10-21,1.0E-4,1.0E-4,1.0E-4,1.0E-4,2200
2014-11-10,1.0E-4,1.0E-4,1.0E-4,1.0E-4,1000
2014-11-12,1.0E-4,1.0E-4,1.0E-4,1.0E-4,5000
2014-12-19,0.0055,0.0055,0.0055,0.0055,3000
2015-01-06,1.0E-4,1.0E-4,1.0E-4,1.0E-4,40000
2015-01-30,0.001,0.001,0.001,0.001,2225
2015-02-05,0.005,0.005,0.005,0.005,100
2015-02-06,0.006,0.006,0.006,0.006,25500
2015-02-11,0.01,0.01,0.01,0.01,24700
2015-03-11,1.0E-4,1.0E-4,1.0E-4,1.0E-4,1000
2015-03-12,NaN,1.0E-4,NaN,NaN,0
2015-05-11,1.0E-4,1.0E-4,1.0E-4,1.0E-4,100
2021-12-06,9.85,9.85,9.85,9.85,100
2021-12-07,9.86,9.7,9.89,9.7,14603
2021-12-09,9.7,9.75,9.75,9.7,128508
2021-12-10,9.75,9.74,9.75,9.74,66545
2021-12-13,9.74,9.74,9.76,9.72,20305
2021-12-14,9.74,9.71,9.74,9.69,84945
2021-12-15,9.71,9.71,9.71,9.71,6
2021-12-21,9.73,9.73,9.73,9.73,1583
2021-12-23,9.73,9.73,9.73,9.73,361750
2021-12-27,9.74,9.74,9.74,9.74,35890
2021-12-29,9.86,9.76,9.86,9.76,553
2021-12-31,NaN,9.76,NaN,NaN,11
2022-01-03,9.72,9.7,9.725,9.7,400756
2022-01-04,9.72,9.72,9.74,9.72,94851
2022-01-05,9.72,9.72,9.73,9.72,355714
2022-01-06,9.74,9.72,9.74,9.72,20213
2022-01-07,9.75,9.75,9.75,9.75,100
2022-01-10,9.74,9.75,9.75,9.74,60092
2022-01-11,9.75,9.75,9.75,9.75,150200
2022-01-12,9.73,9.74,9.74,9.73,3402
2022-01-13,9.75,9.76,9.76,9.75,2106
2022-01-14,9.76,9.76,9.76,9.75,18560
2022-01-18,9.74,9.72,9.74,9.72,7413
2022-01-19,9.75,9.73,9.75,9.73,57308
2022-01-20,9.73,9.73,9.73,9.72,77121
2022-01-21,9.74,9.73,9.75,9.7,389120
2022-01-25,9.73,9.73,9.73,9.72,3073
2022-01-26,9.73,9.73,9.73,9.73,5466
2022-01-27,9.72,9.725,9.735,9.69,194803
2022-01-28,9.7,9.7,9.7,9.7,1186
2022-02-01,9.76,9.75,9.76,9.74,103740
2022-02-02,9.76,9.78,9.78,9.73,27376
2022-02-03,9.78,9.78,9.78,9.78,0
2022-02-04,9.75,9.76,9.78,9.7,10120
2022-02-07,9.78,9.785,9.785,9.78,5489
2022-02-08,9.73,9.79,9.79,9.73,54247
2022-02-09,9.79,9.79,9.79,9.79,0
2022-02-10,9.76,9.77,9.79,9.76,629524
2022-02-11,9.77,9.77,9.77,9.77,0
2022-02-14,9.76,9.79,9.79,9.76,1044
2022-02-15,9.79,9.79,9.79,9.79,0
2022-02-16,9.77,9.78,9.79,9.75,1409
2022-02-17,9.78,9.78,9.78,9.78,502670
2022-02-18,9.78,9.78,9.78,9.78,676000
2022-02-24,9.77,9.78,9.78,9.75,4119
2022-02-25,9.78,9.78,9.78,9.78,456000
2022-02-28,9.79,9.8,9.8,9.79,6386
2022-03-01,9.81,9.82,9.825,9.81,113212
2022-03-02,9.82,9.82,9.82,9.82,0
2022-03-03,9.81,9.81,9.81,9.81,1850
2022-03-04,9.82,9.82,9.82,9.82,428
2022-03-07,9.82,9.82,9.82,9.82,1251
2022-03-08,9.82,9.82,9.82,9.82,5
2022-03-11,9.81,9.81,9.81,9.81,525
2022-03-14,9.8043,9.8043,9.8043,9.8043,3090
2022-03-15,9.79,9.79,9.8,9.78,15335
2022-03-21,9.81,9.81,9.81,9.81,1503
2022-03-22,9.79,9.79,9.79,9.79,57649
2022-03-23,9.79,9.79,9.79,9.79,2553
2022-03-24,9.825,9.83,9.83,9.82,408605
2022-03-25,9.82,9.83,9.83,9.81,10984
2022-03-29,9.83,9.83,9.83,9.83,3927
2022-03-31,9.85,9.86,9.86,9.85,27817
2022-04-01,9.87,9.85,9.87,9.85,1413
2022-04-04,9.855,9.86,9.86,9.84,10709
2022-04-05,9.8509,9.84,9.8509,9.84,3912
2022-04-06,9.84,9.84,9.84,9.84,204
2022-04-07,9.87,9.87,9.87,9.87,11710
2022-04-08,9.87,9.85,9.87,9.84,999855
2022-04-11,9.86,9.85,9.87,9.85,398471
2022-04-12,9.85,9.85,9.85,9.85,1070
2022-04-18,9.85,9.86,9.86,9.85,3580
2022-04-22,9.85,9.85,9.85,9.85,107
2022-04-25,9.86,9.85,9.86,9.85,100847
2022-04-26,9.88,9.855,9.88,9.85,20300
2022-04-27,9.85,9.85,9.85,9.85,208676
2022-04-28,9.86,9.86,9.86,9.86,200
2022-04-29,9.86,9.86,9.86,9.86,124
2022-05-02,9.87,9.87,9.87,9.87,3536
2022-05-04,9.86,9.86,9.86,9.85,3270
2022-05-05,9.86,9.86,9.86,9.86,100
2022-05-09,9.85,9.85,9.85,9.85,5750
2022-05-10,9.85,9.85,9.85,9.85,36000
2022-05-12,9.85,9.85,9.85,9.85,114732
2022-05-17,9.8,9.8,9.8,9.8,1000000
2022-05-19,9.84,9.83,9.84,9.83,3801
2022-05-20,9.83,9.83,9.8301,9.82,82086
2022-05-23,9.82,9.83,9.84,9.82,16201
2022-05-24,9.83,9.83,9.84,9.83,19001
2022-05-25,9.84,9.84,9.84,9.84,28700
2022-05-26,9.84,9.8,9.84,9.8,2803
2022-05-31,9.82,9.84,9.84,9.78,183396
2022-06-01,9.84,9.84,9.84,9.84,2421
2022-06-02,9.86,9.86,9.86,9.86,259
2022-06-03,9.83,9.81,9.83,9.81,37124
2022-06-06,9.8,9.8,9.8,9.8,100
2022-06-08,9.84,9.84,9.84,9.84,5819
2022-06-09,9.82,9.82,9.82,9.82,2395
2022-06-14,9.82,9.81,9.82,9.81,706
2022-06-16,9.83,9.84,9.84,9.83,20033
2022-06-17,9.81,9.81,9.81,9.81,2967
2022-06-21,9.81,9.81,9.82,9.81,28861
2022-06-22,9.81,9.82,9.82,9.78,127674
2022-06-28,9.86,9.85,9.86,9.85,1925
2022-06-30,9.85,9.85,9.85,9.85,191
2022-07-06,9.825,9.825,9.825,9.825,101232
2022-07-08,9.83,9.83,9.83,9.83,4570
2022-07-11,9.84,9.85,9.87,9.84,22975
2022-07-12,9.865,9.86,9.865,9.86,480000
2022-07-14,9.85,9.85,9.85,9.825,7356
2022-07-18,9.85,9.865,9.865,9.85,824833
2022-07-21,9.8,9.87,9.87,9.8,149320
2022-07-22,9.87,9.87,9.87,9.87,200
2022-07-25,9.84,9.84,9.84,9.84,3500
2022-07-26,9.87,9.91,9.91,9.87,94785
2022-07-27,9.925,9.93,9.93,9.92,34378
2022-07-28,9.91,9.91,9.93,9.9,76442
2022-07-29,9.88,9.91,9.91,9.88,5146
2022-08-01,9.92,9.91,9.93,9.88,5940
2022-08-02,9.88,9.92,9.92,9.88,22218
2022-08-03,9.88,9.96,9.96,9.88,655
2022-08-04,9.885,9.885,9.885,9.885,203
2022-08-05,9.97,9.9,9.97,9.88,1571
2022-08-08,9.92,9.92,9.92,9.92,109
2022-08-09,9.96,9.89,9.96,9.885,600
2022-08-10,9.88,9.88,9.9,9.88,12621
2022-08-12,9.89,9.88,9.9,9.88,889
2022-08-16,9.89,9.86,9.89,9.86,4792
2022-08-17,9.95,9.9,9.95,9.9,201
2022-08-19,9.95,9.86,9.95,9.86,449
2022-08-22,9.88,9.9,9.9,9.88,5398
2022-08-23,9.88,9.88,9.88,9.87,647
2022-08-24,9.94,9.94,9.94,9.94,140
2022-08-25,9.94,9.92,9.94,9.92,404
2022-08-30,9.9,9.9,9.9,9.88,320
2022-09-01,9.93,9.87,10.0,9.86,633976
2022-09-02,9.76,9.9,9.9,9.76,5857
2022-09-07,9.9,9.9,9.9,9.9,200
2022-09-09,9.912,9.912,9.912,9.912,3075
2022-09-12,9.93,9.9,9.94,9.88,18499
2022-09-13,9.92,9.93,9.93,9.92,134560
2022-09-15,9.92,9.91,9.92,9.91,416
2022-09-20,9.88,9.8835,9.8835,9.88,6101
2022-09-21,9.88,9.88,9.88,9.88,2691
2022-09-22,9.905,9.88,9.905,9.88,6175
2022-09-23,9.8801,9.8801,9.8801,9.8801,3000
2022-09-26,9.88,9.88,9.88,9.88,1234
2022-09-27,9.92,9.88,9.93,9.88,19833
2022-09-29,9.9,9.9,9.9,9.9,6390
2022-09-30,9.91,9.91,9.91,9.91,100
2022-10-07,9.9,9.9,9.9,9.9,100
2022-10-10,9.89,9.89,9.89,9.89,100
2022-10-17,9.89,9.91,9.91,9.89,1269
2022-10-19,9.91,9.934,9.935,9.91,24775
2022-10-21,9.94,9.94,9.94,9.94,1568
2022-10-24,9.94,9.94,9.94,9.94,9861
2022-10-25,9.94,9.95,9.95,9.94,102705
2022-10-26,9.96,9.96,9.96,9.94,77708
2022-11-02,10.01,10.01,10.01,10.01,140
2022-11-03,9.99,10.0,10.01,9.98,51487
2022-11-07,9.99,9.99,9.99,9.99,432
2022-11-08,10.02,10.02,10.02,10.02,501
2022-11-09,10.01,10.03,10.03,10.01,1462
2022-11-10,9.99,10.01,10.02,9.99,12519
2022-11-14,10.02,10.02,10.025,10.02,40691
2022-11-15,10.03,10.03,10.03,10.025,103615
2022-11-16,10.03,10.03,10.03,10.03,25680
2022-11-22,10.03,10.0399,10.04,10.03,105605
2022-11-23,10.045,10.045,10.045,10.045,271
2022-11-25,10.05,10.05,10.05,10.05,4107
2022-11-29,10.05,10.06,10.06,10.05,4910
2022-11-30,10.06,10.05,10.06,10.05,7628
2022-12-01,10.05,10.05,10.05,10.05,1170
2022-12-02,10.07,10.08,10.08,10.07,301804
2022-12-05,10.08,10.08,10.08,10.08,45304
2022-12-07,10.08,10.09,10.09,10.08,40100
2022-12-08,10.09,10.09,10.09,10.09,1000
2022-12-12,10.09,10.1,10.1,10.09,1786
2022-12-13,10.11,10.11,10.11,10.11,111
2022-12-15,10.11,10.11,10.11,10.11,1000
2022-12-16,10.12,10.11,10.13,10.11,3010
2022-12-20,10.13,10.13,10.13,10.13,9113
2022-12-22,10.11,10.11,10.11,10.11,488
2022-12-23,10.14,10.14,10.14,10.13,7556
2022-12-28,10.11,10.12,10.12,10.11,6101
2022-12-29,10.11,10.11,10.11,10.11,8500
2023-01-03,10.11,10.11,10.11,10.11,100
2023-01-06,10.12,10.12,10.12,10.12,15058
2023-01-09,10.13,10.13,10.13,10.125,10148
2023-01-10,10.17,10.15,10.17,10.14,11438
2023-01-11,10.16,10.16,10.1601,10.16,1502
2023-01-12,10.19,10.21,10.21,10.18,27661
2023-01-17,10.21,10.2109,10.2109,10.21,120820
2023-01-18,10.19,10.19,10.19,10.19,100
2023-01-19,10.22,10.23,10.23,10.22,1176
2023-01-20,10.23,10.23,10.23,10.22,9300
2023-01-23,10.2,10.17,10.205,10.17,11789
2023-01-24,10.18,10.18,10.18,10.18,4500
2023-01-25,10.23,10.23,10.23,10.23,1500001
2023-01-26,10.23,10.23,10.23,10.22,5102
2023-01-30,10.24,10.24,10.24,10.24,17180
2023-01-31,10.24,10.25,10.25,10.24,32200
2023-02-03,10.21,10.21,10.21,10.21,1405
2023-02-06,10.21,10.21,10.21,10.21,2274985
2023-02-07,10.22,10.22,10.22,10.22,5100
2023-02-08,10.21,10.21,10.21,10.21,300
2023-02-09,10.22,10.22,10.22,10.22,7410
2023-02-10,10.22,10.22,10.22,10.22,19959
2023-02-13,10.23,10.23,10.23,10.23,5453
2023-02-14,10.25,10.25,10.26,10.25,802891
2023-02-15,10.49,10.24,10.49,10.24,3882
2023-02-16,10.25,10.25,10.25,10.25,35063
2023-02-17,10.25,10.26,10.27,10.25,2460
2023-02-22,10.265,10.265,10.265,10.265,500
2023-02-27,10.28,10.27,10.28,10.27,1133
2023-03-01,10.29,10.28,10.29,10.28,306
2023-03-02,10.28,10.2801,10.2801,10.28,244395
2023-03-03,10.3,10.3,10.3,10.3,5827
2023-03-06,10.28,10.2801,10.285,10.2799,277121
2023-03-10,10.3499,10.3499,10.35,10.3499,701
2023-03-13,10.4,10.3,10.4,10.3,41011
2023-03-14,10.295,10.33,10.39,10.295,1303671
2023-03-15,10.305,10.305,10.305,10.305,1875069
2023-03-16,10.3,10.3,10.3,10.3,177
2023-03-17,10.32,10.33,10.33,10.32,307
2023-03-21,10.59,10.33,10.59,10.33,1861
2023-03-22,10.33,10.33,10.33,10.33,814
2023-03-23,10.33,10.33,10.33,10.32,635638
2023-03-24,10.32,10.34,10.39,10.32,383052
2023-03-27,10.33,10.33,10.33,10.33,18684
2023-03-28,10.33,10.33,10.33,10.33,248000
2023-03-29,10.33,10.33,10.33,10.33,115159
2023-03-30,10.37,10.33,10.38,10.33,3329
2023-03-31,10.35,10.33,10.35,10.33,200
2023-04-03,10.33,10.33,10.33,10.33,1486
2023-04-05,10.4999,10.33,10.4999,10.33,1490
2023-04-06,10.4761,10.33,10.5,10.33,58215
2023-04-10,10.33,10.335,10.335,10.33,34974
2023-04-11,10.33,10.33,10.34,10.33,77680
2023-04-14,10.3705,10.36,10.4196,10.36,700
2023-04-18,10.4999,10.4999,10.4999,10.4999,803
2023-04-25,10.34,10.33,10.34,10.33,1494
2023-04-26,10.37,10.37,10.37,10.37,101
2023-05-01,10.4142,10.45,10.45,10.4142,2625
2023-05-02,10.36,10.44,10.44,10.35,4208
2023-05-03,NaN,NaN,NaN,NaN,22
2023-05-04,10.37,10.37,10.37,10.35,38070
2023-05-05,10.37,10.37,10.37,10.37,10000
2023-05-08,10.37,10.37,10.37,10.37,100
2023-05-09,NaN,NaN,NaN,NaN,4
2023-05-10,NaN,NaN,NaN,NaN,95
2023-05-11,10.36,10.36,10.36,10.36,500
2023-05-12,10.4,10.38,10.838,10.375,18702
2023-05-15,10.4648,10.4648,10.4648,10.4648,200
2023-05-16,10.37,10.37,10.37,10.37,76966
2023-05-17,NaN,NaN,NaN,NaN,241
2023-05-19,10.55,10.55,10.55,10.55,105
