2021-07-13,8.55,5.85,8.73,3.97,24494038
2021-07-14,4.41,3.8,4.65,3.75,4990303
2021-07-15,3.46,3.74,4.01,3.36,1705724
2021-07-16,3.58,3.2,3.6899,3.18,703881
2021-07-19,2.99,2.7,2.99,2.6,1170505
2021-07-20,2.81,2.85,2.97,2.76,663066
2021-07-21,2.62,2.84,2.9794,2.62,652786
2021-07-22,2.8,2.73,2.95,2.7,437863
2021-07-23,2.71,2.98,3.16,2.71,1565816
2021-07-26,2.96,2.91,3.94,2.6157,10749173
2021-07-27,2.77,3.03,3.2,2.64,2380303
2021-07-28,3.07,2.97,3.62,2.85,2745930
2021-07-29,2.91,2.85,3.0,2.77,401615
2021-07-30,2.81,2.76,2.85,2.75,201671
2021-08-02,2.79,2.81,2.89,2.75,147482
2021-08-03,2.82,2.69,2.855,2.69,227217
2021-08-04,2.71,2.65,2.82,2.6,291455
2021-08-05,2.59,2.65,2.78,2.52,233575
2021-08-06,2.67,2.65,2.74,2.52,164825
2021-08-09,2.8,3.05,3.38,2.79,3738433
2021-08-10,3.0,2.85,3.06,2.74,621866
2021-08-11,2.9,2.82,2.97,2.75,224202
2021-08-12,2.81,2.8,2.8499,2.69,153973
2021-08-13,2.82,2.73,2.84,2.7,97747
2021-08-16,2.6,2.64,2.7399,2.59,144569
2021-08-17,2.59,2.56,2.6435,2.46,252164
2021-08-18,2.55,2.58,2.7139,2.51,167164
2021-08-19,2.53,2.47,2.77,2.45,442499
2021-08-20,2.45,2.61,2.7,2.39,384539
2021-08-23,2.59,2.72,2.74,2.52,164737
2021-08-24,2.69,2.62,2.8586,2.6,374913
2021-08-25,2.61,2.63,2.7172,2.61,123033
2021-08-26,2.63,2.59,2.6699,2.55,142745
2021-08-27,2.6,2.76,2.8182,2.55,396711
2021-08-30,2.82,2.7,2.82,2.65,157468
2021-08-31,2.79,2.9,2.94,2.6983,188005
2021-09-01,2.9,2.77,3.0,2.77,298472
2021-09-02,2.81,2.79,2.94,2.72,90979
2021-09-03,2.81,2.73,2.81,2.67,97908
2021-09-07,2.74,2.81,2.84,2.7201,50221
2021-09-08,2.8,2.84,2.84,2.67,104739
2021-09-09,2.83,2.81,2.84,2.75,33045
2021-09-10,2.93,2.93,3.19,2.81,657823
2021-09-13,2.99,2.89,2.99,2.79,207878
2021-09-14,2.78,2.83,2.86,2.71,175798
2021-09-15,2.8,2.91,3.05,2.755,433914
2021-09-16,2.89,2.85,2.91,2.7702,205206
2021-09-17,2.84,2.81,3.03,2.8,300000
2021-09-20,2.74,2.74,3.0,2.7149,444728
2021-09-21,2.75,2.63,2.82,2.421,299636
2021-09-22,2.635,2.61,2.77,2.52,301914
2021-09-23,2.61,2.75,2.9,2.6,410781
2021-09-24,2.77,2.87,2.87,2.73,114342
2021-09-27,2.83,2.78,2.87,2.75,107455
2021-09-28,2.8,2.74,2.88,2.7,78232
2021-09-29,2.836,2.89,3.08,2.69,675146
2021-09-30,2.88,2.83,2.9699,2.82,90650
2021-10-01,2.85,2.88,2.99,2.8,154903
2021-10-04,2.94,2.85,2.94,2.76,48833
2021-10-05,2.88,2.9073,2.9688,2.75,209452
2021-10-06,2.88,2.84,3.0,2.8,139146
2021-10-07,2.83,2.75,2.87,2.75,71885
2021-10-08,2.71,2.67,2.82,2.6,124653
2021-10-11,2.67,2.69,2.75,2.62,53374
2021-10-12,2.66,2.68,2.76,2.64,39187
2021-10-13,2.65,2.74,2.7999,2.65,36030
2021-10-14,2.78,2.68,2.78,2.66,35782
2021-10-15,2.73,2.7243,2.75,2.66,14734
2021-10-18,2.67,2.68,2.7327,2.59,33617
2021-10-19,2.66,2.55,2.67,2.52,77292
2021-10-20,2.56,2.56,2.6661,2.55,33654
2021-10-21,2.53,2.62,2.65,2.53,66963
2021-10-22,2.65,2.54,2.68,2.51,86878
2021-10-25,2.57,2.53,2.6024,2.5,46178
2021-10-26,2.71,2.76,2.85,2.54,203784
2021-10-27,2.72,2.94,3.09,2.7002,502381
2021-10-28,2.99,3.05,3.1,2.83,400289
2021-10-29,3.02,2.89,3.02,2.8101,67586
2021-11-01,2.89,2.88,2.98,2.8,61295
2021-11-02,2.85,2.96,2.98,2.8,71329
2021-11-03,2.93,2.9,2.98,2.89,33392
2021-11-04,2.87,3.03,3.13,2.8554,319551
2021-11-05,3.07,2.95,3.0999,2.82,109065
2021-11-08,2.95,3.04,3.0599,2.8601,37218
2021-11-09,3.0,2.86,3.0499,2.83,82366
2021-11-10,2.85,2.75,2.9427,2.69,97606
2021-11-11,2.79,2.75,2.8805,2.72,49489
2021-11-12,2.79,2.71,2.8899,2.64,153909
2021-11-15,2.74,2.66,2.8699,2.61,46628
2021-11-16,2.67,2.74,2.7907,2.67,52722
2021-11-17,2.71,2.71,2.74,2.66,30492
2021-11-18,2.68,2.55,2.68,2.52,96289
2021-11-19,2.5576,2.59,2.7366,2.55,66962
2021-11-22,2.5999,2.49,2.6,2.48,126816
2021-11-23,2.6115,2.88,3.0153,2.51,580846
2021-11-24,2.87,3.05,3.1,2.7235,276159
2021-11-26,2.82,2.92,3.0499,2.8,107380
2021-11-29,3.02,2.53,3.04,2.53,232354
2021-11-30,2.54,2.14,2.59,2.05,573055
2021-12-01,2.14,2.04,2.24,2.0,217170
2021-12-02,2.01,2.0,2.09,1.85,212468
2021-12-03,1.99,1.81,2.0799,1.7501,113777
2021-12-06,1.79,1.84,1.85,1.79,33175
2021-12-07,1.82,1.9,2.0399,1.82,63855
2021-12-08,1.92,2.005,2.06,1.85,44348
2021-12-09,1.97,1.87,2.01,1.87,35947
2021-12-10,1.9513,2.19,2.2463,1.88,251322
2021-12-13,2.24,2.11,2.2499,1.9705,88477
2021-12-14,2.04,1.93,2.04,1.91,57272
2021-12-15,1.87,2.26,2.29,1.82,97188
2021-12-16,2.23,2.07,2.28,2.01,49297
2021-12-17,2.04,2.15,2.28,2.0,288871
2021-12-20,2.1,2.1,2.1999,1.9201,36657
2021-12-21,2.04,2.1,2.15,2.0,131324
2021-12-22,2.07,2.07,2.2,2.05,49723
2021-12-23,2.05,2.09,2.2,2.01,44389
2021-12-27,2.18,2.07,2.1896,2.03,34394
2021-12-28,2.02,1.93,2.06,1.89,86985
2021-12-29,1.91,1.97,2.05,1.85,122554
2021-12-30,2.04,2.05,2.07,1.87,305310
2021-12-31,2.03,2.06,2.14,1.89,488539
2022-01-03,2.06,2.2799,2.35,2.021,467773
2022-01-04,2.29,1.98,2.29,1.93,434492
2022-01-05,1.94,1.9,2.03,1.85,161651
2022-01-06,1.86,1.81,1.9589,1.725,124850
2022-01-07,1.81,1.84,1.9146,1.75,88792
2022-01-10,1.7508,1.8,1.81,1.68,106624
2022-01-11,1.79,1.855,2.0,1.74,416204
2022-01-12,1.83,1.82,1.9299,1.8,115211
2022-01-13,1.84,1.76,1.8699,1.72,98672
2022-01-14,1.8,1.79,1.8,1.7,50686
2022-01-18,1.7499,1.61,1.75,1.61,113899
2022-01-19,1.61,1.66,1.725,1.579,141862
2022-01-20,1.74,1.73,1.9299,1.67,371412
2022-01-21,1.7399,1.69,1.8399,1.65,114892
2022-01-24,1.58,1.77,1.8199,1.39,250436
2022-01-25,1.66,1.8,1.81,1.6239,49970
2022-01-26,1.68,1.72,2.08,1.6,1358507
2022-01-27,1.77,1.47,1.77,1.395,711068
2022-01-28,1.43,1.435,1.4838,1.25,426464
2022-01-31,1.44,1.38,1.44,1.28,186608
2022-02-01,1.44,1.4,1.4492,1.3201,191127
2022-02-02,1.43,1.35,1.44,1.32,113592
2022-02-03,1.3,1.35,1.42,1.3,44316
2022-02-04,1.3,1.36,1.4,1.3,59509
2022-02-07,1.37,1.33,1.44,1.32,38055
2022-02-08,1.3481,1.4,1.44,1.31,116965
2022-02-09,1.3826,1.43,1.46,1.35,23766
2022-02-10,1.402,1.42,1.4997,1.36,39109
2022-02-11,1.4133,1.31,1.4133,1.31,48291
2022-02-14,1.32,1.32,1.34,1.27,10837
2022-02-15,1.3999,1.34,1.3999,1.3,21786
2022-02-16,1.3,1.3,1.36,1.25,18029
2022-02-17,1.3827,1.41,1.4101,1.27,130266
2022-02-18,1.47,1.36,1.47,1.27,36697
2022-02-22,1.3613,1.32,1.38,1.2761,31033
2022-02-23,1.266,1.37,1.3732,1.26,73359
2022-02-24,1.26,1.29,1.4,1.25,97292
2022-02-25,1.4,1.3,1.4,1.25,76815
2022-02-28,1.26,1.39,1.43,1.26,47863
2022-03-01,1.33,1.52,1.5911,1.33,114327
2022-03-02,1.42,1.45,1.5669,1.42,21414
2022-03-03,1.38,1.39,1.4699,1.37,18484
2022-03-04,1.5899,1.44,1.5899,1.39,19301
2022-03-07,1.37,1.38,1.4914,1.3601,24558
2022-03-08,1.34,1.36,1.64,1.2406,1062376
2022-03-09,1.47,1.37,1.53,1.36,227932
2022-03-10,1.35,1.4,1.4699,1.31,223199
2022-03-11,1.37,1.31,1.4,1.31,174115
2022-03-14,1.33,1.17,1.378,0.8657,553627
2022-03-15,1.09,1.07,1.1499,1.0,114135
2022-03-16,1.38,1.11,1.38,1.1,92418
2022-03-17,1.07,1.09,1.23,1.07,47940
2022-03-18,1.13,1.13,1.1799,1.1101,36560
2022-03-21,1.1686,1.26,1.2991,1.15,350919
2022-03-22,1.32,1.31,1.36,1.25,106242
2022-03-23,1.2679,1.25,1.32,1.25,57755
2022-03-24,1.33,1.31,1.36,1.25,81601
2022-03-25,1.3,1.25,1.3245,1.25,63237
2022-03-28,1.28,1.4,1.4,1.2654,55874
2022-03-29,1.4,1.35,1.4,1.3202,60119
2022-03-30,1.3,1.32,1.3899,1.3,12557
2022-03-31,1.4199,1.29,1.4199,1.29,35356
2022-04-01,1.3038,1.3,1.35,1.28,36896
2022-04-04,1.3,1.27,1.35,1.27,19146
2022-04-05,1.2961,1.33,1.3499,1.25,30610
2022-04-06,1.29,1.26,1.32,1.25,88938
2022-04-07,1.32,1.27,1.33,1.25,32945
2022-04-08,1.284,1.28,1.3105,1.25,27051
2022-04-11,1.2669,1.22,1.29,1.22,22653
2022-04-12,1.22,1.08,1.2899,1.02,62989
2022-04-13,1.1358,1.02,1.14,1.02,37697
2022-04-14,1.17,1.08,1.17,1.05,22407
2022-04-18,1.15,1.04,1.15,1.025,14313
2022-04-19,1.11,1.09,1.11,1.0305,4892
2022-04-20,1.0765,1.09,1.0999,1.04,22637
2022-04-21,1.03,1.11,1.16,1.03,20832
2022-04-22,1.11,1.11,1.11,0.9617,89303
2022-04-25,1.0252,1.0681,1.0681,1.0,6687
2022-04-26,1.01,0.9992,1.0199,0.95,37330
2022-04-27,0.9999,0.9137,1.0,0.805,168435
2022-04-28,0.9799,0.9799,0.9799,0.9112,8496
2022-04-29,0.96573,0.8707,0.97,0.8451,8747
2022-05-02,0.9,0.88,0.94,0.87,32060
2022-05-03,0.91,0.9018,0.933699,0.8805,13229
2022-05-04,0.9,0.855,0.928199,0.8505,45549
2022-05-05,0.850601,0.8796,0.8897,0.850601,14960
2022-05-06,0.86,0.8572,0.8795,0.8421,9233
2022-05-09,0.8,0.8,0.81,0.624,133727
2022-05-10,0.78,0.71,0.78,0.7,37830
2022-05-11,0.7,0.720101,0.7758,0.64,109272
2022-05-12,0.650401,0.7,0.8,0.650401,71204
2022-05-13,0.7581,0.7,0.7581,0.65,26476
2022-05-16,0.7,0.749899,0.85,0.7,87534
2022-05-17,0.7744,0.799276,0.8,0.774399,34325
2022-05-18,0.82,0.8,0.82,0.7851,16845
2022-05-19,0.8835,0.83,0.89,0.7855,21999
2022-05-20,0.89,0.79,0.89,0.7855,8060
2022-05-23,0.93,0.77,0.93,0.77,16464
2022-05-24,0.85,0.8252,0.89,0.77,38966
2022-05-25,0.8252,0.85,0.9,0.79,15417
2022-05-26,0.7902,0.84,0.905,0.7902,69922
2022-05-27,0.802,0.85,0.899899,0.8019,3577
2022-05-31,0.83,0.89,0.89,0.83,2472
2022-06-01,0.895,0.87,0.905,0.8651,5693
2022-06-02,0.9,0.9058,0.93,0.895999,24039
2022-06-03,0.905,0.84,0.92,0.8305,9746
2022-06-06,0.885,0.94,0.969999,0.83,40650
2022-06-07,0.95,1.05,1.07,0.895,58589
2022-06-08,1.11,1.06,1.14,1.06,128960
2022-06-09,1.08,1.06,1.09,1.02,13667
2022-06-10,1.06,1.06,1.06,1.03,22529
2022-06-13,0.9792,0.98,1.0464,0.9792,22823
2022-06-14,0.97,0.9852,1.06,0.97,19741
2022-06-15,1.13,1.03,1.13,0.922001,30587
2022-06-16,1.0101,1.01,1.03,0.9929,44198
2022-06-17,1.0,0.9599,1.04,0.9101,30866
2022-06-21,0.94,0.9898,1.02,0.94,17048
2022-06-22,0.94,0.9123,0.99,0.8884,11912
2022-06-23,0.920101,0.91,0.93,0.9,13813
2022-06-24,0.911,0.8325,0.988,0.8325,38301
2022-06-27,0.9,0.85,0.940599,0.84,11598
2022-06-28,0.8638,0.88,0.9196,0.830001,6296
2022-06-29,0.919899,0.896099,0.919899,0.870001,1399
2022-06-30,0.89,0.83,0.890001,0.8008,11760
2022-07-01,0.8328,0.82,0.8328,0.82,2239
2022-07-05,0.8052,0.772,0.810001,0.7602,20448
2022-07-06,0.8699,0.8099,0.8699,0.8001,5518
2022-07-07,0.81,0.8453,0.884,0.81,1656
2022-07-08,0.9035,0.9,0.94,0.86,34075
2022-07-11,0.89,0.86,0.97,0.81,55846
2022-07-12,0.87,0.86,0.952599,0.821,27896
2022-07-13,0.8101,0.82,0.8952,0.8101,31460
2022-07-14,0.825,0.802,0.825,0.8,3998
2022-07-15,0.768,0.8005,0.840799,0.7604,13443
2022-07-18,0.84,0.8793,0.890101,0.84,16938
2022-07-19,0.8005,0.8592,0.877899,0.8005,5110
2022-07-20,0.87,0.8638,0.8999,0.8,49471
2022-07-21,0.88,0.83,0.88,0.83,11231
2022-07-22,0.81,0.8,0.878,0.8,7806
2022-07-25,0.8,0.8113,0.875,0.78,15706
2022-07-26,0.75,0.7551,0.7875,0.7101,13302
2022-07-27,0.7502,0.7207,0.78,0.72,22222
2022-07-28,0.7207,0.7303,0.75,0.7207,3582
2022-07-29,0.7303,0.74,0.8099,0.72,4611
2022-08-01,0.74,0.7429,0.87,0.7206,56926
2022-08-02,0.73,0.74,0.83,0.7101,93105
2022-08-03,0.7,0.7401,0.849799,0.651,103905
2022-08-04,0.72,0.75,0.86,0.72,194598
2022-08-05,0.75,0.74,0.829899,0.6975,112389
2022-08-08,0.74,0.83,0.9,0.74,162875
2022-08-09,0.805,0.86965,0.8899,0.78,66944
2022-08-10,0.8599,0.7469,0.8699,0.73,69499
2022-08-11,0.7885,0.7404,0.7891,0.74,31450
2022-08-12,0.7479,0.7298,0.748,0.7007,32324
2022-08-15,0.7298,0.7002,0.7298,0.652,163961
2022-08-16,0.6602,0.69,0.7399,0.6602,24792
2022-08-17,0.6602,0.7073,0.7073,0.6602,21885
2022-08-18,0.6602,0.6943,0.72,0.63,50613
2022-08-19,0.7035,0.700101,0.755,0.65,32834
2022-08-22,0.64,0.674462,0.705,0.64,3648
2022-08-23,0.66,0.6534,0.6819,0.64,29411
2022-08-24,0.63,0.66,0.6897,0.63,25742
2022-08-25,0.66,0.69,0.73,0.63,29007
2022-08-26,0.6704,0.7,0.7499,0.67,33787
2022-08-29,0.7,0.6813,0.719799,0.68,4720
2022-08-30,0.63,0.72,0.7499,0.63,33777
2022-08-31,0.6303,0.7,0.7199,0.6303,6043
2022-09-01,0.682,0.66,0.7,0.6472,15819
2022-09-02,0.64,0.6711,0.6711,0.6329,35703
2022-09-06,0.675,0.71,0.75,0.673,12746
2022-09-07,0.78,0.7568,0.78,0.7,22636
2022-09-08,0.6805,0.72,0.74,0.6805,25706
2022-09-09,0.721,0.7275,0.735,0.7,12164
2022-09-12,0.7202,0.725,0.749,0.7,11463
2022-09-13,0.73,0.72,0.749999,0.6812,11178
2022-09-14,0.7128,0.72,0.7401,0.7128,12409
2022-09-15,0.71,0.76,0.76,0.71,3140
2022-09-16,0.709,0.68,0.731,0.68,12206
2022-09-19,0.6801,0.6873,0.7,0.6801,1162
2022-09-20,0.6777,0.6523,0.6993,0.64,13917
2022-09-21,0.6398,0.65,0.6789,0.6,32932
2022-09-22,0.65,0.6,0.66,0.5305,60826
2022-09-23,0.6,0.568,0.609,0.52,24018
2022-09-26,0.57,0.6,0.6,0.55,7702
2022-09-27,0.599,0.625,0.660999,0.57,24177
2022-09-28,0.6249,0.5918,0.6249,0.5918,2808
2022-09-29,0.6249,0.6,0.6249,0.5859,3247
2022-09-30,0.590101,0.59,0.6,0.59,4682
2022-10-03,0.6,0.6,0.6,0.55,27953
2022-10-04,0.607,0.5559,0.607,0.5111,57605
2022-10-05,0.577,0.63,0.6357,0.577,40698
2022-10-06,0.61,0.6263,0.63,0.6,10140
2022-10-07,0.66999,0.62,0.67,0.62,1935
2022-10-10,0.64475,0.62,0.64475,0.615101,15071
2022-10-11,0.6,0.6,0.6435,0.6,21761
2022-10-12,0.59,0.58,0.598754,0.5424,14473
2022-10-13,0.597899,0.555,0.597899,0.55,43535
2022-10-14,0.5323,0.5699,0.599,0.5323,21076
2022-10-17,0.54,0.6,0.625001,0.54,13194
2022-10-18,0.6,0.63,0.6684,0.5902,42535
2022-10-19,0.63,0.6718,0.69,0.63,38367
2022-10-20,0.7,0.7,0.7,0.647,18705
2022-10-21,0.675,0.659899,0.675,0.5896,29529
2022-10-24,0.66,0.67,0.7,0.66,3337
2022-10-25,0.6721,0.69,0.7,0.67,1669
2022-10-26,0.68,0.68,0.7,0.6571,16945
2022-10-27,0.6551,0.6877,0.7,0.6551,3664
2022-10-28,0.7,0.68,0.7,0.667,2711
2022-10-31,0.6335,0.69,0.69,0.63,7676
2022-11-01,0.6796,0.7,0.7,0.6561,15735
2022-11-02,0.7,0.6912,0.7,0.6912,4770
2022-11-03,0.7,0.6466,0.7,0.6131,6750
2022-11-04,0.7,0.77,0.80999,0.68,87650
2022-11-07,0.85,0.78,0.85,0.7,36042
2022-11-08,0.81,0.7788,0.8195,0.7,18274
2022-11-09,0.7289,0.619899,0.7999,0.6004,72158
2022-11-10,0.7611,0.68,0.7611,0.5699,20394
2022-11-11,0.6875,0.715,0.72,0.65,26740
2022-11-14,0.7399,0.675,0.7399,0.6199,22324
2022-11-15,0.645,0.7,0.75,0.64,183721
2022-11-16,0.7,0.6899,0.7499,0.6465,46151
2022-11-17,0.647,0.7297,0.8,0.647,215188
2022-11-18,0.8,0.74,0.8,0.69,40974
2022-11-21,0.72,0.75,0.77,0.72,5305
2022-11-22,0.73,0.7252,0.75,0.71,14525
2022-11-23,0.71,0.727,0.73,0.69,12363
2022-11-25,0.7161,0.6701,0.733,0.65,26712
2022-11-28,0.7161,0.66,0.744899,0.66,16879
2022-11-29,0.66,0.7197,0.7249,0.66,3393
2022-11-30,0.7,0.7122,0.73,0.7,7844
2022-12-01,0.724,0.7252,0.73,0.66,114633
2022-12-02,0.713,0.7,0.745,0.7,3390
2022-12-05,0.7001,0.7127,0.732,0.7,3725
2022-12-06,0.700101,0.705,0.7395,0.68,12354
2022-12-07,0.72,0.727,0.727,0.685,8916
2022-12-08,0.7299,0.7285,0.73,0.715,45758
2022-12-09,0.76,0.7479,0.7689,0.7,107242
2022-12-12,0.7852,0.74,0.787,0.7025,45575
2022-12-13,0.7407,0.735,0.789899,0.705,27561
2022-12-14,0.7,0.705,0.7894,0.7,40438
2022-12-15,0.7,0.7049,0.7049,0.68,30334
2022-12-16,0.71,0.71,0.720251,0.68,11718
2022-12-19,0.704999,0.696,0.7125,0.690101,12243
2022-12-20,0.71,0.69,0.735001,0.645,43233
2022-12-21,0.7,0.6994,0.769899,0.69,22478
2022-12-22,0.701,0.73,0.7591,0.6741,29921
2022-12-23,0.69,0.689,0.733,0.675001,133409
2022-12-27,0.7875,0.67,0.7875,0.62,92783
2022-12-28,0.7425,0.5,0.8384,0.4005,8682704
2022-12-29,0.45,0.56,0.71,0.44,2767348
2022-12-30,0.5749,0.54,0.5749,0.4602,633968
2023-01-03,0.5189,0.5001,0.5593,0.4745,340703
2023-01-04,0.4801,0.4833,0.5049,0.44,222376
2023-01-05,0.4763,0.4399,0.48,0.4004,349929
2023-01-06,0.4536,0.4474,0.45495,0.416,202321
2023-01-09,0.4607,0.45,0.465,0.42,158181
2023-01-10,0.4365,0.495,0.495,0.4365,255040
2023-01-11,0.55,0.541,0.5695,0.5,265690
2023-01-12,0.565,0.542699,0.58,0.51,208944
2023-01-13,0.54,0.4975,0.55,0.461,181193
2023-01-17,0.5,0.55,0.57,0.5,209644
2023-01-18,0.549799,0.5319,0.5499,0.5002,86115
2023-01-19,0.521712,0.53,0.5709,0.521712,70878
2023-01-20,0.56,0.578154,0.5985,0.5101,267549
2023-01-23,0.5608,0.609,0.616,0.55965,130413
2023-01-24,0.5858,0.609899,0.61,0.5301,126461
2023-01-25,0.5916,0.6098,0.62,0.57,55244
2023-01-26,0.5974,0.6085,0.6144,0.5711,59282
2023-01-27,0.59,0.56,0.612399,0.5394,67968
2023-01-30,0.5488,0.547,0.58625,0.538,62333
2023-01-31,0.5744,0.56,0.595,0.511,109589
2023-02-01,0.5881,0.5487,0.61,0.525,77413
2023-02-02,0.55,0.51,0.5784,0.49,2124269
2023-02-03,0.5145,0.5277,0.559,0.4444,627378
2023-02-06,0.5738,0.53,0.5738,0.5277,266121
2023-02-07,0.5741,0.5529,0.62,0.5278,288830
2023-02-08,0.58,0.5397,0.62,0.51,269423
2023-02-09,0.5335,0.51,0.5789,0.505,153787
2023-02-10,0.51,0.55,0.57,0.5011,104983
2023-02-13,0.5525,0.55,0.5525,0.51,104298
2023-02-14,0.555,0.54,0.565,0.505,126418
2023-02-15,0.55,0.56,0.56,0.515,70973
2023-02-16,0.56,0.523,0.56,0.523,91931
2023-02-17,0.5389,0.53,0.5689,0.515,267762
2023-02-21,0.525,0.53,0.53,0.51,119715
2023-02-22,0.5449,0.5148,0.5449,0.5011,76659
2023-02-23,0.489,0.487,0.51,0.4805,106866
2023-02-24,0.487,0.48,0.499,0.48,16364
2023-02-27,0.49,0.4709,0.49,0.47,67231
2023-02-28,0.47,0.517,0.53,0.47,61172
2023-03-01,0.5171,0.4971,0.53,0.451,156169
2023-03-02,0.53,0.5,0.53,0.48,18759
2023-03-03,0.511,0.49,0.52,0.48,70241
2023-03-06,1.41,1.24,1.63,1.13,103033496
2023-03-07,1.46,1.5,2.16,1.37,89492682
2023-03-08,1.44,1.62,1.75,1.35,12153632
2023-03-09,1.91,2.06,2.24,1.76,46815260
2023-03-10,2.21,2.68,2.87,2.18,70240426
2023-03-13,2.42,2.17,2.64,2.01,7766267
2023-03-14,2.17,2.21,2.23,1.5797,7870761
2023-03-15,2.02,2.21,2.3901,2.0,3213932
2023-03-16,2.27,2.16,2.49,2.13,2582370
2023-03-17,2.05,2.09,2.25,2.05,1435483
2023-03-20,2.12,2.19,2.4264,2.1,1711316
2023-03-21,2.24,2.25,2.49,2.18,1347075
2023-03-22,2.35,2.2,2.35,2.08,746460
2023-03-23,2.18,1.83,2.2,1.8,1227702
2023-03-24,1.85,1.91,1.98,1.8,432631
2023-03-27,1.88,1.7,1.97,1.67,656967
2023-03-28,1.72,1.72,1.8,1.68,309107
2023-03-29,1.69,1.91,2.17,1.69,1323456
2023-03-30,1.92,1.88,1.9699,1.82,236259
2023-03-31,1.85,2.1,2.18,1.83,970870
2023-04-03,2.17,2.23,2.2616,2.06,479670
2023-04-04,2.23,2.18,2.287,2.1,442337
2023-04-05,2.18,2.13,2.22,2.1,158460
2023-04-06,2.21,2.07,2.22,2.0201,606308
2023-04-10,2.07,2.07,2.21,2.03,588989
2023-04-11,2.06,2.11,2.24,2.02,526468
2023-04-12,2.08,1.88,2.14,1.86,462209
2023-04-13,1.9291,1.87,2.01,1.86,185090
2023-04-14,1.88,1.77,1.9,1.7001,409298
2023-04-17,1.76,1.75,1.83,1.71,211568
2023-04-18,1.74,1.72,1.8,1.69,233200
2023-04-19,1.7,1.7,1.79,1.67,259799
2023-04-20,1.58,1.61,1.75,1.5,336001
2023-04-21,1.63,1.64,1.73,1.61,95907
2023-04-24,1.67,1.57,1.7,1.56,225553
2023-04-25,1.55,1.48,1.65,1.48,167065
2023-04-26,1.45,1.36,1.48,1.31,302692
2023-04-27,1.4,1.33,1.4,1.3,272337
2023-04-28,1.33,1.3,1.4,1.28,302355
2023-05-01,1.235,1.26,1.32,1.235,170560
2023-05-02,1.35,1.27,1.35,1.24,64416
2023-05-03,1.23,1.24,1.32,1.23,142902
2023-05-04,1.15,1.32,1.37,1.15,675618
2023-05-05,1.31,1.34,1.42,1.2724,747426
2023-05-08,1.38,1.47,1.49,1.33,293246
2023-05-09,1.45,1.52,1.55,1.4001,412511
2023-05-10,1.51,1.5,1.5795,1.43,488238
2023-05-11,1.51,1.47,1.55,1.39,308136
2023-05-12,1.46,1.38,1.51,1.35,255382
2023-05-15,1.44,1.43,1.46,1.36,69883
2023-05-16,1.44,1.37,1.48,1.34,65082
2023-05-17,1.34,1.4,1.4,1.24,479058
2023-05-18,1.36,1.39,1.4687,1.36,245826
2023-05-19,1.41,1.38,1.41,1.33,62992
