2022-01-25,9.8,9.79,9.85,9.72,171504
2022-01-26,9.87,9.82,9.87,9.82,1283
2022-01-27,9.83,9.83,9.8308,9.83,1010
2022-01-28,9.8,9.8,9.8,9.8,433
2022-01-31,9.784,9.86,9.94,9.784,19668
2022-02-02,9.9,9.9,9.9,9.9,400
2022-02-03,9.85,9.85,9.85,9.83,4000
2022-02-04,9.9,9.81,9.9,9.79,7262
2022-02-08,9.802,9.7381,9.802,9.7381,220
2022-02-09,9.8,9.8,9.82,9.8,613
2022-02-11,9.9,9.89,9.94,9.75,99971
2022-02-17,9.89,9.89,9.89,9.89,115
2022-02-24,9.7788,9.8,9.8,9.7714,5200
2022-03-01,9.82,9.84,9.84,9.8,292152
2022-03-02,9.85,9.85,9.85,9.85,4048
2022-03-03,9.81,9.81,9.81,9.81,300
2022-03-04,9.84,9.84,9.84,9.84,5103
2022-03-07,9.85,9.84,9.85,9.84,3748
2022-03-10,9.83,9.83,9.83,9.81,214820
2022-03-14,9.83,9.85,9.85,9.83,162471
2022-03-15,9.85,9.84,9.85,9.84,220005
2022-03-16,9.84,9.85,9.85,9.83,1040606
2022-03-17,9.85,9.82,9.85,9.82,10025
2022-03-18,9.84,9.84,9.845,9.84,17695
2022-03-22,9.86,9.86,9.86,9.86,5417
2022-03-24,9.885,9.86,9.885,9.86,304
2022-03-30,9.86,9.86,9.86,9.86,6400
2022-04-04,9.87,9.86,9.89,9.84,97470
2022-04-05,9.86,9.89,9.92,9.85,565265
2022-04-06,10.08,10.05,10.08,10.02,2676592
2022-04-07,10.07,10.1,10.16,10.02,1148690
2022-04-08,10.14,10.18,10.2,10.07,927839
2022-04-11,10.14,10.13,10.18,10.07,221477
2022-04-12,10.26,10.15,10.26,10.11,61172
2022-04-13,10.13,10.22,10.3063,10.12,687067
2022-04-14,10.25,10.18,10.3,10.15,301385
2022-04-18,10.28,10.2,10.3,10.15,290704
2022-04-19,10.26,10.17,10.26,10.13,205358
2022-04-20,10.17,10.18,10.19,10.15,111080
2022-04-21,10.25,10.15,10.25,10.13,136520
2022-04-22,10.16,10.16,10.17,10.06,173045
2022-04-25,10.055,10.15,10.16,10.055,115771
2022-04-26,10.18,10.1,10.2,10.07,158587
2022-04-27,10.09,10.07,10.12,9.9902,557841
2022-04-28,10.04,10.07,10.1,10.01,75188
2022-04-29,10.0378,10.06,10.09,10.03,50820
2022-05-02,10.05,10.05,10.1,10.045,77351
2022-05-03,10.06,10.07,10.09,10.05,120144
2022-05-04,10.05,10.06,10.076,10.03,43587
2022-05-05,10.07,10.05,10.08,10.02,91995
2022-05-06,10.03,9.96,10.05,9.95,167287
2022-05-09,9.99,9.97,9.99,9.872,285790
2022-05-10,9.9501,10.0,10.05,9.95,95056
2022-05-11,9.98,9.97,10.02,9.92,321283
2022-05-12,10.0,9.95,10.0,9.91,283857
2022-05-13,9.93,10.0,10.06,9.9,132612
2022-05-16,10.0,9.94,10.0,9.93,64777
2022-05-17,9.94,9.9686,9.98,9.94,30948
2022-05-18,9.95,9.94,9.99,9.93,45610
2022-05-19,9.95,9.95,9.98,9.93,43695
2022-05-20,9.9521,9.93,9.97,9.91,55061
2022-05-23,9.92,9.89,9.9552,9.89,37130
2022-05-24,9.91,9.91,9.94,9.88,43470
2022-05-25,9.91,9.9105,9.9699,9.9,27135
2022-05-26,9.9014,9.9124,9.92,9.9,52923
2022-05-27,9.916,9.921,9.93,9.9,12877
2022-05-31,9.917,9.915,9.9198,9.88,26486
2022-06-01,9.93,9.91,9.93,9.91,6677
2022-06-02,9.92,9.91,9.92,9.91,11302
2022-06-03,9.92,9.91,9.92,9.9038,17048
2022-06-06,9.91,9.91,9.91,9.9,6275
2022-06-07,9.89,9.9,9.92,9.88,9773
2022-06-08,9.94,10.15,10.225,9.92,789754
2022-06-09,10.02,10.0,10.04,9.97,301251
2022-06-10,9.97,9.98,9.9893,9.92,100686
2022-06-13,9.93,9.95,9.96,9.91,161850
2022-06-14,9.95,9.935,9.9501,9.92,117358
2022-06-15,9.94,9.97,10.015,9.93,78421
2022-06-16,9.96,9.96,9.96,9.95,57758
2022-06-17,9.96,9.97,9.97,9.94,105506
2022-06-21,9.97,9.95,9.97,9.94,31854
2022-06-22,9.94,9.92,9.94,9.91,56152
2022-06-23,9.95,9.92,9.9505,9.92,11343
2022-06-24,9.94,9.92,9.94,9.92,22446
2022-06-27,9.94,9.9201,9.94,9.91,13208
2022-06-28,9.9379,9.93,9.94,9.91,19590
2022-06-29,9.9101,9.93,9.94,9.91,16125
2022-06-30,9.92,9.92,9.92,9.91,19662
2022-07-01,9.91,9.9201,9.94,9.91,13693
2022-07-05,9.92,9.92,9.92,9.91,313085
2022-07-06,9.92,9.925,9.93,9.91,16546
2022-07-07,9.93,9.92,9.9301,9.91,28141
2022-07-08,9.95,9.93,9.95,9.91,14058
2022-07-11,9.91,9.93,9.93,9.91,7037
2022-07-12,9.92,9.93,9.94,9.91,12149
2022-07-13,9.93,9.928,9.93,9.92,14505
2022-07-14,9.92,9.92,9.9292,9.92,17551
2022-07-15,9.9226,9.925,9.94,9.92,16208
2022-07-18,9.91,9.93,9.93,9.91,37138
2022-07-19,9.92,9.92,9.93,9.92,9187
2022-07-20,9.91,9.92,9.93,9.91,70354
2022-07-21,9.91,9.92,9.935,9.91,57920
2022-07-22,9.935,9.93,9.94,9.93,7135
2022-07-25,9.93,9.94,9.95,9.93,16563
2022-07-26,9.96,9.94,9.96,9.9301,19693
2022-07-27,9.94,9.94,9.94,9.93,112955
2022-07-28,9.9,9.94,9.9826,9.9,35637
2022-07-29,9.9301,9.97,9.97,9.93,325715
2022-08-01,9.98,9.9475,9.98,9.9475,29540
2022-08-02,9.9799,9.95,9.9799,9.94,26703
2022-08-03,9.95,9.935,9.96,9.93,77865
2022-08-04,9.94,9.945,9.9599,9.94,8138
2022-08-05,9.96,9.955,9.96,9.94,136013
2022-08-08,9.95,9.95,9.97,9.9412,21822
2022-08-09,9.94,9.95,9.96,9.94,76398
2022-08-10,9.9412,9.955,9.97,9.9412,11268
2022-08-11,9.9601,9.985,9.99,9.95,58791
2022-08-12,9.99,9.985,9.99,9.98,19687
2022-08-15,9.98,9.97,9.98,9.95,81370
2022-08-16,9.97,9.97,9.97,9.9508,35487
2022-08-17,9.97,9.93,9.97,9.9,92962
2022-08-18,9.95,9.935,9.95,9.92,25619
2022-08-19,9.9288,9.93,9.93,9.92,7219
2022-08-22,9.94,9.97,9.97,9.9301,25248
2022-08-23,9.96,9.94,9.97,9.916,129654
2022-08-24,9.925,9.935,9.94,9.925,21490
2022-08-25,9.95,9.97,9.97,9.93,20797
2022-08-26,9.9421,9.95,9.96,9.94,26978
2022-08-29,9.92,9.96,9.99,9.92,5422
2022-08-30,9.91,9.94,9.95,9.91,22983
2022-08-31,9.99,9.97,9.99,9.9542,4430
2022-09-01,9.94,9.98,9.98,9.93,25141
2022-09-02,9.96,9.96,10.0,9.95,54844
2022-09-06,9.99,9.95,9.99,9.95,8269
2022-09-07,9.97,9.9699,9.99,9.93,20017
2022-09-08,9.99,9.95,9.99,9.95,52464
2022-09-09,9.97,9.9714,10.0,9.9503,154233
2022-09-12,9.9522,9.965,9.99,9.9522,47541
2022-09-13,9.96,9.96,9.97,9.9559,31088
2022-09-14,9.96,9.97,9.98,9.9501,55831
2022-09-15,9.98,9.97,9.98,9.96,21563
2022-09-16,10.05,9.97,10.05,9.9424,28138
2022-09-19,9.97,10.01,10.01,9.97,23851
2022-09-20,9.985,9.99,9.99,9.97,26896
2022-09-21,9.99,9.99,10.06,9.9543,109231
2022-09-22,9.985,9.97,9.99,9.95,50253
2022-09-23,9.98,9.965,9.98,9.94,46581
2022-09-26,9.97,9.97,9.98,9.95,38128
2022-09-27,10.0,10.025,10.04,9.99,79061
2022-09-28,9.96,10.02,10.025,9.96,36476
2022-09-29,10.07,10.01,10.07,9.99,93829
2022-09-30,10.03,10.02,10.03,10.0101,10649
2022-10-03,10.0204,10.0206,10.0308,10.02,5768
2022-10-04,10.03,10.024,10.03,10.01,22294
2022-10-05,10.02,10.02,10.03,10.02,4984
2022-10-06,10.03,10.02,10.03,10.01,10230
2022-10-07,10.01,10.0207,10.03,10.01,50958
2022-10-10,10.02,10.02,10.03,10.02,7748
2022-10-11,10.02,10.015,10.02,10.01,22305
2022-10-12,10.02,10.01,10.02,10.01,32676
2022-10-13,10.02,10.03,10.03,10.01,247728
2022-10-14,10.03,10.0212,10.03,10.01,36256
2022-10-17,10.045,10.04,10.06,10.02,38362
2022-10-18,10.04,10.06,10.06,10.04,50175
2022-10-19,10.0866,10.05,10.155,10.03,49423
2022-10-20,10.03,10.05,10.05,10.01,86992
2022-10-21,10.08,10.055,10.08,10.02,20780
2022-10-24,10.06,10.052,10.07,10.03,26529
2022-10-25,10.04,10.0601,10.07,10.04,36701
2022-10-26,10.0653,10.0653,10.0653,10.0653,1134
2022-10-27,10.13,10.1,10.13,10.07,6361
2022-10-28,10.1,10.09,10.14,10.08,280775
2022-10-31,10.095,10.1,10.12,10.08,11187
2022-11-01,10.09,10.11,10.14,10.09,359015
2022-11-02,10.11,10.115,10.115,10.11,1381
2022-11-03,10.08,10.1,10.13,10.08,554783
2022-11-04,10.09,10.0901,10.1,10.08,60571
2022-11-07,10.06,10.09,10.11,10.06,256807
2022-11-08,10.0685,10.1,10.11,10.06,182012
2022-11-09,10.1,10.1,10.11,10.09,168693
2022-11-10,10.0646,10.1,10.11,10.0646,114848
2022-11-11,10.095,10.1,10.1001,10.09,38669
2022-11-14,10.1,10.13,10.15,10.1,159969
2022-11-15,10.14,10.1174,10.14,10.1,3492
2022-11-16,10.12,10.13,10.15,10.115,598876
2022-11-17,10.12,10.13,10.165,10.12,75371
2022-11-18,10.14,10.14,10.15,10.14,132151
2022-11-21,10.1505,10.155,10.1899,10.14,60040
2022-11-22,10.16,10.16,10.19,10.16,225297
2022-11-23,10.16,10.2,10.2,10.15,69646
2022-11-25,10.2,10.215,10.215,10.193,4348
2022-11-28,10.22,10.2,10.22,10.2,14955
2022-11-30,10.17,10.15,10.19,10.15,26598
2022-12-01,10.16,10.1635,10.17,10.16,5910
2022-12-02,10.18,10.1616,10.18,10.1616,474
2022-12-05,10.1616,10.16,10.165,10.16,3947
2022-12-06,10.16,10.165,10.17,10.16,10067
2022-12-07,10.16,10.16,10.16,10.16,16153
2022-12-08,10.16,10.16,10.16,10.16,4184
2022-12-09,10.17,10.16,10.17,10.16,2159
2022-12-12,10.17,10.16,10.17,10.16,74367
2022-12-13,10.15,10.16,10.16,10.15,15680
2022-12-14,10.1601,10.17,10.175,10.16,14576
2022-12-15,10.17,10.17,10.1701,10.16,269124
2022-12-16,10.17,10.17,10.17,10.17,6536
2022-12-19,10.1785,10.17,10.1785,10.17,14204
2022-12-20,10.1701,10.1728,10.1748,10.17,8561
2022-12-21,10.17,10.1706,10.19,10.17,10476
2022-12-22,10.18,10.19,10.21,10.18,25705
2022-12-23,10.2,10.2,10.2,10.19,99032
2022-12-27,10.185,10.2,10.205,10.185,9819
2022-12-28,10.21,10.21,10.2102,10.2,9646
2022-12-29,10.21,10.21,10.235,10.2093,1208
2022-12-30,10.23,10.21,10.23,10.21,22082
2023-01-03,10.2175,10.22,10.23,10.2,126234
2023-01-04,10.22,10.235,10.25,10.22,1858130
2023-01-05,10.23,10.25,10.26,10.22,946711
2023-01-06,10.2527,10.23,10.26,10.23,10146
2023-01-09,10.22,10.26,10.26,10.22,521199
2023-01-10,10.26,10.27,10.27,10.25,29884
2023-01-11,10.26,10.27,10.27,10.26,56151
2023-01-12,10.325,10.27,10.325,10.26,11784
2023-01-13,10.26,10.25,10.26,10.25,6162
2023-01-17,10.28,10.25,10.29,10.25,6047
2023-01-18,10.29,10.26,10.29,10.25,44307
2023-01-19,10.25,10.25,10.25,10.25,801
2023-01-20,10.26,10.26,10.26,10.26,6665
2023-01-23,10.26,10.265,10.27,10.26,3666
2023-01-24,10.28,10.28,10.28,10.28,312
2023-01-25,10.26,10.2999,10.3,10.26,152543
2023-01-26,10.28,10.28,10.28,10.28,200114
2023-01-27,10.28,10.28,10.315,10.28,9914
2023-01-30,10.28,10.28,10.3,10.28,7097
2023-01-31,10.29,10.29,10.29,10.28,782991
2023-02-01,10.3,10.29,10.31,10.2838,10876
2023-02-02,10.2901,10.29,10.295,10.29,3600
2023-02-03,10.31,10.3,10.31,10.28,4481
2023-02-06,10.305,10.32,10.325,10.29,30030
2023-02-07,10.3,10.3,10.315,10.3,6733
2023-02-08,10.3,10.32,10.32,10.3,14899
2023-02-09,10.3255,10.3,10.3255,10.3,10261
2023-02-10,10.3062,10.3,10.31,10.3,1690
2023-02-13,10.31,10.32,10.325,10.3001,7086
2023-02-14,10.34,10.34,10.34,10.33,3362
2023-02-15,10.3371,10.34,10.35,10.32,8384
2023-02-16,10.33,10.34,10.34,10.33,561
2023-02-17,10.35,10.34,10.35,10.33,2804
2023-02-21,10.33,10.33,10.34,10.33,1038
2023-02-22,10.3301,10.35,10.3542,10.3301,6576
2023-02-23,10.35,10.36,10.36,10.34,28519
2023-02-24,10.35,10.355,10.36,10.35,1813
2023-02-27,10.38,10.35,10.38,10.35,10584
2023-02-28,10.37,10.36,10.37,10.36,1132
2023-03-01,10.35,10.35,10.35,10.35,2871
2023-03-02,10.425,10.37,10.5,10.35,11358
2023-03-03,10.3684,10.3618,10.3684,10.3618,515
2023-03-06,10.39,10.36,10.39,10.36,18817
2023-03-08,10.37,10.37,10.375,10.36,16234
2023-03-09,10.375,10.375,10.375,10.37,5634
2023-03-10,10.435,10.37,10.4896,10.37,74827
2023-03-13,10.435,10.38,10.5,10.37,98412
2023-03-14,10.435,10.37,10.435,10.37,17040
2023-03-15,10.37,10.37,10.39,10.36,177348
2023-03-16,10.4195,10.4,10.47,10.37,4587
2023-03-17,10.37,10.4,10.4,10.37,5508
2023-03-20,10.3717,10.3901,10.398,10.37,5297
2023-03-21,10.38,10.39,10.39,10.38,3315
2023-03-22,10.42,10.4,10.42,10.385,104637
2023-03-23,10.4,10.4098,10.4098,10.4,2471
2023-03-24,10.3936,10.41,10.41,10.3936,3927
2023-03-27,10.42,10.42,10.42,10.4,63494
2023-03-28,10.4,10.4,10.4,10.4,718
2023-03-29,10.405,10.405,10.41,10.4,111099
2023-03-30,10.41,10.41,10.42,10.41,39800
2023-03-31,10.48,10.41,10.48,10.41,9210
2023-04-03,10.435,10.41,10.435,10.41,4629
2023-04-04,10.41,10.41,10.41,10.41,17268
2023-04-05,10.4105,10.42,10.42,10.41,5113
2023-04-06,10.41,10.42,10.42,10.41,18288
2023-04-10,10.42,10.45,10.46,10.4155,130919
2023-04-11,10.41,10.42,10.45,10.4,10020
2023-04-12,10.42,10.43,10.43,10.42,59735
2023-04-13,10.4563,10.4838,10.495,10.4563,1265
2023-04-14,10.43,10.4301,10.4301,10.43,684
2023-04-17,10.44,10.43,10.455,10.43,410136
2023-04-18,10.43,10.445,11.45,10.43,208875
2023-04-19,10.45,10.44,10.46,10.44,9528
2023-04-20,10.44,10.44,10.48,10.44,347631
2023-04-21,10.44,10.45,10.49,10.43,495446
2023-04-24,10.44,10.445,10.48,10.44,95340
2023-04-25,10.44,10.45,10.46,10.44,48734
2023-04-26,10.47,10.46,10.47,10.45,2021
2023-04-27,10.48,10.46,10.48,10.46,4660
2023-04-28,10.47,10.47,10.47,10.47,450
2023-05-01,10.47,10.46,10.49,10.45,3568
2023-05-02,10.46,10.47,10.475,10.46,183446
2023-05-03,10.47,10.48,10.49,10.46,14755
2023-05-04,10.48,10.48,10.485,10.48,7143
