2020-08-19,25.5,25.64,25.68,25.46,1006730
2020-08-20,25.6,25.9,25.91,25.56,345272
2020-08-21,25.94,26.13,26.14,25.9068,474328
2020-08-24,26.18,26.17,26.23,26.09,421347
2020-08-25,26.15,26.29,26.29,26.01,671000
2020-08-26,26.29,26.26,26.38,26.14,634076
2020-08-27,26.24,26.19,26.28,26.07,394195
2020-08-28,26.2,26.11,26.2,26.05,312753
2020-08-31,26.11,26.18,26.24,25.98,2089724
2020-09-01,26.16,26.22,26.24,26.09,90727
2020-09-02,26.22,26.37,26.42,26.18,152152
2020-09-03,26.37,26.07,26.37,25.9501,113116
2020-09-04,26.08,25.94,26.1307,25.68,152902
2020-09-08,25.77,25.82,25.91,25.65,85873
2020-09-09,25.89,26.07,26.1,25.89,82862
2020-09-10,26.11,26.08,26.19,26.05,113823
2020-09-11,26.04,26.1,26.13,26.04,56843
2020-09-14,26.14,26.14,26.28,26.11,88241
2020-09-15,26.19,26.15,26.29,26.15,90064
2020-09-16,26.12,26.11,26.23,26.11,80646
2020-09-17,26.08,25.99,26.08,25.95,78015
2020-09-18,26.0,26.02,26.065,25.91,34731
2020-09-21,25.8,25.94,26.0,25.73,63763
2020-09-22,26.05,26.06,26.11,26.01,103731
2020-09-23,26.15,25.94,26.15,25.77,104244
2020-09-24,25.89,26.02,26.06,25.83,92380
2020-09-25,26.06,26.12,26.14,26.02,150057
2020-09-28,26.14,26.16,26.2,26.11,177877
2020-09-29,26.21,26.18,26.21,26.18,142306
2020-09-30,26.24,26.18,26.24,26.1,256455
2020-10-01,26.24,26.16,26.25,26.1499,171051
2020-10-02,26.1,26.16,26.2,25.89,85985
2020-10-05,26.21,26.19,26.32,26.11,222989
2020-10-06,26.21,26.2,26.26,26.1593,451810
2020-10-07,26.3,26.26,26.3,26.2,243011
2020-10-08,26.28,26.24,26.32,26.16,201345
2020-10-09,26.29,26.37,26.37,26.2,41120
2020-10-12,26.35,26.47,26.5,26.21,52277
2020-10-13,26.49,26.32,26.65,26.27,146152
2020-10-14,26.4,26.34,26.4,26.26,62897
2020-10-15,26.34,26.33,26.35,26.26,34582
2020-10-16,26.33,26.36,26.44,26.31,33099
2020-10-19,26.42,26.4,26.42,26.24,38333
2020-10-20,26.38,26.33,26.43,26.22,369872
2020-10-21,26.35,26.33,26.4996,26.32,281916
2020-10-22,26.4,26.51,26.62,26.21,77225
2020-10-23,26.48,26.78,26.82,26.469,48302
2020-10-26,26.63,26.71,26.89,26.6,95912
2020-10-27,26.71,26.73,26.92,26.69,48345
2020-10-28,26.63,26.25,26.64,26.2,73961
2020-10-29,26.27,26.18,26.44,26.18,17923
2020-10-30,26.28,26.29,26.43,26.2,37585
2020-11-02,26.44,26.41,26.62,26.4,14998
2020-11-03,26.57,26.3,26.6598,26.3,19478
2020-11-04,26.32,26.77,26.87,26.32,54708
2020-11-05,26.8,26.7,26.84,26.68,60445
2020-11-06,26.71,26.57,26.7407,26.57,33889
2020-11-09,26.8,26.74,26.84,26.65,74639
2020-11-10,26.7,26.6,26.81,26.56,42050
2020-11-11,26.77,26.76,26.79,26.675,30053
2020-11-12,26.79,26.75,26.84,26.7,44552
2020-11-13,26.82,26.77,26.84,26.77,25746
2020-11-16,26.82,26.84,27.0,26.71,63679
2020-11-17,26.93,27.02,27.02,26.87,113200
2020-11-18,27.03,27.04,27.1,26.951,54587
2020-11-19,27.0,27.02,27.09,26.975,33810
2020-11-20,27.03,27.1,27.1,26.96,27876
2020-11-23,27.13,27.16,27.36,27.01,79577
2020-11-24,27.16,27.4,27.45,27.05,69334
2020-11-25,27.54,26.84691,27.67,27.25,62105
2020-11-27,27.18,26.92,27.25,26.73,44991
2020-11-30,26.89,26.55,26.89,26.28,180201
2020-12-01,26.68,26.72,26.81,26.65,164367
2020-12-02,26.74,26.57,26.75,26.54,104057
2020-12-03,26.63,26.56,26.65,26.5,71526
2020-12-04,26.57,26.49,26.57,26.46,55388
2020-12-07,26.52,26.51,26.55,26.46,59566
2020-12-08,26.54,26.69,26.69,26.54,87773
2020-12-09,26.69,26.87,26.88,26.64,147682
2020-12-10,26.83,26.9,26.98,26.64,49243
2020-12-11,26.89,26.8,26.89,26.71,39282
2020-12-14,26.89,26.91,26.96,26.85,25612
2020-12-15,26.94,27.05,27.0708,26.91,43862
2020-12-16,27.1,26.95,27.1,26.86,40279
2020-12-17,27.1,27.1,27.15,27.03,30165
2020-12-18,27.2,27.23,27.23,27.07,31684
2020-12-21,27.19,27.3,27.38,27.132,34808
2020-12-22,27.35,26.92,27.35,26.84,45960
2020-12-23,27.04,26.98,27.14,26.74,39949
2020-12-24,26.91,26.89,27.073,26.82,19667
2020-12-28,27.0,26.92,27.05,26.75,37161
2020-12-29,26.89,26.77,26.89,26.67,24516
2020-12-30,26.85,26.48,26.85,26.26,83266
2020-12-31,26.54,26.55,26.63,26.35,330064
2021-01-04,26.59,26.43,26.63,26.32,91336
2021-01-05,26.43,26.69,26.69,26.42,44544
2021-01-06,26.64,26.29,26.64,25.99,129202
2021-01-07,26.3,26.16,26.38,26.1,202265
2021-01-08,26.21,26.08,26.28,25.91,200525
2021-01-11,26.04,26.02,26.12,25.9,148470
2021-01-12,26.09,25.8,26.13,25.671,179458
2021-01-13,25.93,26.15,26.232,25.93,178642
2021-01-14,26.27,26.14,26.435,26.09,61758
2021-01-15,26.18,26.18,26.4,26.04,60798
2021-01-19,26.34,26.47,26.47,26.27,45607
2021-01-20,26.65,26.64,26.65,26.57,39058
2021-01-21,26.64,26.48,26.71,26.44,33119
2021-01-22,26.5,26.63,26.64,26.5,21337
2021-01-25,26.64,26.74,26.75,26.48,49718
2021-01-26,26.79,26.84,26.93,26.65,93833
2021-01-27,26.84,26.4,26.84,26.36,61019
2021-01-28,26.66,26.71,26.758,26.4,24062
2021-01-29,26.69,26.77,26.82,26.4,64524
2021-02-01,26.75,26.53,26.9,26.51,61825
2021-02-02,26.64,26.6,26.71,26.53,34987
2021-02-03,26.75,26.66,26.75,26.49,48841
2021-02-04,26.7,26.71,26.73,26.51,69234
2021-02-05,26.69,26.5699,26.74,26.53,50690
2021-02-08,26.59,26.53,26.67,26.4908,29701
2021-02-09,26.6,26.52,26.67,26.48,28736
2021-02-10,26.57,26.485,26.6,26.47,38378
2021-02-11,26.48,26.41,26.52,26.41,36023
2021-02-12,26.4,26.49,26.49,26.18,31024
2021-02-16,26.12,26.01,26.42,25.94,141936
2021-02-17,26.08,26.26,26.35,26.08,66321
2021-02-18,26.26,26.24,26.3299,26.0609,47732
2021-02-19,26.25,26.21,26.29,26.1,40112
2021-02-22,26.28,26.21,26.3,26.21,36257
2021-02-23,26.26,25.95,26.26,25.76,169000
2021-02-24,25.95,25.499375,26.04,25.845,130400
2021-02-25,25.45,25.05,25.45,25.0,248854
2021-02-26,25.23,25.2,25.33,25.08,103144
2021-03-01,25.27,25.33,25.47,25.17,95225
2021-03-02,25.45,25.42,25.54,25.36,88432
2021-03-03,25.42,25.5,25.58,25.328,66314
2021-03-04,25.66,25.43,25.73,25.4,98681
2021-03-05,25.44,25.48,25.53,25.37,65974
2021-03-08,25.62,25.59,25.62,25.48,48873
2021-03-09,25.68,25.65,25.76,25.61,67428
2021-03-10,25.75,25.75,25.8,25.58,71045
2021-03-11,25.76,25.87,25.87,25.72,46100
2021-03-12,25.83,25.646,25.84,25.34,45081
2021-03-15,25.76,25.72,25.77,25.6,98367
2021-03-16,25.74,25.68,25.745,25.56,102631
2021-03-17,25.7,25.6,25.8,25.53,84668
2021-03-18,25.6,25.41,25.6,25.3699,92717
2021-03-19,25.52,25.54,25.56,25.4227,39777
2021-03-22,25.62,25.61,25.72,25.54,107482
2021-03-23,25.62,25.55,25.6765,25.52,64204
2021-03-24,25.63,25.76,25.79,25.6,63282
2021-03-25,25.82,25.81,25.86,25.7124,37767
2021-03-26,25.9,25.9,25.91,25.83,26654
2021-03-29,26.16,26.07,26.16,25.9988,81207
2021-03-30,26.06,26.11,26.11,25.95,50435
2021-03-31,26.11,26.11,26.23,26.045,131100
2021-04-01,26.3,26.28,26.3,26.11,61349
2021-04-05,26.4,26.3,26.4,26.2,44616
2021-04-06,26.3,26.33,26.35,26.3,31890
2021-04-07,26.41,26.35,26.47,26.34,26476
2021-04-08,26.45,26.45,26.45,26.4072,18896
2021-04-09,26.49,26.4,26.49,26.38,28642
2021-04-12,26.43,26.41,26.49,26.3472,51137
2021-04-13,26.44,26.41,26.48,26.4,28425
2021-04-14,26.45,26.42,26.46,26.4,31803
2021-04-15,26.53,26.48,26.55,26.35,33008
2021-04-16,26.51,26.6,26.6,26.4,34701
2021-04-19,26.65,26.36,26.65,26.32,43783
2021-04-20,26.43,26.5072,26.52,26.3204,59317
2021-04-21,26.55,26.57,26.65,26.501,49634
2021-04-22,26.62,26.72,26.75,26.51,37549
2021-04-23,26.71,26.71,26.755,26.68,27035
2021-04-26,26.65,26.66,26.72,26.6,28952
2021-04-27,26.61,26.67,26.7,26.6,41340
2021-04-28,26.75,26.66,26.75,26.66,40587
2021-04-29,26.72,26.67,26.72,26.6,28828
2021-04-30,26.65,26.5,26.65,26.45,118628
2021-05-03,26.58,26.69,26.69,26.58,38566
2021-05-04,26.69,26.73,26.74,26.66,53113
2021-05-05,26.83,26.81,26.85,26.75,28168
2021-05-06,26.83,26.81,26.83,26.601,49909
2021-05-07,26.77,26.83,26.84,26.77,29283
2021-05-10,26.88,26.55,26.888,26.51,123779
2021-05-11,26.52,26.53,26.59,26.3,110887
2021-05-12,26.5,26.21,26.5,26.2,37839
2021-05-13,26.43,26.54,26.6,26.37,50734
2021-05-14,26.7,26.65,26.73,26.52,60991
2021-05-17,26.65,26.63,26.67,26.55,25815
2021-05-18,26.67,26.69,26.75,26.58,38386
2021-05-19,26.6,26.76,26.77,26.57,63826
2021-05-20,26.78,26.82,26.945,26.78,74514
2021-05-21,26.89,26.92,26.99,26.84,44218
2021-05-24,27.01,27.02,27.08,26.92,39773
2021-05-25,27.02,27.13,27.13,27.0005,38068
2021-05-26,27.14,26.729375,27.14,27.07,12791
2021-05-27,26.87,26.76,26.88,26.76,36788
2021-05-28,26.85,26.7,26.85,26.63,127473
2021-06-01,26.8,26.88,26.95,26.7696,36847
2021-06-02,26.93,27.0,27.03,26.89,59608
2021-06-03,27.0,26.92,27.0,26.88,18507
2021-06-04,26.96,27.06,27.11,26.94,29781
2021-06-07,27.06,26.98,27.06,26.98,37088
2021-06-08,26.98,26.95,26.98,26.95,40557
2021-06-09,26.95,26.93,26.95,26.89,66184
2021-06-10,26.93,26.79,26.93,26.75,46637
2021-06-11,26.78,26.835,26.88,26.76,22769
2021-06-14,26.89,26.95,26.95,26.83,31434
2021-06-15,26.95,26.94,26.95,26.85,28756
2021-06-16,26.94,27.05,27.06,26.85,68634
2021-06-17,27.05,27.12,27.12,27.02,28697
2021-06-18,27.11,27.28,27.29,27.0378,32883
2021-06-21,27.16,27.27,27.31,27.16,49383
2021-06-22,27.25,27.2,27.29,27.17,47908
2021-06-23,27.25,27.18,27.33,27.13,29498
2021-06-24,27.18,27.1798,27.19,27.13,32465
2021-06-25,27.22,27.17,27.22,27.15,15537
2021-06-28,27.14,27.2,27.2,27.11,32903
2021-06-29,27.13,27.17,27.23,27.1,21611
2021-06-30,27.25,27.37,27.37,27.14,167625
2021-07-01,27.32,27.34,27.36,27.25,28215
2021-07-02,27.27,27.22,27.3,27.22,34279
2021-07-06,27.26,27.23,27.3156,27.13,32616
2021-07-07,27.29,27.17,27.29,27.12,56589
2021-07-08,27.17,27.16,27.18,27.1402,21820
2021-07-09,27.22,27.19,27.27,27.185,22908
2021-07-12,27.24,27.21,27.27,27.19,16847
2021-07-13,27.21,27.21,27.27,27.19,44531
2021-07-14,27.21,27.27,27.33,27.205,37665
2021-07-15,27.25,27.17,27.25,27.11,37228
2021-07-16,27.15,27.16,27.33,27.15,38831
2021-07-19,27.15,27.18,27.18,27.021,45939
2021-07-20,27.29,27.3,27.34,27.23,36840
2021-07-21,27.29,27.26,27.2907,27.168,63115
2021-07-22,27.26,27.26,27.285,27.1402,38831
2021-07-23,27.27,27.3836,27.4,27.26,32094
2021-07-26,27.38,27.5,27.6,27.38,33809
2021-07-27,27.48,27.58,27.6,27.2605,27888
2021-07-28,27.58,27.57,27.6,27.4515,26916
2021-07-29,27.53,27.7,27.77,27.53,53682
2021-07-30,27.7,27.78,27.805,27.55,28761
2021-08-02,27.78,27.767,27.9,27.7,26001
2021-08-03,27.66,27.59,27.7195,27.5,48144
2021-08-04,27.5,27.39,27.6289,27.32,29360
2021-08-05,27.39,27.37,27.48,27.3109,38867
2021-08-06,27.45,27.45,27.4904,27.32,19026
2021-08-09,27.45,27.13,27.45,27.11,44426
2021-08-10,27.2,26.9286,27.2,26.8,60753
2021-08-11,27.0,26.72,27.06,26.65,111621
2021-08-12,26.73,26.76,26.85,26.7,45481
2021-08-13,26.77,26.9,26.92,26.77,67314
2021-08-16,26.93,26.94,26.97,26.87,41616
2021-08-17,26.94,26.93,26.9497,26.74,88126
2021-08-18,26.92,26.89,26.94,26.8,83293
2021-08-19,26.85,26.88,26.89,26.74,40917
2021-08-20,26.92,26.98,27.02,26.92,24042
2021-08-23,27.02,26.955,27.0575,26.93,46575
2021-08-24,26.99,27.0,27.02,26.91,58173
2021-08-25,27.0,26.97,27.0,26.92,43463
2021-08-26,27.0,26.92,27.0,26.85,31046
2021-08-27,26.98,26.749375,27.18,26.95,48814
2021-08-30,26.81,26.9,26.97,26.795,36498
2021-08-31,26.9,26.75,26.93,26.7,202521
2021-09-01,26.82,27.02,27.06,26.82,71842
2021-09-02,27.07,27.47,27.47,27.006,101512
2021-09-03,27.46,27.49,27.49,27.33,63082
2021-09-07,27.32,27.29,27.46,27.25,41917
2021-09-08,27.37,27.46,27.47,27.2463,54509
2021-09-09,27.46,27.59,27.6,27.37,47441
2021-09-10,27.59,27.61,27.73,27.51,442431
2021-09-13,27.63,27.73,27.8525,27.62,42677
2021-09-14,27.74,27.67,27.82,27.635,53062
2021-09-15,27.66,27.85,27.91,27.5611,63546
2021-09-16,27.82,27.98,28.08,27.7488,53349
2021-09-17,27.96,27.86,27.98,27.77,57538
2021-09-20,27.7,27.7,27.84,27.6717,56675
2021-09-21,27.82,27.65,27.825,27.59,157870
2021-09-22,27.68,27.77,27.86,27.68,127490
2021-09-23,27.77,27.69,27.98,27.56,125938
2021-09-24,27.55,27.44,27.595,27.4,89557
2021-09-27,27.38,27.45,27.47,27.38,82484
2021-09-28,27.34,27.12,27.34,27.06,123720
2021-09-29,27.22,27.33,27.34,27.1499,92208
2021-09-30,27.25,27.1,27.4275,26.99,626011
2021-10-01,27.18,27.05,27.18,27.04,34306
2021-10-04,27.06,26.7,27.06,26.66,32630
2021-10-05,26.76,26.73,26.9099,26.65,27652
2021-10-06,26.73,26.79,26.79,26.57,54600
2021-10-07,26.79,26.61,26.82,26.55,39592
2021-10-08,26.6,26.53,26.6892,26.515,55925
2021-10-11,26.6,26.68,26.6932,26.6,11435
2021-10-12,26.7,26.87,26.9186,26.7,19276
2021-10-13,26.86,26.94,27.02,26.85,53511
2021-10-14,27.02,27.05,27.17,26.9885,36617
2021-10-15,27.05,26.97,27.08,26.9,32213
2021-10-18,26.95,27.0,27.05,26.82,40188
2021-10-19,27.0,26.8,27.09,26.7,68804
2021-10-20,26.89,27.04,27.04,26.87,37220
2021-10-21,27.04,27.0,27.06,26.88,35451
2021-10-22,27.05,26.9,27.05,26.9,15097
2021-10-25,26.99,27.15,27.15,26.95,33335
2021-10-26,27.2,27.12,27.21,27.0,67282
2021-10-27,27.08,27.22,27.24,27.08,24714
2021-10-28,27.25,27.27,27.3338,27.19,18827
2021-10-29,27.29,27.46,27.545,27.1818,88079
2021-11-01,27.43,27.44,27.44,27.32,17920
2021-11-02,27.49,27.31,27.55,27.31,27608
2021-11-03,27.39,27.4,27.44,27.34,20014
2021-11-04,27.42,27.45,27.4799,27.255,32606
2021-11-05,27.45,27.47,27.5199,27.35,27625
2021-11-08,27.48,27.29,27.5,27.29,25992
2021-11-09,27.33,27.215,27.33,27.21,11051
2021-11-10,27.13,27.08,27.21,26.93,20133
2021-11-11,27.02,26.85,27.21,26.85,11903
2021-11-12,26.87,26.85,27.11,26.84,21281
2021-11-15,26.9,26.64,26.91,26.5,36970
2021-11-16,26.6,26.6586,26.79,26.6,31920
2021-11-17,26.6,26.63,26.72,26.55,16545
2021-11-18,26.75,26.67,26.75,26.6,35521
2021-11-19,26.8,26.8356,26.8799,26.7,49328
2021-11-22,26.84,26.83,26.92,26.8,13449
2021-11-23,26.79,26.86,26.89,26.63,39441
2021-11-24,26.87,26.85,26.95,26.78,37947
2021-11-26,26.76,26.219375,26.76,26.5,10954
2021-11-29,26.45,26.4,26.56,26.29,36660
2021-11-30,26.5,26.61,26.61,26.4,104612
2021-12-01,26.66,26.79,26.9658,26.65,45532
2021-12-02,26.7,26.92,27.0275,26.66,22375
2021-12-03,26.92,26.94,27.05,26.75,15478
2021-12-06,26.94,26.89,27.06,26.859,19575
2021-12-07,26.94,26.72,27.0,26.5805,86447
2021-12-08,26.7,26.65,26.7,26.54,16170
2021-12-09,26.65,26.58,26.75,26.551,29464
2021-12-10,26.63,26.59,26.7,26.55,16585
2021-12-13,26.62,26.66,26.7,26.4601,16166
2021-12-14,26.63,26.52,26.6825,26.49,24911
2021-12-15,26.53,26.47,26.54,26.41,43773
2021-12-16,26.49,26.66,26.76,26.47,28051
2021-12-17,26.66,26.65,26.72,26.605,10934
2021-12-20,26.56,26.54,26.7093,26.5,14633
2021-12-21,26.57,26.58,26.68,26.52,23812
2021-12-22,26.58,26.74,26.76,26.58,18362
2021-12-23,26.79,26.73,26.79,26.6273,10842
2021-12-27,26.73,26.77,26.778,26.7,14368
2021-12-28,26.79,26.83,26.9199,26.74,14477
2021-12-29,26.8,26.96,26.98,26.66,17542
2021-12-30,26.98,27.07,27.1,26.84,22809
2021-12-31,26.96,27.1,27.185,26.9361,33497
2022-01-03,27.06,27.03,27.1,26.99,61976
2022-01-04,27.05,26.9,27.05,26.74,13996
2022-01-05,26.98,26.78,26.98,26.7,50472
2022-01-06,26.82,26.995,27.075,26.5516,26354
2022-01-07,26.95,26.98,26.98,26.71,7444
2022-01-10,26.9,26.76,26.95,26.67,17286
2022-01-11,26.84,26.93,27.1101,26.84,17672
2022-01-12,26.95,26.96,27.1,26.8401,18386
2022-01-13,26.91,27.09,27.11,26.91,14720
2022-01-14,26.93,26.85,27.05,26.7998,13117
2022-01-18,26.77,26.57,26.838,26.56,22466
2022-01-19,26.68,26.68,26.95,26.59,27703
2022-01-20,26.78,26.83,26.92,26.71,39328
2022-01-21,26.76,26.79,26.89,26.65,25951
2022-01-24,26.7,26.68,26.7,26.46,26492
2022-01-25,26.61,26.67,26.6912,26.6,15583
2022-01-26,26.68,26.2,26.7,26.16,26291
2022-01-27,26.28,25.55,26.38,25.52,48796
2022-01-28,25.61,25.32,26.0619,25.115,88273
2022-01-31,25.35,25.67,25.67,25.24,63360
2022-02-01,25.73,25.82,25.85,25.5001,42918
2022-02-02,25.86,25.46,26.0,25.4,33385
2022-02-03,25.35,25.45,25.4999,25.2,55846
2022-02-04,25.4,25.31,25.459,25.16,72884
2022-02-07,25.38,25.44,25.54,25.35,26301
2022-02-08,25.44,25.3,25.6,25.28,61099
2022-02-09,25.42,25.35,25.5,25.32,26234
2022-02-10,25.3,25.3,25.4,25.28,63136
2022-02-11,25.36,24.5424,25.4,24.39,87129
2022-02-14,24.65,24.15,24.75,24.08,71932
2022-02-15,24.21,24.36,24.7461,24.21,52219
2022-02-16,24.49,24.78,25.0,24.4772,51068
2022-02-17,24.9,24.75,25.1508,24.63,39477
2022-02-18,24.89,24.99,25.12,24.79,41531
2022-02-22,24.99,24.69,24.99,24.6,40982
2022-02-23,24.8,24.69,24.8799,24.68,36004
2022-02-24,24.5,24.429375,24.98,24.36,73158
2022-02-25,24.69,24.83,24.8904,24.6,41331
2022-02-28,24.82,24.58,24.8399,24.58,73975
2022-03-01,24.7,24.69,24.83,24.62,30894
2022-03-02,24.79,24.758,24.84,24.67,39017
2022-03-03,24.85,24.7824,24.993,24.75,24183
2022-03-04,24.85,24.6,24.85,24.6,15470
2022-03-07,24.7,24.35,24.7,24.34,37609
2022-03-08,24.45,24.37,24.5299,24.3,49059
2022-03-09,24.47,24.45,24.67,24.4,34648
2022-03-10,24.45,24.38,24.51,24.2828,22624
2022-03-11,24.43,24.45,24.61,24.375,22413
2022-03-14,24.45,23.99,24.45,23.91,81315
2022-03-15,24.07,24.16,24.325,23.9454,27319
2022-03-16,24.23,24.42,24.59,24.16,36313
2022-03-17,24.61,24.85,25.0011,24.61,33656
2022-03-18,24.84,25.11,25.17,24.84,21482
2022-03-21,25.08,25.0,25.1,24.8759,24419
2022-03-22,24.92,24.81,25.04,24.8001,23620
2022-03-23,24.81,24.91,25.1,24.81,29924
2022-03-24,24.97,25.02,25.2047,24.85,15441
2022-03-25,25.0,24.71,25.1598,24.65,31431
2022-03-28,24.81,24.99,25.1,24.81,27006
2022-03-29,25.01,25.34,25.34,25.01,27825
2022-03-30,25.3,25.31,25.48,25.25,20043
2022-03-31,25.31,25.02,25.37,25.02,35996
2022-04-01,25.07,24.94,25.09,24.9,14028
2022-04-04,24.93,24.85,24.99,24.8145,18823
2022-04-05,24.86,24.14,24.86,24.06,53754
2022-04-06,24.1,23.85,24.1,23.85,43943
2022-04-07,23.88,23.95,24.1,23.85,41311
2022-04-08,23.95,23.78,24.09,23.66,46117
2022-04-11,23.8,23.3,23.8,23.3,39325
2022-04-12,23.5,23.08,23.696,23.0275,24263
2022-04-13,22.97,22.8,23.1956,22.8,29402
2022-04-14,22.88,23.05,23.0584,22.63,45183
2022-04-18,23.16,23.0,23.2699,22.9216,42264
2022-04-19,23.0,23.05,23.15,22.9,29267
2022-04-20,23.13,23.1,23.42,23.05,31357
2022-04-21,23.24,22.6867,23.4025,22.6867,41746
2022-04-22,22.74,22.55,23.08,22.39,63408
2022-04-25,22.51,22.6329,22.74,22.51,45662
2022-04-26,22.65,21.86,22.67,21.8,97897
2022-04-27,21.97,21.48,22.25,21.42,118943
2022-04-28,21.56,21.59,21.7585,21.3,122014
2022-04-29,21.61,21.67,21.9202,21.4,98524
2022-05-02,21.53,21.02,21.65,20.86,48958
2022-05-03,21.1,21.05,21.26,20.97,55404
2022-05-04,21.04,21.61,22.05,21.02,174111
2022-05-05,21.45,21.33,21.5,21.1,34778
2022-05-06,21.5,21.45,21.62,21.45,152215
2022-05-09,21.45,21.45,21.62,21.45,67902
2022-05-10,21.66,21.56,21.7439,21.51,40973
2022-05-11,21.6,21.74,21.85,21.6,46582
2022-05-12,21.85,22.13,22.2194,21.67,112201
2022-05-13,22.22,22.34,22.57,22.16,22060
2022-05-16,22.47,22.15,22.51,21.91,45885
2022-05-17,22.23,21.67,22.4,21.6,47169
2022-05-18,21.79,21.52,21.8,21.46,32103
2022-05-19,21.55,21.88,22.1064,21.55,23339
2022-05-20,22.0,22.0747,22.215,22.0,21173
2022-05-23,22.25,22.19,22.645,22.1,37564
2022-05-24,22.2,22.65,22.73,22.2,36873
2022-05-25,22.65,22.97,23.13,22.65,49949
2022-05-26,23.2,22.959375,23.55,23.2,45894
2022-05-27,23.22,23.22,23.355,23.0,64807
2022-05-31,23.22,22.75,23.3,22.55,134750
2022-06-01,22.81,22.63,22.94,22.6,33398
2022-06-02,22.65,22.58,22.82,22.5,44700
2022-06-03,22.48,22.11,22.6069,22.05,62786
2022-06-06,22.3,22.0,22.3777,21.91,62153
2022-06-07,22.04,22.4,22.51,22.0,17694
2022-06-08,22.5,22.43,22.57,22.3,37949
2022-06-09,22.45,22.2,22.5777,22.1,53756
2022-06-10,22.2,20.83,22.2,20.73,433611
2022-06-13,20.47,19.91,20.614,19.7,108352
2022-06-14,20.06,19.95,20.24,19.61,97385
2022-06-15,20.19,20.4,20.405,19.84,120604
2022-06-16,20.09,19.63,20.43,19.35,67369
2022-06-17,19.75,19.82,19.85,19.43,51162
2022-06-21,19.86,19.84,20.2139,19.78,81964
2022-06-22,19.94,20.29,20.331,19.94,111619
2022-06-23,20.29,20.33,20.75,20.29,28793
2022-06-24,20.49,20.32,20.6,20.3,72155
2022-06-27,20.33,20.3,20.4,20.2,42351
2022-06-28,20.35,20.39,20.4925,20.3284,11143
2022-06-29,20.4,20.42,20.4734,20.2301,30276
2022-06-30,20.42,20.5,20.6253,20.22,21461
2022-07-01,20.5,20.79,20.88,20.5,27145
2022-07-05,20.79,20.76,20.79,20.57,23275
2022-07-06,20.78,20.7,20.85,20.65,18767
2022-07-07,20.77,20.8,20.92,20.75,30401
2022-07-08,20.95,21.13,21.13,20.84,39462
2022-07-11,21.09,21.15,21.15,21.03,22983
2022-07-12,21.04,21.14,21.44,20.91,34180
2022-07-13,20.87,21.12,21.2099,20.852,25071
2022-07-14,20.99,21.13,21.14,20.81,15581
2022-07-15,21.1,21.31,21.3476,21.1,22773
2022-07-18,21.31,21.19,21.3906,21.18,20312
2022-07-19,21.23,21.39,21.43,21.23,45098
2022-07-20,21.41,21.5,21.61,21.3659,31836
2022-07-21,21.5,21.62,21.63,21.37,34740
2022-07-22,21.75,21.76,21.89,21.67,27105
2022-07-25,21.8,21.92,21.99,21.74,24138
2022-07-26,21.97,22.1,22.15,21.95,44082
2022-07-27,22.16,22.31,22.45,22.16,30192
2022-07-28,22.31,22.56,22.56,22.2,61395
2022-07-29,22.61,23.27,23.36,22.61,58623
2022-08-01,23.25,23.6,23.6,23.08,50909
2022-08-02,23.57,23.91,24.38,23.3101,106103
2022-08-03,23.91,24.17,24.17,23.91,51716
2022-08-04,24.15,24.16,24.16,23.72,59968
2022-08-05,23.96,23.79,24.04,23.76,38278
2022-08-08,23.89,23.69,23.99,23.63,31409
2022-08-09,23.65,23.26,23.65,23.1103,36105
2022-08-10,23.5,23.26,23.69,23.2,50761
2022-08-11,23.38,23.14,23.38,23.06,27271
2022-08-12,23.23,23.2,23.43,23.179,33256
2022-08-15,23.2,23.21,23.4882,23.18,24181
2022-08-16,23.23,23.1917,23.5119,23.01,15010
2022-08-17,23.12,22.63,23.1201,22.63,39715
2022-08-18,22.75,22.8,22.93,22.6,32624
2022-08-19,22.64,22.61,22.7584,22.5,27932
2022-08-22,22.5,22.22,22.5,22.17,26367
2022-08-23,22.22,21.94,22.4,21.285,78959
2022-08-24,21.94,21.93,22.3652,21.65,31293
2022-08-25,21.99,22.25,22.46,21.99,31179
2022-08-26,22.36,22.02,22.36,22.0,23094
2022-08-29,22.04,21.709375,22.15,21.9001,30712
2022-08-30,21.8,21.8,21.9,21.62,26722
2022-08-31,21.85,21.65,21.99,21.5669,47496
2022-09-01,21.55,21.6361,21.72,21.3772,23403
2022-09-02,21.82,21.78,21.99,21.67,18196
2022-09-06,21.84,21.63,21.85,21.51,21609
2022-09-07,21.64,21.63,21.8799,21.63,37698
2022-09-08,21.67,21.42,21.81,21.4,43492
2022-09-09,21.52,21.57,21.7,21.49,24722
2022-09-12,21.74,21.88,22.07,21.7074,30875
2022-09-13,21.6,21.7,21.7,21.5001,25210
2022-09-14,21.73,21.65,21.89,21.65,17635
2022-09-15,21.7,21.36,21.7744,21.36,35568
2022-09-16,21.21,21.15,21.4814,20.95,67489
2022-09-19,21.11,20.99,21.12,20.71,35489
2022-09-20,20.9,20.82,21.05,20.76,26461
2022-09-21,20.86,20.71,21.0574,20.71,39946
2022-09-22,20.69,20.04,20.8,19.98,54501
2022-09-23,19.98,20.11,20.2,19.8301,50423
2022-09-26,20.1,19.84,20.19,19.82,24097
2022-09-27,19.96,20.61,20.62,19.845,41381
2022-09-28,20.64,20.82,20.98,20.4,39525
2022-09-29,20.75,20.55,20.77,20.37,24042
2022-09-30,20.5,20.74,20.74,20.177,163185
2022-10-03,20.66,20.65,20.71,20.45,43357
2022-10-04,20.75,20.51,20.8943,20.51,27690
2022-10-05,20.51,20.48,20.56,20.269,38864
2022-10-06,20.48,20.41,20.51,20.3046,32537
2022-10-07,20.29,20.1,20.381,20.02,37510
2022-10-10,20.1,19.83,20.1399,19.79,17783
2022-10-11,19.85,19.56,20.0657,19.52,19625
2022-10-12,19.5,19.16,19.56,19.16,40338
2022-10-13,18.93,19.06,19.35,18.66,30690
2022-10-14,19.09,18.88,19.3882,18.82,20513
2022-10-17,19.03,19.0,19.3666,19.0,13453
2022-10-18,19.2,19.18,19.33,19.0643,45915
2022-10-19,19.13,19.12,19.25,19.075,45173
2022-10-20,19.02,18.88,19.4099,18.8023,28557
2022-10-21,18.85,18.85,19.0,18.74,19545
2022-10-24,18.9,18.93,18.9657,18.82,19966
2022-10-25,19.05,19.0801,19.4,18.8884,43391
2022-10-26,19.15,19.47,19.61,19.15,31922
2022-10-27,19.66,19.46,19.8229,19.41,20425
2022-10-28,19.42,19.555,19.6,19.27,14413
2022-10-31,19.55,19.46,19.64,19.27,16128
2022-11-01,19.52,19.27,19.52,18.19,67199
2022-11-02,19.34,18.97,19.35,18.95,13740
2022-11-03,18.9,19.0799,19.115,18.69,23506
2022-11-04,19.2,18.52,19.2,18.31,46016
2022-11-07,18.52,18.42,18.52,18.25,31477
2022-11-08,18.48,18.58,18.7299,18.3001,30786
2022-11-09,18.56,18.43,18.59,18.14,19305
2022-11-10,18.73,19.6,19.62,18.73,45359
2022-11-11,19.75,19.8125,20.01,19.3305,31857
2022-11-14,19.8,19.53,19.85,19.42,19434
2022-11-15,19.62,19.49,19.6705,19.43,26188
2022-11-16,19.55,19.29,19.6,19.1711,23234
2022-11-17,19.24,19.1,19.3537,19.014,48528
2022-11-18,19.21,18.9,19.4446,18.9,13490
2022-11-21,18.9,18.7786,19.05,18.67,43820
2022-11-22,18.89,18.5,18.89,18.48,41371
2022-11-23,18.59,18.66,18.7,18.54,45179
2022-11-25,18.66,18.702,18.8299,18.3,22005
2022-11-28,18.71,17.859375,18.81,18.22,81397
2022-11-29,17.97,17.87,18.11,17.7948,99471
2022-11-30,17.89,18.19,18.22,17.78,79418
2022-12-01,18.31,18.54,18.64,18.19,87452
2022-12-02,18.21,18.46,18.66,18.21,80813
2022-12-05,18.45,17.88,18.45,17.8,75528
2022-12-06,17.97,17.66,18.2,17.5,71040
2022-12-07,17.72,17.6,17.86,17.4411,47765
2022-12-08,17.66,17.08,17.72,17.08,52521
2022-12-09,17.11,16.63,17.15,16.4,139391
2022-12-12,16.67,16.31,16.77,16.14,84185
2022-12-13,16.64,16.75,16.8861,16.57,69460
2022-12-14,16.82,16.93,17.0935,16.8,104385
2022-12-15,16.95,16.68,17.0999,16.56,128293
2022-12-16,16.65,16.96,16.96,16.48,70859
2022-12-19,16.95,16.37,16.95,16.31,62235
2022-12-20,16.3,16.06,16.425,16.03,67096
2022-12-21,16.16,16.1,16.3786,16.0804,60135
2022-12-22,16.1,15.74,16.1,15.5,102844
2022-12-23,15.68,15.84,15.99,15.41,100546
2022-12-27,15.81,16.0,16.1199,15.7612,60747
2022-12-28,16.03,15.65,16.1246,15.64,66177
2022-12-29,15.65,15.85,15.95,15.5979,92067
2022-12-30,15.69,15.97,16.26,15.5649,77845
2023-01-03,16.19,16.74,16.74,16.19,70127
2023-01-04,16.88,17.24,17.84,16.88,68393
2023-01-05,17.05,17.49,17.58,16.93,89996
2023-01-06,17.57,18.37,18.4294,17.57,65010
2023-01-09,18.48,18.89,18.9631,18.48,58342
2023-01-10,18.8,19.1244,19.1244,18.56,62058
2023-01-11,19.11,18.58,19.11,18.26,198282
2023-01-12,18.67,18.28,18.72,17.9,147262
2023-01-13,18.13,18.44,18.5,18.1295,92118
2023-01-17,18.44,19.1,19.17,18.41,54041
2023-01-18,19.3,19.69,20.2431,19.3,166749
2023-01-19,19.6,19.56,19.95,19.3061,81040
2023-01-20,19.62,18.78,19.6238,18.68,70045
2023-01-23,18.79,18.65,19.05,18.4712,115301
2023-01-24,18.65,18.53,19.2503,18.26,88885
2023-01-25,18.48,18.42,18.52,18.01,93928
2023-01-26,18.52,18.39,18.55,18.29,118811
2023-01-27,18.3,18.27,18.6299,18.22,40826
2023-01-30,18.28,18.91,18.9799,18.28,39972
2023-01-31,19.02,19.78,19.78,19.02,74836
2023-02-01,19.76,19.76,19.81,19.54,33277
2023-02-02,19.85,20.09,20.1985,19.72,61596
2023-02-03,19.99,19.6,19.99,19.5315,53713
2023-02-06,19.6,18.78,19.6,18.78,51002
2023-02-07,18.74,18.87,19.19,18.45,88217
2023-02-08,18.91,18.81,18.9376,18.54,52510
2023-02-09,18.95,18.32,19.02,18.32,33299
2023-02-10,18.3,18.19,18.37,17.95,58073
2023-02-13,18.28,18.1,18.4092,18.01,74032
2023-02-14,18.16,18.29,18.32,17.96,37443
2023-02-15,18.3,18.35,18.42,18.25,21253
2023-02-16,18.2,18.12,18.28,17.99,24764
2023-02-17,18.12,18.35,18.49,18.01,63104
2023-02-21,18.21,17.65,18.21,17.51,48640
2023-02-22,17.65,17.89,17.9177,17.5,30599
2023-02-23,18.05,18.51,18.55,18.05,32803
2023-02-24,18.29,18.089375,18.53,18.284,25877
2023-02-27,18.48,17.92,18.48,17.85,27385
2023-02-28,17.91,18.11,18.13,17.6001,63701
2023-03-01,18.03,18.0,18.0717,17.7,17841
2023-03-02,17.93,18.0,18.23,17.6801,22770
2023-03-03,18.1,18.2,18.34,18.01,30139
2023-03-06,18.25,18.36,18.4815,18.25,25119
2023-03-07,18.4,18.1837,18.4,18.01,25571
2023-03-08,18.18,18.31,18.42,18.1,23449
2023-03-09,18.41,18.15,18.41,18.01,56992
2023-03-10,18.1,17.87,18.3322,17.65,46663
2023-03-13,17.63,16.5,17.78,16.05,68851
2023-03-14,16.85,16.99,17.6,16.7402,20332
2023-03-15,16.93,16.39,16.93,16.158,58039
2023-03-16,16.38,17.94,17.94,16.21,41451
2023-03-17,17.73,16.88,18.46,16.83,31582
2023-03-20,17.07,16.4,17.34,16.3,35855
2023-03-21,16.67,16.61,16.91,16.4,29583
2023-03-22,16.51,17.0,17.15,16.34,32575
2023-03-23,17.05,17.05,17.5,16.9,27092
2023-03-24,16.78,16.61,16.81,16.3,58570
2023-03-27,16.73,17.54,17.67,16.73,45149
2023-03-28,17.52,17.93,17.95,17.2801,43480
2023-03-29,18.08,18.7,18.78,18.08,143385
2023-03-30,18.87,18.61,18.87,18.3738,45205
2023-03-31,19.0,19.21,19.21,18.5401,227718
2023-04-03,19.11,18.74,19.49,18.6,110232
2023-04-04,18.77,18.0,18.93,17.69,61278
2023-04-05,17.75,17.27,18.0,16.88,56857
2023-04-06,17.15,16.98,17.2797,16.93,122049
2023-04-10,16.9,16.85,17.07,16.75,45112
2023-04-11,17.0,16.93,17.29,16.89,49678
2023-04-12,17.05,16.42,17.19,16.4,52856
2023-04-13,16.61,16.8776,16.92,16.525,36474
2023-04-14,17.0,16.75,17.09,16.67,16416
2023-04-17,16.86,16.76,17.095,16.76,27958
2023-04-18,16.9,16.86,17.2026,16.6,21481
2023-04-19,16.8,17.03,17.13,16.76,38370
2023-04-20,16.96,16.6,17.0,16.56,23772
2023-04-21,16.7,16.81,16.95,16.65,29578
2023-04-24,16.89,16.744,16.9,16.65,55098
2023-04-25,16.71,16.57,16.83,16.47,50626
2023-04-26,16.6,16.62,16.825,16.57,32518
2023-04-27,16.73,16.835,16.95,16.62,20931
2023-04-28,16.77,16.79,17.01,16.53,84981
2023-05-01,16.79,16.5,16.79,16.35,26637
2023-05-02,16.5,16.29,16.5,16.2,25535
2023-05-03,16.38,15.41,16.38,15.39,33419
2023-05-04,15.28,15.11,15.47,14.19,64886
2023-05-05,15.3,15.0,15.42,13.4,202599
2023-05-08,15.0,14.95,15.42,14.85,50247
2023-05-09,14.98,14.23,14.98,13.885,47642
2023-05-10,14.44,14.96,14.96,14.3,34606
2023-05-11,14.95,14.54,14.95,14.54,29932
2023-05-12,14.68,14.24,14.84,13.97,40072
2023-05-15,14.285,14.13,14.3,13.65,122417
2023-05-16,13.92,13.7,13.92,13.44,71437
2023-05-17,13.8,14.85,14.88,13.8,50376
2023-05-18,14.8,15.44,15.49,14.47,212714
2023-05-19,15.58,16.36,16.4,15.43,95602
