2021-10-12,9.9,9.9,9.9,9.9,160
2021-10-13,9.85,9.8,9.85,9.8,508
2021-10-14,NaN,9.8,NaN,NaN,13
2021-10-15,NaN,9.8,NaN,NaN,28
2021-10-18,10.0,10.0,10.0,10.0,207
2021-10-19,9.65,9.8,9.85,9.65,1600
2021-10-20,9.7232,9.7232,9.7232,9.7232,604
2021-10-21,9.79,9.79,9.79,9.79,100
2021-10-22,NaN,9.79,NaN,NaN,7
2021-10-25,9.85,9.85,9.85,9.85,100
2021-10-26,9.85,9.73,9.85,9.73,206
2021-10-28,9.7271,9.7271,9.7271,9.7271,100
2021-11-01,9.68,9.65,9.68,9.65,1600
2021-11-02,NaN,9.65,NaN,NaN,7
2021-11-04,9.68,9.67,9.69,9.64,34706
2021-11-05,9.68,9.68,9.68,9.68,169
2021-11-08,9.68,9.69,9.69,9.68,270
2021-11-09,9.69,9.665,9.69,9.65,12402
2021-11-10,9.65,9.67,9.67,9.64,5487
2021-11-11,9.67,9.68,9.68,9.665,35223
2021-11-12,9.67,9.76,9.76,9.67,25805
2021-11-15,9.71,9.71,9.73,9.71,14845
2021-11-16,9.75,9.75,9.75,9.75,1100
2021-11-17,9.76,9.75,9.76,9.75,1214
2021-11-18,9.7,9.7,9.71,9.68,21930
2021-11-19,9.63,9.68,9.71,9.63,199500
2021-11-22,9.7,9.71,9.71,9.7,6142
2021-11-29,9.7,9.7101,9.7101,9.7,425949
2021-12-02,9.77,9.77,9.77,9.77,102
2021-12-03,9.77,9.77,9.77,9.77,26
2021-12-06,9.74,9.74,9.74,9.69,300
2021-12-07,9.74,9.74,9.74,9.74,101
2021-12-08,9.71,9.74,9.74,9.7,101200
2021-12-10,9.72,9.68,9.72,9.68,1352
2021-12-13,9.68,9.68,9.68,9.68,103
2021-12-14,9.69,9.69,9.69,9.69,1846
2021-12-16,9.69,9.7299,9.73,9.68,60989
2021-12-17,9.7,9.71,9.72,9.7,1462
2021-12-20,9.7,9.7,9.73,9.7,2493
2021-12-21,9.71,9.71,9.71,9.71,200
2021-12-22,9.705,9.73,9.73,9.6801,5498
2021-12-23,9.72,9.72,9.72,9.72,200
2021-12-27,NaN,9.72,NaN,NaN,1
2021-12-28,NaN,9.72,NaN,NaN,17
2021-12-31,9.68,9.7,9.7,9.68,701
2022-01-03,9.7,9.7,9.7,9.7,136
2022-01-04,9.7,9.7,9.7,9.7,31
2022-01-05,9.71,9.72,9.73,9.71,6647
2022-01-06,9.73,9.73,9.73,9.73,301
2022-01-07,9.7,9.68,9.7,9.68,501
2022-01-10,9.68,9.64,9.69,9.64,252616
2022-01-11,9.66,9.66,9.66,9.66,330
2022-01-12,9.69,9.66,9.69,9.66,202
2022-01-18,NaN,9.66,NaN,NaN,74
2022-01-20,NaN,9.66,NaN,NaN,6
2022-01-21,NaN,9.66,NaN,NaN,4
2022-01-27,9.6,9.64,9.64,9.575,16548
2022-01-28,9.64,9.64,9.64,9.64,0
2022-01-31,9.6,9.64,9.65,9.6,1343
2022-02-01,9.63,9.63,9.63,9.63,404
2022-02-02,9.63,9.63,9.63,9.63,197
2022-02-03,9.5,9.6,9.63,9.5,672
2022-02-04,9.6,9.68,9.68,9.6,9400
2022-02-07,9.68,9.73,9.73,9.68,1202
2022-02-08,9.73,9.73,9.73,9.73,1
2022-02-10,9.73,9.73,9.73,9.73,186
2022-02-11,9.6,9.63,9.63,9.6,600
2022-02-14,9.99,9.99,9.99,9.99,160
2022-02-15,9.98,9.72,9.98,9.72,2028
2022-02-16,9.72,9.72,9.72,9.72,245
2022-02-17,9.72,9.72,9.72,9.72,25
2022-02-22,9.72,9.72,9.72,9.72,618
2022-02-23,9.72,9.72,9.72,9.72,0
2022-02-24,9.6441,9.6441,9.6441,9.6441,118
2022-02-25,9.61,9.63,9.63,9.61,36843
2022-03-01,9.625,9.61,9.625,9.61,312
2022-03-02,9.6101,9.62,9.62,9.6101,1001
2022-03-03,9.64,9.64,9.64,9.64,75384
2022-03-04,9.65,9.65,9.65,9.65,101
2022-03-07,9.64,9.64,9.64,9.64,224616
2022-03-08,9.64,9.64,9.64,9.64,1
2022-03-15,9.635,9.64,9.64,9.63,18725
2022-03-18,9.64,9.64,9.64,9.64,530
2022-03-22,9.65,9.66,9.66,9.65,22261
2022-03-23,9.61,9.61,9.61,9.61,100
2022-03-25,9.67,9.67,9.67,9.67,15100
2022-03-29,9.67,9.67,9.67,9.66,31483
2022-03-30,9.67,9.68,9.68,9.67,7252
2022-04-05,9.69,9.69,9.69,9.69,10400
2022-04-06,9.63,9.65,9.65,9.63,9200
2022-04-11,9.7,9.69,9.7,9.69,2100
2022-04-13,9.69,9.7,9.7,9.69,4840
2022-04-14,9.71,9.72,9.72,9.71,8714
2022-04-18,9.66,9.73,9.73,9.66,402
2022-04-20,9.7,9.7,9.7,9.69,5572
2022-04-21,9.7,9.7,9.7,9.7,500
2022-04-25,9.71,9.71,9.71,9.71,29120
2022-04-26,9.73,9.73,9.73,9.73,100
2022-04-29,9.71,9.71,9.72,9.71,1010863
2022-05-03,9.72,9.72,9.72,9.72,1000
2022-05-04,9.72,9.72,9.72,9.72,1100
2022-05-05,9.71,9.7,9.71,9.7,77000
2022-05-06,9.72,9.72,9.72,9.72,350000
2022-05-09,9.72,9.72,9.72,9.72,600
2022-05-10,9.7,9.66,9.71,9.66,9799
2022-05-11,9.68,9.67,9.68,9.67,2018
2022-05-12,9.65,9.66,9.66,9.64,6400
2022-05-16,9.69,9.69,9.69,9.69,100
2022-05-18,9.63,9.66,9.67,9.63,8702
2022-05-23,9.67,9.67,9.67,9.67,2500
2022-05-24,9.65,9.62,9.65,9.62,3200
2022-05-26,9.63,9.63,9.63,9.63,167
2022-05-31,9.68,9.665,9.68,9.665,80067
2022-06-01,9.64,9.63,9.65,9.63,20001
2022-06-02,9.67,9.67,9.67,9.67,544
2022-06-13,9.67,9.68,9.68,9.67,2000
2022-06-15,9.68,9.69,9.69,9.68,46065
2022-06-16,9.69,9.65,9.69,9.65,119032
2022-06-17,9.65,9.69,9.69,9.65,1001
2022-06-21,9.65,9.69,9.69,9.65,4756
2022-06-23,9.66,9.66,9.66,9.66,246000
2022-06-28,9.69,9.69,9.69,9.69,60977
2022-06-30,9.69,9.67,9.69,9.67,14486
2022-07-05,9.68,9.69,9.69,9.68,6147
2022-07-06,9.67,9.67,9.67,9.67,475
2022-07-07,9.69,9.69,9.69,9.69,15509
2022-07-08,9.69,9.69,9.69,9.69,573
2022-07-11,9.69,9.7,9.7,9.69,4180
2022-07-12,9.7,9.7,9.7,9.7,23061
2022-07-13,9.65,9.69,9.7,9.65,4200
2022-07-14,9.68,9.7,9.7,9.68,22867
2022-07-19,9.7,9.7,9.7,9.7,9100
2022-07-20,9.7,9.71,9.71,9.7,11351
2022-07-21,9.71,9.71,9.71,9.71,100000
2022-07-22,9.7,9.71,9.715,9.7,169000
2022-07-25,9.71,9.71,9.72,9.7,74323
2022-07-26,9.71,9.72,9.72,9.71,96662
2022-07-27,9.72,9.71,9.72,9.71,358
2022-07-28,9.72,9.72,9.72,9.72,222
2022-07-29,9.72,9.72,9.74,9.705,4271
2022-08-02,9.72,9.72,9.72,9.72,12522
2022-08-03,9.72,9.74,9.75,9.72,45044
2022-08-05,9.69,9.69,9.69,9.69,100
2022-08-08,9.72,9.72,9.72,9.72,100
2022-08-09,9.74,9.75,9.75,9.74,10000
2022-08-10,9.74,9.74,9.74,9.74,100
2022-08-11,9.73,9.75,9.75,9.73,101000
2022-08-15,9.75,9.75,9.75,9.75,74704
2022-08-17,9.75,9.76,9.76,9.75,737
2022-08-18,9.76,9.77,9.77,9.76,10000
2022-08-19,9.76,9.78,9.78,9.75,28499
2022-08-24,9.77,9.77,9.77,9.77,200
2022-08-25,9.75,9.76,9.7601,9.75,1137100
2022-08-26,9.76,9.79,9.82,9.76,2510
2022-08-30,9.77,9.78,9.78,9.77,19328
2022-08-31,9.78,9.8,9.8,9.78,1115
2022-09-02,9.79,9.78,9.79,9.78,1000
2022-09-07,9.77,9.77,9.77,9.77,400
2022-09-09,9.76,9.76,9.77,9.73,5196
2022-09-13,9.74,9.73,9.74,9.73,7541
2022-09-15,9.73,9.73,9.73,9.73,100
2022-09-16,9.74,9.74,9.74,9.74,4500
2022-09-19,9.745,9.74,9.745,9.74,1009
2022-09-20,9.74,9.74,9.75,9.74,26361
2022-09-21,9.75,9.76,9.76,9.75,900
2022-09-23,9.77,9.77,9.77,9.77,11400
2022-09-26,9.76,9.76,9.76,9.76,200
2022-09-27,9.76,9.8,9.8,9.76,20100
2022-09-28,9.76,9.76,9.78,9.76,139732
2022-09-30,9.76,9.77,9.77,9.76,10900
2022-10-03,9.78,9.77,9.78,9.77,1100
2022-10-04,9.8,9.7764,9.8,9.7764,875
2022-10-05,9.77,9.77,9.78,9.77,401
2022-10-06,9.78,9.78,9.78,9.78,100
2022-10-07,9.78,9.78,9.78,9.78,5000
2022-10-13,9.815,9.78,9.82,9.78,5602
2022-10-14,9.78,9.79,9.79,9.78,5313
2022-10-17,9.79,9.82,9.82,9.79,798
2022-10-19,9.815,9.81,9.82,9.81,22260
2022-10-20,9.8125,9.8294,9.8294,9.8125,105553
2022-10-21,9.82,9.82,9.82,9.82,10840
2022-10-24,9.82,9.82,9.82,9.82,4289
2022-10-25,9.82,9.83,9.83,9.82,346167
2022-10-26,9.83,9.87,9.87,9.83,100105
2022-10-28,9.85,9.87,9.87,9.85,299296
2022-11-01,9.87,9.88,9.88,9.87,53900
2022-11-02,9.88,9.88,9.88,9.88,105
2022-11-03,9.88,9.88,9.88,9.88,200
2022-11-04,9.88,9.88,9.88,9.88,200
2022-11-07,9.89,9.89,9.91,9.88,88589
2022-11-11,9.91,9.91,9.91,9.91,110
2022-11-16,9.89,9.9,9.9,9.89,5300
2022-11-17,9.91,9.905,9.91,9.9,1505
2022-11-18,9.91,9.94,9.95,9.905,56011
2022-11-21,9.941,9.95,9.95,9.9399,119250
2022-11-22,9.94,9.95,9.96,9.94,164393
2022-11-28,9.97,9.96,9.97,9.95,342960
2022-11-29,9.95,9.98,10.0,9.95,116400
2022-11-30,9.98,9.96,9.98,9.96,8294
2022-12-01,9.96,9.97,9.97,9.96,6471
2022-12-02,9.97,9.97,9.98,9.97,1894
2022-12-05,9.98,9.97,9.98,9.97,330
2022-12-06,9.97,9.96,9.97,9.96,4167
2022-12-07,9.96,9.96,9.98,9.96,22112
2022-12-08,9.96,9.96,9.97,9.96,27979
2022-12-09,9.97,9.96,9.97,9.96,1200
2022-12-12,9.96,9.96,9.96,9.955,54064
2022-12-13,9.97,9.98,9.98,9.97,200
2022-12-14,9.98,9.98,9.98,9.98,5700
2022-12-15,9.98,9.99,9.99,9.98,88981
2022-12-16,9.96,9.96,9.96,9.96,350000
2022-12-20,10.0,10.02,10.02,10.0,2516
2022-12-22,9.99,9.99,9.99,9.99,300
2022-12-23,9.99,9.99,9.99,9.99,15003
2022-12-27,9.99,10.0,10.01,9.99,4175
2022-12-28,10.01,10.0,10.01,9.99,176710
2022-12-29,10.04,10.02,10.05,10.02,2667
2022-12-30,10.02,10.02,10.04,10.02,9275
2023-01-03,10.02,10.01,10.02,10.01,6399
2023-01-04,10.06,10.03,10.06,10.0,1001
2023-01-05,10.03,10.03,10.03,10.03,1101200
2023-01-06,10.05,10.03,10.05,10.02,279674
2023-01-09,10.09,10.05,10.09,10.03,423
2023-01-11,10.04,10.04,10.04,10.04,3543
2023-01-12,10.06,10.06,10.06,10.06,101
2023-01-13,10.06,10.08,10.09,10.05,2094
2023-01-18,10.05,10.06,10.06,10.05,3231
2023-01-19,10.05,10.06,10.07,10.05,2239
2023-01-20,10.05,10.06,10.06,10.0401,1700
2023-01-23,10.08,10.07,10.08,10.07,49561
2023-01-24,10.07,10.07,10.07,10.07,197
2023-01-25,10.07,10.08,10.08,10.07,76147
2023-01-27,10.1,10.1,10.1,10.09,82010
2023-01-30,10.09,10.1099,10.1099,10.09,7402
2023-01-31,10.11,10.1,10.11,10.09,1008528
2023-02-01,10.1,10.1,10.1,10.09,80631
2023-02-02,10.1,10.1,10.1,10.1,9227
2023-02-03,10.1,10.1,10.1,10.1,100
2023-02-06,10.1,10.1,10.1,10.1,50000
2023-02-07,10.09,10.11,10.12,10.09,715690
2023-02-08,10.11,10.11,10.11,10.11,3116
2023-02-09,10.11,10.11,10.11,10.11,116
2023-02-10,10.11,10.12,10.12,10.11,76347
2023-02-13,10.13,10.13,10.13,10.13,108
2023-02-14,10.1201,10.13,10.16,10.1201,14028
2023-02-15,10.14,10.14,10.14,10.14,23372
2023-02-16,10.14,10.15,10.15,10.14,9564
2023-02-17,10.14,10.14,10.15,10.14,911
2023-02-21,10.145,10.15,10.15,10.14,104812
2023-02-22,10.15,10.16,10.16,10.14,92532
2023-02-23,10.15,10.1436,10.15,10.1436,213
2023-02-24,10.15,10.14,10.16,10.14,12937
2023-02-27,10.14,10.14,10.14,10.14,20001
2023-03-01,10.39,10.18,10.39,10.18,343
2023-03-02,10.21,10.17,10.21,10.16,25553
2023-03-06,10.17,10.17,10.17,10.17,11355
2023-03-07,10.18,10.18,10.18,10.17,9154
2023-03-08,10.21,10.21,10.21,10.21,376
2023-03-09,10.2,10.205,10.205,10.2,200
2023-03-10,10.18,10.18,10.18,10.16,911215
2023-03-13,10.19,10.18,10.2,10.18,419067
2023-03-14,10.18,10.18,10.18,10.18,9381
2023-03-15,10.18,10.18,10.185,10.18,1550561
2023-03-16,10.18,10.1807,10.185,10.175,1002620
2023-03-17,10.18,10.185,10.185,10.18,306
2023-03-20,10.18,10.18,10.18,10.17,1062
2023-03-22,10.1808,10.18,10.1808,10.18,749
2023-03-27,10.19,10.18,10.19,10.18,298
2023-03-28,10.19,10.2,10.2,10.19,14600
2023-03-29,10.2,10.2,10.2,10.2,17446
2023-03-30,10.21,10.2,10.21,10.2,42771
2023-04-03,10.2,10.2,10.2001,10.2,147912
2023-04-04,10.2,10.2,10.2,10.2,42203
2023-04-05,10.48,10.22,10.5,10.21,36073
2023-04-06,10.22,10.22,10.22,10.22,933
2023-04-10,10.27,10.22,10.27,10.22,541543
2023-04-11,10.34,10.22,10.34,10.22,704072
2023-04-12,10.23,10.23,10.23,10.22,478853
2023-04-13,10.2281,10.2281,10.2281,10.2281,1000
2023-04-14,10.23,10.23,10.23,10.23,200
2023-04-17,10.25,10.25,10.25,10.25,211
2023-04-19,10.7,10.21,10.7,10.21,21119
2023-04-20,10.3,10.2536,10.3,10.22,2926
2023-04-21,10.4821,10.4,10.4821,10.4,300
2023-04-24,10.23,10.26,10.26,10.23,2280
2023-04-25,10.25,10.255,10.255,10.23,3125
2023-04-26,10.36,10.25,10.36,10.24,342
2023-04-28,10.24,10.24,10.24,10.24,648
2023-05-01,10.42,10.42,10.42,10.42,159
2023-05-02,NaN,NaN,NaN,NaN,5
2023-05-04,10.5,10.3,10.5,10.3,701
