2021-01-28,24.48,24.63,24.76,24.313,11761
2021-01-29,24.93,24.54,25.0,24.18,83665
2021-02-01,24.67,25.02,27.82,24.51,103925
2021-02-02,25.41,25.6,25.85,25.229,92852
2021-02-03,25.91,24.97,25.91,24.88,62921
2021-02-04,24.99,25.36,25.36,24.99,38981
2021-02-05,25.54,25.65,25.68,25.2901,75075
2021-02-08,25.7,25.68,26.09,25.5,41609
2021-02-09,25.62,26.1041,26.2598,25.62,42250
2021-02-10,26.18,25.8899,26.38,25.5,32090
2021-02-11,25.95,25.83,25.9599,25.66,20476
2021-02-12,25.61,25.7654,25.85,25.41,20726
2021-02-16,26.01,25.3,26.01,25.1801,32298
2021-02-17,25.23,25.045,25.2499,24.72,43971
2021-02-18,24.77,24.915,25.0,24.48,38962
2021-02-19,25.22,25.15,25.38,25.0,30197
2021-02-22,24.78,24.018,24.78,23.91,43322
2021-02-23,23.51,23.7,23.7,22.25,53577
2021-02-24,23.5,23.63,23.64,23.05,51827
2021-02-25,23.52,22.5958,23.56,22.4232,50673
2021-02-26,22.61,22.5085,22.76,22.04,21548
2021-03-01,22.97,23.35,23.35,22.75,49525
2021-03-02,23.14,22.8154,23.46,22.81,26404
2021-03-03,22.63,21.88,22.63,21.7,29309
2021-03-04,21.62,21.1599,21.81,20.78,36432
2021-03-05,21.16,21.11,21.29,20.09,83765
2021-03-08,20.93,20.55,21.86,20.55,29218
2021-03-09,21.19,21.86,22.0,21.08,39158
2021-03-10,22.21,21.7285,22.43,21.63,48649
2021-03-11,22.19,22.62,22.7,22.19,36046
2021-03-12,22.27,22.33,22.37,21.89,33443
2021-03-15,22.49,22.4,22.9,22.1802,28279
2021-03-16,22.71,22.34,22.7867,22.06,32403
2021-03-17,22.1,22.2966,22.48,21.8484,19562
2021-03-18,22.13,21.3,22.14,21.25,30375
2021-03-19,21.12,21.68,21.745,21.12,17201
2021-03-22,21.89,22.04,22.15,21.79,21183
2021-03-23,22.11,21.8027,22.11,21.78,17081
2021-03-24,22.04,21.07,22.04,21.05,22491
2021-03-25,20.62,20.9,20.95,20.51,18134
2021-03-26,20.7,21.13,21.13,20.5301,12289
2021-03-29,21.13,20.8,21.13,20.64,19836
2021-03-30,20.54,20.5815,20.6488,20.365,18249
2021-03-31,20.59,21.1819,21.34,20.59,19174
2021-04-01,21.57,21.69,22.0,21.57,15902
2021-04-05,21.97,21.6929,21.97,21.5,14590
2021-04-06,21.74,21.9977,22.21,21.7,28239
2021-04-07,22.04,21.6,22.04,21.6,14456
2021-04-08,21.7,22.09,22.1099,21.7,23554
2021-04-09,21.75,22.038,22.038,21.65,5920
2021-04-12,21.88,22.33,22.41,21.82,16747
2021-04-13,22.3183,22.9831,23.05,22.3183,10621
2021-04-14,23.0,22.81,23.34,22.745,13181
2021-04-15,23.18,23.2119,23.245,22.9966,32029
2021-04-16,23.49,22.7944,23.49,22.6883,11546
2021-04-19,22.61,22.57,23.4999,22.5,7951
2021-04-20,22.75,22.14,22.75,22.06,14365
2021-04-21,22.0,22.365,22.4,21.91,16690
2021-04-22,22.24,22.5484,22.87,22.24,20351
2021-04-23,22.75,22.8856,23.0,22.73,19659
2021-04-26,23.35,23.83,23.83,23.35,28506
2021-04-27,23.64,23.6761,23.815,23.59,6399
2021-04-28,23.5,23.3342,23.595,23.24,9929
2021-04-29,23.49,22.9,23.49,22.76,15075
2021-04-30,22.96,22.71,23.05,22.7,5997
2021-05-03,22.97,22.23,22.97,22.23,9598
2021-05-04,21.87,21.69,21.92,21.445,18336
2021-05-05,21.87,21.3852,21.87,21.3401,5186
2021-05-06,21.57,20.84,21.57,20.58,24292
2021-05-07,21.25,21.165,21.43,21.11,14438
2021-05-10,21.18,20.8471,21.18,20.8,10878
2021-05-11,20.51,21.26,21.35,20.28,14147
2021-05-12,20.98,20.7859,21.0,20.6744,7565
2021-05-13,21.199,20.5377,21.2,20.48,9098
2021-05-14,20.65,21.39,21.4,20.65,17484
2021-05-17,21.4,20.97,21.4,20.85,7441
2021-05-18,20.97,21.35,21.54,20.97,10430
2021-05-19,20.96,21.235,21.25,20.8997,6116
2021-05-20,21.525,21.8099,21.81,21.525,5376
2021-05-21,22.0,22.12,22.14,22.0,8258
2021-05-24,22.5,22.5,22.5,22.28,4360
2021-05-25,22.88,22.35,22.88,22.28,10884
2021-05-26,22.556,22.8,22.87,22.556,4237
2021-05-27,22.6,22.65,22.8,22.28,7315
2021-05-28,22.71,22.75,22.83,22.6701,2268
2021-06-01,22.95,22.56,22.95,22.19,16292
2021-06-02,22.39,22.52,22.52,22.3401,5818
2021-06-03,22.09,21.9901,22.16,21.99,6713
2021-06-04,22.05,22.23,22.279,22.05,3087
2021-06-07,22.45,22.6001,22.75,22.09,19237
2021-06-08,22.93,23.105,23.1709,22.8,50327
2021-06-09,23.27,23.03,23.27,22.94,33585
2021-06-10,23.28,23.53,23.56,23.0,56978
2021-06-11,23.8,23.67,23.8,23.45,16852
2021-06-14,23.9,23.91,23.93,23.7,29756
2021-06-15,24.11,23.58,24.11,23.5698,30001
2021-06-16,23.66,23.74,23.92,23.5,26087
2021-06-17,23.83,24.36,24.36,23.768,44380
2021-06-18,23.93,24.29,24.5,23.93,20706
2021-06-21,24.48,24.2,24.48,23.86,29037
2021-06-22,24.35,24.44,24.66,24.1013,43673
2021-06-23,24.76,24.66,24.76,24.47,25378
2021-06-24,24.88,24.74,24.96,24.66,41357
2021-06-25,24.88,24.77,24.88,24.59,13886
2021-06-28,25.0,24.8999,25.03,24.8,18739
2021-06-29,25.03,24.9,25.07,24.78,22812
2021-06-30,25.04,24.5,25.04,24.41,27639
2021-07-01,24.55,24.49,24.9,24.21,28663
2021-07-02,24.66,24.595,24.695,24.5,8245
2021-07-06,24.75,25.15,25.15,24.71,25649
2021-07-07,25.51,25.14,25.51,25.07,20598
2021-07-08,24.71,25.0554,25.12,24.36,19393
2021-07-09,25.2,25.21,25.26,24.94,7634
2021-07-12,25.45,25.12,25.45,25.0001,18088
2021-07-13,25.07,24.96,25.35,24.9501,15606
2021-07-14,24.97,24.71,25.0582,24.63,14324
2021-07-15,24.75,24.4,24.75,24.245,21042
2021-07-16,24.5676,24.495,24.6399,24.47,3968
2021-07-19,24.38,24.585,24.62,24.01,14227
2021-07-20,24.53,25.23,25.36,24.53,6378
2021-07-21,25.1599,25.3,25.3,25.1,8569
2021-07-22,25.5,25.71,25.74,25.45,28698
2021-07-23,25.99,25.94,25.9999,25.68,6905
2021-07-26,25.78,25.79,25.92,25.635,21711
2021-07-27,25.735,25.4,25.872,25.13,10811
2021-07-28,25.63,25.93,25.96,25.63,10949
2021-07-29,25.9,25.86,26.0,25.85,6181
2021-07-30,25.68,25.613,25.9124,25.613,9590
2021-08-02,25.6,25.89,26.028,25.33,17756
2021-08-03,26.01,25.83,26.01,25.7364,5102
2021-08-04,25.99,26.1,26.15,25.86,27495
2021-08-05,26.385,26.38,26.47,26.08,16785
2021-08-06,26.31,25.915,26.31,25.75,11706
2021-08-09,26.16,26.07,26.16,25.86,7085
2021-08-10,26.21,25.62,26.21,25.54,22990
2021-08-11,25.8,25.52,25.81,25.38,15073
2021-08-12,25.39,26.16,26.16,25.39,8722
2021-08-13,26.25,26.2001,26.41,26.16,10022
2021-08-16,26.28,25.83,26.28,25.55,11622
2021-08-17,25.57,25.6435,25.6899,25.39,21991
2021-08-18,25.58,25.4615,25.77,25.3701,13677
2021-08-19,25.01,25.46,25.7399,25.01,6366
2021-08-20,25.64,25.71,25.715,25.59,6246
2021-08-23,26.0,26.24,26.24,25.88,12116
2021-08-24,26.42,26.91,26.99,26.42,21480
2021-08-25,27.03,27.3499,27.41,27.03,19277
2021-08-26,27.34,27.33,27.48,27.2802,23925
2021-08-27,27.62,27.7599,27.77,27.33,14938
2021-08-30,28.0,27.815,28.0,27.575,14585
2021-08-31,27.73,27.71,27.94,27.68,6495
2021-09-01,27.72,27.88,27.99,27.71,18153
2021-09-02,27.88,28.1938,28.2989,27.88,12959
2021-09-03,28.32,28.53,28.53,28.16,8092
2021-09-07,28.78,28.6,28.78,28.0,37560
2021-09-08,28.33,27.84,28.33,27.76,21484
2021-09-09,27.73,27.9,28.2,27.73,29347
2021-09-10,28.28,27.41,28.89,27.36,32170
2021-09-13,27.71,27.32,27.71,26.97,10314
2021-09-14,27.72,27.44,27.72,27.395,21870
2021-09-15,27.7,27.565,27.7,27.3,13284
2021-09-16,27.65,27.88,27.95,27.49,26115
2021-09-17,28.0,27.65,28.0,27.59,14338
2021-09-20,27.22,26.99,27.24,26.63,24792
2021-09-21,27.2,27.18,27.44,26.96,21698
2021-09-22,27.32,27.51,27.5299,27.1452,12237
2021-09-23,27.81,27.82,27.87,27.53,21096
2021-09-24,27.66,27.55,27.805,27.2875,17680
2021-09-27,27.56,26.99,27.56,26.77,18322
2021-09-28,26.31,25.69,26.31,25.6835,40194
2021-09-29,25.77,25.47,25.945,25.47,27564
2021-09-30,25.81,25.755,25.97,25.6401,7146
2021-10-01,26.0,26.03,26.04,25.6101,6109
2021-10-04,25.79,25.03,25.79,24.85,54402
2021-10-05,25.09,25.62,25.725,25.09,12028
2021-10-06,25.12,26.0264,26.1499,25.12,14011
2021-10-07,26.51,26.58,26.81,26.427,24865
2021-10-08,26.5,26.419,26.7,26.28,10863
2021-10-11,26.43,26.25,26.5055,25.98,4484
2021-10-12,26.55,26.8699,26.9,26.55,7437
2021-10-13,27.22,27.8,27.8,27.09,13120
2021-10-14,28.07,28.29,28.5,28.07,16131
2021-10-15,28.54,28.19,28.54,28.1,10403
2021-10-18,28.21,28.64,28.64,28.13,11405
2021-10-19,28.9,28.87,29.02,28.64,31496
2021-10-20,29.1,28.848,29.15,28.675,8437
2021-10-21,28.69,29.2513,29.355,28.661,9600
2021-10-22,29.38,29.2,29.38,29.06,9659
2021-10-25,28.755,29.0603,29.36,28.755,25817
2021-10-26,29.24,28.93,29.35,28.75,6097
2021-10-27,29.09,28.5264,29.09,28.4401,9609
2021-10-28,28.51,28.81,28.877,28.43,11784
2021-10-29,28.93,29.33,29.355,28.93,14968
2021-11-01,29.32,29.0269,29.32,28.77,17924
2021-11-02,29.14,28.62,29.14,28.51,13987
2021-11-03,28.7,29.03,29.03,28.49,5187
2021-11-04,29.27,29.4746,29.55,29.13,16550
2021-11-05,29.73,29.3,29.899,29.12,14450
2021-11-08,29.77,30.272,30.34,29.65,23983
2021-11-09,30.25,30.3978,30.49,30.01,21083
2021-11-10,30.52,29.62,30.58,29.43,17115
2021-11-11,30.06,29.89,30.17,29.88,16787
2021-11-12,30.2,30.29,30.29,30.017,10081
2021-11-15,30.42,29.56,30.46,29.48,26554
2021-11-16,29.56,29.9707,30.02,29.56,12696
2021-11-17,30.09,29.7605,30.09,29.5901,4154
2021-11-18,29.67,29.545,29.8,29.45,6703
2021-11-19,29.53,29.1926,29.831,29.17,8760
2021-11-22,29.4,27.7697,29.5,27.6,121756
2021-11-23,27.6,27.18,27.7,26.7,59679
2021-11-24,26.75,27.48,27.48,26.65,10716
2021-11-26,27.19,27.28,27.7,27.09,11748
2021-11-29,27.44,27.4688,27.58,27.291,57693
2021-11-30,27.5,26.99,27.74,26.58,10088
2021-12-01,27.51,25.48,27.51,25.3766,29769
2021-12-02,25.5,25.75,25.77,25.31,11135
2021-12-03,26.03,24.85,26.03,24.389,36815
2021-12-06,24.91,24.585,24.91,23.88,28203
2021-12-07,25.37,25.72,25.91,25.23,56641
2021-12-08,25.7,26.32,26.41,25.341,86443
2021-12-09,26.45,25.53,26.45,25.46,16405
2021-12-10,25.66,25.361,25.7,25.2,5796
2021-12-13,25.47,25.56,25.92,25.131,16455
2021-12-14,25.4,24.84,25.4,24.38,18126
2021-12-15,24.71,25.78,25.909,24.71,13813
2021-12-16,26.25,25.19,26.25,24.885,25596
2021-12-17,24.78,25.75,25.755,24.6711,18902
2021-12-20,25.28,25.48,25.67,24.78,10328
2021-12-21,25.6,26.39,26.39,25.46,16398
2021-12-22,26.43,26.4999,26.53,26.1387,11107
2021-12-23,26.7,26.58,26.7,26.1801,14661
2021-12-27,26.5,26.65,26.7244,26.5,11697
2021-12-28,26.62,26.23,26.63,26.23,7143
2021-12-29,26.22,26.2399,26.32,25.95,8722
2021-12-30,26.2,26.42,26.7,26.2,7363
2021-12-31,26.67,26.24,26.67,26.13,11575
2022-01-03,25.95,25.5157,26.17,25.325,149153
2022-01-04,25.41,24.46,25.47,23.99,57034
2022-01-05,24.37,23.3713,24.37,23.2907,21542
2022-01-06,23.12,23.4171,23.84,23.12,21780
2022-01-07,23.15,23.3411,23.5,23.14,8054
2022-01-10,23.04,23.49,23.49,22.4201,45041
2022-01-11,23.43,24.1416,24.24,23.43,11987
2022-01-12,24.64,23.98,24.64,23.89,22551
2022-01-13,23.95,22.65,23.95,22.6,11164
2022-01-14,22.33,22.72,22.75,22.32,15335
2022-01-18,22.12,22.15,22.84,22.1,16312
2022-01-19,22.49,22.159,22.6499,22.11,5927
2022-01-20,22.7,22.28,23.05,22.28,19504
2022-01-21,22.0,21.54,22.19,21.5,22237
2022-01-24,20.68,21.9642,21.99,20.2001,41211
2022-01-25,21.67,20.81,21.67,20.81,28380
2022-01-26,21.61,20.84,21.705,20.7783,21836
2022-01-27,20.93,20.6182,21.3554,20.6,8009
2022-01-28,20.41,21.3476,21.42,20.33,5390
2022-01-31,21.35,22.695,22.695,21.35,13809
2022-02-01,22.8,22.98,22.98,22.35,11142
2022-02-02,23.16,22.4498,23.16,22.375,14226
2022-02-03,22.0327,21.82,22.3,21.72,6956
2022-02-04,21.69,22.4779,22.57,21.69,12453
2022-02-07,22.66,22.66,23.22,22.5101,11900
2022-02-08,22.45,22.79,22.97,22.44,3325
2022-02-09,23.51,23.4999,23.51,23.0,9234
2022-02-10,23.6,23.6641,24.15,23.24,18281
2022-02-11,23.81,22.89,23.81,22.64,13959
2022-02-14,23.15,22.93,23.15,22.83,1942
2022-02-15,23.09,23.56,23.56,23.09,4647
2022-02-16,23.54,23.2386,23.54,22.9,18868
2022-02-17,22.89,21.9342,22.89,21.84,20497
2022-02-18,21.88,21.33,21.889,21.31,13730
2022-02-22,21.14,21.38,21.6726,21.14,8781
2022-02-23,21.83,20.76,21.83,20.691,13448
2022-02-24,20.02,22.5313,22.629,19.94,127293
2022-02-25,22.86,22.83,22.86,21.88,18910
2022-02-28,23.14,23.72,23.89,22.9,97217
2022-03-01,23.99,23.84,24.42,23.64,63215
2022-03-02,24.02,24.23,24.23,23.32,68732
2022-03-03,24.52,23.29,24.52,23.133,48316
2022-03-04,23.27,22.7269,23.56,22.57,35675
2022-03-07,22.869,21.8606,22.97,21.83,15155
2022-03-08,22.07,21.62,22.07,21.28,38290
2022-03-09,22.41,22.4773,22.57,21.8975,14149
2022-03-10,22.17,22.2902,22.3572,22.0469,21435
2022-03-11,22.5,21.44,22.5,21.41,20963
2022-03-14,21.3,20.45,21.3,20.23,32171
2022-03-15,20.46,20.87,20.87,20.445,7035
2022-03-16,21.38,21.6825,21.785,20.78,18578
2022-03-17,21.36,22.5085,22.58,21.36,18207
2022-03-18,22.2,23.2844,23.44,22.2,15535
2022-03-21,23.215,23.3138,23.52,22.91,23915
2022-03-22,23.5,24.3783,24.5,23.4,40958
2022-03-23,24.15,24.51,25.01,24.13,145087
2022-03-24,24.25,24.89,24.89,23.96,19966
2022-03-25,24.71,24.4,24.71,23.8842,111123
2022-03-28,24.4,24.6452,24.6452,24.24,5940
2022-03-29,25.0,25.5,25.5,24.63,29290
2022-03-30,25.2,24.775,25.33,24.7,27668
2022-03-31,24.99,24.77,25.11,24.64,14444
2022-04-01,25.03,24.7537,25.145,24.7,20790
2022-04-04,25.25,25.6,25.6,25.25,27153
2022-04-05,25.35,24.62,25.35,24.521,13788
2022-04-06,24.13,23.93,24.31,23.66,30837
2022-04-07,23.96,23.9615,24.2736,23.76,6023
2022-04-08,24.22,23.72,24.22,23.7,5729
2022-04-11,23.56,24.4384,24.63,23.56,5733
2022-04-12,24.77,24.6,25.35,24.445,18050
2022-04-13,24.44,25.4848,25.62,24.44,13247
2022-04-14,25.64,24.7759,25.64,24.7759,6887
2022-04-18,24.65,24.13,24.65,23.94,12722
2022-04-19,23.99,24.93,25.0325,23.99,7628
2022-04-20,25.05,24.4,25.05,24.26,68372
2022-04-21,24.6,23.4101,25.0,23.351,10414
2022-04-22,23.45,22.85,23.55,22.78,11346
2022-04-25,22.59,23.68,23.7,22.59,8091
2022-04-26,23.45,22.7748,23.45,22.75,8777
2022-04-27,22.95,22.6209,23.24,22.6,6567
2022-04-28,22.81,23.21,23.35,22.48,6795
2022-04-29,23.01,22.24,23.52,22.21,16597
2022-05-02,22.1,22.695,22.75,22.1,13856
2022-05-03,22.56,22.2638,22.63,22.12,4274
2022-05-04,22.09,22.41,22.4973,21.2,43952
2022-05-05,22.12,20.881,22.19,20.65,16150
2022-05-06,20.47,19.6749,20.56,19.5501,29573
2022-05-09,19.19,17.87,19.19,17.87,20556
2022-05-10,18.26,17.85,18.54,17.43,97861
2022-05-11,17.78,17.2751,18.16,17.2751,11255
2022-05-12,16.97,17.7699,17.98,16.81,107324
2022-05-13,17.87,18.9,19.12,17.87,13161
2022-05-16,18.77,18.18,18.9113,18.16,14462
2022-05-17,18.72,18.24,18.72,17.818,311113
2022-05-18,18.0,17.44,18.035,17.351,31264
2022-05-19,17.17,18.0806,18.32,17.17,36090
2022-05-20,18.6,18.35,18.81,17.8711,12985
2022-05-23,18.49,18.57,18.5899,18.278,21192
2022-05-24,18.24,17.8371,18.24,17.725,8497
2022-05-25,17.82,18.2,18.43,17.7807,29461
2022-05-26,18.27,18.7603,18.95,18.27,11588
2022-05-27,18.87,19.53,19.531,18.87,15947
2022-05-31,19.51,19.05,19.52,18.91,17983
2022-06-01,19.2,18.98,19.405,18.86,20335
2022-06-02,18.99,19.87,19.998,18.93,8702
2022-06-03,19.48,19.32,19.48,19.21,7980
2022-06-06,19.63,19.2373,19.63,19.08,7585
2022-06-07,18.975,19.6952,19.6952,18.975,4914
2022-06-08,19.77,19.5768,19.78,19.5601,3462
2022-06-09,19.36,19.105,19.63,19.1,8278
2022-06-10,18.81,18.29,18.81,18.18,29375
2022-06-13,17.56,17.094,17.71,17.05,30453
2022-06-14,17.21,16.9611,17.2799,16.94,12486
2022-06-15,17.18,17.4993,17.7,17.13,8318
2022-06-16,16.96,16.7294,17.0057,16.58,11025
2022-06-17,16.94,17.3396,17.44,16.94,9692
2022-06-21,17.55,17.81,18.055,17.55,6683
2022-06-22,17.52,17.8534,18.13,17.52,17703
2022-06-23,17.84,18.5723,18.5723,17.84,3030
2022-06-24,18.78,19.3194,19.32,18.78,7388
2022-06-27,19.32,18.94,19.32,18.93,6733
2022-06-28,18.87,18.2904,18.88,18.22,8270
2022-06-29,18.19,18.3075,18.3277,18.0551,33499
2022-06-30,18.01,17.78,18.03,17.47,36253
2022-07-01,17.81,18.2501,18.28,17.74,3270
2022-07-05,18.03,19.04,19.06,17.87,10463
2022-07-06,19.12,19.12,19.23,19.03,9655
2022-07-07,19.04,19.65,19.7,19.04,9190
2022-07-08,19.32,19.55,19.7532,19.32,9994
2022-07-11,19.35,19.0463,19.35,18.94,6078
2022-07-12,19.37,18.27,19.37,18.14,8276
2022-07-13,17.9,18.12,18.3324,17.835,7866
2022-07-14,17.83,17.81,17.832,17.731,4605
2022-07-15,18.06,18.1852,18.21,17.9513,10726
2022-07-18,18.5,18.26,18.6934,18.26,3961
2022-07-19,18.53,18.5569,18.5569,18.161,2705
2022-07-20,18.92,19.185,19.26,18.9,15926
2022-07-21,19.31,19.5564,19.5564,19.05,2806
2022-07-22,19.495,19.05,19.6,18.951,3208
2022-07-25,19.04,18.7709,19.04,18.6401,7276
2022-07-26,18.67,17.9,18.67,17.76,5604
2022-07-27,18.12,18.2484,18.2804,17.8949,4762
2022-07-28,18.21,18.4559,18.51,18.03,5324
2022-07-29,18.77,18.66,18.77,18.33,16393
2022-08-01,18.51,18.6835,18.9001,18.31,18710
2022-08-02,18.96,19.0328,19.19,18.896,13523
2022-08-03,19.67,20.4215,20.44,19.59,25664
2022-08-04,20.11,19.88,20.11,19.625,8947
2022-08-05,19.8,20.105,20.105,19.68,12080
2022-08-08,20.5691,20.2374,20.5691,20.2374,2711
2022-08-09,20.16,19.9912,20.21,19.835,3259
2022-08-10,20.59,20.8847,20.89,20.59,6901
2022-08-11,21.17,20.5603,21.2298,20.49,15455
2022-08-12,20.6,20.805,20.805,20.52,12976
2022-08-15,20.68,21.0534,21.0793,20.64,7183
2022-08-16,21.0,21.085,21.11,20.64,18483
2022-08-17,20.83,20.6414,20.83,20.49,4694
2022-08-18,20.57,20.6333,20.71,20.5215,5475
2022-08-19,20.46,20.0649,20.46,19.95,6121
2022-08-22,19.51,19.6281,19.704,19.5,10049
2022-08-23,19.94,20.01,20.21,19.89,5423
2022-08-24,20.06,20.1521,20.2945,20.045,11040
2022-08-25,20.21,20.3891,20.42,20.2,4931
2022-08-26,20.4,19.8922,20.44,19.87,5525
2022-08-29,19.62,19.6826,19.76,19.62,1916
2022-08-30,19.99,19.6369,20.0,19.4501,11009
2022-08-31,19.9501,19.72,20.0073,19.3339,14751
2022-09-01,19.06,18.35,19.2,18.0673,26784
2022-09-02,18.68,18.2729,18.69,18.24,16431
2022-09-06,18.3,18.1495,18.3,18.1495,4460
2022-09-07,18.21,18.528,18.528,18.21,7163
2022-09-08,18.03,18.38,18.4398,18.0,17364
2022-09-09,18.66,19.32,19.33,18.636,5486
2022-09-12,19.5201,19.7019,19.7019,19.4,13569
2022-09-13,18.94,18.7887,18.949,18.7,6187
2022-09-14,18.8969,18.902,18.902,18.59,565
2022-09-15,18.91,19.17,19.17,18.62,2607
2022-09-16,18.18,18.16,18.34,17.8499,8563
2022-09-19,18.0,18.2584,18.2584,17.87,1988
2022-09-20,18.04,17.9407,18.04,17.905,2168
2022-09-21,18.07,17.75,18.16,17.7418,1866
2022-09-22,17.61,16.96,17.61,16.96,33582
2022-09-23,16.73,16.67,16.81,16.475,14689
2022-09-26,16.94,16.61,17.04,16.61,5480
2022-09-27,16.89,16.84,17.18,16.661,2261
2022-09-28,16.76,17.04,17.34,16.76,9442
2022-09-29,16.76,16.91,16.9495,16.7088,9714
2022-09-30,17.02,16.9434,17.4507,16.94,20591
2022-10-03,16.9,17.0,17.2909,16.77,7208
2022-10-04,17.48,17.9027,18.01,17.48,11021
2022-10-05,17.54,17.86,17.98,17.4,15551
2022-10-06,18.1,17.91,18.13,17.88,11128
2022-10-07,17.33,17.01,17.41,16.95,16426
2022-10-10,16.96,16.16,16.96,16.08,11517
2022-10-11,16.14,16.14,16.27,15.87,9684
2022-10-12,16.05,15.9439,16.05,15.62,10571
2022-10-13,15.42,16.03,16.07,15.22,12600
2022-10-14,16.2,15.4928,16.2,15.4928,10803
2022-10-17,15.91,16.4485,16.53,15.91,44122
2022-10-18,17.13,16.8038,17.13,16.58,23725
2022-10-19,16.63,16.39,16.66,16.36,10110
2022-10-20,16.41,16.69,17.0999,16.41,3570
2022-10-21,16.42,16.78,16.78,16.19,10430
2022-10-24,16.96,16.77,16.96,16.5,10610
2022-10-25,16.77,17.55,17.55,16.77,8030
2022-10-26,17.1,17.3046,17.8961,17.03,51255
2022-10-27,17.24,17.44,17.7,17.24,6942
2022-10-28,17.25,17.4928,17.4928,17.02,8282
2022-10-31,17.26,17.41,17.55,17.26,20166
2022-11-01,17.75,16.93,17.75,16.93,17319
2022-11-02,16.87,16.03,16.87,16.0239,4814
2022-11-03,15.83,15.3798,15.83,15.25,12521
2022-11-04,15.6,14.69,15.6,14.4319,35817
2022-11-07,15.09,14.6,15.09,14.4501,15889
2022-11-08,14.73,15.11,15.35,14.59,22133
2022-11-09,14.97,14.5886,14.97,14.56,17730
2022-11-10,15.5299,16.1819,16.24,15.28,21161
2022-11-11,16.15,16.94,17.035,16.141,10351
2022-11-14,16.6,16.51,16.8,16.43,22232
2022-11-15,17.1,17.1454,17.37,17.1,14846
2022-11-16,16.75,16.48,16.75,16.48,5822
2022-11-17,16.23,15.9634,16.23,15.88,8949
2022-11-18,16.25,15.9099,16.25,15.8056,7186
2022-11-21,15.75,15.71,15.8,15.61,13187
2022-11-22,15.68,15.62,15.6801,15.39,9522
2022-11-23,15.57,16.1275,16.17,15.55,10175
2022-11-25,15.9799,16.066,16.12,15.9799,4740
2022-11-28,15.97,15.75,16.0764,15.75,4186
2022-11-29,15.74,15.7,15.92,15.7,14196
2022-11-30,15.57,15.99,16.02,15.23,43334
2022-12-01,16.35,16.71,16.83,16.35,50223
2022-12-02,16.38,16.3674,16.46,16.17,9660
2022-12-05,16.3,15.73,16.3,15.58,8529
2022-12-06,15.66,15.44,15.66,15.32,13683
2022-12-07,15.31,15.0,15.57,15.0,10515
2022-12-08,15.02,15.98,16.0,15.02,20158
2022-12-09,15.7,15.82,16.13,15.7,7407
2022-12-12,15.81,16.4392,16.4392,15.81,8271
2022-12-13,17.06,16.6462,17.28,16.45,70750
2022-12-14,16.69,16.595,16.89,16.4919,40717
2022-12-15,16.32,15.85,16.32,15.84,6235
2022-12-16,15.79,15.7888,15.91,15.6,7988
2022-12-19,15.76,15.295,15.76,15.295,13322
2022-12-20,15.29,15.415,15.4499,15.18,9084
2022-12-21,15.25,15.35,15.515,15.0017,19371
2022-12-22,15.08,15.1008,15.1008,14.85,9952
2022-12-23,14.87,14.985,14.9999,14.85,5121
2022-12-27,14.86,14.6,14.92,14.6,30597
2022-12-28,14.72,14.5887,14.72,14.54,12531
2022-12-29,14.75,15.2352,15.26,14.75,14452
2022-12-30,15.08,15.2254,15.2254,15.03,18810
2023-01-03,15.32,15.085,15.57,14.9999,6843
2023-01-04,15.22,15.1958,15.3101,15.02,5605
2023-01-05,14.8,14.4494,14.8,14.4,11104
2023-01-06,14.4,14.5953,14.6,14.16,8352
2023-01-09,14.8,14.9239,15.24,14.76,14861
2023-01-10,15.0,15.01,15.02,14.8,9917
2023-01-11,14.96,15.1108,15.1108,14.88,10390
2023-01-12,14.9,15.05,15.1,14.685,7546
2023-01-13,14.94,15.32,15.32,14.94,5992
2023-01-17,15.24,15.52,15.635,15.0,13199
2023-01-18,15.61,15.2868,15.995,15.2868,14813
2023-01-19,15.16,15.1092,15.22,15.0,5964
2023-01-20,15.25,15.6576,15.68,15.25,8176
2023-01-23,15.62,16.13,16.13,15.56,9840
2023-01-24,15.94,15.94,16.34,15.94,5969
2023-01-25,15.87,16.05,16.1023,15.52,6818
2023-01-26,16.25,16.62,16.62,16.1303,13957
2023-01-27,16.47,16.79,16.97,16.47,8057
2023-01-30,16.63,16.3524,16.63,16.27,10430
2023-01-31,16.3718,16.67,16.68,16.3718,6507
2023-02-01,16.77,17.55,17.55,16.7,9025
2023-02-02,17.86,18.37,18.4123,17.86,18506
2023-02-03,17.7,17.61,18.115,17.6,34750
2023-02-06,17.25,17.2228,17.62,17.19,11905
2023-02-07,17.18,17.7249,17.7249,17.04,6703
2023-02-08,17.82,17.75,18.064,17.75,8178
2023-02-09,18.16,17.68,18.1839,17.65,14495
2023-02-10,17.5,17.37,17.5,17.15,61946
2023-02-13,17.37,17.87,18.0269,17.37,8255
2023-02-14,17.77,18.24,18.3324,17.77,10864
2023-02-15,18.25,18.5886,18.6599,18.22,12179
2023-02-16,18.24,18.18,18.5,18.18,13806
2023-02-17,18.07,17.94,18.07,17.78,6518
2023-02-21,17.8039,17.54,17.818,17.48,10645
2023-02-22,17.7,17.87,17.999,17.7,12157
2023-02-23,18.02,17.8781,18.02,17.535,12152
2023-02-24,17.46,17.4509,17.62,17.35,9997
2023-02-27,17.55,17.5,17.69,17.5,9332
2023-02-28,17.56,17.53,17.6403,17.53,2007
2023-03-01,17.6,17.41,17.625,17.41,4121
2023-03-02,17.412,17.7,17.7,17.412,2046
2023-03-03,17.84,18.22,18.255,17.84,10936
2023-03-06,18.36,18.15,18.4401,18.15,6330
2023-03-07,18.29,18.01,18.2926,18.01,5912
2023-03-08,18.1,18.0102,18.1639,17.9,8266
2023-03-09,18.03,17.3292,18.05,17.3292,9103
2023-03-10,17.3,16.7713,17.3,16.71,10934
2023-03-13,16.6,16.8468,17.05,16.6,6694
2023-03-14,17.15,17.1774,17.1774,17.02,8540
2023-03-15,16.85,17.237,17.237,16.85,8953
2023-03-16,17.24,17.58,17.65,17.14,6979
2023-03-17,17.55,17.3683,17.59,17.3683,4986
2023-03-20,17.1813,17.4053,17.425,17.1813,7877
2023-03-21,17.6,17.8152,17.88,17.6,6454
2023-03-22,17.67,17.3324,17.72,17.32,2392
2023-03-23,17.6038,17.6856,17.79,17.5,5530
2023-03-24,17.62,17.4607,17.6299,17.37,6889
2023-03-27,17.69,17.6012,17.69,17.5,4994
2023-03-28,17.53,17.48,17.6226,17.43,6975
2023-03-29,17.6,17.6111,17.625,17.5487,3026
2023-03-30,17.8635,17.7551,17.8635,17.7551,770
2023-03-31,17.8335,18.4,18.4178,17.8335,13597
2023-04-03,18.13,18.0937,18.22,18.01,3234
2023-04-04,18.1036,18.11,18.1695,18.1036,5822
2023-04-05,17.87,17.536,17.99,17.37,6654
2023-04-06,17.49,17.69,17.69,17.34,3854
2023-04-10,17.33,17.637,17.645,17.33,3316
2023-04-11,17.67,17.7234,17.86,17.6199,2082
2023-04-12,18.0,17.8272,18.0,17.82,6786
2023-04-13,18.2,18.1453,18.2305,18.1453,3288
2023-04-14,18.06,18.05,18.15,17.8523,4717
2023-04-17,17.86,18.2327,18.2327,17.86,2798
2023-04-18,18.48,18.314,18.5,18.2501,5318
2023-04-19,18.21,18.1228,18.21,18.1007,1019
2023-04-20,17.96,17.99,18.035,17.9001,3580
2023-04-21,18.2112,18.1502,18.2112,18.1462,2080
2023-04-24,18.07,17.8297,18.07,17.7101,8284
2023-04-25,17.52,16.8873,17.52,16.8873,21252
2023-04-26,17.3,17.15,17.4197,17.08,11019
2023-04-27,17.242,17.2881,17.345,17.12,12093
2023-04-28,16.86,16.83,16.9287,16.69,7520
2023-05-01,16.67,16.68,16.69,16.57,8099
2023-05-02,16.48,16.38,16.8497,16.35,17146
2023-05-03,16.47,16.311,16.47,16.2856,9261
2023-05-04,16.47,16.4763,16.5499,16.47,3768
