2021-11-19,13.8,11.38,13.8,10.49,3564783
2021-11-22,11.0699,8.25,11.31,8.25,1865543
2021-11-23,8.48,7.69,8.63,7.15,1057811
2021-11-24,7.5,7.43,7.63,6.79,918658
2021-11-29,7.34,7.0,7.4989,6.68,531940
2021-11-30,6.99,6.12,7.0,5.8,1220754
2021-12-01,6.41,5.39,6.41,5.2,1014160
2021-12-02,5.35,4.76,5.35,4.6514,1071986
2021-12-03,4.82,6.23,6.61,4.75,2247115
2021-12-06,6.04,6.02,6.63,5.56,898488
2021-12-07,6.24,5.81,6.5,5.8,380511
2021-12-08,6.19,6.56,7.17,6.07,1016151
2021-12-09,6.72,7.26,7.98,6.63,1236189
2021-12-10,7.58,6.59,7.77,6.53,688027
2021-12-13,6.78,6.47,7.17,6.22,271567
2021-12-14,6.37,5.47,6.5,5.08,963466
2021-12-15,5.41,5.5,5.75,5.25,457367
2021-12-16,5.64,4.9,5.66,4.85,759813
2021-12-17,4.94,5.21,5.326,4.83,641046
2021-12-20,5.0,5.26,5.26,4.88,423345
2021-12-21,5.85,5.28,5.85,5.16,764917
2021-12-22,5.33,6.48,6.6321,5.27,987016
2021-12-23,6.79,6.55,6.95,6.32,712407
2021-12-27,7.0,7.09,7.2491,6.8,1080809
2021-12-28,7.3925,7.25,7.3925,6.7601,415432
2021-12-29,7.25,7.5,8.1,7.18,1344395
2021-12-30,8.06,6.75,8.0998,6.5764,1060286
2021-12-31,6.84,6.84,6.95,6.25,482411
2022-01-03,6.89,6.56,6.89,6.5,512694
2022-01-04,6.56,6.3,6.69,6.06,3246122
2022-01-05,7.16,6.61,7.72,6.44,6644952
2022-01-06,6.49,6.24,6.5867,6.08,633999
2022-01-07,5.91,6.05,6.2054,5.78,417098
2022-01-10,5.95,5.85,5.97,5.33,557740
2022-01-11,5.75,6.0,6.09,5.74,536135
2022-01-12,6.01,5.72,6.05,5.6099,493467
2022-01-13,5.66,5.54,5.8921,5.45,1307483
2022-01-14,5.51,5.45,5.6699,5.25,447561
2022-01-18,5.39,5.18,5.39,5.04,712220
2022-01-19,5.16,5.04,5.25,4.94,673605
2022-01-20,5.0,5.1,5.44,4.9655,373156
2022-01-21,5.01,4.9,5.3713,4.85,444897
2022-01-24,4.69,4.31,4.83,3.86,1320378
2022-01-25,4.18,4.3,4.43,4.13,296285
2022-01-26,4.44,4.23,4.66,4.13,337353
2022-01-27,4.2,3.69,4.25,3.66,461404
2022-01-28,3.54,3.7,3.9,3.54,430413
2022-01-31,3.75,3.95,4.08,3.7,414449
2022-02-01,3.97,4.28,4.42,3.97,427449
2022-02-02,4.54,4.2,4.7061,4.15,348480
2022-02-03,4.06,4.05,4.26,3.98,161001
2022-02-04,4.02,4.18,4.29,3.95,192382
2022-02-07,4.22,4.03,4.39,3.97,425605
2022-02-08,3.98,4.36,4.44,3.95,208157
2022-02-09,4.5699,4.58,4.78,4.425,472538
2022-02-10,4.52,4.38,4.93,4.33,421844
2022-02-11,4.354,4.19,4.73,4.15,481387
2022-02-14,4.31,4.19,4.5396,4.15,570013
2022-02-15,4.48,4.31,4.4996,4.16,434178
2022-02-16,4.28,3.92,4.34,3.9,680425
2022-02-17,3.9,3.76,4.05,3.74,341562
2022-02-18,3.75,3.81,3.93,3.64,282650
2022-02-22,3.68,3.52,3.84,3.45,388507
2022-02-23,3.72,3.26,3.84,3.21,265350
2022-02-24,3.08,3.74,3.8,2.8,517778
2022-02-25,3.92,3.6,3.92,3.5,190840
2022-02-28,3.57,3.42,3.6708,3.36,352108
2022-03-01,3.43,3.35,3.53,3.2927,142442
2022-03-02,3.44,3.5,3.62,3.41,278584
2022-03-03,3.43,3.17,3.62,3.13,467659
2022-03-04,3.19,3.17,3.36,3.15,241346
2022-03-07,3.17,2.87,3.38,2.78,688834
2022-03-08,2.84,3.74,3.77,2.81,514265
2022-03-09,3.64,3.82,4.02,3.64,544602
2022-03-10,3.68,3.81,4.02,3.58,267357
2022-03-11,3.86,3.73,3.97,3.7,231952
2022-03-14,3.67,3.35,3.7,3.3,189100
2022-03-15,3.46,3.7,3.88,3.46,209883
2022-03-16,3.73,3.69,3.95,3.56,281577
2022-03-17,3.65,3.78,3.9,3.61,137442
2022-03-18,3.77,3.93,4.095,3.7101,2064241
2022-03-21,4.04,4.46,4.5,3.87,372387
2022-03-22,4.57,4.59,4.65,4.31,240371
2022-03-23,4.59,4.6,4.66,4.45,175907
2022-03-24,4.7,4.44,4.7,4.28,170437
2022-03-25,4.36,4.02,4.42,3.99,245738
2022-03-28,3.99,4.19,4.36,3.9849,198630
2022-03-29,4.19,4.14,4.3,4.1204,135809
2022-03-30,4.15,4.04,4.2,4.02,183466
2022-03-31,4.0,4.04,4.07,3.885,255564
2022-04-01,3.85,3.85,3.85,3.19,529733
2022-04-04,3.85,3.68,3.85,3.5801,340063
2022-04-05,3.65,3.7,3.74,3.41,314244
2022-04-06,3.65,3.54,3.7,3.47,147364
2022-04-07,3.5,3.48,3.57,3.3,116421
2022-04-08,3.48,3.67,3.77,3.41,118687
2022-04-11,3.59,3.53,3.76,3.47,153420
2022-04-12,3.55,3.21,3.69,3.18,194141
2022-04-13,3.3,3.34,3.44,3.26,98792
2022-04-14,3.31,3.27,3.4163,3.26,81836
2022-04-18,3.33,3.18,3.33,3.12,63822
2022-04-19,3.19,3.08,3.21,3.05,175911
2022-04-20,3.12,3.03,3.12,3.0,179828
2022-04-21,3.13,3.07,3.13,2.87,227355
2022-04-22,3.0,2.86,3.0,2.81,227275
2022-04-25,2.87,3.03,3.09,2.81,136913
2022-04-26,3.06,2.81,3.07,2.7701,181083
2022-04-27,3.0,2.84,3.0,2.75,116643
2022-04-28,2.85,3.03,3.12,2.81,121125
2022-04-29,2.88,2.85,3.09,2.82,89875
2022-05-02,2.81,2.94,2.99,2.8,139113
2022-05-03,2.95,3.02,3.04,2.85,104217
2022-05-04,3.05,2.98,3.05,2.88,221518
2022-05-05,2.88,2.85,2.9696,2.804,104890
2022-05-06,3.01,2.85,3.01,2.67,166856
2022-05-09,2.75,2.6,2.9,2.59,259212
2022-05-10,2.52,1.91,2.56,1.9,532344
2022-05-11,1.91,1.83,2.0299,1.8,150049
2022-05-12,1.85,1.92,2.0624,1.78,194798
2022-05-13,2.04,2.19,2.19,1.99,114061
2022-05-16,1.98,1.9,2.12,1.9,289146
2022-05-17,2.12,1.96,2.17,1.94,492853
2022-05-18,2.0,1.97,2.01,1.92,198023
2022-05-19,2.0,2.08,2.19,2.0,251652
2022-05-20,2.08,2.06,2.23,1.98,180043
2022-05-23,2.12,2.11,2.15,2.0,138078
2022-05-24,2.1,1.87,2.1,1.8593,241556
2022-05-25,1.9,1.85,1.9199,1.84,123634
2022-05-26,1.93,1.84,1.93,1.81,186991
2022-05-27,1.92,1.88,1.9892,1.85,291151
2022-05-31,1.89,1.84,1.91,1.83,275113
2022-06-01,1.9,1.83,1.9,1.76,209919
2022-06-02,1.83,1.95,2.0,1.81,555449
2022-06-03,1.92,2.06,2.09,1.92,243237
2022-06-06,2.18,2.51,2.58,2.16,1078063
2022-06-07,2.39,2.14,2.45,2.055,565582
2022-06-08,2.09,2.24,2.32,2.08,423395
2022-06-09,2.44,1.95,2.44,1.88,7677526
2022-06-10,1.77,1.57,1.7707,1.54,1808364
2022-06-13,1.5,1.38,1.5,1.35,734585
2022-06-15,1.29,1.28,1.3173,1.19,776434
2022-06-16,1.29,1.34,1.34,1.23,547262
2022-06-17,1.34,1.42,1.48,1.3,820429
2022-06-21,1.46,1.36,1.47,1.35,532726
2022-06-22,1.35,1.4,1.43,1.32,323307
2022-06-23,1.4,1.3,1.42,1.27,648670
2022-06-24,1.39,1.29,1.39,1.25,3162279
2022-06-27,1.3,1.22,1.31,1.18,564303
2022-06-28,1.48,1.44,1.55,1.25,17434073
2022-06-29,1.34,1.34,1.34,1.21,2337459
2022-06-30,1.28,1.19,1.3,1.17,1164891
2022-07-01,1.17,1.24,1.27,1.17,390482
2022-07-05,1.22,1.25,1.26,1.11,585244
2022-07-06,1.24,1.25,1.25,1.185,368456
2022-07-07,1.26,1.3,1.33,1.2,558620
2022-07-08,1.27,1.27,1.33,1.2201,309215
2022-07-11,1.26,1.23,1.32,1.23,278145
2022-07-12,1.27,1.22,1.27,1.17,211153
2022-07-13,1.2,1.28,1.29,1.17,247379
2022-07-14,1.24,1.26,1.28,1.22,196652
2022-07-15,1.28,1.31,1.39,1.248,619821
2022-07-18,1.3,1.31,1.35,1.29,267738
2022-07-19,1.33,1.33,1.35,1.29,215884
2022-07-20,1.33,1.44,1.47,1.3288,548142
2022-07-21,1.42,1.42,1.47,1.3701,333263
2022-07-22,1.41,1.35,1.42,1.2722,410843
2022-07-25,1.35,1.28,1.37,1.25,135415
2022-07-26,1.27,1.21,1.27,1.2,226780
2022-07-27,1.24,1.27,1.28,1.21,161378
2022-07-28,1.23,1.37,1.39,1.2,204838
2022-07-29,1.36,1.46,1.47,1.34,412312
2022-08-01,1.46,1.54,1.62,1.41,423393
2022-08-02,1.54,1.6,1.6,1.53,250282
2022-08-03,1.6,1.6,1.65,1.565,308194
2022-08-04,1.6,1.61,1.665,1.57,231630
2022-08-05,1.61,1.7,1.72,1.48,332012
2022-08-08,1.7,1.72,1.8,1.68,355269
2022-08-09,1.7,1.68,1.7015,1.61,467752
2022-08-10,1.73,1.76,1.84,1.68,233494
2022-08-11,1.79,1.75,1.86,1.705,345518
2022-08-12,1.77,1.79,1.845,1.71,312868
2022-08-15,1.74,1.74,1.8099,1.64,234283
2022-08-16,1.73,1.72,1.73,1.56,378391
2022-08-17,1.8,1.74,1.94,1.65,833278
2022-08-18,1.75,1.56,1.7695,1.54,366423
2022-08-19,1.53,1.42,1.53,1.39,211089
2022-08-22,1.41,1.33,1.4124,1.27,303394
2022-08-23,1.38,1.33,1.44,1.29,141609
2022-08-24,1.37,1.33,1.39,1.31,195108
2022-08-25,1.3,1.36,1.37,1.3,255548
2022-08-26,1.34,1.31,1.3666,1.28,264053
2022-08-29,1.27,1.185,1.3,1.16,331015
2022-08-30,1.25,1.18,1.27,1.15,179996
2022-08-31,1.23,1.13,1.23,1.12,180269
2022-09-01,1.21,1.03,1.21,1.01,449448
2022-09-02,1.05,1.04,1.1,1.03,287971
2022-09-06,1.06,1.02,1.09,0.96,284556
2022-09-07,1.03,1.08,1.1,0.98,175257
2022-09-08,1.03,1.04,1.08,1.02,122711
2022-09-09,1.05,1.16,1.18,1.05,216858
2022-09-12,1.16,1.12,1.18,1.1,159502
2022-09-13,1.11,1.07,1.1299,1.05,128963
2022-09-14,1.08,1.08,1.11,1.05,84048
2022-09-15,1.06,1.06,1.1,1.04,101639
2022-09-16,1.02,1.15,1.17,1.0,279867
2022-09-19,1.06,1.08,1.12,1.04,134874
2022-09-20,1.08,1.04,1.0864,1.03,81858
2022-09-22,1.01,1.05,1.06,1.0,127505
2022-09-23,1.05,1.02,1.07,0.99,157368
2022-09-26,0.9608,1.05,1.09,0.9608,155957
2022-09-27,1.08,1.02,1.12,1.01,94029
2022-09-28,1.04,1.07,1.1,1.01,172100
2022-09-29,1.045,1.07,1.0995,1.01,89679
2022-09-30,1.03,1.09,1.15,1.025,132478
2022-10-03,1.08,1.06,1.13,1.05,97644
2022-10-04,1.12,1.14,1.16,1.1,119281
2022-10-05,1.16,1.1,1.19,1.05,67192
2022-10-06,1.12,1.1,1.16,1.06,92981
2022-10-07,1.11,1.06,1.11,1.05,60470
2022-10-10,1.06,1.04,1.07,1.03,48907
2022-10-11,1.02,1.02,1.0899,1.01,53754
2022-10-12,1.04,1.02,1.05,1.0,49479
2022-10-13,1.01,1.05,1.07,1.0,60860
2022-10-14,1.07,1.03,1.09,1.02,57907
2022-10-17,1.01,1.03,1.11,1.01,105232
2022-10-18,1.04,0.9886,1.1,0.97,210877
2022-10-19,0.99,1.0,1.04,0.9826,94676
2022-10-20,0.9949,1.01,1.03,0.9837,50779
2022-10-21,1.0,1.04,1.04,0.9901,91842
2022-10-24,1.01,1.07,1.08,1.0,60489
2022-10-25,1.05,1.08,1.12,1.05,71685
2022-10-26,1.04,1.11,1.2,1.04,183550
2022-10-27,1.13,1.09,1.18,1.07,47218
2022-10-28,1.1,1.1,1.13,1.03,62042
2022-10-31,1.13,1.08,1.15,1.06,60312
2022-11-01,1.07,1.02,1.14,1.0,114174
2022-11-02,1.03,0.99,1.04,0.99,113442
2022-11-03,1.0,1.01,1.02,0.9615,190983
2022-11-04,1.0,1.0,1.03,0.96,140665
2022-11-07,1.02,0.9848,1.02,0.96,71254
2022-11-08,1.0,0.8971,1.0,0.85,347480
2022-11-09,0.88,0.8101,0.88,0.7807,191195
2022-11-10,0.86,0.9196,0.9196,0.82,140783
2022-11-11,0.9246,0.9402,1.0,0.9,82670
2022-11-14,0.9354,0.94,1.0,0.91,97684
2022-11-15,1.0,0.8612,1.0,0.845,255747
2022-11-16,0.85,0.8601,0.9,0.83,96931
2022-11-17,0.86,0.8255,0.86,0.8,127928
2022-11-18,0.9048,0.8401,0.9048,0.829999,126155
2022-11-21,0.8823,0.9619,1.0,0.85,435989
2022-11-22,0.93,0.8741,0.963,0.8533,183988
2022-11-23,0.8832,0.9112,0.9439,0.867,129716
2022-11-25,0.9374,1.07,1.09,0.8803,174159
2022-11-28,1.04,0.9946,1.06,0.9797,248223
2022-11-29,1.06,0.9989,1.06,0.9457,248348
2022-11-30,0.9689,0.9433,0.998,0.911,261082
2022-12-01,0.94,1.01,1.02,0.94,131379
2022-12-02,1.0,0.9685,1.005,0.964401,348733
2022-12-05,0.97,0.848,1.03,0.8228,686031
2022-12-06,0.8766,0.7878,0.8766,0.77,269311
2022-12-07,0.79,0.76,0.807,0.7202,277273
2022-12-08,0.77,0.697,0.7828,0.6831,224222
2022-12-09,0.71,0.7361,0.84573,0.66,368388
2022-12-12,0.714,0.6691,0.76,0.6618,423369
2022-12-13,0.7391,0.7255,0.74,0.6894,247582
2022-12-14,0.71,0.785,0.8,0.7,204710
2022-12-15,0.7528,0.8399,0.88,0.721,190156
2022-12-16,0.8398,0.78,0.8817,0.7609,2003470
2022-12-19,0.82,0.685,0.88,0.68,195444
2022-12-20,0.7109,0.6671,0.73,0.651,269933
2022-12-21,0.68,0.6595,0.7199,0.65,129212
2022-12-22,0.66,0.64,0.69,0.62,212676
2022-12-23,0.63,0.5527,0.66,0.5219,402635
2022-12-27,0.5416,0.454,0.5416,0.4411,350577
2022-12-28,0.45,0.4035,0.46,0.4001,384849
2022-12-29,0.385,0.441,0.45,0.3835,558463
2022-12-30,0.448,0.481,0.49,0.435,269712
2023-01-03,0.4873,0.4901,0.51,0.4401,127317
2023-01-04,0.4883,0.5273,0.5416,0.4883,149789
2023-01-05,0.5577,0.5317,0.5577,0.5,109570
2023-01-06,0.5714,0.5923,0.6,0.5233,131510
2023-01-09,0.6101,0.5791,0.65,0.5552,169348
2023-01-10,0.7258,0.5984,0.733,0.59,779264
2023-01-11,0.6537,0.597,0.669999,0.5694,271981
2023-01-12,0.66,0.6206,0.6617,0.59,577382
2023-01-13,0.595,0.63,0.6599,0.595,399423
2023-01-17,0.63,0.6351,0.658,0.621,186787
2023-01-18,0.63,0.645,0.71,0.63,396119
2023-01-19,0.64,0.5941,0.67,0.58,179585
2023-01-20,0.6432,0.5964,0.6432,0.590601,116543
2023-01-23,0.6,0.5877,0.61,0.581,296378
2023-01-24,0.6,0.5864,0.619999,0.58,105402
2023-01-25,0.57,0.59,0.6,0.5363,96457
2023-01-26,0.6056,0.734,0.8174,0.59,373019
2023-01-27,0.708,0.9,0.9419,0.7002,817875
2023-01-30,0.8772,0.82,0.8772,0.77,263574
2023-01-31,0.8118,0.88,0.9,0.81,288522
2023-02-01,0.91,0.8886,0.9285,0.835,243319
2023-02-02,0.9,0.8938,0.93,0.88,206346
2023-02-03,0.895,0.8359,0.895,0.8,192614
2023-02-06,0.8736,0.8398,0.9,0.8359,171991
2023-02-07,0.8466,0.8263,0.8466,0.7873,145335
2023-02-08,0.84,0.7575,0.84,0.75,190981
2023-02-09,0.78,0.6376,0.8096,0.62,301782
2023-02-10,0.65,0.6788,0.7072,0.65,153799
2023-02-13,0.6848,0.7217,0.7399,0.67,82794
2023-02-14,0.74,0.6799,0.75,0.6799,139497
2023-02-15,0.6876,0.7348,0.7441,0.684,88795
2023-02-16,0.715,0.71,0.778299,0.71,82307
2023-02-17,0.7582,0.7234,0.7596,0.6995,205583
2023-02-21,0.7053,0.6901,0.736999,0.65,110078
2023-02-22,0.71,0.6999,0.72,0.6944,136700
2023-02-23,0.7,0.6768,0.719,0.6611,161243
2023-02-24,0.677,0.6915,0.75,0.65,216554
2023-02-27,0.71,0.67,0.74,0.65,120586
2023-02-28,0.67,0.66,0.7,0.66,99320
2023-03-01,0.68,0.6208,0.699899,0.62,205300
2023-03-02,0.62,0.6488,0.684,0.62,57025
2023-03-03,0.66,0.6856,0.695,0.6399,92651
2023-03-06,0.7036,0.6515,0.7036,0.6377,60951
2023-03-07,0.67,0.6216,0.6725,0.62,79843
2023-03-08,0.622,0.6016,0.6489,0.591,116248
2023-03-09,0.6,0.4489,0.605,0.44,418504
2023-03-10,0.45,0.4708,0.5299,0.45,291311
2023-03-13,0.474,0.4278,0.495,0.426,247737
2023-03-14,0.46,0.3901,0.469899,0.3689,523087
2023-03-15,0.3994,0.34,0.42,0.34,580071
2023-03-16,0.38,0.4254,0.441,0.3623,806480
2023-03-17,0.4273,0.75,0.75,0.3853,1660955
2023-03-20,0.6167,0.6258,0.6987,0.57,661644
2023-03-21,0.6232,0.6371,0.6999,0.58805,319063
2023-03-22,0.59,0.4977,0.6198,0.4887,295453
2023-03-23,0.54,0.4619,0.5498,0.452401,257920
2023-03-24,0.4744,0.4477,0.4746,0.445,228281
2023-03-27,0.47,0.4407,0.47,0.4302,98332
2023-03-28,0.43,0.435,0.4532,0.4201,138484
2023-03-29,0.43,0.4536,0.46,0.42,238032
2023-03-30,0.451,0.4782,0.49,0.451,99468
2023-03-31,0.5,0.493,0.5299,0.48,165561
2023-04-03,0.51,0.4417,0.5247,0.405,660225
2023-04-04,0.4492,0.5461,0.55,0.3995,951810
2023-04-05,0.48,0.4463,0.5,0.421,299659
2023-04-06,0.44,0.4104,0.4438,0.41,252233
2023-04-10,0.4078,0.4026,0.42,0.386,280775
2023-04-11,0.4006,0.3878,0.4132,0.386,150079
2023-04-12,0.3879,0.3876,0.4099,0.38,275318
2023-04-13,0.41,0.3998,0.41,0.38,129621
2023-04-14,0.4,0.3975,0.41,0.385,162403
2023-04-17,0.4,0.4057,0.4092,0.39,124985
2023-04-18,0.4057,0.4302,0.4385,0.39,115330
2023-04-19,0.43,0.395,0.43,0.395,140281
2023-04-20,0.399,0.386,0.4019,0.38,185515
2023-04-21,0.38,0.3968,0.402,0.366,151732
2023-04-24,0.4016,0.3531,0.4016,0.352,192366
2023-04-25,0.4121,0.382,0.4121,0.38,129061
2023-04-26,0.3989,0.3915,0.3989,0.3617,101768
2023-04-27,0.3914,0.4,0.4,0.3752,80737
2023-04-28,0.3991,0.39,0.3991,0.378,75180
2023-05-01,0.39,0.37,0.397,0.37,60911
2023-05-02,0.38,0.37,0.39,0.37,147466
2023-05-03,0.39,0.3566,0.39,0.3566,121236
2023-05-04,0.3653,0.349,0.3819,0.33,423441
2023-05-05,0.35,0.3651,0.38,0.3333,145064
2023-05-08,0.3705,0.383,0.383,0.3705,104761
2023-05-09,0.3898,0.36,0.39,0.345,157997
2023-05-10,0.38,0.3666,0.3872,0.361,270084
2023-05-11,0.38,0.3775,0.39,0.37,136421
2023-05-12,0.3778,0.3474,0.3881,0.3432,419660
2023-05-15,0.3444,0.3551,0.3713,0.341,128282
2023-05-16,0.3545,0.37,0.37,0.343801,122373
2023-05-17,0.36,0.3401,0.37,0.3392,229799
2023-05-18,0.34,0.35,0.3699,0.34,87342
2023-05-19,0.37,0.36,0.37,0.345,211125
