2022-01-18,0.45,0.3999,0.45,0.3999,1604
2022-01-19,0.325,0.3251,0.3251,0.325,324900
2022-01-20,0.3799,0.3602,0.38,0.3601,2576
2022-01-21,0.3602,0.3602,0.3602,0.3602,0
2022-01-25,0.3601,0.38,0.38,0.3601,621648
2022-01-26,0.37,0.35,0.39,0.33,195854
2022-01-27,0.35,0.35,0.35,0.35,35100
2022-01-28,0.35,0.38,0.45,0.3484,314718
2022-01-31,0.42,0.4,0.4249,0.4,363050
2022-02-01,0.55,0.4,0.5799,0.4,40864
2022-02-02,0.5919,0.45495,0.5999,0.42,91207
2022-02-03,0.45,0.45,0.45,0.4499,38000
2022-02-04,0.41,0.42,0.46,0.41,47477
2022-02-07,0.42,0.42,0.42,0.42,22640
2022-02-08,0.42,0.42,0.45,0.42,50489
2022-02-09,0.4051,0.4,0.4053,0.4,66194
2022-02-10,0.39,0.38,0.39,0.38,2860
2022-02-11,0.35,0.32,0.35,0.32,62401
2022-02-14,0.35,0.3,0.35,0.3,87317
2022-02-15,0.3,0.28,0.3,0.28,59933
2022-02-16,0.28,0.28,0.28,0.28,0
2022-02-17,0.364951,0.37,0.4,0.364951,8535
2022-02-18,0.31,0.31,0.4399,0.3,1800
2022-02-23,0.3614,0.3137,0.4399,0.3137,4323
2022-02-24,0.3,0.3,0.3,0.3,3600
2022-02-25,0.34,0.34,0.34,0.34,11702
2022-02-28,0.34,0.34,0.340101,0.3399,14090
2022-03-01,0.33,0.3,0.33,0.3,131300
2022-03-02,0.35,0.3199,0.35,0.3199,5200
2022-03-03,0.3599,0.35,0.3624,0.3499,144535
2022-03-04,0.35,0.35,0.35,0.35,0
2022-03-07,0.38,0.3753,0.38,0.349,42985
2022-03-08,0.41,0.38,0.4199,0.38,4310
2022-03-09,0.37,0.35,0.37,0.3475,133939
2022-03-10,0.35,0.3457,0.35,0.3457,24755
2022-03-11,0.3491,0.3324,0.35,0.3198,15500
2022-03-16,0.33,0.3499,0.3499,0.3299,296166
2022-03-17,0.3498,0.35,0.3736,0.3498,47946
2022-03-18,0.3299,0.32,0.33,0.31923,172344
2022-03-22,0.3584,0.3446,0.45,0.3391,181359
2022-03-23,0.32,0.33,0.379,0.32,7900
2022-03-24,0.4917,0.3687,0.4917,0.32,32857
2022-03-25,0.6463,0.3588,0.6463,0.33,24200
2022-03-28,0.3703,0.3391,0.375,0.3391,1400
2022-03-29,0.59,0.35,0.59,0.3299,63761
2022-03-30,0.3674,0.3389,0.3781,0.33,96810
2022-03-31,0.3599,0.3605,0.4067,0.3576,27139
2022-04-01,0.3501,0.3301,0.3501,0.326,2749
2022-04-04,0.4473,0.35,0.45,0.35,5177
2022-04-05,0.361931,0.3699,0.3699,0.361931,4500
2022-04-06,0.3139,0.33,0.33,0.3139,1099
2022-04-07,0.33,0.33,0.33,0.33,13260
2022-04-08,0.339,0.335,0.339,0.3101,3800
2022-04-11,0.335,0.34,0.34,0.3308,2100
2022-04-12,0.1519,0.32,0.3201,0.1519,21200
2022-04-13,0.1351,0.3205,0.351,0.1351,57050
2022-04-14,0.166,0.32,0.32,0.166,11400
2022-04-18,0.28,0.315,0.3173,0.28,10599
2022-04-19,0.1831,0.3223,0.34,0.1831,36035
2022-04-20,0.3399,0.31,0.3399,0.3,13636
2022-04-21,0.2901,0.2809,0.2901,0.2809,26200
2022-04-22,0.1722,0.2607,0.2641,0.1722,57560
2022-04-28,0.2999,0.3,0.3,0.2998,3100
2022-05-09,0.28,0.25,0.28,0.25,300
2022-05-16,0.1246,0.1911,0.201099,0.1246,2800
2022-05-18,0.2092,0.1973,0.2092,0.1973,900
2022-05-19,0.2199,0.225,0.225,0.19,55220
2022-05-20,0.27,0.19,0.27,0.19,11598
2022-05-25,0.22,0.21,0.25,0.2099,14400
2022-05-27,0.1336,0.16,0.1861,0.0679,17604
2022-05-31,0.16,0.138,0.19,0.1044,14238
2022-06-01,0.1228,0.1,0.123,0.09,7635
2022-06-02,0.1,0.11,0.11,0.094,7039
2022-06-03,0.12,0.15,0.17,0.09,139514
2022-06-06,0.18,0.17,0.2171,0.17,1955
2022-06-09,0.17,0.2,0.2,0.17,10150
2022-06-13,0.16,0.17,0.17,0.1507,121488
2022-06-30,0.1628,0.17,0.17,0.1628,11728
2022-07-05,0.16,0.14,0.16,0.1201,79957
2022-07-06,0.13,0.13,0.13,0.13,500
2022-07-08,0.2,0.2,0.2,0.2,2900
2022-07-11,0.18,0.18,0.1803,0.18,16885
2022-07-12,0.18,0.18,0.18,0.16,69594
2022-07-14,0.2397,0.21,0.25,0.2042,63530
2022-07-18,0.21,0.195,0.2127,0.195,33301
2022-07-20,0.2,0.1761,0.25,0.17,82574
2022-07-21,0.2,0.2,0.2,0.2,25300
2022-07-22,0.1999,0.17,0.2002,0.17,56900
2022-07-25,0.2,0.2698,0.28,0.18,131446
2022-07-26,0.21,0.2145,0.24,0.21,1050
2022-07-27,0.2,0.2,0.2,0.17,9528
2022-07-29,0.2,0.2,0.2,0.1748,23410
2022-08-02,0.19,0.19,0.19,0.19,20300
2022-08-03,0.19,0.19,0.19,0.19,29690
2022-08-10,0.2428,0.25,0.25,0.2428,8001
2022-08-15,0.279899,0.28,0.28,0.240049,5357
2022-08-18,0.25,0.25,0.25,0.25,28400
2022-08-19,0.28,0.28,0.28,0.28,4007
2022-09-06,0.2547,0.2247,0.2547,0.2247,1073
2022-09-16,0.235,0.2898,0.2901,0.235,61245
2022-09-19,0.24,0.2599,0.2645,0.24,33276
2022-09-22,0.3497,0.2977,0.35,0.2977,1483
2022-09-27,0.2724,0.2526,0.2724,0.2526,320
2022-10-04,0.1999,0.1757,0.209,0.1757,960
2022-10-05,0.1504,0.1504,0.1504,0.1504,100
2022-10-11,0.2,0.2,0.2,0.2,130
2022-10-12,0.1747,0.1678,0.1747,0.1678,209
2022-10-19,0.1126,0.1087,0.1156,0.1047,1540
2022-10-26,0.0535,0.0516,0.0565,0.0516,900
2022-10-27,0.1,0.1,0.1,0.1,100
2022-11-02,0.05,0.0524,0.0526,0.05,43000
2022-11-15,0.02,0.02,0.0201,0.02,6800
2022-11-16,0.03,0.0308,0.0321,0.029899,18900
2022-11-17,0.029899,0.03,0.0306,0.029899,5900
2022-11-22,0.03,0.03,0.031,0.03,11900
2022-11-28,0.02,0.02,0.0204,0.02,8029
2022-12-02,0.001,0.001,0.001,0.001,100
2022-12-05,0.01,0.01,0.01,0.01,27043
2022-12-07,0.0369,0.0382,0.0382,0.0369,254
2022-12-29,0.01,0.0475,0.0478,0.01,50400
2022-12-30,0.05,0.05,0.05,0.05,5600
2023-01-05,0.1121,0.3071,0.3071,0.1121,1600
2023-01-06,0.35,0.5,0.5,0.35,6906
2023-01-10,0.447601,0.4291,0.447601,0.4291,1400
2023-01-12,0.37,0.3622,0.37,0.3622,500
2023-01-13,0.33,0.33,0.33,0.33,200
2023-01-23,0.35,0.3141,0.35,0.308356,1860
2023-01-24,0.3455,0.3367,0.3455,0.3061,6722
2023-01-25,0.3192,0.3192,0.3192,0.3192,100
2023-01-27,0.4272,0.4272,0.4272,0.4272,100
2023-01-30,0.3499,0.3099,0.3499,0.3099,1502
2023-02-03,0.2779,0.2581,0.2779,0.2581,400
2023-02-07,0.2251,0.2175,0.2451,0.2151,1104
2023-02-10,0.35,0.4734,0.5001,0.35,195932
2023-02-13,0.53,0.49315,0.53,0.49315,2943
2023-02-15,0.48,0.48,0.5,0.473499,68150
2023-02-17,0.55,0.55,0.55,0.55,135
2023-02-23,0.4679,0.5018,0.55,0.4197,21115
2023-02-24,0.4686,0.3821,0.4686,0.3821,9602
2023-02-27,0.3706,0.388549,0.3971,0.3706,1900
2023-02-28,0.4999,0.4999,0.4999,0.4999,200
2023-03-01,0.519,0.52,0.52,0.519,800
2023-03-02,0.549,0.5253,0.549,0.3939,29029
2023-03-06,0.545001,0.500001,0.55,0.484999,88336
2023-03-08,0.539,0.5211,0.54,0.433499,24684
2023-03-09,0.525,0.527,0.55,0.525,11109
2023-03-10,0.4,0.55,0.55,0.4,10476
2023-03-13,0.5,0.5,0.5788,0.48,26118
2023-03-14,0.4434,0.439,0.469899,0.4029,60221
2023-03-15,0.43,0.4224,0.43,0.422213,22511
2023-03-17,0.5,0.54,0.54,0.47,51809
2023-03-20,0.5,0.6083,0.6084,0.5,1600
2023-03-21,0.55,0.599051,0.61,0.535049,26723
2023-03-22,0.55,0.707435,0.707435,0.55,5609
2023-03-23,0.63,0.8116,0.9,0.63,6061
2023-03-24,0.75,0.95,0.95,0.75,7593
2023-03-27,0.9,1.05,1.05,0.9,30905
2023-03-28,1.0501,1.1,1.1,1.05,45227
2023-03-29,1.06,0.921301,1.06,0.9202,6765
2023-03-30,0.9998,1.08,1.08,0.9998,1015
2023-03-31,0.9652,0.9517,0.9952,0.9417,1400
2023-04-03,1.01,1.0,1.01,0.9658,7500
2023-04-04,0.9315,0.9215,0.9515,0.9215,533
2023-04-05,0.9,0.9,0.9,0.9,372
2023-04-10,0.9,0.949331,0.95,0.887907,37408
2023-04-11,0.9035,0.8265,0.9035,0.8265,1600
2023-04-12,0.7983,0.7599,0.7983,0.7599,3900
2023-04-13,0.7103,0.64,0.7307,0.64,6825
2023-04-14,0.7489,0.7498,0.7499,0.7489,600
2023-04-17,0.814,0.8522,0.8522,0.8122,1103
2023-04-18,0.794651,0.7403,0.794651,0.7403,400
2023-04-20,0.73222,0.8374,0.8374,0.6733,800
2023-04-21,0.837401,0.8124,0.837401,0.8123,1200
2023-04-26,0.9003,0.9003,0.9003,0.9003,100
2023-04-27,0.797,0.7592,0.8171,0.7582,700
2023-04-28,0.8191,0.8191,0.8191,0.8191,100
2023-05-01,0.7365,0.6889,0.78745,0.6889,1300
2023-05-02,0.7,0.7,0.7,0.7,900
2023-05-03,0.8,0.8,0.8,0.8,100
