2014-07-14,5.8,5.8,5.8,5.8,100
2014-07-15,6.4,6.45,6.45,6.4,928
2014-07-17,6.5,7.0,7.0,6.5,869
2014-07-18,5.5,6.25,6.25,5.25,3698
2014-07-22,5.26,5.26,5.26,5.26,217
2014-07-25,6.5,6.5,6.5,6.5,179
2014-07-29,5.7,5.7,5.7,5.7,400
2014-07-30,5.7,5.7,5.7,5.7,377
2014-08-01,5.7,6.5,6.5,5.7,1575
2014-08-05,6.6001,7.0,7.0,6.6,1887
2014-08-07,5.32,6.88,6.88,6.88,125
2014-08-11,6.5,6.5,6.503,6.5,2869
2014-08-12,6.5,6.5,6.5,6.4999,2036
2014-08-13,6.5,6.4041,6.5,6.4041,466
2014-08-15,6.1299,6.3,6.49,6.1299,2048
2014-08-18,6.04,6.4,6.4,6.01,2570
2014-08-20,6.0301,6.0401,6.16,6.03,8928
2014-08-21,6.04,6.0401,6.0401,6.04,400
2014-08-25,6.03,6.03,6.0301,6.03,2520
2014-08-26,6.02,6.02,6.02,6.02,3000
2014-08-27,6.02,6.05,6.05,6.02,7100
2014-08-28,6.04,6.0,6.25,5.98,2879
2014-08-29,6.4399,5.98,6.4399,5.98,1050
2014-09-02,6.1,6.04,6.2,6.04,2850
2014-09-03,6.05,6.41,6.44,6.05,11142
2014-09-04,6.07,6.136,6.136,6.136,190
2014-09-05,6.15,6.2,6.5,6.1,4723
2014-09-08,6.44,6.44,6.44,6.1595,3470
2014-09-09,6.42,6.4,6.44,6.14,2748
2014-09-10,6.44,6.15,6.44,6.15,1630
2014-09-11,6.15,6.44,6.44,6.09,16139
2014-09-12,6.44,6.44,6.44,6.4,3822
2014-09-15,6.09,6.42,6.43,6.06,5345
2014-09-16,6.42,6.05,6.42,6.05,2404
2014-09-17,6.41,6.2101,6.41,6.2101,863
2014-09-18,6.38,6.4,6.4,6.23,2429
2014-09-19,6.4,6.05,6.4,6.05,7512
2014-09-22,6.17,6.0,6.35,6.0,1259
2014-09-23,6.05,6.05,6.05,6.05,155
2014-09-25,6.63,6.17,6.79,6.0901,11919
2014-09-29,6.0501,6.0501,6.0501,6.0501,100
2014-09-30,6.1,6.1,6.1,6.1,600
2014-10-01,6.4,6.4,6.4,6.4,170
2014-10-03,6.12,6.14,6.38,6.12,1790
2014-10-08,6.38,6.38,6.38,6.38,250
2014-10-09,6.1,6.0001,6.1,6.0001,19975
2014-10-14,6.08,5.9,6.0,5.9,2102
2014-10-20,5.6601,6.0,6.0,5.6601,275
2014-10-21,6.0,6.0,6.0,6.0,643
2014-10-22,5.95,5.66,5.66,5.66,994
2014-10-23,5.66,5.97,5.97,5.66,300
2014-10-30,5.67,5.6,5.7,5.6,654
2014-11-04,5.48,6.0,6.0,5.48,200
2014-11-06,5.97,5.97,5.97,5.97,191
2014-11-11,5.96,5.72,5.96,5.7199,2902
2014-11-12,5.8,5.5584,6.0,5.5584,2672
2014-11-19,5.75,5.6924,5.7,5.6924,1430
2014-11-20,5.66,5.6575,5.665,5.65,3640
2014-11-21,5.65,5.7,5.8,5.7,2054
2014-11-24,5.7,5.65,5.7001,5.65,2000
2014-11-25,5.75,5.64,5.799,5.64,836
2014-11-26,5.65,5.64,5.65,5.64,445
2014-11-28,5.7865,5.7865,5.7865,5.7865,100
2014-12-01,5.67,5.67,5.67,5.67,306
2014-12-02,5.75,5.75,5.8,5.75,3631
2014-12-03,5.69,5.95,5.95,5.9185,1058
2014-12-04,6.0,5.65,6.0,5.65,2305
2014-12-05,5.66,5.65,5.66,5.65,752
2014-12-08,5.85,5.55,5.85,5.55,1151
2014-12-09,5.85,5.59,5.59,5.48,4113
2014-12-15,5.85,5.517,5.517,5.481,2105
2014-12-16,5.48,5.5,5.5,5.45,2201
2014-12-18,5.4,5.35,5.4,5.35,1314
2014-12-19,5.25,4.53,5.25,4.53,6509
2014-12-22,4.95,4.99,4.99,4.95,492
2014-12-23,4.9,5.1001,5.1001,5.1001,1060
2014-12-24,5.2,5.2499,5.2499,5.2,1020
2014-12-26,5.19,5.601,5.601,5.2,2505
2014-12-29,6.0,5.5,6.0,5.1,561
2014-12-30,5.6,6.0,6.0,5.6,876
2014-12-31,5.98,6.0,6.0,5.98,200
2015-01-02,5.63,5.63,5.66,5.6,3600
2015-01-05,6.0,5.75,6.0,5.75,834
2015-01-06,5.63,5.6,5.63,5.6,2612
2015-01-07,5.6,5.6,5.6,5.6,384
2015-01-08,5.6,5.5001,5.6,5.5001,2533
2015-01-09,5.5,5.6001,5.6001,5.5,1279
2015-01-15,5.6,5.6,5.6,5.6,1700
2015-01-20,5.55,5.6001,5.75,5.55,2200
2015-01-22,5.65,5.5941,5.65,5.5941,3402
2015-01-23,5.62,5.62,5.62,5.62,1800
2015-01-26,5.545,5.545,5.545,5.545,100
2015-01-27,5.55,5.55,5.55,5.55,3000
2015-01-28,5.65,5.7295,5.78,5.65,800
2015-01-30,5.5,5.6399,5.64,5.63,1376
2015-02-02,5.54,5.7,5.8,5.54,11820
2015-02-03,5.65,5.64,5.73,5.63,5179
2015-02-04,5.75,5.71,5.7999,5.6,9209
2015-02-05,5.63,5.63,5.72,5.63,3400
2015-02-06,5.64,5.62,5.72,5.6,1025
2015-02-09,5.55,5.676,5.8,5.62,5036
2015-02-10,5.7,5.5724,5.7,5.57,5194
2015-02-11,5.65,5.718,5.75,5.65,2800
2015-02-12,5.57,5.67,5.67,5.57,1150
2015-02-13,5.649,5.79,5.79,5.57,4240
2015-02-17,5.5,5.7,5.7,5.5,2202
2015-02-18,5.55,5.55,5.55,5.55,100
2015-02-19,5.61,5.61,5.61,5.61,100
2015-02-20,5.78,5.75,5.7967,5.65,3700
2015-02-23,5.65,5.7419,5.75,5.65,1722
2015-02-24,5.65,5.8,5.8,5.65,1124
2015-02-25,5.67,5.7,5.81,5.67,3127
2015-02-26,5.67,5.71,5.71,5.67,2117
2015-02-27,5.65,5.7,5.7,5.65,1050
2015-03-02,5.66,5.65,5.66,5.65,1411
2015-03-03,5.49,5.45,5.49,5.45,212
2015-03-04,5.46,5.46,5.46,5.46,100
2015-03-05,5.25,5.26,5.4,4.9,10935
2015-03-06,5.26,5.35,5.35,5.28,5204
2015-03-09,5.15,5.15,5.15,5.15,400
2015-03-10,5.04,5.4,5.77,5.04,3636
2015-03-11,5.47,5.335,5.8,5.335,2997
2015-03-12,5.18,5.4999,5.4999,5.18,201
2015-03-13,5.22,5.22,5.22,5.22,100
2015-03-16,5.2,5.2,5.2,5.2,301
2015-03-17,5.38,5.06,5.5,5.0049,2103
2015-03-23,5.1,5.3874,5.3874,5.1,831
2015-03-25,5.39,5.39,5.39,5.39,210
2015-03-26,5.2,5.2072,5.2072,5.2,1440
2015-03-27,5.39,5.45,5.45,5.45,1001
2015-04-01,5.3,5.3,5.3,5.3,900
2015-04-02,5.2,5.2001,5.2001,5.2,310
2015-04-06,5.12,5.2,5.2,5.2,613
2015-04-10,5.0,5.2025,5.22,5.2,1012
2015-04-16,5.2,5.2,5.2,5.2,203
2015-04-17,5.2,5.2001,5.2001,5.2001,155
2015-04-20,5.425,5.425,5.425,5.425,282
2015-04-24,5.2,5.45,5.45,5.05,5081
2015-04-27,5.201,5.201,5.201,5.201,134
2015-04-29,5.2,5.2,5.25,5.18,12075
2015-05-01,5.2,5.2,5.2,5.19,15200
2015-05-04,5.25,5.25,5.25,5.25,300
2015-05-05,5.2,5.25,5.25,5.2,1350
2015-05-06,5.09,5.2032,5.2032,5.09,617
2015-05-07,5.21,5.4499,5.4499,5.21,353
2015-05-11,5.39,5.45,5.45,5.39,825
2015-05-13,5.5,5.5,5.5,5.5,1000
2015-05-18,5.5,5.5001,5.5001,5.5,1301
2015-05-22,5.2,5.26,5.26,5.2,2015
2015-05-27,5.25,5.6,5.6,5.25,250
2015-05-29,5.27,5.25,5.3,5.25,1100
2015-06-01,5.25,5.3,5.3,5.3,260
2015-06-03,5.25,5.25,5.25,5.25,951
2015-06-04,5.5,5.5,5.5,5.5,441
2015-06-05,5.6,5.7,5.7,5.6,2000
2015-06-08,5.52,5.75,5.75,5.75,1077
2015-06-12,5.84,5.85,5.85,5.84,521
2015-06-18,5.65,5.68,5.68,5.65,5896
2015-06-19,5.65,5.74,5.74,5.65,1427
2015-06-22,5.8,5.752,5.752,5.7475,1006
2015-06-23,5.67,5.65,5.67,5.65,1701
2015-06-24,5.65,5.79,5.79,5.79,140
2015-06-26,5.78,5.75,5.8,5.74,6641
2015-07-08,5.68,5.76,5.76,5.68,5510
2015-07-09,5.65,5.664,5.682,5.65,5318
2015-07-10,5.7906,5.71,5.7906,5.71,7220
2015-07-13,5.65,5.65,5.65,5.65,870
2015-07-15,5.65,5.65,5.65,5.65,185
2015-07-23,5.67,5.67,5.67,5.67,108
2015-07-29,5.68,5.68,5.68,5.68,945
2015-07-30,5.68,5.68,5.68,5.68,2922
2015-07-31,5.79,5.71,5.79,5.71,5251
2015-08-03,5.37,5.37,5.37,5.37,124
2015-08-11,5.7899,5.7899,5.7899,5.7899,520
2015-08-12,5.4,5.4,5.4,5.345,1310
2015-08-13,5.7899,5.7899,5.7899,5.7899,502
2015-08-14,5.65,5.78,5.78,5.65,229
2015-08-24,5.5116,5.55,5.552,5.5116,1481
2015-08-26,5.5,5.75,5.79,5.5,15938
2015-08-27,5.75,5.8,5.8,5.75,1757
2015-08-28,5.81,5.8,5.81,5.79,10320
2015-09-01,6.0,5.85,6.0,5.85,1372
2015-09-02,5.85,5.85,5.85,5.85,263
2015-09-08,5.92,6.0,6.0,5.92,234
2015-09-09,5.8501,5.855,5.86,5.8501,2129
2015-09-10,6.32,6.0,6.32,6.0,1171
2015-09-11,6.0,6.4,6.4,6.0,838
2015-09-14,6.003,6.12,6.12,6.0,745
2015-09-15,5.99,5.99,5.99,5.99,204
2015-09-16,6.12,6.0,6.3,6.0,31795
2015-09-18,6.0,6.0,6.35,6.0,9902
2015-09-21,6.0,6.0,6.0,6.0,513
2015-09-28,6.004,6.0,6.02,5.9,14301
2015-09-29,6.0,6.0,6.0,6.0,3000
2015-10-01,6.01,6.0,6.01,6.0,5000
2015-10-02,6.0,6.035,6.035,6.0,623
2015-10-06,6.3478,6.45,6.45,6.2,13122
2015-10-07,6.504,6.6,6.6,6.5,3120
2015-10-08,6.8,6.8,6.8,6.8,836
2015-10-15,6.9,6.9,6.9,6.9,363
2015-10-19,6.81,6.81,6.81,6.81,100
2015-10-20,7.48,7.6287,7.6287,7.48,3973
2015-10-22,7.59,7.5995,7.6,7.59,378
2015-10-23,7.124,7.5405,7.6,7.124,10197
2015-10-29,7.24,7.066,7.2495,7.066,819
2015-10-30,7.07,6.97,7.07,6.97,590
2015-11-02,6.87,6.85,6.87,6.85,624
2015-11-03,6.85,6.85,6.85,6.85,171
2015-11-05,6.664,6.7499,6.7499,6.66,810
2015-11-09,6.66,6.29,6.66,6.266,1100
2015-11-10,6.446,6.446,6.446,6.446,175
2015-11-16,6.88,6.99,6.99,6.88,2216
2015-11-18,7.29,7.29,7.29,7.29,291
2015-11-19,7.29,7.29,7.2901,7.29,4906
2015-11-20,7.19,7.19,7.19,7.19,255
2015-11-23,7.3,7.332,7.332,7.3,970
2015-11-24,7.3,7.3,7.3,7.3,1100
2015-11-27,7.2,7.2,7.2,7.2,200
2015-11-30,7.22,7.2,7.22,7.2,1477
2015-12-01,6.0,7.1,7.28,6.0,3774
2015-12-02,7.12,6.7995,7.12,6.7995,2137
2015-12-03,7.004,7.004,7.004,7.004,2500
2015-12-04,7.25,7.3,7.3001,7.0001,2999
2015-12-09,7.0001,7.0,7.0001,7.0,4600
2015-12-14,7.0,7.0,7.0,7.0,0
2015-12-15,7.0,7.0,7.0,7.0,10
2015-12-16,6.51,6.21,6.51,6.21,1581
2015-12-17,6.21,6.21,6.21,6.21,0
2015-12-18,7.45,7.45,7.45,7.45,444
2015-12-21,6.28,6.69,6.69,6.28,2423
2015-12-22,6.31,6.22,6.31,6.22,310
2015-12-23,6.5859,6.75,6.75,6.5859,931
2015-12-24,6.75,6.75,6.75,6.75,0
2015-12-28,6.7501,6.75,6.7501,6.75,1040
2015-12-29,7.06,6.8561,7.06,6.8561,445
2015-12-30,6.8561,6.8561,6.8561,6.8561,0
2015-12-31,7.11,7.11,7.11,7.11,192
2016-01-04,6.81,6.81,6.81,6.81,151
2016-01-05,6.81,6.81,6.81,6.81,0
2016-01-06,6.81,6.81,6.81,6.81,0
2016-01-07,6.8,6.8,6.8,6.8,100
2016-01-08,6.8,6.8,6.8,6.8,0
2016-01-11,6.8,6.8,6.8,6.8,0
2016-01-12,6.8,6.8001,6.81,6.8,5463
2016-01-13,6.8,6.8,6.8,6.77,4912
2016-01-14,6.8,6.668,6.8,6.5,2505
2016-01-15,6.5,6.5,6.53,6.45,8120
2016-01-19,6.5,6.5,6.5,6.5,0
2016-01-20,6.52,6.5001,6.52,6.5,2130
2016-01-21,6.5,6.5,6.5001,6.5,1521
2016-01-22,6.5,6.5,6.5,6.5,0
2016-01-25,6.5,6.5,6.5,6.5,0
2016-01-26,6.35,6.595,6.595,6.29,350
2016-01-27,6.729,6.729,6.729,6.729,1000
2016-01-28,6.5,6.4999,6.5,6.4999,633
2016-01-29,6.34,6.34,6.34,6.34,182
2016-02-01,6.34,6.34,6.34,6.34,0
2016-02-02,6.45,6.45,6.45,6.45,161
2016-02-03,6.45,6.45,6.45,6.45,0
2016-02-04,6.25,6.25,6.25,6.25,233
2016-02-05,6.2651,6.2651,6.2651,6.2651,129
2016-02-08,6.2651,6.2651,6.2651,6.2651,0
2016-02-09,6.25,6.15,6.25,6.14,3105
2016-02-10,6.15,6.15,6.15,6.15,5
2016-02-11,6.15,6.15,6.15,6.15,404
2016-02-12,6.17,6.1,6.17,6.0,1283
2016-02-16,6.0,6.1022,6.1022,6.0,703
2016-02-17,6.486,6.486,6.486,6.486,116
2016-02-18,6.486,6.486,6.486,6.486,0
2016-02-19,6.0253,6.0253,6.0253,6.0253,442
2016-02-22,6.1495,6.03,6.6,6.03,31402
2016-02-23,6.03,6.03,6.03,6.03,0
2016-02-24,6.03,6.03,6.03,6.03,0
2016-02-25,6.03,6.03,6.03,6.03,0
2016-02-26,6.03,6.03,6.03,6.03,0
2016-02-29,6.15,6.1201,6.31,6.11,828
2016-03-01,6.1201,6.01,6.1201,6.1201,4101
2016-03-02,6.01,6.001,6.01,6.01,2022
2016-03-03,6.001,6.4,6.001,6.001,544
2016-03-04,6.4,6.4,6.4,6.4,0
2016-03-07,6.39,6.3553,6.8,6.354,25660
2016-03-08,6.752,6.3553,6.8,6.5003,3036
2016-03-09,6.88,6.7954,6.9,6.595,15208
2016-03-10,6.83,6.7697,7.3,6.52,9342
2016-03-11,6.52,6.4999,6.52,6.52,13266
2016-03-14,6.4999,6.4999,6.4999,6.4999,1
2016-03-15,6.4999,6.55,6.4999,6.4999,1000
2016-03-16,6.98,6.63,7.0,6.58,1013
2016-03-17,6.63,6.63,6.63,6.63,8
2016-03-18,6.8068,6.99,7.1,6.77,17217
2016-03-21,NaN,6.99,NaN,NaN,17
2016-03-23,6.99,6.99,6.99,6.99,54
2016-03-24,6.99,6.99,6.99,6.99,0
2016-03-28,6.8001,7.1999,7.2,6.7,13078
2016-03-29,7.0,7.1899,7.1,7.0,287
2016-03-30,7.1,7.0,7.1,7.0,1030
2016-03-31,7.0,7.0,7.0,6.95,2411
2016-04-01,6.9105,6.92,6.92,6.9105,463
2016-04-04,7.3,7.5,7.5,7.3,4829
2016-04-05,7.5,7.4,7.5,7.5,610
2016-04-06,7.4,7.4,7.4,7.4,0
2016-04-07,7.4,7.4,7.4,7.4,1000
2016-04-08,7.2,7.1999,7.2,7.1999,204
2016-04-11,7.2,7.0915,7.5,6.9999,1373
2016-04-12,7.0915,7.0915,7.0915,7.0915,0
2016-04-13,6.609,7.05,7.05,6.609,1111
2016-04-14,7.05,7.05,7.05,7.05,0
2016-04-15,7.05,7.05,7.05,7.05,0
2016-04-18,7.05,7.05,7.05,7.05,5
2016-04-19,7.05,7.05,7.05,7.05,0
2016-04-20,7.05,7.05,7.05,7.05,0
2016-04-21,7.0575,7.0575,7.0575,7.0575,209
2016-04-22,7.36,7.36,7.36,7.36,2382
2016-04-25,6.9101,6.9101,6.9101,6.9101,521
2016-04-26,6.9101,6.9101,6.9101,6.9101,0
2016-04-27,7.1999,6.871,7.1999,6.75,19121
2016-04-28,6.83,6.73,6.8501,6.72,1600
2016-04-29,6.75,6.75,6.75,6.75,123
2016-05-02,6.7,6.85,6.99,6.6,6300
2016-05-03,6.6206,6.6206,6.6206,6.6206,272
2016-05-04,7.23,7.38,7.38,6.51,7647
2016-05-05,7.08,6.86,7.3889,6.75,2316
2016-05-06,6.99,7.36,7.36,6.76,16208
2016-05-09,7.36,7.36,7.36,7.36,0
2016-05-10,7.3999,7.2,7.3999,7.2,950
2016-05-11,7.2,7.34,7.34,7.0,4792
2016-05-12,7.34,7.34,7.34,7.34,0
2016-05-13,7.0001,7.16,7.16,7.0001,238
2016-05-16,7.0,7.0,7.0,7.0,327
2016-05-17,7.0001,7.0,7.0001,7.0,1692
2016-05-18,7.024,7.024,7.024,7.024,202
2016-05-19,7.0,7.0,7.0,6.65,6010
2016-05-20,7.0,7.1,7.1,6.66,8131
2016-05-23,7.0,7.0,7.0,7.0,210
2016-05-24,7.01,7.0,7.01,7.0,3774
2016-05-25,7.01,6.68,7.01,6.68,500
2016-05-26,6.71,6.71,6.71,6.71,106
2016-05-27,6.71,6.71,6.71,6.71,0
2016-05-31,6.73,7.1,7.1,6.5399,7192
2016-06-01,7.1,7.1,7.1,7.1,0
2016-06-02,7.1,7.1,7.1,7.1,0
2016-06-03,7.1,7.1,7.1,7.1,0
2016-06-06,NaN,7.1,NaN,NaN,90
2016-06-07,NaN,7.1,NaN,NaN,0
2016-06-08,7.1,7.1,7.1,7.1,12
2016-06-09,7.0001,7.0,7.38,7.0,2470
2016-06-10,7.0,7.0,7.0,7.0,200
2016-06-13,7.1788,7.1788,7.1788,7.1788,475
2016-06-14,7.1788,7.1788,7.1788,7.1788,0
2016-06-15,7.1788,7.1788,7.1788,7.1788,0
2016-06-16,6.88,7.005,7.11,6.71,626
2016-06-17,NaN,7.005,NaN,NaN,1
2016-06-20,6.6,7.08,7.08,6.6,2175
2016-06-21,7.08,7.08,7.08,7.08,0
2016-06-22,6.426,6.6,6.6,6.426,550
2016-06-23,6.11,6.12,6.6,6.11,2432
2016-06-24,6.89,6.11,6.89,5.9999,874
2016-06-27,6.11,6.11,6.11,6.11,50
2016-06-28,6.12,6.7501,6.7501,6.12,1271
2016-06-29,7.05,7.15,7.2,7.05,2850
2016-06-30,7.1011,7.11,7.21,7.1011,1436
2016-07-01,7.11,7.11,7.11,7.11,0
2016-07-05,6.9655,6.9001,6.9655,6.9001,725
2016-07-06,6.9001,6.9001,6.9001,6.9001,0
2016-07-07,6.8201,6.8201,6.8201,6.8201,223
2016-07-08,6.6,6.6,6.6,6.6,404
2016-07-11,6.75,6.902,6.902,6.75,1341
2016-07-12,7.0,7.0,7.0,7.0,1641
2016-07-13,6.8,7.0,7.0,6.8,2924
2016-07-14,7.0,7.0087,7.0087,7.0,463
2016-07-15,7.0,7.0,7.0,7.0,1075
2016-07-18,7.0,7.0,7.0,7.0,0
2016-07-19,7.0,7.0,7.0,7.0,0
2016-07-20,7.0001,7.0001,7.0001,7.0001,600
2016-07-21,7.0001,7.0001,7.0001,7.0001,0
2016-07-22,7.0001,7.0001,7.0001,7.0001,0
2016-07-25,7.0001,7.0001,7.0001,7.0001,0
2016-07-26,7.1,7.1,7.1,7.1,2200
2016-07-27,7.1,7.1,7.1,7.1,0
2016-07-28,7.1,7.1,7.1,7.1,0
2016-07-29,7.1999,7.3,7.3,6.975,10904
2016-08-01,7.036,7.036,7.036,7.036,212
2016-08-02,7.036,7.036,7.036,7.036,0
2016-08-03,7.2,7.2,7.2,7.2,101
2016-08-04,7.14,7.14,7.14,7.015,811
2016-08-05,7.18,7.2531,7.3,7.18,1356
2016-08-08,7.25,7.2,7.25,7.2,1680
2016-08-09,7.3,7.245,7.3,7.245,5049
2016-08-10,NaN,7.245,NaN,NaN,0
2016-08-11,NaN,7.245,NaN,NaN,55
2016-08-12,7.25,7.26,7.295,7.25,2403
2016-08-15,NaN,7.26,NaN,NaN,64
2016-08-16,6.9873,7.3,7.3,6.48,23835
2016-08-17,7.33,7.35,7.35,7.33,317
2016-08-18,7.27,7.3,7.3,6.53,3154
2016-08-19,7.38,7.35,7.4,7.35,457
2016-08-22,7.48,7.59,7.59,7.428,8048
2016-08-23,7.6,7.34,7.74,7.34,6809
2016-08-24,NaN,7.34,NaN,NaN,34
2016-08-25,7.86,7.86,7.86,7.86,575
2016-08-26,7.94,7.87,7.98,7.8,1544
2016-08-29,NaN,7.87,NaN,NaN,4
2016-08-30,7.88,7.86,7.88,7.549,941
2016-08-31,7.87,7.95,7.95,7.75,708
2016-09-01,7.63,7.78,7.78,7.63,2238
2016-09-02,7.67,7.999,7.999,7.67,268
2016-09-06,7.6,8.0,8.0,7.6,342
2016-09-08,7.8,7.8,7.8,7.645,3650
2016-09-09,8.0,7.99,8.0,7.99,393
2016-09-12,7.7758,7.7758,7.7758,7.7758,238
2016-09-13,8.0,8.0,8.0,8.0,219
2016-09-14,8.0,8.08,8.39,8.0,788
2016-09-15,8.24,8.39,8.39,8.16,901
2016-09-16,8.4,8.18,8.4,8.18,3781
2016-09-19,8.37,8.3999,8.4,7.81,2097
2016-09-20,8.1999,8.17,8.1999,8.17,212
2016-09-21,8.17,8.3,8.7,8.01,4861
2016-09-22,8.59,8.31,8.59,8.31,515
2016-09-23,8.65,8.1424,8.65,8.1424,551
2016-09-26,8.658,8.658,8.658,8.658,243
2016-09-27,8.44,8.67,8.71,8.2975,3529
2016-09-28,8.5,8.5,8.5,8.5,247
2016-09-30,8.0432,8.6305,8.82,8.0432,1565
2016-10-03,8.69,8.85,8.85,8.3486,8992
2016-10-04,8.696,8.696,8.696,8.696,222
2016-10-06,NaN,8.696,NaN,NaN,27
2016-10-10,NaN,8.696,NaN,NaN,12
2016-10-12,NaN,8.696,NaN,NaN,44
2016-10-13,8.45,8.59,8.65,8.4381,7457
2016-10-14,8.359,8.737,8.75,8.2666,13553
2016-10-17,8.65,8.6382,8.65,8.5431,5390
2016-10-18,8.65,8.395,8.65,8.395,2070
2016-10-19,NaN,8.395,NaN,NaN,10
2016-10-20,8.75,8.7468,8.75,8.7468,2027
2016-10-21,8.75,10.1,14.12,8.75,17067
2016-10-24,13.0,11.3001,13.0,10.6,6188
2016-10-25,11.0,9.955,11.0,9.95,691
2016-10-26,9.87,9.42,9.87,9.42,1328
2016-10-27,10.95,10.95,10.95,10.95,288
2016-10-28,NaN,10.95,NaN,NaN,65
2016-10-31,11.1,11.1,11.1,11.1,638
2016-11-02,NaN,11.1,NaN,NaN,2
2016-11-03,10.99,9.89,10.99,9.89,830
2016-11-04,10.35,10.15,10.35,10.15,457
2016-11-11,NaN,10.15,NaN,NaN,1
2016-11-15,NaN,10.15,NaN,NaN,53
2016-11-16,NaN,10.15,NaN,NaN,10
2016-11-17,9.96,8.21,10.0,8.08,1750
2016-11-18,8.7905,8.79,9.0,8.75,1200
2016-11-21,8.75,8.75,8.75,8.75,210
2016-11-22,NaN,8.75,NaN,NaN,96
2016-11-23,9.2,9.2,9.2,9.2,110
2016-11-25,NaN,9.2,NaN,NaN,25
2016-11-28,NaN,9.2,NaN,NaN,71
2016-11-30,8.75,8.75,8.75,8.75,245
2016-12-01,NaN,8.75,NaN,NaN,35
2016-12-05,8.78,8.75,8.78,8.75,589
2016-12-06,8.78,8.75,8.78,8.75,601
2016-12-07,8.77,8.75,8.77,8.75,1178
2016-12-08,9.047,9.47,9.47,9.047,295
2016-12-09,8.773,9.0668,9.0668,8.773,729
2016-12-12,NaN,9.0668,NaN,NaN,107
2016-12-13,NaN,9.0668,NaN,NaN,70
2016-12-14,9.5,9.5,9.5,9.5,184
2016-12-15,NaN,9.5,NaN,NaN,13
2016-12-16,8.8,9.5,9.5,8.7501,17114
2016-12-19,NaN,9.5,NaN,NaN,75
2016-12-20,NaN,9.5,NaN,NaN,42
2016-12-21,NaN,9.5,NaN,NaN,143
2016-12-22,8.9457,8.8625,8.9457,8.7501,3511
2016-12-23,9.19,8.7501,9.22,8.7501,10563
2016-12-27,NaN,8.7501,NaN,NaN,145
2016-12-28,8.75,8.75,8.75,8.75,585
2016-12-29,NaN,8.75,NaN,NaN,96
2016-12-30,NaN,8.75,NaN,NaN,121
2017-01-03,NaN,8.75,NaN,NaN,37
2017-01-04,8.75,8.7335,8.75,8.7335,562
2017-01-05,8.8653,7.98,8.8653,7.98,653
2017-01-06,8.3753,7.5,8.3753,7.5,533
2017-01-09,7.5,7.5,7.5,7.5,343
2017-01-10,NaN,7.5,NaN,NaN,1
2017-01-11,NaN,7.5,NaN,NaN,87
2017-01-12,NaN,7.5,NaN,NaN,151
2017-01-13,NaN,7.5,NaN,NaN,110
2017-01-17,7.75,7.75,7.75,7.75,126
2017-01-18,7.75,8.2299,8.53,7.75,453
2017-01-20,NaN,8.2299,NaN,NaN,38
2017-01-23,NaN,8.2299,NaN,NaN,13
2017-01-24,NaN,8.2299,NaN,NaN,32
2017-01-25,7.6,7.6,7.6,7.6,314
2017-01-26,8.2,8.2,8.2,8.2,228
2017-01-27,7.7,7.7,7.7,7.7,142
2017-01-30,NaN,7.7,NaN,NaN,21
2017-01-31,NaN,7.7,NaN,NaN,34
2017-02-01,7.5001,7.5001,7.5001,7.5001,895
2017-02-02,7.6458,7.6458,7.6458,7.6458,215
2017-02-03,NaN,7.6458,NaN,NaN,12
2017-02-07,NaN,7.6458,NaN,NaN,34
2017-02-08,7.5,7.5,7.5,7.5,301
2017-02-09,7.5012,7.58,7.58,7.5,510
2017-02-10,8.34,7.5,8.34,7.5,428
2017-02-13,7.54,7.54,7.54,7.54,195
2017-02-14,NaN,7.54,NaN,NaN,83
2017-02-15,NaN,7.54,NaN,NaN,46
2017-02-17,NaN,7.54,NaN,NaN,13
2017-02-21,7.5,7.425,7.5,7.1438,1540
2017-02-23,NaN,7.425,NaN,NaN,1
2017-02-24,NaN,7.425,NaN,NaN,75
2017-02-27,7.5,7.5113,7.5113,7.5,660
2017-02-28,NaN,7.5113,NaN,NaN,165
2017-03-01,NaN,7.5113,NaN,NaN,73
2017-03-02,NaN,7.5113,NaN,NaN,66
2017-03-06,7.5,7.5,7.5,7.5,925
2017-03-07,7.51,7.52,7.52,7.51,200
2017-03-08,7.53,7.53,7.53,7.53,228
2017-03-09,7.25,7.25,7.25,7.25,233
2017-03-10,7.25,7.25,7.25,7.25,207
2017-03-13,7.26,7.3,7.3,7.26,321
2017-03-15,7.25,7.25,7.25,7.25,278
2017-03-16,7.1,7.1,7.1,7.1,153
2017-03-17,8.3,8.47,8.47,8.2,2418
2017-03-20,NaN,8.47,NaN,NaN,107
2017-03-21,7.9,7.9,7.9,7.9,462
2017-03-22,7.1501,7.1501,7.1501,7.1501,245
2017-03-23,7.2,7.2,7.2,7.2,100
2017-03-24,7.15,7.35,7.35,7.15,414
2017-03-29,NaN,7.35,NaN,NaN,101
2017-03-30,7.34,7.21,7.34,7.21,551
2017-03-31,NaN,7.21,NaN,NaN,18
2017-04-03,NaN,7.21,NaN,NaN,43
2017-04-04,NaN,7.21,NaN,NaN,53
2017-04-05,NaN,7.21,NaN,NaN,73
2017-04-06,NaN,7.21,NaN,NaN,10
2017-04-10,NaN,7.21,NaN,NaN,15
2017-04-11,NaN,7.21,NaN,NaN,141
2017-04-12,7.2,7.1501,7.2,7.1501,555
2017-04-17,NaN,7.1501,NaN,NaN,55
2017-04-18,NaN,7.1501,NaN,NaN,134
2017-04-19,NaN,7.1501,NaN,NaN,17
2017-04-20,NaN,7.1501,NaN,NaN,12
2017-04-24,NaN,7.1501,NaN,NaN,20
2017-04-26,7.08,7.08,7.08,7.08,208
2017-04-27,5.8,6.51,6.51,5.8,1264
2017-05-01,6.6122,6.6122,6.6122,6.6122,575
2017-05-02,6.67,6.6847,6.6847,6.67,449
2017-05-03,NaN,6.6847,NaN,NaN,15
2017-05-04,NaN,6.6847,NaN,NaN,4
2017-05-05,6.5,6.5,6.5,6.5,102
2017-05-08,NaN,6.5,NaN,NaN,51
2017-05-09,6.6271,6.6271,6.6271,6.6271,514
2017-05-10,6.8275,6.8275,6.8275,6.8275,204
2017-05-11,NaN,6.8275,NaN,NaN,28
2017-05-12,NaN,6.8275,NaN,NaN,6
2017-05-15,NaN,6.8275,NaN,NaN,74
2017-05-16,NaN,6.8275,NaN,NaN,9
2017-05-17,NaN,6.8275,NaN,NaN,8
2017-05-18,NaN,6.8275,NaN,NaN,11
2017-05-19,NaN,6.8275,NaN,NaN,31
2017-05-23,NaN,6.8275,NaN,NaN,3
2017-05-24,NaN,6.8275,NaN,NaN,84
2017-05-25,NaN,6.8275,NaN,NaN,101
2017-05-26,6.53,6.5875,6.5875,6.53,383
2017-05-30,NaN,6.5875,NaN,NaN,11
2017-06-02,NaN,6.5875,NaN,NaN,37
2017-06-05,6.55,6.5,6.55,6.5,506
2017-06-06,6.5,6.5,6.5,6.5,407
2017-06-07,NaN,6.5,NaN,NaN,72
2017-06-08,6.5299,6.5,6.5299,6.5,1561
2017-06-09,NaN,6.5,NaN,NaN,216
2017-06-12,6.5417,6.5,6.5417,6.5,810
2017-06-13,NaN,6.5,NaN,NaN,1
2017-06-14,NaN,6.5,NaN,NaN,19
2017-06-16,6.5,7.2,7.2,6.5,7840
2017-06-20,NaN,7.2,NaN,NaN,26
2017-06-21,NaN,7.2,NaN,NaN,3
2017-06-22,7.3,8.06,8.06,6.51,4395
2017-06-23,7.95,8.24,8.24,7.95,1860
2017-06-27,7.8999,7.9,7.9,6.8,900
2017-06-28,7.44,7.44,7.44,7.44,341
2017-06-29,6.8999,7.93,7.93,6.8999,9385
2017-06-30,7.9601,7.3,8.1901,7.3,11848
2017-07-03,7.69,7.7,7.7,6.97,3149
2017-07-05,7.63,7.2295,7.63,6.99,3592
2017-07-06,7.41,7.99,8.0,7.41,4863
2017-07-07,7.748,7.47,7.99,7.47,856
2017-07-10,7.72,7.72,7.72,7.72,171
2017-07-11,7.76,8.0,8.73,7.6275,3354
2017-07-12,7.77,7.7389,7.89,7.46,5498
2017-07-13,7.85,7.84,7.88,7.33,3040
2017-07-14,NaN,7.84,NaN,NaN,6
2017-07-17,7.86,7.72,7.86,7.72,2869
2017-07-18,7.5199,7.64,7.64,7.5199,1909
2017-07-19,7.66,7.53,8.0,7.53,2423
2017-07-20,7.13,7.171,7.57,7.13,932
2017-07-21,7.473,7.5849,7.9745,7.456,2001
2017-07-24,7.8602,7.8,8.0,7.7978,1653
2017-07-25,NaN,7.8,NaN,NaN,363
2017-07-26,7.57,7.57,7.57,7.57,146
2017-07-27,7.55,7.8,7.8,7.3616,2704
2017-07-28,7.7578,7.8,7.95,7.3686,7438
2017-07-31,7.7,7.52,7.8898,7.5,6902
2017-08-01,7.31,7.5113,7.59,7.2775,6511
2017-08-02,7.5,7.5,7.67,7.5,8998
2017-08-03,7.5,7.66,7.74,7.2417,3721
2017-08-04,7.75,7.51,7.75,7.51,4866
2017-08-07,7.5,7.5,7.5,7.5,241
2017-08-08,7.65,7.71,7.82,7.6425,3533
2017-08-09,7.7,7.68,7.75,7.68,3003
2017-08-10,7.68,7.65,7.68,7.65,594
2017-08-11,7.4,7.35,7.4,7.35,466
2017-08-14,7.0,7.21,7.21,6.99,1868
2017-08-15,7.21,7.0,7.21,7.0,2831
2017-08-16,6.9,6.9,6.9,6.9,100
2017-08-17,6.9,6.9,6.9,6.9,218
2017-08-18,NaN,6.9,NaN,NaN,85
2017-08-21,NaN,6.9,NaN,NaN,6
2017-08-22,6.9,6.9,6.9,6.9,185
2017-08-23,NaN,6.9,NaN,NaN,2
2017-08-24,6.9104,6.9104,6.9104,6.9104,168
2017-08-28,7.2,6.9,7.2,6.9,452
2017-08-29,6.95,6.62,6.95,5.67,7770
2017-08-30,6.53,6.55,7.01,6.5,9276
2017-08-31,6.65,6.5,7.0,6.5,8114
2017-09-01,6.5,6.57,6.57,6.1,10922
2017-09-05,6.7,6.7,6.7,6.7,149
2017-09-06,6.5,6.5,6.5,6.5,216
2017-09-07,6.25,6.25,6.25,6.25,213
2017-09-08,6.8,6.25,6.8,6.25,2072
2017-09-11,NaN,6.25,NaN,NaN,137
2017-09-12,6.25,6.25,6.25,6.25,354
2017-09-13,7.0,7.0,7.0,7.0,182
2017-09-14,6.5,6.5,6.5,6.5,208
2017-09-15,6.66,6.25,6.66,6.25,450
2017-09-18,6.25,6.375,6.375,6.25,4499
2017-09-19,6.43,6.46,6.6275,6.43,4445
2017-09-20,6.3,6.9492,6.95,6.3,9301
2017-09-21,6.8,6.6,6.81,6.55,6346
2017-09-22,6.62,6.41,6.81,6.41,3206
2017-09-25,6.5701,6.5701,6.5701,6.5701,1548
2017-09-26,NaN,6.5701,NaN,NaN,75
2017-09-27,6.58,6.55,6.58,6.42,2308
2017-09-28,6.46,6.52,6.7599,6.32,7300
2017-09-29,6.5,6.4,6.51,6.4,861
2017-10-02,NaN,6.4,NaN,NaN,78
2017-10-03,6.25,6.25,6.25,6.25,197
2017-10-04,6.45,6.5072,6.52,6.401,4040
2017-10-05,6.56,6.4,6.5662,6.4,4473
2017-10-06,6.4015,6.41,6.55,6.4,5106
2017-10-09,NaN,6.41,NaN,NaN,27
2017-10-10,6.2948,6.3844,6.45,6.2948,2804
2017-10-11,6.49,6.51,6.7824,6.4184,15361
2017-10-12,6.3486,6.5,6.5,6.3486,2310
2017-10-13,6.8,6.55,6.8,6.55,2637
2017-10-16,6.7,6.7,6.7,6.7,238
2017-10-17,NaN,6.7,NaN,NaN,92
2017-10-18,6.513,6.513,6.513,6.513,882
2017-10-19,NaN,6.513,NaN,NaN,120
2017-10-20,NaN,6.513,NaN,NaN,6
2017-10-23,6.51,6.52,6.52,6.5,4381
2017-10-24,NaN,6.52,NaN,NaN,1
2017-10-25,6.5,6.5,6.51,6.5,1906
2017-10-26,6.39,6.55,6.55,6.39,4147
2017-10-27,6.56,6.5,6.56,6.5,340
2017-10-30,6.6499,6.6,6.6625,6.4999,7534
2017-10-31,6.56,6.51,6.59,6.5,2546
2017-11-01,6.6,6.5,6.922,6.499,7820
2017-11-02,6.63,6.4,6.67,6.37,10889
2017-11-03,6.4,6.4,6.4,6.4,1013
2017-11-06,NaN,6.4,NaN,NaN,37
2017-11-08,6.4,6.45,6.47,6.4,3612
2017-11-09,6.61,6.53,6.61,6.4,12130
2017-11-10,6.49,6.65,6.986,6.46,5445
2017-11-13,6.6,6.67,6.67,6.59,3002
2017-11-14,6.6,6.6,6.6,6.6,173
2017-11-15,6.6293,6.67,6.67,6.6293,266
2017-11-16,NaN,6.67,NaN,NaN,37
2017-11-17,6.64,6.64,6.64,6.64,1220
2017-11-20,6.74,6.47,6.74,6.47,12148
2017-11-21,6.64,6.43,6.64,6.3201,9921
2017-11-22,6.59,6.59,6.59,6.59,338
2017-11-24,NaN,6.59,NaN,NaN,141
2017-11-27,NaN,6.59,NaN,NaN,31
2017-11-28,6.45,6.4329,6.5,6.31,29747
2017-11-29,6.34,6.464,6.49,6.31,5605
2017-11-30,6.4,6.42,6.5,6.35,14602
2017-12-01,6.52,6.74,6.74,6.4,11006
2017-12-04,6.75,6.75,6.96,6.5872,9427
2017-12-05,6.86,6.7319,6.86,6.72,4893
2017-12-06,6.63,6.4,6.63,6.4,7580
2017-12-07,6.95,6.4,6.95,6.35,12062
2017-12-08,6.42,6.4,6.6988,6.4,5409
2017-12-11,6.42,6.55,6.6,6.42,4181
2017-12-12,6.6,6.58,6.6,6.45,8693
2017-12-13,6.61,6.48,6.62,6.48,2536
2017-12-14,6.6106,6.48,6.6106,6.45,3976
2017-12-15,6.5202,6.6,6.6,6.48,1790
2017-12-18,6.66,6.46,6.66,6.46,754
2017-12-19,6.72,6.45,6.72,6.45,2936
2017-12-20,6.44,6.49,6.57,6.44,2951
2017-12-21,6.49,6.64,6.64,6.45,5993
2017-12-22,6.54,6.45,6.59,6.45,7944
2017-12-26,6.51,6.51,6.51,6.51,821
2017-12-27,6.5,6.48,6.56,6.2238,14547
2017-12-28,6.494,6.43,6.5685,6.3928,6010
2017-12-29,6.4024,6.47,6.47,6.4024,1104
2018-01-02,6.45,6.38,6.45,6.38,293
2018-01-03,NaN,6.38,NaN,NaN,33
2018-01-05,6.45,6.55,6.6501,6.4499,7620
2018-01-08,6.52,6.67,6.7,6.459,8851
2018-01-09,6.54,6.53,6.6,6.45,5925
2018-01-10,6.7,6.72,6.8,6.7,522
2018-01-11,6.74,6.72,6.95,6.55,23343
2018-01-12,6.72,6.7,6.75,6.69,668
2018-01-16,6.72,6.57,7.0597,6.55,7254
2018-01-17,6.74,6.74,6.74,6.74,310
2018-01-18,NaN,6.74,NaN,NaN,5
2018-01-19,NaN,6.74,NaN,NaN,43
2018-01-22,6.6803,6.72,6.89,6.6803,10723
2018-01-23,6.61,6.6,6.61,6.5,2945
2018-01-24,6.55,6.6,6.6,6.48,6869
2018-01-26,6.62,6.7152,6.81,6.5,15801
2018-01-29,6.53,6.78,6.78,6.53,9240
2018-01-30,6.75,6.77,6.85,6.4201,27101
2018-01-31,6.5,6.5,6.6,6.47,3652
2018-02-01,6.5,6.56,6.56,6.44,5505
2018-02-02,6.46,6.43,6.55,6.4,3552
2018-02-05,6.41,6.55,6.55,6.4,10870
2018-02-06,6.54,6.4911,6.9,6.4,22631
2018-02-07,6.52,6.41,6.52,6.41,5818
2018-02-08,6.46,6.1,6.46,5.58,32222
2018-02-09,6.19,5.92,6.4,5.79,27483
2018-02-12,NaN,5.92,NaN,NaN,45
2018-02-13,5.94,6.08,6.1,5.77,3401
2018-02-14,5.88,5.84,5.88,5.83,598
2018-02-15,6.14,6.2199,6.2199,6.14,1201
2018-02-16,6.23,6.23,6.23,6.23,100
2018-02-20,6.08,6.02,6.09,6.012,1232
2018-02-21,NaN,6.02,NaN,NaN,42
2018-02-22,6.0212,6.03,6.05,5.86,12081
2018-02-23,6.08,6.0864,6.28,6.02,12071
2018-02-26,5.9,6.02,6.02,5.88,2435
2018-02-27,5.94,6.0399,6.04,5.94,826
2018-02-28,5.83,5.8001,6.0,5.6,10959
2018-03-01,5.8,5.9,6.1,5.8,11830
2018-03-02,NaN,5.9,NaN,NaN,132
2018-03-05,6.07,6.08,6.08,6.07,475
2018-03-06,6.11,6.11,6.11,6.11,200
2018-03-07,5.96,5.96,5.96,5.96,562
2018-03-08,6.05,6.05,6.05,6.05,247
2018-03-09,5.92,6.22,6.24,5.87,12652
2018-03-12,6.0,6.07,6.29,6.0,4860
2018-03-13,6.1649,5.93,6.2499,5.93,6282
2018-03-14,6.1,6.1,6.2,6.03,5353
2018-03-15,6.2,6.05,6.2,5.9,7609
2018-03-16,6.27,6.08,6.27,5.83,2702
2018-03-19,5.95,6.1,6.1,5.94,839
2018-03-20,5.84,5.84,5.84,5.84,294
2018-03-21,6.1,6.1,6.1,6.1,585
2018-03-22,6.0,6.0,6.0,6.0,230
2018-03-23,6.0,6.0,6.03,6.0,181777
2018-03-26,6.12,6.12,6.4,6.09,6548
2018-03-27,6.42,6.4601,6.5,6.1,21211
2018-03-28,6.45,6.9,7.0,6.42,2325
2018-03-29,7.0,7.25,7.54,6.64,12783
2018-04-02,7.25,7.25,7.25,7.25,236
2018-04-03,7.25,7.0,7.25,7.0,2444
2018-04-04,7.25,6.99,7.25,6.6856,30357
2018-04-05,NaN,6.99,NaN,NaN,73
2018-04-06,7.22,7.22,7.22,7.22,3808
2018-04-09,7.1,7.03,7.18,7.03,3743
2018-04-10,7.05,7.01,7.0551,7.01,2141
2018-04-11,6.9,7.0,7.01,6.9,1438
2018-04-12,6.65,7.04,7.04,6.5471,14416
2018-04-13,7.04,7.04,7.04,7.04,329
2018-04-16,7.44,7.1301,7.5,7.0,18740
2018-04-17,7.23,7.24,7.24,7.23,2228
2018-04-18,7.26,7.26,7.26,7.26,337
2018-04-19,NaN,7.26,NaN,NaN,126
2018-04-20,6.42,6.42,6.45,6.42,1063
2018-04-23,6.97,6.97,6.97,6.97,328
2018-04-24,NaN,6.97,NaN,NaN,59
2018-04-25,NaN,6.97,NaN,NaN,153
2018-04-26,NaN,6.97,NaN,NaN,161
2018-04-27,6.97,7.0802,7.0802,6.97,2695
2018-04-30,NaN,7.0802,NaN,NaN,128
2018-05-01,6.93,6.9,6.93,6.9,1491
2018-05-02,6.95,6.8,6.95,6.58,9536
2018-05-03,6.89,7.25,7.5,6.5402,34898
2018-05-04,7.25,7.06,7.4,7.0,23295
2018-05-07,7.15,6.9,7.43,6.9,10815
2018-05-08,7.1389,7.3454,7.3789,7.0,3109
2018-05-09,7.0001,6.78,7.2203,6.77,6262
2018-05-10,6.679,6.71,6.71,6.62,4126
2018-05-11,6.9732,7.4695,7.4949,6.9,13362
2018-05-14,7.45,7.45,7.45,7.25,3621
2018-05-15,NaN,7.45,NaN,NaN,9
2018-05-16,7.0451,7.275,7.275,7.0451,1722
2018-05-17,7.1686,7.44,7.44,7.1686,1204
2018-05-18,NaN,7.44,NaN,NaN,67
2018-05-21,NaN,7.44,NaN,NaN,33
2018-05-22,7.014,7.37,7.5,7.014,4189
2018-05-23,7.12,7.11,7.14,7.11,1146
2018-05-24,7.4,7.4,7.4,7.4,1393
2018-05-25,7.35,7.0,7.45,6.75,5206
2018-05-29,7.2,7.08,7.2,7.0,1436
2018-05-30,7.15,7.18,7.3103,7.1201,4081
2018-05-31,NaN,7.18,NaN,NaN,12
2018-06-01,7.2391,7.2391,7.2391,7.2391,561
2018-06-04,7.25,7.28,7.49,6.9547,5289
2018-06-05,7.0451,7.49,7.49,7.0451,2069
2018-06-06,7.45,7.45,7.45,7.45,382
2018-06-07,7.49,7.48,7.49,7.48,529
2018-06-08,7.25,7.49,7.49,7.0,1591
2018-06-11,7.03,7.03,7.03,7.03,115
2018-06-12,NaN,7.03,NaN,NaN,230
2018-06-13,7.26,6.56,7.26,6.56,5667
2018-06-14,7.1164,6.66,7.134,6.51,8926
2018-06-15,6.52,6.21,6.98,6.05,2920
2018-06-18,7.1515,6.21,7.1515,6.21,3252
2018-06-19,6.33,6.23,6.4,6.19,5203
2018-06-20,NaN,6.23,NaN,NaN,19
2018-06-21,NaN,6.23,NaN,NaN,6
2018-06-22,6.9,6.94,6.94,6.9,474
2018-06-25,NaN,6.94,NaN,NaN,97
2018-06-26,6.96,6.96,6.96,6.96,235
2018-06-28,6.22,6.98,6.98,6.22,3413
2018-06-29,6.6,5.9852,6.6,5.4,8389
2018-07-02,6.21,6.0995,6.22,6.0,15680
2018-07-03,NaN,6.0995,NaN,NaN,7
2018-07-05,NaN,6.0995,NaN,NaN,66
2018-07-06,6.2813,6.2813,6.2813,6.2813,415
2018-07-09,6.6,6.6,6.6,6.6,202
2018-07-10,NaN,6.6,NaN,NaN,73
2018-07-12,NaN,6.6,NaN,NaN,104
2018-07-13,6.3916,6.4487,6.4487,6.3916,394
2018-07-16,NaN,6.4487,NaN,NaN,1
2018-07-17,NaN,6.4487,NaN,NaN,15
2018-07-18,6.25,6.3,6.3,6.25,943
2018-07-19,6.5,6.8,6.8,6.5,2764
2018-07-20,NaN,6.8,NaN,NaN,6
2018-07-23,6.85,6.85,6.85,6.85,1757
2018-07-24,6.82,6.85,6.85,6.82,884
2018-07-26,6.85,6.85,6.85,6.85,1401
2018-07-27,6.85,6.85,6.85,6.85,408
2018-07-30,6.4,6.25,6.4,6.25,795
2018-07-31,6.25,6.25,6.25,6.25,1129
2018-08-02,6.25,6.25,7.0,6.25,101133
2018-08-03,6.09,5.91,6.2,5.91,2610
2018-08-06,5.8,5.65,5.8,5.55,482
2018-08-07,NaN,5.65,NaN,NaN,33
2018-08-08,NaN,5.65,NaN,NaN,118
2018-08-09,5.6,5.6,5.6,5.6,148
2018-08-13,5.5237,5.5275,5.55,5.5237,7851
2018-08-14,6.0,5.14,6.0,5.14,358
2018-08-15,5.6,5.55,5.6,5.55,1263
2018-08-16,NaN,5.55,NaN,NaN,39
2018-08-17,5.6,6.5,6.78,5.48,8973
2018-08-20,6.514,6.5733,6.6582,6.514,2983
2018-08-21,6.5,6.5,6.5199,6.4876,5735
2018-08-22,6.5134,6.5134,6.5134,6.5134,2019
2018-08-23,6.665,6.665,6.665,6.665,1177
2018-08-24,NaN,6.665,NaN,NaN,284
2018-08-27,6.6774,6.6487,6.6774,6.5001,1184
2018-08-28,6.56,6.56,6.56,6.56,298
2018-08-29,6.4999,6.49,6.51,6.48,1961
2018-08-30,6.7663,6.48,6.7824,6.48,1547
2018-08-31,6.44,6.45,6.45,6.44,4802
2018-09-04,NaN,6.45,NaN,NaN,24
2018-09-05,5.77,5.77,5.77,5.77,195
2018-09-06,6.5,6.47,6.8076,6.47,4806
2018-09-07,6.48,6.75,6.75,6.46,2435
2018-09-10,6.48,6.5,6.5325,6.47,4728
2018-09-11,6.47,6.42,6.75,6.42,4729
2018-09-12,6.42,6.4,6.45,6.37,4453
2018-09-13,5.93,5.71,6.15,5.71,7018
2018-09-14,5.69,4.97,5.95,4.91,17247
2018-09-17,4.92,5.16,5.7,4.92,16115
2018-09-18,5.2,5.4,5.4,5.1,1901
2018-09-19,5.4,5.64,5.7,5.11,5527
2018-09-20,5.1745,5.2,5.7,4.9,18448
2018-09-21,5.26,6.0,6.0,4.9255,9309
2018-09-24,6.49,6.83,6.83,5.4962,7413
2018-09-25,6.782,6.75,6.8,6.75,1356
2018-09-26,6.8,6.8,6.8,6.8,173
2018-09-27,NaN,6.8,NaN,NaN,242
2018-09-28,6.63,6.82,6.83,6.513,1055
2018-10-01,6.5001,6.83,6.83,6.5001,5130
2018-10-02,6.83,6.63,6.83,6.63,428
2018-10-03,6.5027,6.5075,6.5075,6.5027,347
2018-10-04,6.5,6.5,6.5027,6.5,1872
2018-10-05,6.35,6.8201,6.8201,6.35,3153
2018-10-08,6.6069,6.675,6.675,6.6069,356
2018-10-09,6.75,6.83,6.83,6.75,519
2018-10-10,6.625,6.7499,6.7499,6.625,470
2018-10-11,6.7,6.7,6.7,6.7,266
2018-10-12,6.83,6.5101,6.83,6.5101,635
2018-10-15,NaN,6.5101,NaN,NaN,124
2018-10-16,6.8,6.51,6.8,6.51,205
2018-10-17,NaN,6.51,NaN,NaN,103
2018-10-18,6.5,6.75,6.75,6.5,1502
2018-10-19,6.7499,6.62,6.7499,6.62,869
2018-10-22,NaN,6.62,NaN,NaN,140
2018-10-23,NaN,6.62,NaN,NaN,128
2018-10-24,6.24,6.24,6.24,6.24,145
2018-10-25,6.495,6.75,6.75,6.48,2080
2018-10-26,6.75,6.75,6.75,6.75,115
2018-10-29,6.83,6.9,6.9,6.83,1540
2018-10-30,6.9076,6.9076,6.9076,6.9076,858
2018-10-31,5.6,5.99,6.2,5.16,6960
2018-11-01,5.98,6.0,6.93,5.45,7300
2018-11-02,6.01,6.01,6.01,6.01,381
2018-11-05,NaN,6.01,NaN,NaN,202
2018-11-06,6.1,6.45,6.6147,6.1,3129
2018-11-08,6.6,6.6,6.6,6.6,197
2018-11-09,6.51,6.58,6.625,6.5,7460
2018-11-12,6.4,6.0,6.4,5.76,752
2018-11-13,5.55,5.97,5.97,5.55,458
2018-11-14,5.3,5.56,6.0,5.3,2461
2018-11-15,5.35,5.26,5.35,5.24,554
2018-11-16,5.31,6.0,6.0,5.22,1866
2018-11-19,5.89,5.99,6.0,5.8515,696
2018-11-20,NaN,5.99,NaN,NaN,124
2018-11-21,5.85,5.85,5.8527,5.85,1527
2018-11-23,NaN,5.85,NaN,NaN,136
2018-11-26,6.04,6.25,6.25,6.04,475
2018-11-27,NaN,6.25,NaN,NaN,169
2018-11-28,NaN,6.25,NaN,NaN,172
2018-11-29,6.2562,6.2562,6.2562,6.2562,842
2018-11-30,6.14,6.57,6.57,6.14,1356
2018-12-03,6.57,5.67,6.57,5.67,437
2018-12-04,6.0,5.85,6.0,5.85,1835
2018-12-06,NaN,5.85,NaN,NaN,57
2018-12-07,NaN,5.85,NaN,NaN,88
2018-12-10,NaN,5.85,NaN,NaN,75
2018-12-11,NaN,5.85,NaN,NaN,30
2018-12-12,NaN,5.85,NaN,NaN,23
2018-12-13,NaN,5.85,NaN,NaN,16
2018-12-14,NaN,5.85,NaN,NaN,13
2018-12-17,NaN,5.85,NaN,NaN,22
2018-12-18,5.85,5.85,5.85,5.85,643
2018-12-19,NaN,5.85,NaN,NaN,235
2018-12-20,5.9044,5.82,5.9044,5.4837,1619
2018-12-21,5.8032,5.85,6.171,5.8032,1138
2018-12-24,5.03,5.4,5.4,5.03,262
2018-12-26,5.55,5.5275,5.55,5.5275,4045
2018-12-27,5.31,5.57,5.89,5.31,2289
2018-12-28,NaN,5.57,NaN,NaN,23
2018-12-31,5.83,5.83,5.83,5.83,209
2019-01-02,5.84,5.83,5.84,5.84,246
2019-01-03,NaN,5.83,NaN,NaN,15
2019-01-04,NaN,5.83,NaN,NaN,18
2019-01-07,NaN,5.83,NaN,NaN,63
2019-01-08,5.05,5.762,5.762,5.05,313
2019-01-09,NaN,5.762,NaN,NaN,94
2019-01-10,NaN,5.762,NaN,NaN,175
2019-01-11,5.602,5.602,5.602,5.602,240
2019-01-14,6.2,6.2,6.2,6.2,1137
2019-01-15,NaN,6.2,NaN,NaN,66
2019-01-16,NaN,6.2,NaN,NaN,82
2019-01-17,NaN,6.2,NaN,NaN,65
2019-01-18,5.745,6.0,6.0,5.7,1485
2019-01-22,NaN,6.0,NaN,NaN,95
2019-01-23,NaN,6.0,NaN,NaN,1
2019-01-24,NaN,6.0,NaN,NaN,15
2019-01-25,NaN,6.0,NaN,NaN,33
2019-01-28,5.76,5.85,5.85,5.76,274
2019-01-29,NaN,5.85,NaN,NaN,100
2019-01-30,NaN,5.85,NaN,NaN,171
2019-01-31,NaN,5.85,NaN,NaN,13
2019-02-01,6.1399,5.8587,6.1399,5.8587,1073
2019-02-04,NaN,5.8587,NaN,NaN,11
2019-02-05,NaN,5.8587,NaN,NaN,18
2019-02-06,NaN,5.8587,NaN,NaN,44
2019-02-07,NaN,5.8587,NaN,NaN,13
2019-02-08,NaN,5.8587,NaN,NaN,63
2019-02-11,NaN,5.8587,NaN,NaN,35
2019-02-12,NaN,5.8587,NaN,NaN,17
2019-02-13,6.015,6.015,6.015,6.015,170
2019-02-14,NaN,6.015,NaN,NaN,192
2019-02-15,NaN,6.015,NaN,NaN,12
2019-02-19,5.85,5.85,5.85,5.85,574
2019-02-20,5.915,5.85,5.915,5.85,507
2019-02-21,5.77,5.77,5.84,5.77,1333
2019-02-22,5.82,5.82,5.82,5.82,344
2019-02-25,5.55,5.55,5.55,5.55,193
2019-02-26,NaN,5.55,NaN,NaN,217
2019-02-27,5.25,5.9517,5.9517,5.08,1154
2019-02-28,NaN,5.9517,NaN,NaN,120
2019-03-01,5.85,5.85,5.85,5.85,454
2019-03-04,NaN,5.85,NaN,NaN,225
2019-03-05,6.0,6.0,6.0,6.0,135
2019-03-06,NaN,6.0,NaN,NaN,162
2019-03-07,5.97,5.97,5.97,5.97,238
2019-03-08,6.0,6.0,6.0,6.0,134
2019-03-11,6.0,5.54,6.0,5.54,2424
2019-03-12,NaN,5.54,NaN,NaN,15
2019-03-13,5.86,5.69,5.86,5.61,1486
2019-03-14,NaN,5.69,NaN,NaN,158
2019-03-15,5.9,5.69,5.9,5.9,122
2019-03-18,5.42,5.35,5.69,5.35,1561
2019-03-19,5.54,5.6207,5.6207,5.21,1604
2019-03-20,NaN,5.6207,NaN,NaN,135
2019-03-21,5.985,5.985,5.985,5.985,364
2019-03-22,NaN,5.985,NaN,NaN,12
2019-03-25,NaN,5.985,NaN,NaN,154
2019-03-26,NaN,5.985,NaN,NaN,2
2019-03-27,NaN,5.985,NaN,NaN,11
2019-03-28,6.0,5.8,6.0,5.8,911
2019-03-29,5.89,5.8899,5.89,5.8899,441
2019-04-01,5.34,5.67,5.67,5.34,756
2019-04-02,NaN,5.67,NaN,NaN,91
2019-04-03,NaN,5.67,NaN,NaN,50
2019-04-04,5.89,6.0,6.0,5.89,2809
2019-04-05,6.25,6.38,6.38,6.25,385
2019-04-08,NaN,6.38,NaN,NaN,23
2019-04-09,6.1,6.2,6.24,6.1,10397
2019-04-10,6.0,6.17,6.2,6.0,10009
2019-04-11,6.45,6.45,6.45,6.45,206
2019-04-12,6.45,6.81,6.81,6.44,2799
2019-04-15,NaN,6.81,NaN,NaN,30
2019-04-16,NaN,6.81,NaN,NaN,45
2019-04-17,6.0,6.0,6.15,6.0,1229
2019-04-18,6.25,6.2,6.35,5.81,4435
2019-04-22,6.5,6.84,6.84,6.5,352
2019-04-23,6.715,6.6129,6.715,6.6129,667
2019-04-24,6.2501,6.35,6.42,6.1,2589
2019-04-25,6.0,6.0,6.0,6.0,1227
2019-04-26,6.4,6.33,6.4,6.33,624
2019-04-29,6.41,6.33,6.41,6.33,1201
2019-04-30,NaN,6.33,NaN,NaN,131
2019-05-01,6.1,6.1,6.1,6.1,657
2019-05-02,5.9645,5.805,6.0,5.805,1003
2019-05-03,6.0,6.0,6.0,6.0,141
2019-05-06,5.99,5.99,5.99,5.99,190
2019-05-07,5.95,5.95,5.95,5.95,103
2019-05-08,NaN,5.95,NaN,NaN,8
2019-05-09,NaN,5.95,NaN,NaN,3
2019-05-10,6.0,6.0,6.0,6.0,102
2019-05-13,6.0,6.0,6.0,6.0,116
2019-05-14,5.9999,6.25,6.25,5.8508,1102
2019-05-15,6.0,6.0,6.0,6.0,107
2019-05-16,6.0,6.25,6.25,5.96,3206
2019-05-17,6.0,6.0,6.0,5.75,3874
2019-05-20,5.99,5.99,5.99,5.99,461
2019-05-21,NaN,5.99,NaN,NaN,50
2019-05-22,6.0,6.0,6.0,6.0,736
2019-05-23,NaN,6.0,NaN,NaN,282
2019-05-24,6.25,6.0,6.25,6.0,577
2019-05-28,6.0,6.0,6.0,6.0,179
2019-05-29,6.0,6.0,6.0,6.0,199
2019-05-30,5.7854,5.7854,5.7854,5.7854,203
2019-05-31,NaN,5.7854,NaN,NaN,210
2019-06-03,NaN,5.7854,NaN,NaN,130
2019-06-04,5.75,5.24,5.8,4.8357,10108
2019-06-05,5.4,5.25,5.4,5.25,471
2019-06-06,5.4,5.5,5.5,5.4,851
2019-06-07,NaN,5.5,NaN,NaN,9
2019-06-10,5.4,5.6032,5.6032,5.4,1276
2019-06-11,5.25,5.25,5.25,5.25,274
2019-06-12,5.01,5.17,5.25,4.68,3907
2019-06-13,5.26,5.44,5.44,5.26,362
2019-06-14,NaN,5.44,NaN,NaN,23
2019-06-17,5.58,5.58,5.58,5.58,430
2019-06-18,5.61,5.64,5.65,5.61,3775
2019-06-19,6.0,6.22,6.22,6.0,426
2019-06-20,6.0,6.2,6.2,6.0,1177
2019-06-21,6.2,6.2,6.2,6.2,220
2019-06-24,6.2,6.2,6.2,6.2,212
2019-06-25,6.13,6.2,6.2,6.13,359
2019-06-26,6.0,6.0,6.0,6.0,962
2019-06-27,6.03,6.2,6.2,6.001,1237
2019-06-28,NaN,6.2,NaN,NaN,27
2019-07-01,NaN,6.2,NaN,NaN,28
2019-07-02,6.0,6.0,6.0,6.0,1633
2019-07-03,5.99,6.0,6.0,5.99,2024
2019-07-05,NaN,6.0,NaN,NaN,401
2019-07-08,6.0,6.0,6.0,6.0,156
2019-07-09,5.96,5.895,6.0,5.85,1071
2019-07-10,5.89,5.89,5.89,5.89,705
2019-07-11,5.85,5.85,5.85,5.85,467
2019-07-12,5.75,5.75,5.75,5.75,389
2019-07-15,5.75,5.7767,5.7767,5.75,352
2019-07-16,5.52,5.5,5.52,5.5,320
2019-07-17,5.51,5.6847,5.6847,5.51,816
2019-07-19,NaN,5.6847,NaN,NaN,1
2019-07-22,5.63,5.63,5.63,5.63,123
2019-07-23,5.9712,5.75,5.9712,5.75,728
2019-07-24,5.8,5.8,5.8,5.8,350
2019-07-25,5.829,5.8625,6.0,5.8,8669
2019-07-26,5.75,5.75,5.75,5.75,382
2019-07-29,NaN,5.75,NaN,NaN,235
2019-07-30,5.8798,5.85,5.8798,5.85,431
2019-07-31,5.5376,5.53,5.86,5.53,1475
2019-08-01,5.75,5.875,5.875,5.75,338
2019-08-02,NaN,5.875,NaN,NaN,13
2019-08-05,5.86,5.85,5.88,5.85,1015
2019-08-06,NaN,5.85,NaN,NaN,91
2019-08-07,NaN,5.85,NaN,NaN,29
2019-08-08,5.7,5.5,5.7,5.5,1356
2019-08-09,NaN,5.5,NaN,NaN,102
2019-08-12,NaN,5.5,NaN,NaN,20
2019-08-14,NaN,5.5,NaN,NaN,10
2019-08-15,5.3201,5.3201,5.3201,5.3201,104
2019-08-16,NaN,5.3201,NaN,NaN,6
2019-08-19,NaN,5.3201,NaN,NaN,15
2019-08-20,NaN,5.3201,NaN,NaN,11
2019-08-21,5.35,5.35,5.35,5.35,323
2019-08-22,5.4,5.4,5.4,5.4,298
2019-08-23,NaN,5.4,NaN,NaN,4
2019-08-26,NaN,5.4,NaN,NaN,3
2019-08-27,NaN,5.4,NaN,NaN,11
2019-08-28,NaN,5.4,NaN,NaN,4
2019-08-29,NaN,5.4,NaN,NaN,23
2019-09-03,NaN,5.4,NaN,NaN,141
2019-09-04,NaN,5.4,NaN,NaN,31
2019-09-05,NaN,5.4,NaN,NaN,1
2019-09-06,5.4132,5.4132,5.4132,5.4132,101
2019-09-09,NaN,5.4132,NaN,NaN,19
2019-09-10,NaN,5.4132,NaN,NaN,51
2019-09-11,NaN,5.4132,NaN,NaN,2
2019-09-12,5.4,5.4,5.4,5.4,165
2019-09-13,5.25,5.375,5.375,5.25,302
2019-09-16,5.497,5.5,5.5,5.497,2407
2019-09-17,5.29,5.28,5.29,5.28,320
2019-09-18,5.05,5.05,5.0605,5.05,1239
2019-09-19,5.02,5.02,5.02,5.02,259
2019-09-20,4.82,5.5,5.5,4.82,2501
2019-09-23,NaN,5.5,NaN,NaN,18
2019-09-24,5.5,5.87,5.87,5.5,2696
2019-09-25,5.795,5.95,5.95,5.795,2434
2019-09-26,5.51,5.5397,5.5397,5.5001,2813
2019-09-27,NaN,5.5397,NaN,NaN,41
2019-09-30,NaN,5.5397,NaN,NaN,23
2019-10-01,NaN,5.5397,NaN,NaN,32
2019-10-02,NaN,5.5397,NaN,NaN,22
2019-10-03,NaN,5.5397,NaN,NaN,105
2019-10-04,5.5,5.5,5.5,5.5,260
2019-10-07,5.05,5.01,5.05,5.01,759
2019-10-08,5.4444,5.4444,5.4444,5.4444,1382
2019-10-09,5.25,4.8201,5.25,4.8201,1506
2019-10-10,5.25,5.15,5.25,5.15,987
2019-10-11,5.2382,5.2382,5.2382,5.2382,122
2019-10-14,5.3399,5.3399,5.3399,5.3399,264
2019-10-15,5.25,5.25,5.25,5.25,269
2019-10-16,5.0,4.84,5.0,4.84,704
2019-10-17,5.2499,5.2499,5.2499,5.2499,223
2019-10-18,NaN,5.2499,NaN,NaN,14
2019-10-21,NaN,5.2499,NaN,NaN,79
2019-10-22,NaN,5.2499,NaN,NaN,2
2019-10-23,NaN,5.2499,NaN,NaN,1
2019-10-24,5.175,5.05,5.175,5.05,686
2019-10-25,5.05,5.05,5.05,5.05,934
2019-10-28,5.1,5.05,5.1,5.1,148
2019-10-29,NaN,5.05,NaN,NaN,156
2019-10-31,5.06,5.06,5.06,5.06,117
2019-11-01,5.14,5.15,5.15,5.1,604
2019-11-04,NaN,5.15,NaN,NaN,216
2019-11-05,5.2,5.15,5.2,5.15,331
2019-11-06,5.0,5.0489,5.0489,5.0,364
2019-11-07,NaN,5.0489,NaN,NaN,10
2019-11-08,NaN,5.0489,NaN,NaN,5
2019-11-11,NaN,5.0489,NaN,NaN,3
2019-11-12,5.0936,5.0936,5.0936,5.0936,150
2019-11-13,NaN,5.0936,NaN,NaN,3
2019-11-14,NaN,5.0936,NaN,NaN,3
2019-11-15,NaN,5.0936,NaN,NaN,20
2019-11-18,5.15,5.15,5.15,5.15,291
2019-11-19,NaN,5.15,NaN,NaN,19
2019-11-20,4.99,4.99,4.99,4.99,286
2019-11-21,NaN,4.99,NaN,NaN,3
2019-11-22,4.84,4.82,4.8441,4.82,6385
2019-11-25,NaN,4.82,NaN,NaN,25
2019-11-26,4.5,4.5,4.5,4.5,710
2019-11-27,4.25,4.25,4.25,4.25,311
2019-11-29,NaN,4.25,NaN,NaN,12
2019-12-02,4.27,4.1436,4.27,4.1436,2602
2019-12-03,3.7788,3.7788,3.7788,3.7788,361
2019-12-04,3.75,3.75,3.7595,3.75,2226
2019-12-05,3.5081,3.32,3.5081,2.999,1551
2019-12-06,NaN,3.32,NaN,NaN,93
2019-12-09,3.4432,3.44,3.4432,3.2201,6579
2019-12-10,3.7542,3.9,3.9,3.61,2705
2019-12-11,3.9222,4.0,4.14,3.9222,3925
2019-12-12,4.25,4.25,4.25,4.25,100
2019-12-13,NaN,4.25,NaN,NaN,140
2019-12-16,4.29,4.29,4.29,4.29,614
2019-12-17,4.0,4.0,4.01,3.8,3240
2019-12-18,4.26,4.26,4.26,4.26,192
2019-12-19,NaN,4.26,NaN,NaN,54
2019-12-20,NaN,4.26,NaN,NaN,30
2019-12-23,NaN,4.26,NaN,NaN,62
2019-12-24,4.216,4.216,4.216,4.216,148
2019-12-26,NaN,4.216,NaN,NaN,3
2019-12-27,4.25,4.25,4.25,4.25,327
2019-12-30,4.272,4.272,4.272,4.272,1125
2019-12-31,4.14,4.14,4.14,4.14,147
2020-01-02,5.13,4.6998,5.13,4.6998,991
2020-01-03,5.06,5.06,5.06,5.06,200
2020-01-06,4.97,4.5225,4.97,4.5225,1645
2020-01-07,4.3001,4.3228,4.3228,4.3001,718
2020-01-08,NaN,4.3228,NaN,NaN,68
2020-01-10,4.32,4.32,4.32,4.32,104
2020-01-13,NaN,4.32,NaN,NaN,2
2020-01-14,NaN,4.32,NaN,NaN,10
2020-01-15,4.0,4.0,4.0,4.0,194
2020-01-16,4.0,4.0,4.0,4.0,1002
2020-01-17,NaN,4.0,NaN,NaN,7
2020-01-21,NaN,4.0,NaN,NaN,22
2020-01-22,4.155,4.6,4.6,4.155,926
2020-01-23,NaN,4.6,NaN,NaN,13
2020-01-24,NaN,4.6,NaN,NaN,14
2020-01-27,NaN,4.6,NaN,NaN,6
2020-01-28,NaN,4.6,NaN,NaN,7
2020-01-29,NaN,4.6,NaN,NaN,6
2020-01-30,NaN,4.6,NaN,NaN,6
2020-01-31,4.1743,4.0806,4.1743,3.76,1067
2020-02-03,NaN,4.0806,NaN,NaN,21
2020-02-04,NaN,4.0806,NaN,NaN,16
2020-02-05,NaN,4.0806,NaN,NaN,214
2020-02-07,NaN,4.0806,NaN,NaN,5
2020-02-10,NaN,4.0806,NaN,NaN,85
2020-02-11,4.05,4.05,4.05,4.05,176
2020-02-12,NaN,4.05,NaN,NaN,1
2020-02-13,NaN,4.05,NaN,NaN,67
2020-02-14,4.0,4.0,4.0,4.0,151
2020-02-18,4.0,4.02,4.02,4.0,4074
2020-02-19,4.33,4.47,4.47,4.33,229
2020-02-20,4.5322,4.571,4.571,4.5322,460
2020-02-21,4.53,4.31,4.6,4.31,1133
2020-02-24,NaN,4.31,NaN,NaN,16
2020-02-25,4.1715,4.155,4.1715,4.11,2405
2020-02-27,4.215,4.1,4.215,4.1,585
2020-02-28,NaN,4.1,NaN,NaN,91
2020-03-02,4.025,4.2364,4.2364,4.0,882
2020-03-03,NaN,4.2364,NaN,NaN,14
2020-03-04,4.0101,4.0101,4.0101,4.0101,405
2020-03-05,NaN,4.0101,NaN,NaN,2
2020-03-06,4.32,4.32,4.32,4.32,323
2020-03-09,4.75,4.75,4.75,4.75,602
2020-03-10,4.28,4.28,4.28,4.28,340
2020-03-11,NaN,4.28,NaN,NaN,149
2020-03-12,3.88,3.7679,4.04,3.75,4221
2020-03-13,3.5,3.09,3.84,3.09,4984
2020-03-16,3.1,3.62,3.62,3.1,639
2020-03-17,3.41,3.4158,3.427,3.4,657
2020-03-18,NaN,3.4158,NaN,NaN,0
2020-03-19,3.1,3.061,3.1,3.061,480
2020-03-20,2.35,2.35,2.35,2.35,937
2020-03-23,NaN,2.35,NaN,NaN,0
2020-03-24,3.3,3.3,3.3,3.3,262
2020-03-25,3.76,3.2237,3.76,3.2237,759
2020-03-26,3.45,3.45,3.45,3.45,229
2020-03-27,3.0,3.0,3.0,3.0,285
2020-03-30,3.1,3.1,3.1,3.1,288
2020-03-31,3.0,3.59,3.59,3.0,1245
2020-04-01,3.33,3.15,3.33,3.15,217
2020-04-02,NaN,3.15,NaN,NaN,0
2020-04-03,NaN,3.15,NaN,NaN,0
2020-04-06,NaN,3.15,NaN,NaN,0
2020-04-07,NaN,3.15,NaN,NaN,0
2020-04-08,NaN,3.15,NaN,NaN,0
2020-04-09,NaN,3.15,NaN,NaN,0
2020-04-13,3.3773,3.3773,3.3773,3.3773,261
2020-04-14,NaN,3.3773,NaN,NaN,0
2020-04-15,NaN,3.3773,NaN,NaN,0
2020-04-16,NaN,3.3773,NaN,NaN,0
2020-04-17,NaN,3.3773,NaN,NaN,0
2020-04-20,NaN,3.3773,NaN,NaN,0
2020-04-21,NaN,3.3773,NaN,NaN,1
2020-04-22,NaN,3.3773,NaN,NaN,72
2020-04-23,NaN,3.3773,NaN,NaN,16
2020-04-24,NaN,3.3773,NaN,NaN,0
2020-04-27,3.79,3.79,3.79,3.79,377
2020-04-28,NaN,3.79,NaN,NaN,18
2020-04-29,NaN,3.79,NaN,NaN,34
2020-04-30,3.17,3.24,3.24,3.17,732
2020-05-01,3.73,3.73,3.73,3.73,364
2020-05-04,3.95,4.28,4.47,3.95,5129
2020-05-05,4.47,5.0,5.01,3.86,3540
2020-05-06,4.9736,4.5315,4.9736,4.51,1731
2020-05-07,NaN,4.5315,NaN,NaN,119
2020-05-08,NaN,4.5315,NaN,NaN,0
2020-05-11,4.8231,5.17,5.17,4.8231,734
2020-05-12,4.91,4.6975,4.91,4.6,622
2020-05-13,NaN,4.6975,NaN,NaN,80
2020-05-14,NaN,4.6975,NaN,NaN,23
2020-05-15,4.91,4.91,4.91,4.91,333
2020-05-18,4.88,4.88,4.88,4.88,223
2020-05-19,4.57,4.51,4.57,4.51,331
2020-05-20,4.5,4.5,4.5,4.5,180
2020-05-21,NaN,4.5,NaN,NaN,11
2020-05-22,NaN,4.5,NaN,NaN,0
2020-05-26,NaN,4.5,NaN,NaN,32
2020-05-27,NaN,4.5,NaN,NaN,43
2020-05-28,NaN,4.5,NaN,NaN,109
2020-05-29,NaN,4.5,NaN,NaN,0
2020-06-01,NaN,4.5,NaN,NaN,76
2020-06-02,NaN,4.5,NaN,NaN,2
2020-06-03,NaN,4.5,NaN,NaN,202
2020-06-04,NaN,4.5,NaN,NaN,207
2020-06-05,NaN,4.5,NaN,NaN,0
2020-06-08,4.39,4.39,4.39,4.39,232
2020-06-09,3.88,4.0028,4.0028,3.88,459
2020-06-10,3.98,3.44,3.98,3.44,2133
2020-06-11,3.44,3.5362,3.5362,3.44,803
2020-06-12,3.43,3.58,3.58,3.43,340
2020-06-15,3.84,3.84,3.84,3.84,496
2020-06-16,3.54,3.54,3.54,3.54,514
2020-06-17,3.84,3.84,3.84,3.84,352
2020-06-18,4.09,4.5,4.5,4.07,896
2020-06-19,4.87,4.4,4.87,4.38,2230
2020-06-22,NaN,4.4,NaN,NaN,221
2020-06-23,4.15,4.55,4.55,4.15,459
2020-06-24,NaN,4.55,NaN,NaN,242
2020-06-25,4.1,4.1,4.1,4.1,478
2020-06-26,4.2,4.2,4.2,4.2,524
2020-06-29,NaN,4.2,NaN,NaN,248
2020-06-30,4.0,4.0,4.0,4.0,262
2020-07-01,NaN,4.0,NaN,NaN,60
2020-07-02,NaN,4.0,NaN,NaN,0
2020-07-06,4.2645,4.053,4.2645,4.05,679
2020-07-07,3.74,3.74,3.74,3.74,492
2020-07-08,3.8,3.8,3.8,3.8,327
2020-07-09,3.99,3.67,3.99,3.67,1418
2020-07-10,3.61,3.7,3.7,3.61,800
2020-07-13,3.5,3.7,3.7,3.5,296
2020-07-14,NaN,3.7,NaN,NaN,52
2020-07-15,3.85,3.85,3.85,3.85,1671
2020-07-16,4.16,3.65,4.79,3.5,8075
2020-07-17,3.54,3.54,3.54,3.54,629
2020-07-20,3.6,3.52,3.6001,3.5,1570
2020-07-21,3.55,3.51,3.55,3.51,1198
2020-07-22,3.55,3.55,3.55,3.55,238
2020-07-23,3.7,3.54,3.7,3.54,1857
2020-07-24,4.25,3.735,7.33,3.5401,951740
2020-07-27,8.05,7.8,12.92,6.82,51761994
2020-07-28,6.16,5.7,7.2,5.45,1219815
2020-07-29,5.05,4.52,5.2142,4.5,314471
2020-07-30,4.73,4.74,6.8,4.51,615110
2020-07-31,5.0,3.95,5.21,3.8,157457
2020-08-03,4.01,4.17,4.6083,3.7619,135396
2020-08-04,4.09,3.93,4.2899,3.87,62741
2020-08-05,3.83,4.25,5.9,3.65,593293
2020-08-06,3.86,3.89,4.2472,3.86,79199
2020-08-07,3.92,4.01,4.08,3.92,53337
2020-08-10,3.9,4.01,4.75,3.87,341042
2020-08-11,4.01,4.02,4.08,3.91,30213
2020-08-12,3.91,4.0,4.1,3.7835,24445
2020-08-13,3.78,3.78,4.0,3.72,16808
2020-08-14,3.79,3.52,3.865,3.52,44620
2020-08-17,3.53,3.69,3.817,3.52,26018
2020-08-18,3.6,3.57,3.7718,3.54,40434
2020-08-19,3.68,3.56,3.68,3.5,29720
2020-08-20,3.64,3.609,3.64,3.44,10769
2020-08-21,3.61,3.51,3.61,3.41,35420
2020-08-24,3.39,3.23,3.5173,3.2101,22161
2020-08-25,3.2,3.1786,3.2907,3.08,17739
2020-08-26,3.18,3.1029,3.29,3.02,39653
2020-08-27,3.11,3.1,3.42,3.0,14865
2020-08-28,3.29,3.0806,3.29,3.02,8166
2020-08-31,3.2,3.1,3.297,3.02,26633
2020-09-01,3.05,2.605,3.07,2.44,35355
2020-09-02,2.7,2.415,2.705,2.3201,41016
2020-09-03,2.41,2.56,2.67,2.35,29260
2020-09-04,2.65,2.47,2.75,2.42,23326
2020-09-08,2.36,2.65,2.76,2.36,17052
2020-09-09,2.65,3.2,3.2,2.4701,61544
2020-09-10,3.15,3.05,3.15,2.9,11877
2020-09-11,3.1,3.0,3.98,2.92,347798
2020-09-14,3.18,3.18,3.19,3.07,25204
2020-09-15,3.29,3.27,3.51,3.13,13588
2020-09-16,3.3,3.27,3.83,3.1163,45740
2020-09-17,3.28,3.3,3.47,3.15,4328
2020-09-18,3.18,3.17,3.33,3.17,11395
2020-09-21,3.14,2.88,3.215,2.86,23432
2020-09-22,2.89,2.85,2.9902,2.85,10822
2020-09-23,2.74,3.14,3.14,2.7,43219
2020-09-24,3.38,3.02,3.7,3.0,103727
2020-09-25,3.02,3.29,3.58,3.02,34931
2020-09-28,3.25,3.45,3.7,3.25,21529
2020-09-29,3.97,3.4067,4.1603,3.13,133701
2020-09-30,3.305,3.13,3.305,3.13,29427
2020-10-01,3.14,3.21,3.23,3.08,5900
2020-10-02,3.04,3.3,3.57,3.04,45561
2020-10-05,3.39,3.17,3.592,3.15,18919
2020-10-06,3.17,3.08,3.33,3.05,24481
2020-10-07,3.14,3.0,3.17,2.875,16448
2020-10-08,3.0,2.96,3.3,2.95,10320
2020-10-09,3.15,3.011,3.15,3.0,6306
2020-10-12,3.13,3.06,3.18,3.05,14625
2020-10-13,3.07,3.1,3.1993,3.07,2486
2020-10-14,3.09,3.14,3.18,3.09,4189
2020-10-15,3.02,3.08,3.15,3.02,2280
2020-10-16,3.05,3.01,3.125,2.98,6762
2020-10-19,3.13,3.04,3.34,3.03,27923
2020-10-20,3.45,3.37,3.4958,3.15,100289
2020-10-21,3.46,3.35,4.0,3.08,152760
2020-10-22,3.31,3.26,3.4522,3.15,15644
2020-10-23,3.18,3.24,3.3999,3.18,7603
2020-10-26,3.2,3.15,3.215,3.15,5042
2020-10-27,3.1,2.95,3.21,2.95,16379
2020-10-28,2.95,2.7821,3.01,2.72,11548
2020-10-29,2.8,2.85,2.85,2.7963,4036
2020-10-30,2.85,2.86,2.9,2.72,5846
2020-11-02,2.96,3.1,3.13,2.8612,30869
2020-11-03,3.0222,3.0,3.144,3.0,5799
2020-11-04,3.0128,3.3,3.3,3.0128,19149
2020-11-05,3.21,3.34,3.39,3.13,48369
2020-11-06,3.26,3.44,3.49,3.1,62581
2020-11-09,3.38,3.51,3.64,3.37,30867
2020-11-10,3.65,3.29,3.765,3.29,16585
2020-11-11,3.57,3.43,3.5938,3.43,2019
2020-11-12,3.37,3.6,3.83,3.35,22740
2020-11-13,3.6,3.56,3.8037,3.56,8939
2020-11-16,3.79,3.49,3.79,3.41,17351
2020-11-17,3.41,3.46,3.575,3.41,3202
2020-11-18,3.25,3.35,3.52,3.25,3310
2020-11-19,3.395,3.57,3.6,3.3198,38926
2020-11-20,3.587,3.58,3.72,3.47,12990
2020-11-23,3.77,3.79,3.834,3.6204,13921
2020-11-24,3.7432,3.78,3.9036,3.7432,10106
2020-11-25,3.89,3.75,3.89,3.6582,5718
2020-11-27,3.716,3.8,3.815,3.7,5183
2020-11-30,3.87,3.8382,3.87,3.77,2609
2020-12-01,3.78,3.75,3.7803,3.75,2488
2020-12-02,3.71,3.7,3.72,3.7,1616
2020-12-03,3.607,3.87,3.9,3.607,6104
2020-12-04,3.76,4.32,5.5,3.76,234097
2020-12-07,4.0,4.1,4.2381,3.85,17199
2020-12-08,4.1452,4.15,4.2,3.9048,5704
2020-12-09,4.3799,4.2333,4.3799,3.92,7655
2020-12-10,4.23,4.39,4.39,4.2,7252
2020-12-11,4.39,4.4,4.41,4.325,2348
2020-12-14,4.4,4.3,4.41,4.25,4354
2020-12-15,4.3543,4.29,4.41,4.25,11542
2020-12-16,4.42,4.294,4.42,4.27,1656
2020-12-17,4.36,4.25,4.36,4.15,4757
2020-12-18,4.249,4.15,4.249,4.0566,7325
2020-12-21,4.2758,4.143,4.34,4.14,4390
2020-12-22,4.2,4.1,4.2229,4.1,3714
2020-12-23,3.9161,4.23,4.23,3.9161,2667
2020-12-24,3.965,4.19,4.19,3.965,2729
2020-12-28,4.37,4.15,4.37,4.0201,28210
2020-12-29,4.2665,4.96,5.84,4.215,391247
2020-12-30,4.62,4.675,4.9,4.3524,28176
2020-12-31,4.4985,4.59,4.69,4.352,22880
2021-01-04,4.4589,4.61,4.765,4.4201,10280
2021-01-05,4.4886,4.59,4.64,4.43,3766
2021-01-06,4.5,4.53,4.69,4.34,48110
2021-01-07,4.54,4.485,4.6,4.33,22670
2021-01-08,4.6,4.6,4.71,4.52,12640
2021-01-11,4.525,4.6,4.628,4.4999,4172
2021-01-12,4.6,4.5,4.678,4.48,4942
2021-01-13,4.65,4.5,4.6759,4.4,6533
2021-01-14,4.4,4.43,4.59,4.3,8739
2021-01-15,4.6051,4.5,4.64,4.25,9391
2021-01-19,4.68,4.45,4.74,4.45,14101
2021-01-20,4.75,4.57,4.75,4.5,3101
2021-01-21,4.6,4.71,4.8027,4.59,9550
2021-01-22,4.77,4.71,5.08,4.68,31611
2021-01-25,4.7,4.62,4.926,4.62,10005
2021-01-26,4.78,4.7743,4.81,4.7743,2695
2021-01-27,4.79,4.895,5.2,4.7,20542
2021-01-28,4.99,4.95,5.2,4.8,19984
2021-01-29,5.1,5.035,5.3427,4.74,19876
2021-02-01,5.26,5.45,5.74,5.13,50190
2021-02-02,5.58,5.31,5.71,5.2,17119
2021-02-03,5.4786,5.59,5.59,5.32,9063
2021-02-04,5.4,5.87,5.89,5.4,7826
2021-02-05,5.9765,5.7607,5.9765,5.67,5938
2021-02-08,5.62,5.88,5.9499,5.62,5850
2021-02-09,5.9214,6.06,6.29,5.9214,12561
2021-02-10,6.13,6.4,6.44,6.11,11599
2021-02-11,6.25,6.01,6.25,5.963,7447
2021-02-12,6.18,6.37,6.49,5.92,9586
2021-02-16,6.6,6.19,6.6,5.92,7397
2021-02-17,6.3608,6.5,6.5,6.07,9566
2021-02-18,6.421,6.47,6.48,6.1101,6848
2021-02-19,6.4474,6.47,6.848,6.355,4897
2021-02-22,6.15,6.425,6.66,5.92,4714
2021-02-23,5.97,5.8099,6.24,5.38,31684
2021-02-24,5.73,6.2,6.2,5.68,20661
2021-02-25,6.46,6.65,6.95,6.11,63930
2021-02-26,7.2,6.54,7.2,6.45,11158
2021-03-01,6.55,6.4,6.73,5.75,11076
2021-03-02,6.32,6.3014,6.36,6.12,5224
2021-03-03,6.23,6.555,6.5965,6.05,3260
2021-03-04,6.23,6.0,6.4491,5.86,5873
2021-03-05,6.0101,6.74,6.74,6.01,6051
2021-03-08,6.135,6.52,6.7,6.035,5544
2021-03-09,6.3792,6.3,6.41,6.2201,2185
2021-03-10,6.2158,6.3809,6.4,6.06,3541
2021-03-11,6.55,6.55,6.55,6.29,4577
2021-03-12,6.32,6.29,6.5113,6.155,8374
2021-03-15,6.39,6.4372,6.48,6.17,2121
2021-03-16,6.2614,5.97,6.2614,5.97,1968
2021-03-17,5.81,5.65,5.81,5.5,8528
2021-03-18,5.59,5.68,5.9259,5.48,4215
2021-03-19,5.68,5.56,5.68,5.56,2677
2021-03-22,5.705,5.82,5.82,5.705,708
2021-03-23,5.71,5.295,5.71,4.97,9859
2021-03-24,5.05,5.2523,5.4,5.05,2326
2021-03-25,5.1602,4.74,5.239,4.5,12755
2021-03-26,5.08,5.2055,5.32,5.01,2854
2021-03-29,4.99,5.39,5.3999,4.99,19925
2021-03-30,5.3275,5.43,6.11,5.11,43677
2021-03-31,5.66,5.22,5.66,5.15,4977
2021-04-01,5.2084,5.195,5.2339,5.175,1198
2021-04-05,5.23,5.9,5.9,5.15,7364
2021-04-06,5.93,5.7,5.9357,5.56,2858
2021-04-07,5.28,5.645,5.98,5.28,2335
2021-04-08,5.425,5.485,5.59,5.3,1279
2021-04-09,5.5816,5.2526,5.5816,5.2526,34091
2021-04-12,8.92,6.96,10.45,6.54,16770264
2021-04-13,6.6,7.28,7.37,6.6,598773
2021-04-14,7.0,8.32,8.32,6.77,498289
2021-04-15,8.0,10.8,14.21,7.95,32724111
2021-04-16,9.39,7.3,9.39,7.3,1550510
2021-04-19,7.35,7.03,8.05,6.85,431094
2021-04-20,6.58,6.11,6.94,6.11,259462
2021-04-21,5.8,6.24,7.09,5.76,620188
2021-04-22,6.3821,5.81,6.66,5.81,563730
2021-04-23,5.88,6.02,6.1999,5.8033,126616
2021-04-26,6.01,6.05,6.23,5.8,147396
2021-04-27,6.03,5.67,6.03,5.56,107747
2021-04-28,5.65,5.65,5.78,5.5,84980
2021-04-29,5.71,5.46,5.71,5.32,68512
2021-04-30,5.38,5.34,5.46,5.2509,64784
2021-05-03,5.32,5.44,5.78,5.32,91007
2021-05-04,5.49,5.41,5.71,5.32,66660
2021-05-05,5.46,5.1,5.5,5.07,47467
2021-05-06,5.1,4.7,5.17,4.7,77997
2021-05-07,4.7,5.06,5.3218,4.7,110575
2021-05-10,5.01,5.08,5.2273,5.01,26254
2021-05-11,4.91,5.14,5.8,4.86,326039
2021-05-12,5.2,5.07,5.3,5.02,61708
2021-05-13,4.97,5.13,5.2438,4.88,27945
2021-05-14,5.18,5.0,5.24,4.9768,22595
2021-05-17,5.0,5.0,5.1,4.9,26081
2021-05-18,4.94,4.84,4.965,4.81,16971
2021-05-19,4.86,4.86,5.07,4.53,64077
2021-05-20,4.9,4.86,4.9,4.75,26112
2021-05-21,4.86,4.94,4.98,4.85,20989
2021-05-24,4.94,4.9,5.0351,4.87,15311
2021-05-25,4.83,4.97,5.35,4.83,97772
2021-05-26,5.18,5.3,5.35,5.04,33816
2021-05-27,5.26,5.39,5.6,5.07,55572
2021-05-28,5.39,5.34,5.4905,5.2,15631
2021-06-01,5.4,5.35,5.47,5.25,31646
2021-06-02,5.26,5.22,5.35,5.05,38816
2021-06-03,5.22,5.06,5.22,4.96,28807
2021-06-04,5.22,5.21,5.2328,5.0375,26305
2021-06-07,5.35,5.37,5.39,5.16,17660
2021-06-08,5.39,5.25,5.44,5.24,18833
2021-06-09,5.47,5.33,5.47,5.25,19066
2021-06-10,5.31,5.335,5.38,5.11,32245
2021-06-11,5.42,5.14,5.42,5.11,17736
2021-06-14,5.1,5.17,5.29,5.1,19176
2021-06-15,5.17,5.22,5.25,5.1101,16590
2021-06-16,5.15,5.01,5.205,5.01,26664
2021-06-17,5.22,5.11,5.55,5.1,95575
2021-06-18,5.01,4.93,5.14,4.93,36864
2021-06-21,5.01,5.0,5.09,5.0,21622
2021-06-22,5.06,5.07,5.1699,5.0,5102
2021-06-23,5.08,5.01,5.24,5.01,17578
2021-06-24,5.0,5.08,5.13,4.99,17133
2021-06-25,5.0357,5.1,5.15,5.0357,7561
2021-06-28,5.17,4.97,5.17,4.92,16255
2021-06-29,4.98,5.01,5.04,4.93,12841
2021-06-30,5.0,5.0,5.15,4.96,16274
2021-07-01,4.91,5.03,5.11,4.91,16621
2021-07-02,5.045,4.94,5.045,4.94,9722
2021-07-06,5.04,4.99,5.09,4.94,19665
2021-07-07,5.0,4.91,5.0,4.84,19630
2021-07-08,4.83,4.97,4.99,4.83,5225
2021-07-09,5.09,5.06,5.1,4.9601,10976
2021-07-12,5.07,5.0675,5.08,4.974,9832
2021-07-13,5.057,4.93,5.06,4.9,27867
2021-07-14,4.87,6.16,9.38,4.83,49423891
2021-07-15,6.572,6.13,6.59,4.96,3306851
2021-07-16,5.62,5.45,5.9082,5.13,633589
2021-07-19,5.2,5.02,5.283,4.61,546559
2021-07-20,4.98,4.63,5.11,4.63,512386
2021-07-21,4.62,4.63,4.89,4.49,733993
2021-07-22,4.62,4.78,5.72,4.62,911346
2021-07-23,4.68,4.39,4.69,4.3,251732
2021-07-26,4.4,4.59,4.73,4.34,218149
2021-07-27,4.48,4.42,4.71,4.368,169506
2021-07-28,4.42,4.47,4.72,4.41,322144
2021-07-29,4.48,4.46,4.55,4.42,47690
2021-07-30,4.39,4.37,4.55,4.37,64015
2021-08-02,4.36,4.37,4.47,4.3,2380725
2021-08-03,6.14,6.11,8.95,5.92,121214359
2021-08-04,5.7,5.16,5.74,5.02,2750158
2021-08-05,5.0825,5.235,5.3639,5.0825,346653
2021-08-06,5.29,5.55,6.15,5.2,795599
2021-08-09,5.54,5.43,5.68,5.33,287381
2021-08-10,5.41,5.72,6.16,5.41,535456
2021-08-11,5.99,5.61,6.55,5.48,2048372
2021-08-12,5.56,5.88,5.9806,5.4101,161877
2021-08-13,5.88,6.14,6.42,5.88,301335
2021-08-16,6.18,6.04,6.62,5.9,228524
2021-08-17,5.82,5.4,5.98,5.4,155607
2021-08-18,5.34,5.54,5.94,5.34,332472
2021-08-19,5.44,5.44,5.789,5.36,221943
2021-08-20,5.45,5.41,5.65,5.37,84624
2021-08-23,5.42,5.5,5.8,5.37,81659
2021-08-24,5.52,5.51,5.5663,5.335,69569
2021-08-25,5.45,5.5,5.74,5.37,91410
2021-08-26,5.5,5.52,5.7398,5.4401,77857
2021-08-27,5.55,5.8,6.23,5.46,245141
2021-08-30,5.76,5.74,5.88,5.46,77806
2021-08-31,5.69,6.01,6.29,5.69,225240
2021-09-01,5.99,6.26,6.39,5.965,192695
2021-09-02,6.26,6.34,6.35,6.1,68848
2021-09-03,6.27,6.07,6.34,6.02,55454
2021-09-07,6.02,5.95,6.16,5.81,75870
2021-09-08,5.95,5.66,5.95,5.63,33382
2021-09-09,5.74,5.73,5.9903,5.59,38293
2021-09-10,5.73,5.68,5.73,5.6009,28933
2021-09-13,5.76,5.74,5.79,5.52,65607
2021-09-14,5.8,5.61,5.84,5.58,31369
2021-09-15,5.58,5.57,5.67,5.505,20572
2021-09-16,5.65,5.76,5.8,5.57,32198
2021-09-17,5.69,5.41,5.69,5.36,60284
2021-09-20,5.35,5.44,5.4799,5.14,38650
2021-09-21,5.45,5.27,5.45,5.24,25241
2021-09-22,5.31,5.48,5.67,5.31,37957
2021-09-23,5.49,5.46,5.65,5.45,26199
2021-09-24,5.46,5.55,5.89,5.46,89723
2021-09-27,5.46,5.5,5.63,5.34,45903
2021-09-28,5.5,5.4301,5.55,5.3602,16649
2021-09-29,5.4,5.35,5.55,5.2601,25767
2021-09-30,5.38,5.38,5.54,5.18,98140
2021-10-01,5.42,5.8,5.8,5.32,91530
2021-10-04,5.9,5.52,5.9,5.43,31583
2021-10-05,5.52,5.39,5.63,5.39,20311
2021-10-06,5.36,5.43,6.09,5.36,169460
2021-10-07,5.4535,5.67,5.7,5.4483,26892
2021-10-08,5.6,5.62,5.69,5.5,3651
2021-10-11,5.62,5.8,5.94,5.62,45109
2021-10-12,5.73,5.66,5.82,5.61,10362
2021-10-13,5.61,5.88,5.97,5.61,32345
2021-10-14,5.88,5.63,5.8899,5.63,14553
2021-10-15,5.66,5.72,5.9,5.66,16331
2021-10-18,5.8,5.62,5.8,5.51,19350
2021-10-19,5.65,5.69,5.89,5.65,43196
2021-10-20,5.65,5.6,5.74,5.52,23376
2021-10-21,5.56,5.65,5.66,5.56,6714
2021-10-22,5.6,5.63,5.8412,5.5,84453
2021-10-25,5.63,5.67,6.44,5.55,497912
2021-10-26,5.62,5.43,5.6544,5.3801,55732
2021-10-27,5.43,5.46,5.55,5.43,14411
2021-10-28,5.5,5.48,5.664,5.4,28238
2021-10-29,5.53,5.49,5.6307,5.45,14354
2021-11-01,5.48,5.64,5.64,5.464,33939
2021-11-02,5.57,5.59,5.62,5.52,20427
2021-11-03,5.54,5.62,5.69,5.5313,17672
2021-11-04,5.71,5.74,5.74,5.6,15603
2021-11-05,5.7,5.63,5.75,5.55,36134
2021-11-08,5.61,5.96,5.96,5.61,32128
2021-11-09,5.95,5.97,5.97,5.86,17673
2021-11-10,5.89,5.75,5.9,5.65,47563
2021-11-11,5.75,5.75,5.85,5.7013,15606
2021-11-12,5.76,5.89,5.9518,5.72,21425
2021-11-15,5.9,5.95,6.35,5.78,238762
2021-11-16,5.7,5.5,5.861,5.39,266481
2021-11-17,5.55,5.4799,5.55,5.41,26825
2021-11-18,5.44,5.45,5.45,5.35,29159
2021-11-19,5.38,5.33,5.4395,5.32,9190
2021-11-22,5.34,5.45,5.5,5.3,17749
2021-11-23,5.4,5.445,5.5,5.21,24136
2021-11-24,5.47,5.5,5.5152,5.4201,17429
2021-11-26,5.49,5.45,5.5179,5.3001,3586
2021-11-29,5.44,5.255,5.44,5.2201,14900
2021-11-30,5.2,5.11,5.22,5.04,16394
2021-12-01,5.11,4.86,5.2,4.86,25735
2021-12-02,4.87,4.59,4.88,4.59,33129
2021-12-03,4.67,4.6,4.709,4.51,21660
2021-12-06,4.6571,4.72,4.82,4.59,24219
2021-12-07,4.9,4.89,4.96,4.8,10721
2021-12-08,4.74,4.88,4.9528,4.5417,24259
2021-12-09,4.8,4.91,4.96,4.76,4152
2021-12-10,4.9372,4.915,4.95,4.8709,6503
2021-12-13,4.92,4.79,4.92,4.73,3169
2021-12-14,4.75,5.0,5.1321,4.7491,123321
2021-12-15,5.0,5.02,5.0556,4.81,18619
2021-12-16,5.02,4.94,5.02,4.91,5654
2021-12-17,4.89,4.8,4.93,4.8,4496
2021-12-20,4.84,5.04,5.045,4.76,14087
2021-12-21,4.8407,5.02,5.02,4.8407,6254
2021-12-22,4.985,5.03,5.03,4.9399,5787
2021-12-23,4.9101,5.07,5.2,4.9101,42335
2021-12-27,5.06,5.11,5.18,4.96,6889
2021-12-28,5.125,5.05,5.1668,4.92,29804
2021-12-29,5.102,5.07,5.2403,4.91,34147
2021-12-30,4.91,5.2,5.325,4.91,37020
2021-12-31,5.25,5.25,5.28,5.1,30756
2022-01-03,5.28,5.18,5.34,5.12,14457
2022-01-04,5.2648,5.22,5.3,5.18,7886
2022-01-05,5.13,5.09,5.23,5.0601,8715
2022-01-06,5.08,5.02,5.1584,5.02,9066
2022-01-07,5.16,5.09,5.16,5.02,1909
2022-01-10,5.0,5.08,5.1,4.91,23276
2022-01-11,5.0857,5.09,5.115,4.93,12868
2022-01-12,5.0224,5.35,5.35,5.0032,18378
2022-01-13,5.19,5.14,5.272,5.1201,7841
2022-01-14,5.11,4.94,5.11,4.9,6903
2022-01-18,4.9,4.6699,5.051,4.6699,11393
2022-01-19,4.71,4.73,4.865,4.71,4494
2022-01-20,4.9199,4.7501,4.9199,4.74,8229
2022-01-21,4.58,4.22,4.58,4.2101,38029
2022-01-24,4.22,4.29,4.4,4.2,16566
2022-01-25,4.25,4.3,4.3399,4.25,12044
2022-01-26,4.3899,4.41,4.665,4.2,23600
2022-01-27,4.46,4.08,4.46,4.08,7539
2022-01-28,4.08,4.12,4.135,4.05,7392
2022-01-31,4.27,4.2402,4.29,4.1,13270
2022-02-01,4.22,4.24,4.35,4.12,8106
2022-02-02,4.24,4.24,4.2433,4.24,726
2022-02-03,4.21,4.05,4.26,4.03,23636
2022-02-04,4.13,4.25,4.25,4.03,20991
2022-02-07,4.17,4.26,4.28,4.15,4805
2022-02-08,4.2299,4.28,4.37,4.22,10185
2022-02-09,4.25,4.3,4.4776,4.25,8995
2022-02-10,4.265,4.46,4.46,4.26,2792
2022-02-11,4.36,4.38,4.5698,4.31,4092
2022-02-14,4.43,4.215,4.43,4.15,6436
2022-02-15,4.22,4.25,4.3,4.2,11282
2022-02-16,4.15,4.13,4.25,4.13,8852
2022-02-17,4.13,4.18,4.18,4.09,2743
2022-02-18,4.0901,4.0,4.18,3.96,22480
2022-02-22,4.01,4.0,4.01,3.83,5220
2022-02-23,4.0534,4.29,4.29,3.9,20941
2022-02-24,4.01,4.47,4.47,4.01,27339
2022-02-25,4.3,4.45,4.45,4.3,2199
2022-02-28,4.39,4.36,4.44,4.1,6082
2022-03-01,4.4,4.41,4.43,4.39,1784
2022-03-02,4.39,4.47,4.74,4.39,29322
2022-03-03,4.59,4.45,4.59,4.45,7725
2022-03-04,4.2701,4.25,4.2701,4.09,10662
2022-03-07,4.25,4.16,4.25,4.11,11193
2022-03-08,4.08,4.11,4.2135,4.0,15834
2022-03-09,4.06,4.18,4.355,4.06,10182
2022-03-10,4.02,4.11,4.1505,3.9456,19010
2022-03-11,4.01,4.0,4.05,4.0,1830
2022-03-14,4.17,4.14,4.6582,4.05,136059
2022-03-15,4.19,4.28,4.4393,4.1,13022
2022-03-16,4.42,4.15,4.42,4.12,4101
2022-03-17,3.93,4.17,4.3003,3.93,5461
2022-03-18,4.25,4.17,4.4397,4.17,10559
2022-03-21,4.2753,4.27,4.4575,4.19,8487
2022-03-22,4.29,4.21,4.29,4.17,18306
2022-03-23,4.29,4.62,4.72,4.11,374729
2022-03-24,4.4,4.655,5.2,4.38,430673
2022-03-25,4.53,4.43,4.6828,4.4,13545
2022-03-28,4.29,4.47,4.6,4.29,33632
2022-03-29,4.5861,4.6,4.76,4.48,27602
2022-03-30,4.59,4.639,4.89,4.48,88202
2022-03-31,4.6009,4.6499,4.6826,4.51,18579
2022-04-01,4.81,4.66,4.81,4.54,10950
2022-04-04,4.69,4.7,4.88,4.69,9872
2022-04-05,4.6,4.8,4.84,4.6,21702
2022-04-06,4.8655,4.85,4.88,4.5727,16449
2022-04-07,4.9131,4.9,4.9726,4.81,13128
2022-04-08,4.8899,4.99,5.02,4.8286,14446
2022-04-11,4.87,5.06,5.06,4.87,11678
2022-04-12,5.065,5.03,5.065,4.84,4541
2022-04-13,4.9097,4.86,4.92,4.76,9443
2022-04-14,5.01,5.04,5.11,4.875,18289
2022-04-18,5.03,4.97,5.09,4.9102,6549
2022-04-19,4.91,4.74,4.91,4.66,9994
2022-04-20,4.84,4.755,4.8651,4.6,5392
2022-04-21,4.5498,4.52,4.55,4.52,1492
2022-04-22,4.2838,4.44,4.54,4.2838,8809
2022-04-25,4.43,4.335,4.76,4.25,93091
2022-04-26,4.46,4.69,4.77,4.31,69315
2022-04-27,4.6299,4.55,4.63,4.42,12922
2022-04-28,4.7355,4.65,4.7355,4.51,12792
2022-04-29,4.575,4.75,4.76,4.575,5806
2022-05-02,4.64,4.88,4.9592,4.553,10231
2022-05-03,4.89,4.9887,4.99,4.835,6569
2022-05-04,4.92,4.75,5.0982,4.66,56560
2022-05-05,5.0499,4.3,5.0499,4.26,42710
2022-05-06,4.1801,4.48,4.59,4.13,19148
2022-05-09,4.4,4.16,4.4427,4.1,40716
2022-05-10,4.08,4.34,4.4081,4.08,38628
2022-05-11,4.19,4.2,4.4318,4.19,19043
2022-05-12,4.18,4.345,4.48,4.17,60655
2022-05-13,4.3809,4.54,4.54,4.355,6470
2022-05-16,4.36,4.59,4.64,4.29,11068
2022-05-17,4.5981,4.5878,4.61,4.5001,4651
2022-05-18,4.6114,4.45,4.635,4.35,11905
2022-05-19,4.42,4.43,4.44,4.35,2759
2022-05-20,4.35,4.41,4.44,4.34,5816
2022-05-23,4.3035,4.38,4.5102,4.23,1798
2022-05-24,4.5,4.5,4.5,4.44,1974
2022-05-25,4.455,4.5,4.51,4.39,1988
2022-05-26,4.39,4.68,4.7,4.39,9457
2022-05-27,4.69,4.4701,4.7,4.4701,6182
2022-05-31,4.76,4.55,4.76,4.3625,5640
2022-06-01,4.5768,4.59,4.6985,4.51,3668
2022-06-02,4.59,4.8,4.81,4.4851,6268
2022-06-03,4.68,4.65,4.68,4.564,8307
2022-06-06,4.5742,4.65,4.6619,4.51,4444
2022-06-07,4.82,4.64,4.82,4.6,7961
2022-06-08,4.6799,4.68,4.68,4.6799,1424
2022-06-09,4.64,4.61,4.65,4.55,1855
2022-06-10,4.35,4.61,4.61,4.35,3580
2022-06-13,4.51,4.53,4.605,4.43,6734
2022-06-14,4.37,4.57,4.75,4.37,2877
2022-06-15,4.23,4.6,4.63,4.23,2794
2022-06-16,4.521,4.35,4.521,4.2,19112
2022-06-17,4.202,4.36,4.59,4.202,5158
2022-06-21,4.38,4.51,4.56,4.31,5601
2022-06-22,4.4499,4.51,4.57,4.4499,8120
2022-06-23,4.41,4.41,4.41,4.41,998
2022-06-24,4.495,4.46,4.495,4.2353,4096
2022-06-27,4.28,4.4,4.4,4.2399,1686
2022-06-28,4.54,4.44,4.6,4.44,791
2022-06-29,4.4101,4.41,4.55,4.31,5748
2022-06-30,4.4699,4.39,4.51,4.39,989
2022-07-01,4.2827,4.45,4.45,4.28,1847
2022-07-06,4.38,4.41,4.5799,4.365,4876
2022-07-07,4.41,4.5799,4.5799,4.3801,2145
2022-07-08,4.4874,4.59,4.67,4.4874,2432
2022-07-11,4.5411,4.6,4.6,4.5411,667
2022-07-12,4.5766,4.61,4.61,4.5753,1837
2022-07-13,4.6,4.687,4.7,4.4614,1891
2022-07-15,4.5084,4.5084,4.5084,4.5084,142
2022-07-18,4.56,4.76,4.76,4.56,1106
2022-07-19,4.77,4.76,4.78,4.56,15356
2022-07-20,4.7,4.64,4.7,4.45,13159
2022-07-21,4.64,4.45,4.64,4.36,6173
2022-07-22,4.42,4.72,4.74,4.4,15524
2022-07-25,4.58,4.71,4.71,4.58,7830
2022-07-26,4.6287,4.645,4.65,4.4518,5819
2022-07-27,4.5144,4.5117,4.605,4.51,1514
2022-07-28,4.49,4.5899,4.59,4.389,9332
2022-07-29,4.6,4.59,4.68,4.48,12601
2022-08-01,4.46,4.7244,4.7244,4.46,5682
2022-08-02,4.69,4.74,4.755,4.67,1853
2022-08-03,4.78,4.74,4.87,4.5608,18110
2022-08-04,4.66,4.65,4.894,4.62,7833
2022-08-05,4.56,4.5999,4.5999,4.31,7750
2022-08-08,4.54,4.64,4.86,4.436,8696
2022-08-09,4.5129,4.6,4.7599,4.45,30809
2022-08-10,4.65,4.77,4.95,4.27,106765
2022-08-11,4.73,5.0272,5.54,4.66,313204
2022-08-12,5.07,4.72,5.1705,4.56,117582
2022-08-15,4.65,4.8281,5.83,4.56,81221
2022-08-16,4.87,5.23,5.55,4.83,213362
2022-08-17,5.34,5.25,5.59,5.0401,76057
2022-08-18,5.21,5.12,5.28,4.87,50027
2022-08-19,5.01,4.91,5.15,4.8501,34651
2022-08-22,5.04,4.93,5.05,4.88,16024
2022-08-23,4.86,4.93,5.5,4.7111,51891
2022-08-24,4.65,4.52,4.88,4.52,54677
2022-08-25,4.55,4.7,5.07,4.55,16583
2022-08-26,4.6601,4.7,4.9,4.6601,10294
2022-08-29,4.71,4.725,4.98,4.71,6660
2022-08-30,4.7641,4.715,4.7641,4.66,2751
2022-08-31,4.67,4.56,4.74,4.5,13755
2022-09-01,4.65,4.56,4.65,4.4594,6641
2022-09-02,4.61,4.64,4.6894,4.5,6075
2022-09-06,4.6,4.51,4.6,4.46,8454
2022-09-07,4.4,4.33,4.4582,4.31,9067
2022-09-08,4.33,4.39,4.65,4.3,11076
2022-09-09,4.38,4.5,4.57,4.31,8265
2022-09-12,4.5,4.4861,4.5,4.4861,915
2022-09-13,4.6769,4.345,4.6769,4.3001,46026
2022-09-14,4.33,4.48,4.5706,4.33,14371
2022-09-15,4.431,4.3,4.455,4.25,5887
2022-09-16,4.26,4.37,4.37,4.26,5029
2022-09-19,4.315,4.18,4.315,4.12,14223
2022-09-20,4.26,4.25,4.26,4.25,770
2022-09-21,4.1842,4.12,4.205,4.12,3237
2022-09-22,4.13,4.16,4.25,4.11,11675
2022-09-23,4.15,4.075,4.15,4.02,8841
2022-09-26,4.09,4.08,4.177,4.03,7527
2022-09-27,4.04,4.01,4.05,4.01,2033
2022-09-28,4.0,4.1399,4.14,3.93,17638
2022-09-29,4.01,4.06,4.06,4.01,3523
2022-09-30,4.03,4.09,4.168,4.03,1329
2022-10-03,4.09,4.16,4.255,4.0687,8695
2022-10-04,4.18,4.2692,4.2692,4.18,886
2022-10-05,4.18,4.14,4.2247,4.14,10353
2022-10-06,4.11,4.06,4.11,4.03,881
2022-10-07,4.08,4.025,4.08,4.025,1310
2022-10-10,3.96,3.85,4.0,3.835,4912
2022-10-11,3.82,3.78,4.33,3.76,26810
2022-10-12,3.78,3.84,3.84,3.7612,3271
2022-10-13,3.71,3.8264,3.8264,3.71,2266
2022-10-14,4.0,3.9,4.09,3.85,1909
2022-10-17,3.87,4.05,4.05,3.86,865
2022-10-18,4.05,3.93,4.05,3.87,4197
2022-10-20,3.96,3.89,3.96,3.89,1586
2022-10-21,4.0,3.98,4.0,3.98,365
2022-10-24,4.03,3.9101,4.03,3.9061,3634
2022-10-25,4.01,3.9596,4.01,3.9596,1124
2022-10-26,4.12,4.08,4.12,4.08,3037
2022-10-27,4.09,4.09,4.09,4.08,714
2022-10-28,4.2,4.16,4.2,4.13,5102
2022-10-31,4.0201,4.05,4.09,3.9766,1235
2022-11-01,4.13,4.0,4.13,4.0,2729
2022-11-02,4.02,4.12,4.2,4.01,7427
2022-11-03,4.01,4.0,4.01,3.99,2132
2022-11-04,4.01,4.0,4.04,4.0,6068
2022-11-07,4.035,4.14,4.14,3.99,1024
2022-11-08,3.99,4.04,4.11,3.99,2035
2022-11-09,4.1589,4.18,4.2999,4.05,20305
2022-11-10,4.185,4.1408,4.19,4.09,10817
2022-11-11,4.1986,4.26,4.31,4.1986,7905
2022-11-14,4.2373,4.25,4.4,4.19,5079
2022-11-15,4.2043,3.9,4.285,3.63,22867
2022-11-16,3.89,3.975,4.0648,3.89,3571
2022-11-17,3.8077,3.8173,3.91,3.755,3100
2022-11-18,3.8588,3.825,3.96,3.81,3409
2022-11-21,3.838,3.88,3.94,3.838,1662
2022-11-22,3.88,3.81,4.01,3.805,2685
2022-11-23,3.91,3.8,3.93,3.8,2141
2022-11-25,3.94,3.8,3.94,3.8,1558
2022-11-28,3.78,3.75,3.79,3.75,1568
2022-11-29,3.7501,3.8173,3.8173,3.7501,1704
2022-11-30,3.75,3.85,3.9171,3.75,2114
2022-12-01,3.94,4.09,4.1199,3.93,7858
2022-12-02,4.184,3.9,4.184,3.9,7630
2022-12-05,3.95,3.88,3.95,3.7,11952
2022-12-06,3.76,3.7,3.94,3.7,885
2022-12-07,3.791,3.71,3.97,3.69,19192
2022-12-08,3.76,3.7,3.94,3.66,9513
2022-12-09,3.7,3.667,3.7,3.62,4331
2022-12-12,3.67,3.66,3.7537,3.55,5961
2022-12-13,3.6493,3.63,3.74,3.63,2821
2022-12-14,3.55,3.55,3.55,3.55,507
2022-12-15,3.5451,3.61,3.61,3.5451,3951
2022-12-16,3.6537,3.64,3.6537,3.57,1123
2022-12-19,3.51,3.51,3.6373,3.5038,3389
2022-12-20,3.5,3.4216,3.5,3.16,15302
2022-12-21,3.5,3.6455,3.6455,3.4995,11745
2022-12-22,3.6,3.65,3.66,3.55,12986
2022-12-23,3.7,3.65,3.7294,3.61,4752
2022-12-27,3.55,3.68,3.7,3.55,11965
2022-12-28,3.575,3.54,3.575,3.46,5902
2022-12-29,3.5,3.62,3.62,3.5,3902
2022-12-30,3.66,3.54,3.66,3.54,3481
2023-01-03,3.73,3.735,3.75,3.54,13066
2023-01-04,3.76,3.71,3.77,3.65,5154
2023-01-05,3.7535,4.0,4.05,3.7535,6114
2023-01-06,4.14,4.37,4.3754,4.025,41569
2023-01-09,4.37,4.43,4.52,4.37,16432
2023-01-10,4.5,4.365,4.5,4.365,2738
2023-01-11,4.195,4.5128,4.6,4.195,23297
2023-01-12,4.19,4.5,4.595,4.19,793
2023-01-13,4.3801,4.58,4.7,4.3801,2002
2023-01-17,4.62,4.7,4.84,4.606,8096
2023-01-18,4.7,4.4407,4.7,4.4296,3769
2023-01-19,4.485,4.67,4.67,4.485,1004
2023-01-20,4.48,4.69,4.7,4.48,1921
2023-01-23,4.46,4.38,4.7,4.3601,2584
2023-01-24,4.38,4.38,4.38,4.38,1146
2023-01-26,4.38,4.5,4.5,4.38,1392
2023-01-27,4.27,4.58,4.6532,4.1454,8548
2023-01-30,4.27,4.39,4.39,4.27,3491
2023-01-31,4.25,4.67,4.67,4.25,599
2023-02-01,4.21,4.26,4.59,4.21,4529
2023-02-02,4.3,4.49,4.51,4.3,1669
2023-02-03,4.51,4.55,4.56,4.51,904
2023-02-06,4.545,4.545,4.545,4.545,390
2023-02-07,4.67,4.67,4.67,4.67,203
2023-02-08,4.58,4.58,4.58,4.58,1106
2023-02-10,4.4672,4.26,4.4672,4.26,678
2023-02-13,4.35,4.3876,4.3876,4.35,364
2023-02-14,4.48,4.3749,4.48,4.3749,453
2023-02-16,4.37,4.37,4.37,4.37,604
2023-02-17,4.25,4.345,4.46,4.25,930
2023-02-22,4.3,4.29,4.3,4.29,1053
2023-02-23,4.4951,4.1981,4.4951,4.1981,395
2023-02-24,4.1626,4.1626,4.1626,4.1626,1869
2023-02-27,4.46,4.42,4.5862,4.42,1503
2023-02-28,4.43,4.45,4.46,4.43,1041
2023-03-01,4.46,4.48,4.58,4.46,1461
2023-03-02,4.06,4.12,4.39,4.0,8161
2023-03-03,4.12,4.135,4.27,4.12,1672
2023-03-06,3.93,3.91,4.15,3.91,11729
2023-03-07,3.93,4.21,4.21,3.9,3013
2023-03-08,4.14,3.95,4.14,3.95,934
2023-03-09,4.03,4.1952,4.21,3.93,6030
2023-03-10,4.1592,4.0399,4.1592,3.6801,5468
2023-03-13,4.01,3.85,4.11,3.85,11961
2023-03-14,3.9,3.84,4.1,3.71,2089
2023-03-15,3.71,3.75,3.8,3.7,1685
2023-03-16,3.7499,3.5971,3.75,3.56,2046
2023-03-17,3.6787,3.54,3.71,3.54,3449
2023-03-20,3.53,3.57,3.73,3.53,1117
2023-03-21,3.69,4.13,4.13,3.69,3590
2023-03-22,3.67,4.2899,4.2899,3.67,2545
2023-03-23,3.9,4.0,4.135,3.9,5406
2023-03-24,4.19,4.25,4.29,4.17,3869
2023-03-27,4.25,4.25,4.25,4.25,380
2023-03-28,4.11,4.06,4.23,4.06,1154
2023-03-29,4.11,4.15,4.21,4.04,1649
2023-03-30,3.96,4.31,4.33,3.9,11671
2023-03-31,4.33,4.3399,4.35,4.33,1091
2023-04-03,4.03,4.09,4.24,4.03,7456
2023-04-04,3.97,4.44,4.44,3.97,4291
2023-04-06,4.2258,4.24,4.24,4.22,874
2023-04-10,4.13,4.3,4.39,4.13,13961
2023-04-11,4.41,4.15,4.41,4.1193,17072
2023-04-12,4.3484,4.19,4.3484,4.1114,3627
2023-04-13,4.2,4.18,4.2,4.09,6309
2023-04-14,4.18,4.3,4.45,4.17,5064
2023-04-17,4.34,4.4,4.5,4.34,17876
2023-04-18,4.4,4.25,4.4,4.25,3683
2023-04-19,4.25,4.28,4.47,4.25,3869
2023-04-20,4.16,4.25,4.3,4.16,1815
2023-04-21,4.17,4.2271,4.2271,4.17,318
2023-04-24,4.11,4.0711,4.11,4.0711,749
2023-04-25,4.0,3.91,4.0,3.9,956
2023-04-26,3.9,3.85,3.9,3.7501,5037
2023-04-27,3.94,4.06,4.06,3.9355,3193
2023-04-28,3.96,4.02,4.02,3.86,2135
2023-05-01,4.13,4.15,4.15,4.02,1541
2023-05-02,4.14,4.14,4.14,4.14,612
2023-05-03,3.9169,3.95,4.12,3.9169,2237
2023-05-04,3.97,3.97,3.97,3.97,170
