2022-02-17,39.9,39.82,39.9,39.82,1010
2022-02-18,39.82,39.8202,39.8202,39.8,3351
2022-02-22,39.78,39.74,39.78,39.74,2106
2022-02-23,39.86,39.7766,39.86,39.7766,1403
2022-02-24,39.5,39.92,39.92,39.5,14181
2022-02-25,40.08,40.24,40.26,40.08,18669
2022-02-28,40.12,40.2602,40.2602,40.12,11050
2022-03-01,40.34,40.2097,40.34,40.2,3300
2022-03-02,40.17,40.27,40.27,40.16,1000
2022-03-03,40.23,40.19,40.23,40.19,2400
2022-03-04,40.06,39.9947,40.06,39.98,6000
2022-03-07,39.7,39.62,39.7,39.62,2100
2022-03-08,39.64,39.6,39.74,39.6,6100
2022-03-09,39.8204,39.9,39.9,39.8204,2300
2022-03-10,39.6,39.6093,39.6093,39.6,1003
2022-03-11,39.5,39.2896,39.5,39.2896,6000
2022-03-14,39.2,38.76,39.2,38.76,8262
2022-03-15,38.9,39.06,39.06,38.9,4001
2022-03-16,39.38,39.5508,39.5508,39.18,14000
2022-03-17,39.62,39.8,39.8,39.62,8400
2022-03-18,39.84,39.9,39.9,39.84,1902
2022-03-21,39.58,39.5492,39.58,39.52,2200
2022-03-22,39.4946,39.64,39.64,39.4946,8252
2022-03-23,39.54,39.5496,39.58,39.54,3000
2022-03-24,39.58,39.58,39.58,39.58,101
2022-03-25,39.66,39.42,39.66,39.4,3103
2022-03-28,39.58,39.58,39.58,39.58,0
2022-03-29,39.84,39.98,39.98,39.84,2000
2022-03-30,39.96,39.88,39.96,39.88,120
2022-03-31,39.86,39.57999,39.86,39.82,3000
2022-04-01,39.45,39.45,39.45,39.45,100
2022-04-04,39.54,39.68,39.68,39.54,4100
2022-04-05,39.64,39.29,39.64,39.29,1101
2022-04-06,38.88,39.03,39.08,38.88,6000
2022-04-07,38.88,38.88,38.88,38.88,100
2022-04-08,38.77,38.62,38.77,38.62,1201
2022-04-11,38.52,38.37,38.52,38.37,285
2022-04-12,38.7,38.68,38.76,38.68,3100
2022-04-13,38.76,38.86,38.86,38.76,2000
2022-04-14,38.66,38.66,38.66,38.66,0
2022-04-18,38.56,38.56,38.62,38.56,2601
2022-04-19,38.52,38.48,38.52,38.48,1004
2022-04-20,38.61,38.61,38.61,38.61,2
2022-04-21,38.66,38.43,38.66,38.43,6000
2022-04-22,38.3,38.16,38.3,38.16,200
2022-04-25,38.16,38.36,38.36,38.16,10000
2022-04-26,38.36,38.265,38.36,38.265,100
2022-04-27,38.17,38.115,38.17,38.09,3000
2022-04-28,38.08,38.18,38.18,38.06,3100
2022-04-29,37.95,37.546607,37.99,37.72,8100
2022-05-02,37.44,37.44,37.44,37.44,0
2022-05-03,37.64,37.64,37.64,37.64,100
2022-05-04,37.64,37.94,37.94,37.62,7202
2022-05-05,37.56,37.35,37.56,37.35,2000
2022-05-06,36.87,36.87,36.87,36.87,0
2022-05-09,36.45,36.45,36.45,36.45,1
2022-05-10,36.34,36.32,36.34,36.32,2001
2022-05-11,36.2,36.21,36.34,36.2,8000
2022-05-12,36.06,36.1,36.1,36.0,5000
2022-05-13,36.14,36.06,36.16,36.06,13701
2022-05-16,36.1199,36.09,36.1199,36.09,1002
2022-05-17,35.96,35.96,35.96,35.96,1000
2022-05-18,35.78,35.58,35.78,35.58,2200
2022-05-19,35.48,35.8,35.8,35.48,16500
2022-05-20,35.86,35.69,35.86,35.69,5000
2022-05-23,35.8,35.83,35.83,35.8,2000
2022-05-24,35.8,36.06,36.06,35.8,9500
2022-05-25,36.24,36.68,36.68,36.24,7600
2022-05-26,36.84,37.18,37.18,36.84,13300
2022-05-27,37.39,37.55,37.55,37.39,5500
2022-05-31,37.3,37.05643,37.3,37.18,3701
2022-06-01,36.96,36.95,36.98,36.88,4900
2022-06-02,36.94,36.9911,36.9911,36.88,2787
2022-06-03,36.82,36.76,36.82,36.76,1102
2022-06-06,36.48,36.48,36.48,36.48,170
2022-06-07,36.52,36.52,36.52,36.52,204
2022-06-08,36.36,36.26,36.36,36.26,3105
2022-06-09,36.15,35.94,36.15,35.94,7230
2022-06-10,35.52,35.28,35.52,35.28,4370
2022-06-13,34.49,34.025,34.49,34.025,9104
2022-06-14,34.32,34.32,34.32,34.32,108
2022-06-15,34.8736,34.99,34.99,34.76,3210
2022-06-16,34.4,34.32,34.4,34.26,4269
2022-06-17,34.74,34.72,34.74,34.66,3201
2022-06-21,34.89,34.66,34.89,34.66,2170
2022-06-22,34.44,34.58,34.58,34.44,202
2022-06-23,34.77,34.835,34.835,34.77,2091
2022-06-24,34.9,35.08,35.08,34.9,3510
2022-06-27,35.16,35.0027,35.16,35.0027,1267
2022-06-28,34.96,34.5622,34.96,34.56,2580
2022-06-29,34.38,34.38,34.38,34.38,200
2022-06-30,34.24,34.16261,34.34,34.24,400
2022-07-01,34.26,34.56,34.56,34.26,4178
2022-07-05,34.34,34.34,34.34,34.34,200
2022-07-06,34.32,34.32,34.32,34.32,101
2022-07-07,34.86,34.86,34.86,34.86,187
2022-07-08,34.7,34.6911,34.7,34.6911,100
2022-07-11,34.82,34.72,34.82,34.72,306
2022-07-12,34.66,34.82,34.82,34.66,400
2022-07-13,34.7,34.7,34.7,34.7,100
2022-07-14,34.46,34.46,34.46,34.46,200
2022-07-15,34.6,34.88,34.88,34.6,8293
2022-07-18,35.12,34.74,35.12,34.74,298
2022-07-19,35.04,35.12,35.12,35.04,2200
2022-07-20,35.32,35.38,35.38,35.32,2100
2022-07-21,35.5,35.6,35.6,35.5,2200
2022-07-22,35.825,35.825,35.825,35.825,26
2022-07-25,35.86,35.86,35.86,35.86,100
2022-07-26,35.74,35.74,35.74,35.74,100
2022-07-27,35.88,35.96,35.96,35.88,4210
2022-07-28,35.88,36.02,36.02,35.58,6781
2022-07-29,36.12,35.93903,36.15,36.12,100
2022-08-01,35.91,35.91,35.91,35.91,1
2022-08-02,35.78,35.625,35.78,35.625,3200
2022-08-03,35.7,35.7,35.7,35.7,1
2022-08-04,35.715,35.715,35.715,35.715,0
2022-08-05,35.55,35.55,35.55,35.55,200
2022-08-08,35.79,35.67,35.79,35.67,305
2022-08-09,35.61,35.41,35.61,35.41,100
2022-08-10,35.8,35.8,35.8,35.8,610
2022-08-11,36.24,35.8,36.24,35.8,600
2022-08-12,35.98,35.98,35.98,35.98,200
2022-08-15,36.04,36.1,36.1,36.04,200
2022-08-16,35.9,35.9695,35.9695,35.9,602
2022-08-17,35.6,35.5525,35.6,35.54,1901
2022-08-18,35.53,35.53,35.53,35.53,0
2022-08-19,35.12,35.1133,35.16,35.1133,1100
2022-08-22,34.6461,34.6461,34.6461,34.6461,2
2022-08-23,34.72,34.78,34.78,34.72,201
2022-08-24,34.76,34.76,34.76,34.76,285
2022-08-25,35.0794,35.0794,35.0794,35.0794,84
2022-08-26,35.09,34.4839,35.09,34.4839,100
2022-08-29,34.29,34.29,34.29,34.29,166
2022-08-30,33.9757,33.9757,33.9757,33.9757,1
2022-08-31,33.99,33.59871,33.99,33.7232,100
2022-09-01,33.5,33.6297,33.6297,33.5,122
2022-09-02,33.5412,33.5412,33.5412,33.5412,84
2022-09-06,33.55,33.55,33.55,33.55,202
2022-09-07,33.9594,33.9594,33.9594,33.9594,0
2022-09-08,34.02,34.1439,34.1439,34.02,810
2022-09-09,34.1798,34.1798,34.1798,34.1798,2
2022-09-12,34.37,34.2674,34.37,34.2674,100
2022-09-13,33.5115,33.5115,33.5115,33.5115,0
2022-09-14,33.549,33.549,33.549,33.549,0
2022-09-15,33.4207,33.4207,33.4207,33.4207,0
2022-09-16,33.4665,33.4665,33.4665,33.4665,0
2022-09-19,33.36,33.63,33.63,33.36,600
2022-09-20,33.53,33.3334,33.53,33.3334,195
2022-09-21,33.32,33.32,33.32,33.32,200
2022-09-22,33.2,33.0597,33.2,33.0597,100
2022-09-23,32.6392,32.6392,32.6392,32.6392,0
2022-09-26,32.25,32.28,32.28,32.25,200
2022-09-27,32.55,32.2004,32.55,32.2004,100
2022-09-28,32.78,32.78,32.78,32.78,200
2022-09-29,32.3908,32.3908,32.3908,32.3908,0
2022-09-30,32.2269,32.0505,32.2269,32.2269,2
2022-10-03,32.35,32.4755,32.4755,32.35,100
2022-10-04,32.87,33.0935,33.0935,32.87,100
2022-10-05,32.92,33.05,33.05,32.92,201
2022-10-06,32.9048,32.9048,32.9048,32.9048,0
2022-10-07,32.5,32.4985,32.5,32.4985,101
2022-10-10,32.0878,32.0878,32.0878,32.0878,4
2022-10-11,32.2245,32.2245,32.2245,32.2245,1
2022-10-12,32.3542,32.3542,32.3542,32.3542,0
2022-10-13,32.29,32.3997,32.41,32.29,1502
2022-10-14,32.48,32.21,32.48,32.18,9314
2022-10-17,32.5529,32.5529,32.5529,32.5529,0
2022-10-18,32.76,32.6537,32.76,32.64,1951
2022-10-19,32.32,32.32,32.32,32.32,301
2022-10-20,32.09,32.1259,32.1259,32.09,625
2022-10-21,32.04,32.0415,32.22,32.04,3300
2022-10-24,32.08,32.099,32.099,32.08,106
2022-10-25,32.22,32.2925,32.2925,32.22,100
2022-10-26,32.3242,32.3242,32.3242,32.3242,100
2022-10-27,32.8005,32.8005,32.8005,32.8005,1
2022-10-28,32.97,32.98,32.98,32.97,400
2022-10-31,32.5238,32.30682,32.5238,32.5238,1
2022-11-01,32.4419,32.4419,32.4419,32.4419,0
2022-11-02,32.48,32.1263,32.48,32.1263,400
2022-11-03,32.059,31.9717,32.06,31.9717,1123
2022-11-04,32.19,32.1543,32.22,32.1543,207
2022-11-07,32.25,32.1193,32.25,32.01,412
2022-11-08,32.26,32.18,32.26,32.18,600
2022-11-09,32.11,31.7488,32.11,31.7488,309
2022-11-10,32.7122,32.7122,32.7122,32.7122,98
2022-11-11,32.79,32.89,32.89,32.78,791
2022-11-14,32.83,32.75,32.83,32.75,303
2022-11-15,33.11,33.08,33.11,33.08,871
2022-11-16,33.1,33.03,33.1,32.96,500
2022-11-17,32.78,32.9,32.9,32.78,1100
2022-11-18,33.14,33.07,33.14,33.07,611
2022-11-21,33.01,33.01,33.01,33.0,610
2022-11-22,33.19,33.3,33.3,33.19,501
2022-11-23,33.31,33.53,33.53,33.31,425
2022-11-25,33.54,33.48,33.54,33.48,1175
2022-11-28,33.34,33.0639,33.34,33.0639,300
2022-11-29,33.1586,33.1586,33.1586,33.1586,50
2022-11-30,33.65,33.33779,33.65,33.65,302
2022-12-01,33.47,33.45,33.47,33.45,190
2022-12-02,33.22,33.46,33.46,33.22,1520
2022-12-05,33.37,33.1474,33.37,33.1474,527
2022-12-06,33.21,33.06,33.21,33.06,602
2022-12-07,33.07,33.24,33.24,33.07,618
2022-12-08,33.32,33.33,33.33,33.3,604
2022-12-09,33.28,33.36,33.44,33.27,14402
2022-12-12,33.55,33.59,33.59,33.55,400
2022-12-13,34.01,34.01,34.01,34.01,200
2022-12-14,34.01,33.85,34.01,33.85,400
2022-12-15,33.7,33.73,33.73,33.53,1000
2022-12-16,33.5,33.56,33.56,33.5,622
2022-12-19,33.4,33.36,33.4,33.36,500
2022-12-20,33.23,33.27,33.27,33.23,775
2022-12-21,33.44,33.56,33.56,33.44,213
2022-12-22,33.34,33.35,33.35,33.2968,474
2022-12-23,33.27,33.3761,33.3761,33.27,204
2022-12-27,33.37,33.05,33.37,33.05,608
2022-12-28,32.625,32.11957,32.6254,32.625,401
2022-12-29,32.56,32.56,32.56,32.56,201
2022-12-30,32.44,32.5319,32.5319,32.44,203
2023-01-03,32.76,32.61,32.76,32.61,705
2023-01-04,32.88,32.99,32.99,32.88,552
2023-01-05,32.89,32.97,32.97,32.89,710
2023-01-06,33.2,33.5,33.5,33.2,1204
2023-01-09,33.61,33.64,33.69,33.59,7985
2023-01-10,33.74,33.73,33.74,33.73,200
2023-01-11,33.9585,33.9585,33.9585,33.9585,17
2023-01-12,34.13,34.13,34.13,34.13,2
2023-01-13,34.07,34.0841,34.0841,34.07,1000
2023-01-17,33.9441,33.9441,33.9441,33.9441,0
2023-01-18,33.9422,33.9422,33.9422,33.9422,139
2023-01-19,33.7099,33.7099,33.7099,33.7099,23
2023-01-20,33.82,33.82,33.82,33.82,391
2023-01-23,33.82,33.83,33.83,33.82,250
2023-01-24,33.93,33.93,33.93,33.93,389
2023-01-25,33.9255,33.9255,33.9255,33.9255,4
2023-01-26,34.02,34.08,34.08,34.02,883
2023-01-27,33.93,33.8928,33.93,33.8928,102
2023-01-30,33.66,33.66,33.66,33.66,1
2023-01-31,33.8945,33.70063,33.8945,33.8945,31
2023-02-01,34.0439,34.0439,34.0439,34.0439,10
2023-02-02,34.4,34.36,34.4,34.34,1313
2023-02-03,34.07,34.0143,34.08,34.0143,673
2023-02-06,33.8055,33.8055,33.8055,33.8055,54
2023-02-07,33.9866,33.9866,33.9866,33.9866,5
2023-02-08,33.7952,33.7952,33.7952,33.7952,34
2023-02-09,33.5176,33.5176,33.5176,33.5176,5
2023-02-10,33.25,33.245,33.25,33.245,220
2023-02-13,33.3105,33.3105,33.3105,33.3105,1
2023-02-14,33.2958,33.2958,33.2958,33.2958,86
2023-02-15,33.22,33.29,33.29,33.175,841
2023-02-16,33.23,33.11,33.24,33.11,4400
2023-02-17,33.4038,33.4038,33.4038,33.4038,50
2023-02-21,33.09,32.7958,33.09,32.59,1101
2023-02-22,33.07,33.0286,33.07,33.0286,1151
2023-02-23,33.41,33.41,33.41,33.41,300
2023-02-24,33.2314,33.2314,33.2314,33.2314,5
2023-02-27,33.4855,33.4855,33.4855,33.4855,0
2023-02-28,33.3616,33.1417,33.3616,33.3616,0
2023-03-01,33.0555,33.0555,33.0555,33.0555,12
2023-03-02,33.11,33.11,33.11,33.11,103
2023-03-03,33.47,33.47,33.47,33.47,7
2023-03-06,33.49,33.49,33.49,33.49,3
2023-03-07,33.46,33.245,33.46,33.245,461
2023-03-08,33.25,33.01,33.25,33.01,1204
2023-03-09,33.05,32.7795,33.05,32.76,2304
2023-03-10,32.7314,32.7314,32.7314,32.7314,47
2023-03-13,32.57,32.6398,32.6398,32.57,295
2023-03-14,32.8689,32.8689,32.8689,32.8689,7
2023-03-15,32.6477,32.6477,32.6477,32.6477,0
2023-03-16,32.6843,32.8715,32.8715,32.6843,1194
2023-03-17,32.7423,32.7423,32.7423,32.7423,87
2023-03-20,32.6909,32.6909,32.6909,32.6909,0
2023-03-21,32.91,33.12,33.12,32.91,405
2023-03-22,33.0912,33.0912,33.0912,33.0912,11
2023-03-23,33.01,33.01,33.01,33.01,179
2023-03-24,32.929,32.8975,32.93,32.8535,623
2023-03-27,32.9366,32.9366,32.9366,32.9366,84
2023-03-28,32.8566,32.8566,32.8566,32.8566,67
2023-03-29,33.3,33.3,33.3,33.3,102
2023-03-30,33.464,33.464,33.464,33.464,0
2023-03-31,33.68,33.6406,33.86,33.68,72392
2023-04-03,33.56,33.54,33.56,33.5,57302
2023-04-04,33.55,33.3984,33.55,33.3984,362
2023-04-05,33.1962,33.1962,33.1962,33.1962,4
2023-04-06,33.44,33.44,33.44,33.44,201
2023-04-10,33.42,33.42,33.42,33.42,314
2023-04-11,33.5176,33.5176,33.5176,33.5176,27
2023-04-12,33.71,33.53,33.71,33.53,600
2023-04-13,33.84,33.84,33.84,33.84,397
2023-04-14,33.79,33.6902,33.79,33.6902,501
2023-04-17,33.68,33.5655,33.68,33.5655,412
2023-04-18,33.5948,33.5948,33.5948,33.5948,0
2023-04-19,33.52,33.52,33.52,33.52,373
2023-04-20,33.4799,33.53,33.53,33.4799,1418
2023-04-21,33.66,33.7,33.7,33.66,826
2023-04-24,33.78,33.86,33.86,33.78,621
2023-04-25,33.89,33.85,33.89,33.85,419
2023-04-26,33.6704,33.6704,33.6704,33.6704,10
2023-04-27,33.8299,33.86,33.86,33.775,1264
2023-04-28,34.0041,33.80881,34.0293,34.0041,1500
2023-05-01,33.7098,33.5982,33.71,33.5982,1137
2023-05-02,33.58,33.571,33.58,33.571,808
2023-05-03,33.58,33.5522,33.64,33.5522,2620
2023-05-04,33.29,33.325,33.325,33.29,903
