2018-11-28,1.681168,1.681168,1.681168,1.681168,425
2018-12-21,1.077732,1.077732,1.077732,1.077732,425
2019-01-02,1.318402,1.340708,1.340708,1.318402,851
2019-01-14,1.533244,1.533244,1.533244,1.533244,8
2019-03-01,2.250558,2.250558,2.250558,2.250558,34
2019-04-08,1.627164,1.627164,1.627164,1.627164,42
2019-06-05,1.752782,1.752782,1.752782,1.752782,9
2019-07-30,1.697604,1.697604,1.697604,1.697604,902
2019-08-01,1.465152,1.287878,1.465152,1.287878,902
2019-11-25,1.988756,1.988756,1.988756,1.988756,8
2019-11-29,1.991104,1.991104,1.991104,1.991104,8
2019-12-20,1.610728,1.610728,1.610728,1.610728,42
2019-12-31,1.534418,1.534418,1.534418,1.534418,42
2020-01-14,1.219786,1.219786,1.219786,1.219786,42
2020-02-27,1.452238,1.151694,1.452238,1.151694,85
2020-03-17,1.519156,1.324272,3.521413,1.296096,5525
2020-03-18,1.112952,1.112952,1.112952,1.112952,68
2020-03-20,1.0558956,0.888131,1.0558956,0.888131,97
2020-03-23,1.114126,1.114126,1.114126,1.114126,8
2020-03-26,1.293161,1.174,1.382385,1.174,3319
2020-03-27,1.264398,1.264398,1.264398,1.264398,25
2020-03-30,1.427584,1.427584,1.427584,1.427584,170
2020-04-01,1.37945,1.37945,1.37945,1.37945,85
2020-04-03,1.387668,1.387668,1.387668,1.387668,21
2020-04-17,1.06247,1.06247,1.06247,1.06247,340
2020-04-24,0.9979,1.202176,1.202176,0.9979,851
2020-04-28,1.38532,1.640078,1.640078,1.38532,962
2020-04-29,1.6436,1.679055,1.679055,1.606619,195
2020-04-30,1.761,1.458108,1.761,1.458108,809
2020-05-04,1.618946,1.618946,1.618946,1.618946,110
2020-05-07,1.6110802,1.6110802,1.6110802,1.6110802,212
2020-05-11,1.598988,1.598988,1.598988,1.598988,85
2020-05-13,1.404104,1.40293,1.404104,1.24444,511
2020-05-14,1.419366,1.419366,1.419366,1.419366,25
2020-05-18,2.935,2.935,2.935,1.82557,289
2020-05-19,1.6292772,1.609554,1.6292772,1.609554,213
2020-05-20,1.553202,1.525026,1.553202,1.525026,1328
2020-05-21,1.3579658,1.341882,1.3579658,1.341882,298
2020-05-26,1.516808,1.431106,1.516808,1.2914,996
2020-05-27,1.431106,1.431106,1.431106,1.431106,77
2020-05-28,1.49685,1.235635,1.49685,1.235635,212
2020-06-02,1.387668,1.387668,1.387668,1.387668,70
2020-06-03,1.346578,1.151107,1.999322,1.151107,511
2020-06-04,1.695256,1.1392496,1.695256,1.1392496,44
2020-06-05,1.174,1.174,1.174,1.174,68
2020-06-08,1.297857,1.297857,1.297857,1.297857,579
2020-06-09,1.2914,1.36184,1.394712,1.2914,255
2020-06-10,1.090646,1.090646,1.090646,1.090646,127
2020-06-11,1.06247,1.06247,1.06247,1.06247,29
2020-06-25,1.2299998,1.20922,1.2299998,1.20922,1273
2020-06-26,1.161673,1.161673,1.161673,1.161673,212
2020-06-29,1.2914,1.06834,1.2914,1.06834,1665
2020-06-30,1.25031,1.26792,1.26792,1.160499,8560
2020-07-02,1.428758,1.188088,1.428758,1.188088,298
2020-07-08,1.25031,1.25031,1.25031,1.25031,425
2020-07-16,1.564942,1.641839,1.641839,1.564942,391
2020-07-17,1.700539,1.640078,1.700539,1.640078,247
2020-07-21,1.640078,1.640078,1.640078,1.640078,212
2020-07-29,NaN,1.640078,NaN,NaN,8
2020-07-30,1.660036,1.660036,1.660036,1.660036,936
2020-08-04,1.66708,2.069762,2.069762,1.66708,102
2020-08-05,1.860203,1.8784,1.8784,1.860203,4318
2020-08-13,1.761,1.761,1.761,1.761,851
2020-08-17,1.79035,1.79035,1.79035,1.79035,425
2020-08-18,1.809134,1.809134,1.809134,1.809134,425
2020-08-19,1.989343,2.096764,2.096764,1.989343,468
2020-08-20,2.128462,2.405526,2.405526,2.128462,22998
2020-08-21,2.086198,2.134332,2.134332,2.086198,915
2020-08-24,2.176596,2.176596,2.176596,2.176596,42
2020-08-25,2.22473,2.22473,2.22473,2.22473,1277
2020-08-26,2.263472,2.203598,2.263472,2.203598,107
2020-08-28,2.244688,2.200076,2.244688,2.200076,63
2020-08-31,2.402239,2.402239,2.402239,2.402239,21
2020-09-01,2.000496,1.4088,2.122592,1.4088,17597
2020-09-02,1.5262,1.436976,1.5262,1.4088,2129
2020-09-08,1.55555,1.55555,1.55555,1.55555,74
2020-09-10,1.52033,1.516808,1.52033,1.516808,809
2020-09-24,1.3582006,1.3582006,1.3582006,1.3582006,21
2020-09-29,1.30314,1.30314,1.30314,1.30314,10
2020-10-09,1.384146,1.4088,1.463978,1.36771,7666
2020-10-13,1.301966,1.240918,1.304314,1.240918,3407
2020-10-14,1.340121,1.294922,1.340121,1.294922,48
2020-10-15,NaN,1.294922,NaN,NaN,0
2020-10-20,1.284356,1.284356,1.284356,1.284356,170
2020-10-21,NaN,1.284356,NaN,NaN,0
2020-10-23,1.073036,1.071862,1.073036,1.071862,2129
2020-10-26,1.110017,0.9392,1.110017,0.9392,2129
2020-11-06,1.08008,1.08008,1.08008,1.08008,85
2020-11-09,0.947418,0.947418,0.947418,0.947418,85
2020-11-12,1.060122,1.060122,1.060122,1.060122,93
2020-11-16,1.870182,1.870182,1.870182,1.870182,545
2020-11-17,1.131736,1.131736,1.131736,1.131736,8
2020-11-19,0.83941,0.943896,0.943896,0.83941,38
2020-11-25,0.961506,0.961506,0.961506,0.961506,8
2020-11-27,0.994378,0.994378,0.994378,0.994378,85
2020-11-30,0.949766,0.949766,0.949766,0.949766,85
2020-12-04,0.923938,0.923938,0.923938,0.923938,42
2020-12-10,0.9392,0.9392,0.9392,0.9392,85
2020-12-16,NaN,0.9392,NaN,NaN,3
2020-12-18,NaN,0.9392,NaN,NaN,0
2020-12-28,1.762174,0.9392,1.762174,0.9392,127
2020-12-29,1.101212,1.22096,1.22096,1.101212,3321
2020-12-31,1.347752,1.36184,1.368884,1.347752,1112
2021-01-04,1.386494,1.424062,1.74926,1.386494,1535
2021-01-05,2.344478,2.105921,2.479488,2.105921,10118
2021-01-06,2.03102,2.497098,2.497098,2.03102,634
2021-01-07,2.492402,2.6415,2.6415,2.492402,891
2021-01-08,2.591018,2.402004,2.591018,2.402004,979
2021-01-11,2.348,2.5828,2.5828,2.0545,26622
2021-01-12,2.79999,2.607454,2.79999,2.376176,54991
2021-01-13,2.511186,2.28343,2.53584,2.28343,1717
2021-01-14,2.348,2.696678,2.889214,2.348,10380
2021-01-15,2.608628,2.674959,2.694565,2.5828,2097
2021-01-19,2.853994,3.340617,3.502042,2.853994,3517
2021-01-20,3.4633,3.027746,3.4633,3.027746,655
2021-01-21,2.906824,3.021876,3.041834,2.906824,4003
2021-01-22,2.973742,3.019528,3.019528,2.973742,340
2021-01-25,2.855168,2.831688,2.857516,2.831688,323
2021-01-26,2.78825,2.654414,2.789424,2.654414,1415
2021-01-27,2.485358,2.357392,2.485358,2.357392,1533
2021-01-28,2.403178,2.67672,2.935,2.403178,28337
2021-01-29,2.784728,2.71781,2.784728,2.71781,10091
2021-02-01,2.75303,2.556972,2.75303,2.556972,4660
2021-02-02,2.343891,2.749132,2.79412,2.343891,2032
2021-02-03,2.751856,2.684938,2.751856,2.57106,848
2021-02-04,2.633282,2.7002,2.76477,2.548754,9181
2021-02-05,2.7002,2.684938,2.762422,2.63563,14433
2021-02-08,2.815252,2.613324,2.815252,2.61215,5664
2021-02-09,3.406948,2.863151,3.406948,2.725441,2280
2021-02-10,3.35177,3.23437,3.449212,3.145146,5228
2021-02-11,3.149842,2.868082,3.149842,2.868082,1180
2021-02-12,3.033616,3.235544,3.235544,3.033616,1305
2021-02-16,4.307406,3.051226,4.307406,3.051226,2504
2021-02-17,3.142798,3.003092,3.142798,2.94674,3261
2021-02-18,1.752782,2.90477,3.10523,1.752782,1408
2021-02-19,2.884518,2.760074,2.884518,2.760074,528
2021-02-22,2.8176,2.765944,2.8176,2.595714,2523
2021-02-23,2.687169,2.683764,2.761424,2.5828,3871
2021-02-24,2.663806,2.633282,2.689047,2.622012,290
2021-02-25,2.724854,2.67085,2.730724,2.67085,671
2021-02-26,2.554624,2.545173,2.5828,2.35974,1558
2021-03-01,2.703722,2.566834,2.703722,2.566834,1516
2021-03-02,2.573408,2.47127,2.573408,2.47127,2519
2021-03-03,2.380872,2.396134,2.420788,2.37148,1334
2021-03-04,2.395195,2.1132,2.395195,2.108504,8264
2021-03-05,2.272864,2.07798,2.272864,1.965276,3577
2021-03-08,2.038064,2.22473,2.326868,2.038064,11800
2021-03-09,2.150416,1.996974,2.150416,1.996974,727
2021-03-10,2.200017,2.062718,2.200017,1.9958,1381
2021-03-11,2.112026,2.020454,2.122592,1.988756,10936
2021-03-12,2.032194,2.141376,2.225904,2.002844,7020
2021-03-15,2.086245,2.088546,2.114374,2.086245,1800
2021-03-16,2.106156,2.284369,2.284369,2.106156,958
2021-03-17,2.210642,2.332738,2.332738,2.210642,4258
2021-03-18,2.367958,2.419614,2.59454,2.357392,4633
2021-03-19,2.349761,2.35387,2.366596,2.30428,1343
2021-03-22,2.348,2.292822,2.348,2.292822,524
2021-03-23,2.34213,2.135506,2.34213,2.135506,586
2021-03-24,2.251732,1.92536,2.251732,1.817352,7813
2021-03-25,1.926534,1.926534,1.926534,1.926534,341
2021-03-26,1.965276,1.967624,2.020454,1.965276,1678
2021-03-29,2.004018,1.89601,2.004018,1.89601,195
2021-03-30,1.879574,1.879574,1.879574,1.879574,834
2021-03-31,NaN,1.879574,NaN,NaN,1
2021-04-01,1.744564,1.768631,1.768631,1.744564,784
2021-04-05,1.6363212,1.675298,1.675298,1.6363212,279
2021-04-06,1.648296,1.6292772,1.648296,1.6292772,2129
2021-04-07,1.730476,1.730476,1.730476,1.730476,42
2021-04-08,1.771566,1.682342,1.771566,1.656514,1107
2021-04-09,1.6390801,1.6390801,1.6390801,1.6390801,86
2021-04-12,1.640078,1.68469,1.83144,1.640078,2853
2021-04-13,1.628338,1.628338,1.628338,1.628338,255
2021-04-14,1.588422,1.588422,1.588422,1.588422,853
2021-04-15,1.5366721,1.6145318,1.6145318,1.5366721,510
2021-04-16,1.606032,1.600209,1.606032,1.546158,229
2021-04-19,1.641252,1.613076,1.641252,1.613076,195
2021-04-20,1.5849,1.633034,1.634208,1.5849,4514
2021-04-21,1.648883,1.7023,1.728128,1.648883,450
2021-04-22,1.621294,1.621294,1.621294,1.621294,425
2021-04-26,1.644774,1.644774,1.644774,1.644774,127
2021-04-28,1.609554,1.522678,1.609554,1.522678,1703
2021-04-29,1.609554,1.669428,1.669428,1.609554,1660
2021-04-30,1.669428,1.697604,1.697604,1.669428,59
2021-05-04,1.609554,1.609554,1.609554,1.609554,1448
2021-05-05,1.736346,1.833788,1.833788,1.736346,842
2021-05-06,1.681168,1.681168,1.681168,1.681168,212
2021-05-07,1.62012,1.589596,1.62012,1.589596,1362
2021-05-10,1.697604,1.589596,1.697604,1.509764,585
2021-05-11,1.679102,1.679102,1.679102,1.679102,425
2021-05-13,2.016932,1.935926,2.055674,1.89014,21252
2021-05-14,1.762174,1.8784,1.951188,1.762174,298
2021-05-18,1.761,1.84905,1.84905,1.738694,954
2021-05-19,NaN,1.84905,NaN,NaN,2
2021-05-21,1.763348,1.6436,1.763348,1.6436,474
2021-05-25,1.6436,1.559072,1.6436,1.559072,2896
2021-05-26,1.652992,1.652992,1.652992,1.652992,723
2021-05-27,1.460456,1.610728,1.610728,1.460456,8858
2021-05-28,1.593118,1.723432,1.723432,1.5927658,8787
2021-06-01,2.08972,2.096764,2.096764,2.08972,936
2021-06-02,2.243514,2.243514,2.243514,2.128462,11152
2021-06-03,2.39766,2.102634,2.39766,2.102634,53
2021-06-07,1.905402,1.924186,1.924186,1.905402,212
2021-06-08,1.900706,1.888966,1.95471,1.888966,316
2021-06-10,0.961506,1.789176,1.789176,0.961506,51
2021-06-11,1.788002,1.788002,1.788002,1.788002,170
2021-06-14,1.742216,1.498024,1.742216,1.498024,97
2021-06-15,1.439324,1.439324,1.439324,1.439324,340
2021-06-16,1.34423,1.34423,1.34423,1.34423,51
2021-06-17,NaN,1.34423,NaN,NaN,1
2021-06-21,1.388842,1.429932,1.429932,1.388842,1758
2021-06-22,NaN,1.429932,NaN,NaN,4
2021-06-24,1.489806,1.417018,1.489806,1.417018,4097
2021-06-25,1.425236,1.4169593,1.425236,1.4169593,315
2021-06-29,NaN,1.4169593,NaN,NaN,851
2021-06-30,1.422888,1.56142,1.56142,1.405278,726
2021-07-01,1.638317,1.63773,1.638317,1.63773,383
2021-07-06,2.099112,2.090894,2.10146,2.090894,3611
2021-07-07,1.979364,1.979364,1.979364,1.979364,42
2021-07-08,1.869008,1.869008,1.869008,1.869008,85
2021-07-09,1.832614,1.836136,1.926534,1.832614,3002
2021-07-14,2.1132,1.897184,2.1132,1.897184,10330
2021-07-15,NaN,1.897184,NaN,NaN,4
2021-07-16,2.063892,2.074458,2.074458,2.058022,1763
2021-07-19,1.964102,1.96645,2.00167,1.964102,425
2021-07-20,1.89601,1.89601,1.89601,1.89601,425
2021-07-21,1.941796,1.815004,1.986408,1.815004,1172
2021-07-22,1.844448,1.846702,1.887698,1.844448,3405
2021-07-23,1.834962,1.810308,1.834962,1.810308,51
2021-07-27,1.728128,1.6338558,1.728128,1.6338558,433
2021-07-28,1.536766,1.536766,1.536766,1.536766,810
2021-07-29,1.624816,1.624816,1.624816,1.624816,170
2021-08-02,1.440498,1.634208,1.634208,1.440498,851
2021-08-03,1.636556,1.636556,1.636556,1.636556,340
2021-08-05,1.6711186,1.6711186,1.6711186,1.6711186,425
2021-08-06,1.640078,1.793872,1.79622,1.593118,41681
2021-08-09,1.965276,2.495924,2.77651,1.964102,95922
2021-08-10,2.707244,2.727202,2.836008,2.495924,47482
2021-08-11,2.877474,2.628586,2.877474,2.574582,13214
2021-08-12,2.720158,2.910346,3.18741,2.62389,38981
2021-08-13,3.477388,3.932313,4.503464,3.047704,123112
2021-08-16,3.83311,4.272186,4.298014,3.497346,22468
2021-08-17,4.3438,4.627908,4.957802,4.228748,32586
2021-08-18,4.696,3.675794,5.371637,3.614746,47421
2021-08-19,3.600658,3.45156,3.600658,3.219108,30797
2021-08-20,3.594788,3.646444,3.892984,3.38112,20289
2021-08-23,3.922334,3.799064,3.922334,3.781454,5848
2021-08-24,4.045604,3.83898,4.057344,3.543132,7174
2021-08-25,3.669924,4.005688,4.109,3.669924,877
2021-08-26,4.01508,3.61005,4.01508,3.61005,3606
2021-08-27,3.62179,3.440994,3.62179,3.349422,31676
2021-08-30,3.684012,3.7568,3.98573,3.684012,5227
2021-08-31,3.86246,4.187658,4.327364,3.86246,3205
2021-09-01,4.73709,4.695413,5.283,4.444764,15767
2021-09-02,4.843924,4.88971,5.233692,4.6373,56751
2021-09-03,5.085768,5.803082,6.130628,4.77231,58050
2021-09-07,6.677125,7.1614,7.177836,6.062536,32072
2021-09-08,8.185128,6.55092,8.185128,6.188154,27767
2021-09-09,6.514526,6.530962,6.940042,6.219852,7044
2021-09-10,6.736412,6.111727,6.736412,6.107148,9161
2021-09-13,6.1048,5.44736,6.1048,5.246606,20361
2021-09-14,5.5178,4.724176,5.5178,4.612646,15468
2021-09-15,4.849794,5.767862,5.767862,4.646692,4185
2021-09-16,5.565934,5.344048,5.565934,5.278304,3514
2021-09-17,5.648114,5.44149,5.648114,5.173759,2334
2021-09-20,5.091638,4.806356,5.133902,4.559816,5476
2021-09-21,5.143294,5.228996,5.421532,5.0482,3797
2021-09-22,5.050548,5.150338,5.469666,4.8134,23273
2021-09-23,5.2009,5.0128,5.49,4.9,1690
2021-09-24,5.1191,4.63,5.1191,4.63,813
2021-09-27,4.39,4.27,4.39,4.01,6211
2021-09-28,4.2001,4.21,4.34,3.8962,4258
2021-09-29,4.31,4.26,4.43,4.2382,10692
2021-09-30,4.36,4.785,4.85,4.36,11521
2021-10-01,4.765,4.88,4.88,4.67,613
2021-10-04,5.6069,5.64,5.65,5.34,5301
2021-10-05,5.845,5.844,6.12,5.7,4161
2021-10-06,5.63,5.46,5.63,5.26,2270
2021-10-07,5.5,5.1,5.5,5.05,3121
2021-10-08,5.36,4.96,5.36,4.96,3322
2021-10-11,4.92,5.53,5.55,4.89,2618
2021-10-12,5.3,4.768,5.39,4.49,29343
2021-10-14,3.2331,3.22,3.35,3.14,260743
2021-10-15,3.35,3.02,3.35,2.9,179141
2021-10-18,3.15,2.93,3.15,2.8367,132097
2021-10-19,2.97,2.67,2.97,2.61,182624
2021-10-20,2.75,2.5999,2.78,2.56,291291
2021-10-21,2.67,2.95,3.07,2.49,761694
2021-10-22,2.99,2.83,3.1,2.79,222782
2021-10-25,2.74,2.67,2.9398,2.66,79251
2021-10-26,2.67,2.61,2.71,2.6,83309
2021-10-27,2.6145,2.59,2.72,2.56,45082
2021-10-28,2.61,2.53,2.65,2.51,55035
2021-10-29,2.6,2.82,2.87,2.58,96534
2021-11-01,2.73,2.66,2.81,2.61,79738
2021-11-02,2.75,2.73,2.84,2.61,162877
2021-11-03,2.89,3.87,4.23,2.89,27534145
2021-11-04,4.91,4.0,5.89,3.12,28486900
2021-11-05,3.76,3.88,3.93,2.93,3394773
2021-11-08,3.47,3.72,3.74,3.25,743369
2021-11-09,3.38,3.21,3.64,3.1999,386341
2021-11-10,3.2,3.11,3.3,2.97,347463
2021-11-11,3.03,2.98,3.065,2.82,248689
2021-11-12,2.92,2.75,2.97,2.6601,277491
2021-11-15,2.88,3.0,3.15,2.7,315005
2021-11-16,3.07,2.88,3.07,2.79,133638
2021-11-17,2.89,2.73,2.905,2.72,107091
2021-11-18,2.7,2.6,2.73,2.52,114754
2021-11-19,2.582,2.65,2.69,2.53,58146
2021-11-22,2.7,2.64,2.7,2.44,78540
2021-11-23,2.51,2.42,2.5899,2.41,63847
2021-11-24,2.42,2.44,2.49,2.35,75176
2021-11-26,2.4,2.36,2.435,2.36,37058
2021-11-29,2.43,2.37,2.43,2.23,83986
2021-11-30,2.42,2.33,2.42,2.12,98158
2021-12-01,2.4417,2.22,2.4417,2.2,85926
2021-12-02,2.205,2.08,2.2392,2.04,42080
2021-12-03,2.02,1.99,2.07,1.8058,138551
2021-12-06,1.95,1.89,1.96,1.78,80620
2021-12-07,1.9801,2.15,2.25,1.9409,128757
2021-12-08,2.12,2.28,2.38,2.05,104744
2021-12-09,2.31,2.35,2.61,2.31,464242
2021-12-10,2.37,2.2,2.4799,2.18,166975
2021-12-13,2.21,2.07,2.25,2.03,77221
2021-12-14,2.13,1.9,2.14,1.85,40271
2021-12-15,1.96,1.9,2.0,1.75,58392
2021-12-16,2.18,1.87,2.18,1.82,102374
2021-12-17,1.85,1.99,2.0,1.8057,59951
2021-12-20,2.01,1.94,2.03,1.8501,61732
2021-12-21,2.0,1.96,2.0599,1.95,51421
2021-12-22,1.9139,1.98,2.01,1.87,20667
2021-12-23,2.0,2.0,2.07,1.8801,38174
2021-12-27,1.96,1.85,2.07,1.8,66078
2021-12-28,1.87,1.8,1.9799,1.73,82663
2021-12-29,1.9551,1.93,2.08,1.92,217491
2021-12-30,2.08,2.03,2.12,1.975,94593
2021-12-31,1.99,2.05,2.08,1.94,36139
2022-01-03,2.1,2.15,2.18,1.9591,54671
2022-01-04,2.15,2.15,2.1889,2.07,27328
2022-01-05,2.15,2.06,2.15,1.98,36639
2022-01-06,1.96,2.0,2.06,1.96,35938
2022-01-07,1.96,1.9,1.9799,1.9,28988
2022-01-10,1.9323,1.9,2.14,1.9,47922
2022-01-11,1.9,2.05,2.05,1.89,22989
2022-01-12,2.05,1.89,2.05,1.85,44742
2022-01-13,1.9,1.93,1.96,1.805,34816
2022-01-14,1.87,1.97,1.98,1.84,20968
2022-01-18,1.95,1.85,2.03,1.83,22491
2022-01-19,1.83,1.77,1.83,1.75,54978
2022-01-20,1.84,1.8,1.84,1.75,29990
2022-01-21,1.76,1.71,1.7603,1.66,47139
2022-01-24,1.67,1.52,1.67,1.46,22128
2022-01-25,1.52,1.62,1.62,1.48,12804
2022-01-26,1.54,1.54,1.6,1.5035,4812
2022-01-27,1.5422,1.6,1.6,1.48,17102
2022-01-28,1.5341,1.6,1.6,1.5317,1953
2022-01-31,1.51,1.54,1.6,1.45,15421
2022-02-01,1.59,1.72,1.72,1.59,7296
2022-02-02,1.7,1.69,1.7,1.59,8175
2022-02-03,1.69,1.635,1.69,1.59,4965
2022-02-04,1.63,1.56,1.63,1.56,4927
2022-02-07,1.6,1.66,1.66,1.57,10151
2022-02-08,1.65,1.78,1.78,1.645,56925
2022-02-09,1.7,1.66,1.765,1.65,2958
2022-02-10,1.78,1.67,1.78,1.67,23322
2022-02-11,1.65,1.64,1.67,1.59,15962
2022-02-14,1.59,1.67,1.67,1.56,18490
2022-02-15,1.57,1.6,1.65,1.5,10026
2022-02-16,1.5101,1.575,1.63,1.5101,3922
2022-02-17,1.53,1.5,1.61,1.5,18310
2022-02-18,1.57,1.52,1.57,1.45,20305
2022-02-22,1.48,1.45,1.48,1.2,58866
2022-02-23,1.3501,1.45,1.45,1.3501,22512
2022-02-24,1.26,1.37,1.38,1.26,18178
2022-02-25,1.27,1.47,1.47,1.27,9869
2022-02-28,1.3001,1.41,1.4977,1.3001,6366
2022-03-01,1.37,1.43,1.43,1.37,4552
2022-03-02,1.45,1.51,1.54,1.3834,8176
2022-03-03,1.37,1.55,1.55,1.35,12706
2022-03-04,1.44,1.39,1.44,1.33,11641
2022-03-07,1.39,1.39,1.39,1.33,10037
2022-03-08,1.4899,1.4,1.4899,1.39,10367
2022-03-09,1.4,1.4,1.4399,1.4,11774
2022-03-10,1.4,1.401,1.42,1.4,15006
2022-03-11,1.3484,1.37,1.4,1.3484,5048
2022-03-14,1.37,1.305,1.3857,1.3,18318
2022-03-15,1.3002,1.22,1.335,1.16,14025
2022-03-16,1.22,1.26,1.32,1.19,4531
2022-03-17,1.26,1.16,1.26,1.15,13145
2022-03-18,1.1577,1.27,1.35,1.15,14946
2022-03-21,1.41,1.2,1.41,1.16,27259
2022-03-22,1.2387,1.21,1.39,1.21,24454
2022-03-23,1.31,1.74,2.48,1.31,4404160
2022-03-24,1.67,1.75,1.79,1.58,333362
2022-03-25,1.76,1.85,1.94,1.6628,129106
2022-03-28,1.95,1.85,1.95,1.64,76131
2022-03-29,1.98,1.85,1.98,1.8,45642
2022-03-30,1.81,1.93,2.0,1.81,96607
2022-03-31,1.92,1.95,2.0,1.89,24782
2022-04-01,1.89,1.92,1.98,1.89,20216
2022-04-04,1.93,1.925,1.98,1.9,19900
2022-04-05,1.9,1.95,1.95,1.9,12002
2022-04-06,2.12,1.905,2.12,1.9,29921
2022-04-07,1.9,1.94,2.06,1.9,30169
2022-04-08,1.99,1.97,1.99,1.88,25858
2022-04-11,1.99,1.905,1.99,1.88,31287
2022-04-12,1.86,1.905,1.95,1.86,17754
2022-04-13,1.86,1.92,2.05,1.86,44007
2022-04-14,1.93,1.885,1.93,1.86,16234
2022-04-18,1.87,1.9,1.9,1.83,3815
2022-04-19,1.95,1.94,1.97,1.88,14897
2022-04-20,1.9,1.95,2.03,1.9,8140
2022-04-21,1.96,1.87,2.01,1.87,38468
2022-04-22,1.87,1.8,1.87,1.76,13259
2022-04-25,1.76,1.71,1.8,1.7,13397
2022-04-26,1.74,1.6,1.74,1.51,12191
2022-04-27,1.51,1.51,1.64,1.51,13620
2022-04-28,1.66,1.37,1.66,1.37,30441
2022-04-29,1.4,1.3,1.42,1.3,21950
2022-05-02,1.23,1.16,1.26,1.16,20557
2022-05-03,1.49,1.83,2.29,1.32,4895152
2022-05-04,1.6,1.6,1.6,1.42,654687
2022-05-05,1.65,1.74,1.9,1.6101,298251
2022-05-06,1.74,1.77,1.85,1.6364,95090
2022-05-09,1.6,1.73,1.97,1.6,84932
2022-05-10,1.76,1.54,1.8,1.35,118510
2022-05-11,1.62,1.6,1.658,1.5,61974
2022-05-12,1.54,1.56,1.59,1.48,10997
2022-05-13,1.44,1.52,1.55,1.44,27662
2022-05-16,1.48,1.45,1.52,1.42,17304
2022-05-17,1.53,1.43,1.53,1.43,8034
2022-05-18,1.5,1.47,1.5,1.43,8693
2022-05-19,1.44,1.4,1.44,1.39,25334
2022-05-20,1.4,1.32,1.42,1.32,13758
2022-05-23,1.33,1.3243,1.36,1.3243,4689
2022-05-24,1.3001,1.345,1.345,1.3001,8936
2022-05-25,1.445,1.25,1.445,1.25,20151
2022-05-26,1.335,1.3,1.52,1.25,30242
2022-05-27,1.3201,1.35,1.38,1.28,21852
2022-05-31,1.38,1.28,1.38,1.24,22350
2022-06-01,1.3,1.36,1.36,1.2956,1159
2022-06-02,1.35,1.33,1.35,1.25,15467
2022-06-03,1.25,1.28,1.31,1.25,8708
2022-06-06,1.3,1.43,1.53,1.275,27878
2022-06-07,1.43,1.6644,1.69,1.43,51166
2022-06-08,1.55,1.62,1.6239,1.55,2674
2022-06-09,1.5,1.575,1.6278,1.44,14789
2022-06-10,1.54,1.54,1.56,1.5,3319
2022-06-13,1.31,1.35,1.53,1.25,9320
2022-06-14,1.39,1.47,1.47,1.39,2333
2022-06-15,1.32,1.45,1.45,1.32,1502
2022-06-16,1.43,1.375,1.43,1.25,16962
2022-06-17,1.3,1.27,1.42,1.27,9069
2022-06-21,1.47,1.27,1.47,1.27,6083
2022-06-22,1.29,1.2575,1.29,1.25,3611
2022-06-23,1.27,1.2,1.28,1.12,26181
2022-06-24,1.14,1.23,1.2996,1.14,16343
2022-06-27,1.33,1.44,1.58,1.11,56598
2022-06-28,1.4,1.61,1.66,1.4,21861
2022-06-29,1.68,1.61,1.68,1.48,9646
2022-06-30,1.57,1.41,1.57,1.2834,25082
2022-07-01,1.37,1.35,1.37,1.3,2355
2022-07-05,1.25,1.33,1.49,1.25,5236
2022-07-06,1.29,1.275,1.405,1.25,7259
2022-07-07,1.3,1.3747,1.3815,1.3,12701
2022-07-08,1.27,1.24,1.29,1.23,5406
2022-07-11,1.33,1.225,1.33,1.2,7730
2022-07-12,1.23,1.22,1.2322,1.11,19422
2022-07-13,2.1,1.81,2.23,1.6,23221007
2022-07-14,1.65,1.8675,1.91,1.65,907844
2022-07-15,1.72,1.7,1.8299,1.65,232803
2022-07-18,1.7,1.61,1.73,1.58,90842
2022-07-19,1.35,1.47,1.73,1.25,226685
2022-07-20,1.5414,1.47,1.5414,1.38,71842
2022-07-21,1.4701,1.44,1.485,1.43,30394
2022-07-22,1.34,1.43,1.48,1.34,49475
2022-07-25,1.4114,1.39,1.43,1.38,15314
2022-07-26,1.49,1.39,1.5,1.27,89953
2022-07-27,1.39,1.36,1.4365,1.33,25469
2022-07-28,1.33,1.36,1.3993,1.32,10773
2022-07-29,1.31,1.36,1.41,1.31,33187
2022-08-01,1.3601,1.41,1.41,1.32,13440
2022-08-02,1.43,1.3552,1.44,1.31,43988
2022-08-03,1.39,1.345,1.39,1.3302,32147
2022-08-04,1.39,1.42,1.44,1.35,120764
2022-08-05,1.41,1.45,1.5299,1.41,132976
2022-08-08,1.5,1.44,1.5,1.43,24549
2022-08-09,1.4,1.45,1.4699,1.38,19053
2022-08-10,1.48,1.47,1.48,1.4,16352
2022-08-11,1.41,1.45,1.58,1.41,31781
2022-08-12,1.48,1.45,1.54,1.38,39203
2022-08-15,1.51,1.51,1.51,1.41,58484
2022-08-16,1.47,1.49,1.51,1.44,28014
2022-08-17,1.45,1.48,1.52,1.45,7737
2022-08-18,1.48,1.53,1.63,1.45,37308
2022-08-19,1.53,1.51,1.5402,1.49,10480
2022-08-22,1.86,1.65,1.94,1.3701,4557861
2022-08-23,1.6,1.79,1.79,1.59,405103
2022-08-24,1.7,1.58,1.725,1.54,107511
2022-08-25,1.55,1.5,1.6303,1.5,79842
2022-08-26,1.58,1.45,1.58,1.44,33206
2022-08-29,1.44,1.37,1.5,1.37,43877
2022-08-30,1.54,1.34,1.54,1.31,42563
2022-08-31,1.3359,1.35,1.38,1.32,34879
2022-09-01,1.47,1.37,1.47,1.31,34681
2022-09-02,1.33,1.4,1.41,1.32,21391
2022-09-06,1.42,1.42,1.47,1.33,23129
2022-09-07,1.38,1.45,1.4886,1.38,18908
2022-09-08,1.43,1.38,1.48,1.38,37274
2022-09-09,1.37,1.32,1.39,1.32,29993
2022-09-12,1.3,1.32,1.37,1.3,5582
2022-09-13,1.32,1.33,1.36,1.3,7647
2022-09-14,1.32,1.33,1.39,1.3,35631
2022-09-15,1.33,1.31,1.35,1.31,24273
2022-09-16,1.28,1.28,1.34,1.28,34430
2022-09-19,1.3016,1.19,1.34,1.19,136586
2022-09-20,1.3,1.25,1.3,1.19,11187
2022-09-21,1.23,1.14,1.25,1.14,49017
2022-09-22,1.11,0.9356,1.15,0.8953,264094
2022-09-23,0.9578,1.21,1.21,0.9577,405595
2022-09-26,1.18,1.11,1.3,1.11,39255
2022-09-27,1.16,1.19,1.22,1.08,70123
2022-09-28,1.19,1.22,1.25,1.12,28837
2022-09-29,1.21,1.14,1.21,1.05,60098
2022-09-30,1.15,1.21,1.28,1.15,36194
2022-10-03,1.28,1.19,1.28,1.19,13319
2022-10-04,0.9252,1.0201,1.1799,0.911,279690
2022-10-05,1.12,1.1,1.12,1.0,50357
2022-10-06,1.1192,1.01,1.1192,1.0,86159
2022-10-07,1.03,1.01,1.0596,1.01,5124
2022-10-10,1.0,1.02,1.04,1.0,8389
2022-10-11,1.0,0.985,1.0,0.9585,11544
2022-10-12,0.956,0.9682,0.99,0.9374,16188
2022-10-13,1.05,0.915,1.05,0.8839,12819
2022-10-14,0.91,0.8301,0.9274,0.81,66556
2022-10-17,0.842605,0.9,0.9009,0.8,29406
2022-10-18,0.96,0.9599,1.0,0.9001,19686
2022-10-19,0.9201,0.8407,0.9661,0.8407,7778
2022-10-20,0.8431,0.9241,0.970799,0.8431,8917
2022-10-21,0.91,0.9898,0.9898,0.88,16631
2022-10-24,0.92,0.9,0.9898,0.8977,1782
2022-10-25,0.9199,0.8569,0.9199,0.8212,57846
2022-10-26,0.8639,0.8399,0.8639,0.78,28433
2022-10-27,0.86,0.9199,1.09,0.8,403192
2022-10-28,0.8849,0.8401,0.9499,0.7701,92322
2022-10-31,0.8149,0.845,0.845,0.8,43165
2022-11-01,0.8878,0.76,0.8878,0.75,27632
2022-11-02,0.7509,0.79,0.8299,0.7509,26532
2022-11-03,0.78,0.82,0.9,0.78,20407
2022-11-04,0.86,0.800901,0.9,0.800901,9484
2022-11-07,0.810201,0.81,0.8152,0.8012,16501
2022-11-08,0.7799,0.8,0.8497,0.7636,3304
2022-11-09,0.7592,0.7605,0.8599,0.663,15413
2022-11-10,0.85,0.85,0.8501,0.7101,22534
2022-11-11,0.84,0.99,0.99,0.8,16211
2022-11-14,0.95,1.07,1.07,0.9202,10600
2022-11-15,1.0,0.9007,1.0,0.9002,14791
2022-11-16,0.91,0.82,0.9599,0.805,29147
2022-11-17,0.82,0.82,0.82,0.82,1537
2022-11-18,0.82,0.82,0.85,0.82,1229
2022-11-21,0.8238,0.7752,0.849699,0.7752,46578
2022-11-22,0.7809,0.7753,0.82,0.7753,8961
2022-11-23,0.8469,0.8402,0.95,0.8288,21076
2022-11-25,0.9595,0.963001,0.981,0.95,30443
2022-11-28,0.97,0.9401,1.03,0.9401,25790
2022-11-29,0.94,0.92,0.9999,0.92,4440
2022-11-30,0.92,0.87,0.96,0.81,31886
2022-12-01,0.87,0.93,0.97,0.87,22656
2022-12-02,0.93,0.93,0.96,0.93,5993
2022-12-05,0.9301,0.8506,0.9301,0.8506,2625
2022-12-06,0.853,0.86125,0.932699,0.853,11362
2022-12-07,0.8613,0.8801,0.9254,0.8613,6156
2022-12-08,0.8801,0.8549,0.8801,0.8549,370
2022-12-09,0.853,0.9068,0.9496,0.853,2219
2022-12-12,0.856701,0.8305,0.8983,0.82,13797
2022-12-13,0.8799,0.8118,0.9439,0.8118,29949
2022-12-14,0.78,0.8106,0.85,0.78,8525
2022-12-15,0.81,0.8344,0.9176,0.7646,23232
2022-12-16,0.8037,0.8145,0.8455,0.799,1716
2022-12-19,0.82,0.7601,0.8489,0.7601,25321
2022-12-20,0.812333,0.78,0.812333,0.78,10945
2022-12-21,0.78,0.7301,0.819799,0.73,19395
2022-12-22,0.76,0.73,0.76,0.6902,12388
2022-12-23,0.74,0.74,0.74,0.74,1687
2022-12-27,0.75,0.935,0.935,0.7401,4444
2022-12-28,0.92,0.853,0.92,0.7401,21231
2022-12-29,0.853,0.85,0.9125,0.85,5105
2022-12-30,0.8925,0.808,0.8925,0.78,8607
2023-01-03,0.9253,0.8201,0.9253,0.82,3676
2023-01-04,0.8923,0.8705,0.8924,0.8103,2689
2023-01-05,0.8599,0.76815,0.8772,0.76815,21432
2023-01-06,0.8673,0.7501,0.8673,0.7374,20700
2023-01-09,0.72,0.8004,0.8401,0.72,17282
2023-01-10,0.7801,0.7607,0.8599,0.7546,21760
2023-01-11,0.819899,0.7702,0.8199,0.73,12836
2023-01-12,0.8194,0.8381,0.8993,0.74,42463
2023-01-13,0.7901,0.7707,0.8127,0.77,11698
2023-01-17,0.8,0.8397,0.8398,0.7532,13876
2023-01-18,0.7948,0.7828,0.819,0.78,10728
2023-01-19,1.08,0.87,1.24,0.8208,43920217
2023-01-20,0.8099,0.755,0.8099,0.7011,2848489
2023-01-23,0.78,0.6858,0.78,0.665,1140656
2023-01-24,0.68,0.705,0.72,0.665,585590
2023-01-25,0.6801,0.71,0.721699,0.6763,310707
2023-01-26,0.698,0.692,0.725,0.6888,277764
2023-01-27,0.58,0.6143,0.67,0.5705,929754
2023-01-30,0.6028,0.589,0.64,0.5735,309405
2023-01-31,0.58,0.59,0.6058,0.5478,270113
2023-02-01,0.65,0.64,0.66745,0.59,597866
2023-02-02,0.65,0.6234,0.660001,0.62,350824
2023-02-03,0.6207,0.5931,0.644,0.5916,136207
2023-02-06,0.61,0.62,0.63,0.58,258952
2023-02-07,0.61,0.62,0.6399,0.59265,211246
2023-02-08,0.594,0.668,0.668,0.59,158322
2023-02-09,0.65,0.615,0.659,0.6003,195801
2023-02-10,0.61,0.6171,0.633,0.5901,88306
2023-02-13,0.618,0.6,0.618,0.591,46255
2023-02-14,0.5999,0.5998,0.605,0.59,20842
2023-02-15,0.59,0.5905,0.59995,0.59,159390
2023-02-16,0.5783,0.5999,0.6,0.5783,44758
2023-02-17,0.5978,0.600739,0.6157,0.57,56456
2023-02-21,0.5804,0.612,0.645,0.5804,112612
2023-02-22,0.6,0.622,0.622,0.5756,62290
2023-02-23,0.571,0.59,0.6193,0.565,113417
2023-02-24,0.5902,0.5552,0.6037,0.5525,86094
2023-02-27,0.55,0.63,0.675,0.55,168027
2023-02-28,0.6111,0.5887,0.6218,0.54,195434
2023-03-01,0.586899,0.56,0.596,0.5402,195079
2023-03-02,0.56,0.596,0.596,0.545,74261
2023-03-03,0.57,0.59,0.592,0.5502,84058
2023-03-06,0.5899,0.5562,0.597,0.55,177772
2023-03-07,0.556099,0.552,0.59,0.5502,71697
2023-03-08,0.5504,0.555,0.572,0.5504,35676
2023-03-09,0.56,0.54,0.5655,0.51,73459
2023-03-10,0.5201,0.534,0.55,0.5201,33924
2023-03-13,0.5453,0.529,0.5601,0.529,46201
2023-03-14,0.55,0.5293,0.5583,0.5291,43754
2023-03-15,0.5557,0.515,0.5701,0.5023,74371
2023-03-16,0.5471,0.5353,0.580001,0.52,107126
2023-03-17,0.52,0.5,0.5417,0.47,117504
2023-03-20,0.485,0.48,0.513,0.4701,36076
2023-03-21,0.4983,0.47,0.5122,0.468,67218
2023-03-22,0.48,0.51,0.51,0.469,55713
2023-03-23,0.51,0.4963,0.51,0.45,43419
2023-03-24,0.485,0.4801,0.49,0.430101,69712
2023-03-27,0.48,0.4851,0.49,0.4549,75048
2023-03-28,0.460201,0.4501,0.48,0.440201,37234
2023-03-29,0.48,0.4805,0.5,0.4652,31153
2023-03-30,0.48,0.4758,0.4998,0.4426,86616
2023-03-31,0.476,0.4651,0.476,0.4553,28475
2023-04-03,0.4762,0.45,0.4848,0.41,102678
2023-04-04,0.46,0.53,0.54,0.4495,47588
2023-04-05,0.5194,0.55,0.55,0.4701,63282
2023-04-06,0.55,0.55,0.55,0.54,9867
2023-04-10,0.54,0.5376,0.55,0.5102,16411
2023-04-11,0.5555,0.67,0.69,0.5552,269342
2023-04-12,0.67,0.6882,0.705,0.63,484770
2023-04-13,0.705,0.704,0.71,0.6586,127916
2023-04-14,0.704,0.7285,0.7299,0.6461,115895
2023-04-17,0.71,0.7732,0.78,0.7067,134888
2023-04-18,0.7732,0.76,0.7732,0.74,73126
2023-04-19,0.7405,0.7461,0.7521,0.6501,45530
2023-04-20,0.74,0.7497,0.89,0.5901,1002677
2023-04-21,0.78,0.7306,0.8045,0.6701,340378
2023-04-24,0.7101,0.6752,0.735,0.6607,112978
2023-04-25,0.7055,0.63,0.7055,0.611021,47639
2023-04-26,0.65,0.6331,0.6629,0.6102,33268
2023-04-27,0.6918,0.63,0.6918,0.61,38235
2023-04-28,0.68,0.6405,0.68,0.62,40593
2023-05-01,0.7425,0.6857,0.7425,0.6103,92138
2023-05-02,0.6846,0.6656,0.7018,0.66,31122
2023-05-03,0.66,0.7275,0.7418,0.65,70674
2023-05-04,0.74,0.6977,0.74,0.64,121083
2023-05-05,0.6976,0.6717,0.708,0.66,19933
2023-05-08,0.6801,0.69,0.7301,0.6341,117864
2023-05-09,0.6891,0.6974,0.6974,0.6787,30960
2023-05-10,0.6703,0.695,0.7037,0.658,31693
2023-05-11,0.68,0.689899,0.7,0.6716,32035
2023-05-12,0.6567,0.7054,0.7109,0.65,68037
2023-05-15,0.6826,0.6864,0.705099,0.65,46158
2023-05-16,0.6999,0.6716,0.6999,0.6634,11579
2023-05-17,0.66,0.7,0.7094,0.66,36501
2023-05-18,0.74,0.732176,0.76,0.680101,137667
2023-05-19,0.74,0.8012,0.83,0.74,117713
