2022-06-27,9.8,9.83,9.83,9.8,251618
2022-06-28,9.81,9.8294,9.83,9.805,14161
2022-06-29,9.81,9.8294,9.83,9.81,18304
2022-06-30,9.8,9.8194,9.82,9.8,30901
2022-07-01,9.81,9.81,9.81,9.8,198948
2022-07-05,9.81,9.82,9.83,9.81,1407006
2022-07-07,9.83,9.83,9.83,9.83,6853
2022-07-11,9.82,9.85,9.85,9.82,7051
2022-07-12,9.85,9.84,9.85,9.84,74275
2022-07-13,9.84,9.84,9.84,9.84,4251
2022-07-14,9.85,9.83,9.85,9.83,8581
2022-07-15,9.84,9.84,9.84,9.84,200
2022-07-18,9.84,9.84,9.85,9.84,120984
2022-07-19,9.84,9.84,9.84,9.84,6201
2022-07-20,9.85,9.85,9.85,9.85,143750
2022-07-22,9.85,9.85,9.85,9.85,2000
2022-07-25,9.87,9.88,9.88,9.87,614
2022-07-26,9.85,9.85,9.85,9.85,225
2022-07-27,9.87,9.85,9.87,9.85,421
2022-07-28,9.86,9.85,9.88,9.85,6392
2022-08-02,9.85,9.85,9.85,9.85,450050
2022-08-03,9.88,9.88,9.88,9.88,2219
2022-08-04,9.88,9.89,9.89,9.88,153200
2022-08-08,9.89,9.88,9.89,9.88,390
2022-08-10,9.8899,9.88,9.8899,9.88,11215
2022-08-11,9.89,9.87,9.89,9.87,39016
2022-08-16,9.8899,9.8899,9.8899,9.8899,111
2022-08-23,9.89,9.89,9.89,9.89,2168
2022-08-26,9.8601,9.8601,9.8601,9.8601,121
2022-08-30,9.8501,9.8501,9.8501,9.8501,111
2022-09-02,9.865,9.86,9.865,9.86,174526
2022-09-06,9.855,9.86,9.86,9.855,48275
2022-09-13,9.88,9.88,9.88,9.88,102
2022-09-19,9.89,9.89,9.89,9.89,106
2022-09-20,9.89,9.89,9.89,9.89,100
2022-09-23,9.89,9.89,9.89,9.89,205
2022-09-26,9.89,9.9,9.9,9.89,19806
2022-09-27,9.89,9.89,9.89,9.89,50000
2022-09-28,9.9,9.89,9.9,9.89,15322
2022-10-04,9.91,9.89,9.91,9.89,30155
2022-10-05,9.9,9.86,9.9,9.86,30005
2022-10-14,9.9,9.9,9.9001,9.9,15752
2022-10-17,9.9,9.9,9.9,9.9,350000
2022-10-19,9.91,9.91,9.91,9.91,792
2022-10-21,9.91,9.9097,9.92,9.9,46228
2022-10-24,9.92,9.92,9.92,9.92,200
2022-10-25,9.92,9.92,9.92,9.9057,1988
2022-10-26,9.91,9.92,9.92,9.91,41207
2022-10-27,9.91,9.91,9.91,9.91,586
2022-10-28,9.9117,9.9117,9.9117,9.9117,216
2022-10-31,9.91,9.91,9.91,9.91,469
2022-11-08,9.9291,9.9201,9.9291,9.9201,203
2022-11-10,9.93,9.93,9.93,9.93,253
2022-11-15,9.93,9.95,9.95,9.93,21239
2022-11-16,9.945,9.945,9.945,9.945,332
2022-11-17,9.96,9.94,9.96,9.94,10001
2022-11-23,9.97,9.97,9.97,9.97,1036
2022-11-28,10.0,9.97,10.0,9.965,7012
2022-11-29,9.96,9.96,9.96,9.96,30830
2022-11-30,9.93,9.955,9.96,9.93,301
2022-12-05,9.96,9.965,9.965,9.96,1128
2022-12-06,9.94,9.96,9.965,9.94,12798
2022-12-07,9.95,9.97,9.975,9.95,21312
2022-12-08,9.97,9.96,9.97,9.9504,5220
2022-12-12,9.99,9.99,9.9903,9.98,34072
2022-12-14,9.995,10.01,10.01,9.99,22984
2022-12-15,9.995,10.005,10.01,9.995,19807
2022-12-19,10.03,10.01,10.03,10.01,2500
2022-12-20,10.0,10.01,10.01,10.0,3476
2022-12-21,9.98,10.0,10.02,9.98,2201
2022-12-22,10.0,10.0,10.0,10.0,117
2022-12-23,9.97,10.02,10.03,9.97,16502
2022-12-27,9.93,10.02,10.04,9.93,104627
2022-12-29,10.02,10.03,10.035,10.02,1950
2022-12-30,10.09,10.04,10.09,10.03,61235
2023-01-03,10.04,10.02,10.04,10.02,1706
2023-01-04,10.05,10.07,10.07,10.04,90949
2023-01-05,10.08,10.08,10.08,10.065,139368
2023-01-06,10.09,10.09,10.1,10.08,139396
2023-01-09,10.09,10.09,10.09,10.08,102974
2023-01-10,10.08,10.09,10.1,10.08,203982
2023-01-13,10.1,10.1,10.1,10.095,10156
2023-01-17,10.095,10.11,10.11,10.095,1081
2023-01-18,10.08,10.11,10.11,10.07,15128
2023-01-19,10.08,10.1036,10.1036,10.07,18378
2023-01-20,10.09,10.11,10.11,10.07,160178
2023-01-23,10.1,10.14,10.14,10.1,27082
2023-01-24,10.1,10.1,10.12,10.1,12379
2023-01-25,10.11,10.11,10.12,10.11,11455
2023-01-26,10.14,10.13,10.14,10.115,21677
2023-01-27,10.14,10.14,10.15,10.14,305649
2023-01-30,10.15,10.14,10.15,10.14,90799
2023-01-31,10.145,10.16,10.16,10.14,82189
2023-02-01,10.15,10.16,10.16,10.14,98580
2023-02-02,10.16,10.17,10.17,10.16,56487
2023-02-03,10.17,10.18,10.2,10.17,434887
2023-02-06,10.175,10.19,10.19,10.17,30168
2023-02-07,10.17,10.18,10.19,10.17,330523
2023-02-08,10.185,10.18,10.185,10.18,22804
2023-02-09,10.19,10.185,10.19,10.185,705
2023-02-10,10.185,10.185,10.185,10.185,1267
2023-02-13,10.185,10.2,10.2,10.185,10413
2023-02-14,10.195,10.195,10.195,10.195,449
2023-02-15,10.19,10.19,10.19,10.19,38559
2023-02-17,10.195,10.195,10.195,10.195,804
2023-02-21,10.195,10.2,10.2,10.195,9513
2023-02-27,10.205,10.2054,10.2054,10.205,520
2023-02-28,10.205,10.24,10.24,10.205,4902
2023-03-02,10.2,10.2,10.21,10.2,19355
2023-03-08,10.219,10.22,10.22,10.219,2048
2023-03-09,10.22,10.22,10.22,10.22,120
2023-03-13,10.23,10.2299,10.23,10.2299,4014
2023-03-14,10.24,10.21,10.24,10.21,33010
2023-03-15,10.2398,10.2398,10.2398,10.2398,151
2023-03-21,10.25,10.27,10.27,10.25,9263
2023-03-23,10.28,10.27,10.28,10.27,8525
2023-03-24,10.24,10.24,10.24,10.24,922
2023-03-27,10.25,10.27,10.27,10.25,46507
2023-03-29,10.26,10.265,10.28,10.26,25079
2023-03-31,10.29,10.29,10.29,10.29,5603
2023-04-04,10.26,10.26,10.26,10.26,25000
2023-04-05,10.26,10.26,10.26,10.26,157
2023-04-06,10.27,10.2899,10.3,10.27,1078838
2023-04-10,10.29,10.28,10.29,10.28,989
2023-04-11,10.29,10.305,10.31,10.2899,717149
2023-04-12,10.31,10.3,10.31,10.295,6802
2023-04-13,10.2999,10.36,10.36,10.28,11006
2023-04-17,10.3506,10.3,10.3506,10.3,2706
2023-04-18,10.31,10.2999,10.31,10.2801,5953
2023-04-19,10.32,10.29,10.32,10.29,3736
2023-04-20,10.32,10.29,10.32,10.29,5362
2023-04-21,10.32,10.33,10.33,10.32,5882
2023-04-24,10.321,10.34,10.345,10.32,166803
2023-04-25,10.34,10.3401,10.3401,10.34,5520
2023-04-26,10.35,10.35,10.35,10.35,582
2023-04-27,10.3489,10.3489,10.3489,10.3489,467
2023-04-28,10.35,10.35,10.35,10.35,565
2023-05-01,10.34,10.35,10.35,10.34,8112
2023-05-02,10.35,10.35,10.35,10.35,5716
2023-05-03,10.35,10.36,10.36,10.35,450086
2023-05-04,10.36,10.355,10.36,10.355,560
