2018-04-12,20.0,20.0,21.85,19.12,13102419
2018-04-13,19.8,20.6,20.82,19.6,1864667
2018-04-16,20.88,20.6,20.88,19.9,907867
2018-04-17,20.55,19.55,20.66,19.0,1152504
2018-04-18,19.61,19.56,20.42,19.0742,886009
2018-04-19,19.57,19.65,19.72,19.211,463459
2018-04-20,19.55,19.72,19.73,19.45,300461
2018-04-23,19.83,20.0,20.1,19.6176,341860
2018-04-24,20.12,19.7,20.12,19.41,308490
2018-04-25,19.72,19.61,19.73,19.4,272858
2018-04-26,19.68,20.28,20.28,19.6021,218829
2018-04-27,19.87,19.61,20.22,19.55,573943
2018-04-30,19.55,19.26,19.88,19.2,211828
2018-05-01,19.37,19.67,19.891,19.28,149731
2018-05-02,19.92,19.59,20.19,19.5,219982
2018-05-03,19.59,19.66,20.02,19.2,283046
2018-05-04,19.87,19.55,19.98,19.3791,145622
2018-05-07,19.39,19.25,19.47,18.75,417130
2018-05-08,19.28,19.51,19.66,19.11,167944
2018-05-09,19.48,19.79,19.9,19.33,123406
2018-05-10,19.8,20.04,20.18,19.42,169461
2018-05-11,20.08,20.16,20.35,19.51,264366
2018-05-14,20.3,19.89,20.35,19.75,159986
2018-05-15,19.81,19.22,19.845,19.17,192980
2018-05-16,19.23,19.36,19.71,19.2,107992
2018-05-17,19.3,19.69,19.75,19.3,68539
2018-05-18,19.66,19.67,20.02,19.65,99083
2018-05-21,19.64,19.63,19.739,19.3292,153806
2018-05-22,19.66,19.73,19.77,19.66,131158
2018-05-23,19.6,20.01,20.299,19.58,301668
2018-05-24,20.0,21.01,21.24,19.65,309013
2018-05-25,20.97,21.4,22.189,20.97,410098
2018-05-29,21.4,20.67,21.51,20.0,329555
2018-05-30,20.9,21.94,22.01,20.67,316402
2018-05-31,21.84,22.18,22.96,21.67,429767
2018-06-01,23.12,26.4,27.5,22.22,2136948
2018-06-04,29.16,28.02,29.88,27.3001,1969197
2018-06-05,28.71,28.54,29.93,28.17,1187847
2018-06-06,28.9,30.2,31.0,28.68,1076080
2018-06-07,30.74,27.8,30.7765,27.15,1050509
2018-06-08,28.04,29.23,29.57,28.01,535300
2018-06-11,29.47,31.53,32.55,29.28,1168374
2018-06-12,32.29,29.0,33.08,28.97,1369111
2018-06-13,29.75,29.74,30.15,29.1,1000642
2018-06-14,30.75,31.34,32.97,30.58,1525361
2018-06-15,31.55,34.63,36.0,31.25,4141923
2018-06-18,35.06,37.09,37.78,34.11,3329408
2018-06-19,36.06,33.51,37.69,32.66,2736677
2018-06-20,35.84,32.01,35.87,32.0,1720913
2018-06-21,31.96,29.19,32.05,28.88,2759441
2018-06-22,29.64,27.64,29.9099,26.6,2571855
2018-06-25,26.67,28.68,29.0,26.2801,1874233
2018-06-26,29.0,27.47,30.1,27.09,1553773
2018-06-27,27.6,26.96,28.49,26.46,1651402
2018-06-28,26.76,28.33,28.48,26.66,1099839
2018-06-29,28.69,27.2,30.68,27.19,1842179
2018-07-02,27.54,28.49,28.68,27.18,1552730
2018-07-03,28.4,28.32,28.825,27.6497,649715
2018-07-05,28.37,26.74,28.99,26.68,1516757
2018-07-06,27.08,26.31,27.69,25.82,1223513
2018-07-09,26.71,26.07,27.0,25.61,1331372
2018-07-10,26.41,24.78,26.5,24.55,2243853
2018-07-11,24.3,24.26,25.05,24.12,1628397
2018-07-12,24.51,25.89,26.7,24.1501,1934753
2018-07-13,25.79,25.69,25.94,23.87,1487004
2018-07-16,25.23,24.41,25.48,24.25,1051198
2018-07-17,24.3,26.58,26.87,24.29,1740601
2018-07-18,26.85,27.18,27.99,26.12,1658392
2018-07-19,27.09,25.81,27.66,25.5,1400044
2018-07-20,26.0,25.27,26.47,25.22,930483
2018-07-23,25.22,26.54,26.64,24.62,905708
2018-07-24,26.8,25.25,27.441,25.01,1086480
2018-07-25,25.45,26.31,26.45,25.41,750317
2018-07-26,25.74,26.03,26.74,25.43,431731
2018-07-27,26.18,25.12,26.5499,24.66,1027174
2018-07-30,25.12,22.93,25.38,22.88,1369099
2018-07-31,23.5,24.53,25.2,22.5,1920418
2018-08-01,24.18,24.58,25.138,23.77,848815
2018-08-02,24.37,25.83,26.0,24.0001,1118129
2018-08-03,26.53,25.18,26.56,25.0,955387
2018-08-06,25.28,28.0,28.23,25.26,1398139
2018-08-07,28.84,27.4,29.34,27.0,1033115
2018-08-08,27.56,26.73,27.9459,26.11,485994
2018-08-09,27.29,28.2,28.99,27.06,1388355
2018-08-10,28.0,28.43,29.9502,27.66,1274686
2018-08-13,28.81,29.38,29.93,28.75,1237303
2018-08-14,29.75,30.57,30.88,28.6,1625617
2018-08-15,29.84,30.0,30.75,29.0,920890
2018-08-16,30.5,30.34,30.55,29.73,978618
2018-08-17,29.71,29.15,30.29,28.83,1352862
2018-08-20,29.9,28.3,29.99,28.055,971137
2018-08-21,28.28,28.8,29.33,28.231,979799
2018-08-22,28.39,29.72,30.0,28.337,762327
2018-08-23,29.87,30.17,30.8498,29.17,1047137
2018-08-24,30.38,33.38,33.48,30.3216,1821690
2018-08-27,35.31,35.1,35.6499,33.72,2239610
2018-08-28,35.45,32.34,35.6826,32.22,2711306
2018-08-29,33.3665,33.4,33.75,31.345,1733175
2018-08-30,33.42,34.01,34.75,32.015,2454548
2018-08-31,29.13,27.58,29.2,27.53,8608414
2018-09-04,27.7,27.86,28.3902,26.2107,3298491
2018-09-05,27.05,25.84,27.15,25.2,4166630
2018-09-06,26.04,25.04,26.1,24.53,2424324
2018-09-07,25.0,25.53,26.23,24.08,2054563
2018-09-10,25.5,24.67,25.64,24.24,1551952
2018-09-11,24.78,25.51,26.02,24.5,1194312
2018-09-12,25.84,26.01,26.21,25.065,1306450
2018-09-13,26.29,25.58,26.43,25.32,1659208
2018-09-14,25.58,24.63,25.81,24.5,1379709
2018-09-17,24.35,24.11,24.95,23.8,972580
2018-09-18,24.29,23.31,24.48,23.1,1749545
2018-09-19,23.35,22.91,23.42,22.26,2018573
2018-09-20,22.77,22.99,23.45,21.8,3060506
2018-09-21,23.39,23.36,24.0,22.59,1880877
2018-09-24,23.19,22.93,23.47,22.82,975766
2018-09-25,22.73,22.26,23.25,22.2,1748115
2018-09-26,22.3,22.43,22.7,22.02,1618575
2018-09-27,22.5,22.89,23.05,22.37,1145982
2018-09-28,22.79,23.11,23.4,22.17,1366580
2018-10-01,23.07,21.47,23.11,21.41,3166985
2018-10-02,21.58,21.11,21.86,20.41,1719747
2018-10-03,20.71,21.1,21.43,20.42,2058355
2018-10-04,20.89,21.32,21.4986,20.52,1627859
2018-10-05,21.26,21.16,21.48,20.69,1474229
2018-10-08,20.89,19.94,21.24,19.77,2119572
2018-10-09,19.5,19.65,20.1,18.97,4979986
2018-10-10,19.28,18.51,20.11,18.15,2509598
2018-10-11,18.5,17.83,18.92,17.72,2642811
2018-10-12,19.21,18.1,19.21,17.96,2350270
2018-10-15,18.03,19.79,20.3,17.73,3176754
2018-10-16,20.45,20.91,21.1,19.81,2125155
2018-10-17,21.07,20.83,21.25,20.0005,1252077
2018-10-18,20.72,20.9,21.31,20.257,1174440
2018-10-19,21.085,20.0,21.29,19.78,1828720
2018-10-22,20.11,19.4,20.21,19.21,1180948
2018-10-23,18.87,19.49,19.79,18.58,859454
2018-10-24,19.45,17.91,19.69,17.87,1173595
2018-10-25,18.12,19.32,19.62,17.87,1395728
2018-10-26,18.51,19.03,19.49,18.451,1063594
2018-10-29,19.55,18.46,19.94,18.18,1141609
2018-10-30,18.49,19.35,19.35,18.4,1110411
2018-10-31,19.71,20.42,20.51,19.5011,1718468
2018-11-01,20.52,20.6,20.9,20.01,1264683
2018-11-02,20.8,20.78,21.2754,20.49,1342263
2018-11-05,20.94,20.71,21.0246,20.2393,600729
2018-11-06,20.87,20.8,21.19,20.5,786734
2018-11-07,21.24,21.49,21.51,20.85,1770232
2018-11-08,21.5,21.85,22.02,21.1,1211421
2018-11-09,21.44,20.97,21.6995,20.38,1010583
2018-11-12,20.93,20.33,21.1,20.0,795974
2018-11-13,20.48,20.46,21.1,20.22,670838
2018-11-14,20.78,20.45,21.0,20.3107,855214
2018-11-15,20.37,21.27,21.38,20.26,819416
2018-11-16,21.05,20.73,21.51,20.39,780597
2018-11-19,20.73,17.76,20.8,17.71,2166179
2018-11-20,16.52,17.4,17.77,16.0,2012141
2018-11-21,17.79,17.66,18.0,17.37,822589
2018-11-23,17.3,17.93,18.3,17.2092,397738
2018-11-26,18.2,18.83,18.97,18.044,850166
2018-11-27,18.61,18.75,19.2399,18.4728,939363
2018-11-28,19.24,20.0,20.18,18.91,1575794
2018-11-29,20.24,20.56,20.69,19.71,2824103
2018-11-30,19.13,19.03,20.5,18.3465,3640975
2018-12-03,20.2,19.25,20.23,18.81,1596645
2018-12-04,18.91,18.1,18.91,18.0,2027873
2018-12-06,17.9,18.53,18.53,17.55,1374674
2018-12-07,18.43,18.14,18.5667,17.81,1022478
2018-12-10,18.04,18.05,18.62,17.79,1192809
2018-12-11,18.59,18.47,19.5,17.9,1884994
2018-12-12,18.58,18.72,19.08,18.58,1912032
2018-12-13,18.9,18.1,19.09,18.0,1024592
2018-12-14,17.87,18.24,18.53,17.65,1039184
2018-12-17,17.87,16.15,18.08,16.1,2642537
2018-12-18,16.57,16.8,17.1,16.4,1970500
2018-12-19,16.77,17.52,18.36,16.7099,2647524
2018-12-20,18.23,17.04,18.44,16.69,1987718
2018-12-21,17.06,16.08,17.06,15.88,2518287
2018-12-24,15.67,16.36,16.85,15.56,550036
2018-12-26,16.68,17.81,17.82,16.37,1092333
2018-12-27,17.31,17.9,17.92,16.62,1011304
2018-12-28,17.94,17.65,18.16,17.41,1141001
2018-12-31,17.95,18.14,18.15,17.7601,1125526
2019-01-02,17.7,18.2,18.67,17.65,1039498
2019-01-03,17.86,17.68,18.2098,17.27,766703
2019-01-04,18.09,18.55,18.66,17.96,1355322
2019-01-07,18.83,19.49,19.85,18.76,1602812
2019-01-08,19.94,19.74,19.94,19.32,889700
2019-01-09,19.9,19.88,20.0,19.7113,1011224
2019-01-10,19.68,19.93,20.11,19.12,1870734
2019-01-11,19.84,19.97,19.99,19.64,591588
2019-01-14,19.9,19.77,19.95,19.5,651627
2019-01-15,19.84,20.48,20.5,19.66,1278571
2019-01-16,20.25,20.2,20.75,19.86,1442313
2019-01-17,20.15,20.76,20.95,20.0467,1580874
2019-01-18,20.95,21.14,21.6,20.9,2241669
2019-01-22,20.92,21.34,21.55,20.61,892469
2019-01-23,21.5,20.43,21.64,19.92,1029089
2019-01-24,20.35,20.39,20.66,19.82,787985
2019-01-25,20.48,21.36,21.48,20.21,1479813
2019-01-28,21.05,21.13,21.38,20.85,643122
2019-01-29,21.14,20.87,21.31,20.86,421313
2019-01-30,21.24,21.34,21.48,20.9,650132
2019-01-31,21.38,21.64,22.445,21.28,1216765
2019-02-01,21.23,21.16,21.4,20.5,1250003
2019-02-04,20.98,21.39,21.85,20.98,542981
2019-02-05,21.5,21.39,21.72,21.0201,1307464
2019-02-06,21.39,20.53,21.51,20.29,1143591
2019-02-07,20.39,20.82,20.98,19.8,1321281
2019-02-08,20.6,21.3,21.49,20.5829,934083
2019-02-11,21.46,20.27,21.46,20.08,1199378
2019-02-12,20.54,20.68,20.9,20.4,664024
2019-02-13,20.83,21.18,21.47,20.8201,1043332
2019-02-14,21.0,22.51,22.845,21.0,2648462
2019-02-15,22.6,22.5,23.02,22.41,1324633
2019-02-19,22.54,23.22,23.5,22.32,1430220
2019-02-20,23.25,23.18,23.7,23.04,1624348
2019-02-21,23.14,23.31,23.45,22.39,830555
2019-02-22,23.69,23.97,24.07,23.52,1741140
2019-02-25,24.28,24.24,24.47,23.65,1641260
2019-02-26,24.28,23.64,24.48,23.51,1185854
2019-02-27,23.66,24.55,24.65,23.27,1258961
2019-02-28,24.44,23.76,24.54,23.75,916689
2019-03-01,24.09,23.41,24.2,23.36,1813098
2019-03-04,23.7,22.81,23.72,21.63,1806398
2019-03-05,22.71,22.5,22.8,22.04,2156023
2019-03-06,22.33,22.4,23.3,22.25,957388
2019-03-07,22.4,22.98,23.6,22.31,1130403
2019-03-08,22.65,23.04,23.45,22.36,1086762
2019-03-11,23.1,23.55,24.17,23.1,1540636
2019-03-12,23.65,23.52,24.05,23.4,1250559
2019-03-13,23.58,23.63,24.22,23.45,1479676
2019-03-14,23.58,23.5,24.0,23.28,1011243
2019-03-15,23.55,23.41,23.85,23.09,1293007
2019-03-18,23.64,23.06,23.74,22.77,1050645
2019-03-19,24.0,23.43,24.41,23.3101,2485611
2019-03-20,23.83,23.74,24.23,23.4,1830284
2019-03-21,23.82,24.33,24.4336,23.68,5054488
2019-03-22,22.28,20.91,23.9699,20.28,10602377
2019-03-25,20.75,20.39,20.82,19.51,3656092
2019-03-26,20.04,19.48,20.25,19.13,5074344
2019-03-27,19.23,19.2,19.34,18.13,4557875
2019-03-28,19.22,19.51,20.03,18.87,2057507
2019-03-29,19.76,20.03,20.13,19.38,2547677
2019-04-01,20.2,19.68,20.3,19.57,2698428
2019-04-02,19.73,20.25,20.31,19.6,1878443
2019-04-03,20.4,20.58,20.95,20.22,2029058
2019-04-04,20.54,20.14,20.87,19.7,2252250
2019-04-05,20.12,20.15,20.52,20.06,1360192
2019-04-08,20.13,20.23,20.31,19.74,907615
2019-04-09,20.07,19.68,20.27,19.63,720290
2019-04-10,19.65,19.79,20.14,19.62,852138
2019-04-11,19.87,19.7,20.0,19.67,670162
2019-04-12,19.76,19.34,19.8789,19.18,1415748
2019-04-15,19.25,19.38,19.63,19.05,851861
2019-04-16,19.37,19.49,19.74,18.85,1421981
2019-04-17,19.74,19.55,19.8,18.83,1687772
2019-04-18,19.39,19.22,19.64,18.88,1350491
2019-04-22,19.07,19.32,19.5,18.95,883392
2019-04-23,19.4,19.99,20.13,19.322,1320448
2019-04-24,20.2,20.05,20.4,19.87,1331984
2019-04-25,20.55,21.26,21.85,20.55,4727639
2019-04-26,21.45,21.35,21.95,21.21,1950036
2019-04-29,21.41,22.11,22.37,21.41,2141948
2019-04-30,22.01,22.1,22.65,21.94,1146347
2019-05-01,22.21,21.38,22.2692,21.01,1659138
2019-05-02,21.45,21.36,21.77,21.01,1110639
2019-05-03,21.54,22.24,22.33,21.4,1149178
2019-05-06,21.78,22.87,23.04,21.36,2885448
2019-05-07,22.5,22.1,22.98,21.68,1616292
2019-05-08,22.1,22.26,22.84,22.03,1249826
2019-05-09,21.94,22.45,22.805,21.15,1372766
2019-05-10,22.22,22.35,22.48,21.38,1370073
2019-05-13,21.82,21.13,21.931,20.99,1135494
2019-05-14,21.31,21.81,21.93,21.21,1095310
2019-05-15,21.61,22.24,22.45,21.603,892058
2019-05-16,22.27,22.56,23.0,22.27,1357801
2019-05-17,22.34,22.33,22.89,22.06,777698
2019-05-20,22.0,22.06,22.23,21.664,953346
2019-05-21,22.3,22.59,22.79,22.22,1599081
2019-05-22,22.53,22.39,22.84,22.29,1036814
2019-05-23,22.1,20.8,22.17,20.32,3787320
2019-05-24,21.09,21.35,21.37,20.81,1172549
2019-05-28,21.32,21.37,22.01,21.19,2190050
2019-05-29,21.27,20.35,21.31,20.06,2474643
2019-05-30,20.54,19.9,20.87,19.7315,3951011
2019-05-31,13.36,13.99,14.2399,13.35,18995249
2019-06-03,14.0,13.26,14.02,13.04,8121700
2019-06-04,13.6,14.3,14.44,13.45,3076246
2019-06-05,14.55,14.18,14.65,13.96,2229907
2019-06-06,14.16,14.57,14.72,14.1,2180721
2019-06-07,14.5,14.56,14.98,14.4,2069643
2019-06-10,14.81,14.76,15.47,14.65,3202794
2019-06-11,14.87,14.17,14.9157,14.15,2441130
2019-06-12,14.02,14.97,15.18,14.0,3071126
2019-06-13,15.2,14.94,15.29,14.68,1242920
2019-06-14,14.8,14.73,14.85,14.4,1297230
2019-06-17,14.73,15.5,15.64,14.73,1852177
2019-06-18,15.53,15.66,16.0,15.47,1431967
2019-06-19,15.66,15.91,16.2788,15.63,1396881
2019-06-20,16.15,15.71,16.3,15.5,1536617
2019-06-21,15.73,15.91,16.0,15.5,3802334
2019-06-24,15.88,15.12,15.94,15.0,1745352
2019-06-25,15.04,14.89,15.095,14.61,1663662
2019-06-26,15.0,14.74,15.39,14.6,1205658
2019-06-27,14.75,15.03,15.23,14.71,1262827
2019-06-28,15.03,15.32,15.39,14.935,13166392
2019-07-01,15.46,15.46,15.885,15.35,2005352
2019-07-02,15.47,15.85,15.895,15.15,1252094
2019-07-03,15.9,16.04,16.25,15.72,863186
2019-07-05,15.82,16.11,16.16,15.71,771338
2019-07-08,15.97,16.05,16.18,15.8425,870151
2019-07-09,15.91,16.36,16.38,15.76,998018
2019-07-10,16.37,16.45,16.745,16.26,762364
2019-07-11,16.45,16.35,16.55,16.11,724587
2019-07-12,16.4,16.39,16.57,16.12,727262
2019-07-15,16.48,16.32,16.65,16.26,708841
2019-07-16,16.6,15.76,16.6486,15.65,1310585
2019-07-17,15.8,15.48,16.0611,15.4,1309368
2019-07-18,15.38,15.49,15.49,14.97,1115276
2019-07-19,15.63,15.31,15.79,15.17,734161
2019-07-22,15.39,15.41,15.51,15.17,470556
2019-07-23,15.48,15.09,15.48,15.075,753420
2019-07-24,15.09,15.39,15.47,15.0,1371531
2019-07-25,15.38,15.3,15.9,15.2,1138823
2019-07-26,15.42,15.55,15.88,15.325,815719
2019-07-29,15.6,15.19,15.6923,14.82,908528
2019-07-30,15.06,15.5,15.58,14.93,646275
2019-07-31,15.53,15.01,15.63,14.84,843837
2019-08-01,15.06,14.84,15.407,14.67,1109240
2019-08-02,14.78,14.83,14.945,14.42,999420
2019-08-05,14.13,13.96,14.21,13.42,1683227
2019-08-06,14.14,14.02,14.32,13.83,746765
2019-08-07,13.91,14.21,14.33,13.67,624160
2019-08-08,14.27,14.44,14.88,14.2301,841433
2019-08-09,14.4,14.05,14.54,13.98,760149
2019-08-12,13.9,13.84,14.05,13.72,597005
2019-08-13,13.8,13.9,14.32,13.71,1120268
2019-08-14,13.7,13.74,13.88,13.32,1188650
2019-08-15,13.75,13.32,13.81,13.06,1258856
2019-08-16,13.46,13.54,13.9,13.42,2426501
2019-08-19,13.78,13.67,13.925,13.5549,1171368
2019-08-20,13.63,13.81,13.925,13.53,902983
2019-08-21,13.93,14.04,14.4525,13.91,1216426
2019-08-22,14.11,14.29,14.41,13.99,1110172
2019-08-23,14.28,14.19,14.67,14.095,1147836
2019-08-26,14.33,14.31,14.43,13.93,1118034
2019-08-27,14.45,14.0,14.5,13.71,1745113
2019-08-28,13.8,13.93,13.96,13.431,2351415
2019-08-29,15.24,14.88,15.51,14.31,3456332
2019-08-30,15.08,15.05,15.4,14.82,1849380
2019-09-03,14.97,14.39,14.97,14.33,1544407
2019-09-04,14.66,14.67,14.83,14.44,1097631
2019-09-05,14.91,14.93,15.07,14.56,1041168
2019-09-06,15.1,15.31,15.45,14.64,1260994
2019-09-09,15.39,15.46,15.87,15.14,1279100
2019-09-10,15.3,15.89,15.95,15.13,968905
2019-09-11,15.75,15.72,16.0,15.27,1481042
2019-09-12,15.66,15.34,15.93,15.29,1273353
2019-09-13,15.24,15.19,15.505,15.13,873002
2019-09-16,14.79,15.31,15.33,14.76,1476088
2019-09-17,15.33,15.7,15.775,15.26,1705728
2019-09-18,15.67,15.49,15.7,15.21,1092927
2019-09-19,15.5,15.76,15.97,15.5,845929
2019-09-20,15.75,15.75,16.0,15.57,3576381
2019-09-23,15.63,15.6,15.83,15.4,1325150
2019-09-24,15.72,15.17,15.72,15.03,1364948
2019-09-25,15.18,15.24,15.37,14.95,1675680
2019-09-26,15.23,15.99,16.59,15.07,3683126
2019-09-27,16.22,15.1,16.38,14.81,2199680
2019-09-30,15.15,15.05,15.3186,14.65,1145279
2019-10-01,15.05,14.65,15.34,14.61,1399602
2019-10-02,14.47,14.55,14.7,14.16,1380295
2019-10-03,14.54,15.09,15.23,14.4,848029
2019-10-04,15.09,15.03,15.28,14.9,784506
2019-10-07,15.0,14.82,15.19,14.75,1066948
2019-10-08,14.63,14.49,14.76,14.3,574142
2019-10-09,14.61,14.53,14.86,14.41,641349
2019-10-10,14.55,14.52,14.86,14.4,654902
2019-10-11,14.67,14.66,14.94,14.5,829654
2019-10-14,14.62,14.18,14.66,14.18,684879
2019-10-15,14.2,14.18,14.35,14.02,868044
2019-10-16,14.05,14.22,14.33,13.77,1491645
2019-10-17,14.31,14.13,14.3225,14.01,984333
2019-10-18,14.16,13.62,14.2,13.435,1907697
2019-10-21,13.75,14.11,14.19,13.65,828734
2019-10-22,14.2,13.84,14.28,13.78,734733
2019-10-23,13.89,13.99,14.24,13.75,875834
2019-10-24,14.05,14.27,14.33,13.98,727840
2019-10-25,14.25,14.39,14.45,14.04,1510742
2019-10-28,14.45,14.49,14.63,14.31,639823
2019-10-29,14.44,14.28,14.48,14.14,533052
2019-10-30,14.3,14.35,14.51,14.16,506843
2019-10-31,14.39,14.25,14.48,14.01,671294
2019-11-01,14.32,14.53,14.67,14.29,616471
2019-11-04,14.65,14.48,15.0,14.39,776418
2019-11-05,14.58,14.61,14.68,14.4,567369
2019-11-06,14.59,14.44,15.03,14.37,1109349
2019-11-07,14.56,14.35,14.7101,14.195,595903
2019-11-08,14.24,14.62,14.63,14.07,639425
2019-11-11,14.5,14.67,14.75,14.37,531636
2019-11-12,14.72,14.77,15.16,14.68,727306
2019-11-13,14.73,14.79,14.81,14.49,706402
2019-11-14,14.75,14.66,14.97,14.61,464727
2019-11-15,14.7,15.2,15.22,14.7,876015
2019-11-18,15.2,14.9,15.2,14.81,711259
2019-11-19,14.95,15.16,15.42,14.95,739130
2019-11-20,15.17,15.5,15.67,15.14,1164996
2019-11-21,15.51,15.56,15.75,15.32,782518
2019-11-22,15.67,15.45,15.8,15.34,722850
2019-11-25,15.54,15.72,15.98,15.54,663360
2019-11-26,15.73,15.81,16.17,15.72,991855
2019-11-27,15.93,15.84,16.0,15.77,519601
2019-11-29,15.8,15.94,16.13,15.7,324571
2019-12-02,15.95,15.04,15.98,15.0,988085
2019-12-03,14.62,15.36,15.48,14.58,893026
2019-12-04,15.48,15.52,15.7,15.11,755221
2019-12-05,15.48,15.1,15.515,14.995,1194925
2019-12-06,15.25,14.9,15.781,14.72,2299877
2019-12-09,15.03,15.46,15.66,14.94,1108210
2019-12-10,15.3,14.49,15.33,14.41,1905938
2019-12-11,14.47,14.21,14.5,14.0,1768795
2019-12-12,14.17,14.16,14.38,14.0,1477174
2019-12-13,14.07,14.18,14.55,13.9,1118494
2019-12-16,14.29,14.2,14.46,14.11,900047
2019-12-17,14.21,14.29,14.43,14.13,1065284
2019-12-18,14.35,14.62,14.66,14.24,1077477
2019-12-19,14.6,14.35,14.63,14.26,869205
2019-12-20,14.39,14.38,14.45,14.13,1914562
2019-12-23,14.37,14.52,14.69,14.25,973851
2019-12-24,14.55,14.34,14.5588,14.295,461564
2019-12-26,14.3,14.37,14.45,14.22,741114
2019-12-27,14.4,14.21,14.4,14.15,914557
2019-12-30,14.1,14.14,14.2,13.68,1739490
2019-12-31,14.05,14.33,14.34,14.05,1130230
2020-01-02,14.19,14.76,14.85,14.16,1792681
2020-01-03,14.56,14.77,15.1,14.5,1104308
2020-01-06,14.66,14.67,14.73,14.31,2004759
2020-01-07,14.74,14.69,14.83,14.51,946401
2020-01-08,14.67,14.66,14.82,14.61,666482
2020-01-09,14.84,14.88,15.04,14.71,1038379
2020-01-10,14.88,15.03,15.08,14.76,1119942
2020-01-13,15.1,15.45,15.565,14.93,1581281
2020-01-14,15.5,15.34,15.6,15.21,944071
2020-01-15,15.55,15.5,15.9,15.46,1135614
2020-01-16,15.8,15.66,15.96,15.56,840022
2020-01-17,15.75,15.35,15.75,15.255,786630
2020-01-21,15.34,15.18,15.3944,15.055,755509
2020-01-22,15.27,15.39,15.5,15.27,733843
2020-01-23,15.4,15.78,15.95,15.26,1685192
2020-01-24,15.88,15.45,16.03,15.28,830780
2020-01-27,15.0,15.01,15.26,14.9178,851102
2020-01-28,15.15,15.06,15.19,14.76,1232471
2020-01-29,15.13,14.85,15.23,14.75,892789
2020-01-30,14.74,15.0,15.02,14.74,535876
2020-01-31,14.83,14.75,14.94,14.6,805095
2020-02-03,14.76,15.32,15.48,14.76,1212236
2020-02-04,15.54,15.94,16.4,15.54,1857247
2020-02-05,16.16,15.69,16.16,15.3,886929
2020-02-06,15.73,15.84,16.08,15.6,921245
2020-02-07,15.75,15.71,15.84,15.46,660069
2020-02-10,15.6,15.84,15.87,15.57,522487
2020-02-11,15.93,15.56,15.96,15.51,676389
2020-02-12,15.71,15.82,15.88,15.5,957744
2020-02-13,15.72,15.87,16.1185,15.72,599425
2020-02-14,15.87,15.97,16.13,15.86,547765
2020-02-18,15.86,16.15,16.16,15.57,711504
2020-02-19,16.24,16.07,16.5,16.01,1267526
2020-02-20,16.01,16.08,16.39,15.75,698672
2020-02-21,16.01,15.63,16.01,15.4,1101994
2020-02-24,14.95,14.99,15.4,14.7071,1545389
2020-02-25,15.02,14.05,15.095,13.94,1616102
2020-02-26,14.13,13.76,14.29,13.5,2184015
2020-02-27,13.25,13.15,13.66,12.87,1743513
2020-02-28,12.63,13.24,13.24,12.31,1759859
2020-03-02,13.33,12.98,13.45,12.45,2210192
2020-03-03,12.99,12.32,13.1,12.21,981372
2020-03-04,12.55,12.52,12.68,12.25,913092
2020-03-05,12.23,12.05,12.48,11.73,1202894
2020-03-06,11.67,11.49,11.89,11.2,1414369
2020-03-09,10.42,10.31,11.14,10.29,1322114
2020-03-10,10.73,11.03,11.05,10.205,1736322
2020-03-11,10.66,9.96,10.85,9.82,1171013
2020-03-12,9.24,8.59,9.45,8.5,2202883
2020-03-13,7.08,7.69,7.8,6.21,6335667
2020-03-16,6.67,7.19,7.65,6.53,5716281
2020-03-17,7.46,7.89,7.905,7.3,3626715
2020-03-18,7.39,8.72,9.0,7.36,2637728
2020-03-19,8.74,8.4,9.41,8.22,2380507
2020-03-20,8.58,8.1,8.78,7.97,2508136
2020-03-23,8.11,8.01,8.34,7.69,2442679
2020-03-24,8.39,8.5,8.69,8.11,1755386
2020-03-25,8.51,8.45,9.25,8.3,2651217
2020-03-26,8.56,9.02,9.15,8.38,2144219
2020-03-27,8.75,8.09,8.85,7.95,2255601
2020-03-30,8.07,8.43,8.45,8.0,1353259
2020-03-31,8.37,8.05,8.65,8.01,1771983
2020-04-01,7.75,7.82,8.19,7.7,1433088
2020-04-02,7.19,8.25,8.28,7.19,2522716
2020-04-03,8.07,8.23,8.4,7.9752,1216690
2020-04-06,8.5,8.78,8.87,8.32,1461452
2020-04-07,8.9,8.45,9.05,8.39,1878602
2020-04-08,8.54,8.74,8.885,8.35,1683993
2020-04-09,8.88,9.12,9.26,8.77,1959064
2020-04-13,9.17,9.47,9.56,9.0,1565602
2020-04-14,9.34,9.62,9.8,9.22,1833880
2020-04-15,9.36,9.75,10.16,9.245,2336654
2020-04-16,9.93,10.38,10.605,9.43,3314387
2020-04-17,10.58,9.85,10.69,9.85,1391474
2020-04-20,9.75,9.85,10.24,9.65,898126
2020-04-21,9.79,9.26,9.89,8.96,1150325
2020-04-22,9.48,9.45,9.59,9.08,1046303
2020-04-23,9.45,9.57,9.93,9.34,968694
2020-04-24,9.63,9.66,9.72,9.38,1739196
2020-04-27,9.78,10.37,10.49,9.78,2156953
2020-04-28,10.95,10.43,11.09,10.12,1228451
2020-04-29,10.61,10.89,10.98,10.5,1204426
2020-04-30,10.75,10.57,10.96,10.51,1564325
2020-05-01,10.3,10.23,10.3304,9.96,832401
2020-05-04,10.12,10.21,10.48,9.93,1544299
2020-05-05,10.4,10.03,10.57,9.96,1574824
2020-05-06,10.07,10.46,10.58,10.07,1028623
2020-05-07,10.65,10.99,11.0,10.5899,1708619
2020-05-08,11.0,11.26,11.44,10.71,1154392
2020-05-11,11.2,11.53,11.84,11.0,1385445
2020-05-12,12.0,11.49,12.39,11.46,1685542
2020-05-13,11.5,10.82,11.67,10.64,1369359
2020-05-14,10.0,10.3,10.5,9.9,1671571
2020-05-15,10.29,10.58,10.84,10.19,1766545
2020-05-18,10.92,10.85,11.16,10.66,1313873
2020-05-19,10.94,10.87,11.18,10.74,857947
2020-05-20,11.15,11.38,11.53,11.0,1421150
2020-05-21,11.31,11.35,11.53,11.12,822328
2020-05-22,11.54,12.06,12.1,11.4,1247620
2020-05-26,12.5,11.87,12.5799,11.79,1217764
2020-05-27,12.0,11.66,12.1083,10.93,1455195
2020-05-28,11.61,11.24,11.91,11.12,1385352
2020-05-29,11.22,12.01,12.06,11.22,1468071
2020-06-01,11.95,12.26,12.5,11.85,1758284
2020-06-02,12.4,12.03,12.4,11.76,984936
2020-06-03,12.4,12.59,12.65,12.06,3654171
2020-06-04,15.11,12.68,15.11,12.5,11737250
2020-06-05,12.83,12.75,13.57,12.52,2699423
2020-06-08,12.85,12.25,12.9,12.03,2554855
2020-06-09,12.2,12.42,12.59,12.14,1542016
2020-06-10,12.51,12.8,13.45,12.5,2880583
2020-06-11,12.33,11.79,12.8,11.725,2145304
2020-06-12,12.14,12.42,12.64,12.11,2758852
2020-06-15,12.68,13.5,13.5,12.54,4995504
2020-06-16,14.0,13.32,14.04,12.61,4208280
2020-06-17,13.37,13.42,13.515,13.2,2145037
2020-06-18,13.39,13.52,13.55,13.22,1639571
2020-06-19,13.6,13.01,13.6,13.0,3572063
2020-06-22,13.07,13.51,13.523,13.02,1718843
2020-06-23,13.64,13.34,13.64,13.29,1722464
2020-06-24,13.17,12.79,13.29,12.7,1632141
2020-06-25,12.74,13.13,13.15,12.5666,1190579
2020-06-26,13.19,12.97,13.21,12.67,3107415
2020-06-29,13.05,12.54,13.13,12.34,1690929
2020-06-30,12.54,12.75,12.79,12.44,1083665
2020-07-01,12.17,12.91,13.04,12.05,2303538
2020-07-02,13.11,12.84,13.2,12.78,882413
2020-07-06,12.85,12.73,13.28,12.6,1337728
2020-07-07,12.68,12.63,12.99,12.57,1108349
2020-07-08,12.75,12.68,12.845,12.4085,1452502
2020-07-09,12.78,12.84,12.94,12.61,1297968
2020-07-10,12.8,12.43,12.8,12.39,992865
2020-07-13,12.5,11.66,12.53,11.63,1690143
2020-07-14,11.53,11.65,11.66,11.055,1268256
2020-07-15,11.8,12.04,12.11,11.79,1191045
2020-07-16,11.88,11.81,11.99,11.565,1022079
2020-07-17,11.79,11.81,11.93,11.625,866806
2020-07-20,11.81,12.15,12.27,11.73,1106895
2020-07-21,12.41,11.92,12.41,11.86,841014
2020-07-22,11.92,11.88,12.1,11.73,661279
2020-07-23,11.85,11.87,12.05,11.67,1164561
2020-07-24,11.77,11.52,11.8289,11.36,726923
2020-07-27,11.56,11.74,11.78,11.4801,497282
2020-07-28,11.67,11.38,11.7084,11.37,620579
2020-07-29,11.41,11.56,11.5929,11.35,704834
2020-07-30,11.4,11.37,11.465,11.065,802254
2020-07-31,11.53,11.64,11.655,11.15,907296
2020-08-03,11.67,11.82,11.9685,11.55,955710
2020-08-04,11.71,11.87,11.91,11.51,694662
2020-08-05,11.96,12.44,12.47,11.94,1570130
2020-08-06,12.48,12.14,12.59,11.99,733351
2020-08-07,12.05,11.73,12.15,11.38,939944
2020-08-10,11.71,11.55,11.7883,11.28,1026972
2020-08-11,11.61,11.43,11.7,11.405,959611
2020-08-12,11.56,11.66,11.815,11.44,776187
2020-08-13,11.69,11.84,12.12,11.69,809882
2020-08-14,11.83,11.86,12.12,11.76,712800
2020-08-17,11.91,11.63,11.97,11.47,986330
2020-08-18,11.75,11.86,11.9699,11.71,660451
2020-08-19,11.9,11.77,11.98,11.6,761729
2020-08-20,11.7,11.88,12.015,11.6,929025
2020-08-21,11.75,11.59,11.94,11.43,2222571
2020-08-24,11.74,11.52,11.74,11.36,1129667
2020-08-25,11.52,11.76,11.77,11.37,954849
2020-08-26,11.87,13.09,13.19,11.87,3345992
2020-08-27,13.22,12.98,13.2699,12.7333,1187338
2020-08-28,13.01,13.46,13.48,13.0,1280211
2020-08-31,13.6,13.59,13.7,13.33,1565613
2020-09-01,13.75,15.24,15.32,13.69,4486696
2020-09-02,16.88,16.17,17.79,15.25,8896952
2020-09-03,11.49,11.22,12.33,10.81,12030571
2020-09-04,11.1,10.42,11.2,9.63,6744558
2020-09-08,10.02,10.0,10.54,9.89,3360500
2020-09-09,10.15,9.73,10.44,9.54,4021965
2020-09-10,9.85,9.62,9.94,9.5906,2082014
2020-09-11,9.7,9.84,9.9198,9.555,1610350
2020-09-14,9.9,9.59,9.925,9.15,3331010
2020-09-15,9.62,9.5,9.7,9.3,2428350
2020-09-16,9.47,9.52,9.58,9.19,2484618
2020-09-17,9.36,9.41,9.485,9.25,1977760
2020-09-18,9.49,9.69,9.75,9.34,7646759
2020-09-21,9.6,10.25,10.33,9.52,2703394
2020-09-22,10.25,10.17,10.3099,10.08,1647465
2020-09-23,10.25,10.01,10.53,9.96,1898661
2020-09-24,9.9,10.15,10.25,9.75,1322433
2020-09-25,10.07,10.46,10.47,10.06,1280837
2020-09-28,10.61,10.66,10.715,10.5,1783423
2020-09-29,10.71,10.54,10.79,10.51,1235376
2020-09-30,10.6,10.34,10.73,10.28,1312842
2020-10-01,10.41,10.4,10.455,10.17,1345651
2020-10-02,10.12,10.19,10.45,10.05,1049852
2020-10-05,10.17,10.12,10.27,10.07,1003996
2020-10-06,10.15,10.05,10.31,9.87,2150497
2020-10-07,10.08,10.13,10.36,10.07,1398051
2020-10-08,10.21,10.27,10.33,10.11,1851378
2020-10-09,10.35,11.06,11.07,10.35,2354374
2020-10-12,11.16,10.96,11.29,10.815,1416477
2020-10-13,10.95,11.08,11.14,10.83,1221312
2020-10-14,11.15,10.96,11.2,10.67,1438432
2020-10-15,10.61,10.94,10.975,10.55,835976
2020-10-16,11.0,10.99,11.15,10.8,935578
2020-10-19,11.03,10.9,11.23,10.8609,1198413
2020-10-20,10.99,10.77,11.07,10.72,1217654
2020-10-21,10.82,10.47,10.855,10.45,1070752
2020-10-22,10.6,10.88,10.92,10.39,949602
2020-10-23,11.0,10.81,11.0,10.64,1090276
2020-10-26,10.81,10.54,11.03,10.35,2121518
2020-10-27,10.69,10.67,10.85,10.535,952800
2020-10-28,10.5,10.07,10.5,9.9217,1177328
2020-10-29,10.07,9.99,10.09,9.89,1660415
2020-10-30,9.89,9.62,9.9299,9.4,1444714
2020-11-02,9.75,9.51,9.7962,9.27,1170475
2020-11-03,9.65,9.75,9.83,9.57,783136
2020-11-04,10.02,9.9,10.12,9.8,981806
2020-11-05,10.1,10.31,10.4,10.06,1199449
2020-11-06,10.31,10.37,10.39,9.96,711008
2020-11-09,10.5,10.4,11.03,10.4,1545459
2020-11-10,10.38,10.09,10.4,9.87,1428060
2020-11-11,10.22,10.11,10.29,10.0,1361428
2020-11-12,10.13,10.26,10.36,10.12,1065438
2020-11-13,10.4,10.34,10.5,10.23,891199
2020-11-16,10.37,10.35,10.48,10.31,1292512
2020-11-17,10.4,10.82,10.94,10.3225,1484618
2020-11-18,10.94,11.15,11.38,10.8625,1920830
2020-11-19,11.1,11.45,11.48,10.91,1250393
2020-11-20,11.41,11.56,11.65,11.33,1403273
2020-11-23,11.7,11.63,11.78,11.565,1147660
2020-11-24,11.71,11.72,11.78,11.57,919563
2020-11-25,11.65,11.7,11.81,11.515,1303648
2020-11-27,11.8,11.65,11.88,11.58,723181
2020-11-30,11.74,11.39,11.82,11.19,1770005
2020-12-01,11.48,11.57,11.695,11.32,1121308
2020-12-02,11.5,11.58,11.65,11.15,1947729
2020-12-03,11.6,11.78,12.01,11.5081,3272307
2020-12-04,12.65,11.36,12.85,11.29,4541804
2020-12-07,11.46,12.1,12.21,11.4,2561460
2020-12-08,12.34,12.28,12.6,12.16,2227446
2020-12-09,12.27,12.03,12.46,11.7025,1832183
2020-12-10,11.97,12.17,12.27,11.75,1502455
2020-12-11,12.07,12.15,12.36,12.0,1341259
2020-12-14,12.16,12.18,12.39,12.07,1266822
2020-12-15,12.35,12.15,12.37,12.07,1241151
2020-12-16,12.2,12.51,12.59,12.1266,1746918
2020-12-17,12.74,12.76,13.21,12.665,1730210
2020-12-18,12.8,12.71,12.9,12.46,1818851
2020-12-21,12.5,13.12,13.24,12.47,1739440
2020-12-22,13.29,14.0,14.08,13.26,1991975
2020-12-23,14.1,13.8,14.135,13.745,1247513
2020-12-24,13.82,14.36,14.6,13.7701,1398940
2020-12-28,14.58,14.71,14.79,14.33,2846175
2020-12-29,14.7,13.84,14.7,13.76,2101382
2020-12-30,13.89,14.11,14.23,13.82,1145920
2020-12-31,14.11,13.93,14.12,13.705,1354779
2021-01-04,14.0,13.55,14.05,13.08,2317456
2021-01-05,13.51,13.4,13.6262,13.3602,1161105
2021-01-06,13.28,13.42,13.71,13.1687,1419613
2021-01-07,13.47,13.73,13.79,13.47,825660
2021-01-08,13.86,14.37,14.41,13.74,1661513
2021-01-11,14.21,14.23,14.435,13.8555,831917
2021-01-12,14.14,14.34,14.36,14.02,1149930
2021-01-13,14.27,14.08,14.37,14.07,1088829
2021-01-14,14.12,13.77,14.3,13.76,984167
2021-01-15,13.75,13.41,13.85,13.36,1275714
2021-01-19,13.75,13.72,13.765,13.42,1191608
2021-01-20,13.84,14.39,14.41,13.72,1839000
2021-01-21,14.55,14.87,14.9,14.25,1752262
2021-01-22,14.7,15.05,15.1,14.64,2013519
2021-01-25,15.25,14.37,15.25,14.04,1464516
2021-01-26,14.5,14.59,14.79,14.3,986906
2021-01-27,14.35,14.82,14.89,13.94,2230661
2021-01-28,14.91,15.2,15.34,14.85,3669925
2021-01-29,15.07,14.75,15.21,14.41,1765527
2021-02-01,14.79,14.24,14.96,14.06,1354819
2021-02-02,14.41,14.7,14.79,14.3,1214618
2021-02-03,14.92,15.09,15.16,14.6,1157168
2021-02-04,15.15,15.7,15.88,15.15,1445347
2021-02-05,15.77,16.05,16.14,15.63,1133600
2021-02-08,16.3,16.43,16.64,16.12,1640518
2021-02-09,16.48,16.57,16.9678,16.28,936678
2021-02-10,16.7,16.28,16.75,16.0201,909327
2021-02-11,16.42,16.55,16.59,16.11,1014222
2021-02-12,16.54,16.8,16.87,16.41,956211
2021-02-16,16.85,16.68,17.33,16.58,1434561
2021-02-17,16.72,16.47,16.72,15.93,1277968
2021-02-18,16.28,16.54,16.69,16.06,1281609
2021-02-19,16.68,16.83,17.0,16.58,1766910
2021-02-22,16.56,16.47,16.85,16.38,1266801
2021-02-23,15.84,16.08,16.165,14.72,1815352
2021-02-24,16.3,16.68,16.8197,15.94,1614203
2021-02-25,16.48,15.66,16.7,15.621,1349859
2021-02-26,15.01,14.93,15.7,14.83,2327235
2021-03-01,15.31,15.5,15.675,15.27,1546103
2021-03-02,15.58,15.29,15.78,15.23,1058140
2021-03-03,15.3,15.0,15.46,14.88,1189730
2021-03-04,14.87,14.35,15.17,14.08,2067532
2021-03-05,14.33,13.65,14.35,12.785,2134154
2021-03-08,13.59,13.21,14.03,13.1101,1694122
2021-03-09,13.87,14.38,14.51,13.76,1246573
2021-03-10,14.65,14.35,14.97,14.21,1561285
2021-03-11,14.58,15.21,15.31,14.58,1772157
2021-03-12,14.82,14.19,15.13,13.82,2587376
2021-03-15,14.18,14.44,14.49,13.97,1164825
2021-03-16,14.56,14.4,15.15,14.375,1628557
2021-03-17,14.25,14.8,14.93,14.075,1840963
2021-03-18,14.59,14.69,14.96,14.25,1359937
2021-03-19,14.8,15.1,15.13,14.49,2100115
2021-03-22,15.04,14.88,15.2,14.84,1351914
2021-03-23,14.88,14.84,15.05,14.73,1004025
2021-03-24,14.93,13.9,14.93,13.89,1157265
2021-03-25,13.76,14.16,14.22,13.51,1148362
2021-03-26,14.17,14.46,14.54,13.95,833894
2021-03-29,14.37,14.29,14.45,13.85,1307763
2021-03-30,14.13,14.09,14.39,13.83,1036648
2021-03-31,14.31,14.8,14.88,14.26,1249082
2021-04-01,14.85,14.99,15.45,14.83,1723518
2021-04-05,15.0,14.99,15.29,14.92,1091359
2021-04-06,14.91,15.33,15.39,14.79,1127416
2021-04-07,15.35,15.03,15.6,14.97,744789
2021-04-08,15.69,16.9,16.9542,15.5,2354329
2021-04-09,16.43,16.42,16.79,16.03,1988176
2021-04-12,16.17,16.46,16.61,15.92,1946632
2021-04-13,16.98,17.32,17.4,16.8201,2040649
2021-04-14,17.21,17.45,17.94,17.08,1530897
2021-04-15,17.7,17.57,17.95,17.35,1175926
2021-04-16,17.51,17.33,17.53,17.15,687609
2021-04-19,17.12,16.72,17.32,16.68,795201
2021-04-20,16.72,15.91,16.72,15.75,1135519
2021-04-21,15.94,16.33,16.34,15.75,734301
2021-04-22,16.4,16.41,16.84,16.26,844175
2021-04-23,16.44,16.57,16.78,16.38,633284
2021-04-26,16.72,17.07,17.12,16.6,574756
2021-04-27,17.19,16.83,17.29,16.78,479204
2021-04-28,16.63,17.17,17.195,16.5,670894
2021-04-29,17.26,16.49,17.329,16.15,895527
2021-04-30,16.25,16.2,16.66,16.11,636673
2021-05-03,16.27,15.87,16.47,15.78,889266
2021-05-04,15.6,15.44,15.6,14.68,1125410
2021-05-05,15.75,15.64,15.88,15.455,442856
2021-05-06,15.56,15.33,15.56,14.87,741013
2021-05-07,15.58,15.65,16.16,15.4354,579010
2021-05-10,15.5,14.84,15.6,14.82,905436
2021-05-11,14.25,15.18,15.38,14.1,705656
2021-05-12,14.89,14.43,15.0,14.31,1005696
2021-05-13,14.61,14.48,15.06,14.07,989171
2021-05-14,14.62,14.8,15.1,14.62,982539
2021-05-17,14.61,14.59,14.83,14.37,573109
2021-05-18,14.49,14.68,14.97,14.4091,691254
2021-05-19,14.37,14.54,14.61,14.14,679597
2021-05-20,14.7,14.86,14.96,14.53,752382
2021-05-21,15.05,14.98,15.32,14.97,982333
2021-05-24,15.23,15.02,15.39,14.98,810471
2021-05-25,14.98,14.78,15.3,14.77,945894
2021-05-26,14.99,15.04,15.14,14.91,1016203
2021-05-27,14.84,15.06,15.32,14.19,1500708
2021-05-28,15.31,15.47,15.66,15.18,824552
2021-06-01,15.34,14.98,15.34,14.66,2114645
2021-06-02,15.0,15.21,15.22,14.85,912417
2021-06-03,15.09,14.85,15.1,14.7,711550
2021-06-04,14.9,14.93,15.17,14.88,642317
2021-06-07,14.95,14.99,15.09,14.71,632551
2021-06-08,15.0,15.22,15.4,14.9501,677070
2021-06-09,15.34,14.95,15.49,14.93,724639
2021-06-10,14.91,15.11,15.15,14.8,727326
2021-06-11,15.14,15.62,15.66,15.12,1519305
2021-06-14,15.65,16.19,16.21,15.56,1368041
2021-06-15,15.97,16.07,16.37,15.79,1255498
2021-06-16,16.0,16.39,16.39,15.76,1400040
2021-06-17,16.2,16.53,16.7299,16.13,1101983
2021-06-18,16.56,16.84,16.9,16.35,1482455
2021-06-21,16.76,17.14,17.3,16.6,2304304
2021-06-22,17.14,17.3,17.84,17.01,2651019
2021-06-23,17.3,17.98,18.29,17.29,1893662
2021-06-24,18.14,18.17,18.39,17.955,901111
2021-06-25,18.16,18.29,18.39,18.07,1960039
2021-06-28,18.4,18.22,18.64,17.96,1134452
2021-06-29,18.3,18.38,18.39,18.03,942110
2021-06-30,18.32,17.25,18.32,17.21,1163907
2021-07-01,17.25,17.28,17.31,16.86,1308504
2021-07-02,17.49,17.32,17.65,17.23,667475
2021-07-06,17.36,17.77,18.14,17.36,866633
2021-07-07,17.85,17.48,17.92,17.26,742009
2021-07-08,17.06,17.38,17.6,16.9,697242
2021-07-09,17.38,17.63,17.65,17.2,579890
2021-07-12,17.6,17.42,17.76,17.309,597663
2021-07-13,17.39,17.41,17.58,17.24,828045
2021-07-14,17.55,16.86,17.74,16.79,704377
2021-07-15,16.81,16.2,16.97,16.03,881651
2021-07-16,16.42,16.11,16.57,16.1,570413
2021-07-19,15.77,15.95,16.27,15.58,773075
2021-07-20,15.97,16.47,16.8,15.84,1089374
2021-07-21,16.51,17.37,17.37,16.401,1091318
2021-07-22,17.48,17.35,17.73,17.25,650550
2021-07-23,17.4,17.64,17.67,17.3096,744256
2021-07-26,17.555,17.67,17.84,17.54,586089
2021-07-27,17.59,17.15,17.62,16.73,636149
2021-07-28,17.18,17.47,17.635,17.1501,460203
2021-07-29,17.38,17.59,18.07,17.38,709919
2021-07-30,17.5,17.29,17.7,17.13,595771
2021-08-02,17.33,17.21,17.525,17.15,364975
2021-08-03,17.16,17.06,17.26,16.89,375225
2021-08-04,16.98,16.98,17.27,16.93,559345
2021-08-05,16.92,16.47,16.92,16.34,921531
2021-08-06,16.42,16.18,16.52,16.09,1647420
2021-08-09,15.98,16.18,16.4,15.791,717718
2021-08-10,16.18,15.73,16.47,15.45,1912877
2021-08-11,15.74,15.76,15.94,15.585,1010438
2021-08-12,15.71,15.98,16.06,15.64,571329
2021-08-13,15.98,15.96,16.12,15.73,580127
2021-08-16,15.88,15.74,15.9,15.44,689046
2021-08-17,15.58,15.77,15.85,15.44,625327
2021-08-18,15.74,15.49,15.91,15.49,388768
2021-08-19,15.26,15.27,15.501,15.24,531220
2021-08-20,15.29,15.65,15.66,15.24,856030
2021-08-23,15.75,16.21,16.25,15.75,508399
2021-08-24,16.24,16.37,16.41,16.21,427423
2021-08-25,16.46,16.35,16.57,16.27,867143
2021-08-26,17.79,16.32,18.65,16.23,2540513
2021-08-27,16.39,16.96,17.095,16.2824,949208
2021-08-30,16.96,17.02,17.05,16.52,983678
2021-08-31,16.985,16.98,17.3,16.8301,1227488
2021-09-01,17.01,17.48,17.56,16.92,878636
2021-09-02,17.45,17.96,18.15,17.45,1060199
2021-09-03,17.79,18.4,18.44,17.7182,789241
2021-09-07,18.4,18.0,18.43,17.98,698332
2021-09-08,17.81,17.12,18.04,17.08,643387
2021-09-09,17.03,17.25,17.58,16.95,629910
2021-09-10,17.36,16.83,17.44,16.75,629198
2021-09-13,17.0,16.63,17.0,16.44,434795
2021-09-14,16.71,16.47,16.8,16.37,390067
2021-09-15,16.42,16.69,16.72,16.2,572358
2021-09-16,16.61,17.22,17.25,16.475,764344
2021-09-17,17.39,17.05,17.49,16.875,1447687
2021-09-20,16.57,16.75,16.88,16.38,904560
2021-09-21,16.83,16.95,17.08,16.6683,641737
2021-09-22,17.0,17.12,17.25,16.845,379978
2021-09-23,17.215,17.35,17.42,17.01,459527
2021-09-24,17.33,17.5,17.67,17.11,735157
2021-09-27,17.32,17.18,17.375,16.99,648352
2021-09-28,16.88,16.37,16.9,16.22,1037131
2021-09-29,16.49,16.64,16.73,16.25,1057504
2021-09-30,16.93,16.58,17.01,16.35,1636983
2021-10-01,17.0,17.06,17.245,16.3,1419523
2021-10-04,16.89,16.13,16.955,15.95,877496
2021-10-05,16.13,16.31,16.5,16.13,624958
2021-10-06,16.23,16.22,16.56,16.18,678915
2021-10-07,16.34,16.63,16.65,16.23,926943
2021-10-08,16.72,16.65,16.81,16.4885,610974
2021-10-11,17.18,17.11,17.67,16.61,947293
2021-10-12,17.17,17.98,17.99,17.14,1355410
2021-10-13,18.0,18.91,19.01,17.96,1992562
2021-10-14,19.25,19.51,19.8,19.0,1648857
2021-10-15,19.71,19.73,20.0,19.31,1610279
2021-10-18,19.64,20.08,20.16,19.54,955888
2021-10-19,20.39,20.66,20.72,20.16,962378
2021-10-20,20.59,20.48,20.8743,20.29,820652
2021-10-21,20.33,21.34,21.37,20.1,1246357
2021-10-22,21.19,21.7,22.0,21.1,1270989
2021-10-25,21.7,21.62,22.0,21.43,1026388
2021-10-26,22.4,21.94,22.41,21.57,1110351
2021-10-27,21.9,21.18,22.06,21.1,934273
2021-10-28,21.3,21.74,21.77,21.12,615794
2021-10-29,21.65,21.86,22.08,21.49,645701
2021-11-01,21.91,21.78,22.1,21.71,810238
2021-11-02,21.74,22.0,22.15,21.6559,631353
2021-11-03,21.86,22.09,22.27,21.67,617233
2021-11-04,22.29,22.08,22.59,22.07,660335
2021-11-05,22.15,21.95,22.6305,21.85,964620
2021-11-08,21.62,22.5,22.61,21.49,607106
2021-11-09,22.76,23.06,23.25,22.69,1243673
2021-11-10,22.93,22.25,23.09,22.05,1127709
2021-11-11,22.48,22.17,22.59,21.94,511634
2021-11-12,22.14,22.64,22.68,22.12,368553
2021-11-15,22.89,22.58,22.89,22.34,536447
2021-11-16,22.75,23.08,23.24,22.53,685493
2021-11-17,23.0,22.7,23.11,22.31,514971
2021-11-18,22.74,22.44,22.74,21.99,641747
2021-11-19,22.52,22.09,22.71,22.0,596453
2021-11-22,21.86,20.34,21.98,20.15,1175784
2021-11-23,20.17,19.91,20.63,19.47,1240992
2021-11-24,19.64,20.14,20.17,19.27,762951
2021-11-26,19.76,19.72,20.12,19.285,524084
2021-11-29,20.13,19.93,20.26,19.55,797463
2021-11-30,19.89,19.81,20.24,19.1,1140572
2021-12-01,20.25,18.44,20.3,18.36,1587985
2021-12-02,18.895,19.63,19.81,18.3,1763535
2021-12-03,19.54,19.12,19.75,18.15,1563852
2021-12-06,18.86,18.81,19.09,18.33,1196379
2021-12-07,19.47,19.97,20.38,19.09,1037729
2021-12-08,19.94,20.2,20.43,19.46,587378
2021-12-09,19.96,19.42,20.3911,19.26,972559
2021-12-10,19.57,19.67,20.31,19.31,756976
2021-12-13,19.44,19.63,20.05,19.25,791530
2021-12-14,19.24,19.08,19.59,18.56,822927
2021-12-15,19.0,19.82,19.885,18.79,747014
2021-12-16,19.98,18.75,20.0,18.43,943509
2021-12-17,18.46,19.38,19.44,18.22,1519628
2021-12-20,18.82,19.0,19.12,18.595,666300
2021-12-21,19.22,19.68,19.69,18.99,933437
2021-12-22,19.73,19.66,19.8,19.36,1081279
2021-12-23,19.69,19.31,19.69,19.05,914503
2021-12-27,19.4,19.77,19.87,19.35,583959
2021-12-28,19.77,19.2,19.9,19.1,565539
2021-12-29,19.09,19.1,19.19,18.82,394513
2021-12-30,19.1,19.03,19.41,18.95,399163
2021-12-31,19.02,18.68,19.27,18.59,598408
2022-01-03,18.62,18.35,18.8,17.785,1308300
2022-01-04,18.38,17.99,18.4,17.25,1567046
2022-01-05,17.66,16.77,17.89,16.71,1151108
2022-01-06,16.49,16.53,16.85,16.235,1479166
2022-01-07,16.44,16.53,16.76,15.99,1970114
2022-01-10,16.14,16.47,16.53,15.64,1363029
2022-01-11,16.46,16.83,17.09,16.03,1491984
2022-01-12,17.09,16.84,17.48,16.54,770220
2022-01-13,16.79,16.13,16.95,16.04,809746
2022-01-14,15.99,15.99,16.37,15.6901,925493
2022-01-18,15.57,16.0,16.17,15.33,1638692
2022-01-19,16.12,16.09,16.61,15.93,1103358
2022-01-20,16.41,16.3,17.15,16.25,1244330
2022-01-21,16.18,15.96,16.79,15.96,1817739
2022-01-24,15.6,16.5,16.57,15.245,1919160
2022-01-25,16.16,15.67,16.237,15.45,934869
2022-01-26,16.21,15.23,16.45,15.16,975730
2022-01-27,15.52,14.98,15.83,14.885,958602
2022-01-28,15.14,15.71,15.72,14.78,857702
2022-01-31,15.8,16.63,16.64,15.75,1217631
2022-02-01,16.75,16.52,16.84,16.091,766443
2022-02-02,16.51,15.88,16.68,15.74,687876
2022-02-03,15.4,15.2,15.68,15.17,949289
2022-02-04,15.15,15.67,15.85,15.04,860194
2022-02-07,15.71,16.39,16.53,15.68,843971
2022-02-08,16.25,16.6,16.62,16.21,631530
2022-02-09,16.72,16.83,17.02,16.59,818933
2022-02-10,16.39,16.47,16.86,16.21,806440
2022-02-11,16.59,15.98,16.9,15.85,791633
2022-02-14,15.82,15.8,16.17,15.61,640923
2022-02-15,16.08,16.39,16.39,15.78,731864
2022-02-16,16.29,16.34,16.36,15.81,699714
2022-02-17,16.18,15.22,16.18,15.215,1161878
2022-02-18,15.18,14.62,15.39,14.62,2674709
2022-02-22,14.36,14.62,14.91,14.2106,864620
2022-02-23,14.74,13.85,14.88,13.83,953845
2022-02-24,13.29,14.88,15.02,13.01,1114737
2022-02-25,14.87,15.07,15.08,14.53,638314
2022-02-28,14.99,15.18,15.49,14.69,1717080
2022-03-01,15.24,15.21,15.69,15.095,1217809
2022-03-02,15.37,15.4,15.545,14.96,889284
2022-03-03,15.66,14.0,15.77,13.92,2379554
2022-03-04,13.93,13.26,14.21,13.14,1306997
2022-03-07,13.32,12.69,13.47,12.61,1311765
2022-03-08,12.57,12.69,13.08,12.32,1285918
2022-03-09,13.06,13.48,13.71,12.91,1333663
2022-03-10,13.25,13.59,13.71,13.185,998832
2022-03-11,13.75,12.87,13.76,12.85,667053
2022-03-14,13.13,13.19,13.72,12.77,2054392
2022-03-15,13.2,13.6,13.75,13.2,1353231
2022-03-16,13.77,14.14,14.36,13.55,1438297
2022-03-17,14.07,15.07,15.1,14.0,1574034
2022-03-18,15.04,14.95,15.38,14.82,6407322
2022-03-21,14.75,14.68,14.93,14.25,1334534
2022-03-22,14.71,15.07,15.26,14.55,1124015
2022-03-23,14.8,15.28,15.4,14.7,834081
2022-03-24,15.33,15.37,15.4399,14.99,558279
2022-03-25,15.39,14.97,15.39,14.785,602035
2022-03-28,14.92,15.09,15.21,14.655,629591
2022-03-29,15.33,15.53,15.675,15.3,675672
2022-03-30,15.25,14.95,15.25,14.56,1773852
2022-03-31,15.0,14.98,15.3,14.87,842263
2022-04-01,14.92,14.64,15.17,14.37,1455337
2022-04-04,14.63,15.36,15.4,14.63,1100985
2022-04-05,15.4,14.89,15.4,14.74,631971
2022-04-06,14.55,14.15,14.56,13.96,1277425
2022-04-07,14.09,14.26,14.4,13.935,1274699
2022-04-08,14.14,13.85,14.18,13.85,884861
2022-04-11,13.59,13.59,13.88,13.4,1184657
2022-04-12,13.94,13.82,14.38,13.735,1028224
2022-04-13,13.87,14.52,14.57,13.75,927911
2022-04-14,14.55,13.59,14.56,13.58,754784
2022-04-18,13.49,13.36,13.5,13.16,984801
2022-04-19,13.45,13.73,14.03,13.35,691516
2022-04-20,13.8,13.29,13.8,13.28,956827
2022-04-21,13.47,12.96,13.8,12.92,1201228
2022-04-22,12.92,12.71,13.18,12.575,964748
2022-04-25,12.56,12.78,12.93,12.51,1307351
2022-04-26,12.7,12.32,12.72,12.15,1176589
2022-04-27,12.32,12.06,12.61,12.03,1061442
2022-04-28,12.23,12.54,12.68,12.02,755620
2022-04-29,12.37,12.17,12.72,12.11,947097
2022-05-02,12.17,12.6,12.61,11.99,844078
2022-05-03,12.52,12.21,12.62,12.076,1014571
2022-05-04,12.3,12.52,12.57,11.72,1160485
2022-05-05,12.25,11.73,12.25,11.54,943841
2022-05-06,11.6,10.98,11.6,10.85,1138141
2022-05-09,10.7,9.89,10.92,9.79,2181881
2022-05-10,10.18,10.05,10.43,9.57,2301855
2022-05-11,9.94,9.71,10.34,9.65,1538124
2022-05-12,9.56,9.9,10.19,9.48,1302392
2022-05-13,10.2,10.78,10.79,10.16,1101338
2022-05-16,10.62,10.2,10.77,10.15,1070742
2022-05-17,10.51,10.42,10.735,9.96,921213
2022-05-18,10.25,9.8,10.35,9.63,1036627
2022-05-19,9.88,10.33,10.54,9.88,951398
2022-05-20,10.59,10.43,10.7783,10.04,909916
2022-05-23,10.33,9.92,10.33,9.81,1707709
2022-05-24,9.75,9.07,9.85,8.93,2562217
2022-05-25,9.08,9.54,9.585,8.92,2260430
2022-05-26,9.05,9.84,10.1,8.5,2304837
2022-05-27,10.01,10.46,10.62,9.98,1731220
2022-05-31,10.39,10.14,10.5,10.01,1975794
2022-06-01,10.32,9.85,10.54,9.77,1625494
2022-06-02,9.77,10.25,10.39,9.76,1975835
2022-06-03,10.01,9.83,10.18,9.67,1289764
2022-06-06,9.96,9.95,10.1,9.705,1138889
2022-06-07,9.87,10.23,10.25,9.8,1171529
2022-06-08,10.16,10.15,10.395,10.06,677508
2022-06-09,10.0,9.87,10.09,9.6701,1024572
2022-06-10,9.61,9.26,9.64,9.12,1313222
2022-06-13,8.91,8.79,9.15,8.685,1083792
2022-06-14,8.85,8.58,8.97,8.47,1428821
2022-06-15,8.76,8.91,9.075,8.5856,1460802
2022-06-16,8.55,8.35,8.67,8.25,1294921
2022-06-17,8.41,8.87,8.99,8.4,3140036
2022-06-21,9.02,9.01,9.215,8.94,968670
2022-06-22,8.92,9.05,9.235,8.815,719680
2022-06-23,9.16,9.42,9.47,9.0,873868
2022-06-24,9.5,10.11,10.21,9.5,3148384
2022-06-27,10.27,9.82,10.27,9.665,942710
2022-06-28,9.86,9.3,9.96,9.265,817074
2022-06-29,9.27,9.19,9.485,9.07,783131
2022-06-30,9.05,8.95,9.0541,8.605,1010962
2022-07-01,8.94,9.1,9.12,8.78,2877892
2022-07-05,8.94,9.61,9.62,8.85,1252263
2022-07-06,9.53,9.12,9.785,9.07,911397
2022-07-07,9.09,9.54,9.56,9.09,776390
2022-07-08,9.39,9.98,10.03,9.29,1915647
2022-07-11,9.91,9.51,9.91,9.45,1072986
2022-07-12,9.54,8.96,9.7,8.875,904944
2022-07-13,8.76,8.91,9.065,8.595,606507
2022-07-14,8.76,8.6,8.76,8.4,815489
2022-07-15,8.81,8.69,8.88,8.53,788295
2022-07-18,8.88,8.54,8.98,8.53,700068
2022-07-19,8.74,8.73,8.88,8.55,601062
2022-07-20,8.75,9.1,9.29,8.75,953928
2022-07-21,9.04,9.18,9.18,8.9401,803099
2022-07-22,9.23,8.96,9.26,8.75,803809
2022-07-25,8.97,8.69,8.97,8.57,460586
2022-07-26,8.62,8.34,8.67,8.28,621413
2022-07-27,8.52,8.69,8.732,8.47,540740
2022-07-28,8.61,8.73,8.83,8.43,667617
2022-07-29,8.7,8.51,8.7,8.4,708678
2022-08-01,8.37,8.6,8.675,8.221,749931
2022-08-02,8.45,8.67,8.75,8.44,541858
2022-08-03,8.81,8.89,9.09,8.77,621220
2022-08-04,8.92,9.0,9.01,8.7122,803603
2022-08-05,8.83,9.28,9.31,8.81,818557
2022-08-08,9.36,9.63,9.7,9.31,900425
2022-08-09,9.5,9.36,9.56,9.18,734724
2022-08-10,9.69,9.85,10.0698,9.69,616867
2022-08-11,10.01,9.88,10.15,9.87,792033
2022-08-12,10.05,10.26,10.26,9.91,690166
2022-08-15,10.17,10.25,10.3567,10.06,557627
2022-08-16,10.22,10.07,10.26,10.02,555850
2022-08-17,9.87,9.69,9.915,9.65,674793
2022-08-18,9.62,9.81,9.85,9.55,609366
2022-08-19,9.63,9.14,9.63,9.14,1164886
2022-08-22,8.95,8.99,9.09,8.73,875963
2022-08-23,8.96,8.71,9.11,8.66,1408656
2022-08-24,8.74,8.95,9.195,8.74,2127552
2022-08-25,8.77,8.39,9.075,8.18,2782843
2022-08-26,8.4,8.15,8.6145,8.105,2266423
2022-08-29,8.01,7.98,8.39,7.97,1136789
2022-08-30,8.06,7.83,8.15,7.76,1652309
2022-08-31,7.95,7.68,8.045,7.67,2148957
2022-09-01,7.59,8.06,8.07,7.41,2707385
2022-09-02,8.18,7.94,8.41,7.86,1530761
2022-09-06,7.95,7.89,8.065,7.83,849150
2022-09-07,7.92,7.85,8.04,7.67,839506
2022-09-08,7.72,7.92,7.9401,7.63,643340
2022-09-09,8.16,8.33,8.355,8.14,704694
2022-09-12,8.45,8.76,8.8,8.42,1286875
2022-09-13,8.23,8.05,8.49,8.04,1000680
2022-09-14,8.01,8.21,8.265,7.91,934282
2022-09-15,8.07,8.08,8.28,7.915,715258
2022-09-16,7.93,7.8,7.93,7.65,3056382
2022-09-19,7.68,7.74,7.8,7.565,771107
2022-09-20,7.65,7.46,7.67,7.45,715987
2022-09-21,7.47,7.66,7.81,7.4,1045625
2022-09-22,7.64,7.47,7.8,7.365,1118975
2022-09-23,7.32,7.34,7.52,7.26,1047521
2022-09-26,7.28,7.12,7.51,7.1,1031592
2022-09-27,7.21,7.21,7.37,7.115,740042
2022-09-28,7.26,7.61,7.68,7.26,839980
2022-09-29,7.47,7.46,7.5,7.3,716901
2022-09-30,7.44,7.38,7.56,7.34,853272
2022-10-03,7.36,7.48,7.48,6.815,2063308
2022-10-04,7.69,7.86,7.9001,7.69,793990
2022-10-05,7.61,7.78,7.815,7.585,589884
2022-10-06,7.72,7.81,8.0,7.72,461139
2022-10-07,7.62,7.38,7.67,7.325,735953
2022-10-10,7.43,6.83,7.45,6.815,731613
2022-10-11,6.84,6.71,6.86,6.495,738394
2022-10-12,6.72,6.63,6.72,6.47,572250
2022-10-13,6.28,6.58,6.61,6.135,938622
2022-10-14,6.71,6.57,6.78,6.35,1357746
2022-10-17,6.85,6.99,7.085,6.85,1614630
2022-10-18,7.29,7.07,7.4,6.98,822213
2022-10-19,6.91,6.9,6.95,6.75,882569
2022-10-20,6.91,7.05,7.22,6.89,688212
2022-10-21,6.98,7.12,7.165,6.85,1056516
2022-10-24,7.21,7.21,7.21,6.97,692007
2022-10-25,7.21,7.29,7.505,7.17,1112191
2022-10-26,7.19,7.46,7.68,7.07,922507
2022-10-27,7.56,7.56,7.82,7.495,784929
2022-10-28,7.53,7.72,7.74,7.425,922011
2022-10-31,7.67,7.69,7.805,7.62,1171428
2022-11-01,7.88,7.67,7.93,7.59,1165183
2022-11-02,7.63,7.6,7.87,7.49,1785076
2022-11-03,7.5,7.5,7.73,7.325,921837
2022-11-04,7.52,7.36,7.67,7.07,894952
2022-11-07,7.34,7.27,7.45,7.2,892055
2022-11-08,7.32,7.29,7.375,7.085,872287
2022-11-09,7.21,7.05,7.22,7.01,608877
2022-11-10,7.52,8.13,8.13,7.52,1220834
2022-11-11,8.1,8.35,8.58,8.03,1071120
2022-11-14,8.24,8.18,8.28,7.99,1105171
2022-11-15,8.44,8.35,8.51,8.235,1163639
2022-11-16,8.24,8.06,8.25,7.96,889467
2022-11-17,7.86,7.84,7.93,7.77,585266
2022-11-18,8.01,7.68,8.03,7.59,699685
2022-11-21,7.6,7.54,7.6,7.41,515096
2022-11-22,7.53,7.47,7.545,7.34,501912
2022-11-23,7.48,7.63,7.66,7.39,476139
2022-11-25,7.58,7.58,7.66,7.545,226911
2022-11-28,7.48,7.5,7.61,7.47,501129
2022-11-29,7.54,7.4,7.5575,7.375,713830
2022-11-30,7.36,7.68,7.76,7.29,927926
2022-12-01,7.77,8.06,8.08,7.765,1149094
2022-12-02,7.88,8.07,8.07,7.81,972857
2022-12-05,8.0,7.38,8.025,7.2814,1188278
2022-12-06,7.38,7.21,7.38,7.085,1224391
2022-12-07,6.8,5.76,7.01,5.7,2979094
2022-12-08,5.73,5.95,6.04,5.4501,2133183
2022-12-09,5.85,5.94,6.205,5.83,1288862
2022-12-12,5.96,6.31,6.365,5.96,1512603
2022-12-13,6.66,6.42,6.84,6.42,1381533
2022-12-14,6.36,6.47,6.65,6.36,1340442
2022-12-15,6.3,6.15,6.41,6.085,1722583
2022-12-16,6.07,5.91,6.14,5.905,1585839
2022-12-19,5.94,5.64,5.94,5.56,1216863
2022-12-20,5.57,5.6,5.68,5.5,1166134
2022-12-21,5.64,5.78,5.87,5.54,969130
2022-12-22,5.66,5.68,5.72,5.495,878008
2022-12-23,5.6,5.8,5.81,5.55,1097325
2022-12-27,5.77,5.84,5.865,5.71,951651
2022-12-28,5.8,5.9,5.97,5.76,1056024
2022-12-29,5.98,6.4,6.42,5.94,1129244
2022-12-30,6.28,6.36,6.41,6.17,869895
2023-01-03,6.45,6.5,6.55,6.185,2757540
2023-01-04,6.59,6.6,6.715,6.46,1152824
2023-01-05,6.51,6.5,6.54,6.36,1251963
2023-01-06,6.59,6.48,6.59,6.185,1054330
2023-01-09,6.61,6.52,6.76,6.52,1008309
2023-01-10,6.46,6.58,6.58,6.33,1456950
2023-01-11,6.66,6.71,6.81,6.54,990258
2023-01-12,6.75,6.71,6.75,6.55,545250
2023-01-13,6.61,6.73,6.76,6.59,681226
2023-01-17,6.74,6.85,6.88,6.6575,833267
2023-01-18,6.96,6.89,7.13,6.88,1101331
2023-01-19,6.81,6.55,7.03,6.55,1328295
2023-01-20,6.59,6.73,6.73,6.45,1409916
2023-01-23,6.78,7.06,7.07,6.7,1383251
2023-01-24,7.04,7.24,7.345,7.0,1712293
2023-01-25,7.08,7.24,7.24,7.0,1654988
2023-01-26,7.4,7.4,7.55,7.19,1061757
2023-01-27,7.36,7.5,7.53,7.32,1644378
2023-01-30,7.37,7.26,7.44,7.135,884994
2023-01-31,7.39,7.92,7.95,7.34,1579775
2023-02-01,7.92,8.53,8.595,7.92,1444806
2023-02-02,8.7,8.98,9.025,8.7,1665205
2023-02-03,8.64,8.62,8.885,8.5,946557
2023-02-06,8.51,8.46,8.63,8.38,792109
2023-02-07,8.42,8.78,8.79,8.32,944376
2023-02-08,8.78,8.74,9.03,8.69,1864554
2023-02-09,8.89,8.67,8.99,8.595,1135204
2023-02-10,8.54,8.55,8.62,8.375,844469
2023-02-13,8.62,8.84,8.915,8.53,654975
2023-02-14,8.72,8.86,9.06,8.71,772732
2023-02-15,8.84,9.19,9.235,8.82,862721
2023-02-16,8.93,9.07,9.13,8.91,1153929
2023-02-17,9.02,8.9,9.04,8.82,1625076
2023-02-21,8.7,8.62,8.76,8.575,951371
2023-02-22,8.73,8.7,8.81,8.46,741355
2023-02-23,8.77,8.84,8.905,8.64,674690
2023-02-24,8.71,8.62,8.72,8.5,669410
2023-02-27,8.74,8.56,8.74,8.54,639466
2023-02-28,8.51,8.47,8.61,8.385,1572814
2023-03-01,8.52,8.2,8.52,8.19,2073412
2023-03-02,8.71,9.63,9.68,8.16,3297271
2023-03-03,9.8,10.02,10.04,9.68,1674581
2023-03-06,10.01,10.05,10.125,9.875,1666853
2023-03-07,10.05,9.71,10.17,9.67,1669314
2023-03-08,9.68,9.68,9.8,9.59,563726
2023-03-09,9.7,9.46,9.85,9.44,856284
2023-03-10,9.43,8.71,9.43,8.68,1304219
2023-03-13,8.53,8.83,8.945,8.425,885204
2023-03-14,9.06,9.24,9.27,8.97,1132623
2023-03-15,9.13,9.2,9.21,8.95,847743
2023-03-16,9.14,9.37,9.42,9.025,600098
2023-03-17,9.32,9.0,9.42,8.975,1244361
2023-03-20,9.02,9.19,9.245,8.81,1274491
2023-03-21,9.29,9.48,9.525,9.12,751268
2023-03-22,9.45,9.31,9.7122,9.3,981372
2023-03-23,9.39,9.46,9.69,9.315,663932
2023-03-24,9.4,9.31,9.42,9.09,515460
2023-03-27,9.38,9.48,9.525,9.28,728451
2023-03-28,9.44,9.51,9.54,9.38,599610
2023-03-29,9.68,9.51,9.68,9.47,520074
2023-03-30,9.63,9.29,9.67,9.29,647681
2023-03-31,9.37,9.88,9.88,9.24,1794467
2023-04-03,9.75,9.55,9.77,9.205,2210008
2023-04-04,9.66,9.34,9.66,9.23,756283
2023-04-05,9.19,8.86,9.19,8.77,1306165
2023-04-06,8.78,9.13,9.19,8.68,659028
2023-04-10,8.98,9.05,9.115,8.81,713248
2023-04-11,8.95,9.05,9.14,8.75,890309
2023-04-12,9.21,9.0,9.315,8.965,633636
2023-04-13,9.05,8.99,9.09,8.745,794101
2023-04-14,8.89,8.69,8.9634,8.66,432483
2023-04-17,8.79,8.79,8.885,8.63,595907
2023-04-18,8.93,8.65,8.93,8.6425,594896
2023-04-19,8.58,8.79,8.835,8.49,1222566
2023-04-20,8.69,8.62,8.78,8.59,353235
2023-04-21,8.66,8.65,8.765,8.63,488940
2023-04-24,8.63,8.4,8.7,8.355,349945
2023-04-25,8.24,7.95,8.24,7.94,615969
2023-04-26,8.05,7.99,8.21,7.91,526143
2023-04-27,8.12,7.9,8.12,7.845,440011
2023-04-28,7.84,7.79,7.925,7.66,625370
2023-05-01,7.73,7.75,7.885,7.66,669211
2023-05-02,7.69,7.46,7.69,7.38,866097
2023-05-03,7.47,7.37,7.58,7.35,607020
2023-05-04,7.37,7.34,7.41,7.265,492683
2023-05-05,7.49,7.55,7.6199,7.45,456881
2023-05-08,7.58,7.75,7.76,7.54,475818
2023-05-09,7.65,7.75,7.98,7.65,682719
2023-05-10,7.94,7.97,8.035,7.79,509763
2023-05-11,7.91,7.88,7.93,7.73,428942
2023-05-12,7.83,7.77,7.83,7.665,544401
2023-05-15,7.85,8.07,8.08,7.73,539198
2023-05-16,8.02,8.13,8.15,7.97,519089
2023-05-17,8.18,8.38,8.41,8.075,598188
2023-05-18,8.37,8.56,8.59,8.36,548856
2023-05-19,8.56,8.38,8.64,8.36,560095
